-1 -11 -78 -62 -99 -87 -24 69 -18 -3 -58 -46 0 76 -43 -91 98 92 35 44 32 -60 -71 60 -99 3 67 -76 52 -36 28 -29 -32 22 21 59 39 -94 -100 88 23 66 -81 48 -86 -40 -50 -4 5 79 78 15 -47 -71 47 -9 -62 -22 -81 95 -65 100 -47 85 -37 -19 -76 -14 99 -76 -10 -8 14 -100 76 -97 -15 -33 41 36 37 100 -92 2 -64 42 29 37 0 -28 80 -59 -86 44 -90 -48 -50 57 -46 -33 33 89 -24 -39 99 33 -46 -77 94 65 -47 40 24 
-32 -5 -9 -97 97 4 -24 15 -76 -74 -31 45 -71 32 75 -24 -50 50 -10 76 40 48 -69 -62 79 -74 -14 89 -11 37 6 -45 -78 51 -21 -82 26 23 -99 -65 63 -49 -48 -79 25 -65 -23 -72 42 90 -47 93 80 38 -31 51 67 -32 -57 -86 68 1 -35 -53 1 -30 2 96 -55 -71 23 -72 -61 -81 -41 55 -94 -94 99 95 -51 38 -82 -14 -31 67 -30 -21 -26 -15 24 -89 51 37 -83 9 -49 48 -68 -20 89 -100 11 -64 77 85 87 89 66 41 -74 -84 70 
60 1 -19 -44 -46 -49 38 -3 2 -87 79 37 -50 -30 83 -40 -5 -90 12 89 -30 59 -95 20 89 93 -65 1 51 -99 -4 -72 -32 53 46 -35 89 -14 40 -15 100 -55 21 59 74 14 80 72 25 89 -46 -27 -75 29 -72 -99 9 100 12 4 -40 16 99 -4 39 -34 61 -40 78 23 51 1 64 11 51 54 -11 53 45 73 98 -96 58 10 -16 -35 -46 14 51 -21 42 -22 -9 -68 -53 21 -49 87 17 76 -7 96 23 -48 34 40 20 52 37 -80 7 11 79 
25 48 -80 96 -2 -81 -4 28 65 -1 -56 23 53 27 -20 -90 34 58 66 -52 -23 62 -54 66 47 -37 -1 -71 1 68 -51 -97 -31 -12 29 -25 -94 84 -31 -63 -48 81 92 42 55 -27 -8 79 -15 -93 -81 -70 12 -37 61 -61 -64 -27 -56 -50 39 73 -17 70 -53 -87 46 9 -23 -1 -4 84 68 -38 -45 -75 17 -78 97 2 76 -12 2 -47 -98 -9 49 -17 45 77 61 15 48 -30 100 13 82 53 -71 -52 75 79 -12 36 -73 -15 -59 -49 -69 45 -100 39 99 
-73 59 18 68 -80 -99 -56 29 -47 85 -91 -40 -95 58 -21 -8 -36 24 9 44 -4 31 -65 20 -73 31 -43 -57 94 95 -17 -70 49 93 52 7 -22 -5 21 -66 -100 40 -56 32 -55 -1 -70 15 -46 -54 28 -57 93 9 -4 -29 53 -16 -37 72 30 -28 -5 -51 -39 -100 -57 92 -12 -51 -2 -22 -59 75 87 -69 47 36 79 -64 18 82 -81 48 -97 52 45 36 -48 64 -51 -76 69 85 -79 -63 72 0 66 -95 24 -32 -10 48 30 85 -46 33 52 72 -79 5 -37 
26 -68 85 53 82 -46 -73 -50 67 -57 82 -47 -13 -74 72 -46 -4 87 -88 -89 -5 -66 -82 96 -48 92 -54 25 -61 -46 67 -3 57 14 91 62 73 -73 66 -37 78 -78 73 39 78 7 -57 39 -55 27 -74 -62 46 0 39 94 -28 -41 6 73 87 74 -25 -98 33 -82 49 -76 -30 62 -36 74 -83 -87 -66 70 76 -72 25 7 13 -1 60 69 55 92 -72 83 37 -51 -13 49 64 -40 -81 84 -76 32 -94 -45 72 69 94 99 -21 -90 -4 -42 -59 -66 -88 58 -25 
93 20 -94 -94 -35 -94 -33 14 17 37 -60 67 15 86 -61 -17 -18 7 92 12 80 76 79 51 -1 -46 -47 -15 -20 10 84 -85 98 -14 69 -26 -51 -84 -84 -15 -9 -64 -97 -61 64 27 56 28 17 -84 77 -88 48 55 13 19 86 -18 68 -32 -53 -51 7 -44 -82 -62 -92 -54 -31 90 93 -32 -54 62 65 -38 -90 -72 40 32 -76 -93 -54 -12 38 -46 13 -20 -57 -90 -6 -2 -29 49 37 5 74 -45 -49 -41 27 -88 14 62 -95 -52 -75 -86 21 75 13 -78 -88 
87 95 17 25 -43 -99 11 -45 55 -76 -46 -48 45 -15 -32 -4 25 67 -85 43 17 68 17 -44 39 85 76 52 -98 92 -72 83 38 93 -90 -43 70 -72 5 29 -33 -89 22 90 -17 42 82 60 27 -85 -38 -57 84 -86 -25 0 34 68 38 54 27 36 92 70 -1 91 60 -4 -35 83 71 60 80 -11 44 36 69 -24 -30 -94 64 37 -44 61 -80 92 -99 -100 41 -82 -84 -23 86 82 -70 18 -41 15 69 74 -41 -68 -56 64 -38 27 88 -22 80 -12 9 -90 75 
45 -17 89 -3 5 17 83 57 -2 -33 -55 12 -9 -39 -27 -9 58 -29 56 55 41 64 51 93 41 32 -2 -62 -19 74 79 -55 -72 -34 91 -87 26 -20 -25 12 -4 55 40 -21 -61 -72 -31 -51 5 -64 -8 87 74 99 82 -71 0 -91 -4 50 44 -57 100 -49 -46 -68 63 -88 67 23 -3 -56 -1 79 -56 19 12 -63 23 -95 59 53 68 -30 35 -38 60 90 -66 -18 -47 43 -47 82 -81 95 -25 -38 61 85 -80 34 -3 81 81 -6 -100 -38 -3 44 22 -47 -48 
-100 37 -93 29 10 -99 -53 81 12 0 32 -23 31 -77 -77 45 -97 -31 -80 -24 -7 -73 -95 -69 -53 -18 -93 33 53 -69 96 -50 -94 -40 -50 -32 -75 99 72 -61 12 84 -18 -43 -67 44 54 78 14 -8 -56 96 -50 -18 -65 73 -49 -28 8 -98 73 -68 3 -100 39 -23 6 -1 46 53 44 17 61 -69 -64 -62 -89 -29 15 27 17 30 5 -78 71 61 -78 12 32 -43 -68 -63 26 85 55 -84 -24 -24 66 74 77 10 -89 77 78 15 -36 -21 -76 -14 -57 50 -11 
-64 43 94 -94 -5 -79 68 6 34 -91 6 9 22 -2 11 22 4 -74 -17 -60 -90 17 -70 69 -82 -48 -43 -12 56 -85 -52 -86 -96 66 40 -8 13 90 53 -67 25 78 -75 79 16 97 16 -53 -71 68 -46 60 -12 -26 29 -65 98 -76 -44 -28 1 -32 -13 10 83 -2 -63 23 4 -62 21 -43 -94 -73 50 67 79 -57 -56 -29 -70 90 44 45 43 62 -46 0 45 -36 52 -44 -89 4 92 76 -74 -54 -3 93 -28 28 -86 6 -47 -98 -67 -23 34 9 -55 -80 93 
0 46 43 -95 -90 55 54 53 -52 70 -38 98 -52 -67 -32 -27 32 54 77 1 -42 -12 -56 87 -64 25 -28 22 -40 -51 -69 -59 7 55 -50 -75 19 -70 -99 75 -59 -98 100 43 -23 -71 -8 -47 -13 51 23 -4 -95 -78 32 95 -97 27 -26 -74 -37 6 -18 -76 -29 -67 95 7 4 -31 -51 -16 58 -56 40 -76 6 -69 -35 31 79 -89 79 89 54 -82 -20 50 -51 -8 68 35 51 -33 -43 74 58 -54 65 12 30 -78 -18 -59 24 33 -6 0 -54 -58 6 -26 -19 
-33 36 -73 -28 -62 16 11 -61 92 -33 -31 -15 -3 0 79 -4 -13 -30 66 82 -61 27 47 65 15 -73 -34 70 62 -54 -46 93 -83 -41 21 89 63 -3 60 40 60 77 -99 -25 48 -95 -13 -11 -76 52 24 -47 89 66 4 36 -40 -75 -39 -3 5 10 -17 43 -54 -20 -77 -94 -95 -67 -77 -39 8 -28 93 -57 2 -22 12 -61 -49 -41 -53 -9 87 -68 30 34 57 47 -39 37 -37 17 19 34 77 -76 17 72 44 56 -58 -13 -21 -73 -40 47 -21 -98 68 -86 93 
-61 -58 98 -32 -48 10 52 -99 75 18 -95 -24 10 -83 95 69 7 -9 -75 -100 46 63 14 64 57 73 -54 11 -82 -35 82 -38 93 95 38 58 -28 -43 9 72 58 26 -53 5 -96 -3 0 19 -37 -27 -82 94 63 76 79 -49 -49 -27 87 -71 -92 33 86 43 34 80 -34 33 89 -79 -70 96 5 94 -73 60 53 51 12 97 -59 43 -97 -58 29 -61 -4 50 -63 76 59 33 0 -2 92 -93 22 -85 -11 -1 -3 92 100 96 -43 91 -20 78 -7 30 -67 82 82 
-43 37 -59 60 88 29 -57 27 50 -10 49 -40 -3 73 8 -49 -8 -38 96 -91 -92 -42 90 23 -99 36 -83 -92 59 33 41 13 -42 63 79 -40 -25 79 -92 -63 68 -36 -13 -76 -60 -87 -34 2 -61 76 -41 -63 10 -16 -90 -11 1 97 -9 18 31 85 -42 34 43 -41 -68 13 -85 -98 -78 53 -58 -94 -14 -89 9 -94 -26 8 24 58 85 85 -1 -92 -17 -6 85 -13 61 79 88 28 95 54 -40 -86 17 75 95 47 40 10 -15 12 -3 -34 8 16 50 87 87 
-71 -67 -86 85 70 74 -26 80 -39 88 23 -23 92 61 28 25 -46 -59 -75 36 65 98 70 46 -18 -33 -54 -55 -66 -44 -25 -46 26 84 78 -54 -44 90 -25 3 -66 -65 53 41 85 -81 -99 8 70 32 73 -66 44 88 69 -27 -41 -47 -64 77 55 64 93 46 14 -11 -95 -71 23 -41 92 53 -36 -79 75 85 -86 44 -12 39 85 -92 6 -4 76 24 -47 65 -35 -61 -49 -33 -61 -10 97 -46 82 -24 -78 -96 -36 57 -42 -54 14 -67 -14 29 4 7 72 -55 -84 
-73 5 -47 -20 15 91 80 86 33 18 22 47 -26 72 -84 24 -5 -28 61 -97 9 32 -10 -39 41 -98 87 96 -15 -68 -59 -10 -67 -97 -82 -85 77 17 43 20 20 -100 -61 16 -70 -86 -35 94 -39 60 69 80 0 22 49 -10 -36 39 78 6 -14 -57 -85 44 -84 6 -75 -92 63 -84 -35 13 38 50 -81 -96 41 46 -84 3 59 -92 18 68 1 -42 -3 28 95 -16 69 -84 -61 -93 -42 78 -62 2 59 57 27 -22 -98 -91 68 100 -38 72 18 -32 35 96 -76 
35 -71 -66 -99 8 -80 -87 29 75 -100 -43 -86 -2 91 -1 9 -53 -80 58 -44 32 -73 -56 40 34 -43 -63 -35 6 46 -87 -9 39 -5 -19 22 82 -11 -83 42 -40 33 33 -1 46 90 -29 -67 81 82 59 -63 -19 98 40 -93 -99 -31 24 3 -59 64 -74 25 -41 -65 -80 18 94 45 -12 -75 -75 -63 47 60 31 -44 41 -38 -93 -32 32 86 -57 83 10 -9 -99 15 16 -6 23 -30 26 -86 -57 -9 -6 -34 -3 56 96 27 47 5 58 -89 23 35 -18 -96 -71 
98 72 -31 -55 -68 -91 26 23 -67 -78 -65 -18 -85 -35 -53 -15 24 -81 -49 90 31 10 45 -88 -52 -62 -89 72 -31 -35 -100 38 -75 69 -62 80 -86 -16 97 42 50 41 44 -33 61 70 0 81 65 81 -21 35 -94 25 21 21 71 68 -29 91 -29 -64 57 40 63 -97 -1 -90 -65 80 -82 82 84 80 17 -17 45 95 -92 42 59 49 36 -52 87 9 -52 -8 -72 76 -57 -39 67 -65 -13 -87 -99 64 50 -54 -16 99 50 -62 -3 -17 -70 51 -51 96 -94 36 10 
-11 30 19 66 15 20 -87 62 -83 67 9 -47 -39 73 -56 -58 45 52 -95 55 -95 -38 97 -60 -37 -37 22 -20 13 -12 -18 32 15 82 26 47 -45 -56 -2 74 5 -3 55 45 -19 -32 -21 -94 -95 -81 -97 51 38 32 81 37 -16 14 -82 -2 -51 -61 -78 -64 -94 -12 48 -10 -10 7 -83 -85 16 90 1 -32 -58 36 -73 -68 -33 -7 79 -41 23 -8 -58 11 -100 -17 66 -78 73 -95 -52 32 -61 -63 19 68 83 -13 8 -23 60 20 25 -51 -89 -28 -85 58 21 
-70 46 -42 34 -34 -25 -33 62 -91 -87 27 62 -36 -47 66 81 -91 -75 40 -36 82 3 -13 -82 8 17 -44 -62 62 -54 48 20 -66 -68 -48 11 -58 -75 -5 100 15 -61 -92 -80 82 92 19 84 -92 2 -14 20 30 -28 -36 2 75 80 76 81 75 13 44 88 -58 -3 81 25 46 -27 -58 44 55 48 6 -6 90 -35 -6 62 -6 -36 -33 -70 44 6 -20 -26 -46 -91 97 -91 94 64 -29 -97 -96 -20 -95 -49 99 -35 3 -26 -72 -99 -67 51 38 11 65 1 -6 
-59 -15 87 -5 -54 -85 -62 -52 99 -67 77 28 -82 -43 59 -67 26 -19 85 -32 -36 -74 -5 -8 -61 -87 8 61 68 60 -45 52 -53 70 -89 -2 64 90 99 -28 20 -51 57 63 44 66 -58 79 -42 45 -85 17 47 94 44 -12 -11 35 -69 -21 1 58 37 80 55 -24 -49 59 41 79 84 -7 77 -27 -36 -52 -21 40 93 24 10 -63 -98 31 29 -94 -75 67 9 49 -68 -89 46 -23 80 27 -99 100 -24 65 81 -96 44 76 36 67 -23 -40 -39 -48 30 -29 8 
5 0 52 -23 10 34 32 -77 -4 -72 -25 65 -85 -98 55 51 97 2 -58 -9 12 -99 57 81 80 0 -32 62 83 5 -11 -26 72 35 -60 55 -86 -6 31 92 18 7 87 -75 -14 46 -61 -64 89 65 -46 40 24 -58 77 97 12 29 -85 -82 -11 -19 -56 -86 48 -14 95 -94 -52 -5 -90 -28 -98 -47 -87 -14 -38 7 74 15 61 -75 19 -73 78 45 -55 21 15 1 -97 79 52 79 -96 87 -47 16 -10 -85 71 -11 18 -90 18 -71 69 6 -93 -4 -8 -7 -60 
75 -91 89 39 -42 -34 -22 -59 6 98 35 78 1 -76 56 37 -96 -18 -85 -85 -65 32 -18 -81 -32 -93 65 22 -2 -1 70 -68 10 -15 62 -97 17 -62 -18 92 -73 -73 27 14 32 46 -33 -47 82 87 62 -16 11 72 9 -48 69 -28 53 -33 -50 28 4 75 20 2 -68 -80 -98 68 -76 3 -14 70 37 75 59 -15 22 -68 -84 -92 -38 73 62 37 -80 76 -95 75 -80 17 -26 43 -58 5 96 94 -56 56 -56 14 71 94 82 -37 42 81 61 -57 -40 -32 -97 
57 72 61 -26 -9 52 88 91 -3 -99 -22 -23 -83 -27 46 88 -3 92 78 -90 -10 -98 42 -74 -36 -81 60 -64 90 44 41 6 58 91 21 36 -87 80 -89 -51 -34 47 -13 -98 27 95 49 49 -8 20 28 -96 -3 18 -81 20 34 -43 -87 83 69 -36 57 -9 52 -76 39 18 -8 88 91 -55 100 77 -14 -40 -57 58 -37 -82 81 -83 -79 82 12 -85 -80 -67 62 -35 83 75 -55 81 -18 82 92 -96 -86 43 45 -60 -57 26 76 94 -36 -52 -94 -83 61 -6 86 
7 31 30 11 3 -69 70 78 -11 95 95 11 -14 85 97 71 20 18 29 -76 67 -30 -36 -28 -29 -19 47 54 71 -19 95 44 -20 -57 30 -95 80 5 -60 -9 80 53 -2 -74 71 20 50 -45 51 -74 69 55 -42 84 -84 -9 -5 12 -78 5 -63 39 60 -44 35 -91 -88 95 38 -28 -83 27 -32 55 -50 -66 93 84 -4 -5 -24 67 82 54 -20 -21 -21 34 37 17 90 -21 42 50 -58 89 -95 -90 54 44 59 8 -53 85 85 -42 86 2 53 0 37 -58 -81 
-15 100 77 -2 -19 69 -24 -76 -18 87 5 -18 64 86 39 94 -85 23 32 -94 -13 -48 -5 47 19 -58 86 36 77 -81 -61 30 32 -67 60 -92 -17 -60 88 96 -6 65 61 -57 -73 46 -64 -61 66 58 -92 -77 96 -24 -100 -21 36 68 29 40 -97 -61 75 48 -35 -80 76 -8 -88 -67 52 -48 25 78 -87 63 40 -6 -29 -51 -10 48 -7 -74 21 -71 30 -39 -40 -99 23 -13 10 -99 -94 -97 69 -9 91 28 40 8 36 100 59 -53 39 -74 3 -29 -96 -40 -2 
96 -38 -45 12 82 5 -45 62 -22 -39 11 66 72 96 -100 -54 37 39 9 4 6 50 -77 -29 -20 -67 -29 -47 -81 -100 14 13 34 -59 -32 -89 91 -20 -91 -33 -94 -100 -68 100 -58 -35 -16 76 -70 -13 -10 94 2 -35 -34 -41 -52 9 21 -11 -39 -2 14 19 -28 -65 33 8 87 71 -61 -2 -79 66 -89 -100 88 69 98 -66 -45 79 27 -5 33 -81 38 19 31 -9 -21 90 60 -100 -59 62 48 -100 85 61 -55 -82 -60 -72 6 18 -69 -56 82 -19 -87 -4 -64 
-39 -100 -70 -87 34 70 -81 -32 85 -52 17 -20 56 8 55 -42 23 62 41 16 -65 -71 55 49 -45 71 -55 -91 49 -85 -59 25 -56 82 -71 -69 8 7 -64 -79 -56 -89 -82 -73 53 -31 -13 97 29 11 -44 -26 38 56 -78 56 36 91 44 -67 15 -57 35 -52 -58 -26 -10 31 -68 -55 -29 -46 25 44 4 -16 -86 18 51 -32 -52 31 80 -48 16 -92 -33 -95 31 80 -39 17 -44 46 -20 95 99 -35 -44 -80 -63 -92 30 -35 -71 -25 34 -74 -55 -10 99 -39 -83 
-30 15 82 -57 -24 23 12 -52 97 88 -64 -15 -2 80 78 -63 39 -48 25 47 -92 -1 86 29 97 25 94 -63 57 -62 100 84 75 -76 -45 -46 14 80 -73 -13 -20 -1 59 -27 68 76 81 -43 99 84 -89 16 63 -82 -64 -58 -46 14 -71 -25 -30 -43 94 43 40 82 22 -20 -36 -30 -52 -82 60 -2 61 -13 -44 -6 -72 49 63 28 4 91 -16 54 -48 34 97 51 -17 -52 -97 -35 -17 38 51 -6 85 -50 -29 -53 -85 -16 19 -19 11 -7 83 -72 -6 -57 -93 
9 -28 39 -28 -26 -43 17 12 38 78 69 91 92 -78 -17 39 47 83 -2 -84 99 72 83 77 -9 -12 80 43 -85 32 -95 -11 9 -31 0 47 20 -89 -17 52 -49 85 36 -96 -15 4 -47 -26 17 -60 29 -62 97 7 25 62 38 -34 -60 -37 -47 40 -6 -86 4 -65 -82 -35 -23 10 77 -35 -84 33 -34 -2 -81 80 98 71 67 32 -1 -31 33 -38 62 -47 1 42 84 -72 20 -48 -87 -66 45 48 -66 32 -51 -50 55 7 4 -49 -86 -78 12 22 -34 -74 93 
-29 -43 -84 49 -28 0 -78 63 -32 46 8 70 67 -56 -7 -89 -60 18 -42 28 -96 -11 -91 -61 -95 63 65 82 -22 -82 31 63 -25 -62 5 -9 -32 82 -67 -39 38 39 49 -4 -58 7 -54 13 24 100 -3 -90 60 50 -69 -76 30 49 60 87 65 83 -91 10 -63 -20 -34 -39 -84 -54 -50 -20 20 -8 -79 -91 38 -40 -64 -44 69 -97 -17 -75 11 90 66 -72 -17 -34 19 41 62 57 -23 -37 33 37 -14 53 -82 -35 100 -46 46 31 -67 -13 -30 -75 32 68 92 
24 -96 45 25 -52 -77 -4 -42 -4 -11 59 34 61 32 -70 -14 15 -2 22 48 -90 38 70 -100 -39 -8 -61 -39 -4 35 -78 -45 2 -28 60 -46 -83 86 -91 23 69 77 91 13 -29 12 25 -83 -91 42 -57 -6 84 31 71 12 -28 42 -9 -44 -13 -10 92 17 2 -32 90 76 72 -31 81 -42 3 49 24 -40 13 -10 -14 -52 -92 -40 63 2 -14 -19 13 -55 57 43 91 32 2 69 36 3 80 53 -90 72 59 -81 42 -83 25 -51 82 -77 -10 28 55 -12 -46 
18 -28 -39 61 73 80 46 51 76 72 -78 -4 -42 -84 -86 -48 -52 11 -54 -89 -34 -29 54 19 98 -18 -60 13 -78 85 86 12 -98 -13 91 -98 -40 -62 -62 -19 -9 54 90 -94 -88 -37 -31 -29 -84 -34 -71 60 98 -39 57 0 100 -97 -71 14 -37 -96 -47 -95 97 -6 75 6 -25 -86 19 -8 86 -13 -96 -62 76 50 81 -68 -20 49 -41 -78 11 74 -50 -25 -14 2 73 71 -27 -20 60 11 -6 52 48 -18 29 -3 -87 -25 -81 -62 32 -100 2 -24 -43 90 -65 
49 -90 96 23 -60 67 -26 21 -65 -47 -90 73 -34 97 1 -80 -31 -69 50 84 -80 -28 -21 -42 26 -28 9 6 -83 50 -81 98 80 -46 21 4 45 -81 -32 -66 99 -89 -31 -31 60 10 -29 59 22 -46 61 -33 -19 -72 22 13 -11 -99 -59 61 72 -31 -73 -47 54 -47 -46 80 -96 2 -89 75 54 -81 -12 -36 43 10 52 30 -95 48 -9 -96 66 -4 88 0 62 74 -6 22 -78 -50 -45 -71 -16 45 -94 3 86 -1 -86 -17 80 28 -89 5 -15 -7 -100 19 -22 
9 -83 98 -25 88 66 2 73 73 15 -2 -41 32 -13 -68 56 -88 -13 96 -88 -95 -55 41 60 -32 72 -64 71 -58 89 19 -61 -7 -90 -29 60 -40 86 -55 63 -23 64 -97 -44 -64 50 0 -69 -68 -19 -95 62 -86 -89 -58 -56 91 -70 -50 51 -12 16 -94 93 25 -34 -38 -1 88 -12 79 -82 13 14 57 -39 21 -86 66 -31 27 14 -19 -46 25 -32 30 6 -4 48 -9 10 4 14 -53 50 88 -3 -70 91 -35 41 21 22 -13 -19 -49 86 19 98 50 -22 -72 
-100 79 26 50 12 -84 56 8 -85 57 -93 -92 -20 -72 -32 32 67 11 -18 -76 49 -39 77 96 78 34 -80 9 1 1 31 -48 96 16 54 -48 93 -40 7 -5 -34 -47 -54 47 -91 69 -24 -88 34 -62 -80 53 -4 75 41 -33 -80 53 90 71 -88 -32 24 -58 -33 -84 5 -14 -84 -67 -38 -26 -5 41 -55 86 -5 7 -65 95 38 -91 86 -94 -7 38 91 33 40 9 29 21 91 77 -14 57 71 8 92 -89 18 -7 37 -33 -93 -51 6 -11 25 20 93 -17 -53 
21 -3 -20 52 68 87 -73 -97 -73 -35 -13 15 30 -65 -13 -99 48 -100 9 70 -11 -1 -60 -15 -33 84 54 11 70 -87 87 -7 49 100 -67 64 -45 -24 -31 96 -14 -91 -98 -91 70 92 -26 49 62 -20 -26 13 -66 -39 43 -85 -93 -66 22 -44 -27 58 -66 -28 -6 -76 4 -37 -76 48 73 -56 16 49 58 -7 -95 29 -60 71 9 -49 -85 25 55 -68 -65 2 -98 -15 59 -51 60 39 -11 -69 27 88 94 33 -16 67 -63 25 -2 -35 -98 -52 58 34 80 -26 -42 
17 73 60 1 -83 63 -14 13 -21 11 56 48 19 15 74 -4 99 83 -97 -96 -84 66 -49 97 92 -39 -34 -26 65 16 73 38 9 -5 21 -54 -68 63 87 -72 -74 -31 -18 58 49 88 -7 37 14 -84 -8 -61 73 22 -14 -76 -6 63 -38 46 -97 15 -60 1 32 38 62 -60 -34 -71 -79 -74 -2 72 42 -57 29 5 86 -61 -97 -70 -17 -25 -24 1 3 -95 53 61 -35 -41 61 61 46 15 79 -82 -82 3 -47 -50 -66 70 74 -94 -16 -87 -70 96 -69 -29 11 
-64 -95 -84 99 98 -88 68 -93 -69 83 98 35 -60 34 16 -89 -58 64 22 -51 -41 1 18 22 55 81 -79 26 81 -90 -37 21 50 38 57 -50 90 -69 74 58 15 -71 -32 10 -53 83 -68 -39 88 2 38 18 61 49 78 -60 87 -68 -8 -65 -24 91 -64 -74 -21 -24 85 -22 -37 30 47 23 75 -8 88 -88 35 -79 -22 31 59 31 -62 63 61 56 -88 -20 92 -28 -85 31 4 85 -91 -97 10 71 74 -34 60 63 -26 11 -95 -94 95 -36 42 56 65 27 1 
-7 -13 -72 -73 -97 40 -68 -81 -12 84 -96 -11 50 -69 -23 47 26 54 17 -94 81 -95 -98 63 -38 -38 -17 -81 -85 -66 95 32 -4 64 -6 -39 66 46 41 52 -47 39 -1 20 -4 -45 58 100 71 -28 -16 -28 -73 84 80 -73 -75 -7 84 29 -90 9 -20 -19 -27 85 32 -64 59 34 79 -70 -81 -80 50 -8 32 85 11 -22 88 38 99 14 13 -28 28 -39 -53 14 -18 -11 -55 -96 45 6 64 -15 68 -43 10 87 61 -80 14 65 89 66 -22 -91 44 -65 26 
-2 -68 -12 30 -45 85 84 -27 52 92 0 -85 30 55 -41 -24 -9 98 -67 53 -87 58 -18 55 13 9 -92 -32 -37 38 13 -95 50 -92 57 85 -57 61 89 1 64 -22 -43 89 31 -71 29 -68 38 8 -28 -15 -84 -98 26 22 -33 45 -5 9 -78 -68 38 -34 -12 -92 60 83 2 -97 -2 -12 -60 -50 2 -19 28 -91 85 -14 -11 -42 -63 0 -61 -2 72 40 48 -93 -47 -17 -69 19 23 -96 90 -38 81 -77 -75 37 85 0 -83 71 -41 20 -51 36 -49 75 54 
10 27 37 -22 -88 44 16 68 90 10 19 -94 28 66 5 74 46 80 -52 -3 -8 46 -83 -38 -9 6 -63 8 45 -70 0 -60 18 -32 50 -16 83 -73 -46 40 27 81 86 -68 -28 -46 66 9 -46 65 55 -62 -86 43 79 70 60 30 -32 22 32 -48 83 -23 -25 75 100 -22 -97 50 -96 -43 28 64 20 22 52 -85 -46 96 36 90 2 87 -89 37 83 75 -39 76 19 23 75 76 56 -46 -36 85 -41 -4 -30 29 0 -42 52 -70 25 78 39 29 -28 85 -42 
-16 -58 81 30 100 -22 -69 70 27 -58 -25 25 -30 -76 -61 61 -54 0 -40 -88 96 -19 66 18 -34 -57 -82 93 29 -58 83 -79 -92 46 58 -81 -36 -40 -36 -15 -36 28 -84 -35 43 18 17 100 -59 -69 25 -70 -67 -3 -93 9 -99 62 0 -44 -32 59 -3 -43 98 90 -87 -23 99 59 18 -60 80 61 -38 79 -51 -89 -54 39 7 79 90 -35 -8 -46 59 -51 9 -64 -98 -35 -77 3 -53 -61 19 98 28 30 73 -24 97 -67 57 89 -10 -13 -51 32 -58 34 -3 
-38 58 36 -83 39 24 87 76 -3 69 -96 17 81 -14 -85 -17 49 98 93 51 -26 -56 -69 99 -48 28 -2 -54 -15 -71 -82 33 -36 43 -51 57 -16 33 89 0 -75 51 27 -79 -30 -68 -4 -38 -72 40 25 27 10 64 -94 -11 84 -74 -75 -28 -71 -80 37 50 -50 27 76 -21 14 32 -96 11 65 15 59 -64 41 56 -20 1 -98 49 -48 74 60 36 85 -61 -39 39 -83 2 -95 58 34 -62 -30 19 -45 -27 85 85 -67 62 94 -1 -27 -49 90 -69 -19 -96 -70 
-24 -11 54 -90 -91 84 22 -61 -74 -95 22 -34 -7 -46 20 73 -85 67 5 93 19 5 -54 -8 28 -47 -36 -67 -4 -15 55 -47 -41 83 -21 -74 -93 5 90 -25 -72 -88 72 65 -34 -11 26 46 9 28 -90 -59 86 80 41 66 87 23 -91 89 67 -36 9 26 81 50 91 -70 -48 28 79 -67 -94 33 88 -53 -18 40 -44 -32 92 -1 46 19 -37 -1 18 -37 50 11 76 -7 70 -27 26 -82 70 -63 -17 -74 97 98 -92 -51 -48 68 75 98 37 -79 -6 44 76 
82 63 35 73 -44 31 -94 -83 87 -68 65 28 -56 24 9 91 -19 -53 69 33 -88 99 -45 17 40 81 -14 -15 94 100 39 91 70 -92 21 36 28 35 -46 50 33 63 15 8 26 -83 1 -83 81 71 -72 -41 20 -10 -85 -93 7 48 24 59 -28 -42 3 53 -21 -9 34 -100 -36 -41 38 -73 -67 33 -67 -70 -89 31 35 42 24 -17 70 -33 -51 95 -13 -42 53 7 -34 -69 -81 62 -96 -31 48 -88 32 3 92 -23 -25 -57 -47 33 -66 -24 -39 -46 -87 35 86 
-68 -100 -62 -99 -21 81 62 -13 -32 -67 83 22 36 -64 1 64 -15 -5 -98 -17 80 -41 74 30 0 33 -25 24 8 32 73 65 44 -52 65 38 -63 95 27 -87 -63 -36 -48 -11 62 86 70 95 0 -77 50 81 92 24 -62 -93 60 15 -66 88 8 -84 -78 49 -94 -39 31 -34 -98 -95 99 7 -14 -52 51 -60 -12 -64 -25 -82 86 -73 -76 -8 -60 -64 -21 -16 6 -49 -16 45 100 -82 -50 26 -43 19 -91 -25 -14 79 58 -83 49 91 -91 21 33 79 46 94 -33 
0 -87 -19 -33 60 86 -97 -53 53 -17 26 24 -82 -25 11 81 -61 28 -26 -85 35 23 24 -81 -57 84 96 -15 -5 10 28 -33 -78 -93 97 100 -99 39 -96 -64 62 -65 48 -39 -14 56 75 55 -67 99 -25 -57 -60 91 67 -22 -63 -5 25 36 12 -52 -2 55 -90 30 -18 56 81 -5 19 68 -55 -93 40 63 -56 -78 43 -82 51 13 27 -42 -3 -74 -65 -38 -29 81 -75 -79 -21 -87 4 37 91 -58 -75 -36 -32 45 -74 -82 68 -81 -25 100 -53 -17 -12 88 41 
54 -48 -33 -89 93 -20 31 -56 -18 53 -16 -96 -68 88 -49 -85 -63 -50 18 -84 61 54 45 -83 -68 -17 8 58 -15 97 34 86 -78 79 -74 -89 75 -75 55 -37 84 -74 -49 -74 76 -75 94 65 88 34 38 100 19 -59 76 -88 -95 -82 -57 -11 97 32 -31 -44 34 -80 98 92 -53 -32 14 26 98 -82 -65 88 -86 -8 6 75 -96 -29 77 -11 7 44 -86 13 53 7 36 -100 -8 -36 -11 -49 71 15 1 60 44 -83 17 -65 49 -53 -62 -3 -63 93 -4 66 -59 
-79 -21 -49 60 0 86 -44 -81 54 -41 48 58 5 24 88 17 99 -6 55 -47 24 -78 -48 3 -76 -5 -8 -95 70 -88 90 6 -6 34 -24 -67 -60 90 1 62 76 -59 97 -92 -97 -1 -10 -64 -5 96 73 31 -3 -8 -95 42 55 -92 91 24 85 55 -72 81 16 -23 -28 1 -87 -46 3 36 -57 -55 88 11 -54 0 80 -58 -65 -13 12 -66 -31 -62 -43 89 4 -71 -5 -57 -42 44 -38 -24 96 -4 97 -12 50 -9 -12 -100 -48 86 -37 29 -27 51 53 -42 1 
62 24 21 -9 5 25 -20 -99 26 29 87 -3 21 -9 -82 12 -19 -40 85 -14 -48 -42 -73 -49 24 47 77 96 -56 -80 17 -10 -8 -61 70 72 99 -1 30 25 44 -16 98 -22 9 69 60 5 22 51 90 -11 -10 -99 19 45 46 38 81 -71 87 32 -98 -44 7 92 -83 61 37 -74 -99 -88 -79 -5 -84 19 -99 -52 -85 -18 57 -7 -60 -60 14 31 -62 66 -40 99 67 -71 91 -92 32 -71 83 72 24 16 70 -65 -92 -42 24 -24 32 5 -83 -60 87 -61 -81 
-73 19 3 9 27 -3 10 -60 19 92 42 42 -87 81 -100 83 -72 88 12 1 -73 37 87 96 88 7 97 79 -82 4 -10 -12 -35 -10 69 45 -41 -94 -8 33 67 -44 -98 -94 -69 43 39 -20 52 -48 -7 -12 -39 -11 -44 33 -43 -68 4 -43 -92 -45 56 -31 -26 74 -65 96 -87 -21 75 -45 -86 -84 -87 10 87 -61 -70 21 -4 64 61 44 -50 100 -98 -30 -60 -56 -63 -56 64 -16 25 -97 35 49 46 -49 -56 57 51 69 60 69 1 62 -88 11 -59 -42 97 
61 -48 10 -91 21 44 -66 79 -9 -78 37 67 28 -90 -3 77 83 78 -54 -61 -77 17 -64 -41 85 67 -97 -31 -42 -47 48 -87 -82 15 -53 56 -15 43 16 -1 45 -6 -52 36 -81 91 15 37 100 43 -80 -50 -95 90 48 -82 -76 -90 -53 -88 13 81 0 -23 30 -90 -73 -85 -63 22 63 67 -35 -99 87 -9 36 34 70 52 -70 70 2 -8 57 -37 97 89 99 -56 -10 97 62 51 -51 -36 -11 -29 6 -64 -16 82 -19 -84 67 -51 -43 -72 55 66 9 11 -69 
-82 -28 -90 -25 -86 -41 70 2 45 17 -2 -48 72 -73 -91 54 -68 -56 44 -21 -66 -84 -51 -18 94 77 18 57 -81 47 -44 55 -86 -99 -41 55 -55 33 27 -47 -79 34 14 -7 8 -95 -32 -26 69 -44 -29 59 -71 -11 54 -70 -79 -27 38 -58 22 8 -65 -21 66 69 -46 74 24 29 -100 -43 43 -65 24 44 54 91 53 40 60 63 -29 -25 50 60 89 24 46 41 48 -60 -29 -2 2 92 58 100 -18 19 -85 -89 -58 -34 24 -47 94 -2 -98 -16 -32 -59 -93 
-82 0 -73 46 99 99 -3 76 76 -7 82 99 -52 77 -16 69 -61 89 86 61 -95 -12 -34 -83 -9 -24 -96 -83 13 30 -34 74 91 -9 -13 49 88 82 59 99 -77 48 -89 -85 84 41 -56 -74 46 -80 79 -13 -50 7 -83 -31 39 -41 -71 6 -1 -26 -8 33 13 50 -29 62 -27 97 70 1 -40 94 -28 2 11 -95 -31 25 15 46 76 78 -41 44 -34 28 74 -28 10 35 14 -98 15 96 -51 79 -86 83 -47 -81 -3 -10 -23 -73 22 28 -10 -45 64 -14 78 
83 100 -30 -14 78 -95 16 -64 19 -98 2 77 73 -8 -71 -28 -66 40 63 -85 41 44 53 -47 65 -76 -90 -32 69 21 84 29 97 -47 -39 96 26 20 -94 5 -66 -90 56 75 -36 1 19 -96 -89 -33 37 59 -40 53 27 -19 67 75 -83 -57 -36 83 -44 -25 68 56 37 -14 -73 -86 -81 36 67 21 62 90 50 19 -78 -22 7 32 -9 14 77 34 -100 -69 18 43 -10 99 26 -17 89 -78 -81 2 20 -76 55 -12 -96 49 20 12 -31 -15 -10 -74 49 -97 -39 
-9 60 54 -33 72 -29 19 68 7 77 -34 -55 24 83 -75 -33 15 34 28 -43 -60 -40 -15 92 -33 83 5 -23 -84 2 -94 31 82 -98 -52 20 51 44 58 -17 9 26 5 3 -28 -11 77 86 74 37 5 -54 -86 -10 -37 58 -81 23 -62 -95 -9 -6 -73 92 -80 -42 57 -45 -34 82 19 -41 -64 45 13 -38 -40 36 -92 34 87 22 48 -50 -65 -70 1 -45 95 96 -65 52 59 56 -14 -87 -92 40 67 89 49 -9 -23 43 88 -83 2 -50 -59 -86 41 10 87 
-65 -13 -90 25 77 35 -37 90 -44 -3 12 68 -63 -44 -26 -73 -53 26 51 23 -78 9 -32 65 -67 -42 9 -52 -39 83 -43 79 -35 -60 -47 -86 30 -42 79 44 -75 12 63 -11 -46 -36 97 -18 71 13 -12 84 -6 78 41 91 -18 -37 -29 -30 5 85 -94 47 48 -73 -46 37 92 60 -3 100 100 19 -72 -11 9 -59 15 95 19 54 18 -42 37 -73 -97 -43 -93 -48 -32 -34 -5 94 -91 -78 90 -21 18 17 78 76 35 -38 70 16 10 -45 70 98 -82 -7 82 
-23 -78 -19 -44 -42 -62 -98 -27 -68 -94 59 61 59 65 70 11 63 -94 34 77 96 -49 31 -21 -5 93 49 73 52 -14 97 71 67 -8 -97 26 -42 -98 16 -59 -63 77 -87 -8 -60 93 -91 -45 -52 94 90 87 -72 68 -3 -60 -26 89 -79 -67 89 79 -2 44 -99 -93 72 -9 70 -49 -29 -37 -5 -15 -63 -49 18 33 -20 -84 97 47 -1 -12 -75 -11 5 43 1 79 59 27 -33 84 44 -100 92 -73 36 99 16 92 -65 -72 -24 61 -20 17 -96 60 34 36 84 
50 -73 -51 -36 64 86 17 12 85 83 76 -98 71 14 78 -97 -97 -19 1 -45 -70 -40 35 12 -12 89 40 -43 14 -40 -83 99 52 -37 68 -68 3 -55 -9 -43 -23 31 67 -99 -11 -11 54 -18 -90 -16 26 50 -1 2 5 -59 -78 -78 -1 -5 95 55 -37 79 50 29 -12 33 -13 26 -94 30 -15 49 -86 -71 80 -18 49 10 54 -6 19 64 71 13 -14 -78 -30 28 -88 11 -71 64 -34 16 55 21 -30 34 -20 38 22 -39 -72 9 -40 -30 90 98 46 -91 84 
41 -38 14 51 -30 -63 -25 6 -93 46 98 49 -81 89 -46 -12 9 -86 36 81 93 77 -73 1 86 -85 22 36 -1 -44 -52 -57 18 57 -30 72 78 -99 -53 2 7 -71 61 39 52 -9 0 63 -5 56 38 -18 18 95 69 32 -81 89 36 -75 -75 -8 -85 -75 -60 31 90 4 -5 71 -51 5 -94 74 -52 -53 -53 -54 35 -58 86 3 75 -76 78 -55 57 49 23 -91 40 34 -3 -52 -37 9 -29 -80 61 -83 99 29 -84 65 -35 87 65 -76 -74 -95 88 91 -71 
-3 99 42 11 47 99 -90 -65 -62 7 82 -81 93 -77 -96 -8 -34 30 65 -26 94 98 -45 71 -54 -92 -94 25 43 98 90 14 -24 -72 14 38 28 21 -100 70 -28 7 68 -54 96 -20 -71 73 -11 80 -86 -79 -23 -96 65 56 81 -63 -58 -62 -84 -96 -93 -19 -6 -52 -87 83 -72 -4 37 -1 -75 54 -93 19 43 70 -9 41 76 8 -47 62 -41 7 -83 -97 -68 -41 -40 -29 46 -28 30 -5 -43 27 97 -43 59 100 41 -3 73 -17 -78 -78 -77 93 6 -47 1 
39 94 1 -32 26 10 -21 50 52 -73 2 5 -21 -59 87 57 79 -54 -35 52 -93 74 -90 -91 -69 -63 76 -1 -56 -28 -80 6 -59 -9 -13 -25 -79 91 50 63 6 52 3 -7 -38 -25 44 -23 50 13 70 67 29 -13 -66 -76 -7 31 -72 12 61 -24 25 -92 37 -23 33 -45 -57 -5 -22 20 50 71 24 -89 62 -46 33 -5 45 -94 30 -55 -31 80 27 90 75 -16 91 6 39 -51 -61 -72 60 -5 -66 -50 -43 -23 -47 -29 45 40 -23 -85 -25 -46 64 -49 81 
72 47 -87 -6 -72 -31 10 79 -55 30 -96 65 74 -41 -10 0 3 43 7 -54 1 99 12 65 52 -5 -64 -87 17 39 74 78 -69 -67 -70 -92 22 22 100 94 -16 -52 38 66 -75 12 86 -95 35 -8 61 85 18 68 23 44 -90 -69 15 14 73 -57 -87 -24 -40 -57 47 41 -83 -80 58 0 17 13 -17 -73 65 -60 77 -79 -83 85 48 -17 10 60 -35 9 -15 91 7 -43 -36 62 83 -96 -77 22 -50 -46 -46 17 24 91 -34 84 -45 -19 74 64 -53 29 -43 
-37 -33 -86 -73 36 -73 -67 -39 -53 -40 85 -10 -95 -86 100 91 65 -32 94 -67 -33 38 -41 93 -61 -96 51 84 -87 45 -24 -25 61 13 6 -22 40 -27 -79 84 -8 50 -15 93 -51 65 -57 25 1 -82 -81 -40 11 22 90 70 45 -30 80 56 94 -19 -42 -34 -20 -91 59 -38 31 48 -37 -12 -77 97 14 -39 -70 -64 -92 94 -66 -93 84 -49 -57 -81 33 70 77 -58 61 93 -87 14 -10 -47 46 -31 -63 22 70 29 -74 -73 -40 83 -62 -63 -32 6 0 99 -40 
-72 -69 -97 84 -37 -80 -58 -72 24 -55 62 2 38 27 20 -7 -98 41 -74 8 -16 -34 41 6 -38 26 35 82 63 -81 -66 -66 63 49 -24 41 39 -33 -35 85 -97 -38 96 90 -88 -74 -69 -25 -4 -64 -78 -57 -16 -88 -97 29 -38 41 -97 88 47 78 14 23 24 37 -7 11 -68 71 31 -80 -69 -37 -45 25 95 -87 41 -39 -52 -22 -85 70 -40 91 -12 -8 -76 93 -81 -54 15 70 -71 -48 -44 -64 43 33 -71 86 -100 66 100 -83 69 -95 56 31 80 49 24 
-12 82 93 -76 13 96 -92 49 -3 10 -21 -58 55 -88 -6 82 19 -36 -70 -62 -46 -48 4 -16 50 -16 93 13 46 84 66 60 -78 -52 -55 -19 -56 99 86 -80 82 9 -58 54 52 44 -6 -4 30 -79 50 -31 -90 -58 -71 31 22 -49 45 84 -58 9 -55 96 -51 3 -85 -99 57 -96 -99 85 57 -53 73 48 -75 15 36 11 63 -35 38 -10 -15 64 83 -35 45 58 35 11 68 -28 -21 0 -87 -69 77 43 -6 31 70 16 80 -30 -16 -60 -43 29 7 -96 -81 
40 25 85 -8 -37 -87 -65 -95 53 -69 64 65 91 100 81 -40 -75 -74 -21 -70 -40 31 79 -63 -3 -13 8 -57 10 -60 59 -97 -86 -68 -64 64 -45 5 32 59 27 15 -2 -37 93 -5 -70 47 23 -72 -31 -63 38 -59 -73 20 -53 12 54 -68 -6 -86 -41 -43 21 51 -81 -90 5 79 -53 40 70 13 -96 -51 78 41 -91 -84 -78 66 47 -1 -35 83 -91 -38 -33 7 -38 90 92 -24 34 74 -38 30 -38 -65 47 -35 -97 -9 38 63 64 100 52 -23 71 2 69 
-55 -6 -69 -19 63 51 -23 23 -66 36 47 -78 70 98 60 25 97 68 27 20 -49 23 9 61 52 32 -57 -100 -54 -38 52 69 -84 87 -5 36 56 40 -42 -63 -60 -36 -8 19 93 -10 -34 -31 36 -43 98 -48 -97 -31 -93 -11 -72 92 34 1 70 28 -69 -13 -65 -79 31 -40 -84 7 22 48 -69 -67 -75 63 10 75 26 63 -10 -31 -94 55 45 77 94 94 40 81 -48 -86 53 -71 42 -41 96 64 66 -83 84 -9 -30 11 -80 -91 20 -70 39 -30 9 -50 84 
-15 -70 -43 82 -98 -24 -44 46 -19 23 -34 -88 28 20 -13 58 -64 -50 -93 -74 2 40 -77 -27 -37 -7 76 39 49 -76 15 -41 60 55 -86 27 -78 68 -1 -41 -6 56 -35 89 -24 7 -98 -57 69 -70 -48 58 31 80 -9 84 -73 80 75 -61 19 5 74 -13 24 -16 54 -88 -61 -73 27 -91 -28 4 -3 -21 21 -4 -26 77 38 27 -14 100 43 -92 13 46 -67 77 48 5 -31 83 -85 -59 97 -93 -68 -38 -9 -46 86 25 -12 98 69 57 -25 -8 -34 -61 -72 
62 -82 -30 -74 100 63 4 90 77 -95 43 -49 -65 27 -3 18 83 95 1 23 60 100 60 -98 -63 -78 18 -12 -87 44 -24 -75 -52 62 -32 -27 -3 96 49 82 -72 14 -95 75 -54 52 -4 -62 -61 44 64 -48 -51 21 -80 31 -74 -1 -56 -3 96 -10 17 -70 -86 -25 21 60 -35 -15 -8 -27 -58 35 -26 -14 -83 -2 -19 38 35 -47 3 -96 -24 -54 41 55 4 -27 16 68 42 64 39 7 49 77 99 16 -35 49 94 72 -93 93 47 -87 -50 72 -7 -63 -62 
-8 -51 44 -43 -79 11 -22 63 -12 -20 -30 -79 -87 53 -47 -73 23 -22 -4 -96 -49 5 -55 -79 53 -100 96 -16 -39 -45 -95 65 -50 49 64 -34 -67 56 -66 -22 14 -84 95 71 -11 -18 58 -88 46 -31 80 85 -63 24 -94 -81 39 65 -80 -2 3 0 -3 36 -76 26 30 82 -40 -88 80 -84 -54 15 -52 -12 -91 -90 19 34 25 -42 30 -46 -94 -84 99 -79 6 64 10 -78 -15 -10 86 -55 44 -33 -16 -87 -43 2 49 52 41 51 -54 27 -25 69 59 -60 55 
-52 -18 19 60 -6 -1 -24 -98 -33 -96 8 94 -60 40 -100 -81 22 -100 88 85 -80 -11 -30 -66 63 35 99 86 -100 -52 85 -55 -30 -65 3 -66 60 -85 -25 41 73 -7 -30 44 -81 -19 7 -73 -15 -53 8 43 -98 -45 24 -59 -14 56 3 10 64 -73 80 81 97 -72 -34 -33 -89 62 -36 -48 30 -48 -29 -98 63 42 98 64 -12 53 23 -11 12 -58 78 -96 97 -13 -19 49 3 -67 -15 -54 -33 23 -66 48 68 77 17 -42 58 23 -13 46 13 0 96 93 -20 
-16 26 57 10 -82 7 60 -14 88 46 60 -83 78 68 -80 -76 10 -35 -11 91 -45 -27 -85 55 45 17 -89 -80 23 63 51 -89 21 -49 -86 -5 49 -74 -97 72 -39 31 -74 -53 -75 -57 43 60 -24 -55 -50 -62 -4 70 34 -11 -12 -79 -73 -31 -72 2 9 55 -55 65 -73 -29 28 -10 86 27 73 67 -25 4 33 36 30 -85 -95 -36 -30 -33 -54 -5 73 49 84 1 -54 67 -94 -72 34 91 -72 45 -100 87 -9 54 40 44 38 -24 5 16 -21 28 31 -50 80 
-83 -47 -94 -87 -9 -53 -93 0 57 -99 -42 -33 -49 -94 -85 30 3 -67 54 37 19 49 81 61 52 5 75 6 75 -22 61 60 47 -28 -16 -66 74 24 58 80 95 -36 -44 -13 74 97 74 95 51 -99 38 -12 -14 3 17 -2 96 -18 -4 11 -52 22 -82 78 1 -88 -71 -53 45 -77 -38 61 6 78 -61 -14 -47 -18 -86 21 -43 -50 80 -48 -15 77 16 26 -56 -68 73 38 -35 -84 57 56 83 40 25 -65 81 -91 66 -41 45 94 -30 60 -69 37 9 62 4 
-35 -17 -74 -70 -39 -12 21 -94 25 -45 -24 34 88 28 83 20 -34 -66 -88 16 -11 25 97 -21 33 33 82 -82 58 -41 -100 17 10 -65 -53 31 65 -98 52 -15 -32 12 5 -25 3 12 -82 -74 76 77 -67 -9 -4 6 -74 -58 49 -60 -82 56 59 -43 -77 15 80 -53 44 -9 11 66 36 12 100 -25 -1 36 71 -59 -95 79 -98 31 -50 -45 90 99 -42 57 -88 -91 -92 -20 -93 -66 55 78 -72 -24 -72 -87 -88 -17 -94 17 4 -86 29 -44 -54 -24 -85 38 78 
90 89 -71 -71 -14 -10 56 53 -1 -42 61 80 69 -17 -32 -81 -36 37 87 91 -54 41 61 -96 97 -80 38 61 51 92 38 -80 33 22 26 -78 2 76 30 -78 -65 8 41 -52 -74 -88 -53 87 61 -80 32 -83 55 -100 -100 -17 -32 10 -34 60 -33 -69 -36 95 -40 15 -74 43 24 57 -26 14 -71 99 -42 -100 68 53 -74 -77 12 71 -16 -42 -47 36 -29 72 -20 -40 30 22 -87 -30 3 -82 -58 15 -83 25 -88 32 51 52 -9 -80 -85 88 75 -71 11 -68 33 
-40 -28 -68 17 97 95 80 -13 -83 49 76 74 97 -70 86 -78 -88 -64 31 93 -17 -37 34 -64 11 -76 -60 55 -65 51 -38 52 57 98 81 -10 -86 -88 81 -23 -64 44 50 63 -27 21 87 -51 4 71 35 70 -4 43 -50 90 36 -46 -64 21 49 57 40 -73 7 56 -60 29 -68 44 95 -8 -9 -79 77 63 -65 98 49 53 67 72 90 -60 87 90 -45 -21 64 62 23 -26 54 91 -7 -56 45 -51 -12 51 -33 -91 30 64 52 -1 75 20 55 45 67 -5 -62 
66 5 44 68 -68 -37 20 -23 62 -63 37 14 68 -70 82 -37 58 85 81 -41 39 -88 50 -94 -64 35 53 -80 26 61 -67 -88 40 -90 6 27 96 -58 9 31 -13 -9 -19 3 26 -48 61 22 -13 86 -96 -45 95 -72 -14 -10 -30 -14 72 -14 -47 -80 40 -69 -32 83 67 91 32 91 40 88 -61 51 -100 97 70 14 -87 55 34 14 76 -61 27 -86 -23 -43 95 16 49 -56 63 -24 -62 5 -41 -53 -41 -52 53 -91 33 9 -75 -75 -65 59 -27 -69 -77 -74 73 
84 27 -65 -62 93 -30 -26 53 17 -36 2 -6 -89 3 65 -1 -94 -30 19 -7 51 44 -76 89 -94 -60 94 4 -68 6 79 -88 -4 -23 12 44 -85 -95 -58 74 -5 -61 49 -73 94 -32 56 -81 -64 -51 75 -40 22 27 48 -31 -30 -100 49 -37 -100 94 28 -73 -16 -44 -93 -22 58 97 -8 7 44 55 -85 77 -97 6 -44 -98 58 49 3 -30 58 -16 -72 -81 -84 43 26 -3 21 -35 9 48 -18 -83 -37 55 -44 6 19 -27 -63 55 24 -25 -70 58 -17 67 -67 
-84 -19 70 -98 -33 48 -57 34 4 -8 -82 56 -67 -88 89 37 -90 -82 70 -43 -71 -23 99 93 79 44 89 -35 90 -61 -63 81 20 88 -5 10 11 48 -66 -1 25 57 -96 85 77 72 82 -4 14 67 8 8 86 73 -32 39 91 -35 7 12 46 75 98 66 66 21 16 -97 -25 -88 97 45 -32 -58 -98 -31 -75 39 -11 48 9 29 47 -95 15 9 15 -34 -73 48 68 -8 -17 58 -24 12 7 17 -84 49 -33 74 -37 71 60 22 63 -69 39 -28 29 -74 -90 
80 -98 -59 -67 91 27 79 96 87 56 24 -2 5 -36 -60 -100 63 -88 -58 -28 72 -59 69 95 3 28 -43 -99 100 -18 66 -38 98 -9 -51 -7 71 88 -75 -9 34 -11 39 -12 -33 -82 23 -14 -40 1 66 -42 -8 14 43 25 -27 3 -31 -5 -4 61 -15 -35 -40 66 -93 93 7 -61 -64 64 11 27 25 -96 79 44 69 28 -56 -96 -54 49 57 61 -9 13 47 28 -38 44 47 -3 62 29 -80 -27 32 -88 -79 -73 87 8 -86 -35 -38 -18 -94 15 25 82 -58 
-7 -11 68 45 39 -64 59 -75 31 20 -11 64 -39 32 13 -68 -57 83 -69 -47 12 19 97 -39 56 75 79 24 -81 -45 -89 -11 -4 15 -55 -46 -68 -37 48 1 89 93 36 37 -8 39 -73 42 43 15 -28 -70 72 -15 37 -64 -94 -17 -77 -27 54 -62 93 -10 -53 -31 53 -93 11 9 -74 -19 -86 94 -73 51 -4 3 -15 -65 -92 -24 -62 -26 18 6 26 18 21 -29 30 -42 -75 44 55 -68 24 -12 -55 1 59 8 92 49 -2 26 -11 -75 30 43 60 14 -53 
-83 15 26 50 45 80 -83 48 53 78 72 -35 -27 -81 -56 59 33 -12 78 12 -10 -93 -46 85 -33 -94 25 -65 -88 -57 12 -78 -58 73 -92 71 -51 100 -62 83 53 -9 7 50 83 29 61 -44 82 -18 12 65 -63 43 86 -50 -70 19 39 -90 -8 -42 39 47 -34 84 -46 -100 -88 -76 -50 -69 37 -48 -41 27 20 -93 -72 -78 97 -70 -32 86 35 33 -34 -94 91 99 86 95 53 -76 78 67 -32 32 28 97 -58 23 39 67 -39 57 -55 -94 -56 -74 -33 -98 86 
54 -92 -47 89 -42 94 -31 -61 44 92 -80 65 -70 1 54 6 -54 -99 -86 9 54 63 58 62 46 -25 48 -94 100 31 -11 50 43 82 0 85 100 -5 -1 96 -93 79 -58 -74 -100 91 -16 15 25 90 -16 46 79 -9 -71 20 92 42 68 -86 23 14 27 72 -40 -38 78 15 -37 79 -5 -2 -59 -12 37 -99 27 -20 -71 78 29 27 27 35 -50 98 52 70 55 10 -53 64 -45 57 -4 -11 32 -27 -24 -57 -18 -3 -70 -37 27 62 64 69 45 -7 -18 74 69 
-45 33 -16 -62 81 67 -77 96 -78 -47 -8 46 -91 -15 -36 41 -99 -79 -7 30 15 25 14 69 -89 58 23 69 66 -6 -98 12 -89 32 -3 -64 -4 -20 -58 -97 -96 61 10 85 81 51 27 -1 48 -27 67 -31 83 18 -80 -27 -62 35 0 73 57 100 -16 85 16 -26 -59 -94 -30 -50 -17 85 -58 91 -51 18 51 -36 -73 -17 -71 99 45 11 60 75 26 46 48 77 2 -65 91 -50 -68 -10 -32 5 41 8 56 92 -20 21 -49 100 39 34 -78 88 -47 47 55 
97 12 56 58 44 -73 -83 -94 -29 86 -20 -4 -13 14 -80 36 -50 -67 -89 -62 70 51 -70 24 -17 4 53 78 -4 -92 -9 59 6 -35 -4 -78 50 35 46 57 90 59 -81 -80 -82 -35 -7 12 -60 -53 -58 -65 -83 99 -52 -85 -72 30 -4 -71 78 -37 63 4 -45 0 -48 33 83 46 91 13 23 -1 56 -56 -6 -94 72 -96 -97 -13 68 24 37 -66 -34 6 38 -39 -87 81 -77 -49 -85 52 -2 72 19 50 -21 -7 -39 -35 46 -41 -15 14 82 15 -32 -3 45 
97 -40 38 -72 38 92 11 -2 -89 77 21 3 52 -52 90 93 44 -2 -20 92 58 -54 25 -55 -38 -49 88 -71 -65 -75 -50 38 28 100 -71 53 46 55 -98 66 -94 41 -15 30 -87 99 -70 67 -94 -14 -22 -92 60 14 66 25 80 4 38 -2 54 31 -38 57 -13 -94 48 -35 30 49 -56 -98 -57 72 51 50 -88 -28 -24 -26 33 -49 74 -41 -45 -62 15 -75 41 -87 -32 -29 19 14 74 -23 85 -29 -7 43 -54 13 28 31 -27 88 92 38 -97 26 -8 89 8 
65 40 65 -30 97 -16 -81 -63 37 48 -24 59 20 -61 61 -30 -6 -71 -78 32 -5 72 -66 61 66 -24 -46 -97 33 53 -61 -12 25 -76 -73 36 5 -96 -27 -50 82 93 -50 57 25 85 55 59 -10 -28 -7 -36 -90 -69 77 62 68 -28 15 25 -99 45 -68 -7 82 -14 21 -89 -90 -100 -17 27 39 32 55 -25 -31 -71 32 2 -99 42 -5 -26 -20 -88 67 -74 30 41 19 29 82 -7 -84 -79 1 35 -89 63 27 -29 25 78 -55 -93 90 -28 -64 -95 -3 49 14 
36 -37 20 -32 100 50 -23 -32 -59 93 89 23 46 -72 0 -12 26 -67 -32 -73 48 -64 73 25 -83 4 -60 97 -68 27 48 -57 -84 45 -87 -10 -17 -16 -48 48 -76 88 24 -89 -71 -54 12 -57 67 44 92 -16 23 -44 -36 62 89 9 16 -98 -60 -68 44 -79 73 -2 13 -22 -88 49 32 -78 33 99 -16 -75 13 4 -2 32 -31 87 -75 9 3 -55 97 -5 91 36 23 -56 100 0 -91 -52 94 72 -43 17 37 37 27 38 -52 85 14 6 95 -24 47 83 21 
-21 -48 89 77 66 -47 -54 87 -9 -13 -44 -1 -92 -22 -2 -88 62 -73 -18 73 29 -48 -3 -12 -48 12 -57 43 -76 -47 -100 93 56 84 -65 61 98 41 -26 20 73 73 39 86 -76 -93 47 73 52 44 -50 -82 -98 -92 50 49 62 75 49 18 56 -32 -90 -23 0 -99 -33 -42 59 -51 61 -59 -38 62 25 -8 21 -5 -63 6 -70 93 64 -13 -29 5 89 58 22 -69 22 41 -47 -37 67 7 19 93 -93 53 8 12 -35 -39 39 -69 67 82 80 -72 -69 -20 36 
37 -31 35 62 -68 20 61 -32 -88 -96 92 -93 -12 36 -100 5 -21 -84 56 58 86 76 7 -72 -61 12 32 -43 -72 94 -30 -6 10 3 67 -86 35 90 21 40 18 -52 -36 26 49 -98 -4 -50 91 46 94 21 30 13 -100 55 58 -94 88 97 -13 -36 -11 -37 -64 7 -69 32 -23 89 -89 72 -95 100 -7 98 66 52 57 92 35 66 46 62 60 41 36 88 50 -69 47 -53 -8 11 -53 -69 44 41 -10 -5 11 -93 9 -7 89 -49 33 27 -87 59 -36 -89 -42 
-31 77 -65 -6 79 -68 46 65 -29 -82 25 97 -86 -85 81 -54 -28 -65 -26 -57 -23 34 -53 55 75 23 28 -9 23 90 63 -90 3 20 -72 -22 17 -67 -62 66 14 65 37 -17 -49 -28 -65 20 13 75 -90 92 54 97 -91 -65 2 -6 89 13 -52 96 -41 -62 70 -6 90 58 35 -66 17 -79 25 12 -52 57 92 -41 -13 6 -65 13 49 1 -63 35 29 53 48 -92 88 -59 22 -84 -63 -8 62 35 64 -32 -27 -39 -37 40 -30 -1 61 -51 49 -93 -94 -57 -64 
62 -19 96 42 56 -31 18 32 -46 -54 -15 -55 27 -79 -88 -38 -44 7 -75 12 65 -62 63 98 45 29 45 54 30 -76 40 77 -67 -56 91 98 -22 73 5 37 -38 -33 90 95 -21 30 -30 78 -30 -28 -6 -5 -77 19 -53 -29 3 42 -33 -34 -65 -92 -80 -81 20 -65 39 -51 -81 -77 -74 18 27 13 45 54 -65 25 -54 -10 -9 7 96 -34 -86 -58 67 -28 78 49 -14 -28 61 48 11 -4 2 16 42 90 85 -17 81 99 -41 -18 -19 -79 14 -6 -90 -6 -2 
79 95 2 42 91 41 89 89 90 36 66 16 -60 50 -27 51 -48 87 -8 8 27 -45 72 -16 -41 91 31 33 -55 -9 46 -15 -27 -19 -96 27 -67 40 82 -58 -25 15 60 55 -58 -59 -62 1 82 -44 -28 37 1 5 28 -75 -82 -76 -46 24 -32 92 48 64 -98 -74 -63 63 8 -32 43 -100 21 -23 46 -42 -90 -25 -56 -83 69 -89 57 -78 -69 30 -3 -71 57 -24 20 30 -86 51 54 5 95 86 -73 -71 -39 17 16 -93 32 69 -36 -15 64 -53 75 43 39 
-54 -75 -46 55 31 67 86 -73 -12 8 82 96 52 100 87 -3 23 7 18 26 55 24 11 40 3 -62 1 35 -54 -95 -23 47 -82 -43 47 95 -87 9 -23 -58 -61 60 57 -58 -35 -38 75 55 91 -76 26 57 26 47 -52 88 -71 66 -44 -12 35 54 42 -66 -5 -43 -26 -80 -82 -65 80 43 -85 -30 -29 -53 53 90 -86 -95 -33 -59 -53 -40 -3 -35 -80 26 -56 -82 -43 -13 49 62 31 -94 -67 -63 -42 47 -94 64 -53 31 -51 90 47 51 -2 57 58 -3 61 
97 -50 -23 -41 -44 -18 50 -12 52 -20 -30 -99 -86 -60 -92 -81 -30 -2 5 -83 -37 85 10 -48 -36 -87 -33 -1 0 43 76 73 -84 87 -49 -79 90 24 46 94 -24 74 74 90 62 36 -81 49 -48 -91 -26 -75 54 19 -47 -89 79 40 66 -8 -27 66 94 60 -21 90 18 65 -10 66 -18 -87 88 -85 23 -37 -97 -48 -59 6 42 -47 -24 -22 92 -98 71 -20 -61 44 72 28 83 53 -12 80 35 -85 71 96 -48 -59 63 -44 52 -53 10 1 -14 27 -37 -61 50 
71 -83 33 59 -93 -50 -14 -37 -63 84 -11 -13 72 31 -29 80 60 -12 43 11 -48 -29 41 12 -30 -2 35 16 -81 64 -4 -86 11 -82 -35 -65 64 -86 -26 57 49 -88 -96 94 53 47 -34 -26 73 -94 -34 16 -95 -76 20 -16 -89 62 2 -70 -44 41 -68 -29 74 -28 -63 73 86 -19 -77 -3 77 34 -45 -48 35 -44 -6 -17 -48 -60 10 -27 18 -81 -84 39 62 -8 -26 -62 -24 -65 -2 -94 -77 96 33 -93 36 98 6 -97 -25 -41 33 51 -64 33 66 -6 30 
-48 -99 25 -34 -53 -71 -34 -23 54 -23 64 -62 67 -55 -87 -65 -38 -100 25 -65 -10 55 -85 -31 21 78 -38 91 89 -6 15 -62 -79 22 6 -7 -63 -92 25 -53 52 40 65 34 82 -97 24 65 25 -33 57 -97 -84 82 56 -3 -16 82 -9 -45 70 -47 54 -26 -39 -5 -9 9 -74 -17 75 -9 -11 -34 -52 -37 -98 -63 100 33 -79 58 -68 -100 -54 3 -44 44 63 15 -80 -49 -14 -33 69 36 -16 64 10 60 -93 29 97 -92 -48 62 68 66 93 16 94 -52 18 
-62 -33 -52 95 -82 -87 42 17 -84 53 3 49 40 53 -38 -87 86 -95 79 -49 80 -53 -42 76 12 12 68 -81 68 20 -8 39 57 49 -95 -69 -5 -95 63 4 -35 -32 -77 -63 16 95 -6 -96 100 66 12 -92 -30 92 3 83 75 -70 72 37 -7 -96 39 79 17 -33 -40 -10 -98 -56 -18 -40 -98 -92 5 27 30 -81 84 -5 88 46 -25 86 -60 85 71 -31 27 97 76 -85 20 79 90 -38 49 87 90 -45 -96 -10 87 -63 -2 87 -66 2 -60 2 82 -77 -68 
-94 31 51 4 65 -69 -55 -36 52 87 86 -95 65 -7 -80 4 -89 -61 54 51 -9 -7 -34 11 71 -18 72 96 -28 27 36 86 -93 -97 60 -64 9 53 -67 18 6 96 94 42 4 -78 24 -47 99 1 69 -15 -56 20 83 43 47 -34 24 92 26 49 42 81 52 -38 21 35 99 -42 19 -81 0 -35 52 2 -33 -48 87 65 60 78 -41 -65 87 -84 75 44 -98 -79 -18 -44 -59 -72 -80 -7 -56 -11 -27 29 -14 21 -46 78 81 -74 12 -10 23 -19 -85 -75 -85 
98 52 -16 88 -1 -11 99 -13 -37 -49 -17 -51 36 -22 -36 -48 69 -49 -21 -64 -45 79 59 40 25 36 89 72 54 -8 -9 31 98 91 -29 43 39 70 22 98 -98 15 79 50 -90 48 13 -30 -40 17 -28 61 -100 -78 83 -32 91 33 -54 49 90 40 -9 -40 73 -44 12 -93 -41 92 42 39 46 -78 22 -55 -84 45 7 50 -9 -17 99 75 -1 -11 62 17 49 -5 26 -7 -1 27 7 69 96 -5 -33 -13 87 -61 -20 63 -97 -74 82 11 2 64 -23 25 86 
48 -17 -46 -39 -77 11 -26 11 -1 -13 29 63 12 47 -38 35 -85 69 -86 56 79 69 -75 -66 62 95 83 -71 82 96 -48 -36 63 -54 -39 -15 -52 -92 7 -98 -38 30 14 -7 64 -45 6 61 97 41 77 28 9 -72 27 99 -25 -92 37 -94 52 87 -98 -74 32 17 21 -42 96 16 -41 -34 8 22 6 66 82 15 36 47 14 94 100 -1 -20 75 19 41 -60 -27 84 -60 -46 59 62 56 32 -24 -35 57 52 48 23 15 37 -9 -5 -19 -13 -69 -38 50 23 
45 61 88 25 -72 -53 36 -66 -40 -45 -56 37 -83 -12 -93 -96 -42 -23 -9 48 -86 60 -2 10 -6 -7 -56 -84 -34 -73 -8 68 -29 -33 -49 12 68 9 -82 -6 75 -45 62 64 -50 25 -35 93 -80 -44 90 -84 56 -56 -28 -16 -44 -92 20 -18 42 -62 -78 -8 99 16 82 -89 76 93 67 28 92 0 49 -48 90 68 40 81 -22 -71 -75 -10 -8 -35 88 13 -60 -91 15 42 57 -30 -18 -25 -51 -85 89 85 -70 -12 28 15 -57 29 76 20 0 -58 79 -20 -35 
40 -6 18 -23 45 73 98 -28 -69 38 32 16 -70 93 -31 -4 -60 53 84 48 26 -6 -88 -78 100 28 69 -3 -65 16 -15 -54 75 -78 -75 -37 -38 90 -98 64 -74 -31 4 21 -48 48 -31 20 -6 73 75 -47 41 67 -59 -11 58 -66 77 -21 36 -7 0 -41 -30 31 -61 16 49 -61 24 35 -1 -24 87 84 -49 90 -25 67 -91 -71 26 18 9 -22 85 1 89 -58 33 -47 77 61 -50 64 11 34 57 -52 -63 31 -28 75 -65 83 -13 86 99 -74 -59 -83 10 
91 -42 23 -91 -50 -30 -12 -61 -35 78 71 39 -98 -28 -34 -44 34 -18 96 -15 -95 52 64 -77 81 -18 -81 21 -13 67 -100 97 90 79 -21 -35 -94 100 48 80 38 -23 -1 -94 -3 68 -49 -93 61 -45 -86 95 -76 -35 -66 -35 -1 93 -67 -38 23 23 22 58 94 -93 82 -95 22 -20 48 -67 -15 18 -90 -14 94 -51 40 50 53 94 77 -87 -93 -42 -18 23 65 -64 43 -83 -61 74 -65 51 40 -3 -27 7 81 -57 -9 -56 99 -20 14 23 27 2 54 93 75 
87 -73 -68 -10 87 72 -79 19 -63 -52 34 27 31 29 56 16 -3 -14 0 -86 -87 36 -90 -66 20 -15 -70 -47 82 7 -72 97 -53 -57 -91 82 -73 -47 -33 77 -57 -18 34 77 -48 -42 48 -91 8 -5 71 -93 -25 84 10 57 100 55 22 19 -73 6 -55 -56 -89 10 41 41 -85 54 36 -53 -92 52 -96 93 -24 -66 47 -55 80 -2 12 -24 75 69 96 -33 -38 -56 -44 -4 12 -31 -97 -42 -100 92 -88 44 19 93 -23 38 -11 -93 -42 -22 -1 -81 -11 52 -4 
-45 -76 -39 34 68 -81 17 -89 97 26 -37 64 13 64 -64 -66 -25 100 -16 -60 22 -24 18 -62 18 54 -64 -16 76 63 7 15 66 -81 10 41 -88 -12 11 32 76 19 44 -84 8 36 -71 100 -53 88 58 60 -67 97 32 29 16 -95 36 -77 -91 27 -87 -15 -6 -77 51 2 64 98 46 66 89 21 -62 35 92 -22 -32 75 -90 100 -71 -99 96 -28 -90 26 -55 -64 -61 24 -62 -56 12 19 -15 80 -75 79 -50 -13 33 83 93 -61 24 -81 62 13 46 -94 -25 
95 36 43 -44 -26 24 -27 89 23 1 -56 -59 93 -39 46 80 96 54 30 12 38 18 52 22 -85 -63 -66 22 44 -18 97 -67 -81 16 48 -22 -3 -51 -8 89 -58 21 -90 -72 38 68 71 67 58 -46 -14 -43 81 70 10 86 64 32 -84 -43 -58 -11 -14 20 -20 -62 -10 -18 -100 22 41 54 -51 -21 34 7 43 75 60 -56 22 12 84 32 100 -71 -72 -39 -51 -89 -44 -86 -68 -27 -98 50 70 96 5 34 75 0 32 -94 64 -34 -44 -46 87 1 -15 -91 28 
79 -67 -8 -1 72 82 -68 -65 99 -39 -92 -50 -58 56 -54 -81 46 -23 79 18 67 -32 -86 38 -4 39 40 15 50 96 -96 -8 -60 -8 -4 -89 24 62 -61 -75 21 -63 -11 45 -62 89 -13 -4 -69 8 -75 -19 39 -68 20 -24 71 95 66 2 97 -54 -1 74 -37 75 48 -75 7 92 23 -75 -70 60 -23 -45 -73 -57 51 -70 -66 -79 -23 34 25 92 42 46 21 1 -63 48 -34 51 -72 -33 98 -35 -40 -54 26 86 -35 99 1 -42 -83 83 78 63 -73 -57 63 
44 60 -72 -22 60 -64 -17 -51 -38 17 -68 88 -50 -90 16 68 71 -34 30 34 15 97 -14 -99 -62 -55 90 -17 -33 -72 -54 23 -70 2 56 -49 29 25 -65 -96 50 -99 -91 -32 -50 76 58 -32 -78 59 -48 95 -89 86 -72 -57 -82 24 85 -78 73 -90 92 24 -43 4 93 5 100 31 -33 -47 44 83 4 -78 -80 24 88 -50 22 67 -99 -24 83 -56 2 15 -91 98 -56 -77 20 -95 -100 -78 15 -84 32 -44 35 -63 -18 -19 54 88 48 53 -33 43 57 -42 -68 
68 0 33 -39 73 96 33 7 -95 -31 59 4 2 40 -66 70 -45 67 -12 15 -4 67 -50 -69 92 -27 -63 21 5 -67 -97 16 35 54 -29 68 18 -83 -23 -35 -77 22 -4 -84 39 -25 -93 -32 24 3 44 -38 66 2 79 -19 70 -9 -75 45 -76 100 -48 18 -30 -12 62 -93 -84 -21 3 -50 -43 -49 -72 -19 -40 -31 -55 -86 29 -78 88 -83 -52 98 23 93 -81 -17 86 -2 -4 66 87 89 24 -8 22 -19 -42 68 -72 -81 73 52 13 -93 -83 -37 -54 97 92 
-74 -49 39 52 -61 45 -68 17 -80 16 -61 -62 -82 -63 67 -56 69 58 28 -71 95 3 18 -33 -92 -65 37 37 51 1 -76 9 -17 39 -52 53 55 21 -94 -53 -3 -55 -81 73 35 -17 -60 22 35 -84 -67 -21 26 45 -28 -69 -81 36 4 39 -64 -59 24 21 -50 -32 55 90 62 87 -24 -24 -100 -90 -29 9 28 32 -83 7 75 -97 21 15 -1 73 36 -36 68 -39 44 -30 -69 -38 42 59 58 34 -28 -98 -88 -19 55 30 -18 -30 87 61 -37 61 29 -75 55 
-40 -44 19 -37 94 -18 -95 8 -74 -37 -13 -62 84 54 4 -41 97 -85 -52 -70 68 99 -72 -76 -61 41 -32 55 86 -58 21 -78 0 -13 -51 -42 88 -35 40 57 -48 -94 -99 23 -7 88 -58 96 86 -13 -30 95 -40 32 77 59 -82 -44 62 85 100 9 84 34 17 -10 -97 19 -44 -96 16 -49 14 -12 -72 -25 74 -6 -85 -21 94 0 94 66 -26 -29 -99 20 -66 -95 -86 96 84 8 -31 63 -62 -86 75 70 -41 51 -74 57 -37 67 -50 58 -38 -11 -34 -59 -70 
38 -34 -43 -70 69 -1 66 36 -30 -51 -40 -67 -5 -54 27 -36 26 19 -64 16 -16 -36 99 17 -10 -78 84 98 42 39 45 12 95 -66 43 -63 76 -61 -31 94 -30 -65 27 18 84 -15 7 -61 42 9 -94 -49 -28 86 -19 -37 -77 -94 -98 -54 80 -77 -38 65 7 -41 -23 29 9 -35 35 5 57 -27 -10 -52 84 31 84 15 -26 -97 -44 1 -76 50 94 85 -91 39 -3 21 -10 97 78 64 23 70 -66 72 94 1 -63 60 36 -56 -15 -27 -76 53 -42 -50 67 
-94 -32 60 58 13 -97 -44 8 78 -57 65 98 -91 -64 -67 -49 -41 -35 -66 60 18 80 -47 -13 25 3 -2 36 -2 -4 94 30 89 -73 46 4 -44 70 -3 -41 40 36 -5 -69 35 -16 -64 52 -91 -24 -23 58 50 -77 -85 -28 80 -52 -32 -89 58 58 60 28 -4 -1 -48 -79 -94 63 -38 -65 57 -29 5 -87 -57 -53 77 -37 -82 -74 -3 95 -39 -6 31 -56 68 46 -17 26 93 -56 -16 11 -27 -69 -36 -86 52 98 77 -34 29 -99 22 93 42 -98 33 -95 100 
-8 0 -84 -25 9 -68 37 66 98 -32 -100 -32 -10 23 -2 73 -91 71 99 -57 -82 14 -48 46 40 -21 -47 54 96 -45 90 -13 -51 27 -71 0 68 -13 -41 -23 -57 -64 -50 48 -37 82 7 -63 -89 -67 64 95 55 -32 41 4 42 -13 -37 -48 -70 -41 38 12 -70 -93 61 63 -67 -56 20 -16 70 -99 -5 59 61 -58 -65 3 -25 -100 4 70 -78 -85 59 -5 -16 80 98 82 -23 -83 13 -66 42 60 53 99 -90 -20 57 -1 -81 -22 100 96 20 62 -63 -64 -29 
-62 -21 10 -49 -76 -6 -18 73 -51 2 -12 -55 -5 20 -52 11 79 60 87 -78 67 -55 -90 44 -6 20 62 21 74 -49 94 -69 95 99 -41 -45 56 -62 -94 -5 8 -65 -62 17 -3 -52 37 -59 67 -32 -99 38 26 -87 66 25 29 41 97 3 -37 76 -100 -65 37 -63 -28 25 -94 29 -22 -92 46 97 -56 54 53 97 -94 44 -100 -81 6 -16 1 -65 -88 72 67 61 78 72 -12 40 22 -55 -32 69 -77 74 -3 -100 95 -85 7 34 -70 15 61 -55 -29 83 43 
59 -87 -26 -71 30 -30 -60 -16 -33 -22 25 -72 -69 -9 67 26 -56 -99 -7 -99 39 -49 70 63 40 -51 94 21 96 60 46 -15 -10 34 64 77 -11 12 84 -9 20 -12 15 -12 -85 -69 89 100 20 -4 -30 -82 37 18 40 -40 71 -2 14 -73 -35 76 78 -54 -100 -5 18 -85 63 -32 -26 59 -42 38 -67 -88 -96 86 57 -69 -60 -22 15 44 17 -86 -16 -89 14 -21 -48 -46 2 -9 -65 -59 -55 54 66 -76 22 6 51 60 -18 97 -72 58 -76 89 80 96 -73 
-80 95 -29 -11 9 -12 56 -77 -39 -83 -7 -96 72 -40 -92 100 -31 61 -21 -77 -28 92 85 48 61 -56 45 88 4 15 -99 -92 60 28 56 35 -98 16 72 48 39 -52 37 -98 53 -24 -37 22 19 81 -93 65 56 63 -28 41 23 98 -51 53 47 -13 24 10 55 -10 49 27 88 77 -44 33 85 29 71 49 -5 -58 -49 -14 89 -70 45 32 26 -10 75 63 -61 -25 -80 95 -83 -15 -33 95 -78 -70 49 -26 -46 -1 -51 -29 -43 -81 -50 29 30 -58 -18 -79 -7 
-65 -46 86 -18 62 -73 91 10 63 -97 11 -19 -5 -51 -97 -13 -10 23 -3 -37 -31 -64 -35 49 -100 45 71 48 29 67 24 72 90 -62 95 80 48 54 -86 70 1 -18 -58 5 10 -84 -3 -1 41 89 82 61 -64 39 44 89 85 11 77 68 93 27 -77 -30 -5 -79 -40 76 -99 33 29 44 -77 -80 74 -17 -23 89 -94 16 -75 81 -79 19 73 34 97 88 44 85 56 54 2 66 -24 93 100 -25 32 36 81 -57 15 54 -33 83 1 32 70 -75 -33 52 -38 
16 -75 19 7 -41 46 -15 -45 10 79 -90 -92 -97 -40 -4 84 -93 -35 -76 -98 -25 24 92 66 99 33 64 -56 -72 -16 -59 53 41 21 0 9 57 7 -62 -46 -76 82 30 -84 -71 45 43 43 5 78 -50 12 67 46 -94 -83 4 -48 -65 -73 59 14 82 -91 -60 -28 6 46 92 72 -80 -31 -68 -5 59 90 24 -38 60 17 81 -68 -56 -64 6 -61 -7 -63 -68 66 -77 39 0 -15 18 -17 18 93 -41 94 -90 -65 -99 99 48 15 -76 50 -18 -91 -4 -84 25 
-13 50 6 62 -61 95 32 -19 13 -27 88 78 84 24 4 91 -27 -41 -29 85 98 -8 -69 -84 10 31 72 69 -100 91 96 71 60 -68 -93 -70 77 20 -98 -26 14 -69 58 -75 -78 -80 -68 -95 -96 27 -24 -68 50 -32 -91 -51 14 60 25 -79 92 93 77 -49 58 -86 59 -94 80 -85 81 2 -79 40 19 12 -10 -12 71 23 -86 -30 41 26 2 -34 71 48 52 42 -51 -62 11 77 -39 76 89 24 59 22 82 -51 92 11 21 23 -26 -38 14 -78 81 21 -99 
-64 -54 -11 -23 0 51 90 -96 -59 90 60 19 32 -45 -47 -86 17 63 62 13 57 39 62 -70 37 35 -57 69 -26 -88 -94 79 97 -44 -83 -42 53 6 49 11 97 60 35 12 33 -32 -24 -2 -34 -67 -8 4 -56 -73 -52 -7 -96 31 -19 -60 41 -6 14 70 -39 51 -59 -1 -12 -7 -20 -44 -67 -39 86 12 82 85 -46 -49 -74 69 -30 15 6 -92 -72 25 -85 -54 -44 86 90 82 52 65 29 89 -31 83 85 28 92 87 39 87 -50 -1 45 -40 64 5 57 
53 18 30 -50 -44 13 -41 68 -6 -69 6 35 61 85 -78 66 -82 64 55 54 95 -78 80 -59 79 -21 79 -52 35 -60 97 -21 -74 71 80 83 67 -25 38 -82 -36 -5 -92 39 75 -31 -67 73 -36 6 95 -42 38 -84 -20 69 -30 -90 -6 70 -79 -14 77 -61 51 -6 21 6 -55 -88 -98 26 -87 95 27 77 38 18 88 23 10 -66 63 -69 -97 55 -65 5 28 94 72 -99 65 -69 -23 4 22 -73 11 24 60 -74 39 3 74 -14 95 -32 -15 78 -52 98 -88 
-17 -56 -60 -91 -30 -38 -79 33 95 62 -4 27 -2 -91 -86 33 89 69 -90 37 -41 6 -43 57 -24 67 -74 58 -24 70 -13 -86 -69 -47 100 -81 27 100 -38 -35 52 10 81 -66 71 60 -32 -60 16 -11 88 -29 -45 32 -95 72 23 -59 -24 -31 85 92 -59 -23 66 -1 -66 100 44 99 -95 66 8 31 -30 15 28 -27 -85 -70 63 -44 -90 26 11 -4 -93 97 81 94 78 58 -44 -39 -67 71 -56 58 84 -33 -82 -1 -79 -86 50 8 39 32 19 -61 -21 -16 79 
89 -31 -1 -88 64 35 58 62 44 86 -76 22 -12 30 86 23 98 64 -68 -7 -13 9 -21 -31 42 87 -82 10 -94 -10 -64 -47 -6 44 -15 -34 70 -39 12 34 -2 -45 -93 -88 77 12 96 -3 19 -36 80 85 -98 39 -25 30 28 -28 58 18 53 1 -47 -64 -39 -75 95 -50 100 -77 94 -66 -80 -20 83 47 41 63 42 34 -98 -39 91 49 -90 62 12 61 40 37 -41 73 86 55 86 -79 -48 -3 70 -23 68 -79 5 -74 72 -13 -90 -14 46 -42 25 -64 -42 
5 54 -94 -18 25 87 4 -70 96 -19 61 -1 -12 96 65 85 -32 15 -34 -97 -19 -71 -84 -55 3 8 -43 32 -92 17 100 37 78 -29 -92 46 14 62 91 -7 72 -47 -55 53 97 -89 58 -81 81 17 27 19 -96 82 67 1 -69 -88 -1 69 -29 21 31 5 -67 -46 58 -69 -5 -92 10 -52 -9 97 -23 -81 -27 58 87 -25 13 -16 10 43 -68 -65 67 -47 11 -29 -34 33 57 64 29 -35 -53 3 28 -54 -71 66 -30 -28 80 -17 23 -100 -93 -93 53 -34 8 
-28 -38 -60 48 36 -51 18 67 -25 -85 -19 -98 83 -24 -54 48 42 31 45 47 19 -45 -80 13 -97 85 -50 22 62 -79 3 45 78 53 92 -58 44 -31 -4 -47 21 42 -70 -6 40 29 -57 -83 -73 33 74 -15 -96 2 -67 22 -77 -55 33 -91 -45 83 -77 -58 -28 -53 -43 -78 -92 -74 -26 45 -91 -94 91 57 34 79 25 71 61 -24 65 91 69 -56 -66 5 43 46 27 54 -68 99 32 47 -47 15 6 -77 -83 -55 -34 55 -73 7 -41 -14 92 -41 -15 -55 -63 
39 -48 88 13 -26 72 36 -6 41 21 -40 -42 52 -27 -43 -14 73 30 20 46 -95 64 -39 -79 88 13 -43 -94 81 67 80 -66 -42 -62 0 -56 -92 87 88 48 -9 -96 17 -57 38 -36 89 9 13 64 45 -89 -23 -68 62 -11 -47 59 20 54 50 -67 -2 89 -13 -18 53 55 33 89 47 -42 78 39 -88 -99 -46 -48 58 -20 -21 100 -54 85 -49 -81 -20 28 9 35 21 53 -82 -45 -62 -75 -34 -63 -32 -42 -52 -48 98 -43 -93 94 -16 27 35 99 27 -5 -38 
55 -41 -87 89 -57 3 -6 -35 77 14 10 -71 49 26 12 -15 14 94 -40 98 -84 -8 -54 34 97 -18 6 -12 -32 -92 35 -52 -67 21 -61 100 16 -25 -30 -36 75 -4 -45 77 -22 1 66 -3 39 29 -66 -60 15 -4 88 -69 6 -46 92 -34 57 -76 -8 -5 -57 -61 -12 98 31 -37 49 -85 49 36 13 21 61 -62 -55 -75 -62 26 26 -94 -96 63 -13 -77 -4 44 -37 -2 24 -64 28 -1 -50 6 2 87 89 -63 -42 -88 68 68 61 -83 -66 69 39 -63 -79 
-55 68 -94 19 39 28 15 63 -80 6 -99 -89 23 -51 45 45 -25 -63 -32 -10 -83 23 6 -67 38 76 97 -71 49 -21 -4 -65 -18 74 62 27 -49 -100 -61 -55 -82 68 61 15 -66 -71 100 -56 27 12 39 11 37 10 7 -42 -84 -81 12 -49 19 26 -74 22 -50 92 47 -81 61 33 -6 16 -49 -9 -71 41 36 38 -65 58 -8 -32 43 -92 -74 52 -60 -38 53 -88 40 20 -22 57 -78 41 -12 -18 46 -9 -35 -94 -44 -63 93 71 50 26 36 -85 -6 30 -77 
-19 29 -11 -45 66 -59 -45 -49 93 92 -32 -66 25 62 -98 -88 10 31 57 -38 39 25 32 -70 33 51 31 -1 -85 -12 9 -81 82 16 73 1 48 44 -52 46 58 -69 93 -75 -7 -41 67 -43 -34 95 67 -96 93 -51 35 86 -56 6 -100 45 82 -63 91 -49 -15 42 66 -26 9 59 -3 -61 -37 -41 25 13 17 32 38 -98 -60 7 -59 -77 93 -16 -62 61 46 27 51 85 -100 -59 -29 -16 -32 -61 -26 21 87 -46 16 41 82 -9 98 48 8 2 94 -11 -18 
-16 -75 47 94 25 81 41 -92 64 -32 -15 -19 95 -50 55 66 98 86 -70 -98 68 -12 19 -26 12 77 -32 6 58 4 29 16 -31 96 24 -16 -23 -71 -65 -38 44 88 81 -36 29 -73 -98 13 -20 -68 -80 -59 -26 -66 -48 -20 26 45 51 17 6 -77 91 37 85 -9 -99 -58 -46 -46 -81 65 -43 -66 6 67 -96 -51 -57 -3 48 77 -19 82 -71 86 2 -39 77 -46 61 -82 -12 -10 37 -89 -9 -91 17 47 10 43 -38 -79 93 43 -21 35 -24 11 3 -29 -13 
82 -12 -60 -69 -35 -76 -31 9 -28 96 34 24 37 45 14 -30 5 71 69 -61 7 -38 -95 68 36 55 -47 -45 41 41 -88 -21 -5 -67 -29 48 -39 8 -88 62 -100 -19 -88 75 -86 15 -84 -85 -32 82 -75 -72 -12 -40 30 4 -61 -23 -44 53 3 -60 -49 36 74 74 -69 9 78 -51 1 -2 -13 -35 -9 95 -76 -87 61 -57 53 23 -27 -32 -55 -34 -31 2 2 -42 -13 66 -65 -17 -57 -75 -25 88 -100 79 13 -98 -64 14 -88 -48 54 40 -91 67 -65 65 -70 
78 49 62 96 -39 32 55 -52 -5 -81 92 41 -10 11 65 32 -37 12 -71 -29 -75 34 -64 -85 -2 -78 63 70 79 -12 -74 50 37 -92 2 37 65 75 -29 -11 72 -24 -10 27 98 -24 -52 49 37 42 1 0 93 -63 97 48 37 -99 -26 65 -2 -12 60 -28 -37 -35 37 24 27 -12 29 18 50 52 72 -57 99 -84 43 30 13 -84 -40 -38 -50 -86 -99 -86 -74 49 -61 -94 -35 80 58 -51 47 72 63 75 -69 -47 -62 -86 -13 39 81 -34 -26 13 27 -74 -64 
-91 47 84 -53 -44 -28 -6 -84 4 85 35 60 81 -50 -3 -74 99 99 -18 -19 -73 44 77 99 65 8 -59 -13 15 -13 -78 -55 25 22 84 -42 34 -72 47 87 -11 -6 -22 69 -78 -92 51 7 13 -11 -46 88 -97 -24 16 -52 -87 5 6 -85 -98 13 -65 30 15 -54 85 -78 -69 52 -51 -80 67 -88 57 -40 88 57 9 -67 -45 45 -37 -1 97 44 86 35 26 12 -18 -10 -85 -50 -100 -38 27 -32 -2 -16 81 35 -30 -17 -24 96 -89 -61 88 4 79 -30 -96 
3 65 -75 -97 -15 -38 45 -25 94 0 -61 -72 98 80 44 44 88 48 -3 -89 -42 -83 86 70 59 34 36 41 32 -10 32 -97 -73 -63 -89 -63 48 -34 -38 -73 -49 84 79 91 -34 99 66 48 -25 -33 28 -33 65 -67 -32 34 75 62 -58 85 63 -78 71 -31 -64 -13 46 90 -19 -16 97 73 79 -78 51 14 -16 5 89 85 -18 78 27 -69 98 61 -93 57 75 33 -16 41 -75 -52 70 -40 60 67 76 -37 -86 -19 12 -16 -8 59 21 -21 -92 -84 -59 43 -61 
46 -7 16 96 95 -10 27 -58 -44 -79 -79 -1 37 81 -70 77 16 -95 -61 87 -35 -29 -31 65 0 69 -65 85 -74 27 -16 2 -74 -92 -38 -54 22 -29 -15 -34 -65 60 74 -34 -23 -19 -59 -61 69 0 -93 21 35 39 28 82 55 38 -85 66 -42 -41 100 -59 24 -26 -93 53 91 -59 -43 28 12 -76 -21 33 -43 -31 -37 69 -20 -74 -19 -8 -59 -1 -93 -54 -3 -75 -48 -78 -77 50 52 -29 -49 55 -42 51 7 -16 -15 56 62 41 -62 59 71 -73 26 37 -42 
-60 -20 -51 27 23 -74 60 46 83 -45 73 79 31 54 25 -55 -76 87 -8 79 -17 90 -33 -40 45 -50 65 23 78 66 -20 37 -78 49 -26 -27 -39 -23 51 -76 64 93 -55 -7 -28 -18 23 86 -17 27 86 -76 29 36 65 -49 90 44 87 14 4 -23 -11 -64 52 -13 -8 82 82 60 28 -8 -76 29 62 -51 35 69 -17 -25 -34 -6 -60 -16 21 76 -27 36 28 -13 17 73 62 -56 -67 -78 -68 67 30 -34 -18 -55 34 51 -33 64 -94 69 -70 -59 22 -36 20 
-92 80 -56 20 98 96 59 46 -86 34 71 63 -62 -35 -98 -95 -35 63 -25 99 59 24 19 50 -6 -35 22 49 77 58 42 -20 -58 50 14 -52 100 46 75 29 16 -71 38 -11 100 48 18 -32 -19 21 -30 -62 -45 92 39 31 -41 53 -52 54 64 94 -80 11 17 2 68 83 68 96 57 19 7 -35 99 -11 24 -19 27 21 72 24 -61 -38 59 21 -52 -74 64 98 -76 -53 -72 8 -66 47 23 69 -17 -96 33 -37 82 -100 58 -23 16 -49 -9 -62 26 -72 -85 
-67 -77 -18 -63 -12 32 11 -8 -70 -63 93 -88 23 -63 -1 45 12 -46 37 85 10 -37 -53 -57 20 63 2 92 -54 -72 -95 -51 79 15 -31 10 83 94 -25 88 30 55 15 67 31 -89 -93 -91 -32 47 -60 53 75 -45 -24 -82 92 89 94 -48 38 -89 68 33 49 -25 73 -76 89 7 78 -17 3 -46 -93 -100 55 21 65 31 16 22 -4 5 -82 14 -28 -48 -34 -78 7 10 0 79 9 -12 69 77 -9 12 -22 -74 -92 -5 94 -7 -35 -53 5 -17 -69 -65 -15 
59 47 68 62 -78 -75 -10 49 -34 99 25 26 1 87 -87 25 -90 71 86 -38 -57 -63 14 73 -55 23 -24 -27 79 -76 -15 -56 47 -21 -7 -27 67 -78 -73 29 -24 15 -49 80 56 42 -34 -9 -32 -55 44 -36 94 -69 11 -10 73 -24 -67 -66 38 -1 -23 79 -75 -47 69 57 -57 69 -92 73 38 -9 49 -85 -97 -24 -61 43 42 -49 27 42 54 -41 93 77 -35 47 72 -76 10 98 89 90 -62 -65 64 46 51 6 -59 -42 20 -22 -9 42 -85 57 88 -26 48 
-60 -75 31 55 5 72 57 70 41 -97 -28 -49 -51 4 46 39 27 -26 31 73 -43 -68 44 -17 -52 -28 -38 32 33 53 -37 -88 70 -5 -2 71 -76 -69 92 74 46 -92 -32 -37 -69 -61 -50 15 83 -52 -48 -60 -26 -17 -66 -87 30 -83 -54 76 -66 -57 70 -54 79 75 4 -70 -85 -39 8 48 -78 57 86 -60 34 89 -97 7 94 -43 84 -13 11 25 -21 54 25 22 -20 96 -74 -89 -50 63 100 1 29 -96 24 35 45 33 -63 -74 -19 -42 -62 25 -56 -100 -100 
-36 -29 -64 95 96 -82 -81 96 -87 -96 -87 -56 -18 -52 -7 64 -12 14 -90 67 8 -69 -74 -68 52 -98 42 -9 -24 79 -92 -82 69 61 -28 -76 -40 -88 -91 95 -69 -31 -47 90 -27 -100 -45 26 50 -43 56 38 -93 -4 80 96 -38 -71 59 -49 -51 85 -19 -53 -93 -60 -42 -73 -16 72 46 9 -63 -11 -78 -93 38 -80 48 -62 -70 -22 81 32 -57 44 -8 -39 -57 -90 48 -24 28 14 54 97 83 67 -26 -21 -68 56 69 -2 88 -94 -74 17 -73 -57 18 3 89 
92 -51 -94 64 76 -96 64 51 -2 73 84 -25 -88 23 -16 45 55 -95 33 35 40 -99 96 -70 9 -66 81 83 -92 47 -36 -67 -7 -50 58 -26 -34 -54 76 -64 -82 -45 -95 -40 87 11 62 -99 55 -90 23 -73 0 75 -95 -66 4 -22 -77 -50 95 50 -72 -35 -46 74 -70 59 41 -9 88 33 -11 -100 9 80 -4 55 -42 -19 -14 -25 21 46 47 70 -85 -77 96 3 -58 76 -10 -37 81 16 89 -40 -3 -37 59 48 -67 -50 84 29 18 12 87 40 -100 74 70 
52 62 -37 -2 72 -55 -3 72 53 -33 18 28 -70 -27 -2 65 32 -27 28 -58 26 3 29 -24 -39 98 17 96 -43 -97 29 7 42 80 -30 97 -60 -28 -34 95 51 55 -59 -55 30 66 -96 -51 84 44 -68 67 -75 100 -98 0 71 -59 14 59 99 -66 24 -91 3 61 -8 2 -7 39 11 97 -25 89 -67 -39 3 -69 -40 92 11 -17 91 -54 -91 41 73 -25 18 19 -46 32 -73 -48 46 -19 5 55 -81 -54 -46 83 64 33 -26 71 95 -23 73 -84 29 93 -47 
32 -36 -72 50 -62 44 1 -86 -74 -74 -90 48 -87 93 -57 -42 9 -44 59 15 -96 64 -62 22 -95 -90 98 13 73 -77 13 -87 20 -36 -68 -7 -58 -40 -75 -29 4 -44 -25 40 9 -65 19 45 -100 38 -10 -88 -94 -23 90 71 76 90 -21 58 86 70 -87 49 98 29 2 21 -99 65 20 18 44 36 76 -15 19 -2 1 67 -99 69 -24 -82 18 4 29 43 -76 34 37 13 72 -81 91 43 55 91 46 -86 -10 56 87 65 -76 47 -5 31 -60 -95 -62 -5 87 
-23 95 97 92 89 -20 -84 -82 78 87 -48 -66 -26 90 39 56 66 -4 -33 50 -38 20 -72 88 68 48 -76 -65 97 -41 100 75 -6 -100 -83 -63 14 41 3 16 63 -5 -76 -68 -45 60 -38 67 -69 -94 56 99 20 -3 55 -69 20 68 44 16 -55 -2 -33 68 -8 -84 48 -20 -30 -95 -34 23 -25 17 -59 -50 34 -2 -54 37 -70 -33 -96 -86 68 79 56 -100 -46 20 0 77 -34 14 -52 -87 5 -1 95 46 85 18 -14 98 17 35 72 41 55 -25 -94 74 64 
100 -90 17 90 -13 40 52 -79 -46 33 -22 60 79 -47 24 -100 61 70 -19 -18 -90 11 1 -2 92 -80 -81 -26 50 -85 -16 -46 -19 62 39 35 -60 60 -47 29 -9 30 -20 0 -11 70 65 92 14 10 -53 -86 14 8 -14 57 67 68 -28 96 -26 -33 -49 53 3 64 -5 27 18 3 61 -9 -16 -67 -87 -84 -53 81 -50 95 -80 -72 -53 12 -90 49 -14 -97 59 -65 -80 -94 -21 5 -29 -35 87 65 27 0 -18 49 39 15 31 86 14 60 79 2 64 32 -28 
7 -69 13 -50 95 -49 -10 52 -31 -93 -27 -98 80 36 24 2 -16 63 30 76 69 100 18 53 -58 38 13 11 27 73 27 -85 -73 -75 -52 -78 -81 71 3 -14 -5 -76 89 51 -73 -28 -27 43 -63 -4 91 86 93 -16 92 -34 -63 -58 -7 89 -13 -71 -63 -87 44 -50 -77 80 -78 -51 84 -26 -58 -28 70 0 -23 -76 -95 47 25 73 -97 25 71 -80 -48 -64 64 47 95 -99 -40 -36 0 -98 -10 -93 98 -33 -3 -85 25 59 -58 -41 10 -21 67 50 -37 -26 -42 
-44 11 80 46 17 -32 -35 50 -44 17 -1 62 -39 -5 80 32 -96 -97 -35 -30 48 41 -75 -9 81 -13 -51 7 98 -19 -13 -51 51 97 -18 -21 -66 43 -89 -89 -25 94 -36 26 82 28 -8 -47 3 26 -75 -95 -38 56 99 -61 -61 -77 7 45 8 -93 -72 91 44 -23 -62 83 -52 16 -52 93 69 -97 -18 -40 12 -67 -94 -64 48 67 76 33 -69 87 99 47 44 94 -11 65 -3 57 8 1 -84 -56 -56 -100 -72 -29 97 31 75 -72 -41 -92 -87 -3 -71 27 72 
11 66 83 16 -74 33 -87 -48 100 51 -90 -97 -62 94 -39 -83 24 45 52 71 -35 -47 69 67 -56 -60 73 -95 -4 99 93 92 91 85 -51 63 25 96 -27 -11 32 41 28 24 -67 -11 -96 7 -15 88 -24 90 9 -58 82 -50 -87 27 -51 87 -95 41 -37 65 100 -28 16 -15 -25 95 -82 -88 -5 -95 36 -34 -22 -12 14 -82 -30 70 32 -88 -28 64 54 -70 60 -5 -26 -10 81 -57 78 -7 -10 93 -54 -2 46 49 -19 -53 -63 -61 16 -64 -96 -39 -87 75 -75 
25 -97 93 -62 -47 -23 -97 36 -86 -20 -11 -1 -12 92 37 -61 -47 44 88 -83 -87 52 -23 -75 61 27 42 38 -43 19 43 48 -93 -41 61 38 -96 -9 14 34 7 -36 29 -67 -94 -94 -20 -8 -1 -66 -66 -42 -43 54 96 -74 -63 -49 30 -99 -3 32 83 -68 -32 -33 6 26 2 -57 0 -14 20 -35 -45 81 -11 10 7 -86 41 6 -30 -27 -12 47 20 2 36 -3 -8 -73 31 96 -22 -58 -74 -36 42 -9 48 5 -60 -45 -15 62 -26 -81 -23 27 65 -65 -47 
78 -54 -78 -76 -6 66 88 68 44 58 -84 -10 43 -73 -77 23 -19 -99 65 71 39 94 65 -11 -38 11 -21 -52 -5 -48 43 -29 71 -20 20 -42 12 -25 42 19 99 51 -77 96 0 52 45 -14 -79 18 94 74 -70 0 23 -70 -23 -7 -62 -65 90 95 22 49 17 -44 -45 73 72 18 -59 -85 81 31 -27 -84 -52 -33 -69 21 -57 32 33 -100 -69 -92 -14 -64 86 86 29 100 -24 -10 94 66 14 66 -58 -53 -6 -13 -73 -75 27 -96 -92 -69 -27 -65 -78 59 57 
-9 -6 -94 -53 76 -87 -25 -71 4 -30 24 70 -13 93 -3 -86 51 -58 65 41 72 -89 5 -23 -29 21 -4 80 60 -76 86 -44 -29 59 -53 49 93 60 18 -3 -23 64 66 -89 -7 -91 83 21 -73 -41 -90 0 -77 31 -85 73 30 -38 7 49 23 42 -77 79 -68 -96 -44 -72 -29 62 -53 42 35 -83 -65 8 -37 -96 56 -46 22 16 29 -81 52 8 0 45 -68 37 -77 7 -32 -7 -53 3 64 -54 -90 78 -25 19 -77 -8 47 -77 -75 -12 58 47 74 -62 -16 
100 -47 -69 57 -39 -27 54 -60 76 -61 83 -35 -87 -42 61 -47 -65 22 -93 50 -97 -63 -63 37 22 67 64 -2 -75 -36 54 62 90 -37 -72 -1 -78 -33 -25 -72 93 7 78 -72 43 -71 -54 -9 24 -82 90 -56 76 -71 12 -95 -30 94 -24 30 -25 11 3 -97 2 -45 80 1 -92 1 42 49 -82 68 -67 65 -56 16 91 9 44 9 99 95 79 37 -46 12 38 78 -73 37 40 -42 -52 -27 16 90 47 38 38 -3 23 31 -24 76 1 76 61 90 -72 -4 43 
-25 16 -66 30 -38 12 79 -80 -31 4 10 -61 -34 68 44 -80 10 89 -37 13 76 -86 -4 -76 -14 13 87 54 -63 -17 53 -8 60 -63 -25 50 27 73 -47 -80 -33 46 20 24 26 -77 97 43 75 73 64 45 -55 -84 -32 -8 87 57 36 31 -22 93 21 -54 22 -5 -81 91 29 -7 79 92 -12 39 -52 38 18 -98 -42 -6 -74 21 -39 -60 -82 -34 85 39 41 -52 33 -98 49 -46 -45 -75 -3 80 27 -64 99 1 -3 -80 -37 -85 17 -82 -56 72 -59 97 62 
59 86 -18 78 69 4 55 -84 -89 -68 76 -91 62 -88 50 -37 -72 -71 -32 -96 -2 86 52 43 -22 -77 6 1 52 -85 82 95 -100 -53 73 -30 77 -22 77 42 4 -75 -17 62 -42 90 51 -74 -36 94 -50 12 -71 -9 -95 70 -71 82 -71 -33 -43 38 66 -81 -4 -15 -25 -63 63 59 58 -11 100 -53 98 -58 -17 -69 81 51 99 -25 20 -65 -36 -54 -7 15 66 18 19 -61 -95 22 52 -36 52 -47 -41 -11 -98 18 -5 -18 -32 54 -25 80 -64 78 44 -93 38 
-16 -93 -10 -12 -78 75 33 44 65 33 -69 43 -54 4 98 70 40 -1 -88 -11 -40 55 38 64 -44 92 -76 33 -67 35 31 -48 -69 9 53 -100 -19 -40 72 4 18 58 24 33 -81 98 27 -87 33 -21 7 -83 44 24 -25 -48 87 58 -65 -71 -9 -50 -21 -56 40 39 -93 31 -99 -46 -37 -44 -12 -9 -78 27 29 45 46 -72 3 -3 -72 -52 45 -57 67 -92 -36 69 2 85 -96 -57 -40 -61 -63 -18 -46 -39 10 -54 -86 42 -34 -21 -34 -21 -10 -52 25 -41 90 
24 -56 81 -68 -31 -50 -52 -7 91 -32 -51 29 65 58 -81 63 -23 56 16 27 -59 24 -8 -17 92 -98 2 -11 27 -98 -95 -96 -35 -53 -30 -70 -27 -68 -27 -88 -14 -13 -13 64 -3 26 77 58 5 92 -2 -18 -7 -95 -83 32 57 5 71 20 61 -36 -68 42 31 92 -99 -53 -86 -39 -92 -74 8 -67 21 -3 -35 84 12 63 -3 9 61 38 69 -16 4 -60 -18 -45 63 17 -70 84 16 -99 47 -23 -6 -7 6 -19 -96 -8 51 42 -37 26 -3 81 10 -42 -40 
73 -39 -24 18 99 70 -5 -19 -71 -57 80 6 -11 -58 -31 -62 -95 -70 5 -4 62 25 -75 66 -40 -25 -97 -90 50 -100 -41 17 -87 5 -48 29 28 -8 -25 -64 -13 -10 50 85 -3 3 60 93 -54 56 -84 100 -94 2 26 76 22 9 30 -49 -4 49 -57 60 78 -78 -94 37 76 -99 89 -27 -33 -32 70 32 -78 76 15 0 62 4 41 41 -64 -68 -81 12 -68 -83 -34 52 -30 -15 -1 73 26 -65 -100 62 80 78 4 66 -6 -65 99 -27 -45 -38 27 -23 -6 
46 -11 45 9 -24 -41 1 -17 66 -71 -55 -31 -91 -51 -32 -16 6 100 -88 16 -28 55 -44 -71 53 -33 83 67 14 98 -89 -28 -44 5 -98 1 17 -44 -85 23 46 -69 -98 31 -13 39 93 33 -25 -66 55 -4 39 27 -96 -57 -75 -70 -31 19 11 35 -11 17 21 -16 -33 84 10 12 31 4 -51 36 -30 100 21 12 -10 -88 85 -80 7 2 -67 -84 0 -27 98 -96 -23 -30 -76 -11 -51 -30 42 10 -69 -40 -59 83 53 46 -9 10 -70 -60 -39 39 -58 -38 85 
-13 -99 -90 -31 -67 5 -89 78 -83 16 -18 -13 -42 -30 30 90 80 43 -50 90 -55 -18 -85 43 -5 66 23 45 -11 -85 -28 -18 77 7 -40 96 -90 -35 -77 -82 -65 11 -45 51 -96 24 100 17 -61 -60 80 29 -7 -32 23 -84 -78 -52 100 71 -88 80 -27 -79 -97 -18 -49 -65 -35 -58 93 78 -50 84 -14 -55 80 27 45 -1 10 -70 16 0 40 92 96 3 -49 -26 61 -45 97 37 83 -100 -75 43 100 91 -75 20 57 30 91 -44 -100 -74 -45 95 -79 -5 77 
-60 -30 -35 -8 -67 55 -75 -50 80 80 -25 100 -77 100 -77 -18 46 13 -43 40 -68 -39 66 57 -20 -9 27 79 1 53 90 68 56 -16 -21 -10 -64 -21 -72 95 -46 -68 85 -44 18 47 95 44 -7 -78 10 -34 64 -47 89 -80 -11 50 -5 66 -57 34 48 93 -66 37 3 -37 82 14 -58 64 30 15 -22 -3 -21 -39 -12 26 62 95 -4 90 -82 53 -55 -7 30 2 -64 -73 52 28 -40 -25 -35 -62 -71 -97 75 -25 -64 -93 -33 -23 -24 -92 83 -59 20 -87 87 
-10 48 18 16 -46 58 -30 -35 75 45 43 17 0 -63 43 -68 -62 -56 6 -6 -7 -58 53 -28 10 -5 -55 39 32 83 -93 -68 -98 6 -89 -92 57 -9 37 -93 25 -17 -54 3 36 3 -89 -5 -20 57 72 -10 -100 13 -68 10 94 6 -13 -87 73 -58 -81 67 -46 60 32 67 -67 -28 -96 -31 -50 -94 24 -69 45 -58 -20 16 -93 -82 -66 56 18 -43 16 -5 3 -78 94 -72 -72 -51 50 17 -40 49 32 40 18 84 3 97 64 85 77 -99 9 -13 63 97 31 
4 -6 98 -76 62 -4 79 81 66 7 63 88 -98 -43 -70 -45 -67 16 89 88 75 54 21 -6 -89 -23 81 58 -38 33 77 -64 35 -17 22 27 82 80 66 -100 -72 7 33 -2 -64 13 -81 87 71 -67 41 57 42 11 96 50 79 -88 84 -14 68 68 77 53 62 76 24 74 75 -3 -73 61 -49 7 28 -45 2 -47 14 -28 18 46 64 -72 65 15 -55 -32 16 -40 -83 -90 25 89 -89 73 -7 -14 96 -44 -50 56 47 -84 3 -95 70 90 -18 52 -62 28 38 
-63 67 -55 81 76 -49 -82 -42 -51 -34 58 -49 0 -1 -79 32 22 -15 -94 -37 61 53 -59 -77 72 -17 -46 94 54 -47 -52 -24 81 -82 49 53 -31 -45 95 -19 8 44 92 -93 94 83 -17 -44 -95 70 92 74 -66 91 -74 70 51 -65 13 71 -74 -25 17 -5 -91 -7 50 -26 5 92 -90 -46 42 35 81 -79 -14 -98 72 60 -88 37 -8 -50 1 -67 59 26 95 86 -75 94 67 -49 18 -15 96 -71 41 -19 -86 -56 -67 24 -89 7 -4 78 20 -65 -81 37 -69 
-73 -17 89 72 80 -61 62 57 -41 81 -57 33 -84 27 -78 -26 74 85 83 -92 -21 25 -3 -78 -44 -48 88 -42 -74 -2 -74 79 35 4 27 96 86 -74 -37 -27 80 37 -1 -76 -42 -49 11 79 81 33 -38 -46 49 -84 -76 28 -28 82 83 -65 38 60 47 95 65 21 70 -97 -10 -77 6 53 -28 0 71 -6 64 52 17 -68 -96 -71 -6 -29 -24 92 75 88 48 -4 30 -96 52 20 49 42 56 32 17 -73 78 41 -100 2 77 -37 -32 -97 17 -87 91 86 42 
90 23 2 -38 55 1 41 45 38 69 -8 75 -50 54 85 62 21 50 -90 -32 -1 80 -85 36 -65 -52 62 37 -5 -21 -39 14 10 -28 92 70 -44 -35 91 62 15 75 93 5 -37 -45 -82 -67 -4 -87 -13 64 60 -87 41 87 76 67 8 -36 31 27 8 -94 19 -92 -99 24 -49 -9 91 -41 -31 97 79 -46 -84 62 87 -22 30 -36 -44 61 97 65 14 84 -24 -60 81 86 -87 -34 -47 -2 -13 -21 78 58 22 78 -46 -71 96 -85 46 -79 49 7 -62 -45 -15 
15 81 -29 -61 64 29 20 43 75 20 -94 -28 97 9 42 -54 -38 -98 -93 27 -3 62 -67 -19 80 29 33 -63 41 31 56 -11 43 25 -37 70 -19 11 31 74 -53 69 -36 87 56 -63 36 11 -6 7 -94 12 0 38 -79 43 60 93 75 45 44 -29 20 97 88 13 56 -71 74 84 99 -4 57 -45 -58 -54 -28 -36 -98 2 51 -94 33 9 -50 85 -69 44 -18 -50 48 27 -22 -1 -66 54 -24 -65 -65 30 18 -14 -14 -15 -20 60 -32 -60 70 -100 51 -12 -91 
-46 -94 -64 -27 74 15 -93 31 64 -36 37 43 67 16 -56 -23 -78 23 35 -76 88 77 7 -7 -15 -36 -47 100 19 -98 -85 66 18 86 -63 82 -47 -58 -96 -22 9 -36 -16 40 0 81 90 -63 -90 71 85 87 -93 -14 -67 0 99 86 -68 -81 -22 47 13 -20 21 -43 -74 -87 11 83 -9 -15 23 23 51 29 13 -1 -18 44 -66 -99 93 61 -38 -18 -20 24 24 -93 10 2 61 -91 -71 30 12 46 -80 -98 -51 18 -78 75 -71 -67 51 93 3 -72 21 21 7 
-69 94 -18 -64 86 -23 66 65 -96 -96 100 3 52 -95 -10 41 -2 80 -97 24 -68 -42 89 -64 -73 -1 -95 98 -6 -19 53 74 -14 5 -40 80 -37 -49 59 -78 73 23 80 97 89 20 20 67 40 -77 -96 -16 77 -42 99 9 -84 -17 -59 35 -66 -60 -10 62 -53 39 61 -79 14 -3 -99 -5 -55 94 -40 21 25 -81 79 -69 14 -31 -3 86 69 8 13 -77 79 30 52 -10 54 30 83 -7 46 88 15 -41 98 58 -9 -23 -44 -58 85 52 19 -18 48 2 40 
-55 21 50 -86 -16 40 90 -87 88 -23 -8 -10 -57 -60 -99 30 51 22 -78 -7 93 -29 -72 91 59 78 -40 72 56 32 79 -52 65 -16 99 14 -38 -66 -40 -9 -56 -26 82 81 84 -63 10 -12 85 -78 60 69 61 38 4 40 -41 -48 24 21 -70 -90 85 -59 83 44 83 -63 48 -35 100 -33 68 86 61 54 -44 73 61 -61 -48 66 -58 -84 36 -86 -46 89 21 95 -20 -67 -8 81 12 80 -37 -31 41 90 -36 5 -51 47 77 -29 -62 -38 45 -65 -92 86 89 
48 97 53 88 77 -76 3 81 98 -48 -10 -44 44 -53 40 33 -37 94 95 -45 43 99 -86 86 -74 55 43 47 79 -87 -76 65 -2 -39 40 -53 0 -18 -86 55 -25 -90 22 -73 -27 59 57 -64 12 27 14 94 -23 0 -41 83 69 68 70 86 95 3 75 27 36 -39 -85 87 7 4 38 -91 72 52 47 -49 -4 -35 -72 80 8 -45 -63 63 -28 -8 15 -22 13 58 -68 81 45 73 -81 -27 -37 55 43 30 -12 68 96 -87 63 73 -14 32 45 -95 -94 36 -20 
-25 10 87 -52 21 -98 43 7 -2 -37 -52 95 66 -47 -37 46 60 -25 88 -31 -30 28 -62 -67 -45 55 46 15 -99 5 -24 -88 -97 -23 -66 -65 -42 -71 1 14 92 76 3 -42 -58 3 60 74 -52 -11 -87 -94 -48 -53 -57 -37 1 23 69 62 -33 41 -81 -84 -55 -77 27 -88 -71 -2 -19 99 -29 -82 -50 89 -84 -100 -95 49 63 -75 -66 26 -69 45 5 -68 22 44 -99 -63 -41 -58 2 -15 -94 -34 -39 58 -18 -81 -35 -36 80 -69 73 85 -57 76 -61 -34 -42 
61 -87 -11 67 -76 28 82 34 -37 15 -77 -24 39 -23 63 -19 -92 42 -70 66 -76 -10 44 -57 12 -95 89 21 -44 83 24 -85 -27 21 57 -91 4 11 2 6 -57 78 -48 48 -29 74 91 86 88 86 -75 56 54 -95 -12 -12 2 -86 -46 42 -11 75 12 -73 100 -98 -23 48 -68 85 71 -39 65 65 26 28 -20 84 58 19 -74 69 2 29 25 25 12 2 -35 -96 -45 -93 63 -22 38 -89 34 -4 -33 -12 -19 -93 -82 -12 92 -51 21 -84 -29 -79 99 62 -48 
-46 79 94 84 -54 -65 74 -57 -15 -38 45 52 -67 40 86 -87 -55 -21 -83 51 -19 49 92 21 -78 -59 46 50 1 33 62 98 -29 16 67 40 4 34 96 -95 12 -43 -10 -32 -21 70 82 49 77 -46 -80 -5 -17 25 70 -60 45 11 42 86 83 47 -48 -28 64 4 -96 -25 92 30 37 74 95 -24 -89 33 75 -73 -36 -58 -3 3 -83 -78 -93 76 -29 -76 -25 -44 -51 -100 -100 83 8 76 88 -4 32 46 -25 2 25 40 -79 33 -88 46 90 -92 -10 53 -23 
41 54 0 -24 8 31 85 92 -11 -66 34 -1 -94 -63 27 -63 45 -72 53 18 -72 2 -41 -50 -34 69 -12 -10 1 -74 -10 -96 89 18 -100 -36 41 -68 -43 74 73 45 81 99 41 53 -19 -31 25 54 8 -4 46 -5 39 77 -21 -6 -32 -49 -96 -51 -36 -100 -77 10 93 89 48 -99 0 -17 87 -94 -50 -18 -29 -11 64 -1 -75 -10 -36 -66 49 50 99 -97 -61 46 -54 8 44 63 64 -65 61 -68 17 65 -85 -68 -24 67 78 71 68 -2 22 -58 -53 -50 66 
-33 -54 74 4 86 -69 2 -15 -1 -44 -67 -5 -9 84 -62 73 37 -23 73 -28 -14 -7 42 -87 50 -26 -58 -47 59 41 -28 36 57 97 -42 1 -87 31 65 -14 21 56 10 24 -57 85 -91 -57 -57 -1 -4 67 -24 28 62 -35 58 -22 0 25 46 75 68 9 -46 64 16 71 -77 -80 -51 -2 -92 -23 -25 29 54 54 -64 -92 13 2 19 31 19 -36 13 -5 80 -91 -25 90 -21 -54 32 80 -83 -37 -5 89 40 -50 -23 96 26 -3 -38 -15 -62 -51 95 -16 43 
9 94 -65 86 -40 40 -72 56 72 -78 46 39 59 -49 74 5 -18 2 99 32 -2 -94 -69 -90 65 6 -86 -67 86 -28 79 -80 -2 -33 -23 10 81 -42 -29 -12 -4 16 -30 -69 75 73 84 17 50 41 69 11 -16 -87 29 70 51 -43 -60 47 63 15 -7 -62 -2 -69 -80 93 9 -16 -85 65 87 -69 11 0 65 -79 -74 -18 53 56 68 -76 -12 12 -99 4 48 10 -76 43 -10 -53 -94 82 -14 -25 10 -28 21 16 100 60 -63 -48 15 -30 -85 93 -79 6 73 
-67 76 -20 -64 15 56 -32 -8 -28 -61 -11 -66 -28 -6 -34 -86 70 -12 -14 -59 -80 -11 89 71 42 63 -79 -18 100 -95 -96 -86 41 64 80 -14 -59 -31 -91 -8 68 -34 86 -66 -64 94 53 -3 49 88 49 16 77 -73 55 3 -51 79 13 7 34 49 -94 -98 36 -93 72 -15 65 -97 -10 80 29 -11 12 78 -19 -12 -83 78 71 -71 -25 -90 25 -97 -59 37 71 65 23 26 87 -31 -61 -25 -89 21 -33 -27 -98 45 46 6 -45 -92 -4 -5 6 -55 36 50 35 
93 -39 -78 69 -20 -2 78 44 53 -56 97 38 -1 -68 44 11 -26 85 -42 -42 71 -84 -28 30 -3 9 78 17 27 34 17 71 40 69 -22 -13 -100 -79 -75 -92 -30 95 -40 -54 -8 58 51 -73 -73 -12 -61 40 5 -29 53 -50 -17 84 -60 40 -4 -52 49 -19 -33 -87 39 -50 -47 34 -61 42 -58 -19 -26 -84 -6 81 38 -77 6 -80 -48 44 -4 -92 49 -99 -82 -1 27 19 3 56 -77 -32 8 58 92 40 8 50 -68 56 46 -16 -18 -93 -10 6 19 -64 -11 
-73 63 57 -23 -65 87 61 -68 99 -42 78 61 -43 -17 -98 -41 -90 -1 77 -30 96 -15 33 -52 -56 6 -71 -28 29 -85 -49 -67 18 80 -26 -97 -60 -54 92 -84 19 -87 16 3 39 -43 -23 67 22 84 54 3 66 43 14 -38 62 -83 74 41 -16 35 -89 -85 25 -36 -56 78 -13 -12 10 36 54 -89 72 -64 -22 4 -88 80 45 -28 -29 8 31 -21 21 -84 5 -62 -70 65 -53 -78 100 -35 99 70 -32 93 47 -95 -53 -60 79 77 -89 -84 85 -24 37 -91 -62 
24 -63 -9 -63 -10 -5 52 -64 -25 48 81 40 55 -46 6 50 -37 -19 20 8 -76 -16 86 10 -3 98 -26 83 98 70 -81 -65 -79 -92 -24 -1 -40 -92 -58 85 15 71 0 -74 -98 98 -7 26 -14 40 59 -73 -66 85 -38 29 74 26 64 -73 -31 37 -39 8 -9 56 -1 89 61 -6 -28 44 75 72 57 -24 34 14 58 42 -1 89 85 100 -39 -7 -67 30 17 -64 -88 -31 82 31 -61 -61 87 65 -35 71 -89 53 50 18 -100 -83 -38 11 -57 -17 100 -18 -46 
-68 61 -80 -74 39 -73 -6 -35 8 -14 -60 -90 58 26 -4 -46 61 -78 81 -71 22 -20 89 73 73 -5 68 -30 -89 -68 -81 17 47 95 -20 -56 97 -5 -16 -80 -90 67 -50 14 -77 -93 -35 14 -75 -45 97 -57 -73 69 82 19 87 -40 -99 87 72 -18 -1 4 76 -40 -18 -47 -36 -34 61 -50 -46 -9 99 70 -83 -21 81 -84 -71 44 -89 91 -4 81 -97 65 -24 75 45 29 -15 86 -10 -82 -18 64 54 -58 -62 72 -73 50 -62 94 96 -94 75 15 64 -35 -39 
37 39 -15 99 38 -17 10 83 -81 68 -1 73 -10 -44 69 41 -78 84 6 56 19 88 27 -5 24 -43 -67 38 -9 15 72 73 6 28 13 -96 -28 73 -12 82 27 35 -38 40 60 85 67 61 -4 -64 98 94 -21 88 100 -2 -44 96 59 6 90 -38 73 65 44 -40 -1 -32 -91 65 93 -41 26 21 57 79 23 44 -41 -76 74 67 -42 -26 -75 20 8 -58 85 45 49 18 96 -44 25 48 8 -100 -47 -25 -84 -88 -4 -3 31 -83 55 -36 -64 45 8 -6 61 
93 -3 85 -60 10 -56 -43 -95 29 -2 38 32 -21 -31 41 -98 -68 -58 72 24 16 37 -71 35 53 40 59 88 -18 -17 -16 82 70 43 -55 -30 20 -51 92 -25 13 -83 20 -67 -100 -80 39 4 53 33 55 16 -83 -10 -7 -12 97 24 -40 -42 -22 13 9 70 -64 -49 0 -54 24 73 -88 -74 48 -58 -85 -90 92 25 75 35 96 58 -7 94 53 -89 7 -54 86 -57 -82 -71 -44 -55 -11 -15 -49 -68 -95 53 63 -2 0 -58 -48 -40 74 -98 -14 42 0 -84 -85 
-28 -41 -96 -79 -84 6 44 29 -63 84 54 23 19 -68 -33 49 32 83 20 -37 -13 -9 95 78 -41 81 -81 63 98 3 84 -51 12 95 0 -45 29 40 -11 -67 -100 76 61 -83 43 83 -49 -6 37 27 -96 -63 -61 -31 -55 73 -59 86 -26 -96 13 7 -32 -12 50 81 1 15 71 -76 34 -84 36 95 -68 30 89 -67 90 -99 80 29 49 53 15 -85 -51 23 -44 -27 -51 -8 -4 -53 98 33 6 -99 51 -77 64 22 -82 -22 63 41 13 38 38 11 80 -44 20 
-4 82 -31 74 39 82 -9 57 -83 -36 26 -80 -23 -83 -95 -43 -44 22 -68 -25 15 87 -83 82 -22 -62 2 -12 -70 -66 95 23 -52 -67 11 -68 82 -33 39 17 85 -33 71 56 13 -78 39 -54 9 7 -66 -22 8 -73 57 -2 -35 98 89 30 -90 -19 -6 -82 54 13 47 89 -53 -77 -13 30 18 -20 -10 44 45 64 -20 -16 -99 66 45 5 78 40 -41 2 69 -32 48 -35 -36 36 -88 -47 90 -64 -42 -48 1 -85 19 -90 -25 68 49 25 49 64 24 -78 -58 
-90 81 -38 98 -33 -92 -98 52 -21 20 53 -94 -87 -55 26 -100 64 -86 -95 52 -29 16 -20 33 -35 -96 -49 56 -90 99 -1 -92 46 -31 -60 -92 -83 -77 64 44 -100 -53 1 -23 63 84 -84 75 -97 91 18 -1 -95 -62 -91 -91 -26 -32 66 73 6 -7 -91 -16 39 99 87 -26 -64 -8 -35 -21 -90 11 -24 82 81 -25 94 67 9 -69 85 14 -38 87 41 7 -34 -43 5 -82 96 -69 -45 1 -99 -9 -81 -29 -74 -12 43 76 -12 31 -32 -43 -82 7 -28 47 -51 
70 -78 -65 60 -87 20 -50 14 59 -29 53 -52 88 -33 17 7 79 -88 66 72 6 -39 -71 34 -70 -32 -54 96 -21 93 -61 24 86 93 -53 3 56 -98 -34 -88 -5 32 24 -75 -45 -47 -45 58 -55 -38 85 -47 -68 70 46 -87 73 -97 50 66 96 -93 -65 97 18 -75 77 -50 26 -24 59 49 -7 34 10 96 -5 69 72 -56 26 77 -42 -83 29 -61 -59 -64 58 31 84 0 -93 83 -45 79 75 -21 -80 52 -75 58 56 -51 -92 1 76 35 -7 -32 -15 -95 16 
-98 22 89 -92 -20 -22 -98 41 43 72 -97 -79 64 -25 -69 34 -7 39 87 57 97 -80 22 56 89 -76 -75 -43 75 -8 -23 -61 -27 80 90 -82 39 -30 -69 -33 34 42 -41 -1 -100 -42 9 -48 -74 84 73 -86 15 -16 42 36 -25 24 45 -42 -16 -65 44 -13 36 25 49 20 -18 25 61 -83 -31 99 59 -65 -65 -53 -22 13 -4 -60 77 28 100 -24 14 78 -88 -88 51 62 84 -36 -74 -100 -91 40 67 72 5 -96 87 -71 -27 -42 -47 22 8 13 83 29 47 
-48 -53 79 -26 42 92 -77 -40 -69 97 66 3 93 79 76 22 78 72 -35 80 -79 -41 24 19 57 -56 -61 -34 -80 74 35 -29 66 46 18 -14 59 16 28 -67 55 9 -28 -63 -98 65 25 -80 -10 -66 -46 26 -95 -22 66 35 -25 93 85 -51 -62 -58 -9 58 1 -48 -39 14 76 -89 -49 -72 -72 -65 -42 100 0 -6 2 -86 -60 70 97 20 -96 93 -84 -90 30 -76 -74 -28 -27 66 15 -4 95 -82 -68 -14 -39 58 71 12 55 -45 91 92 -96 93 -21 45 92 
-2 34 -21 -97 -1 77 -25 -65 96 3 -19 48 55 -16 -45 24 46 87 88 -76 -38 75 -1 0 67 89 6 100 -72 -5 85 -99 97 35 89 87 -55 33 -78 -18 2 -16 -83 56 -83 13 72 41 -38 -18 -41 -56 -41 88 -23 -61 76 74 -51 64 -80 -95 -86 89 -46 31 -10 -94 33 -28 -92 -69 -85 87 -51 -97 -28 1 10 54 21 -20 42 20 60 21 33 -77 20 -28 94 -83 -89 99 -74 43 -77 55 79 51 -77 16 -5 -13 100 -96 -92 34 78 -93 -72 -45 -53 
41 16 -24 -17 -45 -27 88 100 7 52 -6 64 14 58 14 74 33 -46 -79 91 71 15 68 -50 34 -4 37 -41 -59 73 100 -36 -1 -16 50 33 -47 -62 25 -24 91 -22 -21 73 88 6 55 -14 25 72 52 -9 90 -11 73 77 67 97 -63 -92 35 -22 40 61 43 -52 -29 57 -6 -74 13 93 53 -58 -25 5 33 13 -18 55 68 -32 -59 -91 61 -45 88 -1 -66 -88 -24 -24 -23 91 -8 38 65 -23 83 55 99 -58 -5 -42 75 -18 -20 -97 8 -62 86 32 15 
71 31 -67 100 58 -18 -8 -34 47 66 34 85 -2 -23 97 13 -26 -100 59 72 20 65 99 3 -70 -52 -85 23 -46 -83 -73 39 83 91 -40 -29 47 -40 38 45 67 88 -64 83 89 -62 63 23 32 -91 80 -17 -83 16 -70 -19 -88 -39 38 -30 -31 79 -57 -85 9 48 -32 66 82 39 33 79 13 67 95 -35 9 -80 93 47 -61 -42 -91 -27 -19 34 46 45 -24 33 -62 7 32 28 80 81 54 -16 27 -94 57 86 53 -29 88 -15 10 29 -92 -53 -80 58 -77 
85 45 -65 33 58 19 -4 -55 66 41 -44 18 94 -39 18 -90 18 -74 3 17 -68 64 -89 -64 -78 64 25 -22 45 42 60 -8 43 78 35 82 -69 75 92 -11 -96 37 -42 -22 -97 92 15 -30 -48 -13 47 6 -97 47 -43 64 -8 8 38 -79 -86 -29 -83 15 51 36 98 -95 -72 34 -4 34 -14 13 92 -60 76 -72 -43 23 -83 45 -4 -48 12 -25 39 -57 46 82 -62 80 -88 -90 44 -42 54 8 -65 -99 67 -36 -27 -20 -18 4 -50 65 69 84 81 35 -78 
-37 54 35 -27 -57 -46 54 26 -38 -49 37 -86 74 -94 -55 53 63 0 21 -59 -39 -32 64 -57 7 30 98 -55 45 21 -95 50 22 -60 -14 42 6 39 -34 -8 -52 -92 70 0 72 91 -12 45 -52 7 55 -99 -17 93 -69 32 31 27 -15 -100 -75 68 62 67 -67 98 -70 -91 -34 -22 7 -62 29 -40 -62 -88 23 -13 -72 -67 -55 -97 -84 96 -34 99 89 64 -49 -53 -13 -54 -17 -86 80 72 84 100 -94 -25 -77 91 21 85 -70 -25 19 41 -51 27 61 46 -55 
-50 74 -91 46 -56 -16 -20 48 24 93 -38 61 68 -65 -87 54 89 -80 34 -27 52 5 -32 2 -54 75 -67 8 -3 -88 79 -27 -54 -77 70 -94 -83 -40 80 99 -50 -60 -43 -86 45 -54 88 64 18 41 83 -36 -7 0 49 -21 40 68 75 -29 -93 -47 93 -47 -31 66 -54 86 38 81 39 -36 -37 100 94 92 -12 -18 17 -54 -25 72 91 -92 -6 3 -86 87 92 -86 -52 -30 -23 -89 85 61 -43 75 -82 -90 -85 35 34 -80 50 -16 -32 57 13 -84 0 46 2 
66 -2 93 -60 -23 61 -37 -96 -69 -35 -53 -20 72 70 7 63 20 36 88 96 -32 100 83 52 -53 67 73 -26 55 -56 97 6 64 69 59 33 -6 -39 -15 -59 65 -79 -23 10 85 80 -71 85 -75 47 69 -40 -65 -100 -21 42 55 15 -79 19 47 -25 70 61 29 -73 -33 60 20 11 8 -84 -73 -74 42 -48 44 21 0 85 37 -79 82 6 -23 30 69 98 30 -93 -71 100 26 21 -89 50 -91 -5 35 70 32 21 2 87 -49 -37 -32 -76 -59 62 -5 -70 -21 
-62 81 89 29 -80 -47 3 -63 -19 -64 33 -58 75 -56 -93 -15 -84 69 12 -23 76 60 85 60 -89 -23 26 -74 65 83 13 -86 -79 8 40 -5 -60 -64 38 83 72 -28 -87 -47 90 100 -16 51 -69 -96 69 -34 -58 51 59 -93 58 98 59 -49 -48 70 4 41 91 -22 51 11 44 -72 -48 6 -42 19 -76 -74 -57 -19 -72 -61 -15 50 59 11 -48 47 -100 -77 -82 -17 48 -81 -75 -80 -21 49 55 30 -21 -84 12 -56 -23 36 -58 -64 4 -56 86 51 86 -37 90 
90 94 -60 -76 -66 -69 -64 -55 -99 -57 19 56 27 84 -35 -24 -5 -80 -86 92 2 68 88 20 -29 6 66 -88 38 11 64 20 -67 36 -39 -89 64 -26 -95 -48 -79 66 -96 -69 11 -36 99 77 -24 -41 49 84 7 39 -21 33 -71 -78 -5 17 -63 -100 69 -92 32 73 -97 -3 28 90 22 17 75 86 22 85 24 -59 -70 58 -39 23 65 73 96 -26 -70 -39 -17 41 -92 19 -32 36 -89 -18 85 -58 4 55 69 -63 69 55 66 -51 31 67 73 4 6 75 80 
76 84 56 62 34 -12 55 40 -29 85 -84 -75 -94 -87 -9 -85 67 -71 65 82 -39 12 -76 -93 79 -90 -100 48 34 19 -85 54 15 64 19 38 36 85 -4 -1 59 -8 29 93 29 -90 -21 91 45 -15 92 -16 -50 -16 -57 -2 -22 75 42 33 -38 -58 -18 90 -100 -72 -47 11 -67 64 52 -88 6 -65 48 98 5 -37 55 -97 0 -91 -87 -68 -90 61 50 -66 -39 -34 60 10 1 -39 -12 -88 89 23 -21 -100 -35 1 18 -6 -59 -97 -67 -22 79 3 45 -47 -62 
-38 -28 66 -72 -23 -88 -39 84 -42 77 94 58 -100 48 44 -93 99 52 -89 -91 -14 -11 -22 -57 -69 -23 90 18 56 99 -62 57 93 21 -20 89 -16 -58 -47 49 34 -19 -84 -22 -57 -69 67 28 17 29 -47 -3 -59 -21 -79 -39 60 -1 27 -37 60 34 -5 73 -45 38 -61 29 -55 -48 -14 -87 79 -5 -5 -37 -88 22 -53 -78 82 70 -62 -61 74 -37 -41 -61 -43 12 -14 -8 62 24 52 90 51 -57 22 6 -74 -35 -6 -76 51 -83 40 75 -75 80 -24 33 47 
42 -68 18 -7 22 9 90 -52 -18 -64 -55 1 81 78 95 19 83 -9 99 26 -77 66 -51 -46 -25 52 9 -77 57 25 -32 -100 17 5 21 69 -37 -77 -77 -58 -6 38 28 -78 -71 -8 89 3 -94 58 64 41 -52 -36 -60 1 -57 -90 -91 22 -73 -20 58 18 70 -35 -87 -42 -17 -17 -83 -22 -88 64 72 83 71 29 -55 -81 26 -80 37 -14 -4 -46 -58 25 26 -52 53 31 64 27 -10 -52 -88 100 94 68 -88 -92 3 18 60 77 13 -69 -47 -94 -88 48 59 
97 -10 -16 16 44 83 -23 -92 19 65 50 -28 -82 57 -26 40 -41 -73 -6 53 42 33 -53 29 -46 -57 -61 -33 93 78 -26 -100 17 -31 -30 -94 76 -41 -72 -34 96 -87 -17 37 -52 -21 37 -95 -21 -16 -69 100 59 -29 -9 -36 -90 -32 95 48 43 -12 60 90 85 52 67 -31 -49 -98 -97 98 -24 -58 -19 16 -48 45 -45 12 61 35 27 100 49 16 -81 -66 -65 91 1 -89 -74 -70 -92 97 -16 -18 -38 -31 -62 43 23 14 53 -37 44 -59 -35 19 -1 -27 -68 
-92 94 93 72 -65 79 15 -36 8 94 -5 65 -87 -44 9 97 -80 -76 31 -81 -98 75 -95 96 0 14 33 8 -77 55 -49 -82 -81 -81 -44 37 47 12 -36 -79 19 9 77 -75 67 72 31 87 -24 -92 4 72 -66 -11 53 -93 38 68 -94 -71 -63 59 64 97 34 40 -94 -93 -48 -98 67 95 63 -85 -49 69 82 -33 -10 78 52 50 55 -17 -6 55 -72 80 78 -96 -50 -22 -36 52 -92 -43 75 4 -78 -24 71 -46 60 81 -44 3 -60 0 -72 -30 -39 -44 -27 
6 29 -35 -95 28 90 76 99 85 41 79 73 -32 -33 49 57 100 28 13 -73 100 -15 -87 -36 91 -1 77 61 -32 78 -87 -73 30 97 82 -91 88 -92 70 60 61 87 38 -44 -56 -32 -23 -40 28 76 -2 33 -3 15 -36 75 73 64 -30 -54 51 -21 62 -58 48 60 -17 6 84 -5 55 76 -43 52 -44 -43 -100 -12 -54 -58 42 -86 -93 80 95 -85 74 97 3 53 84 -61 31 98 48 -36 -94 99 68 30 -24 3 12 -22 99 60 70 70 4 55 48 -76 16 
-57 95 70 -6 -25 51 -82 -41 -59 70 -79 -87 59 86 88 -64 28 -21 73 75 -9 97 51 -14 32 -5 6 3 -62 -60 29 -52 -51 -24 -87 -21 20 -86 48 -53 47 -84 37 -63 -57 29 -22 -63 89 -10 -21 14 -96 35 -56 -87 -100 6 80 -62 53 81 -15 -14 42 13 14 91 -46 46 -57 35 100 67 6 25 -89 75 -5 11 -44 28 -49 -67 -87 40 72 91 58 -35 71 76 -15 96 90 32 -93 -63 10 -85 -78 -21 -10 -33 62 -86 -80 46 19 -47 -35 -66 32 
76 73 39 -20 -64 -15 57 -68 -19 -4 -31 93 -47 -72 33 -76 82 -83 -23 62 7 20 82 78 39 66 -5 -34 -58 -4 -23 -2 72 -16 -33 -75 -45 71 95 -51 79 -40 -5 -30 26 12 -67 38 59 -27 90 69 -20 63 -63 85 59 -62 -19 -64 -21 -53 1 -92 -17 -13 -57 -77 37 -8 -13 15 43 18 -34 -58 -98 66 -23 -5 82 28 -46 0 -35 54 -5 -50 24 83 26 4 -64 -10 -90 94 -23 49 25 -99 -97 41 -73 93 -34 67 65 79 92 -65 68 5 -55 
43 -16 -100 44 -32 -27 17 -21 -33 83 44 -98 -76 87 46 67 82 -50 14 -58 38 -29 -55 -67 -56 -95 20 27 4 72 -66 92 -67 -39 -92 -25 -90 91 27 69 39 59 6 73 -19 67 -20 -96 75 75 23 57 -60 -13 -74 -45 -40 -80 90 8 -43 -8 -3 -12 71 67 87 -99 32 -56 4 -92 67 -39 -55 -5 92 9 -36 51 99 49 -2 -77 -49 -95 -21 -20 -59 -74 -39 50 30 73 30 -59 -79 63 86 63 57 -26 -89 0 -45 -56 -38 -72 79 -44 25 -61 64 
1 -20 -73 -62 -87 -62 -80 -8 -49 -34 -35 -60 -19 94 -28 57 -70 -26 -46 78 -97 -28 -88 -98 -22 -50 -97 -27 -21 -15 -82 56 -54 67 99 1 48 1 -56 -16 61 -49 -98 -44 72 -68 -72 94 -42 65 97 18 30 65 56 86 73 1 98 7 77 61 -12 19 -91 -3 20 -7 -69 -72 -11 10 -68 -21 -82 100 18 -5 -48 -99 -46 -5 46 10 -21 78 -77 -73 -26 75 62 -86 -53 53 -87 70 -25 -31 44 1 -89 -71 39 -96 25 25 10 32 42 67 95 0 41 
58 18 90 17 93 26 -58 -87 -80 61 30 -31 90 -65 51 -55 58 -17 -22 45 78 -35 -8 66 27 -21 -17 96 16 -18 15 28 -11 -51 -89 -76 -25 -59 -75 25 11 17 -17 -44 -81 53 29 26 63 -100 24 72 7 -48 99 14 71 99 57 -2 51 23 -20 28 53 -72 71 -22 -9 60 -39 72 37 67 89 -28 51 60 26 -76 53 -68 31 53 -14 12 86 96 -70 -74 30 -22 -9 -29 94 -66 -63 62 -95 91 89 -5 73 -6 56 -33 41 -89 -58 -100 38 -74 -4 
-46 23 86 77 94 -99 -79 -99 -43 -26 -35 -8 -66 -30 -48 -12 -98 -99 -87 100 -16 -52 4 51 23 -1 99 -56 -78 -3 26 36 -67 -43 28 -79 -56 -90 -80 -20 30 82 -65 -5 -14 5 -58 -38 22 77 49 4 14 -96 -89 3 -42 -75 -94 38 9 -84 45 97 -26 -78 71 -41 93 -75 -40 -59 19 58 63 77 62 -28 63 -28 96 19 -86 74 -69 -74 46 -85 58 15 -75 73 6 -68 0 -58 -53 -51 100 -23 -55 31 -21 -44 -67 -88 -26 20 -23 43 23 -65 -74 
4 34 -33 71 49 -94 -50 53 36 22 7 20 70 -45 15 -86 68 -45 -62 -89 55 -93 67 1 -23 -100 -61 -78 -15 -9 81 83 71 -38 -35 -67 4 -42 25 -67 1 -13 45 -76 66 -18 -81 -13 22 3 -4 29 -71 -52 96 52 -84 95 -78 -33 84 14 50 23 14 49 -52 24 23 -93 64 48 -1 24 -30 -25 62 -97 94 29 89 79 -24 -24 -43 52 -85 -46 64 -63 -67 13 96 -20 -93 -57 98 -16 70 -69 97 27 14 80 -82 37 40 92 -47 31 -77 -61 -47 
100 58 -19 -96 -55 -6 -70 9 6 -74 -58 66 58 54 -48 34 -71 70 -67 89 2 11 -83 -75 89 60 45 -42 -97 -60 -56 78 63 -82 17 -90 57 60 37 -52 -52 -80 13 39 -80 31 21 -27 -69 -67 -13 -33 33 -33 -60 -23 77 33 -96 95 -36 -28 -52 -8 -3 -27 50 -80 -52 -54 68 46 51 -9 65 -25 -53 -52 13 -80 23 42 -14 76 -93 -99 -39 -1 76 -69 -89 -22 -69 16 6 -29 99 -18 67 33 88 39 -68 4 -86 68 52 -37 -91 92 38 7 -41 
69 18 -19 -21 95 -75 -6 -11 40 -64 -29 -81 19 7 -72 -15 -52 -43 76 -17 -33 48 45 -8 -55 98 -7 85 49 34 91 -70 15 -21 -39 12 -60 -84 14 -75 -17 -22 11 -9 -67 -79 7 -71 42 -72 88 -97 0 -100 55 -38 -40 -67 -36 10 -18 -75 61 -24 42 -12 -35 35 -34 -71 -32 -16 -86 -4 88 -30 77 68 -73 -56 5 71 -66 66 69 -61 31 -28 -24 -10 64 -97 -97 11 20 -91 95 69 -34 67 50 34 85 12 -8 77 96 85 -80 -68 -65 -82 -63 
-97 36 3 -39 -78 100 -75 28 35 -24 33 -97 69 -74 54 16 66 86 -61 11 68 -31 -83 -82 94 36 9 22 16 67 -51 17 83 67 -94 -57 53 84 -77 -63 20 63 -50 -68 53 -46 39 15 37 62 -50 -55 16 60 62 12 92 -46 -98 -53 -65 -57 13 39 -22 -81 -58 -17 20 42 -86 -22 -44 -73 75 -69 -96 -29 -1 -43 -13 -11 -86 80 67 -68 -43 -54 75 14 -61 41 -4 -50 51 5 13 52 -13 -79 -32 4 -58 -83 -39 41 36 21 -3 31 48 78 -38 
45 -60 29 -38 -97 -16 -76 6 -94 -75 15 -77 -6 27 -26 81 88 57 -5 84 87 -100 50 -65 -37 72 -12 99 -65 -11 -46 94 51 53 -84 69 76 -26 14 69 -91 -71 -95 13 -73 11 -45 64 -1 -14 -65 9 -7 36 69 1 19 39 -71 77 -88 11 -45 55 -88 -51 46 91 91 -40 69 44 23 -70 -2 -13 76 -17 75 91 51 -95 47 63 2 61 -28 30 -28 -34 41 65 5 -31 4 17 92 100 95 -44 69 40 66 39 0 -14 54 34 -32 -46 -18 40 -27 
-22 94 100 39 67 54 -73 -98 -69 19 65 -63 46 -46 -39 -87 -77 -51 -47 58 5 22 39 -88 -79 19 31 17 22 77 23 -9 20 -34 19 85 -63 -61 58 -19 -71 -48 17 35 -42 0 -7 -48 16 -32 77 21 -12 35 7 9 31 82 15 -86 -18 -79 34 -60 -10 71 -82 -81 72 48 -74 -96 61 82 64 27 83 -64 20 -97 3 -16 30 27 78 46 -92 -94 -40 -88 94 -36 -27 87 -39 -16 15 -23 43 99 5 100 -49 14 60 96 -84 96 30 98 -28 -18 39 
33 91 -17 89 -75 -17 28 94 -100 32 36 -7 -77 23 70 21 -41 24 70 88 -43 43 36 98 93 -77 61 93 13 40 -36 -8 25 -24 28 -84 95 -7 -34 -77 21 -4 63 -69 64 14 -16 -33 83 -72 18 -90 -47 23 6 -74 84 -58 -30 38 -22 -96 -57 -86 -6 -24 56 -16 -1 -88 53 74 56 -79 -4 79 -35 26 50 26 36 84 55 -59 -47 -47 55 -57 11 -90 9 26 96 86 89 1 -17 -65 51 -71 -64 -97 46 -40 -61 -65 14 56 62 29 23 58 64 
17 -65 -89 -37 97 39 -6 -42 -28 -24 -81 -17 82 -30 -11 -40 -100 64 37 -23 28 -23 2 -90 -54 -64 -35 24 76 73 -44 38 76 64 2 -89 48 77 -47 15 48 -20 71 -98 27 -24 -62 -75 -85 -59 0 -61 40 20 67 -17 2 -13 72 -73 71 -27 16 34 -98 -15 -61 -17 -7 82 43 47 -30 -57 -48 -43 43 1 61 40 -5 45 92 -40 26 -43 23 36 9 -29 86 -87 -48 -29 -25 48 -52 -41 42 22 -16 -100 -30 -27 -93 34 -87 47 -49 -14 73 52 26 
-24 5 68 -36 77 23 9 -91 -57 96 -26 -43 17 39 11 92 74 -82 -10 -57 -3 -88 -22 -52 -47 -21 -41 90 13 -49 -53 -94 -4 3 -99 42 24 -8 -79 89 94 -3 27 -71 75 70 1 -62 43 71 50 92 96 -81 0 -71 1 -77 -38 85 12 11 -62 25 42 45 36 88 69 98 54 78 25 64 -94 19 37 63 -49 -15 81 -51 -12 -4 -38 -96 -96 -74 -57 41 78 23 -76 33 33 50 89 65 -3 -48 30 29 -8 85 -56 -27 -98 -70 -72 -14 99 -41 80 
-33 -74 -4 -97 18 -85 87 -33 -63 13 35 -86 -76 -57 35 -79 83 -15 -77 78 53 -63 36 4 25 65 -44 10 -43 93 69 58 -96 18 52 48 -52 50 -31 25 -28 -33 -22 59 -32 18 -75 -62 64 42 24 34 -67 88 -74 -55 55 -4 56 70 -71 83 94 97 87 -67 -92 97 51 -41 80 -25 68 -47 84 64 -95 -77 20 -39 7 -84 -51 46 -77 -28 91 0 -52 -24 74 20 -77 -33 67 13 -62 31 -98 -90 25 -39 -79 -40 -83 40 39 22 17 -9 3 44 40 
