0 -97 -42 85 48 84 -1 -47 47 9 16 -49 57 -41 -35 64 -6 -21 66 -46 -74 -49 59 19 -44 -76 -92 -50 14 -47 -3 -18 73 38 56 -75 -39 -21 38 21 -39 -87 -18 73 98 73 7 -1 -49 17 40 1 -60 3 -8 -60 30 -35 44 -14 65 -95 98 -17 45 -24 59 8 7 50 16 -78 9 -97 -22 -6 -49 -45 -30 97 
-27 -50 -59 -36 -39 -95 66 88 97 -11 -51 54 -93 4 75 -97 74 18 -13 76 -5 10 64 46 26 48 97 16 60 -32 -75 50 2 -99 58 -72 14 -76 -46 51 -93 90 92 -85 -22 99 44 80 85 -13 -28 -86 54 -28 85 91 78 71 -50 -38 95 51 -92 -90 88 -58 -53 -5 54 -55 -8 -40 -89 80 99 78 -84 -56 5 -8 
21 -44 96 62 -61 -29 -51 78 -69 -78 -38 59 98 -1 81 -43 -97 100 45 20 42 87 23 40 90 77 -8 -54 67 -44 63 -75 93 -49 -89 35 -79 -82 -26 45 78 -58 83 81 67 -7 -60 64 71 -35 -72 89 19 52 -65 25 -13 48 -38 78 95 62 15 64 17 10 79 -91 -86 12 52 88 -34 -76 -5 -40 -20 34 74 -91 
92 -88 57 4 -64 7 -32 -91 -59 -41 91 52 46 22 94 16 71 21 38 -29 43 -13 -94 -58 -66 -23 92 72 80 64 -86 -10 0 6 -45 9 -24 99 100 78 -59 89 59 -75 -70 68 72 -82 -81 61 89 66 -1 -92 -48 95 -100 29 43 77 84 -44 33 -36 -93 28 -73 -30 -16 42 -43 -46 32 -4 5 16 49 -55 73 -64 
-34 -37 63 -78 86 5 83 96 -50 84 30 90 -46 91 -10 -90 -20 47 16 -52 48 99 -86 -20 67 55 -25 20 36 -82 44 -73 34 -10 57 -22 -98 -41 -43 50 -8 -28 -69 11 53 85 -31 16 -94 -3 -64 -21 -21 82 -49 27 94 -54 -88 -49 -100 -47 84 -40 -50 82 -100 23 61 21 -78 6 -5 1 -87 76 -100 -24 21 69 
-61 -46 -39 -8 88 48 -90 22 -64 0 -9 22 42 88 79 94 81 11 89 -8 -49 92 23 -21 -92 -55 -74 72 68 -45 -12 -12 41 -77 -16 -15 -77 12 -88 -89 66 -35 50 90 98 41 -94 62 11 14 -55 90 84 21 11 66 55 94 -88 23 -27 39 46 -37 -10 69 -29 -5 52 51 -38 -50 68 -81 -43 -3 72 -88 -65 -30 
-81 -26 61 -48 82 80 33 94 57 -12 -95 -57 68 -86 16 -27 48 12 96 -31 -8 -16 26 -91 -60 56 -20 -69 -47 -87 -59 -58 61 -65 1 -58 53 -51 -34 73 94 57 57 -46 -28 59 1 9 -58 -84 74 80 50 -61 40 68 -49 63 41 20 8 45 33 38 -68 -79 41 -69 4 75 -7 12 -71 55 93 -81 -1 -69 -58 -56 
-100 -61 15 -58 4 47 89 -16 -32 32 17 -97 58 1 -68 -36 53 -23 28 72 -57 -2 10 8 -68 -12 53 -93 79 -4 -58 97 -1 -21 86 32 97 68 25 33 94 6 35 -9 -11 -78 15 -94 25 68 62 53 71 -52 88 88 60 43 9 1 -82 -88 19 -18 -27 28 32 -51 15 99 -99 80 86 3 11 91 97 30 13 57 
-91 -44 -46 -15 -95 -91 57 -26 -16 -36 63 -4 -22 12 72 -27 90 78 -87 -25 34 -35 -59 -75 72 -13 -75 -28 5 -4 -80 -88 -64 -70 -88 40 60 1 100 9 -59 -25 81 -50 -92 -13 75 -52 70 33 -43 -5 8 40 -19 86 100 -41 54 -87 82 59 62 22 -81 -85 -5 52 36 -68 -34 47 58 43 46 66 -32 -36 38 34 
-63 67 62 44 59 -52 94 33 -56 50 -74 -27 16 -81 -81 96 66 82 -58 25 -24 75 43 6 12 2 -89 -31 58 52 94 94 12 98 -80 80 69 99 -17 -19 83 78 -57 37 -100 -74 67 -84 90 35 36 18 97 -99 -98 -62 -32 -39 -89 -21 -85 55 45 71 -75 96 58 77 -80 53 70 36 36 -91 -78 -90 -25 6 65 74 
-41 -90 74 -86 7 92 -47 -33 45 -33 -29 -75 -98 -73 2 -90 41 68 22 -5 -53 66 -15 27 84 -11 -48 -76 -30 13 -41 84 -37 93 -69 84 -33 70 -36 77 62 -40 -14 49 29 -59 70 -55 84 74 42 -79 -80 -28 -90 -85 -22 -82 25 -22 69 -55 -50 91 -97 93 -18 74 43 -60 -3 80 9 82 40 4 -68 30 74 -41 
35 -84 -49 36 54 38 33 -21 -50 55 -26 -85 60 -37 54 -45 -99 99 -89 40 87 14 14 -61 8 68 -5 95 -4 16 96 12 -18 -89 -36 1 91 59 34 22 -94 -42 -54 -28 69 32 37 71 94 -18 -16 69 16 -64 39 16 -64 8 -29 63 -92 2 -60 -2 83 -64 -29 72 -42 -74 -48 -87 -35 -40 23 63 -78 70 52 16 
28 37 -45 21 -75 95 90 63 -3 35 -50 57 30 47 -90 -92 -11 -41 96 40 -37 -61 -71 -48 38 80 -73 39 -55 58 87 39 5 -92 -59 29 -7 -62 25 -100 -47 68 -36 56 -62 -41 -80 32 -73 -11 -42 84 -55 83 23 -90 -55 13 41 -70 89 -78 -87 77 28 70 -27 -36 -86 27 57 99 53 -99 -42 -76 33 -27 -38 11 
46 69 6 61 -26 -2 -91 45 38 -33 -63 25 43 -34 12 1 -71 85 23 -41 -13 -20 75 73 76 98 47 -84 22 -6 59 -75 65 23 7 8 -100 81 6 1 44 -83 -66 -93 -73 -27 84 60 -28 57 2 42 -72 -79 41 -55 -39 -90 34 21 17 24 79 -1 46 13 -53 -18 -38 -91 24 29 21 -89 -27 -99 20 70 89 -64 
-26 35 -13 80 78 -86 -60 -77 -84 -71 28 -50 -94 52 28 19 -91 45 3 -47 87 -91 -53 -66 -16 -5 -48 -23 -36 52 -66 -95 -54 85 -32 93 -55 87 -39 86 55 -8 80 15 -8 90 55 -16 -69 71 -94 -58 43 46 93 50 98 -11 -61 -58 -97 -25 -24 -42 -78 -71 20 14 -55 -85 22 90 57 -75 -46 50 -49 -43 41 -33 
74 -87 99 -84 1 -10 -12 -6 -66 81 45 12 -88 7 24 27 39 -44 5 -23 11 -16 34 -12 18 -96 -71 76 -88 -34 -57 100 -45 21 65 71 85 -11 -58 42 -54 67 -79 -36 95 84 59 78 -40 85 -64 -51 68 -97 -46 14 -30 81 -67 -40 8 -88 -19 -18 -96 44 -91 21 -16 39 30 -63 12 -27 22 15 73 50 -42 -8 
55 3 87 40 15 8 -69 -79 -58 44 -100 -42 -13 54 -83 4 98 2 72 84 -42 13 -39 -27 -62 8 -64 -16 4 -14 -64 -13 -37 -78 -4 -44 -70 -32 94 60 -21 36 73 -86 62 55 39 -2 -64 -35 -31 65 -3 -94 -75 97 -10 54 33 -66 -15 -30 -23 6 75 96 78 35 32 22 62 -68 14 61 -87 -62 -95 -82 -15 -51 
-98 -71 36 38 -16 -29 -34 -49 -21 -7 -64 -59 85 -14 -4 -95 -60 46 -70 -81 49 20 30 51 50 99 22 -67 -62 -25 -35 90 -92 53 96 80 57 74 -25 84 22 13 53 -58 -94 -44 42 -87 -59 27 89 -36 24 5 3 -69 -11 -53 14 -84 -80 -30 31 2 -78 86 71 -3 -37 -2 29 89 -35 -94 32 -29 -63 77 26 32 
1 76 86 84 -100 -11 -45 14 -81 -11 -11 -72 -29 -98 -65 6 -62 67 26 -95 -15 -41 85 20 -75 44 33 -86 83 78 41 62 100 56 100 29 7 -30 -96 97 3 25 76 -67 50 -96 -48 44 -75 8 7 8 -55 -74 -81 -16 97 87 -80 53 -29 33 -43 -34 -22 96 -80 -90 -27 48 -57 84 -76 -68 -91 -26 -76 -56 74 18 
-36 -50 5 -29 76 -7 37 -85 -22 40 -83 -69 -44 -9 -90 -28 53 -40 93 43 31 -69 -1 -60 32 2 93 97 -66 -52 -77 -84 -81 -98 70 -53 -18 14 -93 -37 9 -70 85 61 -67 67 -37 40 63 20 77 45 -28 92 43 -23 -53 79 31 -5 46 52 98 -18 -4 2 -4 49 -87 -54 29 75 -68 -80 -85 94 -37 43 11 34 
-70 56 98 -94 66 -51 80 -20 -85 98 4 72 11 -73 17 41 32 -88 62 -81 -73 -62 -23 36 63 -33 98 38 96 -60 65 -40 54 -89 -98 54 45 28 38 75 -79 -28 -85 11 11 -18 -86 5 30 -57 -8 -92 65 86 68 4 -67 50 -7 44 -41 -4 -30 50 -84 -75 54 -4 -94 23 -62 83 -2 70 -28 -70 -49 -61 -21 -5 
11 52 17 80 61 90 60 -93 46 -4 -58 -77 56 53 60 15 -28 -29 43 64 -85 39 -87 66 -100 44 97 -60 -53 -15 -12 -66 -75 -33 -95 42 -74 23 -72 -17 -96 -17 -28 51 -48 -34 -10 98 -3 -36 -72 -32 -62 6 -90 -38 77 59 -31 -27 58 47 87 -95 -25 -99 -44 6 -37 -54 -80 -82 44 -68 -6 44 -48 73 -42 -59 
79 87 46 -78 76 -54 37 7 43 -40 1 30 9 -3 17 -1 96 33 53 -48 92 44 80 -47 -1 -28 44 65 -56 -81 62 58 -91 -71 -50 -33 67 -69 44 -52 -34 -5 87 49 23 -24 94 50 -4 18 -79 96 -33 48 -88 -24 66 -87 17 72 91 -49 -21 62 -30 -58 -78 -34 1 91 55 43 53 34 39 -19 -77 49 -30 -74 
61 -16 -34 -54 -84 -12 -85 69 4 -24 97 -27 -58 -21 -53 53 -33 -88 10 -95 4 49 -78 -44 -23 72 -100 -52 8 30 -40 -31 -30 -100 -49 -83 -97 -17 45 -84 -66 -22 22 -9 -67 -17 12 -29 67 46 -71 4 71 27 96 86 -62 -46 46 -50 93 -15 43 10 61 -75 58 -56 -85 99 53 52 69 92 3 -72 25 -94 -79 43 
81 -30 -37 -3 77 70 -98 85 47 70 0 -43 -27 14 -19 -97 -28 -69 -11 -21 32 0 59 69 44 95 30 -67 -50 -13 -57 -3 -14 -41 56 -91 47 31 -57 -34 32 20 -50 5 -41 -53 18 -59 -18 -39 4 8 60 28 -7 21 -15 -4 20 -17 -21 78 -25 -12 12 -38 -93 65 38 88 -38 -41 46 -93 28 -81 78 -71 -16 -25 
64 14 -58 -98 -40 -87 20 -15 -78 62 -38 61 82 -50 -14 19 -44 -44 -24 31 -20 16 65 87 -27 -56 87 -53 91 19 43 64 -1 50 86 -77 -66 -89 -9 22 87 -99 55 91 -55 -60 -64 -21 19 -89 -38 100 95 -56 -32 -50 -59 -7 -12 -85 42 69 -64 45 58 -64 56 72 -3 37 -29 35 -38 18 -69 31 -36 -70 38 45 
60 -77 -85 58 10 -35 -46 -7 48 14 93 -54 -33 -20 -79 75 25 -88 -4 -6 69 -48 94 -17 -90 15 -10 17 19 -84 -3 -79 30 16 -35 35 -98 25 -53 -48 -31 -52 59 -98 -79 -17 14 31 8 -61 100 80 -48 22 47 -46 61 -37 100 -89 24 -80 35 -38 -22 -6 78 -47 -57 -76 -57 9 0 -34 -4 -66 87 84 -87 53 
30 -82 -93 60 73 -86 33 22 68 76 -80 -39 -23 -70 -45 82 74 86 85 41 65 -100 -76 67 -76 38 73 64 -63 5 -62 82 -96 -49 -83 52 -41 62 55 -79 -23 -56 -4 -93 73 -15 -22 88 -42 -23 87 4 84 59 16 -21 -98 -73 32 -35 -66 81 -2 39 -39 -34 -98 -39 -65 84 -13 -83 27 -12 57 -51 -40 -7 -77 -92 
-84 82 -63 -32 48 45 -24 59 10 12 61 29 31 -8 68 -84 80 34 91 69 53 5 -86 79 -8 53 52 62 26 95 18 -59 79 -41 -13 19 82 68 41 -22 82 63 -86 -16 -41 20 -46 87 90 -57 -84 30 87 -58 5 99 -84 -70 87 -24 65 100 -7 -51 77 -82 23 66 63 57 40 17 -98 65 -97 -54 73 -75 -91 -16 
-21 87 -87 11 -33 36 60 79 93 -19 -57 53 27 -18 -44 23 97 16 9 5 43 22 18 -68 -32 -61 21 17 19 4 46 16 -40 -66 45 -66 -25 -53 87 -6 -71 19 54 72 53 -59 64 -57 -17 -62 -28 56 -99 50 89 -14 -22 6 -52 -75 81 -29 38 -25 -2 25 -76 -88 -66 -41 58 89 -38 -99 -47 67 85 15 54 -91 
-64 -64 -4 -54 98 1 32 98 -47 -98 -60 -41 -68 -41 78 43 -48 52 12 91 3 -19 -16 -61 -50 38 -58 -26 -81 76 89 69 -88 -65 53 -78 44 -3 24 99 96 88 -60 90 16 10 27 -53 75 55 -89 -73 -87 62 34 57 -71 95 82 78 -21 16 7 -91 11 -45 98 -99 39 53 72 12 -45 61 32 -62 96 70 6 6 
-35 -28 -4 36 25 10 9 54 -63 -74 -67 67 31 -33 80 7 78 51 95 -41 -31 -51 -81 -16 -48 2 -39 39 -80 77 -54 -27 -52 -23 74 -92 62 19 -34 -57 -6 -51 40 -60 -28 -38 -18 33 87 60 -83 -45 66 -90 -37 98 3 -62 -99 -65 -85 -33 17 -29 49 43 -68 60 -86 52 54 -28 -81 -12 -89 -74 64 -71 -31 17 
-14 28 -30 38 -64 7 -11 -23 -4 85 -13 30 -14 7 -29 86 -67 89 90 47 85 -73 86 -89 -5 74 -16 -5 33 33 -37 23 -73 -58 84 46 -55 74 15 -68 31 92 37 68 -52 97 17 -67 -88 -6 59 -42 -65 -33 81 -1 10 4 46 87 67 40 -4 -77 -44 81 -59 -69 -25 5 60 97 50 89 -99 -86 -28 6 -99 49 
-50 -44 -86 81 -62 -56 93 84 10 65 31 -13 -70 -67 67 46 -12 -21 22 -11 83 -47 -32 -63 -65 -23 -50 -68 4 79 -68 -6 36 -88 -60 89 -21 48 61 -84 -75 10 -21 12 -72 62 47 -37 47 20 71 51 -64 16 -93 85 -50 -37 26 -10 -55 -31 -5 85 20 -100 -82 -44 -99 91 -63 56 -47 46 -28 -6 34 -80 -38 54 
31 -82 97 -20 4 -27 -28 66 93 96 -56 -29 17 -4 75 43 -51 -12 -3 -57 67 -66 44 -94 21 -61 76 -69 -37 -21 59 56 2 2 -10 -52 12 61 12 -42 -3 47 -88 70 26 27 -88 -37 -73 -59 -93 10 -98 65 59 -21 47 13 -40 -76 23 43 -42 -2 46 25 66 -55 -93 95 15 -38 -7 -10 -66 36 -30 -12 -83 7 
-80 -41 -50 -61 -89 80 73 -63 40 -74 -15 -9 100 -4 89 19 55 -73 35 30 5 -17 -34 23 18 25 -4 4 -53 -7 25 7 37 -48 -58 -41 19 73 -13 -45 -54 43 -99 67 -32 -52 -47 63 -12 41 43 -37 69 -8 12 87 -15 -94 -69 -27 -7 57 -12 6 -43 81 -76 10 39 -63 -29 -33 -76 73 -79 18 98 -3 91 -87 
-54 -85 43 31 -69 38 1 1 97 53 14 -27 84 77 -63 -47 30 89 29 7 74 -86 -37 35 82 -84 12 -38 -29 0 98 -92 -21 15 78 -51 -88 -2 -29 46 -71 25 -59 -25 12 -11 -87 81 -25 -50 67 -84 -71 8 39 97 -68 75 -52 38 60 17 -37 39 -45 -73 9 -45 -89 -10 -74 -84 -97 31 -69 93 80 60 18 89 
-1 13 16 -94 17 -7 63 39 64 -43 -9 -17 9 55 -89 -22 16 -14 44 45 0 -88 54 35 -78 44 -26 -18 67 -13 -60 19 20 48 -20 -26 69 -3 -86 100 -71 -34 -19 67 20 33 49 49 -60 14 11 -24 -56 -26 28 -98 53 3 -14 -78 -95 40 -53 -69 5 -2 -44 -57 45 23 -8 39 -53 -78 51 77 5 6 78 67 
45 79 -58 -70 -78 -84 61 99 25 -21 -30 55 45 15 -42 -88 12 89 64 86 3 38 -6 -48 31 19 52 61 35 -95 -44 -76 46 68 -10 -4 -71 -25 -68 61 66 13 -61 -54 -38 -26 -26 -6 -49 79 34 71 1 -38 84 -6 -37 -84 60 -80 4 -63 36 -49 1 -79 -35 93 -36 53 25 4 -92 -71 -69 -89 -82 -47 -58 -93 
46 33 -82 85 -29 -78 69 -61 -34 -87 83 22 -5 -54 -65 -87 20 93 48 -21 12 -91 -69 -10 90 -80 46 -36 58 -51 85 -10 65 -74 -2 73 -72 52 23 64 7 63 -96 91 59 -9 -53 -64 54 -36 76 -46 -84 -26 69 18 62 -99 -78 73 51 -26 51 31 -47 72 68 55 -60 54 -30 -90 -2 -37 -23 82 -8 -16 -24 26 
-54 -16 -44 -17 32 28 19 -25 96 -62 -17 -57 -60 2 40 68 41 32 -35 72 92 -83 -36 -81 -58 40 55 -61 32 -7 -86 -93 -28 -32 -52 -29 -77 47 72 56 58 -53 79 -85 -35 -32 95 -76 86 -93 -65 -57 4 -52 -21 3 11 58 -81 28 -99 6 -46 -96 -16 18 29 -87 -57 27 -57 39 20 -30 40 -70 50 14 -84 0 
-95 1 80 63 -47 87 35 75 71 -27 -51 -5 63 -99 22 2 46 54 69 -10 -83 -85 -48 39 -10 -35 83 -98 71 43 7 -58 99 -89 92 52 95 62 51 29 -48 -85 38 -87 31 -100 10 92 25 -38 -48 37 39 -27 -33 -94 -66 -76 -28 -69 -72 -91 69 84 -15 -91 87 -47 -76 -85 -24 29 -94 4 -11 -91 -10 5 31 93 
-79 -38 -50 -85 -15 41 64 -88 -37 12 42 -92 8 29 42 -44 6 -14 57 -68 -40 72 96 -73 -99 -49 81 60 -27 -77 -83 -79 -41 38 -64 -45 -58 -59 48 -72 -34 77 19 -46 91 -32 -3 63 86 -69 23 17 61 -73 68 -29 -31 52 -58 -19 93 42 93 76 5 -21 62 -56 39 -13 97 -16 52 30 -2 20 52 -100 67 85 
-54 -7 19 -53 1 -25 81 19 -16 53 6 -64 -19 -32 85 -31 60 -97 -31 96 60 -36 16 27 -8 5 34 5 -38 3 -71 -53 45 -37 -87 -39 93 17 -98 49 -11 59 20 -16 -9 81 -30 -68 21 22 18 -41 -53 81 -47 -89 70 81 77 94 77 9 84 19 -94 42 -33 94 17 46 -65 84 11 74 -17 96 98 50 -47 -37 
-30 -4 42 -90 47 41 38 39 -68 -67 -77 7 26 51 -79 -87 36 -22 33 -95 -54 -31 27 -55 72 -72 -48 62 62 -40 27 96 -15 87 -20 -64 86 79 -76 69 51 53 17 -24 -60 -27 -49 -71 -85 -58 -18 -66 75 -43 76 94 28 -14 4 22 -1 -43 71 -39 -35 37 -70 92 -12 -32 -84 -62 -79 -10 -96 -72 -65 -81 61 -51 
92 -23 33 -80 -56 81 46 24 -25 -9 36 31 61 46 -75 29 45 -91 -25 -38 -9 -52 35 59 43 17 -47 40 23 -56 29 66 -7 -30 96 2 -72 67 -13 66 69 -4 61 -54 -92 10 -34 34 14 -52 91 -6 82 22 25 -94 74 -79 -32 18 -65 -96 88 -77 86 -36 26 88 7 -97 -9 33 55 25 93 -98 67 42 -14 27 
75 -55 19 -79 -10 -37 -49 1 67 57 16 -22 81 19 -27 85 -85 90 1 -47 -93 10 -77 21 84 -79 -18 64 -90 33 -56 -79 12 -14 -79 -75 -50 -41 90 -26 84 -69 60 -87 -50 63 31 -87 -20 -72 38 -91 -75 48 92 19 17 88 -65 57 -21 78 13 63 91 -53 -43 35 -74 -46 50 26 36 4 -61 -89 67 76 58 83 
45 -100 -55 -6 19 61 68 55 24 89 -12 80 35 -8 92 -61 -75 77 32 100 -1 -20 -6 24 66 -82 72 1 -70 -46 51 47 -67 90 -33 -58 88 98 73 61 -20 69 -95 -56 85 -7 -23 16 -78 20 -79 -79 14 35 97 32 36 41 38 -39 6 18 43 93 16 -68 11 -33 -40 7 51 -73 -13 -73 50 -50 -45 -7 -9 -40 
44 -20 -24 -55 -1 -98 88 -51 -26 -62 -54 98 -88 43 47 -48 20 -46 -39 -64 28 -15 6 13 59 98 -87 -67 -69 -52 20 -54 -51 -21 -11 15 90 74 45 -93 -81 -38 -65 -65 93 -17 25 45 89 14 -21 -5 88 -73 38 9 -73 44 -31 99 -8 89 56 95 51 51 52 85 -76 -51 -86 89 75 18 -8 36 -4 7 -70 -22 
65 43 51 91 -25 -13 -25 -96 55 13 -54 -67 68 86 10 92 53 78 16 48 93 98 88 60 64 48 -31 20 39 62 27 35 -35 49 -3 -56 -90 93 -76 -54 -72 -54 14 41 -14 -43 -32 96 -48 71 -95 -28 58 49 -1 -40 37 41 -36 -30 -76 -83 -41 -33 -61 14 -98 18 82 -80 55 -89 5 -50 41 -27 47 -88 -81 23 
75 88 23 -5 90 89 32 17 91 8 -1 90 -55 -71 21 65 -86 4 54 -57 41 -76 49 -74 -11 85 20 19 -70 83 85 20 -81 93 58 92 4 43 98 13 -71 -61 58 -61 89 -20 76 -1 -78 -81 -70 77 -6 15 -51 35 58 -9 -88 95 -64 -59 -91 64 -9 5 -52 -18 -22 -43 72 29 47 76 -72 -70 31 -6 54 83 
-35 65 -22 76 100 13 -90 72 73 9 -44 100 -88 8 -43 -97 43 -7 -66 -75 18 69 58 42 -10 -47 56 -53 -17 -20 -28 -4 14 5 69 -44 4 35 0 41 91 -32 -100 8 -50 46 77 22 -98 6 -84 51 -55 24 -57 93 -50 24 90 22 -78 -52 31 47 1 94 45 -83 47 -42 -42 -66 -91 29 -2 -60 78 91 9 -54 
-94 -58 -38 24 -53 39 49 15 93 45 -49 -54 -19 -99 -89 84 29 -66 60 40 0 -28 -100 70 -40 42 28 62 29 -26 19 -21 79 22 62 -2 -63 -43 21 32 96 91 -56 -19 -87 97 24 -54 -64 -86 90 -42 70 8 85 -91 -19 100 -31 -89 95 79 -23 -82 9 -67 31 1 33 -55 -2 -38 -58 37 28 49 -28 48 -47 22 
-68 -77 -48 63 -60 -51 20 1 -100 80 17 18 2 34 -45 -45 24 -70 70 14 43 -64 42 96 -78 -84 -8 -23 -77 -69 35 86 -18 -54 -59 65 -72 75 36 -46 -57 -44 90 -20 -62 97 22 65 64 -78 -38 -73 25 20 -64 -23 75 0 -6 -18 -43 -13 56 -4 -44 85 -35 46 79 -16 -1 -69 -7 12 77 100 -8 28 -38 -31 
-52 48 -69 -58 -6 -33 38 63 51 -5 -8 -4 -12 -19 19 81 -58 58 -86 71 -80 1 -64 79 33 21 -61 16 89 92 88 38 -50 -61 93 49 -88 -40 -34 -70 67 67 44 26 11 0 -67 70 -85 -17 -87 -65 14 -85 -97 -81 93 -18 93 -52 -3 12 -26 75 55 -59 56 50 22 60 78 -85 22 -65 -48 78 -59 -83 -73 -80 
16 82 -84 -76 57 -3 70 -10 -29 69 88 -4 -67 97 -61 -71 83 100 -77 11 -39 15 -14 -53 -37 -57 -78 94 -44 92 -76 -3 95 -37 39 8 89 -1 -13 40 -81 -72 -64 86 29 -37 -54 53 -10 8 -2 -93 -72 -24 -78 -83 -92 90 23 -90 -74 25 56 85 9 -9 -85 -3 47 -14 -70 -39 92 5 28 33 94 -1 -50 -27 
92 87 76 97 20 -15 27 95 -33 46 3 39 98 70 75 58 -9 76 66 -64 -33 53 72 100 -86 -40 -64 99 -40 -95 72 -32 -46 58 -48 87 -77 -16 -4 17 -72 86 -39 -5 -91 35 -88 -66 13 90 71 -92 -1 -87 -24 -8 -79 -92 -71 11 52 33 58 -42 -35 -2 -86 -72 33 87 -49 87 -63 -57 -71 71 -80 -14 -64 -9 
-76 -75 12 70 -43 -20 36 -81 3 61 58 -19 94 54 25 89 -25 9 100 12 68 27 18 46 86 86 51 5 -89 15 -55 3 44 -37 -76 57 35 -81 61 -94 -21 -70 -47 -65 -2 -80 -67 50 -94 45 -19 79 -32 22 70 95 -48 -34 22 -71 2 -68 -28 -48 -91 34 -42 -30 61 91 -28 26 77 -5 -49 41 -14 -34 55 -35 
-4 8 -73 38 -14 -48 44 -54 4 41 38 -70 -53 36 -76 9 -5 46 -92 24 -38 19 57 -54 38 18 -25 95 -60 37 10 -68 99 -30 -11 51 61 19 63 76 -12 70 -8 -72 38 -42 -74 79 -64 53 -6 -75 75 -56 -48 -99 32 -68 -48 13 -12 66 51 78 -27 -56 55 23 -14 8 -74 51 43 -78 31 21 36 -68 52 77 
-95 -8 15 78 11 -45 -89 83 -56 35 78 -19 72 82 -77 58 -64 34 35 62 63 -16 -31 -89 3 -76 71 2 -81 -7 11 66 18 53 -43 57 15 -96 -50 11 -27 -69 -88 48 -7 -38 12 37 -11 43 -79 -18 -8 -3 81 29 -37 -43 60 -60 -43 41 73 -29 78 -79 22 2 88 -48 -96 89 -46 58 -56 85 3 65 -28 5 
-30 -99 18 97 59 9 89 11 -59 1 54 -22 -10 -60 98 10 100 65 -46 -48 93 49 -11 21 84 -12 -30 96 55 3 88 61 76 10 -56 -13 -55 -57 66 94 7 -72 97 -55 45 93 -99 46 -74 -80 93 -24 -68 -12 -86 -24 -18 78 -66 -65 -39 5 79 7 59 99 -27 -30 46 49 -9 -78 45 -64 53 98 55 76 -71 -90 
-23 43 -72 8 -41 54 -57 1 -1 -8 -46 71 62 19 -28 48 -51 97 -22 90 10 -72 -68 23 -55 90 -4 62 16 72 12 51 29 53 26 -75 99 -67 14 45 59 17 97 -82 -7 91 76 42 -9 -20 -29 4 25 55 94 -88 78 -56 -39 9 -3 -91 85 -64 -66 84 2 -69 15 31 3 -78 1 5 -65 62 75 -54 -32 76 
-37 -80 97 53 -5 79 -76 44 -66 -13 -62 -15 -66 -65 38 53 -67 -10 -74 -69 87 -8 56 -7 -44 7 66 -52 90 -1 91 27 12 -88 -28 -36 99 31 -51 2 67 -48 38 -31 76 14 -80 -100 -65 56 -28 -93 -77 79 -48 -73 22 40 50 -84 -18 55 -92 56 67 5 30 97 41 -75 -98 -27 -66 3 -7 -12 -28 -55 89 76 
-53 -49 -13 2 -5 10 40 40 -80 -20 -38 -96 62 -10 11 -15 17 -89 -98 13 42 -8 95 -81 51 -6 93 -91 -39 -85 7 -92 84 100 -77 30 47 -52 10 -40 -41 -40 -72 85 -90 39 -5 54 -72 -77 -82 51 14 -29 23 -71 40 -50 -60 42 -7 -35 79 91 -85 50 -20 62 34 3 -18 -37 -31 -77 54 -18 46 -5 -60 -33 
-91 51 85 -32 77 37 66 68 43 18 97 62 6 40 44 -48 -55 87 -46 87 87 27 -65 5 54 -59 -4 -78 1 23 47 67 77 -84 -22 32 -85 -28 30 -46 28 -62 -95 50 -59 -88 -41 -71 31 -33 12 93 -3 -64 51 -53 -46 -58 83 53 51 -15 -13 93 -34 -71 -67 -14 -34 -63 21 -4 -92 -49 -56 100 62 -19 -22 -68 
-21 -65 -90 73 90 19 44 98 34 91 71 9 -99 29 -41 -77 44 -90 -72 68 -45 -19 68 -59 -39 -100 60 -59 50 -64 -23 5 -6 -81 45 -48 -47 19 13 -59 82 41 53 90 85 89 -97 -1 67 49 69 -7 13 -60 79 92 -100 90 84 -63 -81 22 84 34 -63 50 -61 -52 -31 -44 -20 35 19 84 95 -18 14 1 -21 -17 
-68 -93 29 96 87 -100 -6 85 9 79 -72 -14 -97 44 38 -53 95 7 24 -61 43 -31 42 89 46 16 84 2 37 31 41 -99 40 11 83 39 -21 76 70 81 14 83 -40 -99 -96 80 65 17 66 59 -3 23 -16 -43 -35 -38 -20 -39 55 24 62 -95 -10 12 -15 83 -12 72 48 7 64 33 -20 -79 63 -43 21 97 80 -2 
-53 58 -77 33 -60 30 -6 -94 -19 5 71 36 21 -73 -34 -30 -34 17 -76 -87 11 -68 -2 44 95 -1 -83 1 88 -47 55 72 87 32 -25 95 82 61 48 9 76 37 36 -76 64 -73 13 -42 -77 46 23 86 77 25 -77 15 16 55 80 -26 95 -30 65 23 95 97 51 39 -69 6 -11 39 -83 -95 -36 -11 84 -100 -58 -82 
-55 -59 -1 68 81 -52 66 39 67 -11 -33 72 -39 36 -6 -21 70 96 89 55 -94 14 -81 -3 92 -25 77 93 -77 -59 -86 49 48 67 89 97 82 78 67 -30 46 -98 4 91 48 -79 30 -21 75 -79 64 51 99 10 59 65 -44 4 6 80 -27 -51 -79 -99 80 57 -27 51 89 4 -87 -54 -78 19 -84 77 -79 -7 59 -53 
-64 -34 -77 -96 16 22 -7 57 -12 69 34 -10 83 91 -16 -55 47 -94 -31 73 -77 36 5 41 60 -79 35 -43 53 -26 53 -95 -56 -58 -46 23 -80 22 -94 74 3 -87 -71 -14 26 -68 52 -71 -88 -21 -52 -32 80 -8 -33 -86 71 66 -41 -28 70 -47 -91 -58 -83 -54 -2 -66 65 -83 -57 8 -22 92 -29 25 32 78 18 -88 
-79 75 29 57 14 -59 -3 87 -60 -91 -87 94 -97 -42 -21 15 -78 -66 -62 52 -64 58 -18 -100 15 -17 -24 -53 -91 23 39 -58 89 -78 44 90 74 -15 -46 26 -51 74 30 -15 -79 -45 -3 -99 69 -64 92 -89 -55 87 11 -99 94 -44 -48 6 -59 -29 66 1 75 -17 79 26 -77 36 -57 -52 -48 62 -40 -33 -85 -25 7 -45 
-61 -1 16 81 -81 -42 -40 -75 -87 57 19 70 -73 63 31 99 17 -83 93 -27 49 -71 -74 28 55 20 -78 53 -71 65 -68 41 60 0 76 92 95 60 -79 -29 -65 87 96 9 93 -83 98 -13 6 -78 3 83 -45 53 -58 -66 -96 49 75 46 77 61 44 -69 2 -3 -69 52 -87 -17 -58 -70 -46 60 -47 58 94 -62 11 -79 
-94 38 -48 11 1 -62 97 -85 75 53 20 -28 -81 97 -77 -13 19 -99 19 27 65 64 -95 -93 73 4 97 -88 -60 78 -78 -65 28 2 -2 43 77 -22 11 -85 67 55 -57 3 15 22 -30 -60 -27 31 66 38 86 18 -83 -70 62 33 -55 -2 -36 67 100 18 52 -1 -76 72 -92 -42 94 37 95 82 -21 72 -61 -91 -35 19 
-60 -3 -55 1 2 88 98 -71 12 20 8 -17 15 -90 -25 11 -64 -58 79 -55 -81 -88 16 -67 53 27 12 -63 -23 -70 65 67 -41 54 -32 69 -66 99 -22 52 -71 -11 97 6 -69 43 73 -53 95 -94 88 19 58 93 19 -46 -44 33 -54 82 22 4 -46 -84 -96 99 -91 -83 91 -39 88 35 24 54 -13 -60 -43 87 68 -36 
-3 42 39 -78 -65 -92 -84 -33 14 91 -25 9 21 -71 93 -6 -89 -72 -31 -66 -81 45 -90 85 -21 80 72 -9 -69 -52 42 -88 -10 31 98 36 -67 -11 -71 -24 34 21 -88 78 -46 35 4 33 -86 -8 83 55 -40 -8 -69 48 84 -4 -47 16 -94 97 0 28 -52 46 -17 -20 -81 -42 -29 -27 -53 70 -31 35 21 5 -38 23 
45 57 -52 45 96 -95 -9 44 -70 23 85 -20 14 30 -2 -41 -64 81 -9 -36 -75 87 14 -11 76 -20 -50 83 65 38 -71 -85 -61 -82 8 33 -48 74 89 91 -72 2 -48 -61 95 -66 29 -37 9 -11 -86 -6 96 3 56 73 -37 32 37 48 -13 18 82 11 -41 -30 60 99 12 70 44 -59 -61 -5 -1 -97 78 78 14 89 
-34 100 -88 -99 -60 -67 58 -33 -49 -42 51 82 72 -27 93 4 -28 22 -97 93 55 -55 -46 63 -31 -69 45 -70 -29 40 -90 -60 3 88 -14 17 10 -100 49 17 68 -69 47 -34 -63 50 45 -35 36 -73 -70 74 -22 -13 -88 -78 -57 -70 -4 45 12 -19 15 -69 -45 -30 -7 -79 30 4 93 29 -86 23 83 99 46 19 11 -74 
55 -93 -57 -67 42 -77 -82 -71 -26 -37 50 1 70 52 95 12 -52 58 70 -56 45 56 20 52 59 80 -19 30 -3 -95 -39 -48 -16 -64 -85 23 -65 -1 -52 16 -26 45 -4 54 58 83 55 38 -12 32 -1 91 -66 -5 -21 18 -18 83 54 87 30 42 80 20 57 -85 -8 75 31 91 -22 -17 -44 16 50 80 4 23 -11 62 
3 83 -20 54 86 15 -58 53 -70 14 30 -5 1 42 -83 25 -43 -28 -86 32 97 -58 4 -60 -23 -94 98 -84 -76 55 63 -27 -13 62 42 -84 -17 17 -8 42 -82 -87 -58 -18 29 67 52 -44 23 45 -47 14 4 48 -81 -97 77 -67 11 -13 64 -96 -20 5 30 -97 16 42 -93 21 56 -29 -7 89 60 -60 -40 42 83 -53 
33 76 -99 -56 44 100 -6 85 100 -68 81 99 27 85 42 -64 -91 13 98 -60 -92 -40 -78 73 40 -89 -60 -35 55 22 -66 34 34 10 84 12 86 -69 4 -6 -85 29 69 30 84 -68 -28 15 68 -34 14 -14 23 -19 55 -59 -93 27 26 45 40 -86 -9 51 -1 -2 -78 -3 42 -71 -32 88 -68 -62 21 -63 23 22 46 30 
99 78 -10 55 -72 20 -13 -39 74 -59 -45 91 38 38 97 -70 -27 44 19 31 -64 -60 -72 -82 -4 52 66 6 -84 34 84 -53 -32 -16 63 13 -11 48 -26 -49 -74 -22 16 64 6 0 -72 90 -94 69 -54 17 14 43 95 -61 30 8 -40 61 -68 41 49 100 -98 -3 -59 -72 83 -17 -93 -85 -64 -91 -74 -71 -48 -42 93 20 
65 -84 -46 -61 63 73 81 -92 27 -48 -83 77 72 -3 9 -63 48 61 -72 -70 -21 -84 3 23 -49 1 -6 -71 -28 -59 -64 13 -13 73 85 -69 -73 -46 -44 43 -29 -81 0 -45 96 9 -4 85 6 -5 75 44 89 -26 -55 -65 72 -4 6 16 99 -32 91 47 -34 75 0 -71 31 87 31 -70 -42 -81 27 41 -80 -55 -8 -44 
-54 28 -51 -79 20 -26 -99 13 -45 -3 -40 -41 -74 -84 24 -52 26 39 -76 41 94 -60 -86 86 53 37 -97 58 -36 -70 3 80 75 -79 92 -100 -45 -25 53 -80 51 98 53 68 -95 -64 23 -80 -24 31 94 96 2 -94 10 -35 96 -18 -33 -17 -45 -67 -37 80 1 -10 -16 54 -66 -77 81 15 -40 60 27 76 54 -20 -55 -51 
-94 94 -81 6 83 58 -75 -23 36 15 -98 99 92 -65 -73 -39 -97 -95 52 -77 -40 92 35 -72 34 -66 -72 58 -62 10 -60 19 10 -24 67 -78 73 -43 -28 1 -72 62 -74 74 -32 97 90 16 -14 -57 81 -5 -96 11 47 -17 36 -60 54 42 30 78 -9 -92 56 21 44 91 96 -67 -20 98 50 -38 -68 -29 45 47 96 -29 
42 24 -30 96 94 -53 27 -96 50 21 23 10 -29 34 -67 -99 28 -52 -6 46 32 -99 5 -15 -78 -100 -33 44 92 -75 -71 -44 8 42 0 98 -60 23 -40 -86 53 -28 91 -97 -75 -42 -63 23 -32 -3 -34 26 52 4 48 5 72 22 12 -49 71 51 46 -77 -28 -68 78 -10 -93 -72 32 -29 29 94 -73 50 -23 -29 -83 -62 
86 -83 31 63 82 94 -38 47 -74 41 -7 62 -55 36 -34 -24 71 38 -92 46 -85 -14 -98 -57 -47 9 -57 -46 -75 12 -90 34 23 22 -77 -16 42 33 36 16 -91 65 1 33 80 33 -65 9 49 -96 91 -76 -68 48 17 -73 9 61 -19 66 -78 -52 -75 -98 -14 -21 34 13 -35 -6 0 -30 -70 -72 -66 25 56 -80 35 -46 
47 -70 31 -43 -89 44 -94 -50 -66 -25 -54 -1 5 -38 16 19 31 76 -30 60 86 74 -85 -66 -2 -12 60 -68 -7 77 55 29 8 93 44 -27 -43 -80 80 -34 -55 54 20 40 78 3 19 69 -39 16 -71 21 -89 -51 -14 41 -49 -81 -10 -83 -72 95 -23 56 -36 77 13 -44 34 30 -96 84 -10 28 -5 -4 26 -25 25 7 
-15 85 -20 -81 -89 60 51 4 -91 36 28 -5 48 -26 11 24 85 90 91 -57 -84 49 -76 96 35 0 -52 -61 44 -54 -94 35 43 13 56 -1 -7 -23 -93 -48 75 -49 -65 -23 87 -83 49 25 -92 66 3 55 75 -36 80 -64 -80 -65 46 -5 87 -72 29 48 -77 44 -85 -87 -10 -52 52 -32 -75 -78 -39 -28 -31 -4 67 -20 
-9 63 57 -87 97 76 -3 -65 -41 -98 -85 -86 -14 -9 -24 -52 -82 -2 59 14 92 27 9 -82 -100 29 44 -70 77 -29 -54 -58 31 -48 89 49 54 13 -10 -49 100 10 24 1 92 -7 52 -7 58 -43 59 -6 -15 -70 -21 -6 24 -20 -69 -93 -99 84 97 -11 10 -5 17 84 -51 90 35 -40 -19 -15 56 67 81 43 -6 -58 
34 31 -46 67 -68 88 75 54 -79 23 -83 -25 78 52 -59 -8 73 -89 49 -30 62 1 97 -81 -43 62 51 95 82 32 26 -53 -89 94 5 -94 18 3 18 -93 -23 -91 -6 -14 -97 -10 -44 25 53 91 75 -60 -82 -91 -17 -77 8 -51 -3 76 -22 96 -91 -5 68 66 -45 31 76 20 -63 70 -11 28 81 -53 -19 75 79 -4 
-96 -57 73 -36 20 -7 7 -45 74 14 -73 -89 -76 50 86 79 75 -1 17 -67 -62 100 -86 44 -95 92 -41 -3 58 -56 60 -23 74 -58 59 79 85 -38 17 74 -80 94 -26 86 -72 -50 -74 42 -38 70 55 12 72 -55 -9 -23 -35 -14 -59 -67 28 91 90 -48 -78 54 35 13 3 93 36 -68 87 -28 -21 46 18 -27 65 -65 
69 -30 -5 54 17 93 20 54 -90 -25 -15 55 -61 -74 -28 8 51 62 36 94 13 38 -21 51 57 42 -93 15 10 37 -63 -96 72 -93 80 -42 -17 99 73 1 19 71 -95 -1 60 13 65 49 62 -16 -17 89 -25 44 70 19 13 -83 20 -46 62 75 62 86 69 1 -95 69 91 47 -99 -16 49 -41 25 41 -3 49 -83 7 
82 73 78 -67 -25 -100 -17 -14 68 44 -52 63 34 -43 -82 82 19 37 100 -57 -87 95 49 66 48 -65 -35 39 -17 66 38 -25 70 -36 -3 3 -70 98 -1 -4 -26 -95 -75 -74 82 -79 19 59 -52 28 78 -66 26 44 66 58 88 -49 42 -2 53 -96 42 74 85 14 46 -44 18 -38 23 13 73 26 -21 -56 -96 -65 86 -98 
67 -33 51 -44 100 2 24 -69 -47 20 39 -26 97 -20 -11 -43 -59 74 98 -69 -43 50 -35 -77 50 26 66 21 76 -68 -42 -39 -68 -2 5 -89 -4 -85 -59 24 -40 83 87 96 5 82 98 -1 -29 -42 91 62 15 72 49 99 96 -37 -69 74 -63 -22 18 43 -50 -74 -73 6 21 -10 -51 2 32 29 -21 27 82 -83 52 -97 
72 12 26 95 12 27 65 23 75 84 55 -40 -34 -2 -13 -5 -96 96 66 74 -84 -60 26 -29 -58 -14 -66 52 -99 -15 83 -32 -81 96 6 27 60 13 -43 -19 -9 11 17 71 -47 4 -8 -1 26 -48 -24 -63 66 -26 61 43 -18 10 96 -54 -54 -55 90 57 -87 -60 -14 -51 -6 97 -34 22 67 35 60 -10 -84 14 -41 40 
45 31 4 82 -57 3 99 -2 84 39 -16 -79 -79 18 -55 -27 27 70 -45 -45 37 -35 88 19 8 99 -35 75 -82 31 21 37 28 80 10 -89 -36 89 10 8 -33 56 34 5 -49 81 81 -38 -97 -72 -6 52 -45 -16 97 -37 -48 34 -24 0 -87 -79 -99 6 -91 -6 -79 19 40 66 -12 51 -95 -38 -23 -5 69 37 5 89 
5 -11 -49 46 -50 -67 -11 -93 -60 36 33 -78 61 -18 18 -14 -61 54 -66 -7 80 7 -75 -64 97 61 -79 -48 74 95 -85 55 -51 -88 -54 -27 -3 55 -17 28 66 0 61 -43 7 -28 -93 -12 91 -86 35 36 48 2 -89 73 -86 94 -82 61 83 6 -71 55 -96 -62 53 -89 59 -71 -58 -95 -89 -16 66 85 40 39 -82 12 
-75 -51 31 11 -85 -63 -78 50 -35 -4 76 34 5 76 11 -1 77 24 45 -69 -100 7 -43 -88 -97 -8 -19 -97 14 42 34 -61 -25 96 -57 -87 75 -58 -82 60 -29 9 -34 29 -94 24 -24 -15 -5 15 -23 75 -17 -76 48 -77 -42 83 -21 -76 -14 -72 -95 91 79 -96 -90 18 36 24 37 -21 -93 93 -78 -82 -52 -34 -69 -7 
94 73 87 -13 6 75 -24 -72 -8 -55 -25 61 -12 -85 -33 7 -23 98 -92 37 -3 84 -50 -7 -75 -83 -16 -84 19 -93 1 -28 1 69 68 -88 73 11 79 25 82 1 -48 6 97 -44 -88 -100 80 -34 -28 -76 94 63 62 -64 -85 40 80 -52 84 46 -23 -6 -38 98 20 -100 64 53 57 -91 75 -77 26 -43 -54 82 2 -22 
75 93 -3 27 18 -86 66 67 -33 -86 -94 -2 83 -58 72 -86 69 -96 -22 -78 -21 28 41 -8 12 -12 -22 78 -56 10 80 -73 16 -1 -72 -13 25 -75 2 -41 66 42 1 87 -56 94 31 -58 35 78 5 1 39 20 12 -72 1 -70 -9 7 65 -9 -23 -13 -40 79 -11 -10 -53 93 21 90 -18 -53 8 -80 48 -62 -98 -42 
-78 6 72 99 -50 -54 48 2 -15 46 -65 -94 57 20 -78 -76 -33 53 94 65 58 -43 -8 -30 -91 -4 33 40 4 99 -30 60 7 5 46 -31 -65 91 -33 37 -65 37 11 57 29 25 -19 93 61 57 97 -21 35 -54 -29 -53 -72 94 99 72 77 -40 39 41 53 9 26 19 -20 -79 62 -38 76 -41 9 85 -55 89 15 -52 
100 2 32 -67 -74 -79 71 88 81 22 36 -62 -69 93 90 -46 -26 23 77 31 -69 -38 -30 53 -73 15 -42 97 -98 29 -87 -45 59 -80 -62 -88 71 83 -23 -26 18 54 -77 21 -28 -45 -27 -92 5 -1 -42 -2 27 0 -61 -31 -99 -9 94 92 10 -23 -11 -57 74 86 69 -83 -44 -78 26 6 8 -39 66 28 2 -59 39 41 
-42 -79 16 -84 73 40 -21 -24 -5 45 69 29 -41 58 11 43 -63 -43 40 15 0 -45 79 -11 -85 -100 -28 -32 75 -92 1 -64 -63 64 -94 46 -8 2 -51 -34 39 -12 87 -26 95 -39 -12 -4 69 68 68 76 56 77 46 -57 45 38 -83 26 74 50 -27 17 -5 -97 83 25 -14 -85 52 -98 13 71 72 4 -29 -20 92 -69 
-71 65 37 62 45 -45 77 -54 50 -99 9 2 -79 48 59 72 88 -37 -25 -50 -93 -99 44 -78 -7 2 -39 85 64 86 -12 56 63 59 66 -37 21 7 -17 -8 -89 -71 84 -60 -72 25 -43 -86 -70 -96 -28 14 98 -42 57 9 26 -69 92 63 -86 54 -49 32 -19 75 -58 -62 -5 -100 85 -59 85 42 62 80 -36 70 -86 -69 
-49 5 48 -91 -61 80 97 -78 90 -84 -4 -19 -65 -51 -66 -94 29 99 71 92 58 -56 -62 -66 0 -47 -73 47 71 -89 49 -49 -65 -19 -54 88 68 76 89 0 -33 96 5 -100 89 -47 -20 -26 84 44 77 -36 55 52 -14 92 -98 17 -80 11 52 -76 -80 13 29 -56 -45 86 -46 36 56 17 -27 -52 11 49 32 41 -68 8 
-4 1 28 -91 -90 -6 46 -72 -65 -40 -44 -63 45 -72 -75 -1 28 59 88 -44 90 30 50 -85 -65 -87 -32 -68 -8 -33 -60 4 59 9 15 29 -44 -23 -44 -85 57 -61 -50 56 -72 14 83 -29 -23 -70 59 -32 -2 -88 4 -12 73 98 -74 -80 -8 -61 -90 54 17 65 -7 46 -96 -91 29 -57 60 51 76 -30 8 -76 91 -83 
59 95 -37 57 97 -85 48 47 44 -70 46 -17 69 5 -97 39 62 -3 -62 89 -67 41 97 86 76 -49 -29 -12 -13 54 39 -95 -20 84 50 49 -66 83 87 -25 78 -80 -20 70 40 -73 -16 -66 5 89 -35 -89 -44 40 17 -82 73 -61 -60 91 -30 49 -71 -4 -87 51 -99 -67 -67 -93 -3 -24 78 58 14 -23 -41 18 -46 47 
-52 -97 -47 26 -89 99 82 -13 91 51 -57 -30 45 -58 54 61 -23 -33 -95 -40 50 49 43 63 21 -40 -97 -87 24 19 98 62 27 13 -60 -33 -63 -75 -79 29 -20 98 29 -89 98 76 -64 -38 71 -72 35 33 94 -86 93 -81 -90 19 21 -49 18 81 4 23 99 34 -26 -26 57 6 72 43 -33 40 -82 89 68 -48 -26 -12 
57 34 63 -72 -83 7 17 83 -65 -59 -87 26 -88 -4 -90 -33 12 8 -26 -97 -91 66 80 -84 70 -5 21 6 23 46 100 -2 81 22 -51 62 62 -52 -12 -70 36 -8 -94 -25 45 85 -35 95 -90 51 15 -48 37 42 -20 99 3 24 -45 -46 77 -27 41 22 60 -69 -50 -19 75 -33 -91 32 -35 -75 20 -84 -91 -34 -89 -2 
-25 86 -97 77 66 -49 -45 -19 -21 62 48 -88 26 76 -52 -76 -6 23 2 54 79 -46 -60 26 16 -24 -11 82 -24 0 46 73 49 -55 94 -41 -54 88 63 22 -60 -25 -58 -86 94 75 -26 -34 1 69 -16 -19 -84 -6 -40 94 -10 33 -11 -80 -29 65 -60 87 -53 20 -16 72 -14 -54 5 84 96 -90 -9 5 -81 -79 -83 -61 
72 53 -52 -94 54 5 -32 67 -16 19 65 19 88 41 97 80 60 -91 4 -60 94 82 -39 61 -15 -32 -9 -27 -80 -20 -33 -7 -52 -53 -71 -43 46 -42 -68 -71 15 -81 -78 98 49 -59 12 78 -26 -20 -60 -40 9 -52 -92 -32 55 73 -86 68 -49 56 -32 -68 -65 -9 29 21 12 -43 -82 -47 15 1 -84 -45 -86 -50 -74 81 
52 26 -7 4 -97 20 64 -28 -53 14 33 -65 -32 51 33 -40 -87 51 70 9 -62 -7 15 30 -82 78 52 -47 82 45 75 19 -27 26 79 -66 -40 47 8 87 -40 -60 -16 47 -83 16 75 46 -50 -21 -73 -89 28 66 -52 -67 9 -65 36 -1 -22 -56 82 -17 -18 -80 6 -90 76 83 -71 -47 79 -33 -67 -2 -48 85 -68 -20 
9 -44 40 -28 -26 75 -17 31 -82 87 -60 -40 59 25 57 16 54 -33 59 47 46 -42 10 -57 -40 -15 71 48 41 52 -75 9 56 -19 -69 -25 93 22 21 23 -66 36 62 -65 31 21 31 41 8 -73 42 -32 -37 69 19 -9 -4 42 69 70 -50 28 96 11 15 -56 -75 90 24 3 -74 -15 -51 -65 -1 -99 -5 44 95 -7 
-49 31 35 65 -90 -38 -95 -51 -12 22 -44 -92 -91 -4 80 86 19 54 63 -27 -15 -60 10 87 84 39 24 71 -92 78 -78 85 56 -34 -31 95 -43 -61 -54 -75 -59 91 -85 -12 21 44 19 57 12 -15 -82 0 56 9 84 -42 -7 -47 70 72 64 -45 11 -72 -76 51 -100 87 -46 -97 94 91 -81 -3 -1 78 27 -57 -4 24 
93 89 16 27 -97 -33 -29 -62 -5 -11 59 92 97 -4 -57 47 -56 -20 -89 40 -13 -74 32 20 25 42 1 -39 90 56 18 28 70 78 -9 -57 48 -38 45 24 37 -46 61 93 -53 41 -35 -13 64 57 56 -29 -85 -92 -24 56 85 89 71 -92 26 41 -34 -23 -57 9 10 -30 -37 0 68 93 33 -54 -23 37 13 37 -52 -33 
-76 -10 -64 -33 -66 59 34 0 -82 -92 16 13 43 38 97 69 57 -94 -22 -79 67 -56 12 31 36 94 -93 40 -54 -33 7 -68 -42 -64 -75 77 13 66 9 31 1 11 -100 14 45 -56 12 -12 31 78 -94 -23 55 -34 -26 40 33 -58 52 -71 47 94 51 -54 -66 -95 -38 -92 6 -7 -78 51 -32 -98 -9 -1 83 -21 26 -6 
6 -91 23 -28 -40 -12 -23 -68 -69 38 -66 -66 3 39 99 -66 34 -95 0 -30 51 11 -33 -98 11 41 -69 36 -81 85 -100 31 18 -75 -15 86 70 -31 -78 27 -92 9 -34 25 -33 -31 22 19 -87 -94 -23 -33 -77 -42 35 25 -36 -40 -16 -20 100 59 85 36 94 -43 -62 -92 57 -70 -40 19 51 94 35 91 -62 -66 49 52 
99 -9 -13 -63 -9 35 77 23 37 -52 -62 72 30 94 14 15 71 -65 -68 -51 -71 90 78 -97 -81 -84 -76 -85 -68 52 5 -10 76 -73 -28 -55 -30 71 -67 -27 -21 88 -66 4 7 -73 -31 -87 -65 44 26 24 86 68 55 -24 47 57 -35 38 100 91 57 -78 -52 -24 69 -34 -19 93 52 -54 -51 -1 13 -26 69 -98 90 59 
41 42 -52 89 -64 -90 19 -71 -95 -78 -79 59 -70 14 46 -20 -47 -34 27 27 -94 49 72 73 63 11 73 13 33 5 -45 -100 39 98 -91 99 -3 -14 95 -58 18 64 -4 42 -81 6 22 64 -61 11 27 87 48 -12 -1 -37 -7 -88 -93 50 -86 -60 -35 -34 98 -58 58 14 30 -58 31 -4 -71 -13 -67 -47 -40 69 77 87 
-1 41 74 -74 41 2 -10 30 3 -5 -50 -2 79 97 -17 68 74 -59 35 -20 64 44 30 -7 81 64 -69 -54 -7 1 64 43 23 28 34 -25 -44 -89 36 -90 -72 -20 -56 -69 71 -47 -59 23 -20 -29 89 -94 -38 -33 -39 -45 35 -56 11 -60 44 90 -77 51 -51 -28 60 -52 21 25 -99 -59 47 71 -75 78 89 -38 46 -20 
51 29 74 -80 23 -24 12 22 -40 53 -64 31 -90 47 -97 -98 40 83 48 -80 -76 90 -86 87 38 56 -20 -94 -80 -66 -96 3 -95 -64 -37 -36 -76 51 -11 22 15 -54 -7 60 -11 -6 -84 0 51 22 83 61 34 8 -41 -35 -62 -24 -87 83 -65 -1 96 12 14 84 0 25 50 5 -56 -100 38 -40 -22 14 -45 53 61 0 
78 93 76 -46 -42 -46 68 -18 90 50 -57 12 -14 -36 65 -63 98 -85 -47 55 -95 52 -91 75 95 6 -72 -28 -78 35 17 -63 51 -59 29 31 -86 -95 -76 -41 -84 -42 -96 -44 -89 48 63 20 97 56 -80 20 -70 -90 -3 35 -82 -87 81 -58 67 23 12 -88 96 100 100 -62 -58 -81 59 -28 -34 -10 78 -61 58 -83 56 92 
66 23 87 -8 -61 60 -78 -21 -77 -82 -92 94 -73 -86 -91 5 52 93 34 19 74 -25 -97 -21 70 -56 -16 17 -60 45 -67 -68 39 39 -80 -27 -95 -75 81 -3 -51 3 43 -76 -85 9 -38 -98 4 -11 11 -75 97 21 47 -83 58 -6 99 49 -18 -26 -62 -84 -85 28 -17 -39 85 33 -5 74 85 -21 -29 -63 -46 -3 51 -95 
-79 18 98 -5 83 21 94 36 -37 64 -23 28 43 -50 -58 -4 71 52 -24 89 -79 27 -18 62 68 -84 67 -15 -69 -54 76 -54 -39 -77 13 -82 -54 -31 -31 -61 -34 -97 -37 58 -84 -42 -64 50 -53 44 -6 17 55 61 26 10 -35 25 56 80 -22 -54 -13 -65 25 87 -35 56 -23 52 -8 -24 -25 43 95 42 25 32 30 42 
51 77 -77 -50 -3 -46 20 60 92 29 49 -72 -41 89 72 23 -15 -61 -70 -96 52 66 29 -9 -84 83 52 75 -65 -31 -40 -15 -9 77 98 -8 -32 25 28 62 -15 87 -73 23 -9 19 25 -67 -40 41 71 -88 -85 -46 -30 -89 90 -89 -2 -8 -35 15 6 -90 -77 -29 91 -60 51 -19 -48 41 91 -37 34 -85 -81 61 33 -81 
-32 -49 -17 44 -49 -20 -3 -45 -9 -76 -86 13 -36 96 -85 4 86 -64 -79 63 54 -62 74 48 43 46 15 -63 32 -79 -20 -11 -35 -37 -7 -62 7 27 6 -80 -41 10 28 -91 33 -62 -66 87 36 -72 99 -87 -59 -46 -97 -99 -94 -43 31 9 74 19 -22 -4 18 80 -23 25 -30 38 84 47 71 -21 80 53 -33 25 -93 -30 
83 -89 69 -16 -26 -70 -50 -86 -79 -82 5 100 -52 -19 19 13 24 4 -23 79 47 27 -16 59 77 -23 -10 45 47 -66 -29 -49 71 65 66 -65 -31 89 -46 -80 -5 49 46 18 22 81 42 62 -53 -74 0 31 36 -71 60 81 -69 -17 -34 24 -7 26 70 -15 55 -48 56 -19 62 -42 30 -73 -40 -66 56 57 13 28 31 76 
-95 -31 -94 -76 -35 78 -51 33 61 -14 -45 6 -83 -93 71 -6 -65 56 -18 -16 -5 -12 -13 67 -77 66 69 -81 40 -89 73 -30 -66 -73 -67 -32 12 18 55 -49 22 60 -72 50 46 92 47 -93 -77 -25 -35 12 12 74 50 -18 -16 46 68 46 -1 91 0 50 43 -76 55 44 44 -58 -62 -14 -95 1 -73 -93 86 39 -45 39 
-29 46 -58 -40 18 10 55 -43 88 -18 -69 29 48 -70 -10 -33 46 56 81 -44 -60 -78 -96 25 32 78 -13 -48 -92 92 -57 -15 -11 68 -36 30 47 -97 6 -74 -100 -67 69 75 26 -50 -2 22 -58 -45 -12 36 86 55 4 98 34 -62 -36 32 35 41 93 -73 -32 -89 40 19 -41 62 -49 38 -20 43 73 -52 29 -36 -97 -40 
17 95 -50 -14 46 6 -82 -4 90 -77 48 -84 -19 38 -12 95 -11 19 -22 73 -18 -56 63 39 54 36 65 -77 -86 -33 83 -86 94 52 -67 86 7 71 70 90 80 100 -79 -46 -92 85 88 77 46 47 80 52 77 -57 50 70 90 -59 -85 -37 69 84 -51 -5 2 -80 6 -69 9 -21 61 50 -38 -63 63 79 83 -31 -96 55 
-50 -100 32 1 -87 -83 68 -74 95 -14 -53 0 1 -94 67 70 -49 -61 -93 39 34 21 38 -42 63 -37 46 -22 -8 -67 -9 -67 -2 54 -53 -9 -32 63 -44 33 -60 -37 -87 -94 -100 -63 32 47 -25 0 -70 31 43 -86 -12 96 26 60 -81 10 -34 -64 47 39 -80 68 -96 -41 -85 -64 35 84 -35 13 17 -90 69 -64 87 97 
21 86 -36 -13 -85 -10 -93 -48 -6 84 -51 -66 12 -59 13 57 -55 95 -9 -27 -92 -40 19 91 63 94 -51 -8 -84 -96 36 -76 -89 94 100 79 -12 -24 53 62 41 89 -69 -69 95 61 2 -93 49 -78 -59 44 -53 89 41 -92 -61 4 21 -6 -12 -14 -47 -19 12 -33 47 66 99 -7 14 -75 -19 11 -76 -3 39 66 -95 -1 
56 12 -77 63 85 97 -97 -39 15 -60 8 98 -57 56 94 82 11 34 -34 29 21 -95 -28 44 43 -42 -55 -26 -73 2 47 8 41 -69 83 36 -75 -69 -23 42 34 -23 47 19 74 -36 -58 -45 -96 -59 57 64 66 28 25 -4 54 19 -61 -98 -39 35 4 60 74 12 74 43 -98 -52 -66 66 24 -41 47 71 -25 33 -32 -98 
50 -50 -88 11 -82 32 3 76 -50 67 64 -87 -74 -66 76 -78 65 21 4 45 -91 94 -77 -45 -29 -24 -11 42 -99 -57 -33 87 -77 36 36 -54 87 -72 49 22 47 -7 39 89 -84 41 -20 98 61 51 -35 -86 50 -23 40 -80 -16 53 99 44 -76 85 53 -65 -60 -77 -37 -91 -57 80 -65 61 -24 28 76 -88 16 -13 84 90 
80 70 22 -83 97 -4 -24 -33 -29 63 -37 -73 -16 -50 50 20 82 56 59 -59 77 -58 56 35 -3 -10 5 -56 35 32 -36 -45 56 44 45 -89 -27 97 -30 9 -30 73 65 12 81 -26 24 -52 95 -14 57 -94 -66 -50 -56 -42 -39 80 -1 -74 -40 -45 65 89 -81 -29 51 -97 -66 33 -7 6 85 -63 -48 -67 17 -69 65 90 
-71 -55 87 -17 75 63 67 41 -43 98 34 69 -50 -75 -80 95 -62 83 -20 -27 -27 67 69 -48 -35 45 39 -32 -66 32 64 99 15 -53 -16 -68 13 13 -96 -55 -89 -44 -57 69 4 12 27 32 43 -92 -12 -57 36 -35 -1 46 -93 8 -58 57 -17 65 87 -9 19 12 -61 79 28 -29 -54 -74 -36 18 -26 0 -32 -19 91 53 
-90 63 21 85 -48 88 -40 2 -55 48 86 64 11 -59 96 -95 -12 -24 87 -15 -96 -45 -27 31 -98 25 -77 -3 21 -14 11 17 -57 -60 54 -93 23 -77 -93 3 -100 32 -4 -11 68 97 -41 -35 -66 -28 -28 -75 96 -47 13 -60 75 -45 81 -1 -53 -14 1 48 -9 -19 -83 31 83 15 4 92 -66 55 -73 -36 -74 -26 26 41 
93 -3 21 58 -34 50 -24 83 -1 78 48 -1 -19 10 82 53 -74 -50 37 -94 -36 -18 -49 93 -87 -85 -37 -6 89 -14 18 95 -21 47 23 -52 57 -86 64 72 -34 -79 74 -52 49 53 78 -44 19 -65 -96 4 85 34 53 -4 64 43 -98 -64 -13 42 -97 -63 69 45 -20 -16 -69 -67 63 74 30 50 8 -44 75 68 -28 -66 
-4 -43 17 -91 -11 85 -26 -51 91 75 25 85 -13 62 -19 15 -23 -20 -36 48 -61 -34 -44 2 42 -49 19 65 39 82 -24 -45 21 98 -50 -67 66 -4 83 16 -52 15 -67 79 22 -42 91 -99 6 42 -16 -67 -32 92 -27 -65 80 -17 -62 -97 -100 66 98 -10 -52 41 -60 77 -90 40 40 -93 17 65 38 73 36 43 -50 -18 
-8 15 73 -91 -45 74 -44 -84 8 -19 64 -26 14 79 -25 65 -6 89 -88 -80 -25 -30 23 12 27 -75 -99 -70 14 67 -2 -12 -68 24 -25 -64 94 20 65 -26 -55 19 87 -85 71 -90 -24 -13 39 -23 -42 -46 56 -74 49 -47 -4 67 -7 -73 55 20 -23 -86 99 33 62 28 99 13 -2 -24 6 -9 -13 48 -71 49 34 16 
-54 -76 -89 -6 -32 51 68 -45 -39 -21 -60 -17 -2 79 25 99 -19 44 -65 -91 60 -68 55 3 -50 39 45 -2 -80 1 -31 1 6 -16 -71 82 65 -84 23 25 -25 -16 -7 96 -15 53 91 32 78 7 72 38 63 45 -92 6 -41 5 -33 51 -55 38 2 22 -47 -80 -87 -79 84 89 77 -5 48 84 92 -90 26 -72 72 77 
56 -78 3 -2 94 42 23 -19 72 28 -7 -9 -10 84 29 -6 -95 -9 -12 -92 -52 46 46 -13 96 11 87 37 93 -78 81 70 -86 62 27 -81 -40 -6 86 39 87 -88 -98 57 -63 -6 57 70 -24 9 -75 -69 37 -78 60 33 47 74 -30 -46 -66 28 -89 29 -85 -27 -84 -23 -47 -50 -25 -28 35 -4 10 42 -96 69 4 -87 
-91 54 -31 79 -88 68 -27 14 46 -96 11 -35 -91 59 -95 100 -86 -42 54 -100 15 3 1 33 -79 -59 -95 -34 -37 97 94 -82 39 -33 7 59 70 82 9 13 67 91 42 -69 -15 -48 17 51 19 -15 13 72 50 -99 -74 7 18 65 90 82 -63 57 74 96 -31 46 98 28 -61 5 98 83 -70 74 -92 -85 -39 16 -44 -87 
83 76 15 83 55 -16 -40 89 -53 -48 -1 -49 46 84 -71 10 -74 -36 -61 39 17 -53 -48 -77 19 -76 19 -53 61 24 62 18 88 -31 -13 33 -75 98 38 -85 11 9 -75 19 63 37 -27 -17 39 -94 -6 -65 88 -35 -65 33 -95 -20 -1 57 91 72 30 72 10 -32 -6 80 -16 -5 19 41 99 92 82 -54 21 3 -79 -54 
35 -36 59 25 -15 -73 64 -90 77 -79 11 71 -25 66 -73 -10 21 12 17 -66 97 22 21 -78 -98 -75 -46 -55 -11 85 50 -92 65 2 -63 -4 -53 79 -37 -13 20 0 12 30 -98 -68 21 62 27 -23 -90 -40 49 -28 23 -48 -35 -43 5 19 -8 -75 45 -25 94 -59 -44 -88 -5 44 -9 -45 -98 8 -59 -74 50 -39 73 74 
-65 55 53 17 -37 37 5 -4 70 -5 63 -44 -52 -18 -80 37 -73 -100 42 3 67 -16 31 -20 -78 2 37 -5 68 -95 -79 18 70 -91 -69 58 -21 26 -46 -23 -80 -23 -40 36 3 -84 40 96 -8 -87 -69 79 78 83 92 10 -62 -35 -20 97 -55 35 66 5 -95 -33 -86 15 24 -21 -87 69 25 -22 60 27 -10 -3 -53 -27 
-41 4 100 -8 81 91 -71 -39 -68 -70 31 87 88 -70 -12 11 5 77 57 99 41 -49 40 -67 -48 51 80 -95 -82 -31 62 10 74 -67 -31 -20 48 3 -17 -94 53 -72 -20 -14 14 38 33 -65 -26 -98 -48 29 -40 83 -94 -83 94 53 6 -91 -47 -76 23 30 19 55 84 -4 -39 -8 70 95 74 9 46 37 79 21 70 -10 
-80 -4 59 -67 -61 99 -28 -9 -39 3 -99 72 -81 -46 -99 60 94 -6 70 -80 76 18 56 -88 -45 -11 88 50 58 -96 -86 -10 76 98 76 -29 -72 -52 -67 -49 32 -71 9 -67 41 92 68 -40 74 -62 -42 70 -22 1 -22 -66 62 -44 -88 57 -40 80 -61 44 -73 58 41 33 -43 59 -2 66 74 48 95 -18 13 34 14 8 
33 -54 45 -76 83 -25 99 13 24 -31 53 -67 -99 -44 84 79 16 49 86 15 -87 -10 98 -26 26 -27 -67 80 56 -79 45 -3 1 16 -40 -35 67 -9 4 -44 19 -45 -16 38 -41 61 55 -77 78 46 54 55 29 -94 -38 87 9 -82 46 9 0 79 -37 -13 30 30 -20 -76 -10 -40 -11 -2 -10 51 12 -79 -19 88 -66 -24 
70 43 28 -87 -47 36 -13 -7 -10 -16 16 59 4 18 -20 -33 100 3 92 -66 -37 -51 38 -98 -12 96 2 3 -69 6 69 -24 -16 -13 -23 -92 -51 62 -33 63 -29 -38 14 84 -42 -43 -30 69 -75 -38 -97 13 88 -92 38 -36 43 -83 30 60 90 -100 72 -36 39 -95 2 83 15 94 65 6 38 2 -98 51 -40 -99 -1 2 
-87 -27 -36 -72 4 -98 91 91 68 72 18 -14 35 -11 6 92 -83 -6 -89 96 31 14 48 26 88 87 -57 -49 -61 85 -9 81 -85 0 18 57 60 79 -95 -71 89 -84 52 -25 -63 -94 26 -20 -74 -97 87 -15 -11 25 19 -12 -93 -39 -60 64 -58 70 -72 -27 -79 -33 -28 -79 -68 89 -8 -68 -46 99 77 8 78 24 3 -38 
-95 -16 -15 6 84 -50 4 23 30 31 35 -23 -76 -72 37 -51 69 1 -98 -29 26 -9 -21 60 -22 -78 22 71 -71 38 -87 -62 13 75 -22 91 -52 94 -66 -1 53 -38 84 -96 49 -42 2 38 -21 -31 -33 -57 -81 -91 -57 -31 -49 32 66 28 69 33 58 6 48 -44 -25 -72 98 56 97 30 26 44 40 75 -56 39 23 99 
59 57 -85 -41 44 -23 -44 56 -4 -78 -38 -75 96 78 83 56 60 2 38 36 -37 59 -35 -50 -50 -91 -32 -97 65 -26 41 42 -13 -62 -2 -81 2 -21 -11 64 87 14 75 -1 -65 81 -2 98 93 -70 80 -77 94 -27 -90 26 -48 71 61 91 64 27 19 -38 -42 -15 21 13 -75 39 -4 -94 10 -41 -38 -90 -55 45 -53 -9 
-88 14 -96 -89 86 -51 -19 -66 -38 56 -62 9 22 37 -16 -14 14 15 62 34 25 -4 97 60 -6 -85 -80 -59 55 20 57 67 -74 -54 73 -95 -11 70 -77 79 -23 -36 59 4 -23 -80 -29 -41 89 -15 -31 -27 -83 -21 -15 56 32 -61 35 -35 -31 -48 -48 100 76 -55 -30 49 91 85 -84 -32 -33 -32 98 -54 25 -21 39 -85 
30 25 -27 47 -96 -76 100 -45 11 5 -71 25 -56 95 58 12 -72 84 -52 47 -82 28 -57 -10 -76 -7 40 -60 -89 67 -72 82 93 -96 -58 -38 85 -67 9 24 49 -3 33 -10 75 9 93 49 -58 -49 65 -28 -18 68 -13 44 1 -10 -43 -17 -56 -30 -6 -93 -42 -44 -12 -77 48 84 8 30 82 71 -11 -84 -85 67 22 66 
82 -14 -2 82 -25 86 54 13 92 27 33 -9 52 -90 -15 92 -85 -79 18 -35 -31 72 41 0 -95 35 31 43 60 -43 -56 47 -6 97 10 -32 65 89 -29 -98 -42 -15 68 61 -88 92 91 -23 35 99 95 -68 -15 -91 -27 -55 -23 -40 4 85 44 42 31 34 54 99 -15 81 -46 51 -28 -32 -61 22 -52 -94 -78 29 -61 -10 
93 -18 -15 35 56 -39 44 93 -41 -42 -42 12 -32 56 -38 32 57 -4 73 17 -29 90 47 7 13 -69 90 -15 93 -23 -39 -49 -65 -63 -33 -49 -28 -80 71 -53 81 81 -76 28 95 -31 -98 38 84 -27 93 -60 -75 -32 -74 -13 -64 78 87 40 81 -22 -45 86 59 14 81 4 -54 90 -69 -5 91 41 -85 87 1 -67 86 27 
72 -72 -99 -23 57 39 97 -59 94 -22 -54 -15 2 -81 -77 95 11 65 81 87 -6 -4 46 -7 -73 -90 -77 -49 69 -4 30 -21 -63 -19 76 -75 -4 6 34 -46 -31 3 -31 -39 26 -94 99 35 -84 35 -64 11 -99 -97 -8 -42 29 37 80 50 33 100 63 -45 79 -96 52 -54 8 -21 -25 8 -25 -75 -24 79 -50 -61 49 -95 
34 9 87 6 89 74 18 -20 -37 78 -95 -34 55 40 84 10 16 -59 -70 28 7 2 -46 72 -86 -7 73 -18 -33 73 -26 93 65 -62 35 -62 97 -92 -69 87 -58 -84 41 -19 58 -77 29 -35 -36 -2 -58 -29 7 72 -16 51 35 -50 -43 55 45 11 79 -27 -88 68 -45 -68 83 3 50 40 -85 -58 -94 99 96 20 -23 -36 
43 59 77 47 82 -78 -5 -19 77 -78 -70 42 -90 89 33 -76 90 -12 -65 64 -17 -23 -84 -68 -63 59 -10 -80 -73 21 -43 78 70 -6 67 33 -33 66 -83 83 16 -90 -16 -35 0 53 65 -54 -34 53 80 -48 36 65 -20 -49 72 55 74 -41 71 100 95 7 -57 -73 49 -82 -69 -66 -66 2 35 -55 -1 -94 52 61 91 81 
