-11 -68 4 34 -77 -88 94 4 -4 -57 -46 -62 -57 -13 -61 -38 21 -83 49 22 57 -55 99 -82 -39 -62 -94 -4 62 -40 -51 19 -75 -22 49 99 -75 -5 16 87 -74 -22 -82 -17 47 60 -76 -25 -9 70 47 5 19 -82 -78 -19 90 -89 34 -19 -39 45 -19 -16 -65 72 -6 18 48 32 90 -26 48 72 100 43 -89 70 -26 -6 36 -15 3 -97 2 68 34 -54 -41 -35 -37 75 49 -68 78 -42 43 -67 -64 18 51 65 40 73 -52 16 94 -21 -16 43 94 -78 15 -40 11 -61 9 2 
97 53 -62 11 -93 -37 -55 -87 49 -67 -72 -29 55 22 3 -82 -84 -93 -67 96 -4 37 -41 -74 43 96 18 20 50 -68 -86 -46 -42 50 -99 -35 92 51 -86 -87 -67 36 -5 89 -54 -26 -80 75 51 40 69 89 -92 4 99 32 -100 -18 2 78 -18 -97 -3 -53 -46 -64 -20 0 70 97 -93 -63 -48 -49 90 10 39 -51 -51 -96 77 86 -64 -53 -31 -51 45 -31 29 -90 47 23 -19 -76 -13 -68 -68 88 24 -89 -75 22 69 -29 -4 -6 -56 -88 91 -29 29 47 -90 9 -31 -75 -18 40 
89 43 -29 -90 -4 -89 -84 -13 10 27 -36 0 18 -29 -8 -74 0 -38 -14 48 -28 74 70 67 -80 35 40 -87 -7 -49 -73 31 -21 53 -97 -67 -44 -47 -74 -30 84 73 58 -40 -95 3 -94 -70 -57 -39 -78 94 33 -91 -29 -70 93 23 35 15 -4 72 24 0 83 100 66 76 42 96 -8 -14 21 55 -34 -100 -39 -16 -17 -22 52 -15 6 17 -97 -54 10 -73 -69 -33 51 13 61 11 13 -12 35 98 48 -57 -24 0 -50 67 87 -21 57 67 88 -67 71 59 -100 -56 -5 5 -76 82 
57 -2 -90 47 63 -65 75 47 1 42 46 -59 -44 65 85 -29 -86 27 -97 64 -92 -23 96 66 30 -9 23 -3 88 61 -61 11 43 61 -70 92 -6 -14 -53 -3 26 71 -50 78 -14 -7 96 -25 -33 -25 19 -5 79 -61 -37 -20 46 87 43 -92 84 20 69 14 -34 11 27 -92 -76 -25 -94 76 -32 39 50 86 -32 8 -66 59 -18 -55 -91 39 52 -40 29 27 -46 -43 -69 -6 38 78 28 54 13 69 -19 -46 85 84 57 8 -44 -66 -40 -89 80 -88 -73 62 5 82 -88 -26 -50 -30 
67 -53 -89 -84 -1 11 -29 69 -27 17 25 77 17 58 -12 -25 11 72 51 22 51 58 78 67 -59 85 -36 -63 -10 -79 -15 -67 42 43 76 -77 34 -7 -15 13 95 -57 89 -11 93 -52 -97 90 91 88 -21 -39 33 -71 -60 -21 -7 82 -4 -72 6 -93 8 -81 91 -24 -74 60 -93 77 88 56 39 28 72 -82 -74 -28 -97 -74 42 41 -100 -23 -9 86 -66 -21 37 -18 41 11 -47 16 10 -81 -49 42 -52 -38 80 18 -38 26 -22 -84 -25 69 -79 69 11 -30 -27 5 13 85 -31 -56 
96 45 70 71 -82 -100 40 21 76 -28 0 -30 60 -69 -25 -89 60 49 -92 31 -65 79 -76 -60 -81 98 -90 91 -44 -89 48 51 -69 21 -21 -1 7 -34 -34 -33 25 -74 93 -42 -54 47 -89 -9 -29 64 41 25 -2 49 32 75 -37 31 25 52 -11 40 -32 -64 79 80 94 67 12 28 25 77 66 18 -30 -25 -7 -40 -9 -69 -22 97 28 85 -24 36 -73 -39 -92 73 25 -91 25 -20 7 5 -51 82 -25 -34 -12 -81 -72 48 -16 94 -93 51 -28 -58 -3 -59 -7 100 -21 97 -52 68 
-78 -33 46 -12 14 -55 -13 -80 -53 51 19 -25 81 13 96 53 68 43 -10 -16 -67 -19 -21 -88 -94 -52 14 88 -85 69 80 89 23 0 55 -39 -66 -49 19 68 -6 -48 58 -53 100 -70 -34 -96 -49 57 60 -76 -5 -22 -27 13 7 -24 -26 88 58 62 87 19 -95 32 -82 -95 -46 1 -25 45 -12 -93 54 11 -88 73 2 54 -39 -74 -72 37 -14 -22 17 -74 -25 71 60 -58 55 34 -26 44 65 -88 7 -97 49 87 5 -5 68 87 80 -51 87 53 -25 -17 8 80 76 -97 29 43 
-29 -16 65 11 -84 24 -50 87 63 -25 -84 91 19 -11 -22 -39 22 -61 -21 -23 0 -13 29 57 25 -12 87 13 71 96 -37 -21 37 -88 5 -81 -21 -99 -66 74 51 27 -71 -24 37 -41 57 14 -79 -68 -74 -50 -81 -74 -18 -86 49 -93 40 -83 48 -100 37 -8 56 76 7 -36 35 73 40 -79 98 79 15 13 -12 -55 -32 89 -82 34 -18 -85 -67 62 33 -92 32 93 -76 76 -44 54 17 57 51 7 -21 53 -35 -11 65 51 7 -55 33 87 22 -9 18 89 54 21 80 48 -47 -51 
-45 -14 -61 -88 -73 -32 83 -30 -13 -17 -15 86 55 68 21 8 43 16 27 -65 -36 48 -4 -45 46 27 -95 -83 61 7 -9 62 17 -90 31 -3 -62 -9 -7 73 -29 -62 58 50 29 3 -31 -21 -52 94 -56 -30 7 -81 -73 70 9 9 -76 -86 -76 24 28 51 -24 -85 -55 58 24 -18 3 -25 -5 -35 10 -45 49 32 -19 -39 -66 39 6 -69 -82 15 43 60 83 -35 -76 57 13 81 -74 91 -61 -53 59 55 -92 71 -28 -29 73 15 26 70 28 -20 -65 28 -34 44 -73 -19 50 -2 
11 -12 37 -87 43 77 -53 -91 -68 -21 -96 -33 -48 37 0 -31 -82 13 -17 -83 47 74 -2 -18 -80 -10 38 14 79 3 69 51 10 -100 -33 71 69 -69 -79 83 -21 70 22 82 -77 80 -66 3 -92 1 -33 17 -29 79 46 87 -52 73 -25 -15 -87 -32 73 79 -16 43 -36 -3 -79 -1 74 -79 69 -40 -62 -13 36 46 55 74 -29 15 -35 52 74 -36 -65 -49 -93 -50 34 -77 63 -76 -48 -71 83 35 -67 36 -38 75 -78 5 62 -31 -93 -6 -30 48 -45 -89 -65 9 83 95 59 83 
63 -63 -3 86 -30 -39 -63 -47 75 -2 -61 -81 -3 -64 2 72 91 84 -5 64 33 65 -25 72 -70 15 90 44 34 32 34 74 -4 87 -66 -65 24 -88 -12 59 -67 90 -68 -93 6 -71 -13 -19 27 95 -46 -30 -71 -17 100 -85 -81 24 -33 33 25 -84 65 -94 100 54 -1 -3 -94 -23 -84 18 -33 30 88 -99 -70 26 -9 -75 -22 99 -73 -5 21 -74 -64 -67 -96 34 55 -76 -39 48 -97 76 47 72 52 82 62 70 56 17 -15 -27 -39 28 7 -29 28 79 57 -98 63 -73 96 83 
50 93 -75 -54 20 50 88 -69 98 27 -93 -85 87 -75 -17 -52 -47 46 70 -41 60 -19 16 28 69 -22 4 -100 -95 94 6 21 -43 -58 -73 -47 26 62 67 62 21 -64 87 56 62 -74 -57 58 8 33 -14 -74 -95 -22 23 9 35 -44 -49 -36 -9 -48 -72 90 47 -14 29 63 99 33 -27 37 -64 -82 24 17 56 -27 -7 23 -80 -19 -36 64 20 38 -15 -62 46 -96 79 -53 -32 90 11 -16 -46 75 85 -93 -11 -55 -7 -47 30 43 5 -47 19 91 -37 -86 55 -49 89 -81 -38 11 
-64 15 -12 13 -77 82 75 1 -20 46 65 49 3 91 -8 -14 -22 -33 -72 -82 -16 -100 30 37 37 8 -5 -7 13 -41 90 32 83 -95 94 -49 76 -55 46 30 -7 -41 -64 -98 -83 -25 -48 -53 -48 97 84 48 -95 43 56 13 81 65 25 -77 -65 20 -86 -71 69 -60 -15 11 -61 73 77 -66 46 -52 -56 45 64 96 -66 -29 37 -12 -53 95 -47 -57 -71 -26 -61 -88 -46 7 -11 13 37 -46 70 27 84 89 -86 -72 11 -86 20 -27 88 90 -45 -22 -29 98 -83 -24 -41 19 -61 99 
59 -47 96 42 -36 74 -100 34 -72 -34 -12 -14 84 -55 -45 -70 -7 -74 -2 -40 29 80 -85 23 -69 -85 82 6 73 82 -81 -94 -35 -64 -11 5 46 -51 -85 61 31 -58 -14 -58 88 98 51 42 93 -57 59 -57 -2 3 62 98 70 60 99 -60 95 -42 -46 -40 -41 55 48 28 -38 19 -64 -40 64 85 73 -65 -89 -21 -32 -52 82 -45 86 -63 -87 -64 97 -56 39 -31 -32 94 20 -70 92 -52 -69 68 -63 -23 -94 51 -73 41 -1 -40 23 -51 -57 44 37 58 4 -74 -26 24 78 -20 
94 -54 87 80 -34 94 73 30 -100 -63 43 -27 -36 -5 -23 -44 -14 -46 -63 -66 100 -5 83 34 29 -51 -13 -16 -14 67 -52 28 98 -91 -85 84 -97 -81 -58 65 70 4 73 -93 4 -23 -98 13 83 -56 -93 -14 12 27 -73 96 39 -69 -64 -40 49 86 -84 -85 -82 -47 78 -67 89 20 81 50 60 61 18 16 29 77 -68 65 -94 4 -40 -77 -20 53 88 -51 15 95 93 -78 75 70 69 -35 -13 15 -18 47 -54 51 -9 -42 23 71 -46 66 8 -50 -21 -58 -55 69 -5 69 75 77 
1 -83 73 88 -45 -41 2 -58 -39 55 4 66 84 8 42 -94 -23 -58 23 -94 93 88 -88 -69 -77 14 6 73 27 -95 -29 46 80 -99 24 -18 -74 -6 13 -34 22 -69 2 -12 -9 -68 -85 -92 -62 -35 -73 -92 52 1 -6 -8 -27 -58 -72 94 80 40 31 69 -97 17 90 -93 20 -40 -17 52 -88 2 7 63 -96 20 68 90 -29 4 93 -26 -80 64 -87 35 -15 -62 91 -47 29 73 -9 44 42 -66 -33 -72 34 9 41 -47 -29 21 100 -74 -84 -35 9 41 -36 -31 -75 57 46 18 
91 -29 89 14 98 63 69 93 -19 -42 -75 62 41 -13 56 -77 -79 -30 71 95 36 26 100 18 6 -100 12 35 -61 37 -47 -44 -38 80 -25 -24 -24 -75 -29 -82 2 -6 0 -97 40 99 -39 -37 80 89 99 -6 -32 -96 -50 94 -57 8 5 -5 86 -43 91 76 11 4 -16 29 91 -22 82 24 -65 -92 26 99 -6 -100 -99 -32 -60 73 6 -67 -30 -72 81 34 -67 -9 -52 -23 -23 90 63 62 -10 80 13 -35 -83 42 52 -44 3 -78 -41 86 -10 58 -2 -9 61 99 81 43 12 44 
-41 -75 -7 -21 -89 30 88 -55 -66 -94 83 -52 -81 -40 47 64 -54 -65 68 28 29 51 -85 -21 -44 48 33 40 -15 28 44 33 40 -96 66 52 44 -81 47 -19 -30 -44 -47 -100 94 8 -14 -85 -40 -96 33 58 -52 -3 61 30 44 31 100 91 -28 12 -68 41 -39 82 58 -6 -72 6 57 -52 -97 -2 -70 61 26 19 97 -67 92 52 28 -77 22 -91 62 57 44 3 52 99 63 -92 -59 57 -82 -50 25 -90 55 -85 10 35 -14 -86 -68 94 50 43 -75 69 83 -65 -5 13 -72 74 
-61 69 -31 55 -54 -72 4 95 35 13 -91 59 -24 -68 24 -97 -28 -100 -92 91 -75 61 23 66 23 74 -35 -8 -86 -40 68 54 -12 20 -55 75 57 85 35 97 -44 43 -96 22 -34 -17 75 10 17 -100 -81 32 80 44 -14 31 9 -48 73 -18 81 -77 -87 -83 -33 -2 -41 11 -60 -28 89 -67 42 -48 40 48 -86 99 42 5 31 -32 100 33 -54 -36 -90 77 23 45 59 21 -37 -63 37 72 -29 -75 33 22 -65 10 51 -68 -92 -1 85 -50 -86 39 88 -70 -31 62 93 15 91 -70 
23 -43 -33 74 82 -91 -30 -37 -51 -100 73 -46 -48 -21 82 83 -52 -67 71 -7 32 -23 12 20 12 73 -23 -61 -57 4 48 -78 -32 74 -59 34 97 91 -2 28 -57 -48 85 32 -74 -89 22 -3 49 -21 -66 96 -88 -76 -25 29 -63 -58 64 49 -72 35 -70 -97 2 41 -31 34 -45 2 -18 4 16 90 0 52 -99 39 -36 29 -7 -60 22 -4 -20 64 90 7 -27 -71 95 -75 -40 -6 55 28 68 65 -38 82 33 63 88 26 44 -67 98 -63 56 14 40 -27 88 -25 -75 -19 -18 -37 
42 -74 -96 64 83 79 -18 -62 78 -83 56 -93 -73 81 -10 6 -5 -47 -71 22 -82 52 48 94 -34 -75 24 -21 32 -12 32 68 23 -77 60 8 -96 -78 -27 50 -99 -16 -53 -46 64 -38 -79 -13 -22 -38 -44 65 -23 -62 42 17 3 81 -91 -91 41 50 -72 66 78 32 -99 47 7 47 -93 -26 -21 80 -12 80 4 -74 50 -56 80 45 -36 55 -73 49 48 18 15 -40 36 9 39 -32 31 25 -78 -27 -100 -88 41 -11 70 -66 48 33 1 7 87 -20 88 87 -26 78 83 36 64 -8 
30 46 29 -3 -54 -100 27 -15 -29 -37 -95 -60 76 13 89 -66 -30 36 12 -36 -30 -79 -64 -27 -46 -20 -64 -52 -63 -81 88 71 27 62 -50 7 45 -66 -45 -22 30 82 36 46 -24 -62 -80 -18 -77 45 -100 -54 25 -72 15 32 15 -36 -10 -40 -96 -39 -52 47 -100 -48 14 17 -96 98 -50 -93 41 41 60 13 76 16 -15 78 -75 -93 -79 -17 42 -45 77 -99 67 62 -40 86 -99 -10 -95 37 -15 65 -92 -70 -31 -14 -89 -17 16 -56 -48 76 100 58 38 -88 87 -5 99 -65 86 61 
14 -76 50 20 64 -52 24 -15 -84 36 26 -40 75 98 -97 85 44 -65 -50 66 -48 -25 82 99 -97 100 19 -17 53 -78 85 31 -64 28 56 -42 0 12 -45 69 -64 -20 15 88 23 -81 80 7 59 -91 41 40 24 17 45 20 -81 54 84 14 12 -88 -61 35 94 59 -38 25 -21 41 38 -10 6 -22 -45 -24 -56 67 26 53 16 8 40 35 -49 68 52 27 -83 -94 -16 90 66 -57 -96 14 -3 -35 63 -24 -53 64 -38 76 45 87 -10 -98 -77 -78 -97 59 -21 -92 71 -5 6 24 
100 57 38 73 -75 99 -47 -73 23 39 18 -21 -27 64 5 22 -90 -76 -71 99 48 -34 -7 96 41 84 -83 -23 30 74 -33 11 70 -18 -68 98 15 -75 -58 91 -30 -13 -11 -49 85 -20 -77 60 -19 62 -17 88 8 0 9 53 -47 80 -34 -83 99 -80 -54 4 -75 -41 -59 14 84 -11 46 1 -47 100 -61 29 42 87 -56 -99 60 -58 -1 4 80 -13 -52 79 -28 -4 82 53 90 65 63 35 67 62 73 77 -55 -35 -28 -82 -77 -42 76 91 -82 25 89 -75 -32 -31 -75 -74 -99 -94 
-17 100 -46 -29 -37 -4 -39 10 45 69 31 11 45 -48 78 -55 -83 -59 90 -23 -7 -26 -32 -74 44 66 -35 -49 -73 77 -94 89 -64 -68 -51 56 63 -36 61 -31 61 18 -49 96 33 92 42 70 -7 -75 -2 86 99 58 -31 -97 -40 -30 -73 75 -81 76 57 9 98 56 -1 79 64 -85 -69 -94 -20 -84 -92 -17 -16 -93 73 -50 41 -50 9 -87 48 87 2 -23 24 34 26 -24 28 -24 -57 -28 -17 -100 52 -60 99 90 7 -73 -24 -57 -3 26 31 -72 -41 16 41 -48 97 -34 96 7 
16 -46 43 83 86 73 -46 25 50 -49 5 -41 49 50 80 17 12 -27 92 -43 80 0 80 69 -7 59 99 -40 -59 -43 24 38 -75 29 -90 41 91 -63 -10 -41 -1 13 28 -25 30 -68 -20 37 59 61 -44 -35 54 100 36 16 10 -67 -76 -4 -58 -18 69 -45 100 -64 -78 -11 -77 40 -73 -70 92 40 88 -8 -89 -5 16 -22 45 -68 71 16 -88 56 66 -66 46 -77 55 -25 -25 43 -73 13 35 -70 -63 70 97 85 -41 -42 -63 100 50 -68 32 55 -15 -52 -11 -7 32 -19 -39 69 
-3 -5 91 7 100 -20 76 15 24 23 -38 64 23 -80 72 54 -11 73 34 -44 32 -5 -78 19 -41 -56 36 -35 29 -8 37 -45 87 -38 6 -73 -9 25 63 27 41 -73 -5 95 -42 -94 20 -48 78 -29 -18 79 57 -77 -57 38 -77 9 -16 -71 34 30 28 62 -52 7 31 -62 -90 -55 33 -83 19 30 7 46 -29 -58 -82 69 41 -71 97 -11 -23 47 -56 -44 82 21 90 27 62 75 -11 -97 -8 32 17 -74 -96 -18 -48 -45 25 -38 -48 84 21 48 91 -82 -7 -34 4 -34 -17 -63 
-58 85 -4 72 40 53 71 -8 25 7 -36 -73 44 26 -54 -60 -81 -50 75 -84 17 4 81 -47 30 67 96 64 45 -22 -27 -50 25 -25 4 81 -44 -36 -64 39 53 -74 -91 24 56 -92 -82 42 20 -82 90 12 10 95 55 -69 20 -68 32 -52 -48 24 61 19 -36 -92 13 97 -36 -26 -83 56 91 -74 -20 86 -54 3 58 44 -93 -67 -51 21 -63 42 98 -62 84 -37 -42 69 -61 63 99 -13 67 44 -26 84 -7 -90 -63 31 -26 -18 68 -95 -100 -88 -44 -85 23 41 77 -9 -34 68 
20 70 37 -97 75 91 -88 -59 88 -100 -72 26 -18 -2 -5 61 19 45 -53 -60 81 -23 90 -63 -15 -22 -58 -45 76 -84 -29 23 0 -13 62 -26 12 -19 -57 57 46 30 -83 -46 56 0 -64 33 27 -14 -66 4 43 -18 -78 -88 74 -12 -39 -82 46 -93 66 97 -29 52 91 -50 4 22 69 35 71 52 80 -35 49 56 75 6 -41 59 -18 31 46 47 -99 -54 -99 1 -91 97 -45 -86 82 -21 -78 -73 -40 -2 15 -99 45 23 -39 -31 11 16 81 -35 -63 42 63 47 -13 -3 -40 63 
34 -86 10 -22 -47 -22 85 45 -37 8 79 5 -31 -87 -42 -64 83 -90 27 84 -55 91 -93 -57 -52 33 -18 79 -63 25 -90 -16 93 22 -84 -45 -31 -80 -72 83 70 -93 83 72 -38 -87 -83 30 90 66 60 -96 -21 55 61 74 57 -81 87 -51 2 -8 7 83 -3 -92 -50 24 -30 -58 76 -92 -3 5 18 -28 -31 -66 5 -46 -67 37 46 20 -56 32 73 10 11 93 37 -16 18 -19 -13 -18 -25 73 -6 74 -56 16 90 -82 98 52 79 -35 -35 -68 -65 -34 75 86 -62 -5 -76 28 
-80 56 -19 57 -81 -81 84 25 67 47 54 94 44 -23 -58 -41 73 -63 -21 -34 -78 -100 -11 89 71 55 -34 -73 16 33 70 82 -90 87 -20 39 -21 -76 55 95 -50 -46 -61 72 -72 -42 -16 -34 78 92 92 -20 -61 13 -70 21 40 68 -36 -1 61 22 -47 -46 30 54 39 2 -82 32 -14 20 5 74 9 -39 93 49 -86 -51 -100 -29 99 -38 89 -65 -21 92 82 -33 -36 -8 -85 36 -22 -95 -14 38 70 5 -63 17 -64 -34 -15 70 3 74 -59 -34 -23 -34 76 47 42 -64 51 -40 
-60 -18 56 73 51 13 -95 20 -77 1 -87 68 -10 -28 100 35 8 86 77 -32 -21 -67 0 90 78 56 -48 -64 80 86 7 90 8 58 -73 74 19 0 8 41 -6 -91 -79 -51 -16 -49 -64 49 5 78 -57 -4 -89 -61 82 -94 85 13 70 -32 -24 -54 -72 -20 15 100 -75 -63 -51 -78 19 -39 -46 35 58 60 -78 32 -77 82 83 -25 -11 88 -95 -19 -23 58 -49 68 14 94 11 -12 -6 17 -16 -23 -77 29 75 -4 -35 32 22 78 -87 -98 -79 -36 96 -60 -96 -16 72 -44 -93 -27 
95 0 -15 -46 26 -45 42 90 16 -10 53 43 86 -69 35 -39 -15 12 95 42 43 -79 11 -24 -11 79 45 59 34 38 -72 34 -27 -81 86 43 39 44 34 38 -53 49 -48 6 -54 -67 29 -58 34 49 -20 -85 -27 -69 -59 -14 22 -75 -99 19 -9 51 13 -21 -50 58 80 50 -79 -34 -53 87 -8 11 -34 40 51 -99 5 69 -38 44 14 -2 -18 -43 44 32 96 -54 -99 -40 26 -79 24 20 -98 -51 76 61 44 -98 40 31 -46 -6 -12 64 -73 84 98 -84 30 -74 36 -94 65 84 
-10 -66 36 -10 -84 8 47 88 -80 -30 -64 -88 11 44 1 -30 23 -59 85 -44 -51 6 71 -59 -98 -27 -74 10 -57 -85 -31 -75 1 -78 12 42 20 -95 55 -99 -98 57 52 -99 -69 -33 63 82 -60 70 -34 -95 -35 -2 -40 -33 -57 19 39 9 62 89 18 -7 -2 -97 -11 -71 10 -99 -32 -23 -1 -4 -89 -31 95 55 -19 -42 91 -96 -98 71 -60 41 -64 27 -7 30 75 -62 38 90 50 94 -40 -11 -40 39 -29 -25 -43 27 73 63 -68 -65 -79 50 -34 35 -66 7 37 -53 85 11 
-85 -14 15 48 -72 71 51 32 -52 -33 77 67 -39 13 -4 -91 -10 92 14 -67 24 -83 14 21 27 -76 41 93 -18 -9 8 84 -41 -33 19 27 -48 80 48 -35 -8 -91 1 30 -85 -71 50 -61 39 -80 61 73 8 -87 -30 17 -64 71 6 45 -26 -57 59 96 81 -66 47 37 76 -58 95 91 -11 87 93 98 61 -92 -50 14 -12 -18 2 88 86 3 -77 16 92 59 82 72 -8 -38 98 -69 9 63 4 -97 79 22 53 16 82 -22 -71 100 10 35 37 -20 69 -67 -46 77 -71 -51 
69 -15 18 -81 -84 1 48 -31 67 -62 95 -64 -70 -100 -44 64 23 2 -61 69 90 -52 41 -73 49 27 -23 -37 23 -98 -27 -86 19 70 -41 41 -3 -93 98 -32 88 75 -37 27 -78 -73 46 71 10 -69 19 9 -87 24 -39 71 97 -2 83 54 44 -44 -67 -70 -49 -6 65 18 73 89 17 -32 14 -19 64 4 85 96 -58 90 59 71 -83 39 84 -53 24 -22 52 -77 17 57 -44 -58 73 84 -27 -46 11 64 -37 72 -52 80 8 -13 21 76 87 90 -25 34 -88 19 -64 -82 -69 -31 
99 -62 66 17 49 38 -57 3 -1 48 -14 14 -86 9 -48 -43 68 -76 66 -5 24 -45 0 -54 22 -91 84 89 -11 22 -84 -53 -2 30 14 -16 -59 47 -25 26 -98 44 -28 -63 45 -92 29 13 -34 -44 79 -63 76 -79 41 6 -63 78 9 -29 75 -52 -20 -66 15 20 70 60 97 95 -95 -71 78 -14 -80 -16 -87 96 -9 41 9 -96 32 74 -25 39 -10 78 70 -71 62 -10 43 -14 73 56 13 -59 -50 46 -14 5 75 -18 -59 7 -24 -62 -83 -67 66 -5 53 70 -2 55 -92 -66 
21 -15 86 38 -56 92 -78 -1 50 1 -25 -63 45 32 8 87 66 -94 -76 -22 43 -100 12 16 -15 -21 -9 -97 67 79 -24 -73 -45 -33 89 72 -11 9 93 -89 -45 55 2 -99 -86 -82 -10 -83 65 10 -82 98 89 59 87 -75 -27 39 -91 32 58 -38 83 17 25 61 -3 47 100 -68 -31 20 -92 -9 34 -77 75 68 -32 -2 -15 -43 -5 -74 14 -25 19 -24 -50 -9 23 -89 88 -46 1 -26 12 49 -90 29 88 94 31 -44 -17 2 4 -65 -6 -36 -45 -19 27 -41 -79 0 -67 10 
80 20 -7 -63 -84 -61 7 20 10 90 47 -71 37 -25 -95 50 66 -32 47 -4 -75 60 36 94 38 -45 18 66 -41 29 -50 -50 -81 -56 -95 70 -33 -14 48 -45 55 77 83 97 -40 -65 -24 47 52 -47 88 -18 7 16 -40 -10 67 -37 82 16 7 24 -45 -77 -40 24 1 -82 78 -68 89 84 26 34 24 57 -79 -18 -36 -31 -42 -79 -55 -36 -96 21 65 98 75 -31 -16 46 73 22 -79 30 6 14 53 -20 -68 -61 29 -69 -88 56 -7 100 -70 -98 48 -29 -66 -100 37 -20 51 -3 
92 -51 81 -83 -84 -97 39 74 -82 -99 70 -94 -8 -9 23 -89 -16 -25 27 8 -59 47 -97 -73 82 -43 71 -33 -61 -2 -39 -16 24 15 -72 85 -48 -77 13 89 20 75 -33 -29 -17 -20 40 43 -11 82 -96 -50 97 -83 74 11 -41 -26 89 30 8 57 39 -1 -53 10 67 -80 -15 -99 -80 39 -67 -1 24 55 -57 -20 -67 18 21 -39 21 19 10 68 21 54 -84 -34 60 -14 -42 -33 -64 -46 96 28 46 43 46 34 -23 -79 29 54 49 -71 -61 45 -54 -15 -20 -35 -18 69 93 90 
47 23 87 -60 10 -74 82 100 72 19 -85 -68 75 -88 56 64 -93 -14 31 56 25 36 -19 -57 14 -68 -6 -1 -10 -94 -57 97 -2 -81 40 -14 33 16 -77 36 10 -55 -78 22 84 61 -2 -23 -6 57 14 -34 67 -72 40 -93 -67 99 -27 26 -21 55 -30 58 85 96 86 17 8 -30 97 -32 85 87 13 9 -51 -94 84 -84 69 80 -90 -2 -65 24 64 92 -5 76 96 93 -82 -9 -93 -77 -84 57 3 58 -81 -86 7 -3 96 -22 75 -88 -15 67 81 41 -58 64 -28 -32 -12 -61 
19 12 2 0 -56 35 98 -80 -37 51 -34 75 -72 58 80 32 -85 -74 -53 55 -96 -28 73 59 91 54 -32 -54 45 99 -85 43 27 72 32 84 66 15 -26 -67 -71 -34 -98 -69 29 100 -39 44 -44 73 1 -59 -80 -24 -22 -49 89 80 95 50 95 -32 -75 90 -22 31 93 36 84 36 -99 84 61 34 10 79 -15 81 -35 36 1 61 -17 30 -16 -95 55 -50 58 -47 58 -34 -1 -98 17 -31 40 13 76 31 -6 -65 -32 -40 67 54 -32 -30 2 98 18 -40 75 -71 -51 -86 64 100 
74 34 -60 62 57 31 91 29 -9 94 -5 43 1 -50 2 -89 74 -24 34 -79 23 65 -68 -8 98 -64 -37 33 48 -19 63 78 -53 30 -18 -49 -74 -27 -87 59 54 43 73 -13 6 35 -55 -31 -91 100 44 -85 68 3 83 10 -70 -77 77 49 9 -53 89 -59 -19 -15 -10 -22 -16 -92 -22 -61 -87 0 -94 19 74 -94 -39 59 82 -94 31 -54 14 49 70 -33 79 -49 7 30 65 4 80 -71 15 -75 41 85 25 9 -8 29 67 -52 -15 -19 -81 -48 39 30 35 74 -57 -65 72 62 
-74 28 44 -38 41 -33 49 -37 -73 2 92 17 -52 -39 -48 -89 -22 44 -80 -47 89 -70 51 75 -37 76 -34 -60 77 100 21 -69 44 46 -90 15 -45 -12 -17 51 12 -72 71 -41 -72 -62 -60 4 -83 88 -86 -94 63 -71 -9 -96 -54 0 46 -86 -79 -28 -55 45 70 57 4 56 37 -24 89 -36 -74 59 64 -16 -75 16 94 55 85 -67 26 -90 -34 -37 -68 -15 -100 14 -23 -5 -65 -74 100 55 -58 95 93 -12 -29 69 88 68 -88 -12 -30 35 -59 64 -13 -39 -39 -96 22 21 80 63 
-9 9 98 -35 -41 -64 72 35 96 -54 26 -48 -48 26 -41 -68 -25 7 39 -34 -70 -51 74 -31 -5 -98 -17 -99 94 78 19 -5 -49 39 -28 -9 39 89 -60 -64 72 49 44 73 -24 32 4 58 32 -96 -5 94 28 78 -7 -49 64 54 -30 -23 42 -52 17 65 -38 -31 54 5 71 19 -34 29 -22 -8 97 -74 -5 -55 25 36 -35 -17 18 -88 14 -47 -97 -78 -92 2 -59 -38 97 -93 62 -66 -88 32 56 64 -39 -39 -14 80 45 62 89 71 92 47 92 -37 -23 71 93 42 -18 94 
-77 20 19 -65 59 -18 -72 76 44 48 18 35 35 -96 -24 6 -55 -43 -32 -5 -11 57 29 6 -66 65 -28 21 81 -5 56 9 -94 27 -25 23 -41 -69 52 -46 28 -73 -13 45 -46 21 -74 2 76 -21 -68 86 -100 52 74 21 -22 -55 -9 26 -76 51 34 41 -16 -79 31 -32 -35 -16 -80 -92 -87 -69 -55 -83 73 66 -83 -35 -21 -12 -8 17 -93 -82 80 -57 94 -26 75 -8 -20 54 54 -47 43 -38 8 63 -69 68 -39 50 -23 20 34 -55 -11 -70 82 -10 -10 33 46 58 -15 62 
66 -9 -11 -14 18 60 25 19 96 59 80 -50 -1 55 -29 -86 48 73 67 -7 -25 -74 -89 51 25 -36 -10 -63 -80 -56 94 74 7 -60 -50 13 -11 -68 44 68 71 -98 89 33 -58 -84 21 81 -32 84 -45 -14 13 94 72 -48 -3 -1 61 71 95 15 25 53 -30 -81 80 92 -46 -48 -63 -39 97 -33 76 -25 -52 -13 -69 0 -67 -67 -42 79 12 -92 82 -86 -16 -49 82 -94 31 32 39 21 -37 23 38 44 -47 -19 17 -82 49 91 -50 -73 -2 -46 -51 -55 74 0 16 -79 34 25 
25 -83 81 15 15 80 1 -86 -50 62 75 28 -70 42 90 -64 65 91 -91 -34 -39 -81 98 -89 -80 -28 77 19 81 -80 -73 8 35 -31 64 -43 91 -11 22 -100 57 -39 -72 85 93 -16 -29 -26 -70 59 86 -55 38 87 49 64 -58 -67 -33 -91 18 -8 -4 -67 24 -88 17 17 -24 -10 25 -81 -84 -38 -68 2 -28 -35 -92 -72 94 -66 30 -84 -13 -76 -16 99 84 69 -69 -89 67 -28 -32 84 -65 -46 -2 -47 -7 -11 -52 52 -84 -24 -58 14 69 4 -27 4 -83 -51 -73 49 99 -14 
-91 7 99 59 -30 6 68 52 -94 75 100 -67 -97 62 -25 74 55 -59 -7 65 -90 95 58 15 7 17 67 -62 81 -90 51 -49 13 29 13 -85 -91 -48 91 59 69 -62 68 60 89 27 23 -53 69 -52 40 17 61 -60 29 88 -59 95 -44 -94 -27 45 23 84 36 37 9 29 -62 -95 37 -28 2 -75 -53 -57 -35 48 -15 -48 -96 1 19 -2 44 -89 58 -87 71 -31 -71 53 -83 -24 10 -85 -96 97 73 -93 43 54 90 82 91 69 61 33 72 61 -41 -63 99 48 11 55 -82 38 
-10 -89 -14 -67 -38 -86 90 19 100 -26 81 25 47 66 -70 86 88 -22 -12 -37 -39 57 -33 -27 -47 25 -17 -53 68 -17 62 88 -88 -39 -89 -60 86 -27 50 -73 -7 25 15 64 45 63 -99 78 -53 -58 8 -35 70 -77 -10 -9 21 67 80 -40 -1 50 -43 43 -67 29 99 -83 53 -9 90 -65 94 -88 23 57 -32 35 43 54 -39 7 38 50 18 69 -51 -30 59 -50 16 -10 -27 -16 15 -57 51 2 -24 -38 -39 -9 29 -60 -15 76 -36 -9 37 -21 -12 26 -63 -73 69 87 68 11 
29 -44 76 -6 18 -92 40 23 -86 -63 -72 20 -92 -83 70 -20 -75 -64 32 -6 47 89 74 -14 -5 -92 -75 -31 1 34 79 -90 71 44 76 46 -65 96 -28 -32 -72 -55 -36 -94 -44 -77 34 -88 44 -21 68 72 -21 -82 -50 64 -18 96 28 -97 10 -63 57 33 -28 80 11 -38 76 5 85 -49 -25 -60 -86 6 -99 45 67 -56 37 9 -46 0 -53 -93 -66 -36 -60 -19 95 27 36 -89 -96 -37 16 -71 -99 50 83 -54 61 -80 2 29 -95 15 19 81 -21 85 -19 97 78 -100 -54 16 
-43 62 50 -13 57 -22 91 -37 40 -19 60 -2 68 36 75 95 -88 66 -12 -88 5 -28 -89 -9 53 -22 -75 -42 -80 7 -67 18 -24 -79 78 -73 98 38 -11 -96 -18 -19 -38 -95 94 -55 -30 11 -47 -18 37 37 35 -59 97 -81 24 -9 48 37 19 -30 81 96 -97 -34 72 38 -92 21 86 -92 100 7 16 65 37 61 25 -99 -4 67 -62 -73 41 -95 -93 -29 -89 -73 -75 49 -10 -45 -95 -17 36 100 39 -61 24 -96 49 -52 17 -20 16 75 78 -59 -41 77 16 -53 16 -84 -6 97 
-61 37 9 51 5 8 -48 -90 52 -66 4 -32 -23 13 60 46 -64 85 -4 41 -13 -95 -85 73 -1 50 92 4 94 -1 66 46 62 -67 -85 79 48 53 8 -19 40 28 -84 75 78 14 -32 -60 -94 37 -24 89 -50 6 5 -25 -52 44 -95 18 52 -15 -22 15 -20 78 27 -62 -83 62 29 -61 -72 9 -28 40 -7 -50 -9 62 -72 -1 -75 -24 -59 -54 -17 -61 32 -69 -70 -37 50 29 -85 -4 14 35 21 100 -12 -87 100 65 -62 -93 -30 10 22 91 97 -50 -68 41 11 61 -81 -12 
89 -25 -79 86 -80 -74 41 54 -68 -51 65 94 57 -90 -92 41 -97 88 34 -54 93 15 -94 37 50 29 -37 -46 -14 11 -17 -58 30 40 -24 -44 -66 -82 -51 -43 9 50 10 -79 9 -92 -68 -75 37 35 84 -14 28 24 -2 41 -28 -83 -90 -18 31 -45 71 -55 -15 -74 18 69 -29 -32 91 -90 3 80 87 51 73 47 -60 -63 98 87 9 -63 -81 -7 -13 -76 87 30 6 100 69 6 -76 -19 6 78 -27 -57 85 50 -94 34 -40 -74 96 30 -100 88 -4 68 -89 40 20 31 55 -78 
4 37 -7 60 41 70 39 16 31 18 52 -36 -48 85 6 -51 45 23 -44 27 47 69 -39 -94 -60 -94 -19 74 95 -98 -69 -4 -75 -71 -4 58 44 -47 93 -46 -71 93 29 -7 -14 44 55 -34 -51 49 -96 -80 78 94 -71 -27 -41 -93 21 31 -16 19 11 89 -43 13 95 -57 98 100 -10 29 -52 6 -91 -31 7 -2 100 45 -62 -47 3 -11 64 51 -1 91 4 55 -83 -99 72 -14 -49 -54 -23 29 80 -41 99 33 74 -35 -93 20 -95 97 -60 -89 59 50 -85 -76 82 -33 -5 66 
28 -96 23 65 69 -41 -97 -52 -73 -58 47 57 58 -41 -40 22 100 -15 0 67 72 -22 -18 -98 -92 18 -3 -27 47 32 53 46 99 -25 53 34 -86 17 -32 3 -23 -99 -68 -70 -39 94 63 49 86 3 -16 -46 -34 -94 -11 97 14 55 -75 -26 -20 64 50 -47 73 78 -28 86 -24 78 -43 -27 91 54 -47 -100 44 68 94 8 -28 3 -88 88 34 -44 -91 -60 88 5 13 -37 -20 94 68 8 -94 49 -44 96 -2 -50 71 -55 -27 -47 82 -54 69 -43 -63 60 -2 -52 -32 -64 57 -42 
76 -6 -43 73 -46 -37 -96 -41 60 16 -98 -77 56 32 54 -84 51 98 48 -75 25 -66 -27 -3 2 -2 91 69 39 15 73 -14 29 90 16 -41 79 -49 9 8 52 80 80 -83 18 -87 -10 65 -39 -39 -68 38 -94 -16 80 -82 96 95 -80 19 46 -87 5 68 69 -88 -67 -42 70 -49 92 54 11 -24 33 42 32 33 44 -35 -51 -28 13 -64 77 23 -68 -86 91 -6 -32 85 10 91 -33 -88 -73 -96 90 -37 -23 32 75 -18 54 30 7 -78 73 63 100 23 1 91 -62 -87 -73 52 
30 8 -58 -67 10 46 29 13 -17 62 11 43 -62 -24 -62 -27 99 59 33 -12 -49 -3 64 -100 -38 66 -73 -77 50 -56 88 96 -15 95 39 76 -39 36 -16 11 71 -96 -13 -72 23 -55 -53 86 -51 90 57 -94 -45 -33 93 -32 -71 -89 -7 -89 0 -54 66 -31 81 35 -46 100 43 72 -85 30 47 -80 21 59 34 93 88 -48 -50 76 85 25 -43 -21 41 -51 69 -29 -20 -28 1 8 77 83 -1 -27 -11 73 -52 -35 21 -57 -48 -70 56 61 67 -83 -49 -29 -62 -71 -86 -44 76 8 
17 -38 49 -21 -59 -99 -51 55 68 50 2 -43 15 -33 94 -41 72 -79 82 82 -37 58 67 -52 -17 -31 -50 -70 44 -77 29 76 58 91 -17 15 42 85 95 -37 -75 88 -17 -13 -54 -42 64 7 61 -98 51 -60 16 -9 32 -33 -44 71 48 42 61 -52 -83 -39 -71 -53 -34 -59 -15 65 37 -74 37 -66 68 -90 26 79 87 57 -89 71 -42 11 -14 33 -100 82 69 36 -98 -27 24 -53 -6 -43 -50 -66 -23 45 29 -29 -97 67 -25 -55 39 48 87 -8 8 -58 20 -57 38 18 -23 46 
87 -32 -69 52 -87 -8 -32 70 -43 15 -41 90 -22 -60 40 -89 -89 -9 41 53 62 -36 -27 29 99 81 5 -93 -94 24 -87 45 66 19 -32 45 45 -57 -9 -95 18 -22 -44 -55 73 71 -69 9 -31 54 31 -85 -25 -81 -11 40 -97 -88 -3 67 -4 -11 -23 96 -47 -49 -91 -4 -61 62 -21 -25 46 -37 -9 -98 70 -74 -2 15 -54 56 14 -71 -55 -29 -92 10 -20 13 -65 -57 96 85 -1 16 -29 -73 51 -76 -99 -8 -100 -60 48 78 75 27 51 -36 77 -32 -56 54 79 23 -70 -98 
-35 -6 -75 -9 94 -16 60 -5 45 24 78 38 52 31 -93 -46 97 54 10 39 36 62 89 -11 -48 -33 -66 -96 -11 17 46 97 -7 12 41 -95 77 72 -14 -91 54 77 -30 -18 5 54 39 19 -61 22 -20 -86 -50 -94 -19 -64 -48 55 -11 70 17 71 63 94 -37 -38 -10 -76 91 97 -37 -22 77 14 -44 -67 36 -67 -12 -83 -15 59 -33 29 68 21 73 69 21 54 -9 9 -23 37 44 -3 4 -53 -8 -2 -68 77 -69 82 -80 -14 -1 37 -70 97 -62 -25 92 58 -23 -60 60 37 
3 20 -59 18 33 75 -5 8 5 50 -71 -81 7 81 -49 39 13 -19 27 -59 -73 -60 -53 -11 22 21 -12 98 12 -21 -33 47 91 11 89 90 81 -96 71 -75 -16 -28 0 83 57 55 -15 55 -94 32 74 100 -76 69 -8 -9 37 22 -97 -83 10 -45 -83 -93 31 7 -30 -86 -100 14 26 -32 -80 -36 32 -81 93 16 19 -19 -93 -91 4 -18 75 25 93 -83 12 100 52 84 -99 81 -63 62 -51 -52 13 70 89 -23 4 -42 -5 20 54 -75 39 -96 9 4 -16 80 -24 -80 -2 -18 
-20 -91 -32 -41 -79 -86 -100 -87 42 -25 -91 69 20 92 -47 73 46 -93 34 57 49 -82 -56 -54 -58 96 -18 -49 42 85 89 4 68 10 -24 -37 22 -95 14 9 69 51 16 -60 -59 -23 -79 -92 74 19 -30 -41 -1 43 4 -2 48 -33 -64 90 48 -61 86 -35 -10 25 24 -40 88 -95 -64 -1 -17 -1 43 63 100 27 83 -92 49 -25 -81 -19 17 67 36 -61 4 -62 60 -36 69 -46 53 -62 -10 -72 64 61 -11 52 -86 27 82 85 93 19 39 61 -39 41 82 -55 12 16 -70 68 
31 81 98 -3 -60 40 -100 7 -56 79 62 -9 81 -29 -51 99 -56 -92 -34 41 -71 26 29 34 -22 95 79 23 48 -68 -4 5 -38 -39 67 37 -35 74 0 -7 77 41 -56 16 87 -85 11 5 86 1 -33 99 9 8 82 18 -15 2 -21 -72 -8 67 -75 -61 12 70 -39 -75 1 45 -72 10 -24 84 -22 -64 83 -74 -73 76 -28 98 90 -17 -39 -87 -11 -69 -3 -80 -16 -2 -95 85 -61 -70 57 95 -72 -51 4 36 -11 64 -99 -99 -55 -26 -45 16 35 44 -30 81 1 -13 34 -52 
-90 -57 -7 90 -72 81 -86 2 75 93 79 53 -37 100 -66 4 -79 54 82 -47 88 -83 -14 -81 56 26 94 -55 48 -51 37 -40 -65 -80 -92 -36 86 -17 14 -76 84 -81 -30 -44 -7 -24 -48 57 40 -91 -30 15 -48 -53 91 72 -60 -44 73 -10 -37 15 39 -65 99 94 -93 -80 -22 11 -44 -56 -24 -33 -68 93 -31 82 64 -45 81 -28 -15 -69 -80 -8 -74 -5 -25 96 66 -28 55 98 -18 -53 -35 -22 -10 24 -43 -90 -75 -94 1 15 -46 97 49 92 -45 -67 -66 82 100 83 57 75 
-67 -16 92 -77 32 -70 -74 -18 -70 71 27 7 -74 92 49 65 -46 83 -63 -25 -60 -55 -72 58 -75 40 -49 -62 69 13 39 -5 85 -56 -10 -52 51 27 88 69 -57 -10 -43 14 38 54 -35 29 -34 -83 6 81 19 89 -32 87 100 -53 -29 42 -29 -34 -76 50 -74 77 -46 -44 -55 -52 -53 -90 40 -22 -17 91 91 -94 32 29 -84 23 0 -69 94 -4 -27 -91 97 33 -78 -8 19 -68 31 -15 76 19 43 -21 -46 85 -11 -50 -21 -25 19 34 96 -24 80 42 5 57 85 -91 -10 100 
59 -81 -17 -24 -87 18 -61 11 58 -54 -44 -64 -32 -1 65 -88 84 -14 -17 78 -91 21 68 -88 -48 -6 41 43 15 1 -74 99 -71 -47 -79 -16 28 28 -16 18 79 48 -55 8 -2 -88 -74 -95 -66 52 28 28 -56 75 41 98 -65 97 -23 -26 77 -51 -7 12 36 37 -41 71 -41 23 95 78 65 -48 56 74 46 -2 -51 5 -40 15 -24 -26 -27 5 95 94 90 36 -53 15 -11 52 -99 -63 -4 34 -38 76 -32 -3 52 51 -15 65 81 -28 -13 -14 -34 9 -41 45 29 24 -57 93 
-66 88 67 4 23 -75 -69 94 -11 65 53 100 89 86 -39 89 88 -10 -60 -73 22 38 66 27 -16 28 9 -3 -84 63 44 100 85 89 -82 -52 73 -7 -11 27 52 93 82 -12 6 -12 -4 24 -75 -2 -37 -55 84 95 -31 -81 52 -43 1 15 -90 -23 -31 69 34 -79 48 99 -11 -65 67 -19 74 50 -54 25 -98 -69 69 -37 -22 46 15 -96 95 -100 -3 30 -41 -35 12 6 -75 88 -13 3 96 64 -49 -94 -76 -95 15 74 -61 -26 -48 -84 -64 25 10 -17 80 -99 -12 -31 -48 -55 
-98 -19 70 -48 -47 73 -11 -68 76 -71 18 89 -1 30 90 26 -59 -97 -5 32 92 -9 83 -16 -22 -33 -20 80 -40 22 95 -53 -30 24 62 16 -37 -68 -96 -80 18 -50 -38 -3 -93 71 -93 -33 -79 -12 81 -86 -53 17 18 65 -93 -67 13 28 -91 -10 86 -47 75 -73 20 -52 -21 -70 81 75 69 23 25 7 -47 5 -64 10 -55 -12 29 -36 -76 -46 99 -44 98 64 -18 -97 -85 -94 35 -66 -81 13 -69 -68 -58 95 4 52 -32 -74 -64 -71 -70 72 98 -100 -80 23 -79 -73 54 -64 
-62 -46 63 25 -28 -17 84 58 -65 44 -44 46 -76 -78 92 -10 -24 49 36 -88 100 4 39 51 -78 -10 1 -71 68 -62 -33 30 63 -63 72 94 -76 -98 -40 74 -71 -92 88 71 75 24 95 56 100 38 14 88 0 -26 -73 50 -6 18 -67 5 -11 -22 95 -72 24 -66 -99 -37 -12 43 -44 -5 37 92 -48 -85 -2 9 -53 98 -76 -10 -21 -67 62 12 -34 31 -75 76 -80 -6 -78 75 81 -24 -8 89 -28 69 -11 90 -79 -10 77 -64 90 78 51 76 34 8 42 -31 -82 -49 27 -57 
-32 -99 -30 -80 -43 16 -57 12 79 -25 4 14 -99 84 72 -11 22 -5 88 -21 81 -19 -14 100 -5 -49 -62 -77 65 -43 25 71 92 85 -79 -38 -16 -71 -13 -8 14 11 -13 -47 95 34 -96 78 -26 1 -51 -52 38 -26 7 -75 -49 16 -45 -57 -10 -9 -33 -65 96 55 97 -44 -99 -10 55 1 65 -73 -53 -84 47 -9 70 63 82 73 49 75 51 -65 -33 -50 95 -67 -51 67 80 -25 88 45 77 -34 9 -81 24 -6 65 -71 78 66 -76 84 30 -21 58 -34 -83 -91 -1 -54 39 -70 
88 -97 33 23 11 -96 43 -1 94 79 -100 -14 74 -56 -75 67 83 -51 -14 47 62 -19 -51 -38 95 81 75 85 5 -32 13 -81 57 7 46 -57 -14 -45 -90 88 -68 -94 22 64 99 47 79 -13 5 88 74 74 54 74 83 -65 -72 83 2 -68 73 70 -11 20 -50 -9 0 -76 -46 48 -71 -91 4 -2 5 -82 -79 -95 47 10 -31 -35 87 -29 -4 80 82 -90 0 9 -87 62 84 70 -35 -75 -64 -12 -74 4 10 21 77 -90 -11 -71 13 -41 -86 37 -98 -40 61 -73 41 56 -82 57 
-36 -94 -28 -57 30 -37 -8 80 -6 15 45 31 -98 -3 0 79 33 36 39 39 -83 69 -57 -39 -90 42 53 90 -74 34 67 50 -82 -86 -14 -93 -59 99 47 -25 78 -21 85 -18 -99 -81 16 -12 76 -10 -42 38 -81 22 -47 -47 -63 18 46 -69 -90 80 26 -31 -7 87 32 75 -88 38 -59 50 48 -14 -42 12 -65 -7 -64 44 -79 70 18 -49 -64 67 -8 91 19 88 -18 44 -11 -49 -14 -67 -50 1 52 -72 95 65 -19 38 -24 14 32 10 32 -45 39 84 -53 91 52 30 -87 48 
18 24 57 -99 16 35 -73 -78 -55 -76 -92 30 -54 -4 -60 85 -22 -27 68 19 -87 53 100 1 -6 17 -39 -10 82 40 -69 81 51 -95 -74 26 4 -66 60 67 16 -19 98 -47 71 -20 25 14 -85 59 35 25 17 -5 -39 -74 36 -96 46 76 37 -91 55 74 -2 40 9 26 -44 -93 -24 -100 -94 -8 97 26 82 -86 -34 -90 -7 -18 3 -55 45 -85 -53 62 -26 1 3 -11 94 75 -26 56 -72 -66 -9 -86 -45 -29 64 -80 -32 23 -5 -26 75 -91 -2 -23 -63 85 -59 78 -90 -52 
-1 48 18 50 -25 -78 -43 -29 -20 44 24 -24 -18 -77 84 -91 85 -36 -88 -47 30 -43 23 86 -99 -27 -7 -72 94 81 71 62 26 54 47 42 67 5 -33 -83 -10 -29 71 64 -50 20 24 -47 -85 -40 -67 44 40 10 -99 -64 -13 94 32 70 -37 26 -99 -83 80 96 49 70 87 -16 -50 63 -94 0 -67 -39 -21 64 11 -99 -79 -2 19 -40 15 -54 23 -18 76 -51 41 -25 -95 28 -61 89 -16 -64 100 5 -51 26 39 -92 -81 -100 -26 54 44 -93 65 9 -67 36 8 -72 -5 93 
-49 -93 42 -27 -22 1 84 51 50 -2 26 -12 -41 19 92 -30 -11 52 0 18 92 -21 55 -23 21 70 20 89 78 -46 -87 33 24 30 -48 -25 -91 57 -84 46 83 18 -49 -45 11 -32 -57 46 67 61 -11 -6 -82 -41 65 -45 89 58 61 -57 95 -36 -42 39 -38 63 -86 17 10 88 -51 58 40 0 79 70 70 -20 30 -59 -19 4 61 29 -19 -39 12 -9 -40 18 60 55 -18 61 10 54 33 52 -81 -56 -1 94 -82 -26 34 49 66 67 79 63 12 -58 36 -24 2 -89 16 57 
59 -85 51 22 11 -16 -42 8 0 -33 45 -91 -51 39 -11 -41 28 34 61 40 38 -37 28 -55 63 -86 81 76 58 79 56 -42 -29 -70 86 64 -91 -9 37 -73 -44 -59 -91 -75 29 19 66 27 -67 -22 7 25 76 66 -88 -100 35 -90 -73 70 36 -65 16 -97 47 51 16 69 -89 -9 0 68 -45 76 -76 67 -65 -33 37 28 81 20 36 83 64 -14 8 -92 13 -76 -36 -78 89 -30 2 19 86 30 34 -97 -66 15 -15 -7 -80 -72 74 8 8 7 61 59 45 -2 89 62 98 -66 
91 90 58 -39 47 54 1 -25 -29 -66 55 -74 22 -56 -31 65 -12 93 28 -26 55 60 -33 99 89 -37 94 -2 -22 7 -2 -79 23 29 -19 61 -81 14 48 -45 12 24 89 -89 43 90 -84 92 -6 56 52 20 -31 -36 -71 96 90 60 -17 17 -56 -59 90 -7 79 29 65 -65 23 -12 -83 1 -24 -58 -96 18 -33 -12 96 65 -94 27 -82 -53 -61 45 -21 13 96 -21 -71 -14 48 -78 -13 -37 45 -54 16 58 -9 -36 52 -4 -72 -5 85 -79 94 -86 82 7 65 -88 -45 78 92 -81 
95 -46 23 39 28 90 -17 62 36 -20 -45 -93 56 74 -39 90 0 -65 6 57 -25 29 54 -100 -52 -74 61 -70 -2 -93 -36 -74 -73 -43 -94 36 -19 -3 74 10 26 -93 49 15 -99 99 97 -23 -11 34 38 -40 -85 80 -88 67 -99 14 -62 55 -17 63 -20 8 -71 -6 79 -78 -21 33 -12 58 -6 -77 13 -80 -65 55 -89 -90 59 48 77 46 -83 72 -4 -29 -27 33 50 54 59 30 47 54 -4 -12 -5 100 97 64 42 12 61 29 55 -50 4 33 3 49 68 77 40 -22 35 92 
-69 40 -7 33 33 29 81 -53 70 -44 -57 -8 -88 -2 -21 -23 -88 76 -48 -58 -44 93 71 44 -49 -77 8 -70 14 -29 85 15 93 -23 -25 -52 54 35 20 -64 45 -79 61 27 12 70 -39 -29 46 -48 6 94 -4 -66 -17 -94 -40 89 -10 89 -31 -69 -54 -76 20 8 -9 -29 -26 13 8 -18 -92 55 -54 -19 73 23 -93 -14 -72 66 -42 -99 24 -82 -43 6 -72 -85 42 -85 -65 10 27 86 4 -10 42 67 74 100 -53 -97 -75 83 -85 28 95 15 -54 -97 -7 -52 22 -94 38 89 
-85 -44 -97 -57 -23 -91 -12 27 -52 -3 -78 -32 30 -100 54 -2 59 81 -19 12 -11 97 15 -11 -22 31 98 -12 -54 -16 -82 -85 48 -76 19 -41 -29 -27 -56 -7 48 -58 -95 94 77 22 95 80 -13 -33 56 -23 -88 -90 87 22 -85 -95 83 -47 -44 -90 17 -96 -72 61 -85 100 64 -36 -70 65 -47 26 56 -64 -64 -52 93 -60 -48 -37 -93 11 52 88 -16 58 10 -65 -99 -75 90 69 49 36 -5 92 94 -73 -82 9 -61 -54 22 3 -62 64 7 -39 -96 45 7 61 -7 -30 64 -100 
80 -39 99 -95 -64 53 -52 98 -8 -63 49 -88 -48 80 -46 6 -77 -34 -95 -8 28 -38 -62 55 69 -80 -65 -82 38 -24 6 -4 -100 -49 52 76 30 66 -92 -70 -64 -8 5 5 -98 36 86 -67 -22 5 26 91 -67 69 41 -17 81 42 -40 97 -2 6 57 -64 53 -43 -25 -6 53 -80 43 -13 51 19 17 94 78 -86 -61 7 6 -43 -25 14 15 -44 33 -17 54 15 -56 72 23 62 -15 38 -29 -93 74 47 41 40 43 -7 84 100 -45 82 13 39 -28 35 -82 32 82 -60 -56 71 
-5 29 -20 -51 100 -30 -94 25 -22 89 41 -19 19 78 -34 -56 19 -88 41 23 -96 23 -82 -25 24 21 -77 34 1 -66 98 75 15 58 -28 85 -68 68 92 47 17 -43 100 3 -81 94 -25 27 -13 -49 -100 24 21 27 24 45 -86 73 54 -99 14 -32 41 -54 33 -2 57 -53 11 -77 63 33 -92 89 1 -4 8 -13 -83 63 -64 25 50 -52 4 3 -29 9 26 51 73 -36 -93 74 61 75 79 100 58 -29 -92 17 41 -58 20 86 68 80 22 99 -66 -79 -62 -99 -95 99 -78 76 
-23 33 34 -71 76 -50 64 50 69 -79 -86 -79 -76 94 -87 -26 -33 99 -31 -76 -100 72 -100 -55 42 -92 -19 -97 -39 -83 73 49 -67 55 23 -12 69 27 -23 91 -86 -27 17 -19 -10 61 86 2 -10 -89 62 16 -22 90 32 -14 -24 61 3 -12 -78 -2 74 -62 93 -50 -2 -26 -58 83 -73 70 70 62 -40 -6 -56 -82 -90 -48 87 -96 40 94 65 58 -39 57 21 21 -13 -65 60 -19 99 57 -15 -50 29 0 -80 95 89 6 16 -77 -56 -7 -24 -46 0 2 -57 7 -23 -57 -44 -97 
54 -10 -33 -85 72 -88 4 -22 2 62 -37 50 97 45 -91 42 42 73 -39 31 74 -76 23 28 10 55 -79 -45 -66 -28 36 -78 -37 -47 88 -84 13 -100 60 38 71 -96 93 21 67 -50 18 93 17 45 57 -95 -22 -74 -93 -97 -68 71 -77 60 -93 10 -83 26 -44 29 -99 97 57 97 -90 -22 -22 -98 -92 -88 -28 80 28 49 96 -63 -12 62 -16 -7 -83 19 -88 57 99 16 -59 98 49 4 97 -47 -46 77 -19 74 -9 -31 -88 -99 -30 -84 65 -41 85 -40 -8 32 -80 -25 32 -41 
24 60 99 87 57 97 -11 19 -2 -71 -20 -50 80 -83 33 21 3 -17 56 16 -8 62 -73 81 95 44 95 1 24 -15 93 29 -95 -87 2 -61 10 91 -75 60 -40 70 86 82 94 46 87 -10 -53 -14 -15 -40 56 72 11 -55 37 29 -20 -42 -59 -25 -77 -34 -9 87 51 -92 -72 5 -34 -90 91 96 -30 32 -50 28 -48 -82 0 -48 -72 3 -93 -43 28 -32 -70 -50 -55 -87 -5 78 86 92 -26 -3 52 -19 27 82 90 -95 -46 93 81 10 44 34 -44 68 -50 80 -57 23 45 20 
71 -33 67 -84 64 -46 33 66 -8 -19 91 80 -8 -5 -48 -83 61 -4 -94 -79 -36 97 -83 -3 15 -20 92 57 45 72 71 -11 34 16 54 40 -53 -67 63 66 -85 72 -87 -78 -50 -43 -80 51 -42 11 95 -64 -55 -2 16 -49 -66 -100 19 -52 61 -96 -53 -76 68 -65 23 -24 -55 77 28 7 -67 -74 20 6 51 -59 -8 -93 -95 -92 -65 41 97 95 -97 -72 5 -75 -24 -70 -63 -41 -79 -57 -20 -60 -16 77 46 53 69 -55 -70 -2 72 -69 -23 54 -4 -50 9 58 -95 61 -75 -95 
16 -69 18 5 -37 79 65 50 -57 -77 -77 31 -34 -88 -41 12 -22 -35 -11 58 63 50 -79 -30 -96 51 39 -35 -23 -98 12 -60 82 15 -67 34 -54 -67 -36 -81 -50 74 -22 96 -60 3 -43 -20 42 16 -69 66 84 -72 -99 -3 -10 -42 81 -70 -51 -73 11 16 33 37 -37 -65 -23 90 87 48 11 -18 68 -57 82 -88 96 -64 71 -79 7 -36 60 -27 12 -5 96 -59 16 44 33 64 46 -33 -30 -25 56 -59 -48 -19 -82 -27 -27 -13 27 -99 -85 57 -57 -21 -80 -28 30 64 47 -22 
-10 40 -69 32 85 -82 29 80 27 -32 36 65 51 -89 54 40 -33 65 17 14 51 9 -47 82 -63 41 -97 99 59 91 54 -8 -86 -14 34 -70 74 64 60 -51 -40 95 83 43 -65 -52 -88 -67 37 -34 78 97 -12 59 -42 -10 -94 -71 -16 14 80 83 73 -44 75 -84 58 -25 -67 -14 -3 -73 27 5 91 -28 15 -96 9 -2 36 -16 -90 -42 -74 82 -46 1 -89 21 22 1 -25 7 39 -92 -27 55 26 68 72 -60 -65 67 53 -96 -53 -31 -13 34 -2 39 35 -4 -20 -71 -32 97 
17 -47 0 -8 98 -88 7 15 -7 -34 38 -46 -42 62 -21 4 -24 47 -98 84 22 -91 -15 89 18 77 -6 -89 92 24 45 -8 47 91 47 -72 -74 64 -18 -37 -73 -88 29 1 -87 62 82 98 -10 90 -85 34 -11 -10 68 -53 -75 61 -53 -4 44 -49 -77 22 -56 -58 90 -55 20 -7 -81 -14 -18 73 -47 -100 -37 79 -34 -10 99 -6 -94 46 60 17 -65 -44 -86 29 10 -5 30 94 -95 40 -54 36 56 77 -20 65 16 81 -24 40 69 20 -30 -48 -52 -11 -58 1 -33 78 16 54 
-62 -7 -88 91 -68 -67 -93 -44 -34 88 -27 -94 90 24 -22 32 11 35 90 -11 49 65 -94 26 97 -32 -49 -21 -18 -45 34 38 8 -58 3 0 -16 -48 -91 44 -22 -65 -6 32 -86 -25 -11 3 89 -74 28 -4 89 -30 -29 -9 -40 37 -39 -3 92 2 30 15 -62 45 93 48 -64 74 85 61 -10 67 92 -27 -49 81 44 -90 -7 -36 38 37 22 -33 99 81 -97 34 86 -96 -83 92 -65 -62 85 63 -67 -47 -81 12 75 -75 -20 -88 99 -16 67 60 92 -66 -80 43 -41 -56 -79 -38 
-31 89 83 -21 -75 60 -9 -22 -58 35 66 -38 52 23 -22 -99 67 71 60 93 -60 79 -74 -49 -68 34 80 50 28 5 -27 -97 -92 78 94 -64 -60 -37 -4 -39 -12 42 -69 -84 -16 -98 58 -77 42 54 -82 45 89 -28 85 99 -93 24 82 -68 3 -49 -25 100 -63 -77 -47 -64 -45 -15 -49 -32 -50 1 30 25 65 99 36 57 -10 -49 -45 66 24 -82 -74 87 -39 -33 89 63 -88 91 6 25 63 46 -49 20 -72 2 -76 -29 -13 31 -99 -100 -82 52 -22 69 -74 -85 -51 -14 -30 -69 
94 51 56 -92 2 -82 18 -53 -19 -13 21 65 -59 -70 5 26 71 30 -67 54 59 -24 7 -30 53 36 -80 -36 -67 13 23 -98 -38 99 -84 -75 56 8 83 -21 -26 22 -96 11 98 -18 -17 96 13 10 96 1 -99 81 89 -39 -42 -53 30 86 -60 8 -42 94 9 -55 76 -30 -9 -40 -67 -97 14 -97 51 -50 65 77 15 2 96 -66 6 77 -81 79 -83 -13 -93 -51 -55 19 56 72 -69 -18 -20 -86 42 82 56 -83 -93 -42 62 -68 62 -88 71 43 -31 -15 -76 0 61 90 -81 85 
-85 -91 -7 65 -10 60 54 19 10 34 -62 -38 73 -21 66 -19 -50 -86 -39 36 -22 -62 -70 -71 -21 14 82 42 85 -46 -46 89 82 -95 -62 50 81 33 -27 71 47 77 73 99 77 -12 48 -35 98 -72 10 1 40 78 67 -81 -46 29 -69 2 27 56 -33 -46 73 -69 -12 -62 -7 -56 89 -24 81 44 -13 94 65 -10 -52 -41 -44 46 -84 19 -94 -89 22 45 75 -72 -100 -55 -31 33 -68 34 74 -50 89 14 -61 4 21 -5 -67 -73 45 81 72 -95 -33 38 24 -63 -85 -43 -91 -36 
-14 -25 97 12 39 -11 32 80 -70 2 -12 -90 -50 -83 -51 -85 -14 -24 35 -47 -58 -56 47 -44 19 85 53 -53 79 49 54 -99 -87 58 100 -31 -78 -79 85 -45 53 60 -36 41 7 -7 14 -100 -13 39 88 -96 -55 51 -98 -50 -53 -32 -46 -82 -68 57 -79 11 -44 25 -11 -27 69 -17 -99 24 91 47 51 39 -48 -90 -70 33 46 47 19 -74 2 66 -77 7 90 74 46 78 -84 54 -40 20 -62 15 -17 -78 -95 97 32 -3 -82 -12 -17 -68 -30 -75 66 57 30 91 -81 -73 61 18 
56 49 37 38 -6 -51 -50 31 28 1 -51 -50 21 40 -98 50 -43 55 -54 93 -58 35 -96 -24 -33 -79 8 10 7 -41 79 -58 -61 -17 85 48 -55 84 -6 72 72 -95 -78 -72 -4 9 49 -73 63 22 25 -16 -93 18 59 7 39 -62 68 -27 -1 -1 -29 77 25 7 93 -16 52 61 19 51 15 43 82 -19 -46 82 -3 57 -53 76 63 88 -31 80 42 -67 68 -34 -55 99 94 0 61 -64 -63 41 -19 -22 86 5 -89 1 79 83 -20 35 -67 63 -43 90 52 100 5 93 97 87 
48 -19 72 13 -23 -61 -87 -45 17 -12 -33 -5 80 -78 -46 79 -2 57 2 -94 7 -59 3 -81 0 1 75 -22 17 32 -39 6 20 -77 -64 -86 -85 -4 -89 24 -13 -94 17 62 19 -64 47 85 -99 -42 67 31 -26 19 4 23 -33 -69 -5 83 86 79 5 7 -87 35 31 -63 4 48 -14 -79 -70 78 72 38 -70 -15 33 -97 -87 -56 49 27 -65 2 -66 53 87 -62 -100 99 -80 8 -15 -39 78 45 -86 97 32 24 -93 -26 -16 83 18 -71 22 -38 48 -15 50 -54 38 19 31 -96 
36 45 43 -9 -91 48 -33 -64 45 61 0 -40 59 9 -12 -20 -42 -16 -17 87 99 27 -24 -85 22 -27 -24 70 -70 70 -40 -51 -21 96 -44 32 4 44 -9 -84 -81 -73 -41 -62 -70 -46 -55 -88 -70 15 17 -50 55 69 24 -56 -99 36 -35 88 36 52 -18 51 42 63 -80 23 54 -49 -49 -90 -82 49 -53 -22 -76 25 -1 -12 -16 28 -65 96 -85 82 -19 32 -37 29 -83 11 -33 -44 -54 -83 -100 75 92 14 55 -27 52 27 -10 -99 -51 53 11 84 -69 10 28 98 97 -97 18 46 
69 -91 -29 70 72 -78 -16 -70 53 -87 -51 77 83 42 -43 43 -8 -74 -88 -50 85 25 -58 -44 -16 -8 -61 -22 -92 3 -85 42 -58 48 27 90 -72 45 76 7 84 -19 36 97 -23 -46 1 -53 -20 94 -81 40 -30 -49 -43 -10 -50 26 -83 41 63 -95 -61 -71 -40 -21 57 -58 9 -36 -57 -85 -77 74 -12 -8 -21 70 59 -52 5 -66 -48 -47 -67 54 -92 87 -20 50 36 -85 66 -80 79 2 -46 57 -50 100 76 -11 25 -64 -2 -92 90 -83 -62 49 -84 39 -79 -71 -10 -80 48 -52 
-17 8 -40 21 -93 -86 -37 -34 -30 20 -61 85 81 -100 96 71 -26 73 -50 -81 2 -24 20 -89 19 -97 -11 -30 68 -9 26 88 42 -42 -60 81 11 -58 -96 -23 -41 75 85 85 -20 32 13 2 14 29 -66 -66 44 -15 86 -36 -41 -46 75 -4 65 -42 78 -100 61 81 52 21 34 49 -44 30 -33 -16 11 45 -9 21 -44 -72 -83 -94 49 50 -94 29 -72 73 -22 69 -38 21 -71 -56 31 -46 37 -63 -34 -44 -85 19 11 42 81 60 -40 -5 30 54 19 -5 -51 54 -61 -64 32 -68 
-29 97 -99 -83 77 -46 -21 -11 -85 -39 -9 52 -10 84 65 -52 -22 74 -53 -40 -12 12 75 7 -90 96 -67 -23 -11 -16 24 -38 7 -40 -5 34 -92 -39 -14 4 -99 62 -10 85 59 56 75 -88 84 -96 -57 70 -30 64 56 7 -60 -86 -6 -87 -30 -19 -26 -52 64 -53 -41 70 59 76 85 -32 71 47 71 -29 -36 -63 -38 -31 6 -29 -51 -37 -52 -79 36 49 71 15 56 67 -99 -14 72 -7 -90 -23 -68 55 35 95 -79 0 -27 55 74 93 -71 -23 -44 -97 -93 17 -55 -16 -24 67 
36 -1 100 -75 81 -6 -98 29 75 -56 82 3 43 81 13 73 -33 22 73 -83 -66 -38 -36 20 8 58 -94 67 -88 -79 58 12 40 -1 12 26 58 67 4 4 18 2 -56 45 -36 43 -100 11 77 -61 35 21 84 37 -75 69 53 57 -98 2 -39 -3 91 74 -83 -41 15 -82 30 -73 12 -50 -18 -54 39 88 20 15 -29 34 65 24 -9 -30 -97 4 -98 -2 -8 -42 -71 -85 62 -97 -4 2 -42 56 -8 9 28 -30 27 -84 48 49 9 28 -57 -84 -6 -40 74 -94 -44 -82 -5 36 
62 16 -23 60 27 -80 46 -7 -39 63 78 -93 83 -80 -66 20 13 -90 12 -3 55 -32 -14 24 -59 75 -42 24 -82 -4 -51 22 -89 78 65 75 73 -69 -84 -74 6 -67 90 -87 44 20 -89 -69 -83 -55 42 7 23 -75 81 20 35 -70 -36 28 31 -91 -68 -77 -74 -5 19 66 47 55 -67 75 73 -60 42 -23 74 -79 7 -8 -93 -91 -17 -92 76 -72 53 -62 69 -96 -80 -57 25 -60 -33 -55 47 -4 45 48 -97 52 47 18 -6 73 -18 -78 76 -95 -82 -62 -60 33 66 4 -57 26 
89 100 33 43 -20 -3 -71 -42 -55 40 -64 -12 -89 53 67 -96 63 61 14 -74 -30 -37 36 67 -58 31 -45 88 12 -100 -94 52 46 -68 98 -1 24 35 -38 -61 -35 -27 -93 13 -46 1 98 -39 5 89 7 -19 79 62 35 -28 -18 45 53 -25 -71 79 11 24 -19 -52 -91 63 57 -33 -82 -54 10 -75 13 11 -30 -2 23 36 -41 -60 -54 56 99 -24 -78 57 85 57 95 -4 -75 -75 -38 -29 63 -58 -2 90 23 51 41 63 11 55 10 74 48 -13 -59 79 -37 23 10 94 67 -26 
34 68 -9 65 -13 -78 -53 1 -48 -7 49 56 84 14 61 48 -14 -8 -18 88 72 -96 -20 -88 91 58 30 -8 -54 -65 -95 7 -34 -91 -35 95 38 -72 36 -74 -79 79 -97 6 11 -85 31 76 14 11 51 -16 40 -24 69 7 90 -90 -85 28 -23 58 -10 -33 -60 78 80 35 47 -58 72 52 44 83 31 -21 -81 -33 82 74 -14 88 13 -29 -84 -65 8 -18 48 -98 -29 19 56 -34 24 -43 -71 93 96 69 -32 -93 21 -5 51 -5 -52 53 -1 -62 79 -27 78 -6 27 3 -3 -91 
-39 -12 -57 61 92 -2 57 40 -16 -77 24 -68 -19 -19 -89 46 82 66 -12 -81 14 17 32 30 89 -23 -5 50 85 45 51 11 19 83 64 -87 91 90 91 -17 84 -70 -41 -94 -18 -44 7 -1 -25 50 41 -45 -38 -76 -36 -87 -31 42 -24 51 71 -79 -77 -7 96 -28 -17 56 32 43 -69 90 -94 72 28 81 -60 6 64 68 -61 -10 10 -78 -19 3 -84 54 -48 -73 -26 79 -99 53 -94 7 -90 1 35 62 -65 46 73 99 0 89 -41 -59 -4 -6 41 74 70 21 -51 56 53 -13 
76 33 -45 37 -17 99 50 -4 -26 -54 -43 73 -26 36 -69 68 6 -77 -4 -26 87 69 99 32 -85 73 4 0 53 -18 33 -90 -23 -41 -82 -65 -100 -67 49 -75 -23 10 -43 -34 -55 -45 -5 -27 -86 66 88 -80 -29 39 -96 -33 -41 93 -29 100 -42 16 -55 -78 -89 27 -24 2 79 34 83 -79 -35 48 -3 -65 26 0 -16 82 99 61 -65 23 -80 -61 77 -41 61 66 14 -17 -55 -51 -84 -84 -73 -89 6 13 61 -33 -92 -50 -36 67 64 -1 -16 27 2 -16 -33 50 80 -86 17 18 
21 -63 -40 97 34 -97 -48 47 68 76 -91 21 -95 13 -95 -47 63 91 -73 79 46 -82 -37 75 -95 -41 -50 -67 29 55 -16 88 -17 91 78 -35 -78 -20 85 42 -36 33 49 -79 9 -45 -97 25 -56 -36 95 2 92 -82 -25 75 -45 57 38 -88 -91 -93 13 17 -34 3 -42 -85 93 -52 99 -11 51 -41 89 22 66 -11 73 -71 94 8 -76 13 -63 85 71 -16 52 -87 39 99 -10 -80 -69 -69 28 10 53 40 -91 92 -31 11 56 -54 14 -55 -32 71 -46 -93 40 -53 39 -56 -67 -33 
-27 22 56 98 12 64 -39 88 -17 -6 35 -91 70 -67 23 -11 91 8 85 -18 72 97 -53 -40 -68 9 -56 20 83 -69 99 2 36 -61 -88 -14 68 -32 -51 -27 -59 -3 -49 -16 -87 -42 -59 99 -44 -37 27 -80 22 -36 1 94 -49 92 -88 -62 -50 16 65 42 15 33 -3 10 94 -32 -74 10 -5 40 85 81 -55 -80 65 63 -86 53 50 33 -21 30 -48 50 65 -40 6 -38 -19 -63 3 -42 -36 -9 -37 -54 3 3 -38 -35 -93 61 -36 -38 -76 -97 -97 41 74 58 -93 -34 -59 57 
-9 88 30 20 -76 -94 14 88 -5 94 -6 -56 -77 -79 -97 19 -28 26 -96 -42 -69 54 25 -25 59 -39 -37 31 -5 26 36 84 88 22 26 96 -27 10 -37 -3 29 94 -46 39 -25 6 -13 14 -6 -42 -65 -39 -99 -92 -58 43 -10 12 -99 59 -94 17 78 51 -3 -72 -70 47 69 -63 7 -10 92 35 35 -37 5 -67 -6 -75 -71 -73 62 51 -44 84 55 83 -58 96 25 -10 92 -89 82 77 -20 -14 10 -48 25 98 -53 77 -62 35 85 -93 -53 -3 -99 83 -48 100 64 -83 -62 -25 
-57 -80 -91 -84 -39 100 -30 -30 -63 -24 -81 43 -33 -100 -36 -65 -27 97 60 10 -7 18 -33 77 75 -43 -14 -50 33 74 -16 -91 60 -68 -90 40 -73 70 -59 99 50 -80 50 -29 -83 32 -71 0 -90 -37 -84 5 60 86 -57 53 -48 -17 45 -46 -68 -90 15 -97 99 -50 100 -15 -34 -39 0 -56 -30 89 -68 -95 -47 56 58 32 10 -42 -65 -67 -95 83 35 30 -55 -90 -3 -11 -18 -52 60 -22 -68 44 39 -19 100 -99 -99 41 14 70 47 -96 -2 55 -96 24 81 -76 67 -67 80 28 
-60 -86 -87 -66 92 7 27 -17 84 -66 78 -14 8 -90 -62 63 31 -60 11 98 -76 6 -54 72 43 60 -87 9 47 -18 -89 5 92 50 56 71 -45 82 -84 88 -48 88 92 -84 -31 -25 41 -5 -80 -65 -12 40 -100 -92 -8 -69 95 15 42 1 33 35 -94 61 46 95 85 -7 55 70 77 45 -95 -28 -51 -64 80 -63 -14 67 75 -24 92 -84 -44 78 48 -8 -4 -57 47 -71 -68 9 35 0 3 -80 9 12 -76 -54 41 90 9 37 -59 33 -97 -18 -97 59 87 -74 90 -23 82 -94 
-5 89 54 24 -49 47 16 -97 59 66 27 -1 56 -72 -77 -95 -30 42 20 -26 8 59 68 -32 -52 -54 -29 70 -37 -89 -72 -69 77 50 68 -8 58 76 70 61 22 -40 45 56 -57 -20 88 -62 34 85 30 90 -53 76 -79 -58 46 56 36 38 25 4 -73 100 -21 -88 -47 -14 -80 43 21 61 56 -89 95 17 97 -51 73 -83 31 94 -79 46 -46 -43 94 36 88 7 -88 54 -68 33 8 9 -56 50 35 -83 -33 -80 -28 64 -45 21 50 70 67 -33 0 69 -26 -46 52 56 32 9 
96 -65 -17 13 -18 -53 74 14 24 -61 -71 -44 36 68 -96 -86 50 -74 -69 8 55 71 -8 93 -25 -7 57 -15 1 -3 -8 44 -72 81 -85 84 -85 81 -97 -14 29 0 97 -54 28 -97 -81 53 0 72 -83 93 -82 -40 60 22 -31 -21 39 0 97 -74 70 -27 31 36 14 36 -54 -58 -4 39 63 -19 92 -97 46 -83 64 70 -30 89 -90 16 -72 -70 8 -70 27 16 17 -25 50 -37 84 -89 85 -56 16 -57 17 9 47 83 41 -36 -82 99 4 -57 -9 45 24 24 71 -94 33 52 
-13 -6 30 40 -91 -5 76 28 56 39 11 -6 54 -96 59 -75 48 -28 46 88 -67 -48 68 -63 -76 -12 -61 55 95 -74 24 91 2 -62 -61 92 24 70 -80 92 -74 -25 71 80 -17 99 82 -57 -38 -1 80 21 53 77 -55 92 -82 -22 -43 -85 -97 70 99 52 21 -22 -55 0 44 -27 -81 -12 -18 -26 -41 69 -20 10 69 90 61 10 -87 49 17 4 -29 11 13 40 -58 45 9 91 -76 -47 -40 71 -8 -20 -49 1 64 -66 29 -83 5 14 81 88 -86 36 69 90 -1 -97 77 -60 
-86 -78 28 87 -94 -65 -15 -17 -70 -78 35 23 -36 -96 -43 53 4 61 -24 -21 62 -23 93 -29 19 1 -72 -48 -20 17 84 -81 79 -4 -3 -53 -6 12 -29 -69 96 83 -10 3 -54 -5 -73 -73 9 57 14 51 49 86 -100 63 40 4 3 -26 -38 21 46 71 73 -96 -58 -45 74 9 34 -25 -31 -91 -2 8 93 -73 15 57 -95 -83 -95 76 -52 -38 -66 -98 81 -3 -33 65 35 3 52 -12 -15 83 92 -76 -1 22 59 -55 -57 -80 -22 -61 -27 16 35 -12 -73 62 -80 -55 92 -67 
95 -53 100 58 -25 33 -53 -68 -53 -80 13 -11 87 -11 75 11 49 -53 96 40 -10 79 78 -90 96 58 3 -1 -64 -37 -52 -90 77 -98 3 -2 25 4 -1 78 83 56 52 8 -24 -76 -16 -63 -48 34 -57 -47 55 76 44 12 -25 -77 90 -31 -73 -39 -88 -47 13 -99 54 -6 -6 62 -33 92 -32 27 -1 -94 13 -12 -73 -66 -99 -77 15 26 -70 -62 -50 -83 -95 25 4 -72 -81 40 93 -3 63 -53 -79 28 -84 -42 -94 48 96 -33 53 37 -76 92 79 26 81 42 31 -89 34 29 
-71 -27 44 62 -2 -87 -13 3 91 -81 9 46 -4 98 -1 92 -55 -8 71 83 30 -69 91 37 90 -24 96 26 -46 -65 61 -85 -9 55 -36 -7 -72 -58 71 -71 -9 26 19 -49 87 -2 -41 -2 -63 38 60 73 87 -43 99 -11 21 76 35 52 1 -40 -2 -69 71 13 -79 10 -23 -97 -79 78 -13 -87 52 -94 -11 59 -39 -79 -84 -64 91 -27 50 -97 100 11 -81 31 79 57 -32 75 46 85 -58 -54 -2 83 -44 -74 29 -22 -84 54 29 92 44 60 79 -62 -35 -16 87 -7 3 33 
51 32 20 71 94 53 23 -31 -87 -67 -100 -70 -31 17 24 -60 76 -31 -65 67 -43 -82 -49 2 -58 14 -76 9 -65 77 35 14 -54 37 -5 -42 31 -66 61 -19 -59 -50 1 -20 99 -2 -18 19 -32 -42 2 4 62 40 36 -93 -75 -84 -28 92 47 3 -61 -29 94 31 81 32 9 64 -32 84 -7 -33 87 76 -49 90 29 -96 47 -21 -54 -30 -77 -10 -36 -75 64 -96 -56 -35 -96 -78 86 -42 33 -76 -4 94 -48 11 15 -68 16 -4 -43 60 -58 71 -4 -23 -75 35 2 11 23 59 
13 -42 -98 79 22 55 41 -30 -75 -95 -68 53 93 23 58 -30 -55 17 81 32 33 -53 3 77 98 49 9 23 -77 39 40 -19 40 -93 -56 64 -88 36 18 -32 -67 44 100 -47 -53 -9 -28 82 95 -36 87 -7 7 -29 73 80 -42 52 -61 51 -86 -81 -88 65 56 -19 8 -16 97 92 30 11 -14 -12 -98 -60 83 -41 50 -75 59 -3 -5 80 -5 -71 24 -83 99 -93 67 -9 94 47 -53 -6 -51 71 48 88 -31 -63 58 -17 59 -35 -33 78 -21 66 66 22 95 -99 -24 -74 -77 -35 
47 24 55 81 -47 -84 -84 91 44 -50 62 47 -16 -87 46 -61 -57 -91 76 -59 29 49 23 45 -41 -39 15 34 -62 24 -93 -91 -22 97 60 69 6 78 44 -32 -83 28 17 13 41 40 64 -48 24 97 74 -58 55 39 91 -97 -64 29 67 54 -82 30 36 -3 -12 -84 50 84 30 16 60 38 -67 -37 45 -11 -9 -1 100 57 -20 -54 -37 -21 -11 42 -86 -44 -96 67 5 -62 -41 -47 -26 99 58 -86 -12 -94 -30 -88 -67 -18 -56 -4 21 -54 17 -93 -76 11 -53 63 -88 67 -52 -4 
-10 34 -92 30 0 -78 -61 29 -17 -20 64 -70 62 -63 -75 26 -65 2 -10 59 -8 25 28 64 89 -50 -63 90 27 90 49 -54 68 98 -47 -76 -60 -30 44 61 -33 -81 9 74 97 -24 92 -34 -99 -54 -55 49 67 1 31 21 85 4 75 30 94 -84 90 16 -68 66 -19 0 -33 21 -59 7 18 -43 -40 -81 -4 -7 82 49 42 -39 82 -90 44 -10 78 69 -12 57 -56 -97 -24 -30 3 -22 10 -86 -69 10 -44 -22 0 38 -52 -98 73 -29 96 -76 -66 -97 -98 23 28 70 11 44 
-54 40 32 85 -96 -20 -19 -73 -26 -27 -71 79 2 -58 32 -46 -94 -23 77 -76 32 -10 44 -79 30 100 73 -64 0 -75 -77 39 -90 79 9 81 11 -38 -82 90 77 -75 -6 26 50 -45 -74 72 24 -24 -60 -53 81 57 45 -89 -41 20 -6 24 -83 78 6 -45 -58 91 -42 53 98 -74 75 30 -36 -84 -81 37 -58 86 -30 15 59 -85 -84 79 -42 42 -63 -85 -100 18 14 -29 49 35 90 50 49 -11 18 64 -64 31 -100 55 47 -7 27 60 40 22 85 -10 -90 36 20 -3 77 5 
-29 39 90 16 43 -81 94 42 59 -81 -58 83 31 -57 38 -27 -5 -100 11 -4 49 12 -58 37 50 -62 86 60 9 -32 -88 -81 -23 -49 54 -18 -46 -85 89 91 -4 3 -3 -37 54 95 -64 9 59 -11 -26 13 -96 61 56 -57 -78 97 40 24 19 22 36 -50 94 2 44 5 40 -98 51 10 38 32 -58 22 22 22 66 40 -4 21 42 5 68 60 -29 54 32 25 84 70 51 -90 47 28 -36 69 -82 44 8 -24 -3 -27 65 -38 -69 82 -31 98 -27 87 80 -25 -10 -87 -33 52 
31 -80 -19 23 71 35 41 21 -43 -25 -35 44 -67 74 -19 74 -45 -51 64 61 -89 -5 2 -45 -82 -1 -72 2 7 30 -17 28 -61 -77 -78 69 -50 52 -67 -76 -69 11 -56 -93 41 16 -53 -68 -10 13 73 72 -45 -90 80 25 61 56 78 13 6 -45 62 -87 61 38 26 -11 48 6 36 -71 -86 -75 30 -71 23 -46 55 -68 79 52 96 82 2 63 95 86 36 -74 -73 23 -4 -32 -65 -46 -70 7 -4 56 -45 92 -74 19 21 84 -29 65 5 85 -94 -95 -98 28 1 -31 12 72 
-29 -33 68 47 81 -15 -70 30 63 76 83 -13 -37 72 -83 34 93 94 18 -20 -68 26 97 13 -48 33 35 97 38 10 -80 71 97 18 23 4 -98 27 6 54 22 -53 49 -2 -72 17 9 -45 -24 -2 16 -9 77 54 -44 -28 -65 2 -8 -82 42 6 16 -12 -69 70 46 70 29 87 -4 -39 69 -31 80 -97 -15 -3 -35 -94 -9 56 94 78 50 -48 -56 99 -73 -45 86 -68 -46 17 13 -86 54 -78 -64 6 -8 87 31 47 1 64 74 -61 -59 99 -46 96 -41 31 50 -79 -95 -14 
90 -80 25 6 91 27 29 82 46 -75 29 -30 -37 -84 -8 21 59 84 96 -60 -59 -80 -29 42 -97 -64 -36 54 -80 73 -18 85 -46 -94 79 -66 -47 -86 -97 33 -87 27 61 100 -81 -78 38 -76 -40 -11 -60 -90 73 -96 61 47 -34 81 -89 77 -17 30 -88 8 4 -68 -57 -99 30 -89 -34 44 -58 -33 20 88 -97 80 -11 2 -6 -76 -6 -68 -62 78 48 44 -15 -74 -73 -18 -22 -68 -98 -22 -24 50 95 3 51 63 76 -15 -50 -31 -40 -45 59 18 -40 0 -10 66 92 -49 92 -6 
87 98 13 71 -47 82 -90 -70 -78 56 66 -21 32 87 -25 -71 -69 49 29 30 3 35 77 -68 -21 26 -76 -52 25 -79 -40 98 21 -72 66 -75 -29 -87 -31 -84 -73 0 40 51 48 1 69 -81 100 87 24 88 -36 39 -45 -14 6 -88 48 86 -29 77 90 89 -73 90 86 77 -59 -20 82 -5 -52 -36 36 -80 17 -32 21 -17 35 78 -61 -42 -52 -12 39 21 10 -57 91 -83 98 74 -85 -24 63 98 -10 66 -42 -65 -64 -47 -57 -74 86 -65 21 -61 -17 -61 -40 39 36 -12 85 98 
-54 -22 3 58 25 20 -44 -7 100 23 -8 -76 81 -39 75 -39 32 22 83 4 -90 28 -19 62 -50 -17 -7 30 6 75 32 18 -66 73 82 65 100 11 -33 -92 -60 -72 61 -20 85 -1 43 98 -44 -9 -56 2 12 -100 -69 87 66 -82 -22 48 -60 13 75 -63 54 86 29 54 -68 -96 87 -36 96 -41 -100 -40 57 -33 68 2 -20 -89 -63 10 -79 39 50 -53 7 67 16 64 -81 43 -64 85 37 6 21 3 -72 12 56 -75 -71 -95 -15 -57 65 -96 -7 -25 90 -98 39 -92 -62 31 
-26 -42 64 57 -48 -97 -99 89 36 0 -18 -11 -5 30 5 -45 43 -75 74 -8 56 -5 41 -100 83 -94 -69 0 58 93 -51 1 36 -50 29 -15 55 -38 -64 42 -88 -2 -86 67 -81 -1 42 -96 69 -52 67 17 -36 -29 4 -97 88 -11 45 -46 64 99 -83 -54 -77 74 92 -83 -39 73 18 -17 87 -96 -8 23 84 -79 -69 -4 -80 -49 -54 -6 22 81 -92 30 74 -91 4 -31 -8 -54 6 50 -95 79 44 -51 10 -50 17 6 -50 35 51 -80 -69 -48 -30 -75 92 24 -71 -82 -77 50 
13 -12 14 45 54 45 -37 92 -24 -9 1 77 -19 61 -13 -1 -44 -77 -11 -56 27 -55 64 86 86 -50 -73 41 -56 -59 24 -9 20 -4 1 -4 -96 -94 28 32 -84 -68 45 70 79 -12 -39 -15 9 -22 -78 73 82 -49 -60 6 -94 -57 -15 43 48 -85 -63 72 -11 15 82 -22 -38 95 -21 85 -46 3 55 65 -50 30 89 24 -54 82 -5 -95 2 25 1 23 -72 91 95 -84 -58 -55 1 -50 -29 -17 46 33 78 83 -63 -38 29 6 -1 -47 -66 25 -53 -4 4 -82 77 -14 43 39 
30 -36 -41 40 -50 9 32 72 94 45 -32 8 -98 -84 -23 -91 54 70 -31 -17 -47 -18 -25 -40 47 62 47 -84 -46 -10 -38 92 95 -37 -81 5 -11 81 -19 -7 83 31 -43 -92 -51 -98 12 91 -12 55 73 -9 69 -21 65 57 17 -95 -96 86 -99 -99 -70 -72 -26 98 68 -45 -45 -59 -94 -64 -80 20 -4 24 -68 -97 87 -6 -53 -80 85 88 -69 79 88 87 -81 -59 60 -70 26 -95 -52 -55 18 -83 -64 -76 52 38 -30 6 18 61 44 15 55 67 -40 97 -89 100 38 38 20 1 
-24 -44 91 90 -50 72 -1 22 25 31 87 33 -14 98 73 16 -37 -69 22 -20 -91 84 -32 -67 -71 -6 12 87 91 -28 66 -75 21 -18 -93 12 24 43 64 18 25 -18 -73 -63 69 65 -64 31 -65 -43 19 41 13 -13 18 78 73 6 -6 -68 -84 -89 59 78 -13 -22 -17 22 -88 -47 -27 55 24 22 33 40 -27 13 -69 -62 -82 -95 -64 40 -19 -35 17 -50 38 33 -12 -100 3 -44 -51 99 82 -61 -14 -43 -46 69 8 -37 -26 -72 80 89 12 76 -78 35 -58 6 25 -75 -96 -81 
29 61 -62 -58 17 78 50 32 -89 87 -5 82 90 -31 -59 8 77 9 93 -85 -94 92 50 -28 77 -29 -56 89 94 57 -75 2 -78 59 -62 -25 3 3 70 -1 34 20 -28 -19 45 -24 57 -86 92 78 49 39 14 41 78 -91 83 -30 77 -11 16 22 -63 3 43 -96 49 -21 70 -1 -1 -21 -70 48 -32 17 85 -4 41 -64 25 -46 77 89 -37 28 65 67 -99 70 -50 -25 96 -89 -31 -45 52 -5 -36 97 89 -28 -4 -67 83 15 84 21 -55 -78 49 37 -96 -71 -60 11 93 -88 
21 -3 12 -33 34 79 50 93 28 -24 30 -82 12 -51 21 63 66 15 96 -41 34 -29 -20 -6 -61 5 -30 -11 70 25 78 -13 26 -37 80 -61 84 57 -46 91 -71 -10 -96 -83 33 -85 -92 -80 -32 -32 88 32 -53 96 34 8 96 60 31 -70 55 -45 64 -14 25 36 26 -39 -19 51 56 -25 83 81 33 43 -62 -94 -47 69 -62 -91 42 50 -5 -24 -95 -35 -15 94 -66 -77 -46 22 -3 51 41 -21 -81 -99 -2 -24 44 43 64 -81 70 -50 35 90 -100 -45 9 -52 99 -79 -47 -98 
-73 22 3 -40 -66 40 -90 85 -78 81 -50 -53 67 28 -28 66 -6 17 -53 -64 -65 39 -66 -99 60 87 38 -62 -3 -58 -55 85 -14 17 99 60 16 76 -6 -95 26 96 -24 67 -24 69 -84 -64 15 -63 -29 -95 11 -55 -69 72 29 -3 -69 -72 67 -20 -29 58 -50 -94 -15 10 -28 97 37 -40 100 -14 -4 37 22 100 27 15 73 -33 17 -72 -1 -80 61 72 4 -92 86 -65 -27 73 -93 2 97 -26 -12 -34 -6 28 1 13 55 16 20 -43 79 -14 79 31 -32 -9 15 -21 100 -92 
75 85 -53 -85 -90 64 96 9 100 54 -59 99 -22 -17 -46 -91 -6 54 -1 -33 24 76 58 -64 78 24 -14 -17 67 2 -93 16 52 45 -11 67 30 61 -72 83 -73 83 70 -50 80 -82 7 -51 56 -68 -34 97 16 -30 16 -16 37 23 100 -42 2 -33 -29 -70 28 100 -17 23 65 -45 -95 -22 -40 -1 -29 -14 -20 79 -70 51 2 -30 -91 -80 -55 -62 63 58 74 -25 3 -98 -13 -24 -74 81 99 48 -52 -94 85 35 44 -80 35 43 -29 34 -44 -36 -12 76 -61 -42 -6 -34 54 85 
91 -5 -32 7 95 30 -71 34 -61 41 -93 -64 72 -67 4 -37 19 63 21 -53 72 71 50 -51 -20 -69 32 -64 -84 3 -33 56 -94 92 -50 36 33 72 83 -87 -26 30 44 -7 -65 -71 84 78 56 97 15 -71 -15 -63 -86 -90 -85 5 -61 -39 2 42 26 74 81 33 -52 11 100 -5 -11 37 -77 -89 -17 -33 62 -65 -13 -17 -52 -68 67 -40 -71 -100 61 -53 20 16 62 100 42 -39 -42 80 -96 -20 59 -47 -62 44 37 -44 55 28 37 6 -13 44 -10 19 51 65 89 -93 63 -49 
76 -54 21 58 -48 -85 -35 3 94 -47 -87 -24 39 28 -58 71 39 -58 36 -61 42 39 86 23 -58 -71 48 -42 -6 67 36 5 -71 -17 -83 -30 -11 83 33 -59 69 12 58 -43 -90 -87 23 -67 88 -74 -44 -55 59 -11 96 -72 -19 -41 83 -92 -34 -45 81 -25 68 -68 -31 95 62 -9 78 73 19 34 -94 -18 41 -97 25 -65 -70 54 40 -28 64 -43 -71 -57 -49 -60 33 -16 -87 97 12 -92 44 96 -71 58 -83 -82 67 -61 -82 45 91 27 -66 7 75 -66 -35 -66 -46 -26 100 -25 
92 13 80 -40 38 89 -1 24 -30 -56 -82 -48 92 -2 23 -89 8 6 -97 49 -30 -9 1 -69 -77 -16 60 56 8 64 -88 30 -70 5 44 -69 11 -96 -39 68 31 -65 68 80 -65 -94 40 25 -75 -67 -55 -89 61 -86 90 11 -76 -44 -8 -50 41 -93 -94 -38 -8 15 -40 29 -25 56 -46 -39 -53 84 4 79 -16 72 61 68 31 99 -50 -14 -34 -37 -9 21 -96 -62 -33 -34 6 85 -18 -22 24 98 58 -20 -83 -92 33 -11 -86 -3 -3 37 -48 34 2 12 -80 15 -83 2 -71 -28 
5 36 17 -87 96 94 -100 -69 40 -53 -40 92 66 -72 -28 79 -48 44 15 13 -83 -8 22 -57 78 52 59 52 -26 -67 37 -88 91 -79 97 -29 11 -98 -23 -12 -33 -97 17 -75 56 -97 75 89 -30 -19 87 31 -20 -22 96 -16 11 37 41 -7 -93 41 92 -45 15 28 -10 88 36 -74 11 31 -56 33 -77 -43 -20 -53 36 -73 -93 28 -28 74 -51 -24 -68 90 83 46 45 7 -15 88 93 15 -9 -92 37 100 -53 64 -3 -93 -67 -28 8 55 15 -87 -47 6 -88 99 -10 53 56 48 
-88 -66 -81 84 -42 0 -76 28 -78 49 -31 42 -23 -8 -61 -32 51 58 31 38 -85 59 -33 -26 -25 75 88 5 -62 -39 73 19 32 65 20 -22 -3 -66 -15 76 -40 21 57 -65 -34 81 25 -32 90 -7 59 13 -15 -26 67 -72 -93 -76 -87 -75 68 74 100 1 76 4 -84 -6 -5 73 21 -61 84 25 -100 -80 -43 56 -49 -35 -81 -45 -31 75 65 64 -72 -4 -16 10 91 -24 -61 72 -45 18 75 98 -26 93 98 -59 63 40 3 83 -3 44 45 -24 42 62 52 -19 35 72 -77 -42 
8 45 -37 2 73 77 53 79 -67 55 89 32 32 -82 8 29 45 -55 41 42 -95 -62 -20 -82 3 -74 74 -96 -49 41 -91 66 -87 55 95 -38 -25 35 -94 15 67 -31 -34 47 -26 76 48 89 72 -15 88 -2 -96 92 -67 -20 15 -19 -3 12 -20 33 54 59 -29 -74 -81 97 -31 -88 -24 -81 99 -14 50 -82 -100 -22 -73 29 23 -15 -100 -78 -11 58 -2 37 80 -76 -82 -21 55 19 68 100 -55 -39 81 -64 5 -84 34 86 -35 -7 -64 79 21 100 14 -81 -96 -68 31 -40 -92 -58 
77 -97 59 -16 2 20 -84 -95 90 -53 8 1 -32 88 19 21 -20 66 39 -87 -9 -28 -2 -63 70 -75 39 57 50 85 -85 -50 61 -98 -87 2 -28 -90 29 90 22 -88 -85 79 84 -34 -87 -42 -92 96 82 -56 -76 39 71 -21 -11 56 -11 -55 -56 -26 32 7 -96 -22 -15 43 80 79 8 65 -31 -26 35 77 -75 -46 37 55 50 -76 -49 -83 -38 -21 25 39 -100 -4 87 -27 16 41 86 -73 74 27 32 -4 32 -83 -11 63 -34 10 -20 64 1 27 20 -82 40 77 -73 20 -70 6 
-66 -14 19 -100 39 14 0 -14 68 19 2 -32 55 -56 48 12 60 11 8 -63 92 65 -34 19 18 36 59 66 90 -57 91 -26 15 5 19 75 -18 -77 86 -95 58 33 -31 -67 -77 26 63 -53 -76 62 65 7 -72 -75 29 4 -34 63 62 36 -41 -10 -21 96 -62 -67 -7 58 74 48 -43 -29 -82 -2 -18 -6 -1 13 76 -81 -13 -7 62 20 9 13 -66 57 -23 73 -83 -86 -55 58 2 32 -96 -54 1 -46 83 53 37 -34 1 -100 86 -87 57 -64 88 84 17 -21 -24 91 58 43 
-79 -63 13 60 43 -69 58 83 -11 80 44 -88 40 -39 -48 -13 -1 90 91 96 -78 -75 51 -70 33 -41 86 -63 -90 -67 49 -41 4 -41 99 -64 -5 -43 -76 -88 95 -30 -94 89 -95 45 -71 2 35 71 93 72 -31 100 78 -88 1 13 -25 -11 34 48 64 -10 20 20 -1 95 60 -95 -31 -66 63 -28 40 2 -11 68 10 22 -65 0 14 -10 74 -23 -11 90 -45 -50 74 -3 -8 25 93 45 -36 -80 4 -46 -2 -97 100 -67 38 60 -44 -95 -57 -48 44 -92 -16 -30 41 -20 -75 43 
-49 -50 39 99 79 74 -54 -95 94 40 -16 56 -88 36 -17 -19 56 -92 -64 -26 -67 82 -99 -89 -33 -71 12 37 59 -96 67 -77 96 -64 23 79 -7 58 -37 -48 -97 31 57 -23 -71 11 10 -81 68 -87 22 -95 -39 68 9 57 36 -76 57 82 67 42 42 -39 30 -59 59 80 83 -36 -96 84 56 59 -64 89 -28 -75 -73 -24 -82 15 -13 77 -35 19 -46 24 -7 -31 93 4 80 78 43 26 -25 -56 0 -27 -79 -93 58 14 -54 98 -71 -86 -81 -87 51 -34 74 18 33 -69 76 -43 
-79 24 -18 -8 65 8 42 -85 26 -6 26 23 -59 23 -5 -59 58 8 5 -68 81 91 -19 -29 7 -29 68 5 -35 36 81 53 -63 14 -8 -62 -59 -26 60 -98 93 69 -68 44 84 42 50 23 19 -5 -29 -19 54 -62 20 -77 42 -98 -56 6 -21 34 71 -13 -64 -97 10 -17 -87 21 53 -83 -61 21 2 38 98 -61 51 -51 -57 90 -26 93 -34 -42 -73 -42 -32 97 -30 17 -79 -96 -34 -45 -27 -41 42 97 -73 6 -24 79 7 62 -76 -95 26 69 -78 -39 41 -21 59 95 57 -47 
55 -5 -67 -95 -13 -39 -67 -6 -15 -58 -93 -37 -2 5 2 -39 11 -92 16 -4 -81 -96 -14 14 12 75 -67 -38 -20 63 -22 76 61 -78 67 31 -51 42 -85 77 -3 96 -66 12 48 1 36 -28 -77 -77 92 -99 -41 -93 54 75 83 22 -34 14 -21 98 7 56 -2 -23 0 -5 -55 -61 90 -44 72 -30 76 -81 86 12 -4 45 -59 31 28 40 -98 -93 51 -3 74 -68 99 38 -63 13 34 -7 76 -18 21 -92 3 -49 21 45 100 20 -64 66 -35 100 -4 2 -48 46 44 98 -81 89 
64 93 -56 14 -41 51 60 -14 -27 -57 62 84 95 77 -72 75 84 -82 70 -47 -94 -10 -52 -16 -40 -15 -82 20 70 -51 64 40 16 61 85 22 -72 65 -65 76 -7 -41 57 -10 72 -55 32 33 52 70 69 -54 -15 -61 -76 91 68 -22 65 38 39 62 -57 38 -28 1 -38 90 -70 36 25 41 -15 -71 -44 67 -36 46 39 46 19 26 -69 -28 0 -47 85 19 49 80 28 -27 -99 64 -61 70 45 -34 -71 88 63 14 -22 -69 -19 74 -61 85 56 -29 -20 92 -50 15 -88 70 41 65 
26 44 94 59 -17 21 88 58 -82 -21 32 -28 -78 43 -25 -81 34 -13 70 -72 48 -88 32 -47 24 -37 64 97 -85 -53 6 25 -40 31 19 -48 82 -71 8 49 45 55 10 38 71 97 91 61 86 48 21 50 31 -27 -57 27 -13 17 -65 43 41 -26 -8 98 -4 36 -41 1 -83 62 -56 13 -12 31 7 36 45 64 80 80 45 74 -11 97 -60 41 -13 36 85 63 -49 87 90 -61 61 89 28 -30 47 69 1 -88 72 89 -68 89 79 -35 -87 30 13 42 9 86 -63 -12 41 56 
82 78 -42 55 -86 -84 -66 -32 45 31 54 -53 -75 -45 61 46 -64 -53 -78 69 67 -1 45 -91 -64 -99 33 -45 42 -63 -85 22 93 52 -53 61 55 87 -100 -47 -73 55 43 48 58 50 8 41 -49 -4 20 -13 8 -54 17 -68 59 17 -44 -80 -41 64 36 -21 -37 -68 88 -4 -95 -24 -39 -74 -32 -24 -12 -84 59 -36 30 -36 -97 -92 46 55 -69 85 -39 -9 21 -71 75 46 -68 -77 85 57 48 45 -100 76 -36 69 -53 -82 50 -89 4 -76 -77 -85 -16 44 29 32 28 7 1 64 
-68 -24 -26 -51 82 -32 -100 -23 39 97 92 29 -45 -19 80 -29 67 -7 15 -42 -93 -85 -13 -18 34 -83 -52 -24 -13 -67 -55 27 -5 -36 85 15 -7 28 -48 -25 4 15 72 -1 88 9 78 55 82 -77 79 -43 -99 -33 -29 73 -67 43 20 81 80 67 -66 8 47 -9 -36 43 93 -66 -12 -32 -91 -68 26 -67 25 -88 54 99 17 100 38 18 -13 34 -86 0 47 -76 2 -33 81 -70 -2 37 -43 -61 -95 52 -33 -73 -84 -97 5 40 47 -25 74 -59 -91 39 -46 64 95 -69 -22 61 
49 30 -29 49 -12 55 -35 -70 35 75 90 50 59 -57 -94 -36 64 -65 21 -22 -80 51 15 26 5 22 -35 44 83 -67 94 -27 43 -13 96 49 -53 24 89 -79 -35 -32 -62 -98 7 96 99 2 71 70 -72 -35 19 1 60 92 7 -74 87 -49 7 18 55 88 57 69 60 14 86 -58 64 57 -71 15 -47 23 31 58 -17 -37 -6 -21 61 -21 -8 -58 -29 35 -1 80 -28 -65 87 -4 -41 6 -91 -58 -95 -62 -87 -12 -68 -37 67 60 80 51 -70 -82 52 90 -45 -51 -65 -60 17 -28 
-74 -71 -15 -61 -2 43 -91 3 62 17 -52 -25 -81 -95 91 -68 87 58 3 -47 26 92 30 76 63 -21 90 -2 40 -100 -9 17 65 -19 18 -23 -11 -3 -9 56 28 47 44 63 -81 -78 -29 15 36 -19 71 32 64 81 84 -83 94 19 88 18 66 76 -15 -80 -78 -32 10 26 -1 22 -3 -97 -55 56 -18 -11 -6 -67 74 -57 -27 75 71 70 37 -77 30 -36 66 -58 -54 -97 -91 -54 -12 24 -58 92 -83 76 -39 86 67 78 60 38 27 -28 -82 79 54 -25 83 -22 82 97 16 53 
-13 79 54 88 -48 42 19 93 -32 -59 81 -51 -86 89 96 -52 1 97 21 18 -10 -90 -66 -5 -91 21 55 64 60 90 -40 65 42 17 62 26 -14 -8 -47 97 20 17 -11 66 86 -96 -17 -32 1 7 -52 -54 -34 -96 -93 54 -73 38 -64 48 -76 -71 69 63 94 -84 97 -5 3 33 95 39 76 88 38 -93 62 -27 2 -29 -24 79 -45 -2 -84 -75 -10 35 16 -59 -16 38 -96 -64 -8 90 -20 -82 -56 -94 25 -14 -26 -48 -44 -28 65 52 18 27 25 70 47 0 -99 -33 -15 15 
18 3 -17 -95 69 -47 -51 9 36 -34 15 -80 53 -55 -71 72 -6 71 40 20 21 85 74 -78 -72 -99 16 67 96 12 -96 -14 -37 -41 -54 32 68 34 -90 54 -75 15 -49 -76 -32 -96 38 -19 -87 -56 66 29 37 -43 -100 -22 -83 19 -62 -81 82 -50 77 93 -82 43 40 64 59 73 94 -38 54 -14 63 9 -84 -93 -59 35 87 -10 -97 77 -60 -33 -71 34 13 -54 13 -71 -28 -98 -92 11 -67 -81 50 -45 -33 84 -32 80 50 29 -51 -52 -96 69 -52 -43 14 -41 60 29 -11 57 
67 -97 -100 -72 63 37 -35 84 -89 37 -10 9 -46 -53 96 49 61 -25 79 -40 -97 3 53 -61 -48 39 -63 49 -95 100 57 -73 66 -7 86 12 96 73 -40 -49 -39 41 31 7 -13 -50 66 -53 -6 -57 58 77 13 -36 -46 87 -24 8 8 20 34 -13 36 72 -100 72 -20 -38 -51 51 -95 -12 68 -52 -87 38 -48 -84 99 -91 -36 19 -44 18 69 -39 -34 74 40 49 45 67 -10 76 96 -70 -53 -43 77 10 -31 -66 100 -44 58 -35 -16 9 -31 -10 -58 64 -80 -34 64 17 54 74 
75 -46 -4 24 14 -13 -17 -97 -98 7 17 95 -92 37 -31 -81 -34 76 -82 35 19 -55 16 -62 -50 -56 23 -18 -58 61 42 -31 40 -26 56 -57 -1 -94 -29 43 40 8 -53 61 -49 36 -26 0 37 75 -2 -51 78 -75 0 -98 -95 -93 -93 -21 -11 -18 -18 80 20 0 -88 43 95 11 -76 55 11 -100 96 57 -39 21 99 0 63 22 80 -27 -5 -62 34 -5 90 -3 -19 -27 44 60 -10 58 -25 -63 63 -100 -59 18 -86 -97 20 -14 -10 76 50 -99 -97 28 72 -28 97 37 -84 4 
-18 -97 51 -84 -35 55 2 57 -37 29 -58 85 40 66 29 -85 -17 -8 -59 -9 32 -88 95 7 94 8 17 50 -71 -62 -80 67 -84 95 -82 -82 32 -26 21 62 -28 -84 53 76 21 -66 -5 -61 -21 -94 -22 82 57 -59 -7 85 -16 -69 -34 42 -53 -92 56 34 91 -15 -33 -75 32 -3 -68 68 -82 -87 -93 55 -42 -23 44 20 38 45 -57 -11 -52 -56 -53 -62 -76 32 26 -72 27 -5 94 -45 -77 45 21 86 -39 -76 -51 60 -44 80 -97 -51 41 -40 6 12 -31 -65 -60 -39 -46 1 
-5 -8 -28 -69 21 78 -88 52 -50 48 -97 79 67 61 -72 96 -16 -66 2 33 -31 -90 -85 34 67 96 -62 0 13 -80 -85 -18 19 1 -17 13 -8 -75 -93 0 -64 -8 1 93 97 81 100 -4 -53 -22 -7 71 -9 67 2 3 -57 13 -93 62 -53 58 42 54 -50 80 -94 15 -89 -84 61 95 -93 -5 -51 -26 20 4 58 -55 -27 -67 34 -74 61 35 7 -33 -23 23 22 85 -12 -77 46 -66 55 -18 87 -58 63 -66 -73 66 6 72 86 24 1 -20 82 48 -86 16 57 -86 58 -2 
85 -11 -33 -58 -93 -84 58 6 -70 -83 67 -6 29 -38 37 -8 28 56 52 25 63 96 -92 -83 86 -78 70 77 99 58 -51 93 -96 42 -67 9 -95 63 -1 -36 86 37 93 -67 -39 -89 -59 -43 -69 42 19 -86 -84 -22 6 61 83 88 -20 8 3 53 34 1 5 80 -95 26 -77 63 -45 -65 -68 -43 -75 -87 18 34 -20 47 -14 -50 -37 -28 -93 -48 38 71 -35 -20 -94 49 49 -81 -5 76 -42 -67 4 -72 -72 96 36 11 31 -94 75 55 22 84 -52 -1 26 53 -12 -59 64 -75 
-34 15 -51 88 -77 -11 -18 -17 -96 1 -26 35 43 -65 -2 -61 69 -74 33 25 99 -32 79 65 -16 -37 -26 -88 -87 -75 -96 -56 -42 -100 -61 51 -51 61 37 49 82 -67 57 65 -84 18 68 -87 27 25 51 -85 -82 34 -73 -28 -95 78 20 -98 74 -42 -37 -52 6 -68 8 -69 43 87 -37 -99 50 48 -40 -23 74 62 85 -84 -41 34 -31 -93 -27 -45 -100 -70 -64 -49 46 82 27 85 85 -71 11 -41 97 -38 28 -37 89 3 -94 46 45 54 64 -14 60 53 80 11 -26 71 57 -99 
41 83 -73 45 -26 -11 -8 9 -24 99 -46 89 28 52 -52 -44 -17 -40 84 -24 73 77 72 -90 -75 8 -33 -85 24 93 -51 31 -22 -80 -84 0 71 -4 -4 -99 -61 56 20 -3 -7 -80 -16 22 -90 -52 28 68 17 81 28 84 -63 -46 -68 -70 89 -42 -70 -99 -43 -79 -73 -30 -88 82 96 -65 45 -91 -90 -98 -1 -52 62 97 -9 -58 66 -76 51 -62 -39 52 91 -44 -75 78 81 -56 -63 59 -63 74 -38 98 -89 -95 -36 -33 -56 59 -88 -59 36 -1 23 61 -10 -86 -63 35 57 -93 
-86 92 75 66 25 76 -47 -44 -48 -33 35 -40 -17 91 -47 14 55 56 24 -81 -42 50 69 7 82 -32 -80 -59 -79 -18 66 68 -38 -13 40 64 -28 -65 93 44 84 66 -14 -22 -12 -47 -2 40 19 74 -7 15 -62 -1 -70 94 92 10 74 61 78 -66 -96 70 45 -34 55 27 -78 -90 73 100 30 15 -96 -33 19 12 -8 85 61 3 69 -90 1 -7 -100 -11 -43 -24 64 59 -75 -22 90 79 -60 80 82 59 97 -23 10 -12 -10 -79 14 81 -75 -10 81 -6 95 -71 41 -89 -89 -88 
35 -59 54 -29 -52 97 -59 -19 -27 -27 19 98 36 42 -93 22 -69 14 0 52 -78 2 -52 -64 55 -28 -64 18 -64 9 51 -25 -69 77 31 65 -86 64 -2 51 26 -65 -75 -8 -39 1 30 53 29 -93 16 23 -33 -36 19 99 29 -23 47 91 13 -69 -90 -12 39 -3 89 -54 -9 78 -35 -34 -62 -93 -61 -15 -56 -15 38 81 -55 -87 -22 -62 -46 68 -24 46 62 -84 12 -77 -99 0 39 71 58 34 33 76 -79 -39 -41 68 97 -65 84 -59 46 -34 -45 14 91 39 74 93 -76 -66 
-10 100 -44 19 77 -41 26 -6 -13 74 -11 -21 -52 -26 23 57 99 -92 -67 72 89 -31 -34 -43 -93 72 -24 55 69 23 -45 -20 69 96 -48 -45 11 38 -22 -46 87 57 -84 83 54 -29 50 79 -43 16 -51 -26 65 -85 -18 38 85 22 3 -36 -50 88 44 64 -90 72 -50 92 81 -66 17 -87 -1 -34 -60 -29 77 -66 -61 47 30 23 -89 -90 -70 -22 -87 -40 -26 27 50 11 -15 -69 -76 49 -14 25 24 81 -48 72 67 60 83 -16 94 -66 -88 64 67 60 43 50 74 8 99 -50 
-86 -93 -63 -30 -29 -34 86 -22 18 -93 35 45 19 97 51 86 96 -31 -60 -37 -88 -62 -57 11 -15 -1 -75 -45 68 -87 -82 -60 -5 31 -43 34 97 1 -8 -79 17 -79 70 77 -68 52 -94 -78 -54 -71 30 81 -64 -7 -50 -86 -27 22 24 51 -74 91 -84 22 64 43 42 -36 89 38 65 -20 -6 29 -94 -52 94 59 47 82 95 35 49 92 -88 11 85 -33 61 -9 -67 21 72 -70 64 -94 55 37 -14 -61 52 86 96 4 -35 33 2 84 57 23 80 -9 99 13 100 94 83 -38 
-21 -61 67 -19 -34 -93 -70 -42 73 -51 20 66 -56 66 -5 60 -79 -47 -96 -18 -89 80 5 86 -24 -66 95 77 63 -61 -32 23 68 89 -77 -17 -57 -89 71 43 -24 -21 15 91 15 34 12 27 -39 69 73 -21 -82 -85 -29 -13 -59 -96 76 67 -96 -87 97 69 -2 -71 -1 81 18 97 -31 48 -11 8 -6 96 81 53 -57 41 -94 66 8 -88 10 30 -41 91 35 8 -93 -43 0 7 21 16 55 -69 -36 -22 71 16 94 2 53 15 -55 69 8 88 -83 -94 -19 78 61 -2 -5 32 
37 75 80 -97 95 2 -21 -97 77 51 -84 36 -93 92 43 37 13 52 57 -37 -9 100 11 -64 -23 -30 63 -35 2 68 15 -77 -66 29 18 -15 -81 5 96 -85 -9 61 -13 -9 -9 53 40 -3 30 82 -56 -65 -72 47 -78 -100 -20 -93 -36 -27 -21 -45 87 10 -46 -26 63 -4 87 -25 21 35 -82 -46 -4 -37 8 -32 16 -51 -10 13 -49 -43 -16 -37 -81 46 31 -24 75 -86 86 24 47 -27 92 38 36 49 -3 -1 1 28 42 -19 -18 -29 -24 -57 -63 39 -41 86 71 -59 -48 0 
-83 65 92 -87 79 -60 -67 -94 -20 -74 -29 52 -89 -34 -87 8 50 -53 89 94 -3 -70 -59 19 79 -21 82 -94 -42 -38 9 -85 -32 21 28 -93 65 -57 94 73 -8 -58 -63 -48 -57 79 -87 59 48 90 -84 -49 -62 84 12 54 -69 -51 -98 78 -42 -45 54 60 69 45 77 11 19 93 -76 64 68 -47 14 54 -11 51 -10 10 29 -86 -31 -24 -51 -62 98 41 66 89 -75 -47 -31 100 21 21 28 20 -98 23 15 -95 -61 -36 -21 -75 -38 76 -15 -46 -73 -44 -76 -30 -13 -54 6 91 
-60 -89 43 78 -18 -85 -65 -84 -68 -62 48 -38 74 65 -74 -94 -6 -27 22 -85 70 -3 -1 -22 -21 -32 -8 21 -42 38 71 3 -61 -35 -69 -99 -17 -65 -23 -36 9 -15 -95 91 30 87 -55 -43 -78 -25 -40 86 29 -92 -49 -22 78 82 10 80 58 10 71 75 28 -48 35 -50 91 0 -58 39 -27 -37 9 -3 18 -3 -79 37 -59 -91 91 -36 -6 -57 99 67 -63 96 -8 -46 -15 -11 -39 55 -9 69 -98 -35 -85 -73 -51 -81 24 -32 95 0 69 -12 -96 -61 -4 32 -83 -43 -64 5 
-4 0 -8 76 -72 -63 90 -13 48 63 73 -92 20 58 -18 -59 53 83 -67 23 -100 54 -58 -67 58 74 43 33 -99 60 72 -75 -29 40 82 -1 2 -89 -13 79 2 -8 -55 37 -71 80 80 -9 -52 98 -24 -83 -65 -16 -84 17 27 -24 -1 -56 68 -86 86 22 18 22 62 75 -38 7 81 -39 37 -82 -96 59 -29 16 -33 30 -46 -57 -63 31 73 35 91 9 28 29 47 -46 -19 71 -12 -17 65 100 -81 46 92 14 -99 18 20 -47 28 58 12 79 -23 -17 -24 -35 -63 -46 -64 -54 
80 -49 -56 -60 0 7 90 -56 -90 -2 -97 -7 67 -83 -26 -1 68 15 -2 40 -88 -57 47 28 -30 27 -49 -6 -56 95 -37 32 86 -5 -62 28 70 -35 -69 -74 -75 -29 95 -88 32 -36 4 -65 13 -40 13 52 25 -92 31 34 26 -83 78 55 -95 30 -40 89 49 -93 -28 22 2 59 8 39 25 -17 35 -64 -74 16 48 77 79 -12 -72 79 28 44 -14 -27 56 -38 69 97 14 51 -17 71 -25 -28 -55 63 -94 -15 -73 -6 7 75 0 15 -24 -18 -100 -54 26 56 91 -31 24 -30 
-6 -86 85 3 -50 -47 40 -57 -33 -67 -1 -93 -56 20 -39 9 -1 -51 79 -61 3 28 7 35 -12 29 -40 -82 -41 10 21 71 -45 92 13 -55 -76 76 0 16 73 -65 -77 -67 54 -91 60 62 17 -39 14 34 -27 22 -96 -52 -33 -84 85 -38 71 -37 68 95 -58 -40 -4 -15 -20 4 98 17 32 -75 -61 -97 25 -68 -27 26 40 -2 28 -3 -4 41 38 -13 -70 60 55 -27 15 -19 -89 14 -86 96 -98 95 18 1 -8 -8 -33 -18 76 -63 74 9 -76 -10 -56 82 -41 36 92 52 
88 -97 38 31 -83 -39 -50 -9 -30 -59 -75 -27 42 51 27 -23 93 39 8 -16 -67 -35 68 -71 60 -72 94 -43 16 -74 -14 -49 1 39 73 82 -49 -39 31 54 37 -38 -55 -62 -32 -79 71 -66 -69 -7 76 -64 -65 29 100 -91 -10 95 -76 33 -71 21 -76 -32 1 -28 70 21 89 -49 25 89 -9 72 79 -88 -42 -53 -74 -7 61 19 70 -72 80 -15 -50 15 -71 5 -59 92 19 25 89 -94 70 84 9 80 -8 96 88 76 43 76 40 89 -93 29 -14 -8 -69 28 23 -8 -54 24 
90 74 52 73 39 -62 -72 40 41 75 -17 -91 93 4 -89 45 -69 20 -67 5 26 -93 63 -87 57 -33 91 -49 -46 -47 55 90 -36 -79 -54 36 -72 -44 -47 10 31 -40 73 -32 80 -69 -56 -75 -48 2 -76 -21 53 -71 -91 -72 76 63 -84 -54 -2 23 42 5 -80 -61 86 45 -60 -98 -51 -58 -68 34 43 69 61 -60 28 -74 48 -69 39 -55 -69 85 -99 -26 20 -39 66 -53 -77 81 -31 65 -29 6 7 78 82 -84 92 -18 31 62 -92 43 -65 -7 -16 77 -58 -10 -11 12 -87 64 
100 -89 90 47 66 -97 80 10 -89 -27 92 -44 88 27 -79 59 -4 10 -97 37 91 21 -73 -54 48 77 7 27 -41 -91 -77 -49 -5 48 76 98 -34 71 37 -39 -18 -2 -86 -42 -8 64 -22 22 -99 -6 44 17 83 -87 -37 50 93 -41 39 -55 -74 -58 -92 -20 0 36 61 0 31 -73 55 -21 -28 -76 -49 28 19 12 -60 21 70 -88 23 -7 -25 -52 -76 25 -2 -40 74 -5 -18 75 -22 -54 64 -91 -1 43 43 50 -64 48 -12 27 -93 79 64 -35 84 48 -16 -16 13 4 51 63 
74 73 -88 -23 74 -8 95 98 15 -17 -42 -20 -29 -57 -98 -41 -84 -46 -98 82 33 -41 27 -95 70 -88 -27 -30 -20 83 37 -6 53 -91 95 73 -67 59 -28 89 15 2 49 -23 -9 -7 -11 -15 90 75 3 -44 16 -87 -57 66 52 -52 -17 77 45 -95 28 -67 -49 43 21 19 72 92 16 -100 57 -10 -27 -50 16 -13 -98 94 65 -82 -2 87 -49 -14 -39 42 99 98 -28 87 -86 -85 70 -77 -54 -36 -38 -1 91 85 25 -12 -49 22 -92 5 13 80 -13 -67 8 -96 77 81 -33 -48 
-66 -50 85 20 -45 -62 -16 -46 9 70 68 89 -34 89 -40 93 -63 73 67 84 -51 -40 41 64 -23 48 -78 -8 -23 -91 16 43 17 91 99 -74 -28 -16 -99 11 -49 50 -66 -46 -21 -8 -15 -51 -71 85 31 10 71 87 22 -14 -35 -51 60 -62 -46 25 70 -62 -28 98 -93 32 -48 -51 59 37 -53 79 8 30 58 -33 -63 -78 -1 1 66 80 -95 15 -11 77 -39 -25 66 70 -92 -82 49 14 -17 -55 6 -5 -44 62 0 79 -74 25 77 23 78 -47 21 24 52 -92 -52 27 -50 -24 
74 -26 -90 36 -88 -73 -89 48 37 -54 -73 -2 -45 -37 64 -9 -60 -34 -42 42 -96 -57 29 -20 6 58 -25 11 50 62 -56 11 -40 -42 -49 -43 13 71 -53 -37 78 -67 -96 12 15 16 -13 6 -81 -22 -85 -63 58 33 -91 36 49 73 -80 17 2 52 -26 67 40 -23 -53 63 25 12 96 -99 79 -36 26 77 69 56 -73 89 5 -40 69 -92 -55 81 -94 70 -82 -49 -36 -89 -6 20 -57 -99 79 -8 41 -54 -70 -95 34 -28 -74 -95 -42 -84 81 -48 -34 -79 38 -78 -27 26 -57 71 
-77 -2 -79 57 -69 -32 -2 50 30 37 -16 -49 -64 -7 60 66 82 -36 -38 -7 31 -23 -92 -18 -57 -26 71 -65 93 78 28 -95 -3 95 -70 16 2 -58 -83 -92 49 -33 83 98 -83 -21 45 -52 -93 53 31 -68 -9 72 39 68 17 -79 -54 59 17 57 -54 15 55 37 57 -44 17 51 -28 70 -39 58 -46 42 25 29 6 51 -12 -81 -76 -40 -68 12 31 20 -87 -95 85 17 -38 14 -9 -57 77 83 -72 -18 84 92 -95 -85 -65 -93 -32 -22 -72 -54 -25 -72 26 20 60 60 16 56 
86 27 -35 -20 -8 7 -33 9 15 16 79 14 65 -45 70 85 74 -67 -57 6 -17 13 62 -91 10 88 13 -30 -51 -59 -90 -73 19 -58 29 1 87 -96 -27 -85 -100 90 59 -5 -46 -90 -4 70 -43 40 -70 -12 -3 -69 48 -70 -76 30 -41 -74 1 -24 31 60 -84 -76 96 97 45 -46 98 79 -30 -19 -28 -91 32 35 32 -29 -39 4 4 -51 -45 38 34 -67 79 38 -81 -60 -35 95 -2 -31 -15 74 82 37 19 -47 43 40 -51 32 7 -41 5 18 -33 -94 30 -11 50 -97 20 -31 
-81 -100 30 -47 -18 2 60 36 89 -63 89 17 62 77 -81 73 0 90 -32 90 -6 33 30 -19 -96 26 58 -43 -31 41 85 -51 1 -68 -14 100 99 9 95 65 -86 -19 32 1 -68 -95 67 72 32 -95 -28 -11 -78 -43 -61 17 -26 44 8 82 94 -49 10 53 49 75 81 -54 40 -78 19 37 -64 29 82 68 65 -81 -35 95 59 68 -35 -2 -23 44 -29 -93 -40 0 -72 -79 67 -78 52 -89 56 -87 45 -84 82 -51 73 -12 60 41 -24 -98 43 41 -8 73 -28 47 -33 5 42 -66 
-54 67 -37 7 79 15 58 21 -91 90 -32 39 -2 -62 -79 18 -40 -87 66 33 31 -44 89 -27 11 98 45 -17 51 -22 75 -61 -7 39 -33 -16 55 -76 93 95 -37 -8 89 -34 -9 -60 74 74 77 22 71 -66 32 -61 72 -3 -54 -1 71 -69 -10 -38 93 -35 -70 90 90 80 -28 50 57 -5 89 46 -41 87 22 42 97 -36 55 -11 -25 -90 -80 99 -47 -51 -16 -44 -40 48 43 53 -70 -50 40 2 89 -84 -61 -46 87 -4 -91 -91 -32 -76 87 75 -4 -47 -32 -74 39 19 -84 56 
-73 99 36 49 -92 -58 98 -98 -37 -71 -99 49 59 -58 -90 -51 -41 58 69 -37 39 -85 -29 -32 14 73 6 -2 -55 -21 87 34 -22 100 28 -97 -40 -72 44 -46 1 6 17 38 27 -3 -43 39 -19 50 -53 78 -16 -52 22 58 -8 -6 -54 64 43 68 -97 47 45 -2 3 23 67 -24 -85 63 42 -42 -60 82 39 -23 -73 36 -68 -28 1 0 -45 83 -48 -48 65 -99 62 -89 27 38 -13 -80 5 59 46 -92 -77 25 -93 -12 -98 -47 -45 -77 -55 -21 30 27 -4 -30 39 83 99 -36 
91 -72 -58 -76 -84 -37 -58 -37 -98 34 59 49 -29 -71 -93 45 62 75 -41 -62 10 7 -69 83 -58 -88 -45 16 -79 -27 55 82 -5 -61 6 -77 41 -19 -12 98 -69 -60 -12 96 -56 -36 -57 55 26 12 -42 -54 -63 -2 -57 -89 -92 93 -86 -25 -46 100 70 17 -23 -9 -49 -6 -35 39 82 64 45 -96 58 42 50 -96 -81 -53 -65 23 -55 27 94 40 -43 -54 99 88 44 -66 51 -82 100 79 -63 -11 -4 11 -86 46 -71 17 69 75 -2 -69 -50 32 32 8 -83 -69 -37 -59 82 19 
49 -3 67 44 -97 74 -63 96 -26 -60 -98 -49 -18 -6 10 33 11 24 -70 68 33 -5 0 -56 26 3 -84 -82 -44 83 38 -86 52 90 -33 25 -70 49 -25 16 55 6 -17 -61 -5 -23 3 46 11 18 -99 38 30 -39 83 -36 -22 -44 40 49 63 -92 -48 -92 21 63 -36 98 61 9 -67 -79 55 82 31 -42 -29 -22 45 -96 20 -19 38 -85 2 -31 19 97 -45 -6 29 -15 2 56 -40 76 77 20 62 -6 65 -65 -79 21 42 24 66 27 29 87 93 6 -15 -6 96 -79 82 -96 
-8 -31 -69 30 3 32 -5 57 -87 -67 13 -54 14 -82 -34 61 -23 -14 -78 44 -52 -89 -12 52 -88 -97 76 -92 3 -97 -58 -61 35 69 -26 -29 -83 -94 96 46 70 30 -14 39 -36 90 24 -41 61 -87 -58 -58 -22 32 9 -73 -96 77 100 98 -88 55 94 -2 6 -43 -63 -93 -45 45 39 68 14 -68 7 -11 65 17 -100 17 51 31 25 42 91 84 -29 -22 33 32 84 -28 3 -10 80 23 -93 -55 31 -74 -19 38 11 69 49 -40 21 -71 -35 15 -14 -76 -39 7 27 -93 15 28 
73 -11 79 37 59 -23 -43 -77 -5 -33 48 85 38 15 -75 90 -19 -55 -31 66 -4 -56 -3 -91 70 -48 94 -30 -75 15 -55 51 70 37 -6 38 -95 -94 -98 87 -48 36 0 73 14 -76 31 -26 -45 30 49 6 -55 -14 -85 -29 11 40 -85 20 -64 -100 -80 -60 -69 -90 78 -85 -49 89 23 7 -26 55 54 72 -63 38 32 5 45 76 -84 -30 -4 52 37 48 54 -25 83 47 96 11 -90 86 -5 -48 8 -36 -63 53 71 77 -22 -58 60 -1 77 -58 -55 95 -100 27 -5 95 13 -26 
-8 17 -55 -11 73 -40 36 41 64 -19 80 38 -59 69 32 58 68 -75 -4 -95 18 24 -71 -50 -54 90 -25 0 -23 80 -46 68 18 0 2 -17 -27 100 21 19 66 69 -54 -16 -77 3 60 55 -51 -9 -17 34 -38 85 -87 -17 51 100 83 -57 62 100 -64 -61 -79 34 26 73 -19 -26 73 19 -42 -72 -24 44 63 -79 80 13 -59 -58 100 25 35 71 -15 49 84 -20 -2 -98 -16 62 -69 -40 -79 56 -92 27 -100 85 14 -67 9 -46 -14 26 63 -24 -14 -76 -7 47 -50 -42 -88 -33 
-40 -11 -43 -71 56 -77 -51 55 22 90 72 -43 56 -46 -46 -45 49 71 59 -16 72 -41 24 -74 52 29 79 -8 -10 -7 16 -32 -45 -93 37 -12 79 -44 67 -42 -8 22 -84 -16 -17 -53 96 73 1 -39 -47 -44 33 72 -46 20 91 -88 -34 54 27 -29 72 99 -53 -71 60 85 -34 -3 32 -72 67 30 -93 -30 39 75 36 -34 -93 -67 -38 33 68 -79 -56 -24 17 29 -98 12 8 -59 -88 9 84 -63 -57 -42 -46 -66 9 -2 -46 -14 -26 -42 -53 -33 14 -99 -42 -44 33 40 -33 91 
47 32 -70 46 6 76 92 41 80 81 -75 39 52 -90 -12 -75 -35 13 69 71 -52 9 -22 -25 -12 73 86 -50 -25 73 -81 79 38 -62 36 57 -58 -62 -98 -56 -97 -3 86 13 -4 -64 -30 86 -45 65 -38 -36 -65 46 -63 46 72 91 -82 -41 -17 -71 4 -35 -33 -18 96 28 95 9 -15 -28 -48 29 97 -20 -3 -5 -35 3 5 -23 45 -66 -1 85 85 87 -14 40 -82 47 -59 100 -34 63 -58 95 -85 4 -82 -86 21 71 97 39 83 -88 29 45 84 -83 -6 30 -44 -61 -8 5 
-79 99 56 -82 -61 51 18 -70 -84 -54 56 -61 13 50 98 -26 60 92 -60 91 -45 -91 74 30 72 -26 -8 32 73 -61 41 -95 -49 -70 78 46 -32 -37 -67 -92 -35 -30 -53 -5 20 -47 28 -38 -91 -49 -15 -10 61 -84 61 75 -21 45 -60 99 21 74 -15 -4 25 78 -69 65 -68 -83 31 -41 84 62 -45 -95 66 62 -41 69 85 41 -58 23 54 -42 19 -17 84 66 42 57 -20 38 -73 -22 89 78 6 -51 55 -49 -43 -39 -58 -44 51 -71 48 84 4 17 24 58 -70 -79 -72 20 
3 94 46 2 -60 69 83 84 66 -90 -72 16 25 14 56 -70 -96 -62 -8 -51 18 13 -75 -86 67 28 11 -60 -14 -62 16 -69 44 88 13 77 -91 -66 58 -33 8 11 -82 26 -11 78 11 89 65 57 -97 97 12 54 64 39 84 76 61 -64 -58 -59 -4 -39 -76 8 -86 -33 85 -99 -22 -81 -91 -98 64 -64 -88 -77 16 -11 -18 -95 -92 -13 17 -11 92 54 -24 7 12 -42 -74 -87 -27 60 -88 -69 0 32 -97 62 -15 64 -55 81 -9 85 -76 72 -11 47 35 -25 57 -97 79 33 
58 60 84 50 -10 73 -18 84 -85 -43 -61 -57 16 -57 35 -97 82 -39 5 91 39 63 -78 -5 41 -29 3 -70 59 -45 34 78 -95 -65 43 -79 70 -7 49 55 10 -29 -76 25 79 2 -29 4 -46 -7 14 64 -49 79 -61 -5 -66 27 -83 24 4 60 22 98 -1 23 0 92 -91 44 -76 61 -20 -94 46 39 39 61 9 -78 97 80 96 71 10 -93 -98 73 54 3 -100 51 68 40 93 24 11 -53 -25 -56 -63 -25 -16 31 -29 -76 16 -27 -9 -70 93 30 28 88 95 82 -23 57 
68 10 -80 -90 31 4 35 -35 85 61 65 99 -44 28 7 -43 81 24 -59 -50 -63 98 14 -11 90 -97 -93 -92 42 -9 -75 65 43 -57 -82 35 59 64 18 16 -33 27 92 -55 -56 -74 -44 -28 -53 -31 -70 -50 -23 -92 74 -73 39 95 43 -3 93 54 -23 20 33 -44 -97 15 -18 -14 -60 42 42 -55 -70 67 -73 -46 36 34 -12 38 -20 98 -32 -96 -52 -46 79 -35 98 -30 -60 -66 31 13 24 53 94 33 88 84 -84 -14 -99 -53 -39 56 9 74 -61 61 73 -42 78 -91 -26 90 
-43 23 92 48 85 -92 65 16 50 -44 44 5 76 -80 45 -52 41 -43 -29 -70 -36 -100 64 45 -96 67 -92 -29 -97 17 -64 7 81 -70 83 -75 -77 -19 5 73 -15 37 61 84 0 -65 -41 65 -71 -74 -66 -17 22 -67 -52 85 -35 14 -25 -80 -92 -36 -65 -90 -31 84 -75 -61 -82 17 58 4 8 40 -96 10 -57 -49 -53 76 18 -46 95 6 -56 -95 88 -28 27 -18 88 44 -11 -16 -21 -96 -55 -14 -6 -97 58 3 -85 28 86 5 -74 96 -50 15 -49 80 -85 -44 90 -45 -18 -14 
67 -47 86 -6 67 -59 -11 6 -93 -23 -94 45 4 -94 38 -29 -88 -56 10 -53 -15 -10 -91 -26 -68 28 13 97 20 35 -72 28 -52 -6 -18 -82 87 43 5 44 -72 55 1 -55 47 -26 -54 20 -77 -5 -33 68 23 31 -60 12 -92 -85 -59 -37 -63 -46 38 -86 0 -13 -58 67 -13 13 70 5 63 42 -78 50 34 -44 -72 72 23 59 64 -22 58 53 -74 -39 16 62 -56 29 -95 39 49 21 39 0 99 20 62 -5 32 91 -22 89 -81 9 79 -12 16 -35 79 30 -53 62 76 31 
-44 22 66 -67 96 41 57 6 -32 -94 91 82 -96 64 50 94 -29 63 27 46 71 -46 40 -32 32 -14 -79 -64 81 -4 39 50 56 -92 23 -31 -72 45 -69 90 -43 24 -77 14 -17 86 -32 -46 -96 1 -79 39 -65 44 58 -42 59 24 52 -53 1 -75 -66 9 -63 100 -17 -16 67 -61 -88 -10 88 53 -73 -39 -42 81 42 74 30 -18 68 -14 62 -3 -57 -41 37 79 -91 10 2 26 -49 -15 -12 -28 -79 -19 -36 -32 87 -38 88 -92 37 23 77 -65 72 -95 63 -11 88 35 69 79 
-31 1 70 37 91 36 -67 84 91 -3 12 29 90 -56 -58 33 -97 82 17 19 -61 -17 -34 -91 1 -43 6 -48 -6 -12 -61 24 -42 -38 21 -2 -82 -46 33 -84 -52 -70 82 69 -69 -18 -62 3 -35 53 83 30 32 8 20 41 73 73 17 -84 6 53 -7 -86 -79 49 53 73 -78 80 74 42 -50 -2 84 98 -1 -41 -42 43 -89 -58 19 31 11 51 87 -93 -13 -91 3 39 -80 84 -92 -14 100 12 -86 -22 -84 87 -9 -85 92 -79 -36 -70 -12 -71 81 86 30 -42 31 -51 4 -60 
74 -88 94 100 -80 -32 -81 37 82 -100 -47 -83 31 61 -22 -53 -21 -61 -18 -1 90 39 76 49 -80 -23 -30 42 -66 -23 -99 -59 -95 67 -15 -41 49 -5 -11 -80 35 40 -98 1 72 57 40 -13 -35 58 2 -57 -12 -18 22 48 -58 61 30 -30 67 10 15 40 -42 -45 30 -71 -35 -57 69 21 58 67 67 89 83 -62 -29 40 53 70 62 -48 -84 -11 26 -19 -66 84 44 -29 -57 -82 89 -53 -18 -4 -98 -82 97 78 -37 -89 -98 64 6 -60 -49 -52 80 -19 -61 -34 69 49 -43 -77 
100 32 82 -45 -57 -69 -17 82 -60 -4 8 -68 7 -85 -23 3 87 82 -91 27 -40 -91 75 -39 98 55 -83 60 45 -87 -68 -52 -61 -50 -52 -38 71 -65 -67 10 -92 -20 52 -31 43 -34 26 -70 -79 15 36 93 -6 87 -84 -11 -63 -70 79 -39 -84 75 -40 77 74 -50 63 36 -31 97 6 -83 22 -46 -17 -58 14 24 33 84 -46 -20 -83 81 -67 -3 20 67 92 -44 15 16 -62 48 -27 -85 2 77 -92 91 -85 -48 28 -7 -24 30 -47 34 -14 -7 -32 27 -23 -34 -17 5 -91 35 
97 -19 38 38 73 87 -54 31 -27 99 -93 -15 -81 -47 41 -32 -16 -31 -13 62 -9 -37 82 -85 -11 75 71 -13 -4 -51 -52 59 -9 -32 -2 -34 -99 -69 -5 47 -95 21 -31 6 -22 16 -12 58 86 38 52 -52 2 -66 -22 -99 37 80 98 -72 9 28 68 -84 -46 -33 53 69 -48 -3 -75 45 69 50 94 -93 75 25 -49 91 -17 -32 -22 22 33 2 38 33 -33 4 -18 11 91 49 -91 29 -50 -60 55 -87 73 99 -36 -100 89 42 -54 90 65 54 -31 36 50 62 31 89 -57 -56 
-58 -69 74 61 -4 100 -90 -42 -58 14 23 -52 -53 -69 7 -91 -48 -30 87 -65 -99 -12 -66 57 85 -5 -93 -80 -7 21 97 -90 -33 -4 55 43 -69 -67 51 47 46 -90 -62 86 38 -56 -65 46 9 -5 4 -94 -9 -94 69 -47 8 -47 25 -53 -7 -47 -99 -35 46 41 57 -74 -18 40 -20 -64 -90 91 1 -71 25 15 -28 -38 73 -37 -27 93 29 -96 -20 47 -87 -19 -34 -41 46 -90 75 15 87 -31 -26 -39 9 -77 0 71 21 34 79 50 -78 46 -98 81 80 14 0 81 -28 -34 
-17 -77 -29 6 -100 32 -38 -87 55 -17 78 -56 -79 73 20 50 97 44 59 77 -35 72 -54 53 -23 94 17 13 81 -37 -32 22 -16 -63 66 84 -84 13 -23 -98 -62 58 -17 -13 7 14 -75 -6 30 -20 88 30 -6 10 -2 -14 47 94 -39 -98 -55 8 38 -91 -35 -80 12 32 -1 -43 82 88 -85 95 -55 29 -61 -70 -89 29 -85 -97 4 -27 41 -47 5 34 55 27 -54 -61 24 -95 35 -72 84 87 93 -77 61 -62 -60 29 -22 95 -89 90 -71 68 -8 -11 -100 -46 -28 12 81 -33 
-41 12 -32 -73 69 -53 -4 62 4 -66 66 52 -50 85 -18 -71 -50 -23 76 -66 30 63 71 -56 77 -26 -20 48 76 -35 83 50 67 -61 15 -31 61 5 59 -65 -41 -64 67 -47 -97 59 61 -41 -9 -39 100 -34 -41 73 21 63 66 -81 -93 37 57 18 -45 55 45 59 68 58 16 16 -24 -89 -97 -27 23 38 13 -80 -32 93 -32 -79 -90 78 -96 35 -35 -2 61 63 -6 1 12 -2 -71 -79 23 31 27 78 73 -63 -89 21 -13 -52 22 42 70 -46 -88 -74 43 48 94 -78 68 51 
-78 16 5 22 57 53 -66 73 2 -88 -51 -20 48 39 -4 12 -81 -99 91 92 -34 91 -60 -57 65 69 55 14 -45 -51 65 44 36 14 -59 -70 53 17 13 19 5 68 51 10 -78 80 -14 8 36 45 -99 80 -100 -46 -72 -40 -67 -19 36 10 -45 66 22 -66 -35 -97 91 -28 -43 25 -79 9 42 17 44 29 57 60 66 -7 25 95 -82 40 -13 -50 -2 -79 60 -48 -84 -22 79 -8 73 -42 -5 -94 57 25 89 -14 -83 -74 -4 -57 -2 85 -50 65 -100 -14 -82 24 -6 -100 -60 -83 
-41 -47 10 88 -34 46 -21 51 99 68 -40 46 -98 -36 -81 16 85 -5 60 -73 -93 12 -37 -42 -47 42 -79 22 68 32 -86 38 -86 -93 83 76 -15 7 83 2 13 83 40 51 45 13 -66 -98 -21 35 84 -21 14 49 1 81 64 97 52 48 14 -66 1 64 -80 -5 -84 -74 -74 6 -97 -97 -18 73 100 58 73 -45 -75 22 -24 -15 96 98 76 49 -21 -94 19 -87 -1 54 52 -83 66 68 64 -26 -32 -19 18 -82 -39 78 59 90 21 19 -60 53 89 93 65 -97 43 -73 7 -73 
46 -2 -56 -12 72 23 -86 -28 65 24 46 97 -67 98 16 29 -22 97 85 -78 -30 14 -68 -84 1 85 -58 78 48 -8 47 46 -96 55 38 -11 55 75 22 -17 94 -24 28 -84 91 7 -42 -32 14 -74 -43 66 57 71 -59 83 3 -42 -89 23 47 -35 -43 -69 -21 83 72 73 60 -15 74 -53 1 37 3 0 -62 -9 3 83 88 -10 -18 56 32 -75 88 0 -91 -84 -22 -67 86 -76 -100 -14 -70 35 -62 -66 -9 -25 -12 -90 60 -89 -42 8 -44 39 -41 -74 34 37 69 -35 70 -90 
-17 15 -23 81 -4 -81 97 1 94 79 -72 -64 -28 -79 -53 69 -32 -23 35 -82 23 70 6 16 -42 -75 -8 35 -30 -78 2 -79 99 20 52 -17 63 -93 34 100 -12 27 -94 81 -98 90 87 58 -93 90 14 28 7 -20 61 70 18 -30 -4 -36 -76 -18 27 8 -26 51 18 36 -32 -33 97 -37 -16 17 -68 47 -13 -27 -9 46 -29 -38 -13 -4 27 -53 -80 -59 46 -20 -74 -62 -27 -71 -36 -94 -26 95 83 56 90 50 -94 -28 -30 -40 -34 57 -17 99 27 -50 80 57 -64 -39 -81 4 
-93 -28 81 -13 -79 76 -5 -21 -49 83 99 -1 60 28 93 -35 -39 29 -64 79 73 93 -60 56 63 -77 1 -51 -25 -49 -16 71 -1 -45 80 -90 -89 95 16 6 -24 -78 79 -55 88 -82 24 9 64 -79 80 -59 25 5 -66 -30 -8 88 7 -11 44 -57 -15 90 -62 -10 -54 -15 -57 11 -79 -19 -56 91 82 -37 49 28 -88 -71 -85 34 65 25 19 31 -26 -26 -56 -2 -64 -42 -31 31 -87 -48 33 -20 -60 79 87 -82 -87 78 -51 -79 52 70 73 42 -87 3 -21 -71 -59 -29 76 -48 
48 -10 -33 1 -83 -41 59 -100 -40 50 29 -18 45 -26 37 3 -92 -65 -87 -62 -91 41 -10 -72 63 -9 72 -17 -38 -78 -54 -29 -9 -96 -10 -16 0 -32 74 63 -38 -79 -69 -98 -45 -9 -10 55 -26 53 88 -94 -13 -34 68 72 16 5 -37 83 -45 51 14 21 -46 -48 7 21 -2 6 -15 48 44 -29 93 88 -75 59 68 -89 28 -73 -80 52 -29 -69 2 -38 -44 -89 13 31 -3 -82 -50 36 21 -47 99 48 -6 74 7 -56 40 31 -8 19 -8 -67 15 93 55 -74 -12 80 82 -71 
39 -26 -65 36 -92 23 -58 36 -40 69 45 -54 -36 -54 45 -84 -41 -41 -33 0 50 -2 0 -68 47 -78 43 12 41 2 9 10 95 34 29 62 41 68 -42 89 37 -85 -66 -17 50 -98 -93 -58 -92 29 16 -78 20 89 62 -59 -30 41 -9 90 58 8 -13 100 -83 -3 28 26 -12 -72 54 72 4 -72 -56 15 -17 -79 -33 22 98 -11 52 94 -37 94 -41 50 1 -46 -18 -40 -72 -44 78 -36 96 55 96 -92 -69 -27 74 40 -82 -2 32 94 -97 -80 -70 46 -8 95 -18 -92 67 -50 
-13 7 -92 -30 30 5 -66 50 -17 35 -7 -55 10 -72 -23 -14 -63 19 -42 15 54 -87 -45 76 -82 57 -81 -38 -23 82 76 45 -8 -97 55 81 -13 13 -94 -67 75 90 52 -96 21 69 13 33 -64 -23 -26 55 89 70 -87 -47 34 -56 -24 4 -79 64 82 6 87 -69 12 -33 34 98 -16 37 6 -14 -91 65 -60 14 75 46 -72 11 76 -58 50 48 -15 82 -28 -29 26 79 -44 34 -30 -29 -23 -39 -76 66 -81 3 5 21 27 53 86 -6 52 -79 44 -88 94 40 75 38 65 93 
93 20 -42 -8 18 -6 -50 79 -26 64 61 51 46 98 42 51 44 -69 -55 -10 86 -61 -97 -47 -49 78 38 64 75 56 -47 -96 -80 -34 76 -79 -57 73 28 -47 39 -85 -71 70 77 10 75 31 26 58 38 63 -84 -52 13 -65 -34 -100 -50 89 -89 -53 -78 -91 -43 -46 -80 45 64 17 10 30 -12 88 2 -87 20 35 90 23 -6 -12 -51 -28 87 55 64 -66 96 -13 -35 -1 -65 -75 6 13 46 -55 -44 11 -72 42 65 -77 60 84 9 21 95 -92 18 18 57 81 -46 55 46 -6 
11 -40 -91 8 -21 -86 -47 1 -83 -29 73 -41 -21 91 -89 51 -19 -92 -63 71 58 87 14 -98 -96 -30 -72 27 45 16 71 -78 -72 32 -67 55 -83 -68 53 -95 11 -95 83 -44 96 99 -13 87 -12 65 99 -61 99 29 -35 24 -29 -48 58 -21 90 42 49 21 11 -75 15 33 -45 7 -52 -22 -60 -74 14 -61 60 -12 81 -82 6 -90 62 16 67 53 -84 -75 99 84 -54 -77 16 -9 89 -91 -25 -17 6 -69 -7 21 -1 -55 35 100 -86 -77 -87 66 -48 59 44 14 56 19 -62 18 
19 -77 28 66 56 14 13 23 -60 89 62 -95 21 41 88 -67 -100 -41 -75 -69 38 -25 50 -34 -44 -32 74 97 82 74 98 -57 79 -6 -17 43 -45 58 5 -6 -56 -58 37 96 60 94 -23 29 -94 -23 -76 36 -93 -37 -84 4 83 80 -99 -92 45 -96 -75 -21 -61 68 12 -37 -97 -48 50 55 88 -82 -5 49 59 -49 -74 -66 -43 -49 -76 26 -79 -22 -100 86 -19 -77 69 -96 32 -49 2 62 -28 -4 44 76 81 -20 11 3 -19 69 9 -58 100 66 -49 -2 -42 -42 84 35 -39 19 
-97 2 61 -37 -49 -66 15 -42 -76 -18 -18 -73 -83 15 -54 -41 -7 -60 53 -26 33 -87 10 -60 25 -23 -48 -100 90 -38 -91 -53 -57 20 21 86 32 -17 41 -19 -11 -63 -31 3 29 84 98 87 65 93 -37 73 6 43 56 6 10 -62 -59 -24 11 -44 -43 53 46 -38 67 -46 76 -14 -100 26 -8 -47 -93 -47 -5 65 -41 55 32 74 81 -76 -95 73 -16 -93 -82 -26 -34 -63 71 58 76 44 -82 -60 91 -92 -70 -68 36 100 -2 -70 30 -74 94 82 69 53 -42 18 -68 -78 46 89 
-91 -1 -100 24 -86 67 -91 38 -72 96 -87 64 -94 -66 77 96 75 -5 -36 17 -26 59 -39 47 42 36 34 3 13 -45 87 -74 -55 50 12 -34 -97 -24 -77 -50 96 24 -84 16 -63 -22 100 -42 54 88 -55 -44 0 -69 -30 -4 93 89 39 50 -78 57 31 -56 35 -86 -88 -91 -14 -5 44 25 91 66 79 -3 -45 -70 -32 60 -81 69 1 100 -2 -33 -84 21 -78 -96 -47 2 -92 53 -16 -72 18 -96 -67 -39 76 20 32 72 -67 87 79 32 39 -93 85 90 18 82 29 13 31 64 
-65 -71 71 52 17 -65 87 -96 -47 3 5 82 40 -3 -46 -99 74 -18 30 97 -28 57 14 96 -69 -1 58 -95 -46 -12 69 71 76 -88 82 16 37 -46 -78 -58 -97 -73 38 100 -52 -54 -5 -3 90 -16 91 -14 70 60 71 -2 -97 -37 21 -64 -4 89 -53 44 3 -16 84 -79 -15 60 35 53 -92 5 -48 69 50 84 15 8 92 -46 -36 80 58 -97 23 -5 -20 -89 93 -86 -14 -35 -68 -46 12 -27 85 -17 -47 -46 60 46 12 68 80 -83 35 -53 93 -63 2 25 -87 2 -1 52 
27 -45 74 -42 -18 6 -80 57 94 17 20 50 -20 -64 -54 -74 42 36 72 26 -100 -70 -83 51 74 31 -74 99 3 66 67 -72 0 9 39 -51 71 71 58 -3 -59 -74 13 46 77 -55 80 15 -71 47 -76 52 89 -75 -26 70 -17 80 38 16 24 74 -35 85 -96 74 -8 58 53 91 51 -39 -22 -83 -71 -44 -72 -5 15 -49 55 -18 83 17 5 17 -80 83 -73 18 9 72 -65 -66 -59 -61 -75 -5 90 3 -5 36 -72 -18 54 20 97 -53 -10 3 3 41 65 -30 98 21 29 -38 
56 -18 5 80 9 39 98 1 12 83 -91 -68 -16 -88 95 -13 -41 -12 -10 -49 -54 33 81 -78 67 13 28 23 -46 -33 -48 44 49 -13 -45 92 -50 38 64 70 -98 -97 55 -84 71 4 59 -4 66 71 -93 48 45 15 -84 -91 33 16 -41 24 -63 91 -57 41 37 80 -84 38 47 67 67 -100 91 -17 62 -49 -32 -29 20 -42 66 71 24 82 45 38 50 -60 62 75 57 -80 28 22 32 -23 -79 -64 -28 -98 -23 27 -36 -48 13 -96 81 -69 97 81 90 63 -79 42 52 25 -2 59 
-65 -20 -26 -2 -38 5 -82 6 72 66 22 -4 -44 -65 4 61 -20 32 87 -17 73 63 27 75 36 -36 62 93 -31 -64 -46 89 -4 11 75 5 -17 -1 58 -85 -40 -73 -24 -38 -4 49 44 74 -48 15 -29 -86 17 -58 87 -13 -46 82 14 93 42 6 57 35 -34 10 -80 -67 -13 -82 68 -47 92 -45 -97 -60 67 83 60 84 -73 -71 -83 -63 32 94 -61 -89 62 57 7 -86 61 -81 -22 -77 -66 83 40 31 60 47 93 -84 72 8 -91 -80 27 7 89 -2 -88 6 -100 24 41 11 
7 36 -21 57 -17 39 -58 -23 4 -77 20 -95 -51 76 33 -51 -91 87 -41 89 -91 -66 -75 -66 -5 67 -77 -50 82 72 -95 -92 -68 -70 50 -72 -67 -50 89 -60 -40 52 92 58 58 -70 -72 -76 -19 38 -78 59 -63 -35 85 27 -84 66 -9 21 14 87 50 -67 76 47 30 -60 -56 -66 -96 -80 -67 74 -78 80 -63 22 -33 -38 19 71 -79 -3 -77 -27 0 -88 -25 50 -41 -63 74 9 50 72 -6 75 78 87 63 74 -19 -94 -69 89 88 -39 -86 57 -94 39 -66 58 6 26 -34 85 
-80 90 -12 100 -52 42 35 -71 24 -18 26 -90 8 -73 71 -55 -61 -69 96 -38 -3 59 87 14 -76 54 50 79 -12 -8 -91 -60 1 46 94 -26 -42 39 68 7 -19 14 90 -75 -4 -67 -63 16 -64 -27 50 -10 -27 -11 -40 -83 -5 -22 -47 100 32 63 -25 -47 76 69 73 62 31 -10 84 -32 -34 4 42 -40 53 72 22 -60 -29 4 100 10 -40 -47 -40 95 -91 19 -92 -93 -34 81 -1 -61 -93 -36 87 43 57 -8 -48 63 -81 65 -98 53 90 -48 10 -2 26 13 -31 -1 82 -52 
60 60 37 12 13 -71 16 30 63 91 65 19 13 -8 45 97 -81 95 -15 88 93 -43 12 -94 -3 -4 37 -70 -63 13 -22 88 -15 82 -74 80 5 57 6 -89 46 -14 6 -30 -1 -55 -67 -24 39 21 31 -100 32 86 4 -27 4 5 59 -14 12 -87 44 78 -57 -70 -99 2 -79 13 33 78 -95 36 16 69 55 11 -45 77 59 67 9 -14 -55 92 -73 -69 -4 -41 -91 -44 59 90 90 45 -87 56 -46 28 -93 -35 12 27 90 -84 -68 -46 22 89 -39 66 -75 56 94 50 -1 40 
-68 -70 -74 39 -95 93 56 -90 -39 69 -22 -58 -32 -26 -25 89 -16 -32 -25 39 -75 -81 -18 38 85 22 -10 68 98 -93 24 -56 22 14 91 -26 31 4 -32 -67 -67 73 50 -96 49 81 -37 -85 11 76 34 -95 -68 88 88 -2 -32 60 77 -46 71 -86 -73 -87 -30 -50 50 -27 89 13 -66 83 1 8 -100 51 -18 54 -7 -53 -29 79 -22 -96 -77 76 79 17 -17 57 61 78 76 -82 -57 -95 -41 100 -86 25 -48 -92 -70 86 2 -94 85 88 99 -1 -18 -55 -57 -60 84 -9 -61 74 
-71 74 -91 11 -89 -31 47 -98 71 39 -33 90 -45 29 32 32 -54 89 -9 23 -91 46 18 -86 99 -19 -57 9 -55 -43 -46 -36 84 -40 9 -100 79 53 76 -96 -50 -33 -87 -67 11 -11 97 61 88 14 92 -3 2 -48 47 -39 -23 76 53 -74 -50 79 -94 -98 -46 -86 55 -24 -88 35 79 -79 19 3 -37 -6 87 -99 22 16 -64 65 -60 51 -77 9 -42 -9 -26 -61 -6 -2 94 16 64 -13 -24 100 17 -49 66 21 -6 98 75 -84 47 52 93 97 26 -29 -8 -93 76 8 -15 79 
76 -90 -71 -49 50 17 -90 -15 -99 87 -79 -50 -63 77 -65 89 5 89 1 -77 72 14 19 67 90 -3 25 -47 -90 -44 -100 77 -67 100 -25 -52 81 -38 46 -21 -90 -29 63 52 70 20 -66 92 5 -34 53 2 9 77 16 -37 71 88 -53 -18 -9 21 -3 -32 -51 -41 51 91 -67 38 92 -85 74 -12 -2 -58 11 69 95 65 -27 0 -87 -54 76 -16 90 28 42 -67 63 -60 -93 30 16 70 71 76 -44 -53 -99 91 -36 78 75 92 81 100 -54 -57 -82 21 49 18 -99 -48 87 81 
-31 -19 -22 31 68 -99 28 4 -85 -41 -72 54 -80 -48 24 79 2 -62 -81 25 60 -58 80 -18 -3 91 -78 -89 54 -7 49 70 -14 50 -34 72 42 -1 33 79 -37 89 66 -79 -44 -69 -64 1 -3 -20 -8 49 15 -70 -69 -9 -24 100 -85 -42 61 67 80 -91 20 -35 -33 -10 -60 9 38 -53 -65 1 -67 3 -72 7 -89 -11 -8 -16 73 -70 16 63 -22 11 1 52 -15 38 19 -11 -78 68 59 -69 -55 75 -81 -36 99 46 5 13 3 -85 -44 62 -49 63 -68 -23 -7 -83 -80 -11 
50 0 -4 -58 60 -78 -2 11 26 17 77 24 -98 38 -86 19 -91 -98 -69 35 -13 77 -16 86 -35 31 11 46 50 -20 -56 -89 74 84 -20 71 2 -95 17 82 78 -71 -19 9 30 -89 56 -55 -51 84 -56 20 100 -61 -14 -16 -41 -22 -74 -42 58 44 21 47 25 -34 19 98 61 -90 -21 80 49 68 -37 -64 17 43 88 75 48 -54 30 45 -47 -1 -65 71 53 -15 38 -1 11 -73 -14 40 -25 75 -98 92 90 29 -14 42 44 -17 85 -38 -75 -87 15 23 10 43 7 66 57 -41 
-43 -38 6 32 -21 -83 -18 -75 -98 -74 -55 -56 -76 19 8 93 -8 68 62 97 55 90 -34 -39 15 -84 18 90 -46 -34 99 -71 51 69 80 41 -79 -15 -67 -47 -95 -97 8 -52 -28 -18 82 34 -13 13 -89 38 100 -13 -1 84 73 -6 79 73 -66 -28 -75 -22 96 26 -96 48 87 -35 8 32 -12 -5 -56 -33 78 44 -7 18 -11 61 39 31 -26 83 32 31 28 66 -96 22 -83 -90 65 -22 17 83 81 24 28 51 -57 81 -89 82 -51 -50 29 -51 -22 -35 -5 84 58 -73 61 79 
-11 -18 48 39 -6 -68 92 37 -18 44 47 -75 39 -92 44 50 10 -44 7 -83 -57 22 39 91 62 -3 -54 31 -5 -18 10 93 88 -72 -87 -35 36 45 89 -98 48 -39 92 4 -17 -94 13 -96 -31 -54 -58 -86 -73 72 -28 -87 -47 -18 13 13 34 36 -76 -24 -21 -88 33 93 -84 21 -64 46 21 73 88 54 -15 -60 -82 97 -93 -35 -10 -31 3 -55 -64 65 -12 36 27 49 28 -11 33 -49 -11 45 -91 90 10 35 -29 -79 -50 -56 26 -39 -23 -83 40 38 96 -7 -91 49 80 -32 
-19 96 37 86 95 75 -38 77 0 76 -61 -76 -53 84 -40 -40 -53 -99 -48 -13 55 31 84 58 -67 -45 73 -27 -29 20 -54 23 51 -68 52 38 8 -44 -71 -15 -14 -67 -90 20 -43 -90 95 64 -14 -33 -13 -84 0 -11 1 74 78 -49 93 -39 59 -54 -69 -1 11 72 42 1 -20 -37 -95 -20 39 98 -22 79 -51 -64 46 -50 -25 -30 -77 12 29 -53 -20 -76 -87 14 -35 -32 -97 20 -68 -41 -87 45 29 -78 -71 53 99 -33 34 14 57 33 -25 83 -66 23 -78 -17 54 16 13 48 
-63 66 46 -48 -5 12 -6 60 -24 -80 45 -14 -77 -30 -57 9 35 -42 46 21 -48 -71 60 -19 -81 30 93 29 40 86 93 -28 83 72 -60 26 -29 -39 84 -96 -99 4 -38 -9 0 93 91 -54 26 -15 -28 29 31 68 -67 -19 18 29 -46 89 14 76 -58 -28 -27 11 83 58 -47 -8 -44 -88 -22 -52 10 -28 83 -90 -46 -39 21 -38 40 84 44 9 100 -20 -74 -100 66 39 -41 35 87 -25 26 34 29 39 8 84 48 12 83 -7 -29 0 71 -16 -28 -90 38 41 4 -47 -33 86 
