-81 0 -77 10 14 -42 64 84 58 3 -10 85 -18 8 15 49 -6 -40 -75 9 32 80 -52 -62 66 -21 18 63 -64 78 -26 -70 -92 37 -41 76 -39 -79 35 -28 25 75 -86 22 52 39 44 -77 -48 79 62 -49 21 45 -54 -11 -68 37 
-76 -55 70 -98 74 -74 -35 -75 -10 -16 35 -54 47 46 -5 -25 -12 49 54 6 -10 -78 -15 47 -96 -28 75 98 -78 85 -77 -79 11 11 -61 67 24 12 -3 -97 -44 16 -10 -23 -2 21 -16 -63 93 -63 -69 49 21 -16 76 95 80 -85 
22 20 -53 41 18 -90 -31 -87 59 5 100 61 -80 81 -20 68 -36 -96 58 -5 -28 8 -3 -13 -86 -57 -29 -26 54 25 34 21 -45 51 -3 -22 -21 10 47 -17 -84 -39 68 72 -9 60 -13 30 48 11 2 99 39 67 38 35 72 -74 
-75 -45 -54 -61 37 -27 94 44 18 -90 35 71 -91 37 38 69 -70 76 -47 -80 41 -31 -71 48 86 -13 7 -40 -1 -32 -39 36 60 -68 -28 15 -66 19 33 -44 -69 62 -73 -70 -30 -94 17 11 97 5 -87 55 73 86 -17 47 -78 76 
-14 -56 19 -24 69 5 -75 -89 8 15 92 -79 -45 49 -76 60 -37 78 -49 9 -19 57 62 69 -20 50 -15 -83 28 63 3 -84 -90 -66 -6 49 -12 -67 1 -58 90 -48 -23 -78 -77 -32 75 62 39 -65 -86 91 75 -76 63 -55 -39 91 
45 21 87 51 -29 12 -23 -19 -36 69 89 62 37 -78 -56 34 -45 -2 83 89 -91 -94 62 -17 80 12 85 70 90 -27 -48 6 51 4 62 26 40 22 91 -16 96 -4 76 -80 62 -26 -48 60 -43 74 40 -18 56 91 51 79 -44 -51 
-75 55 -73 66 -85 -28 -9 84 9 56 7 -89 -54 -12 40 47 -65 -17 39 -44 -14 -52 58 -71 -35 100 -85 -65 35 -22 10 47 -79 39 46 -80 51 -76 79 -11 36 36 -28 -59 -30 30 43 -82 -70 -8 78 -72 40 26 -60 13 17 38 
38 62 73 11 48 -19 -54 1 24 -100 -81 -81 -34 -3 40 -100 48 41 8 98 85 -47 22 -59 0 54 77 36 -35 -54 -72 -92 -85 -32 -24 -60 -10 75 9 82 -20 -87 -8 3 53 -37 -28 -42 69 88 61 -1 15 -45 -6 -16 -41 66 
16 -42 68 -57 27 46 80 14 -95 -8 2 -78 100 -37 -74 17 16 88 -41 31 -1 -25 -97 60 19 -50 -82 41 -91 -13 14 7 49 9 71 9 -36 -34 12 48 -34 7 -79 69 -69 16 -75 -40 -3 -71 -51 85 -70 78 5 -11 -97 62 
77 -61 62 70 -41 -6 -16 39 71 65 -69 69 -35 -47 -75 -84 -9 0 92 74 -14 -39 -100 -39 75 88 -5 -59 20 -41 -4 -51 -93 -65 59 -8 3 -98 -79 -28 40 97 28 -64 -7 83 84 48 88 29 87 92 3 19 -76 81 -97 -38 
-6 20 -65 33 -25 -57 14 8 -39 66 59 19 -87 -58 -49 -27 -33 -28 92 57 69 -58 9 5 100 -24 31 -91 -68 97 -67 -50 -62 100 -68 25 51 22 90 -91 92 73 -21 79 -52 -94 -80 6 95 47 -46 -43 28 10 52 -89 -12 -14 
59 -36 -85 73 84 -82 -28 -65 79 26 -52 -58 -51 -9 1 6 7 -94 -26 -26 -27 -88 81 -73 75 -18 97 94 -1 81 51 78 -79 36 63 87 -27 -5 26 -69 -68 -53 38 -4 -85 20 65 13 70 -52 -61 -47 -30 71 -67 -90 81 48 
11 -79 6 -35 79 3 2 -99 -46 -69 -71 -51 7 88 22 25 -79 13 14 -2 -27 19 84 9 84 -86 -32 -56 -18 42 6 99 7 70 -63 63 75 -41 -72 -61 72 -15 -74 -42 77 -2 51 -97 10 -12 52 -92 -90 50 7 -25 -13 -80 
87 -19 -64 -4 45 -87 53 8 -51 -9 -39 93 -41 57 -20 -78 -43 -93 -100 13 27 69 59 9 -21 -73 76 30 60 52 70 27 -46 -14 -41 86 42 26 -81 65 -15 90 56 -51 -87 -15 -81 -57 94 -19 46 -47 52 -45 -6 5 48 -91 
38 83 79 -78 -42 -4 12 -23 -83 78 17 -16 -7 19 -41 -50 87 -67 90 25 26 95 69 -57 -1 90 -95 -76 -55 43 54 35 91 63 -9 -67 -60 -19 -91 2 2 -5 81 -68 15 -42 51 29 -35 -91 -23 -90 61 59 50 50 -17 19 
-19 -3 -79 -97 14 -18 89 -70 88 -46 -2 77 -12 48 -32 -21 28 74 20 -26 93 97 11 -32 64 75 13 35 33 -43 91 65 9 -44 -55 50 -57 64 29 -87 1 -57 -80 34 -81 59 -4 77 -26 6 96 61 15 7 86 -19 73 -14 
20 -63 91 10 69 -31 -9 75 -76 -78 57 -60 -80 11 -17 11 99 4 32 46 -72 -55 -86 -1 -99 12 37 -86 11 -84 58 76 55 88 -80 -80 -80 56 -27 42 -14 79 -27 88 -10 -68 -5 -70 1 -21 82 52 -29 -18 -13 -22 49 -80 
-85 55 -36 52 23 98 -70 69 -90 39 -46 -63 -30 -80 48 66 92 6 -61 31 -56 89 27 23 -77 -37 72 19 -97 -37 -10 62 83 24 7 38 53 79 -22 -69 -43 -48 9 -52 -67 -88 -2 -22 -27 69 -23 -30 80 -55 -2 0 70 -70 
16 -58 78 61 30 -50 -50 -79 -27 71 62 -11 -65 -91 -16 32 -33 70 -21 42 68 5 -53 72 -97 -64 -16 -20 -34 -10 -100 -79 47 -70 -71 2 -19 17 1 -57 10 -91 56 18 59 28 -13 -40 -55 -78 47 -48 -39 -92 20 73 79 -16 
-12 -60 -26 49 63 98 -94 64 85 -99 55 -38 41 41 25 94 23 -38 -51 -65 -42 49 78 -91 -83 26 75 44 -98 23 -68 -74 10 -16 -30 -93 -29 -82 -9 2 99 43 -63 31 42 -30 24 23 -76 -82 58 -78 -51 -3 -25 79 -23 -93 
-24 10 -100 51 16 60 -19 -21 28 73 43 66 -57 89 30 -53 -44 -87 51 -82 -84 24 -89 95 -12 -45 -88 77 -72 -73 80 59 24 -8 -79 78 87 -68 -51 28 79 7 38 49 97 14 79 -80 80 18 -18 68 9 -65 9 17 40 -87 
69 26 -75 84 -1 -38 -9 85 -15 38 97 95 -47 18 88 -36 -10 78 6 -86 36 22 -46 -32 29 -23 17 -23 -86 -85 -46 -71 27 -99 29 25 -6 7 -61 -45 60 -66 51 2 41 93 50 -95 32 24 43 80 -10 19 32 -77 56 -82 
62 -61 9 99 -15 85 55 -49 16 77 55 -25 90 -8 -46 -50 83 -10 -51 40 75 19 10 89 65 -17 -2 -86 80 70 10 -83 -66 -96 44 -98 38 11 -33 -57 -39 97 -90 7 -10 35 28 36 -13 5 -18 12 -2 20 -39 65 48 39 
15 -91 -16 97 -78 -55 -96 41 -14 -6 -26 46 66 9 52 89 79 74 -7 -97 -45 -40 25 62 47 -96 -75 -94 -94 -42 -43 -27 30 33 -73 -24 70 -15 84 79 34 82 84 -56 31 54 42 -45 10 72 -31 -7 -31 41 96 -52 93 75 
2 94 -78 -100 20 -37 -79 -88 20 90 -79 -20 -9 2 45 -61 -19 90 -15 -28 74 -77 88 74 -21 -74 -98 -76 8 -38 53 -38 -76 5 26 -35 82 11 -89 -86 -98 -95 -43 -90 24 39 -6 -60 -89 74 -1 -18 7 -33 -82 -41 93 25 
3 63 -59 -2 93 -51 -32 88 77 -16 -70 -84 -57 18 -51 -46 -80 61 74 -53 74 -53 85 10 -37 18 12 -1 -25 -55 -44 30 -95 29 -100 -92 59 31 7 94 10 -31 44 94 4 60 96 -49 -20 3 54 -91 -61 -37 -88 23 -88 -10 
-45 57 -62 50 59 100 -26 -77 95 -28 -64 13 -91 -71 78 -32 100 36 27 18 -88 66 -10 81 -26 27 97 -57 33 -71 -86 54 -84 -41 78 -97 -47 98 -51 -9 80 82 -41 -69 66 18 -34 -3 -77 22 30 -86 -92 49 53 -43 -30 64 
23 17 -11 -71 54 -7 -4 -37 44 94 -82 -37 70 8 23 41 -82 -7 92 34 78 -57 -12 73 92 -47 35 95 -21 57 83 100 43 -87 81 -2 85 65 -58 37 45 7 26 -74 94 35 -87 -17 -64 -61 74 -47 -57 -9 2 -52 10 79 
-48 -85 -92 -72 -6 -30 32 -94 32 41 -64 -42 -73 73 32 -41 -93 97 -1 -5 12 -8 -18 80 -19 25 -13 -63 56 -4 48 -28 12 2 15 -48 59 -24 74 -40 -70 93 -24 -37 -55 38 77 68 18 -49 -19 -86 -53 3 53 99 23 -4 
-73 11 50 -64 66 -35 99 -55 -22 65 -99 82 49 41 -67 -19 -27 -91 -45 -52 -4 9 -3 46 30 -11 -62 -97 97 39 69 79 92 -16 -66 55 -17 97 86 94 -100 75 96 71 73 -19 -10 -62 35 -43 95 -15 -75 -73 -11 77 -93 -39 
22 59 57 -54 18 54 -6 -97 31 80 -14 80 -51 -79 74 4 72 2 -78 62 -66 73 -66 -91 -57 -65 98 72 -2 -91 47 -24 -44 -10 97 99 39 -76 -55 -56 -39 62 7 -87 100 -14 44 -81 -51 -31 -48 48 96 39 56 81 49 -76 
-96 39 -93 68 60 93 31 33 -45 98 -60 56 24 41 14 -58 2 11 19 -62 -12 -17 -53 8 56 35 -27 23 -10 -14 -36 -77 70 40 -64 86 -88 -18 47 -54 31 -60 24 61 17 -53 19 29 7 -37 -38 -18 -71 -5 -71 -89 -33 -94 
-10 -31 44 -16 -62 -7 -38 -27 -47 -88 -42 25 60 39 -58 3 19 27 -64 12 51 0 79 79 -24 33 -39 -40 59 -64 3 1 -53 -25 -1 39 19 67 63 74 34 43 -55 -54 36 66 -75 59 47 32 99 92 -51 -77 25 -49 17 70 
18 42 -47 78 47 -13 19 -20 90 90 -85 51 71 22 77 39 -30 55 -24 -16 47 -96 15 15 79 -23 16 2 16 -96 49 91 1 -56 52 -22 25 -53 -9 -81 71 -58 -85 -72 68 69 55 -63 15 11 10 -31 12 -75 44 69 80 8 
24 33 85 69 32 17 -1 -73 13 -99 80 -25 40 69 -89 -92 68 26 73 77 83 -55 -72 -43 40 -93 87 -86 23 -56 30 -5 -92 -57 -38 32 -56 -53 -29 0 92 47 -31 -70 63 14 32 -26 64 28 -3 34 -33 10 90 22 66 38 
62 -22 -55 88 -15 -13 72 43 44 75 98 48 13 99 49 -22 -23 -53 89 -96 -94 67 39 17 -5 16 -80 -54 -35 39 68 -27 38 3 28 -80 71 -52 14 -52 -5 23 -72 -34 -57 -53 72 -57 98 20 -2 29 14 48 75 -50 -29 39 
12 -21 54 88 -49 71 41 7 60 -38 -29 -32 30 -22 45 44 -59 63 78 47 45 53 -71 -81 -85 -72 -91 3 -36 15 72 100 -19 84 13 -97 67 80 -81 99 -21 -50 -90 -58 -65 -32 8 -47 -30 73 10 92 81 -49 -61 -98 21 87 
-61 -87 84 75 84 -87 -64 -41 -64 -45 83 -57 -31 -81 -15 -57 86 -14 -49 -44 -5 71 -51 -15 -62 33 83 56 -59 -99 27 53 -24 18 -26 -64 29 -15 17 90 60 -61 81 26 35 1 -23 -73 -19 62 -22 -9 -88 -69 97 52 -47 1 
-58 27 47 -53 -78 33 42 64 29 -87 59 -79 93 -16 4 -1 67 -61 98 -49 24 -97 95 -58 -28 3 -59 97 56 64 -36 -17 -97 -39 22 -72 93 -68 67 93 -51 -38 -12 96 -81 -30 -80 56 -59 2 31 55 -30 29 91 91 57 60 
5 74 -41 -93 89 7 -89 -35 23 -16 -54 -98 75 13 -57 59 90 85 -6 -3 57 67 93 39 -2 54 10 -62 -36 25 -53 -73 21 -65 40 -10 -21 -15 -11 3 37 87 19 -6 -99 69 -51 -53 73 14 -94 55 -25 -57 -7 -75 -34 -59 
63 22 -62 -55 4 64 93 45 -31 37 -86 12 33 -28 51 -54 -59 -37 -100 80 -43 94 -24 -21 90 1 -100 -54 -22 16 -89 87 -99 81 -37 -50 46 70 -28 78 -59 24 -69 -89 1 5 -25 16 -73 -70 -79 -11 -4 90 -12 -77 -24 49 
62 -59 71 -93 -58 -25 43 -13 50 16 -50 29 82 -91 -65 -35 69 -41 62 51 -56 -31 26 -93 34 33 -80 -27 34 90 -5 -81 -29 -65 -14 57 61 -26 37 -72 -83 -37 -42 97 -3 -9 -72 92 -5 -62 -13 -26 28 19 0 -96 17 55 
22 -93 -51 -23 -77 2 39 -82 -7 17 -52 69 16 -50 63 82 14 81 -68 45 76 -10 -41 72 -98 -53 59 -86 62 -28 0 -95 -21 -42 -91 -23 89 -23 78 85 -54 -15 80 73 99 36 42 -99 67 -79 -98 46 95 -19 72 -58 93 -49 
-19 82 -61 -31 -85 86 -16 -10 -8 15 66 97 -49 67 -77 -34 -31 -42 -1 31 85 -79 -99 65 24 -78 -73 -1 51 42 -48 -83 11 41 -5 -41 -46 67 17 -37 -90 10 -26 -16 52 -9 -56 51 97 8 -58 62 -33 -28 -20 82 45 -54 
98 18 12 52 -6 -66 -84 11 -16 44 -68 -42 85 -54 -28 -97 32 35 -26 -46 35 -44 -45 41 -65 46 -90 2 71 -68 77 -58 89 -66 63 -2 11 94 -35 99 6 19 14 7 65 25 52 -48 48 89 18 -36 -77 83 -10 11 43 91 
-56 40 77 79 86 29 -71 -14 44 8 -15 52 82 -73 -4 14 -62 40 -90 -19 -1 85 70 51 49 51 -59 -16 -98 -25 -33 -12 100 24 -39 37 -53 37 50 33 -70 20 -44 27 -68 -65 71 -43 6 -13 -88 -79 -44 76 -67 -11 -33 -1 
96 -99 98 84 43 4 -96 76 -84 33 13 -86 86 -77 -30 -50 85 62 -35 -69 51 -20 -72 100 -24 20 66 -64 6 -73 100 -1 -4 -86 -3 95 -31 -97 -29 25 -20 -57 -71 -61 -41 -78 35 -25 25 -70 27 -92 -9 -11 72 49 -56 63 
27 72 81 -88 -51 -85 -85 -2 -58 61 22 -77 -20 27 -46 -5 79 -12 -44 -75 -32 2 -55 -50 -11 -82 -4 80 -80 19 -6 -94 3 47 -25 31 54 -32 93 -42 -79 -67 97 40 -44 0 -94 48 68 55 85 83 -65 -84 10 -57 -7 -88 
-19 -32 90 85 -23 -10 24 34 71 100 25 53 73 18 74 -55 -73 -86 -58 87 -17 -19 40 -27 -28 12 -83 -29 -7 2 14 72 24 -34 0 76 88 -42 37 52 -39 3 24 -99 -61 26 28 61 -4 6 14 89 4 18 85 51 -2 -83 
-80 39 23 -47 37 -25 -34 22 -94 80 -34 -61 -91 0 -59 -92 -68 90 -64 21 -35 52 62 -52 -3 -64 20 57 -82 -65 18 -98 -29 -31 -44 -20 53 52 50 3 -64 -66 -65 35 17 80 -99 21 57 -62 84 -74 -86 -62 -21 -8 15 -84 
-3 83 70 63 -34 -63 73 54 16 -16 -77 -91 51 -50 82 -97 75 -86 -50 8 -33 -76 -83 10 23 -13 78 14 42 -22 -50 46 69 42 75 -67 8 15 7 -10 -73 -35 3 11 8 -31 -94 -2 69 -29 46 -81 -5 -89 -61 47 66 94 
-75 -24 -41 -46 -20 -50 -37 47 86 58 -41 -86 41 19 -89 -11 -60 -26 -59 40 98 75 52 28 -11 -88 -43 -9 17 49 -82 -2 -63 0 62 -16 -24 88 94 82 38 45 20 -40 29 46 -26 16 -16 65 62 24 -11 -20 27 66 39 -63 
-63 41 -24 -89 65 17 -47 -89 -57 -43 -66 25 32 -40 -23 6 -85 84 77 41 56 -80 -33 -88 -16 33 78 -18 -26 45 -76 17 -85 92 19 85 16 -25 21 52 -78 -27 -93 13 93 -84 52 98 49 69 -11 24 72 -21 -7 -23 -82 -57 
61 -69 -12 -55 75 19 9 -48 -33 -4 -25 -63 -91 -3 49 -11 -72 -32 -51 4 54 80 -76 22 -11 -73 23 94 60 33 -81 22 19 -79 -96 -46 51 -39 60 58 -24 -95 69 81 -41 70 26 92 31 41 5 -21 87 -33 -85 61 66 47 
39 -23 22 -96 -34 -94 14 -71 -98 77 -23 -36 24 27 10 59 -14 -46 -92 50 25 -75 12 -50 -43 -64 75 46 -82 81 -100 14 43 32 52 -81 -5 -59 -11 43 -96 86 -84 85 56 -74 32 83 100 33 99 -72 76 55 47 6 60 -58 
56 81 41 -8 11 -43 -2 -57 85 12 -84 -92 81 36 92 -100 -3 52 49 -98 -46 31 75 -52 59 -84 37 21 83 41 -21 -47 -44 87 30 -16 78 -55 80 -93 -40 -55 37 84 -69 62 19 2 -62 -14 67 -31 -39 -41 78 29 -76 -61 
-3 -61 -53 30 -49 -9 -47 -57 36 -42 -1 54 -69 30 -43 39 60 -79 21 63 -44 -74 -85 -89 -19 -45 -71 64 63 9 -76 -6 -37 -3 -16 -73 76 -44 30 24 11 40 65 -27 -66 57 -89 53 -7 73 -12 -18 66 98 37 -42 57 77 
-23 -55 -44 92 5 -65 -36 -20 47 89 -30 -6 47 67 49 -40 7 -7 -29 -24 87 -64 -61 79 -72 -99 -94 37 1 -42 36 -4 71 -17 35 38 36 25 -43 -94 77 -100 6 -56 -76 -40 58 -40 34 15 1 3 75 40 86 100 31 31 
-11 11 -26 29 -32 16 92 87 76 -39 87 -36 -59 -60 -16 7 -49 -100 -14 -81 -24 -70 33 -93 80 86 0 -82 -20 -83 39 15 93 58 39 -53 50 22 73 58 73 -52 85 -60 -29 54 17 -57 -96 -97 56 -20 13 51 0 75 -62 43 
7 21 -34 24 55 6 -68 -50 14 -83 -100 39 -55 33 -82 70 59 47 -63 -17 31 -42 29 -62 -74 -20 -9 31 -51 82 60 -79 -59 65 -13 35 12 -59 4 89 9 28 48 -55 -3 31 46 -10 -96 -24 89 -26 -52 -3 74 -30 27 -38 
63 -99 -8 29 8 -9 -81 -62 -97 -17 91 -9 -87 -69 -15 0 -92 -43 100 -19 -7 -92 31 42 74 -32 -85 -73 58 -18 -91 62 -25 50 53 -57 67 56 -98 49 -5 2 13 63 35 49 48 75 69 -35 93 12 -79 -65 87 -48 26 87 
-95 74 82 2 -8 -38 61 -95 -56 -81 19 -52 44 41 61 70 20 73 17 75 -37 93 -38 -14 38 -81 66 23 -32 35 -36 1 10 38 -51 -69 -38 -57 24 -76 -12 66 40 45 40 -33 0 -48 -76 80 -47 -73 97 68 -96 -28 80 -14 
-20 -33 -1 54 -11 -1 -16 -9 -22 63 -63 46 56 25 93 -85 -14 17 -81 -75 -45 63 10 -21 -97 -77 -84 -8 16 -61 30 93 15 -37 -54 -26 51 -56 -23 -59 62 -100 -1 -32 -100 15 75 -17 40 1 78 -57 30 -86 49 61 38 12 
35 -56 7 97 -51 -24 99 40 61 -17 51 78 -34 21 23 19 68 -56 -63 79 38 87 6 -5 92 42 -85 35 10 30 73 -88 -95 80 -54 96 -87 -74 -60 -56 -94 86 -83 53 30 15 -86 -27 3 97 -29 49 -99 -81 7 -11 -55 84 
-53 79 -57 -61 80 -90 12 -38 -52 -17 20 32 -55 52 -2 27 -21 -67 -84 -58 22 -1 -42 -82 90 41 -77 -68 89 -83 -77 -43 13 57 -44 -10 -6 -90 57 -60 -60 74 -20 -36 42 80 43 85 -3 -94 -41 -19 -47 17 99 34 81 -77 
86 -26 -31 83 -33 -52 2 -95 7 35 -11 0 -51 -83 -100 -78 -92 16 84 -73 90 29 45 -83 -16 -40 -18 17 73 36 9 50 -82 32 4 21 -89 36 97 -75 45 53 -99 -83 -11 -54 -34 -78 34 -83 4 66 79 12 -43 -84 -35 -72 
-14 -90 -46 -44 -91 25 87 -17 31 27 14 40 -96 -89 -23 31 -26 -68 -1 -62 76 -55 -31 14 95 60 -6 75 -28 -21 70 -6 75 53 87 -41 -12 32 -81 3 96 -33 -21 -70 -57 -50 13 -85 -2 79 -43 -58 -18 -34 1 -26 48 -17 
75 28 -62 89 -94 -48 27 -15 41 -86 85 -99 -58 26 -97 19 -80 98 55 61 100 17 73 3 22 30 -19 -74 34 2 -44 20 -73 50 -31 -62 57 69 -41 -98 -20 0 -95 34 -36 20 -3 29 -33 -69 -74 -98 33 36 69 10 59 58 
-20 77 -90 31 93 -88 91 -83 -40 -48 63 -93 -95 -19 -3 35 52 13 9 8 66 -96 63 9 -10 72 53 94 2 30 -83 85 -23 -89 -73 27 36 31 -90 95 -42 -83 -99 20 -72 -61 89 -68 -68 26 -96 -46 73 -65 -51 -59 -65 24 
73 87 66 -69 -100 -83 76 -61 -64 -78 -68 60 60 59 -63 -3 59 20 89 -42 -82 -57 -87 77 17 50 -74 -21 -47 32 -60 81 87 89 -78 2 -18 -42 62 -9 -65 52 -99 95 24 34 -73 -60 41 71 -46 -19 -34 -33 -98 56 94 64 
-40 39 -50 -5 20 57 -36 -19 50 75 -22 -21 21 -99 -53 76 -75 -50 -23 59 57 81 -6 64 -90 -24 3 100 -73 -59 94 -10 5 54 90 -22 99 -70 72 -15 8 80 11 -94 -40 50 -12 57 -64 41 -74 15 88 -15 3 -43 -42 -22 
-84 -52 -10 75 38 9 -70 32 36 -96 -63 -23 35 -91 94 -63 -79 22 -77 -36 74 -30 -12 71 -51 42 23 37 99 51 20 -13 -94 -59 71 -91 40 0 19 -60 26 -37 -49 4 18 65 -17 71 -70 82 -30 75 11 15 -29 -15 -60 57 
-50 -36 -4 -23 -20 -44 -71 -3 -44 25 -94 18 -37 -60 -48 16 67 -7 -44 -14 0 -85 48 50 -68 -100 -14 14 14 -59 -40 63 -40 10 -9 -72 37 -67 -35 41 -35 33 25 -87 93 -63 98 62 27 89 98 -86 73 54 -22 47 89 -30 
-70 67 31 96 -57 -86 -95 -1 41 47 -73 -18 -68 -69 -48 33 -91 -76 -23 65 47 -84 -13 -92 -1 -93 -70 -15 29 -86 -71 -19 85 30 48 42 -3 -81 -23 39 49 -51 -74 -30 79 -69 -92 65 95 12 65 39 63 36 -98 -13 -17 -62 
15 28 7 -3 -22 -6 -4 -35 -13 82 -76 51 -24 -78 -18 71 17 82 60 -8 -13 -31 83 13 82 46 -20 72 13 -3 -48 31 -50 6 -25 -60 -53 -90 54 -44 71 -56 -68 90 0 13 48 -59 -73 -60 -44 33 79 79 -13 86 78 -50 
60 -86 -82 52 -47 -10 -72 -84 -7 -1 15 -2 67 -14 -19 -67 6 -19 -23 -67 2 -25 -53 -28 -76 -18 62 -74 37 -22 83 -14 -32 63 97 -12 9 57 -16 -68 74 20 -70 -69 -75 5 52 74 82 -78 -37 -65 61 0 -98 13 78 -95 
48 93 -84 -60 -93 -32 69 -57 -84 -22 -48 65 -96 -64 -37 -16 -14 91 56 -61 -47 -65 26 -35 37 -79 2 -1 70 63 -88 16 -42 -99 -26 48 56 -12 -21 42 -7 -33 62 25 78 -60 48 69 26 -18 -43 95 -87 -86 -36 96 60 1 
-35 39 -58 90 -91 1 -52 67 -86 -20 -75 75 -56 45 -67 6 -32 53 -44 81 -22 -82 60 -48 39 56 -14 -19 -23 29 82 99 42 9 83 15 -69 39 -50 40 -93 -89 -19 -2 -63 -6 34 -12 55 29 -68 10 22 43 27 -70 -74 78 
0 41 28 87 12 38 -32 3 -63 19 -58 38 -80 1 -14 -3 -42 86 -46 90 6 -7 23 -96 -27 58 34 68 8 -32 29 75 -89 60 20 33 -63 93 99 11 79 -40 -73 2 64 3 3 26 41 24 53 20 66 43 60 -64 -100 34 
-48 -34 -67 4 -23 -3 -26 -45 -63 -1 52 -96 -57 -5 13 -25 -17 -67 2 -42 32 73 -79 78 -67 82 43 44 21 -35 -49 -95 -80 40 49 -77 -90 -43 31 -50 51 13 87 -37 -71 38 -87 -62 9 100 -83 85 77 -35 30 1 -46 -73 
-47 6 -93 77 30 -80 22 80 -30 -54 43 46 -90 -60 -76 65 -95 12 -23 -34 -29 99 -32 47 -52 37 25 44 6 -91 52 57 55 49 67 9 28 52 50 31 0 -40 81 -53 47 -21 -21 33 92 -85 -98 95 -24 90 -56 23 -43 -51 
-94 -3 -25 36 -65 31 -57 -75 -69 -13 -5 78 93 38 27 -72 -35 -8 -89 -78 -48 43 5 96 -20 -39 3 -2 -20 43 50 -85 5 -18 -17 -84 42 88 -99 -57 88 -98 29 -50 93 38 42 -3 15 9 -45 93 27 41 33 36 -61 64 
88 20 4 76 -34 79 -90 -31 73 -52 65 21 36 43 -24 -24 -86 -7 77 36 -6 -76 46 -34 80 49 -57 -57 53 -94 12 -59 56 19 -66 60 -25 -43 38 80 72 -80 39 -86 -100 28 -26 13 -71 27 -80 83 -2 11 -12 15 3 -66 
86 54 -48 -7 -81 23 -57 21 -18 -51 86 -67 31 -3 82 -65 -92 93 -73 -40 16 92 52 89 14 81 35 51 -12 62 -40 -26 61 8 -1 66 14 2 -34 67 -27 40 67 -25 -20 8 -36 90 -12 -79 90 44 33 43 -19 -73 -75 -55 
19 33 -99 -46 -45 99 83 -64 69 -11 100 34 34 -100 -79 -87 37 -76 -66 -68 89 95 17 -68 -88 -19 -9 -37 15 -18 -35 40 45 16 -30 -7 -64 -32 -36 -47 -17 77 -89 67 59 -46 -27 -72 53 12 -87 -72 70 -30 -44 -11 20 -31 
-2 21 -8 45 41 -82 -55 -97 42 52 30 31 13 60 97 -64 87 84 18 -16 2 68 -27 97 -74 30 25 61 -78 -71 -8 60 52 44 -21 10 -81 94 94 36 -28 27 -4 -78 24 -71 42 -46 -79 -14 -99 -2 70 34 -76 -72 86 22 
66 -68 67 -98 -10 -79 61 3 -17 47 28 -88 -39 42 -73 98 -9 -48 -12 58 33 86 -64 -11 15 -76 -5 57 83 -69 25 -17 56 -100 44 83 -97 59 -89 -76 12 69 -40 4 16 -95 -89 14 -46 -18 93 88 -29 -86 27 -98 76 39 
88 -57 -81 14 67 29 64 73 31 74 -39 -20 2 -5 -56 -29 -26 36 30 -69 -60 91 52 -9 -12 -45 6 80 -44 -26 -97 70 -71 -55 -45 2 96 -33 24 -20 -32 -62 -90 81 73 6 67 -87 -56 -55 76 41 51 -60 -59 -17 96 -90 
-93 24 11 -75 -38 68 37 -40 25 -55 71 53 91 -22 15 -23 -79 15 4 -72 -92 28 -95 76 83 -40 54 97 -3 29 32 -94 86 54 21 46 40 1 -88 -92 14 -3 -44 -96 -91 -19 -74 74 50 46 -91 85 -9 -32 99 43 82 -19 
-87 -60 -45 4 80 62 -29 21 59 73 -66 -33 -77 46 -63 -29 34 -25 -75 63 -57 -56 -77 77 -47 1 38 -25 11 0 66 -20 -67 -38 16 58 63 45 53 -35 3 -59 -73 -21 26 -63 58 -40 85 30 5 -56 98 54 -3 1 -95 0 
89 52 -28 35 78 47 -91 71 72 -19 -20 -65 17 -64 -84 66 -85 -35 -83 83 -15 -100 -93 31 -96 -47 -14 -21 -26 -96 24 -66 26 -57 -19 19 -85 -74 44 -1 -61 -49 -62 96 -9 69 63 87 -33 -100 78 98 -82 83 47 78 46 -39 
-86 48 44 74 23 97 -96 -80 -46 84 30 20 75 48 -80 -69 42 -19 -98 -63 -87 52 2 98 40 -58 21 59 -83 -47 -61 47 48 23 -56 48 -83 -12 3 34 -100 5 25 -51 20 79 -44 95 -12 -48 79 18 57 -85 -53 -75 10 -90 
-20 -88 83 -22 62 89 91 7 -66 -1 -89 -54 65 -40 -94 -41 98 -69 -71 47 24 -2 11 -18 19 -72 -51 73 -3 92 5 -83 16 -98 80 -79 41 29 -30 47 -61 40 -44 92 -85 23 16 86 43 -41 -96 -16 -78 36 87 13 3 23 
-46 -98 -34 -45 37 92 -44 34 -96 -83 34 23 51 7 66 58 49 33 -71 55 6 -19 -7 9 35 -35 96 96 33 2 -21 -33 91 57 0 -99 -20 -81 24 -50 -67 32 15 -99 49 43 80 -57 6 34 -92 -18 -41 -12 70 -16 -60 -69 
-50 -13 80 81 -69 20 11 5 58 -13 -76 -50 -15 48 -37 -46 -34 32 30 97 5 -26 82 -50 -35 57 46 -77 -27 -54 32 -55 -45 27 -31 90 26 -9 35 21 21 -87 -92 -62 -94 70 84 -81 62 77 -89 37 -5 -92 -1 19 75 -44 
-69 -100 79 -15 -66 49 -54 -51 -16 81 46 -43 -32 27 26 -85 49 60 34 -83 19 11 21 -42 -14 22 62 29 -64 -83 -29 29 -42 33 -69 72 74 -89 52 12 -85 100 96 58 80 -68 -49 65 90 -41 -32 39 6 -48 43 -72 12 -40 
86 -11 -78 -17 -83 -38 -97 47 89 97 -75 -27 24 94 92 -71 -6 -10 55 32 -49 60 58 27 -80 36 -68 -84 67 29 -82 -3 79 -71 86 45 -28 -57 -55 9 10 95 81 -76 -49 73 51 71 47 45 -37 -14 -10 -84 78 100 -42 -45 
-81 -17 12 -35 80 -64 -14 74 -82 21 74 -58 -74 74 55 12 -31 50 -83 -44 -13 77 -3 37 -97 79 -95 46 51 -61 -61 -60 -89 -87 40 -75 55 0 32 -46 36 -26 75 -59 -35 44 -83 -52 -44 -13 90 38 78 -74 6 21 59 -56 
-54 45 -61 -100 -70 19 -88 -85 -48 4 -60 -28 -46 76 3 -67 48 32 -93 99 75 47 88 9 -36 -52 -66 -44 22 57 81 -81 -25 -95 66 61 10 3 -26 -17 -92 -27 -1 -76 -6 -56 -35 77 -17 11 94 -67 68 59 67 74 -68 -47 
-8 -75 67 16 -65 -67 -55 49 -27 41 69 -77 -61 78 31 16 -8 -23 -40 43 -13 76 64 -57 -2 -79 49 56 -25 -10 -48 -77 -84 -56 70 -74 -22 52 53 82 85 -51 -22 27 26 -73 19 -59 -60 -54 60 70 41 -41 -69 -26 92 -62 
-32 68 -23 12 51 14 -45 -17 61 -35 85 -86 -52 -37 44 54 21 59 77 -30 17 -20 -55 26 46 -27 -33 -72 77 58 -14 -52 -37 16 -80 38 22 64 97 91 71 -61 69 -11 38 -95 -7 84 35 6 -6 17 -18 -1 -23 2 36 52 
29 -5 74 -64 -68 69 -10 23 61 40 10 -50 85 4 34 -89 3 -97 -16 -67 -71 61 -93 79 40 -40 -44 1 -19 2 -54 -54 -71 75 -60 -67 -36 -71 22 21 -6 -93 39 72 34 5 -3 -35 75 48 -99 26 62 -48 -100 100 78 49 
-60 94 -50 30 -57 1 86 -49 -62 50 -5 -76 78 -72 -42 13 22 -73 52 76 -11 -32 -7 -37 -51 64 31 17 71 30 -83 -45 -34 -12 63 38 -30 66 10 94 -99 -78 -98 3 -40 86 -10 -63 -77 -21 -33 -97 34 70 -9 39 -84 62 
87 -94 -86 -38 -87 19 -66 -19 41 -26 -73 66 97 44 50 -13 23 -49 41 -46 8 -71 1 -37 0 -26 -11 99 21 -97 -39 -88 -63 71 -91 -9 -39 -77 -14 48 -83 -22 -7 65 22 -88 -8 4 33 14 -52 -79 41 20 44 22 58 27 
65 49 88 24 -11 56 38 72 91 -50 47 4 -57 -19 32 -1 36 -6 39 -57 54 32 -12 59 -3 -80 -61 -84 -3 3 -39 86 -75 5 92 -55 -19 -37 -86 -64 61 82 94 -12 43 40 -23 -97 19 26 97 78 -5 75 -50 32 -73 62 
-16 6 26 -85 99 -88 -79 73 -98 40 -33 50 76 30 39 -78 -81 63 -73 -65 80 68 56 9 -2 100 -39 23 22 0 -17 77 72 -65 27 -92 57 84 49 82 86 -3 98 0 -49 -30 0 -78 28 -71 83 40 -71 -91 96 -94 -18 78 
65 11 72 40 48 -38 100 5 19 6 -17 -66 43 50 -32 -74 54 19 -71 -98 93 21 -78 38 -62 28 47 -12 18 -59 1 -22 -45 75 -40 12 73 -93 30 36 -70 -90 85 -71 -98 -23 -95 -7 20 0 65 74 -96 -31 98 -49 -42 27 
-11 62 51 90 -40 -61 -85 31 -87 33 -34 4 54 -98 -73 24 -14 -98 97 -9 35 74 -18 -82 -65 10 -96 -100 -96 87 44 74 -46 -41 -44 36 14 -92 -96 -55 -3 -74 -85 -4 77 -63 -23 22 94 -27 90 -26 36 -7 91 -14 -79 -1 
-21 52 49 -46 -67 68 22 -49 34 32 -30 -16 69 -21 -73 30 21 -36 -38 46 58 -92 59 -75 68 -2 -83 -71 55 -10 88 29 0 -21 51 -95 -92 21 -13 -8 38 -44 47 41 99 28 -100 31 26 48 48 60 49 -84 1 26 77 -69 
71 -100 48 -61 25 20 -13 79 0 33 -100 26 -62 -35 74 86 -53 -61 -86 -77 -54 48 -52 -100 60 83 -78 39 84 -62 54 60 -54 19 46 91 -93 -76 46 49 17 34 -3 -96 20 88 98 -37 -75 -75 35 100 -53 -99 52 81 -41 30 
17 -38 37 91 32 31 -5 84 -31 85 -94 -87 56 54 -93 -78 56 79 -53 26 -100 -71 28 -79 85 56 99 -16 82 40 34 -31 -42 -74 48 -15 78 -43 35 -72 67 -32 -35 -15 33 44 30 58 -77 -75 -50 74 -57 -50 74 -56 -73 -66 
65 100 -14 -75 -30 -60 -95 -18 -60 57 62 98 -16 17 57 72 -64 -93 -62 56 -2 -34 -6 46 21 84 -74 9 -91 -24 40 -39 34 23 -2 -58 22 -62 -91 -71 -79 -23 58 -61 12 -5 -57 -83 24 30 -34 -17 -48 86 87 -68 -5 -34 
-36 44 -43 9 -30 28 81 71 -43 -64 -40 72 -58 -41 24 57 69 -29 -85 -68 53 -12 -5 39 82 -24 -88 97 9 -67 -23 -66 89 45 -71 -65 20 4 56 89 -63 -82 -80 -19 -76 -34 5 -2 -5 -50 -39 -77 -50 32 40 -30 -75 -40 
3 82 93 -26 -96 -73 61 62 -56 -28 -76 36 48 13 22 73 24 -65 41 -31 51 86 -35 3 94 -18 -42 17 -95 24 -27 -71 60 -81 -92 34 -37 -71 -39 0 -47 -72 -99 -81 23 -23 28 -93 -94 40 -46 -98 -17 35 -81 84 -76 97 
69 80 26 85 -26 -89 -50 8 -92 -40 31 1 34 -8 23 -99 2 71 -27 -89 -23 -69 69 18 39 -84 -30 -71 3 55 30 66 61 -31 79 92 31 64 39 22 -3 -99 -80 -78 -81 58 76 -31 24 -35 -91 -15 -25 -74 76 -39 -21 96 
-55 63 5 84 -77 63 99 -13 32 64 54 -69 -44 -9 -77 -20 14 -2 83 -72 -16 64 78 -30 56 -21 78 0 36 -4 -59 88 21 -34 -33 -39 97 -31 41 -76 75 29 -28 -8 -83 83 63 24 -61 -39 28 -81 33 -59 74 100 31 14 
