46 -2 -46 -90 33 93 25 -79 4 67 -14 -47 -99 -94 91 46 86 46 81 24 20 73 52 -1 -45 -50 42 80 73 -52 -20 -70 10 -34 -56 92 -50 -47 -73 80 -90 9 92 -26 -6 -34 13 84 22 8 -94 41 -62 9 -82 -22 -87 -44 77 5 -14 23 21 -15 21 -12 -73 -25 83 17 40 -52 93 -38 -27 94 -23 93 -84 9 2 7 -96 -54 -78 -94 4 96 -34 -89 9 36 8 -63 -22 35 60 -61 -67 -44 33 40 67 20 10 -71 98 82 63 71 
-30 -71 -88 -83 -69 76 48 -97 -54 3 7 -88 68 -5 28 -51 -34 -50 0 22 49 -72 -25 82 -56 83 -28 -4 -33 -87 -66 11 -92 30 15 -55 -63 4 92 -40 -89 -86 57 55 -26 17 34 75 52 -40 -20 -2 50 65 76 64 43 26 -47 -6 -100 87 32 -47 3 2 -7 14 94 95 32 -49 100 25 -29 -89 -100 56 -75 -29 65 -66 -41 88 -65 -19 -56 -48 -53 33 -19 -3 -2 38 -60 53 39 25 51 -22 26 46 -14 67 86 97 85 94 -81 71 
12 100 15 76 -13 99 -98 37 42 77 90 -40 -84 -99 -34 -61 66 56 -87 87 -10 -68 94 -12 -35 -64 10 82 -85 18 -63 -63 58 56 55 -31 -83 -21 61 72 20 -26 -69 -93 -92 87 79 100 29 -39 -65 -100 92 4 -65 77 31 11 3 2 -50 7 15 94 -6 25 -48 86 -67 4 39 -30 -90 17 66 -76 -54 63 -54 41 42 -89 -48 -84 -86 -4 4 81 7 -69 -24 -21 38 -54 19 60 97 -30 -52 -15 18 24 -18 -82 -43 17 68 -95 79 -53 
28 -67 -3 -64 -25 -75 -89 -98 76 -33 -6 -9 27 58 73 -70 63 33 -83 25 -14 -3 -19 66 -59 92 39 59 -100 -86 -69 29 89 53 -56 59 -11 -96 -88 33 -63 -63 4 -65 74 90 29 58 80 -76 -67 -70 -30 30 -12 27 -93 -23 -65 24 41 -83 -51 6 11 -56 25 -90 -2 63 -85 9 52 58 -78 -88 -98 -90 83 -82 -59 52 9 -71 47 -39 38 -22 -18 29 39 75 -54 75 29 73 -51 65 54 -85 -90 -27 -100 -43 -87 84 60 58 32 67 
-6 80 -60 -14 63 97 -86 -36 -99 -79 -4 -37 -43 -12 42 -2 25 23 34 -75 -51 23 71 -42 100 46 16 39 33 30 9 50 21 -85 -18 54 -93 85 -90 62 3 87 -94 -67 -86 -43 54 25 57 98 76 -30 11 18 66 -92 -55 -50 60 34 -37 -76 -38 71 89 83 44 34 -65 -3 67 -86 10 94 -44 -61 81 -72 -36 43 29 -45 60 -53 -96 22 32 3 67 19 88 -62 -20 -48 -19 43 53 91 -15 74 -11 -19 52 82 -25 -92 -45 -77 -34 -39 
55 -56 -98 -60 0 -84 -16 -25 -12 22 -80 19 -51 42 -22 88 63 -41 9 21 -78 89 -33 -48 32 -67 -71 -96 16 -94 39 -19 -27 78 -11 -32 79 6 -22 -35 -22 99 -37 75 39 -79 79 -28 84 24 -3 -15 15 -67 66 -69 6 68 -21 72 22 92 -50 -55 51 21 86 56 44 52 58 77 -30 -27 -86 -47 -27 -50 100 7 -71 -67 56 -63 12 11 -35 68 -73 34 -50 87 -2 -28 -58 8 -22 -34 89 74 -55 35 72 -57 -20 -65 -85 -79 -16 4 
31 -59 -93 -95 16 -29 -47 -51 -13 -78 39 19 46 66 58 62 -41 -58 32 12 43 -54 -67 -100 -30 -29 -47 59 -41 11 -40 15 -83 -59 23 -91 -100 25 41 -31 62 89 93 27 -57 48 63 -86 -13 66 -78 75 75 -83 -19 80 83 -38 53 40 92 59 -8 -75 -13 72 22 -52 -39 -79 -90 65 59 25 -61 32 -90 47 -3 -23 -44 26 35 -87 -37 -84 -15 -63 -15 -44 32 13 66 49 20 -66 1 96 61 -63 -31 61 -78 -22 -79 67 -97 -28 -50 -62 
13 25 68 -18 87 -94 85 91 32 80 38 33 -62 80 21 -71 -53 -58 -56 42 -9 -10 -55 50 -46 -12 -74 -37 -81 10 76 -84 -61 36 28 -48 -15 3 3 84 -57 -18 50 -76 19 -86 25 -69 40 95 85 91 14 -6 -10 -59 13 -11 -7 86 58 45 -37 -70 58 -52 65 -97 -50 84 31 43 43 25 -44 -65 54 -70 -27 -31 -57 73 -74 70 57 46 13 1 -1 -59 16 56 -79 35 -22 53 99 98 99 58 86 -70 93 -95 40 56 39 -17 27 -81 
-81 -62 99 76 77 -65 -84 -17 -50 38 -64 -48 93 -42 -35 -84 36 11 95 47 -60 45 -82 11 48 71 -53 9 3 85 49 -92 -49 86 -85 63 16 46 27 -37 -65 -35 59 -18 -62 10 -53 99 -22 14 14 -56 55 -32 80 -68 74 -38 9 -52 -6 24 100 -9 1 46 44 72 -77 74 39 -1 65 65 -36 35 -66 75 54 90 45 37 47 -79 -58 14 12 91 7 7 63 61 -76 -89 -70 -87 -48 34 -95 -90 -45 -24 -19 -10 -94 -53 -37 72 -38 81 
-54 -96 -97 98 71 -83 86 80 -84 5 -10 -86 -33 -6 39 17 77 -48 29 -37 28 -81 88 -18 -75 53 -88 -48 62 -44 33 -26 42 56 22 49 19 -52 25 90 -80 96 37 -75 -45 -26 38 -41 44 -65 33 -84 30 -95 53 98 90 -41 -86 -48 30 -27 -10 45 -88 22 -91 61 85 -50 -68 -13 89 -11 42 -93 10 22 94 -94 -52 52 65 87 -39 48 44 -17 -59 12 81 93 50 -68 15 70 66 5 41 7 -35 -80 81 62 -91 71 -87 66 12 -90 
-23 -10 -27 -32 40 37 56 -73 11 92 40 -66 58 83 59 -54 -96 -63 -54 60 -97 -41 -47 27 51 92 -30 18 2 4 12 -44 -34 27 -59 29 -10 11 -27 -71 28 79 83 99 -80 37 -80 36 -4 41 73 -90 25 -73 65 -84 87 -61 -95 30 -99 -93 -24 61 69 -45 -4 -51 -91 -75 6 10 -96 75 -69 15 -2 98 85 -34 -78 98 84 -50 -75 -52 61 -4 -9 -45 34 30 47 -35 100 83 -61 29 -46 11 -68 9 -63 52 59 -16 -48 -42 -78 -82 
-24 -38 -39 -61 82 -86 -44 40 -87 -36 -37 22 78 -75 26 70 -100 -36 99 -74 -40 -5 -33 -81 55 -33 38 39 29 -92 -51 32 -15 49 -38 30 80 96 50 38 -45 -48 -17 29 62 -64 100 55 -72 32 -9 -84 -36 58 -51 66 12 -50 -40 -17 -58 -19 45 -77 72 -80 -80 54 -54 -69 65 55 -69 80 88 73 45 28 36 -87 55 2 -40 -10 62 -40 -98 5 5 -23 46 13 -73 -89 1 37 -81 41 28 -24 -42 77 42 21 -19 -29 -63 90 -15 -86 
37 51 -75 -80 5 -1 40 25 -21 -63 90 -50 63 -57 37 -57 -88 89 -28 -79 20 -63 -9 -37 57 -57 -76 -33 -69 -32 35 18 -54 -37 51 -58 -99 -94 -3 -44 -53 83 66 -10 74 35 87 -44 90 -30 -45 73 49 -98 28 25 29 55 -25 71 11 -63 -76 50 50 68 -2 -44 -39 2 -31 -63 58 -92 58 -75 47 43 16 58 74 99 -22 41 11 4 -49 28 79 -24 -36 73 6 48 -35 -11 38 38 -19 50 -55 25 -29 82 69 81 0 -17 -92 -69 
-82 65 -59 -40 -19 -82 89 -57 -97 7 -11 15 31 -30 -18 -40 52 -3 30 -1 -2 57 29 -2 3 -24 -11 -28 -71 -84 -33 8 88 38 -32 -46 55 88 97 26 -71 53 -25 -16 -69 -89 -34 38 79 -83 -39 -10 15 13 -38 -28 68 17 30 -9 29 -9 80 -82 -7 -29 -29 26 14 -69 58 -36 94 69 -55 -46 18 76 37 3 -43 -90 12 -35 53 29 79 39 -96 84 -16 69 77 10 82 21 -35 -77 -34 1 31 89 21 57 -33 69 74 -28 20 -2 
-19 80 -4 -14 68 -29 63 -21 12 -9 33 76 -45 15 -49 -8 -83 -41 -43 57 1 -39 83 74 -97 -13 3 46 24 23 16 14 -77 62 -18 67 -29 -27 -90 -92 100 -90 66 -83 14 -64 -66 -11 36 -22 71 21 -43 19 -45 -15 39 5 -78 -66 71 -53 -53 -51 19 20 29 34 -57 92 -2 53 49 -100 -25 81 -38 71 28 -91 76 82 -39 40 30 33 -88 -23 -7 -81 -59 89 -19 -93 17 41 -34 -24 67 -26 -98 95 43 -78 -12 -5 -63 -69 19 28 
12 -67 25 75 -4 0 -36 76 69 -14 85 28 14 -90 90 64 40 41 -11 20 8 3 -44 -44 -6 8 -68 15 -78 88 -92 -90 -27 -76 70 66 -46 -14 32 -61 79 -49 76 -94 53 90 -16 -68 -21 -94 -14 -56 -96 79 -11 5 -88 -1 -63 98 -34 -43 -66 82 18 92 -92 88 -27 -35 60 -56 -65 -3 65 36 30 47 89 77 -77 -72 -52 -79 22 -40 -32 -42 -75 12 60 -74 42 -69 45 -90 -88 48 -80 38 87 29 100 -67 74 14 1 41 -52 85 
7 64 -95 -68 95 -53 -85 -62 -48 30 -95 52 -95 33 -99 61 32 69 51 13 -13 -68 -89 -26 -51 27 93 -56 -98 59 43 93 1 -91 71 85 -75 -72 17 -26 -40 34 -74 -38 49 -2 79 -15 85 58 -47 -85 -31 -19 -25 -52 14 4 31 -73 95 82 58 12 46 90 -26 -45 95 -65 -74 -44 53 -91 76 22 -23 -22 -93 0 14 86 48 -9 -55 77 -5 -20 71 99 8 30 1 72 -5 54 -36 84 78 -4 -1 100 -38 -42 -84 -17 16 31 51 74 
49 -27 -13 67 -33 -69 -53 -96 -12 -29 21 -24 -33 -45 6 96 94 29 -66 100 37 -75 -62 77 -84 80 -90 -79 43 -67 -46 83 42 49 83 28 -3 -80 -93 -32 -4 -16 99 -88 97 -18 -30 93 36 -24 -19 61 -18 73 -7 -97 -26 -75 23 -51 -64 85 55 -58 1 -47 53 42 30 84 -39 -72 -18 27 16 69 -67 -76 14 -49 -27 4 -66 40 -18 -70 -88 -80 -74 -85 -18 73 18 9 49 50 99 86 -40 8 67 17 -48 22 95 -54 14 61 59 30 
61 -21 -64 -67 82 99 13 20 -14 89 9 -99 82 -86 -51 0 22 -73 -13 13 23 65 83 23 44 -71 8 14 -100 69 28 49 93 -22 59 -96 79 21 53 -34 -33 -30 78 46 7 98 -18 54 -56 -31 59 -4 28 -51 -11 96 -59 -23 -82 -87 43 -95 -74 -64 -85 53 98 -70 -46 -36 -12 -76 79 59 -90 11 -70 -47 -50 55 -74 25 95 75 -44 89 -98 -55 62 48 -20 36 -4 -37 78 -24 93 42 55 -36 -69 40 87 83 -76 69 3 -83 -44 17 
-76 -8 -36 70 55 -71 29 -12 65 -79 -86 10 38 9 96 -30 -32 44 81 -30 44 69 -66 18 86 1 -22 -77 -73 61 31 53 -10 -25 50 14 -2 9 -92 -54 -22 -7 -12 -87 -48 -4 69 -16 75 33 -14 28 -29 48 63 17 -44 36 87 53 -54 92 6 -82 -98 30 -91 88 53 27 78 -68 -77 -41 -10 9 77 79 -73 39 11 -71 -21 70 4 75 8 -44 -31 50 -59 97 37 -47 -32 98 -38 48 -42 76 14 75 21 21 -41 72 -9 -77 14 54 
70 24 -22 -58 -29 41 -51 89 80 99 39 4 -84 -92 66 49 -85 91 -40 -34 -52 82 -12 -41 36 -54 -1 97 83 17 89 -37 10 -23 77 -68 -100 74 27 37 80 62 -21 85 -69 69 -67 46 -91 -43 54 -6 69 25 23 -47 37 -24 64 24 28 42 -9 -5 86 4 82 -99 39 -38 99 -16 -73 11 80 -34 23 -51 -43 70 -32 75 5 -75 -15 82 73 22 -98 85 -29 76 34 -16 39 -34 66 8 75 80 98 56 44 -86 -53 -26 90 11 91 -14 
84 34 -69 97 -46 3 -4 6 -93 10 -40 -94 45 63 59 58 14 66 6 7 88 70 -94 -75 -56 -95 -55 90 83 44 62 -98 -65 -38 27 -74 52 4 -29 -65 7 -96 61 43 63 -65 -49 -19 7 -53 7 -50 -90 89 99 -84 -95 97 48 -30 71 -22 20 -57 36 -7 -48 -56 81 37 53 46 -5 11 45 -10 -28 81 -33 -44 -51 -85 -51 -24 50 22 -91 -49 -6 70 41 60 5 -46 53 -92 -23 19 4 -59 30 -34 -54 -79 9 -43 -6 25 -98 -30 
-34 -22 -6 22 -50 25 60 -31 -66 31 68 84 6 -49 -80 37 74 -60 52 80 83 21 66 -66 16 31 -33 -46 -67 -38 -20 -96 96 -98 39 -96 48 -73 -78 -41 6 -60 60 20 -28 -59 -80 25 51 29 34 19 -12 93 -51 21 -20 75 7 -64 59 -32 -96 48 97 85 46 -74 -63 -81 99 -1 72 96 -43 27 -99 -45 -96 -38 19 100 -64 -98 88 39 -97 43 -47 -70 34 64 18 -3 21 25 -55 -65 -95 24 55 -85 -74 94 98 93 -6 -22 -52 -44 
37 23 -61 -73 -2 -44 -14 79 30 -53 86 -25 39 -3 -28 83 -48 93 -23 98 -8 -58 -90 -34 -51 -96 66 2 30 -70 -50 70 9 -62 -47 -6 2 -49 -93 -49 -85 98 62 100 -82 92 56 -47 85 34 -65 -19 -29 32 -93 -77 28 29 -93 21 95 -52 89 51 87 0 -23 53 86 -27 33 -9 -52 90 -15 2 -80 -92 65 -98 -48 -74 -97 -76 -8 -63 -81 -67 93 -92 21 -91 13 18 92 60 60 -43 39 -4 -80 -66 49 -22 71 -26 -75 30 -2 -57 
-99 32 34 75 -77 -32 -66 93 -98 4 76 -32 -24 92 -90 41 92 -67 21 -11 64 -14 34 -40 53 84 -11 -92 -50 92 73 79 -10 51 -55 -21 83 53 -56 63 -82 78 -67 34 -37 -61 88 60 92 64 99 74 46 -23 -95 -13 25 32 23 -99 74 72 70 -49 -47 48 45 -44 97 68 65 88 36 96 -47 -24 66 -80 23 -42 73 -78 70 26 67 57 -44 66 -6 -87 -87 -49 91 66 -39 -8 -96 -34 82 -46 -47 -6 14 23 -56 -39 -61 32 82 -71 
-97 61 -37 -3 24 -15 -92 29 54 87 -22 -37 63 -21 67 -34 -81 25 6 8 65 24 -37 84 -95 36 54 -59 97 -43 77 -67 79 89 -92 -39 -36 -75 -93 14 66 -34 19 40 -9 -15 -79 22 -1 -95 47 89 -38 16 12 36 -35 96 -4 76 -67 -93 -26 -100 42 -82 -61 69 -2 -41 -1 93 -62 -64 43 69 76 72 -25 -9 -94 1 -27 65 84 55 69 -36 40 -28 -31 71 -33 95 32 40 40 13 0 -18 24 71 64 65 -46 -92 -92 38 -56 -67 
-23 29 -36 67 -51 68 36 28 -44 56 59 -76 -18 -10 52 22 60 82 2 -67 18 62 10 36 -44 3 80 -3 38 -93 17 -46 96 13 60 -35 -33 66 13 51 -36 -26 -26 48 39 -51 -53 -49 68 14 50 33 92 -98 -46 73 -16 -78 39 1 -18 72 47 85 0 48 28 -18 -60 -80 -87 60 -13 100 16 19 -73 47 69 46 -45 8 37 39 13 -25 5 -66 30 -7 71 2 -34 35 -50 -79 53 14 36 -67 -59 -21 -67 -92 94 -26 -75 36 48 91 
-67 38 89 50 54 1 -42 -33 2 79 -88 -80 -29 -22 -75 -15 -52 61 -66 49 91 61 77 -90 96 -89 -22 -29 43 68 93 -19 -25 -68 11 -32 20 -9 20 -21 -74 -22 -8 14 64 70 -31 42 44 64 36 68 -55 -10 51 75 -1 38 93 73 -69 -2 -84 73 -38 33 90 14 90 65 -50 -87 -18 8 76 32 -95 73 -18 46 -46 -58 87 59 -11 -93 27 88 57 -58 -95 -18 59 -84 11 -1 -70 0 58 27 2 -78 97 81 -28 -22 -48 10 72 -20 
-94 18 -66 55 -62 86 -19 -98 -32 20 -44 5 98 31 59 -79 64 76 77 -19 -19 -28 -65 83 -97 -11 -37 -63 37 -88 31 51 -88 16 62 70 45 -46 -38 90 -75 39 -50 62 83 -27 2 56 80 17 -38 80 -77 99 4 -44 2 54 -97 28 94 20 36 23 -8 14 -100 98 2 79 -80 -67 -86 -13 -71 -69 -33 34 45 -89 32 80 74 -62 -12 -26 22 88 -87 44 62 -43 61 44 -81 61 56 -80 77 38 67 80 27 -91 81 -98 -31 -60 -25 -16 
40 19 72 17 -52 69 -44 42 -50 -15 -51 86 -19 -81 -86 -75 -52 -4 40 -24 47 89 45 70 -20 72 7 -76 61 -97 73 25 78 100 28 19 -47 -11 2 -49 -91 27 -84 -76 55 38 -18 -49 32 95 16 -63 -82 -76 18 -80 -83 -6 -95 -55 -80 -20 7 -2 -14 -47 -97 -93 40 -92 7 -88 32 9 -26 -25 5 8 -13 -28 -59 26 75 90 8 90 -23 28 90 79 -38 -61 -29 56 -61 53 -92 64 23 -88 -67 -27 -52 76 74 -44 42 38 100 7 
-99 73 36 -94 49 48 -39 61 42 -57 -7 -11 51 100 -84 41 -3 -7 -57 39 69 9 -37 60 85 -69 -80 -10 -40 4 -38 -46 -22 -100 -59 45 61 35 -44 66 49 -84 77 -8 65 -9 27 -1 13 -72 15 10 69 89 -23 -75 -29 -16 54 100 13 -77 72 93 36 48 93 -44 -31 49 19 -70 -30 -3 -1 28 -43 -34 -77 -61 -54 -44 49 31 34 38 30 -44 16 -91 -96 20 33 -84 4 66 30 38 81 35 -68 -44 -75 31 -2 48 -89 -55 1 51 
-78 81 29 98 84 -81 77 92 31 28 73 -86 -81 -30 -19 -11 -87 -28 -24 69 -49 -51 -81 28 57 -79 -86 -28 46 -97 -83 32 -76 51 -55 -88 -15 61 -3 12 0 -94 -31 -5 25 -58 -40 58 13 -91 -46 4 -77 81 -5 43 -49 -85 -81 50 69 -52 -96 24 -27 89 -3 -27 48 2 100 83 30 -29 72 98 -59 -97 -1 61 87 96 -81 87 2 -48 48 99 -46 47 -93 -17 -49 -47 -48 -11 97 85 39 -37 -99 -1 -41 70 22 18 -8 22 93 -53 
19 36 3 34 42 81 7 -63 -12 24 66 33 40 55 98 30 6 -72 76 -67 -97 -66 -2 -82 41 17 -88 38 70 77 30 58 -26 40 6 7 6 -56 2 -35 0 56 -63 -31 17 51 -8 62 -100 31 -53 -38 -46 90 55 -18 5 -57 79 80 -41 -69 -56 23 -25 -20 -32 55 -17 88 41 7 -45 73 63 -79 57 -13 -96 -54 -92 -56 77 -18 68 29 -60 67 -34 -74 -7 36 83 72 87 -83 -71 -67 14 40 19 54 56 6 78 82 23 1 -39 6 
68 -29 -38 -51 -33 -90 46 16 53 52 -51 100 -58 -92 -62 -4 -67 -79 23 -70 52 -2 95 33 -78 -14 32 -25 20 -60 -55 -76 54 95 68 17 49 -39 -35 -98 88 -31 -70 68 -95 -47 33 19 -37 19 -83 -17 35 -81 -53 54 -40 -41 -48 -73 20 52 100 -47 33 -93 -32 -98 -9 -31 -53 88 66 -98 95 -3 97 4 60 -36 70 33 88 20 24 17 -30 -39 -88 -87 -4 17 -66 83 19 -84 -26 -50 -16 -68 96 69 -84 26 90 36 15 -22 -93 -28 
-44 -83 -9 -17 -84 -33 31 29 15 15 12 -63 46 45 54 54 20 45 83 16 54 86 25 -37 -13 14 -97 52 4 50 -27 76 58 64 26 33 44 -13 71 8 -66 -74 -27 42 26 19 25 -1 -90 -34 80 -45 61 -1 98 50 80 94 45 -67 -66 4 -13 97 -27 90 -86 62 17 -38 29 88 -33 18 27 -97 -26 40 -13 -16 -92 21 -90 -37 -55 -72 -70 80 20 -34 46 -40 -19 53 91 20 -33 -82 56 -23 -59 89 53 47 -35 -30 22 65 77 -51 
41 81 -40 -75 7 76 -80 38 90 83 68 33 -82 14 -7 27 51 41 11 5 41 -53 89 14 -49 -58 -30 -11 -75 -45 4 -16 -26 -87 -90 -90 -30 95 -41 39 35 -35 20 96 47 -27 69 -72 72 -83 -15 24 -76 -76 99 32 67 41 23 -85 -58 60 15 41 36 -85 -82 -98 9 71 92 -51 88 -19 12 -76 65 66 -79 70 53 32 55 61 -44 -56 98 76 -36 -78 79 50 -23 74 64 -59 -95 8 -28 -10 4 -85 -82 71 -68 80 -72 -44 37 72 
4 -27 9 97 -52 -55 5 -42 -47 -84 -22 -69 -51 -27 -35 43 17 -31 -93 -10 -90 -73 -33 -27 -4 -25 -13 -91 9 87 -25 -32 -92 98 -45 -75 52 88 97 -50 45 -44 91 2 7 29 -46 88 80 -100 82 -52 82 -32 -14 73 -25 -98 -32 19 -24 -48 58 -64 40 -22 -2 -55 17 14 -16 -20 29 -65 -91 22 18 -44 -51 -69 -18 -47 -57 24 -35 -8 61 -67 -88 -14 -33 54 -93 -32 -17 -41 -95 45 88 -72 -23 -99 38 -91 -89 28 30 -70 -77 -67 
57 -59 -83 -17 -55 10 -69 -86 73 7 98 -28 -77 -4 -37 86 -13 73 80 -96 85 53 77 -49 76 12 66 100 -56 -93 -87 67 44 82 -47 54 -66 97 -94 -64 -49 -78 40 -24 60 -39 76 64 -23 21 40 -52 78 43 -35 82 -56 13 67 -44 -8 28 96 -58 -55 -68 -16 48 -35 -98 -13 -32 -33 15 -77 82 15 32 -56 -31 43 -99 -80 26 -76 97 99 92 -93 12 59 -91 -54 28 -96 31 92 -80 -42 50 -2 -99 -98 -90 -72 6 30 21 34 -7 
-77 77 33 -26 -6 45 89 69 5 53 -20 79 -6 80 -51 81 7 99 -21 -39 99 23 54 82 25 46 1 73 20 -93 -90 64 -11 -43 45 -94 -37 82 1 -40 14 76 -36 -1 61 -45 -66 25 -56 13 12 -91 100 -37 -36 -93 83 -7 -25 18 -66 45 38 -18 35 -90 -46 85 -9 -23 -29 63 -6 89 -13 -72 73 11 -59 -37 -18 75 -65 88 68 38 -27 -41 -80 -79 -29 75 60 34 56 69 -3 -13 -66 4 -18 89 13 -52 3 -44 91 -51 1 -36 
76 -88 -72 77 -60 -96 -73 -94 77 -72 -87 23 31 -38 -43 10 59 -36 -82 60 -72 -16 -99 -28 -69 -29 -95 62 -81 89 -76 -52 -48 66 -25 47 -33 10 34 -24 -26 38 -82 9 -4 -68 10 -67 6 -62 -24 77 12 63 6 -24 -33 -31 93 64 -38 -59 -39 73 41 -86 -42 18 -27 89 -48 -12 52 66 93 -55 -69 61 -73 -46 -14 -86 15 20 96 53 53 -32 -97 17 -28 26 43 -1 76 99 -8 -69 73 -20 96 -57 28 -11 84 3 -6 71 -72 34 
30 78 84 28 83 -58 -66 97 -32 70 36 -17 -33 31 -35 -71 68 -45 -33 -90 80 -91 38 -87 88 81 -44 54 47 -36 4 27 -22 -43 -98 94 -26 11 21 -86 -43 70 94 -51 -23 48 -49 -20 -20 13 45 67 -96 30 49 76 33 16 64 27 93 -24 33 -75 87 44 39 9 -20 -74 -72 -86 -39 -100 -17 62 -3 -57 -59 -36 95 13 89 47 77 55 -82 51 49 -96 37 20 -100 -81 -75 -55 90 3 70 66 90 -95 45 -8 5 49 80 -37 9 52 
88 -25 98 -14 -69 -50 -29 -99 75 22 -31 78 78 -13 -27 -74 -70 -60 29 95 25 -57 -49 -66 10 -66 -94 66 -58 -46 21 -67 46 -63 -73 36 28 58 77 54 93 65 59 -34 30 -89 2 -39 -55 -38 100 -33 90 22 41 82 84 -72 -39 -28 25 75 84 87 -19 37 -3 -86 -72 69 81 -23 -95 100 36 24 -82 98 -30 98 47 -46 -27 -33 -14 63 -21 -8 75 10 42 60 15 76 50 -45 -91 -67 -4 61 2 51 21 -60 -68 -12 77 -78 -38 80 
12 -99 73 48 -81 12 -75 -32 -39 79 -3 73 -69 35 -91 57 20 92 51 97 -84 -25 -46 -100 -47 -53 -53 65 -90 95 6 47 61 -64 -18 96 -93 -75 -93 -91 -61 55 -59 -81 63 65 80 97 75 -93 76 -58 62 61 -18 5 -4 -34 72 12 -16 42 83 81 -41 65 66 -43 -86 -58 78 -74 58 15 68 -31 -59 -94 66 -55 -62 -65 -37 27 29 -44 19 -76 81 18 67 60 -74 -5 -12 -90 54 -74 83 70 52 22 31 0 -47 -9 -85 13 82 -50 
61 59 43 -73 44 -58 -80 -72 28 -74 82 -35 30 44 -69 91 -6 35 -47 12 -3 69 2 30 84 47 96 -23 42 -82 -29 39 -69 3 -38 -37 -38 31 83 -92 -70 -16 56 15 56 -26 -8 -12 12 -89 79 -37 91 -53 -18 78 -70 -12 4 -84 -37 -16 0 96 -35 -9 -54 96 -28 -63 -78 -13 80 -22 -94 -36 -50 -78 -52 24 -44 53 14 71 -75 -30 4 -11 -77 -16 -53 -38 87 -53 -37 92 67 -55 37 -94 52 88 48 -95 71 -84 9 63 50 -35 
41 88 2 -45 55 -56 -13 64 22 -84 96 -1 -32 100 44 38 39 -37 -25 -57 70 -49 -1 -42 46 -46 55 -43 -86 -32 -46 48 -78 -6 94 71 60 -69 24 20 20 82 -62 -18 1 39 -93 38 -19 66 79 81 -37 7 48 -90 24 -33 -22 94 -92 -31 -91 -1 82 -24 -47 70 1 65 65 28 39 73 -13 -26 54 76 63 85 -63 39 -43 31 -100 -31 21 80 42 -77 75 -3 2 51 -97 23 -73 18 -26 -54 11 51 -14 63 1 -34 -39 31 37 67 
-79 28 89 -3 63 13 -12 48 -59 -30 -38 46 -55 74 -23 -23 -86 93 71 -76 -65 -89 -21 -13 55 54 -40 50 50 -73 59 26 -72 90 7 37 86 -1 -42 7 40 51 -65 57 33 -25 -39 63 -76 -92 -70 -41 -12 -23 -46 -23 -75 -38 6 -77 15 23 -38 -19 -91 -85 -60 -31 4 53 9 -42 -79 -76 -48 -24 31 22 -36 71 -75 28 -13 -14 14 -67 -66 65 62 41 -54 0 -65 12 34 63 26 37 8 16 22 -65 77 -99 70 30 -10 86 -56 36 
-14 44 -48 40 -2 -78 58 -83 -29 27 55 -7 95 -13 -34 32 -97 -61 -90 77 -19 85 -9 -50 96 67 -35 -78 -83 81 80 -16 -62 57 1 24 -74 -57 29 65 8 -73 -77 -73 78 -37 -8 7 -88 -61 6 5 74 6 15 -41 -45 -7 -1 -8 -59 -16 94 -25 -58 -38 -74 53 71 -94 89 -32 -71 -19 15 -52 -45 -10 -56 51 -26 26 96 -48 11 49 -4 79 71 27 35 56 74 52 11 -20 -15 -2 -21 23 -92 -82 37 4 5 -65 -76 -49 -92 -33 
15 6 5 56 80 -42 -36 100 7 12 -29 48 78 90 82 -6 6 90 -48 -52 -40 83 99 76 51 -25 -17 -54 77 54 -15 22 27 91 -55 -69 44 40 -87 -83 -89 -59 -2 -95 92 -16 5 81 10 58 21 11 -23 -12 -10 -99 -34 22 83 42 -28 76 -25 -56 -91 -71 100 -4 -20 42 -79 5 -46 72 -44 -98 -40 -65 67 -33 73 81 34 9 13 -39 43 -6 61 91 -12 -33 -55 -94 -18 -100 -70 -4 26 27 88 -98 43 -44 -98 -18 -6 -25 -31 -31 
95 -42 -3 -93 22 80 -56 15 0 -63 -15 -69 90 19 89 -75 27 3 -81 -62 32 -41 38 4 39 -37 61 71 -73 -82 -41 -60 -68 26 -8 36 67 -62 -71 -62 33 -88 -15 48 80 65 -66 10 52 51 68 -34 21 -34 14 39 78 60 -25 65 42 75 13 -80 -78 -13 -10 43 -91 80 86 51 -73 75 34 -81 -66 -5 -38 37 5 75 -92 70 9 -83 -36 65 -5 21 25 -74 92 -54 -35 -86 -81 73 77 55 -49 -99 -6 -91 -6 30 -3 94 65 25 
51 -65 -74 -94 20 -1 81 -7 82 65 85 -8 -52 63 26 -64 -20 4 -73 -97 -3 -60 1 65 93 -13 78 -21 -36 -66 -53 -42 -35 21 -96 -94 17 -21 10 -72 100 -41 0 80 -50 41 58 -92 -23 35 -81 -78 -85 52 53 28 42 -43 -69 -89 6 -6 -29 -38 -61 -12 99 -38 15 36 -68 -89 -46 10 43 27 -51 -43 71 -81 0 15 79 -86 -91 91 27 -84 38 -100 42 9 -1 -54 21 14 -67 35 76 -66 -26 -51 80 -87 -75 -64 -47 -9 59 -44 
-42 34 98 -78 74 98 -94 -36 85 -83 -13 7 27 -84 87 88 67 87 -56 -62 -39 96 -25 -73 -41 -29 -11 -28 -62 -89 -42 59 -49 3 100 -89 -44 -54 -85 71 -48 56 86 68 75 53 46 -91 -48 70 -2 22 -43 -48 -79 -96 -48 99 90 -76 62 -73 -15 -19 38 -79 -61 33 -10 -69 -55 25 -76 -47 10 -6 -95 -52 88 -32 -68 83 -20 17 19 5 22 -92 4 -41 -9 -11 11 -13 83 -74 -93 -96 91 9 -46 -48 -82 15 71 -86 -91 88 36 76 
-72 -2 -95 64 -99 63 -91 -96 -48 50 -19 -38 -14 6 -73 -43 -88 -87 -99 -3 90 -92 24 31 28 98 78 92 -40 -62 -96 -47 -16 13 5 -43 14 16 -48 -56 95 36 -26 -34 84 24 -80 23 25 65 27 95 -29 -9 35 43 -74 -86 47 29 24 -84 100 39 -68 -54 79 -27 51 83 18 89 61 57 -78 -42 -92 -92 -11 88 38 47 -21 -1 -5 44 -34 65 -29 71 -35 -5 -32 -56 10 98 58 -64 30 -3 66 65 4 42 -15 40 -30 99 -17 5 
25 -36 79 19 -65 -63 36 -16 6 -86 -4 -88 92 -70 34 -34 66 18 6 -50 -57 -77 54 -69 53 65 59 79 -100 35 -39 51 -19 -83 89 74 -3 -84 -44 -86 97 48 -62 24 -86 44 24 -2 -93 -59 30 50 75 -64 -35 -47 -83 64 -21 85 -37 -79 97 -14 -84 92 29 44 57 -64 53 35 -50 -98 95 -74 77 66 -63 -85 -4 95 83 -7 83 -85 -46 14 98 89 47 -38 65 80 26 -36 -95 100 10 54 68 -6 -70 64 -98 0 80 93 -84 -96 
18 88 -5 36 -87 37 9 40 73 -21 97 51 67 48 3 47 72 67 -73 -10 -84 -71 -70 95 -1 -89 28 -59 -30 -79 30 -36 -100 33 2 -96 -43 -33 61 -86 40 48 34 -3 57 -67 -76 21 -92 -89 16 -75 58 55 -64 -51 52 62 54 63 90 -90 49 6 34 32 100 -70 22 36 42 -53 -33 -94 27 10 58 52 -31 -4 -36 -29 92 -61 -86 91 86 -62 -90 -38 31 87 -61 7 36 28 -14 -40 -100 -49 -20 -79 -16 -51 54 -29 43 -42 -2 -59 
88 92 -75 -20 -93 -91 -43 -60 -3 1 -39 65 -3 -72 -30 -50 -45 37 -75 72 -80 -61 47 -55 -74 -18 -12 29 -98 -76 -84 -27 50 -28 -79 100 -80 4 69 20 -4 100 97 -17 -42 53 -14 88 -3 83 50 -88 -16 -69 65 -85 -9 -22 -27 16 68 89 -24 -36 18 58 24 32 81 95 77 83 -90 58 3 -5 6 34 -41 -13 -60 -4 -70 77 74 -25 -63 -22 -78 -85 -100 -100 72 -24 54 47 74 -62 70 81 -4 -2 0 -2 24 -32 -39 -41 -100 -89 
-35 26 -39 -17 -50 41 -52 -29 53 88 -1 -90 52 -54 39 -22 60 27 -1 9 49 17 62 -29 -43 32 -3 -72 30 -68 -2 61 75 20 -71 17 68 -44 7 39 -91 90 -73 57 58 85 -55 24 86 -3 -89 -80 -30 -58 -81 4 22 -72 97 -52 -55 -98 -64 50 81 79 8 47 -84 1 33 -25 44 82 58 -52 -79 63 15 -70 81 -13 -37 7 84 0 -71 -50 61 0 -65 82 -83 66 65 -40 18 -93 -16 45 -66 -53 69 -68 99 -85 -35 41 -52 -94 
64 -98 -46 -27 -17 63 89 -5 -75 59 10 19 -18 31 22 20 -60 49 -80 -20 -96 81 -70 92 -19 94 -8 97 25 89 56 -94 -24 -88 -28 24 36 57 -5 50 71 -46 29 6 22 -21 51 -42 -40 -25 -15 12 40 -22 23 98 -1 -80 -62 67 88 -62 -71 19 78 80 6 -99 -70 -53 -80 27 12 -50 -1 -63 87 -16 61 27 -91 -36 -49 0 -37 40 -25 -98 -98 92 -92 83 1 -68 53 -61 -8 -29 42 51 -63 -22 94 37 -72 -25 52 36 -55 16 
-34 -74 -96 87 52 -86 -54 25 46 28 25 -84 96 40 91 76 -55 90 -5 -27 -62 -53 -94 30 37 -90 76 27 -16 79 -94 -5 52 86 -6 79 30 -42 73 32 89 -28 7 -60 28 69 -78 63 -80 81 98 9 -9 -22 100 -1 -39 54 -71 -64 5 58 -73 24 57 27 -98 -31 -87 32 -75 26 -28 -8 23 25 -29 98 40 66 -54 38 85 91 -46 38 18 86 -63 23 -33 17 -71 -63 -53 31 -6 -99 95 61 75 -45 84 -6 88 -33 -6 17 43 -67 
-79 -66 84 3 -23 20 7 0 -54 7 31 -16 -88 70 42 65 -32 -61 91 -85 18 6 84 4 -6 77 -15 -90 91 -53 8 0 -86 3 -28 -5 98 17 -14 -94 92 -32 -85 -71 54 -31 -45 97 -93 65 97 -70 -25 -61 -98 -42 -41 82 -53 60 9 -35 93 -47 -53 71 -3 -50 -84 48 10 86 87 -37 -9 -4 -21 11 3 61 -41 -69 42 -45 -32 -84 70 -6 43 -73 40 62 37 2 20 53 -44 -28 50 -29 47 30 73 87 42 -71 42 -23 -56 93 
68 86 68 -40 88 -47 31 -61 -23 61 92 14 -2 84 -42 -78 -78 -94 -100 83 73 -44 17 44 -29 -62 -88 32 -8 -8 47 98 -11 -25 60 91 -64 100 76 -46 92 -8 32 33 -8 33 -72 -96 -26 -77 -63 13 -50 -14 51 -87 -43 78 -42 -96 -97 52 -17 20 18 -60 98 -36 -9 -46 -23 -19 63 -54 -26 -10 81 -62 -54 -43 48 -60 -18 38 24 -62 -82 47 -70 -40 -77 -31 -29 -78 21 38 92 -69 31 90 -93 -20 -18 60 -20 -58 100 26 -61 93 
0 63 -58 -91 36 -91 15 -36 -7 -5 93 -78 5 -42 -92 -52 98 -71 -37 79 26 25 -37 26 -57 38 7 15 95 57 -77 -34 -42 -34 -65 52 -55 57 14 -60 -63 -79 -5 92 100 73 -13 -38 -20 38 43 -20 38 93 61 10 -69 -28 78 24 -20 46 18 -83 80 -20 -90 -72 26 78 35 36 38 -61 -41 92 29 40 5 57 -87 -22 -54 46 69 -93 95 70 82 -35 15 77 -69 -46 65 -14 22 90 49 -73 73 56 77 100 19 -91 -20 96 -53 53 
70 100 -32 43 16 -55 -90 89 59 100 57 19 56 53 89 29 -79 -69 73 27 -45 -85 83 -74 -48 -37 -88 58 -49 33 -68 -89 58 -49 -16 100 -16 -90 25 84 19 72 -56 -19 55 4 -31 7 7 93 -27 -12 100 -46 10 -85 -64 19 99 -5 -21 -76 -100 -97 32 85 6 40 59 34 16 81 66 85 84 99 43 40 13 -84 24 13 -36 -77 32 86 44 27 65 63 -47 -76 -85 -10 -89 -76 -6 -99 26 -87 18 32 -70 78 -58 -11 -38 18 13 100 
77 40 19 -33 -67 25 19 82 -41 55 -41 -43 -25 81 -16 31 -10 45 91 -51 -41 72 14 -99 -50 -59 -50 -88 50 92 15 -90 -79 -28 -82 63 -25 29 16 -44 -9 -7 53 -43 -91 15 15 75 50 -31 5 93 -76 95 -17 -13 25 -74 27 92 -3 -68 -80 -78 42 -99 -43 47 6 -80 -14 -46 40 -81 -55 -78 3 -76 -21 -46 21 80 -98 77 72 -30 24 -57 34 79 -45 3 29 -76 53 -58 86 -84 -78 -20 -58 52 23 -14 -63 79 56 24 -37 100 
39 -100 -67 34 12 -47 -5 -37 81 60 88 4 -59 21 -53 80 85 -69 -76 52 -50 17 -19 63 70 4 8 -66 53 93 89 -7 87 13 63 99 13 -57 11 90 88 -17 -27 -85 29 5 -24 -99 -98 11 59 -40 37 -43 99 -33 30 70 -70 30 -71 -33 61 -53 97 43 -80 -26 1 -42 -40 -24 -79 94 74 -98 -25 -33 72 48 38 35 21 -91 -56 -97 -2 -66 -13 -95 -7 -88 -31 32 -95 -20 -19 63 9 17 69 71 -22 18 -74 -65 -61 -73 19 -20 
-26 97 -90 55 -28 -81 -74 83 24 46 10 -99 -34 62 45 -50 -40 -99 0 -8 26 -1 60 -70 92 89 -24 -48 28 87 11 50 -77 9 -52 -37 39 66 -44 36 80 -5 -82 -6 -6 -13 -93 -65 -82 -76 -82 -38 -15 10 -63 -13 -73 35 24 24 -100 -46 -70 -10 60 55 61 87 94 30 -94 59 -92 -46 84 53 20 -18 17 -17 80 10 -72 -65 74 -38 -17 -90 9 -23 39 4 93 46 15 61 -52 -24 42 91 84 8 48 20 76 -60 -12 -55 -16 95 
55 73 20 56 -32 11 -63 -83 98 56 49 -55 70 67 26 59 -62 1 -10 -85 28 90 -56 25 45 78 74 -98 78 52 35 95 -65 36 -77 -29 47 92 -97 -72 -7 -58 95 22 -93 -46 -100 -25 84 31 95 -18 36 29 14 54 59 -27 14 4 60 -85 36 -73 -9 3 34 94 -30 -65 69 5 84 -37 13 69 17 -79 -60 -91 -25 -1 -4 -13 -2 60 -15 35 24 20 -93 72 3 87 23 -52 -87 3 -87 42 32 -37 43 37 -86 -84 -27 -95 -29 -50 
57 -47 8 -5 84 -90 90 85 54 -44 -50 24 20 -7 38 -98 6 -52 65 50 26 13 -57 -46 94 -6 47 -33 80 39 -98 -57 10 72 22 -36 24 -9 -7 63 58 36 71 2 -84 -12 -60 66 32 12 96 -67 -74 59 27 100 -53 -12 -80 -23 -54 -29 62 47 -98 45 -54 -21 95 97 -40 -31 65 9 -38 -29 96 -33 -63 -43 -72 15 34 -12 -73 17 12 91 54 54 82 67 21 -75 -16 54 17 -89 -86 -83 -41 17 13 -87 43 -79 46 -54 88 71 
-65 -58 21 -95 29 -25 -40 -84 -13 19 43 94 35 44 -51 46 22 -69 -72 -91 65 -54 -89 -62 81 29 -62 -25 -17 -95 14 -7 65 -33 -26 -82 -31 -60 -23 33 -3 7 -99 -1 58 22 -51 9 -68 29 -83 -89 11 66 -49 -61 -59 4 32 33 88 11 55 -13 14 -2 -46 -60 100 -68 -57 -29 8 2 -60 78 -2 -8 -38 22 28 14 -92 22 -65 6 86 -81 -61 90 -1 -28 35 50 -29 -95 -38 -52 -27 86 -31 -54 17 -94 63 50 -64 -41 72 -3 
-32 -80 -10 90 52 52 74 76 58 48 10 55 56 1 38 -70 94 -79 58 -3 49 -67 27 -68 -27 91 52 -64 7 -46 -49 0 -14 8 34 -20 41 -37 49 84 -47 96 30 58 -91 -78 -81 2 -43 35 57 50 -2 -63 42 29 -91 -30 -19 -46 -37 -100 55 60 -73 -4 -54 -37 67 -4 -87 94 -60 89 -73 -27 35 -97 57 -30 14 -43 87 42 -5 -27 -75 57 -44 79 46 86 50 -45 -78 -97 -64 34 -80 -95 56 -40 -62 58 -26 94 -38 84 -42 -39 
19 -1 32 39 -66 73 63 23 -64 -61 -41 -29 60 16 -44 -28 -3 -55 -58 -7 -85 -97 4 4 -53 -10 93 71 -29 26 79 -18 70 -5 26 68 10 -51 -20 100 -76 -15 -83 57 -14 9 -33 -67 -63 17 -61 -21 60 30 32 5 17 56 77 -82 34 -53 87 17 -27 89 73 -90 -30 50 25 50 58 -50 1 -95 -75 18 89 6 36 -17 -69 -33 35 -77 99 -10 -39 62 -45 -71 94 -26 15 20 14 -55 9 78 87 91 78 51 -49 2 -84 -40 -93 53 
7 64 79 70 -98 51 -55 -1 78 70 80 -90 -34 -16 64 -59 99 -6 12 -85 21 -16 15 35 -87 89 21 -28 -98 -76 81 83 76 -22 0 -65 6 -36 76 -59 -57 -44 97 -2 67 12 -69 22 63 -59 57 80 2 -74 -99 85 -45 -77 -68 61 -20 96 -83 51 39 72 -25 45 33 -69 80 -81 24 96 -37 -16 1 -58 93 80 18 -28 94 69 11 62 7 65 -39 -11 -13 -75 -76 -57 -39 -30 77 -57 -78 96 35 -79 59 -60 60 83 94 4 13 65 
41 71 85 -39 18 84 50 -47 53 -91 -67 37 -2 72 -2 62 39 84 -58 61 -66 -10 88 -58 -25 -83 -19 -10 23 1 23 -15 40 -38 -80 19 22 -7 -61 56 39 -80 50 -50 100 30 -1 -24 65 53 -85 68 65 9 59 87 44 85 -61 82 95 -52 -7 90 -61 1 -62 56 10 81 -36 39 -5 -18 69 66 -45 39 26 -21 66 -91 -99 62 -97 -62 -86 64 -78 -31 -42 -63 19 -4 58 -46 -20 -96 17 14 -42 13 64 82 -15 -41 18 10 -61 -97 
11 -35 89 -55 2 36 -99 41 77 -59 72 10 -12 -86 14 -42 -52 12 -49 98 -99 -58 -59 -36 -2 -87 -43 -60 90 39 -76 -81 -42 42 -15 0 -82 -9 84 -14 -76 16 -35 41 -63 -29 15 -79 -78 66 24 -76 -94 -64 -41 -36 -96 76 -4 61 -16 50 -61 -79 -92 42 81 49 85 64 -83 -80 -59 95 22 -88 -56 71 -31 42 1 60 36 53 -51 -77 28 90 32 24 65 -61 -99 44 -67 -8 -43 68 -91 88 -16 72 -90 -56 -87 60 39 -64 78 57 
94 -80 99 -55 -84 -47 -9 13 -81 -5 -35 -35 5 -73 -70 6 11 98 -46 -17 0 58 -56 78 -80 -10 -84 89 -12 11 -56 -95 -76 -40 -39 57 55 -76 -47 -9 20 29 24 -34 25 21 -51 44 -74 -14 -54 77 -34 -68 13 -34 -5 93 5 58 25 -82 -91 45 -22 -93 -86 -73 -100 -57 -51 -70 81 -20 -40 12 -6 2 51 -59 89 -36 60 -58 -3 30 -34 -50 67 20 97 59 -93 16 -29 2 -51 -80 93 -77 -79 8 36 -4 42 34 -32 80 -23 -72 
-2 -85 88 -73 70 -84 -41 -54 45 25 82 48 100 -10 -33 -69 -39 -25 24 21 97 -37 85 5 78 61 -50 -14 6 -91 24 -98 -97 42 29 27 -83 88 -3 -86 -29 60 39 84 43 15 -43 -36 -7 -21 -69 -22 86 1 0 -77 -9 25 45 73 20 -100 -98 -51 -78 -62 -23 -10 -92 13 39 -70 51 -60 7 -1 -58 45 93 -60 35 -95 -40 25 -22 -50 -68 -10 39 95 -63 -38 31 94 30 -89 -61 -91 77 -26 -45 53 -96 53 0 97 52 48 76 -17 
-36 -37 83 -75 12 54 4 -76 -25 57 66 50 -34 13 -19 83 -99 -39 58 4 21 -79 -38 -77 -22 -74 -93 -76 42 -99 -58 -91 57 -66 -47 -9 15 89 -35 -89 54 51 26 43 42 39 -14 -81 74 30 -17 -20 -55 3 45 -48 -36 -22 24 49 -37 20 -17 7 -22 52 -13 89 -20 6 -64 -82 -22 -21 -44 -74 61 -15 -100 -69 -21 45 -34 -14 -74 16 46 63 73 79 35 -14 -80 85 74 -14 -54 -59 -38 36 -74 63 32 49 -26 -48 41 -99 -83 83 
-18 -51 -38 47 29 48 -46 -44 -69 8 36 90 10 36 -11 -82 -7 12 -52 -35 -32 -69 -74 -21 12 -49 28 59 17 67 -14 -9 83 -58 91 -44 -88 72 -47 -38 -57 -18 97 62 -60 -19 55 -79 -85 61 -61 55 50 -98 -61 -18 7 1 48 -46 -71 20 -59 28 -74 55 -71 21 100 -45 35 -78 18 -15 36 -69 99 14 51 43 8 89 -74 77 51 46 12 -52 28 2 -12 -95 24 -82 -93 39 65 61 -43 66 8 -94 -55 1 26 -87 20 64 -16 20 
45 -39 24 35 -14 73 -21 82 4 69 -59 20 -1 51 84 -9 -56 4 -21 22 80 70 -83 89 44 95 17 -50 35 38 -55 40 -87 65 -57 -73 20 86 32 -66 -51 -8 41 -10 -71 -90 -88 -93 -42 -67 100 51 40 53 9 52 -72 -62 87 -17 -9 -60 -57 -62 64 -25 -45 -24 -4 1 -21 34 82 60 -76 54 -85 71 -43 -49 57 -9 -27 -66 88 -74 40 0 91 -99 12 79 71 -9 -23 -100 53 -70 93 -75 18 -70 61 98 -3 64 71 18 -39 10 
23 -6 -31 -73 55 73 -26 70 35 1 -81 82 -15 25 -17 80 -40 -68 -5 62 8 29 -7 14 -50 29 -70 89 74 -52 63 51 39 -12 69 -27 -59 -92 22 59 -44 -26 81 -12 35 35 -74 39 58 98 -75 22 -53 -49 -81 -43 -80 44 -82 -65 -81 27 72 57 3 -59 56 -6 77 -67 -31 -82 45 69 100 27 -3 68 49 -28 -73 1 41 18 71 -19 28 -62 85 15 32 -22 79 -97 2 57 41 21 97 17 9 39 -75 45 92 25 16 -31 -46 61 
-84 -76 -86 58 57 36 75 -27 -16 4 -69 -50 -8 51 -59 10 30 56 82 -8 -81 -97 11 86 20 -19 -75 28 -55 73 41 -71 39 -98 -95 61 37 -76 92 -98 57 35 45 33 99 -93 -40 54 -21 -71 52 31 17 55 -49 69 -98 -28 -67 39 11 -60 -30 -73 39 37 85 39 -62 -79 18 -1 -63 -4 61 -5 51 -14 92 96 -94 -93 48 19 -89 -88 -11 -47 82 23 -2 -29 -71 81 -94 -24 -12 0 46 -90 -18 86 51 -8 29 58 59 57 -69 -25 
96 -3 20 86 2 -84 -36 -16 58 -92 -71 -64 14 -57 -28 53 83 50 87 -90 -84 -34 -64 78 -45 31 -58 -45 47 -53 -77 -65 78 42 48 -25 49 -28 -40 72 79 7 -42 -48 -21 29 77 -87 49 -12 -95 98 -77 18 -70 40 -99 -18 94 -37 -26 40 49 89 -51 -53 40 -14 -68 -100 34 -76 -86 26 72 15 -94 -70 86 -100 -34 60 -77 -52 -15 15 -30 -25 -84 81 -18 -84 -62 22 -62 -55 -77 -66 69 -52 48 53 62 42 -4 -89 -55 96 -38 -48 
-64 22 -6 50 -18 -37 86 69 97 81 -80 69 6 -11 -24 76 71 -92 76 -56 -33 -38 40 6 -43 97 -55 97 13 -59 -17 -54 -77 21 5 -99 -76 -47 -25 66 -58 25 -33 44 59 69 -58 46 -56 18 99 10 -92 -64 87 -59 -23 73 -77 31 48 -70 -96 8 -32 5 -92 -13 13 -66 -89 -81 25 -66 -76 -63 16 46 21 19 -82 -41 -81 78 79 -41 78 94 81 55 16 -35 97 52 -65 92 57 -98 94 27 -76 -29 -82 -30 -8 20 -43 -1 -49 -7 
-16 88 40 78 9 -67 -56 -92 80 91 -51 -55 -98 -3 -48 -10 31 -18 -14 77 33 -16 -25 68 88 -27 -38 61 -52 68 47 -87 -76 74 -70 100 -51 -28 99 -12 -37 -90 11 83 -96 72 -65 39 62 83 -67 18 -98 65 -71 49 52 -23 52 -63 76 2 -20 25 -13 -5 19 1 1 -12 20 58 47 -18 -73 26 28 -7 63 -81 98 -95 72 98 22 45 26 54 -57 -42 57 9 78 37 5 -37 75 37 33 -46 -68 -12 2 92 61 53 -74 -93 28 39 
25 -80 -88 -18 -29 2 -100 -57 98 -47 31 24 -77 -100 71 57 -98 -76 54 -94 28 -48 -71 86 -11 -78 -71 95 9 85 13 42 0 -100 -78 -21 -59 -33 5 -19 57 92 43 -18 -40 34 -43 -6 41 27 40 11 82 17 87 27 -55 22 68 -14 -57 72 -65 -81 -75 66 -5 -68 -43 -93 -58 82 -79 -51 60 85 61 57 87 -58 -4 59 71 10 -72 -10 -72 30 20 69 55 31 37 -81 -92 20 12 93 -76 -24 83 -68 3 -93 13 -23 -48 31 -56 83 
-97 -55 28 -56 62 30 55 2 -8 -37 48 -13 -86 -61 49 19 66 15 6 45 -51 9 -83 -35 22 92 34 52 -15 -8 22 15 -45 53 76 -50 -37 76 35 79 -90 -55 6 -8 -28 -86 -82 6 -7 19 -100 -25 24 -59 -48 -49 -42 98 -22 -46 -89 -51 81 -62 81 -100 52 8 -13 -13 26 -80 -44 73 89 98 28 -54 -1 42 -90 -57 -53 -24 82 -67 -59 -42 -18 -12 17 -26 -4 8 -72 -55 -92 53 60 -21 -70 48 56 71 17 -28 0 -25 -55 97 
48 45 -81 82 -42 64 -40 16 -67 78 33 -44 15 76 67 -33 -69 27 90 -21 -39 32 81 -11 -73 13 55 35 -34 86 -91 12 -27 -7 50 82 64 52 -92 100 23 -40 -60 22 29 -48 96 68 88 48 41 38 8 -38 -80 47 -1 96 33 20 6 8 -92 19 45 -68 77 -56 -88 -71 -84 18 57 -45 -90 100 26 -69 20 -1 7 -12 20 -61 -65 78 -7 -87 -55 46 -73 -57 76 -65 73 -11 -3 -44 -14 14 76 -90 17 61 -86 -66 -72 -35 -6 -25 
26 -70 -21 23 -96 -80 -37 28 38 -13 -59 60 66 35 26 75 41 -2 10 89 62 43 92 -59 -37 38 -12 71 70 -96 19 82 -62 -98 33 -43 -35 4 -42 -57 36 30 -82 -29 86 -21 -16 -82 -8 56 74 87 60 -55 -87 -66 35 -69 92 -54 40 62 -49 -72 12 95 2 14 93 -88 -90 70 5 -94 58 -36 36 29 86 -47 -56 17 -65 50 69 -19 -51 59 -42 92 21 -78 -38 -88 -8 65 -21 -51 -77 62 -49 16 11 17 81 90 -55 -3 86 47 
-10 -44 71 25 -23 -98 57 25 -38 54 66 -49 85 87 96 94 -33 52 14 -75 -62 -94 5 -14 -49 -52 83 54 18 -67 32 -27 55 72 -61 83 81 72 -12 14 -52 100 14 47 40 4 7 -98 -25 -98 -74 8 31 -76 20 -10 -28 88 14 71 -82 74 65 -27 25 76 -38 51 14 -49 -6 -64 86 64 38 -92 61 -91 17 57 64 9 -4 -4 -27 94 -31 83 84 15 60 50 93 -98 27 53 95 79 -26 -11 14 -1 -39 -10 -40 7 -78 100 -11 -55 
50 -78 -61 -70 -18 -7 98 37 36 -10 83 28 -98 87 51 36 36 -84 29 98 -37 55 -9 80 -88 93 7 56 56 -71 35 35 -87 1 54 66 56 -65 -16 51 15 45 -2 -5 1 -54 67 -77 -49 82 7 35 42 5 -35 -10 -86 57 81 -9 -54 70 7 -83 29 36 67 -16 33 18 72 45 -100 -90 -26 28 27 11 -15 -85 -2 41 -17 -80 11 9 97 71 -72 -44 -5 -94 -73 33 84 -95 36 30 95 -10 -37 100 36 26 83 58 -11 -66 62 10 
-74 -23 40 84 5 6 -35 -91 83 12 -65 -21 45 -75 74 12 -25 56 -93 29 80 100 -27 71 37 86 -23 -24 58 100 -29 -87 100 -86 60 -44 -88 -73 49 42 100 -60 -97 7 30 -61 49 87 -30 -84 -15 17 -52 53 17 44 -8 -13 69 47 72 3 -89 62 -49 55 -67 -62 89 71 -10 55 -34 -3 28 -74 -24 9 79 -20 -25 -65 19 -19 87 78 -67 99 8 -49 -70 46 -75 44 -17 -45 -13 34 -78 -40 90 2 -50 -57 -47 -50 22 84 60 36 
96 39 87 47 -11 -19 58 51 -41 -35 -9 43 56 -98 -30 -77 -33 -69 -81 -58 44 -71 -15 -51 -9 -23 -94 4 20 58 -78 -10 55 13 61 17 -79 -54 -62 -95 -61 0 78 8 78 94 17 74 91 -49 91 24 -74 53 63 -95 10 -7 19 -71 37 33 91 -81 36 55 -42 -85 -8 -26 -12 37 58 -96 78 11 -11 -2 -91 96 -53 24 -25 32 -18 -34 -43 -69 -55 33 -71 -99 -60 85 -70 -97 0 25 44 3 20 53 -1 51 -90 86 94 -76 5 -68 
-5 -98 82 -59 52 94 13 60 -13 -29 95 -4 -54 9 75 -79 72 97 48 -86 7 -60 52 -13 73 15 -6 -90 -95 13 -73 91 -76 -99 84 50 -89 -22 -1 13 -86 28 -89 -12 -84 9 2 -13 -43 66 71 -32 -61 -92 -9 -45 76 56 42 100 -70 73 46 -79 87 2 -53 28 27 -23 -53 19 22 -49 -46 -17 -32 -30 47 -37 7 13 58 -17 80 62 -95 9 -72 -4 71 68 -5 -79 -53 -85 84 5 40 -39 -35 32 -59 78 97 -21 25 -23 31 -49 
1 94 -33 -7 49 50 74 -16 38 9 15 3 -16 -47 35 83 63 -83 -16 63 -63 19 -93 -24 -3 75 45 -8 -50 18 8 -40 87 -48 -31 20 36 -22 40 30 -57 6 33 69 77 -62 -94 27 -36 -94 19 -73 59 15 19 -72 14 -28 -90 -23 57 66 54 -78 81 -20 74 -82 -33 12 59 -82 85 2 9 -6 96 -82 79 -90 -94 0 9 -81 -69 -8 -37 48 -14 97 -80 -96 92 -72 -95 58 41 -31 -21 57 0 67 20 -91 95 11 59 77 14 -92 
29 -39 68 74 -24 -20 -100 -70 -76 40 -39 -73 86 52 31 -62 35 72 -99 -31 6 -18 100 79 28 40 -47 100 13 -18 -52 -8 -22 74 29 57 -8 -4 -35 69 83 -79 3 -6 -15 -91 90 -10 41 -38 -83 37 54 -12 -58 -92 -15 -16 32 75 -20 -30 45 -38 -25 -61 -36 -7 66 -90 -37 -28 30 92 -95 70 93 -33 -40 34 -89 -13 79 6 -70 -71 -85 -37 25 -68 95 -47 31 73 -44 61 -80 -5 -42 -71 -40 2 28 -56 -2 -87 -32 11 -2 -60 
-33 23 -14 44 65 -98 -45 -83 -37 74 -35 -63 30 29 77 -95 -60 -50 -57 56 88 61 45 -94 -48 93 27 91 54 17 18 79 88 -42 80 8 83 -16 -14 -79 -7 87 -79 74 29 20 56 41 53 -63 -91 61 37 -80 40 50 -85 -11 48 66 24 67 -53 9 -11 -44 10 99 -10 19 14 47 14 17 91 -16 -5 -35 71 -32 2 34 -8 5 -82 -92 -61 75 -80 -17 1 -39 7 -68 -93 12 94 97 35 35 -3 92 -12 -39 47 10 -64 71 -46 -53 
82 5 -51 -40 -33 -11 -71 71 22 82 -2 -91 22 40 81 -79 26 85 -53 -98 -2 -22 60 48 -95 -90 -92 17 -51 -24 -4 -29 55 4 -16 -60 -76 -99 -84 30 47 15 66 -7 -41 -95 -2 42 21 91 -31 -3 -25 -37 46 17 -66 -25 -81 -71 -85 -80 65 -36 65 -90 85 97 51 14 27 91 39 -92 54 -85 -39 -72 -25 99 14 85 -88 94 37 19 0 -78 -55 18 -8 -73 50 -38 -26 83 99 -38 -55 22 -65 72 -84 -28 96 25 -58 -93 1 -89 
-77 -88 47 -12 96 -38 13 -26 -74 -31 82 -81 -18 84 37 27 -66 93 -84 88 6 -36 -65 31 -14 5 -98 13 -91 13 63 75 -59 -79 -74 -72 -51 30 -40 47 -83 -78 -59 -92 28 37 99 -92 -54 2 -89 -97 -8 -16 75 -46 -63 44 -41 51 89 37 70 85 -98 98 30 86 38 -43 51 -64 -41 -93 -66 83 2 20 61 -18 -43 -31 -13 -42 0 -81 -98 -100 56 -34 -91 11 -54 -2 -34 5 -1 -42 26 -98 40 -7 52 82 -25 8 -35 68 -5 51 
44 94 87 69 16 -81 2 -70 72 -36 53 -28 -4 -89 60 26 -46 -63 -10 -14 -85 -5 -94 22 24 -73 -100 -67 39 -82 -32 33 9 61 8 74 -21 64 -57 -100 96 22 92 -26 -95 34 -30 65 -21 -69 48 90 -8 89 -75 70 -81 -87 41 -73 -18 60 90 74 76 51 61 52 37 -40 -46 -89 -86 -81 -27 -63 94 -68 31 -36 11 42 8 -23 4 94 22 -90 -3 11 64 53 0 -76 -19 -98 94 -79 -93 78 67 -47 -39 84 39 17 8 -89 -42 -88 
40 -69 -14 -97 -74 -76 -43 -91 55 -13 29 -12 -67 -29 92 -31 4 -87 -9 -66 -21 -49 1 -64 -37 38 5 -21 -9 -38 -24 41 -93 19 91 -5 32 -98 -90 -78 52 -25 33 -74 -93 89 -48 96 -93 5 -32 33 -42 -51 -28 33 0 -90 64 -81 -36 90 -99 83 -88 75 5 -17 -12 44 56 26 98 -88 -5 -45 -52 52 -66 -47 8 -56 -25 94 56 63 -98 -33 91 60 -31 -58 -61 -39 25 21 -2 76 -63 98 50 -75 0 93 -48 -74 15 -54 34 -35 
-55 -15 43 81 -67 46 82 78 -85 82 15 -85 55 -13 99 -90 88 99 48 27 17 83 32 -58 -69 -94 -27 19 -58 -24 85 43 -42 -37 45 -69 -12 10 -12 100 29 -95 -41 -40 73 -82 -87 63 65 -9 55 42 88 41 71 40 -21 -90 76 -97 37 93 99 -99 98 -26 -58 -33 10 -4 82 4 -79 -30 -35 25 1 72 -17 -17 -1 -91 26 -13 100 1 -50 43 63 -94 37 -46 -78 -49 87 74 52 25 90 71 71 44 92 -10 44 68 -68 -50 19 -5 
-99 -16 -44 80 21 63 -52 15 -38 91 -8 15 -58 49 -94 -86 34 68 3 -35 -43 94 -76 -99 -90 14 -15 -92 -73 -34 63 97 36 -34 78 0 30 93 -23 94 -59 70 96 -45 -20 80 -50 55 -2 -53 84 78 70 -61 59 53 50 72 94 -23 -47 -61 -64 -17 -67 -30 6 78 -59 53 -33 19 -18 -97 -52 69 20 56 -94 -68 -12 -97 57 77 -11 -62 53 36 1 2 -95 37 -34 -63 -46 58 -2 -94 63 -8 -63 -44 -64 88 27 35 41 16 -53 21 
-51 -72 -17 10 -89 33 -48 -94 -91 -41 -72 -93 69 22 -97 62 46 65 -64 -1 89 92 -60 -18 86 92 39 24 -60 22 -27 -30 -25 -60 24 50 44 53 6 45 84 59 8 -15 -68 94 69 42 34 80 25 -46 -54 9 -22 -41 -53 19 42 84 37 -56 8 -24 53 98 53 -56 47 88 -11 15 46 -56 0 67 -72 24 -84 63 -20 -92 -96 -53 29 67 -45 88 -62 -100 3 -22 43 85 -88 63 -13 -75 -27 -57 35 92 -82 61 87 6 -81 39 70 -7 
-54 35 -94 82 -14 -68 84 -100 48 -31 5 -76 77 11 69 25 -50 -55 -69 41 -42 -33 35 -40 22 -88 -95 42 35 57 -11 21 6 58 -77 -55 36 -82 46 -30 40 -68 77 96 -62 32 -39 61 75 -42 -34 42 -79 70 -100 28 -81 -75 -3 51 -79 -7 96 57 42 30 -55 -36 29 22 -75 38 -4 -45 -79 -92 39 -22 7 -45 -26 11 -76 78 98 91 -99 30 -43 57 61 54 -57 -69 -76 -42 62 -10 57 -43 -77 33 -34 38 -28 39 -55 -76 91 -20 
-48 -7 45 76 89 61 33 35 34 -66 89 -19 65 19 31 40 97 70 -48 -80 67 53 59 -92 52 -91 12 -73 0 6 -73 57 49 3 -35 -56 -21 -35 30 47 -97 -11 52 82 39 74 -54 -52 -20 99 50 -85 -32 -74 68 -69 90 -73 -19 -21 -18 58 -6 80 -50 -21 -91 -65 66 17 -93 49 -14 -18 57 92 -89 19 -59 -50 -40 -62 17 69 -24 5 -26 -7 -69 -11 -16 -17 -2 -78 63 19 38 -78 61 -40 -82 -90 -91 -19 1 -32 55 13 24 -25 
99 54 -100 -62 -20 85 -20 4 94 92 -73 48 -19 79 14 -16 -19 -40 -43 86 -43 -19 -17 80 -63 -87 -81 14 81 -27 2 37 76 -87 -20 -28 63 94 -80 -69 22 -91 -73 62 -29 -32 -79 28 -62 -96 26 -19 44 -54 -100 90 -76 46 85 -92 -82 -32 48 8 -26 13 -89 -55 -63 51 30 -70 34 -98 95 -66 29 84 -62 -93 20 -11 50 42 -46 -97 -54 32 -17 -17 65 -67 89 93 -19 93 10 -75 -20 65 16 -15 -97 77 10 16 82 65 -76 -51 
-75 18 -22 -59 -84 3 -55 -3 60 40 -48 -88 69 59 69 -100 -87 -34 68 -80 76 93 -81 -17 -27 -22 -73 -88 -82 -53 -76 40 43 -82 96 2 43 29 22 -61 -100 11 9 -67 96 -53 -23 68 -83 -43 51 -47 -59 1 -25 -27 -80 17 -17 -65 -47 -15 -62 -54 70 -70 -43 84 -94 68 54 65 -4 51 -70 -98 -53 -71 -59 -35 -27 6 60 6 -94 -25 96 95 41 -99 75 24 64 -66 -56 31 -94 16 21 45 71 45 36 71 6 -87 80 -12 19 -14 
82 -55 15 -66 30 0 0 -86 -6 -37 -55 13 15 -32 19 31 5 -14 0 -64 -60 6 -49 -16 93 -29 88 -71 -68 22 62 11 -73 -58 -38 40 38 17 90 74 -80 29 14 -100 -92 15 10 -6 25 -12 1 1 -3 -74 76 -75 -24 100 25 -87 -24 71 70 -30 50 -75 -17 -46 14 -60 53 -85 85 78 -64 84 58 14 37 54 -70 -94 -16 83 76 -29 32 -39 59 79 -94 22 11 58 33 -100 79 27 58 30 -64 5 -26 89 62 69 -42 47 -21 15 
-46 65 -90 52 -37 80 -3 -9 13 77 -92 76 23 -62 65 -99 -25 50 32 63 72 -71 20 66 75 29 73 72 6 40 -94 -45 28 38 65 33 -90 100 55 -4 -5 54 76 33 56 -1 -44 -2 51 52 33 83 45 -47 38 78 21 -18 97 -7 75 -26 98 97 -90 15 69 -48 23 78 1 41 -82 77 -46 -13 -64 -38 35 26 28 3 -63 68 -34 -81 97 42 -45 -6 -29 -52 46 -26 78 -96 -38 -46 50 -89 -1 -75 88 46 98 14 -98 -44 9 55 
8 100 -69 71 98 100 40 77 -16 64 69 35 61 -87 -41 -25 94 -22 -58 59 66 52 -100 -85 56 -64 -65 84 93 19 45 15 -51 -13 -29 -2 -56 -20 100 70 -78 30 88 -71 70 -7 -77 23 46 -35 10 75 17 -42 81 -61 34 24 67 -92 16 -89 -78 -84 91 80 34 93 45 74 35 43 1 90 7 -30 -31 -95 26 72 88 88 85 -79 -4 98 6 55 -67 94 5 55 -82 -81 -90 91 53 -75 -49 67 -68 -50 -77 97 -93 16 81 -47 -73 76 
84 -65 -1 49 -89 -2 -35 69 31 58 0 -11 -78 -3 94 30 -95 19 -48 -85 43 -96 70 -55 -53 22 -62 15 -84 79 -57 -34 -8 85 -24 96 -53 73 90 89 -83 -6 -35 -95 24 85 -95 35 -17 33 -2 33 -74 38 -31 81 41 99 -36 63 -26 -21 -13 -49 15 2 0 67 99 -10 35 -10 -31 -57 53 27 14 -77 -34 93 -100 -13 20 -95 58 -58 12 -4 -62 -31 68 92 -33 -83 52 -73 -74 -74 20 -100 23 -77 -78 -95 -48 -9 -18 -78 -43 -46 
-5 -57 -90 -25 -70 -79 -10 43 -37 -12 -47 73 40 11 -28 -93 -4 33 -67 -44 -88 -80 -62 36 -98 -42 -75 -22 -64 36 69 -34 -16 -70 -22 -64 -31 -54 53 -6 -9 19 -8 6 -52 -81 86 -88 -85 -17 -38 -49 -92 -66 -98 -63 35 -52 18 -16 -34 -11 17 36 -61 -80 -36 96 -64 -44 -89 69 82 -29 20 46 -39 -97 -10 48 -59 30 20 79 45 65 -67 5 87 -9 11 43 -89 24 96 61 39 90 -52 -64 -48 19 41 -82 54 36 49 -49 99 79 
-78 -68 -25 -69 68 69 -19 -70 -36 -55 -71 47 -36 -64 -85 7 5 70 7 -48 83 -20 -44 96 30 -9 -25 90 -70 69 -64 17 -97 -64 100 -59 -74 -86 -3 28 -14 -25 -33 56 6 21 -1 75 -86 -29 -44 -97 -73 27 -61 -63 4 26 -23 -55 -31 -76 -65 67 53 -81 -79 21 -66 -30 -47 -52 19 -16 -92 71 -46 -13 -74 -56 -81 -57 -46 -87 68 59 -44 -98 71 52 68 -39 91 -31 28 58 -71 28 46 61 -5 60 -23 98 -72 -76 -36 85 62 -51 
-60 -87 39 -12 -6 -73 70 60 -73 -34 40 -84 46 -36 88 57 -24 -50 14 -21 81 -76 24 -82 -82 -37 -34 -13 46 12 43 -82 -19 22 63 98 5 68 -97 -59 -34 59 66 -87 13 22 -37 -75 -64 19 -52 97 -25 -95 34 55 -21 -34 59 36 -67 14 14 48 -28 2 23 -75 5 -57 18 92 -46 -11 12 -58 -16 -53 0 66 -51 81 -72 91 -22 9 27 45 -95 -26 67 48 -46 26 -76 -21 -49 -50 -72 26 49 -85 -72 -27 -73 99 92 70 5 -10 
33 -8 36 3 53 45 93 -8 63 42 -31 93 -6 -95 -80 31 -49 97 7 -72 21 -58 -33 15 -96 50 78 1 73 69 -48 10 -2 93 -31 16 -27 79 -4 -21 42 20 47 -33 74 -62 -72 -16 -69 -18 -84 88 -60 -93 -1 67 -75 -94 3 -98 -31 66 -43 -51 -22 -5 -8 49 3 35 -45 -63 15 -65 -59 -81 89 75 -73 -67 -92 -63 34 24 63 66 -82 -33 -23 54 72 7 40 8 -97 69 -74 53 -24 17 -78 89 -92 -72 4 -77 11 91 -68 -9 
-11 42 -36 100 39 56 -99 -17 -95 70 26 73 2 53 -76 -10 45 -3 -2 -59 20 -14 -2 23 38 -34 55 54 29 -86 -45 68 48 -45 -33 28 -24 84 83 88 -43 -80 -22 -54 -19 34 -61 61 -43 -60 -55 -6 -66 42 -6 -14 -81 55 -60 36 -98 2 -63 -5 48 -32 -90 -69 58 -30 20 -94 95 -46 19 30 17 -98 -89 72 -47 -51 21 81 74 -66 55 59 53 -69 9 -34 -69 61 61 -8 -44 -5 -89 69 64 5 -75 -84 61 91 90 100 83 -94 
-86 -29 33 -96 -92 79 -3 17 -32 59 71 38 -75 -11 16 -35 52 -92 82 -18 -3 -64 91 84 77 -96 -39 -12 -66 -89 -27 -93 -48 -63 98 -43 52 -58 -15 28 -44 -100 35 100 56 97 56 70 -26 58 65 73 59 85 -84 -69 0 -11 -95 2 -57 -32 73 86 40 -55 98 -67 57 12 -71 58 -46 -59 55 -21 -45 31 -94 -31 -8 73 -32 -85 92 -84 -52 -64 -75 -52 -25 -56 72 -50 34 20 -69 41 47 46 -98 23 -25 -99 55 41 42 -7 -66 -5 
17 -98 33 48 43 -18 97 69 -6 71 -97 7 -42 57 40 67 -44 -36 -99 -69 20 -25 18 49 47 -40 -10 95 -5 -99 87 0 77 56 -28 51 88 20 -76 24 -84 30 -59 38 -100 -71 14 -97 -16 -7 -88 46 -86 -99 -80 -51 -82 -24 -8 -8 64 -45 53 75 51 55 18 15 -55 -83 30 -53 -45 -40 -44 -30 -73 30 29 -97 -48 -64 -6 -92 47 8 -78 52 67 -96 -18 97 -60 -30 32 67 17 10 16 69 33 53 -34 73 44 -99 91 2 -69 -68 
81 -57 56 -50 -42 -73 64 -66 -10 -11 -24 -73 34 40 43 64 -20 50 95 52 0 -73 9 58 -6 96 -22 61 1 -16 -22 -90 -41 -69 -40 67 22 -51 -15 53 -67 68 69 -37 -24 3 15 14 70 -21 20 15 74 79 -67 65 26 71 -55 -33 -94 -48 83 -27 -91 14 86 -79 68 -19 69 95 89 -10 42 100 61 -47 -35 -28 -74 47 -79 -90 -18 -64 -45 -35 83 -76 -5 99 10 77 -98 68 -19 2 -60 -70 67 30 99 -2 35 14 -26 -15 -22 -33 
87 68 72 35 -8 -38 -41 27 95 -95 -51 -92 71 -19 82 -37 99 -75 48 -2 70 79 -22 -52 -4 -94 -93 66 -5 42 29 -87 -47 -51 -45 -25 48 10 23 53 9 44 -70 -73 -60 30 -90 -25 -36 75 72 -3 -43 -37 -28 -86 15 -61 37 30 -24 -19 46 -82 47 76 35 -50 -53 -62 -57 87 -4 -60 -51 -91 80 -53 23 -50 -26 96 -4 -55 -58 -52 24 3 42 -38 91 -95 -77 0 -68 -53 27 42 97 56 43 25 -92 87 -69 -87 -85 39 61 64 
-83 -55 -52 -6 -87 -41 -14 24 -69 98 48 31 -61 -66 -100 -77 -63 -92 4 -96 30 52 94 -94 12 -46 -49 -72 -76 -3 86 -1 -85 71 -14 66 -22 -36 -42 -72 60 47 -66 30 76 93 52 77 -54 30 79 -5 80 -29 57 24 -57 100 60 96 -78 -44 86 99 82 0 -81 29 -60 40 24 70 98 7 33 -6 -41 -43 58 63 -77 -35 -69 -78 -36 -22 96 -82 91 -93 37 -88 12 76 -43 47 4 -68 86 -51 -83 78 43 -83 1 27 2 -31 -92 85 
-65 54 -91 -99 -40 33 21 71 -38 78 4 -84 68 -93 -34 71 14 67 51 13 8 83 98 61 -24 41 47 -26 -27 -99 -25 20 26 55 67 17 91 -62 -94 93 -54 -78 74 -70 25 -73 38 16 -67 29 -68 17 61 10 -27 -61 -46 -87 19 -46 -2 71 62 -94 -80 71 -62 86 24 -40 34 -62 3 -14 -46 8 -74 -22 78 21 60 -47 -9 44 -63 36 -91 38 -2 -34 -39 -87 45 -44 -26 90 -16 -2 5 72 56 -99 66 -91 44 97 72 37 36 -38 
-10 58 55 -23 -54 13 0 39 42 60 6 -87 -45 -8 -9 -7 -82 8 -91 -28 47 32 89 68 -62 78 60 2 68 -26 -5 -35 -94 44 61 -90 21 -66 -16 80 -38 -34 94 20 22 11 -79 -49 75 -11 -34 -64 7 7 10 -27 96 -16 97 88 -78 -24 49 -10 96 30 -48 53 -87 -34 81 3 75 -45 52 -10 -6 5 70 -76 72 -71 93 68 21 15 13 2 -50 57 78 -61 -28 -51 54 -6 -16 52 -97 2 12 -41 85 66 -49 68 94 2 63 -12 
-91 26 45 -28 -81 -28 32 -65 44 97 6 61 -29 -38 7 37 -76 14 19 -25 100 31 -52 -16 -41 -4 -50 45 88 16 99 -80 5 1 -18 -17 45 47 -26 -51 28 2 -87 15 -97 26 -99 -82 -84 4 -57 14 -45 95 45 -7 -83 -27 86 -47 74 21 40 60 41 -54 55 11 -16 -55 55 66 78 -9 -21 92 71 -23 -62 -85 -54 -38 -40 89 33 -39 -46 -35 -21 8 64 -79 -91 61 -38 3 29 39 -52 -99 -20 -81 -57 -41 36 -7 61 -17 91 -22 
-42 -9 -2 -92 10 55 -36 -77 86 89 87 -25 62 42 -94 -54 -39 -30 84 -62 -82 47 28 -33 8 -62 37 -97 -85 -43 13 5 -97 -94 -84 -88 85 -25 -26 83 -20 28 94 -44 32 30 91 -53 -32 87 26 -71 95 -14 -81 3 -34 -75 -81 -53 82 16 -90 -17 -9 -61 -60 -31 5 11 13 64 69 19 -26 81 94 2 -90 -29 28 36 -38 96 -84 -3 -53 80 29 70 44 -77 22 -41 80 -27 23 40 -83 -32 43 10 -23 -47 33 10 45 -22 3 -91 
-36 -80 -37 -19 83 -7 -37 -70 75 -12 -42 77 68 -47 95 -12 -71 97 -15 55 -39 -73 -1 -96 50 -82 -7 27 6 -68 -42 -55 -79 -62 43 -52 -58 39 -30 -62 -71 -38 -27 -92 25 60 -20 -30 72 19 -27 96 41 -50 -28 -31 27 95 7 -20 -42 87 84 -53 23 79 -54 26 7 6 80 -1 -7 53 -90 9 11 -100 -54 -2 -100 56 -85 62 8 8 94 27 -36 -88 36 -52 -76 67 2 -62 -31 -78 76 -61 -70 -11 -15 86 -71 -88 93 52 -76 -69 
66 -53 -70 56 -83 71 19 49 99 70 -44 91 28 7 -46 39 -69 47 33 -36 -85 20 52 -78 66 73 -91 -52 45 58 -86 -24 65 92 64 95 9 39 -75 -27 -92 33 -61 61 -78 -67 30 43 -33 -74 -29 -11 44 68 24 13 1 96 59 -66 -80 84 -17 -80 -14 9 22 50 55 -35 -23 -58 -42 -79 77 -87 6 -2 12 -37 51 4 53 -74 -18 54 6 30 -16 -100 69 44 -19 37 -7 -80 -76 96 59 35 25 68 35 -2 79 -48 63 -17 60 -9 
-71 73 15 -82 -11 98 -94 59 41 -84 -40 -69 80 40 75 61 -17 84 -22 -76 -70 62 26 76 96 75 25 93 -84 -4 98 91 -93 9 -88 1 75 -16 -8 -40 -51 -3 -75 75 -92 -14 -25 90 -16 -47 -24 8 5 -24 41 -24 -69 9 -34 63 -9 0 -61 -55 -100 -22 29 36 43 85 19 6 -49 -38 -67 -68 24 -88 -31 78 -50 -18 17 -90 -81 50 -65 6 86 -99 -41 -61 -26 -73 89 20 -46 -55 26 14 -81 -41 -88 27 14 99 74 -46 0 -36 
-94 -50 81 -98 -11 59 -12 63 60 -92 87 26 -61 70 96 22 41 46 20 -5 -32 22 -56 46 -1 43 72 45 61 1 -83 -14 90 29 -82 25 44 -98 100 36 84 84 -80 -65 -95 -9 -63 57 38 -17 61 -68 29 -77 -1 22 85 -85 -84 -55 -23 -87 -95 -50 89 72 -20 3 -43 30 -86 1 68 100 16 73 -94 -95 99 -35 10 48 99 -48 -63 -33 -63 38 -40 24 -75 29 54 59 15 30 -17 95 -87 64 97 -76 12 30 -86 49 -59 -81 -27 -90 
57 -39 72 32 -97 52 -59 48 39 95 81 5 -57 31 -20 46 47 -60 -12 59 -6 -45 -34 85 73 -6 -83 -34 -87 -45 -35 -61 -10 25 -60 57 -67 58 -28 -9 2 93 5 13 -87 -2 -87 53 52 -48 -93 84 91 -86 63 -20 24 28 -24 -55 17 -46 55 -98 -9 76 12 -37 -44 -51 -75 -16 67 22 80 -64 56 -16 -79 33 -10 11 -42 26 -76 -5 69 69 -89 -62 67 -92 92 -7 69 -56 -53 12 71 80 74 -4 85 -58 -75 -63 -76 -59 -52 72 
-92 82 -42 -82 43 -9 -8 29 -13 55 -62 58 84 -19 68 -10 -21 -5 -42 84 -5 33 85 40 -34 64 -39 53 56 -27 -95 -55 43 25 -66 -58 -22 -47 -7 30 -70 -91 -70 -63 28 -79 -14 65 47 -62 20 -4 48 38 94 -57 -85 13 -22 39 72 26 54 -20 9 82 -68 -80 22 14 61 -60 -54 -73 14 100 64 -1 -98 -23 62 29 -50 75 69 -24 -94 78 -43 -86 -93 -67 24 78 -89 93 -38 -15 24 0 14 -35 97 -71 86 45 -21 68 -66 79 
29 -76 44 -77 27 -75 -55 -98 -69 -64 10 55 58 0 -7 -56 16 -1 51 82 -22 71 63 90 20 14 32 49 -3 -39 40 9 18 87 -22 -90 -35 57 -7 -55 -93 32 -97 -52 81 -89 -95 46 -52 38 56 45 -88 -69 -10 19 10 93 1 -52 -75 -83 69 65 -77 -83 71 52 -35 43 54 80 -8 16 -1 -30 -55 -80 64 87 -39 55 -61 8 8 -48 -76 82 68 8 -44 -21 18 -79 -1 -15 -38 -14 90 27 -56 93 -41 1 28 -64 84 -56 -79 -93 
49 -93 53 38 -43 20 -54 -79 -87 3 -84 60 -44 -73 25 -71 1 -19 93 -80 -83 41 85 -26 20 16 12 71 94 -45 70 74 0 0 -61 86 -64 -86 -98 -66 -34 -5 77 -95 -47 -13 98 -69 -43 74 57 -14 -57 -25 -74 -64 -84 31 -97 -61 79 58 -57 -52 -84 87 86 8 64 -3 10 -34 76 3 -67 55 -65 -69 -29 -35 40 -40 31 -63 -28 -89 -81 80 68 15 29 0 93 67 42 48 26 16 68 -32 45 65 -13 95 24 -62 16 55 -41 -81 
21 79 97 11 87 89 19 98 -34 91 -38 63 24 -26 -38 39 88 -45 37 76 -41 -42 13 72 80 0 57 22 73 24 -67 20 87 76 1 92 23 -91 17 83 -14 10 60 -33 -74 -58 -99 -59 43 -61 -49 -27 91 -44 66 -63 -30 65 -100 9 73 68 -55 71 -83 21 -91 63 -3 -97 -91 43 59 74 50 55 55 40 -6 57 52 54 13 23 81 -66 -41 6 96 -51 -56 -25 39 49 -26 98 44 81 -20 12 78 -10 20 -18 -56 -16 91 86 35 -93 
69 -21 81 21 -86 -87 -50 81 -39 86 -58 -74 -86 87 4 -63 -85 26 9 20 56 -37 -45 -18 -59 -77 34 100 50 -56 -84 94 -54 -55 74 94 46 -23 0 -21 -23 -52 -9 -68 65 -66 11 -33 83 -97 39 -76 97 -43 -33 -26 55 67 -80 70 -21 -83 -61 -76 80 -2 59 61 -9 37 -78 -39 83 -41 -60 78 -38 -9 81 -34 20 -40 -85 -2 -63 -73 -72 7 25 47 -93 20 84 52 81 7 68 -96 78 -76 76 -44 30 -100 -30 63 -14 34 -70 -7 
22 3 -62 78 34 27 42 -22 85 55 69 55 -14 -11 33 2 11 9 10 -12 55 -33 9 70 -37 88 13 98 72 12 -3 98 -90 -99 -25 -97 76 7 79 21 -85 -8 -44 57 97 -74 62 -42 -23 81 31 21 92 99 -75 14 19 51 89 24 97 -63 -6 96 -89 18 19 72 -96 -40 46 -38 63 25 76 78 61 -25 -85 57 -55 -65 -49 88 11 35 -73 41 -37 -49 18 -77 1 -48 -37 -26 -83 -5 -47 16 -17 0 -28 43 -48 3 -60 34 51 -77 
87 36 17 82 -71 46 -35 -33 -84 -20 97 25 66 19 -49 20 -83 -31 -18 -32 25 39 10 83 56 82 53 4 3 83 -78 -55 -13 62 61 19 -57 69 -56 -44 85 -19 -77 -100 11 59 3 -43 -50 -30 -74 10 -24 -22 28 -26 -60 -78 -31 88 67 12 41 2 73 0 17 -22 95 34 -42 59 41 9 -31 -85 17 73 -28 61 -93 -75 27 22 -96 74 11 35 -77 88 21 76 53 9 -78 -63 98 -83 -38 -77 13 86 -92 -52 98 21 89 -47 34 98 
24 30 -46 29 29 -45 -69 38 58 27 -48 77 -34 -89 -41 -43 -39 86 72 17 -98 -47 20 -99 -60 -48 97 -60 91 -17 45 -29 -78 -89 6 27 8 -53 -51 72 -29 98 7 79 -100 -19 81 -30 -73 12 99 -91 -30 66 -58 32 28 -10 86 15 42 21 -6 96 5 -48 52 51 -13 21 39 82 47 70 -39 29 -48 -32 76 -97 -51 84 65 -77 -91 16 49 92 50 26 -10 -26 39 39 -37 -38 8 -24 48 -89 -90 -43 -4 -100 -3 -32 -61 27 -39 -72 
30 -50 -36 58 -86 -63 -44 93 78 -81 -12 23 93 67 65 100 -29 65 -26 -85 -58 29 73 -69 -8 53 -22 -47 98 -2 -7 90 -20 63 10 -92 18 -85 8 -15 81 54 70 62 -55 -47 -96 38 32 55 53 63 83 25 52 68 -6 -22 10 39 -100 -32 92 -30 -19 64 -72 -31 30 -95 -56 19 21 61 40 62 41 24 57 18 -21 93 92 30 -4 -58 -47 62 -44 -55 -8 -36 -23 -13 -79 81 -75 -17 10 -94 -54 -6 -70 33 -70 -64 -88 -86 -73 -81 
-57 38 1 92 21 -67 -97 -70 53 70 87 -76 70 1 13 -97 90 -63 68 -74 -44 -22 -13 -25 -24 75 -81 15 -33 72 25 33 -79 -46 -5 -91 -83 -18 -35 13 -1 -85 76 53 92 73 76 97 -85 9 44 -19 -72 -1 -7 75 -28 -61 55 -61 -32 95 82 66 -57 15 24 80 -28 33 -56 64 23 -89 -49 61 66 48 86 11 -29 -18 48 -9 -89 8 92 35 -65 -81 -23 2 22 -45 88 7 -36 -43 2 33 -67 16 65 22 99 -41 -2 34 -37 1 
7 93 32 56 -48 -20 -27 -12 -29 -40 90 -92 -4 -16 -32 7 -20 20 -49 -98 76 -71 58 -86 34 62 11 -3 -46 -62 -85 -1 -11 29 -64 96 -59 -61 31 32 39 24 38 -89 -78 -76 -43 50 49 -94 -56 -13 89 -90 -20 70 56 48 -14 -66 14 87 12 1 26 -8 9 85 -24 -87 62 71 -30 76 82 54 -23 37 -45 15 -65 23 61 79 -13 -83 -4 40 -84 -49 -87 -60 -31 14 -65 -14 23 -61 -50 -26 84 -2 -18 -6 0 -24 -69 52 41 -98 
41 96 -8 -22 54 70 16 -13 62 79 100 -98 -63 12 0 90 5 -5 77 -94 76 -77 25 -9 9 75 15 -34 -89 85 -29 -91 25 52 73 -19 19 -73 -5 -99 -47 -68 85 -2 -4 -7 -46 98 57 -51 -39 73 36 8 33 -97 41 -2 -84 -77 -92 77 -28 -77 -33 -96 -69 17 -2 -47 -3 -74 -47 -12 69 -4 -30 29 32 99 -71 30 -74 53 26 -50 -13 -77 -19 94 1 3 57 70 -26 -45 -35 -95 17 -71 39 -43 99 -51 -65 -47 72 -80 83 -28 
-53 10 29 43 -46 -28 -19 28 49 40 21 58 60 11 84 24 16 -99 39 -48 -33 77 42 89 -66 1 31 -18 22 49 62 71 59 17 -36 89 87 19 -41 52 40 68 14 -3 -64 63 69 47 -6 -60 -20 16 94 -51 76 -67 30 35 -5 82 -89 63 50 -92 18 3 -42 -36 42 -29 59 16 29 35 -79 -98 9 27 82 -96 -97 99 -40 -74 25 -96 19 68 -24 -13 -47 69 -55 -22 30 -22 -13 16 15 -25 17 5 -24 85 -38 74 -63 -55 -64 56 
-66 9 -45 -28 2 -79 88 -88 -80 -28 43 94 51 57 -96 -12 91 -44 34 42 30 31 30 -19 -100 79 -95 19 -60 6 -24 -8 -60 -9 80 66 94 -11 -57 -69 -99 -81 -71 -16 21 -13 1 -61 21 -39 32 76 54 -52 -68 -89 -59 61 71 -44 71 -81 -97 -74 16 46 -42 -9 34 88 -32 -74 -48 -51 -45 91 -80 43 -99 72 34 13 44 47 35 -66 31 96 -53 -72 -87 -6 -58 17 16 -85 -29 16 -4 35 20 53 83 -71 88 -19 -13 31 -21 66 
39 -14 69 76 -80 -63 82 31 70 52 60 -14 61 -83 73 -85 94 -88 -6 -51 61 26 99 84 28 -57 99 -35 -91 2 62 93 47 -28 82 54 -33 58 3 -57 17 54 2 38 10 -28 -54 64 27 7 -14 -66 -77 33 -24 68 41 27 -54 -34 23 1 -50 3 -75 -67 7 15 -73 66 1 71 26 -79 12 62 62 39 57 44 15 68 -77 -21 -88 7 95 -22 -23 88 68 -16 -55 -93 -18 -16 -64 100 -43 -75 98 96 11 -21 -14 -84 48 -7 66 71 
-29 62 -24 -42 36 48 68 4 96 -81 -67 92 73 -91 39 46 68 -95 -21 -3 50 8 48 -25 -8 -29 54 -68 -98 53 9 35 -26 -46 28 -54 53 -1 59 -99 25 92 61 40 -61 72 -15 99 5 -86 89 7 -85 -91 23 -47 -4 0 -17 -95 78 23 -88 -33 -56 -64 85 -64 64 -11 3 -4 11 47 -12 -83 14 -38 36 10 -21 89 24 81 85 92 4 -80 -37 -18 -83 -93 -76 21 22 -82 50 -92 15 1 -43 13 -48 49 83 -29 79 91 -89 -94 
-25 -9 55 10 23 42 -37 88 2 34 -71 48 -55 -90 -9 -72 55 -24 27 59 -74 -69 -86 -77 70 57 23 11 -2 39 -98 9 88 6 56 43 -51 -11 -76 30 -45 43 -40 100 65 41 85 -92 48 -25 37 27 -95 90 -66 78 33 -29 -53 67 22 -58 -79 -2 -50 65 95 -9 -95 4 -51 82 60 -89 -92 -46 55 47 -4 -67 99 31 -5 50 35 27 15 -87 -72 97 80 87 94 -61 -50 -58 -17 0 71 -95 87 -9 77 9 65 42 33 -13 -89 -87 
-15 -1 -30 10 -15 41 19 -97 -88 -87 65 86 -54 77 -24 43 72 19 -95 -51 -61 64 56 29 -42 94 -62 1 56 70 -54 86 -22 -4 -16 80 40 33 80 -22 -40 -64 34 -90 21 11 -86 37 -92 -49 -72 -36 86 -93 50 -45 20 -11 -54 -7 -81 1 -63 -65 28 -23 -76 93 66 -89 -81 -4 -35 -60 88 -15 82 -95 -23 -83 69 51 -23 -67 -28 5 18 -84 74 -82 -85 -62 -13 90 -55 -55 -66 26 88 -4 76 64 -52 100 63 76 65 -37 -20 97 
14 75 39 -77 -87 33 100 -84 -67 -7 -3 -33 -49 -7 -6 79 42 82 26 -35 83 -20 16 9 30 84 -52 -31 81 31 13 -69 -8 -85 -75 -13 41 -17 -75 81 -61 -9 -51 -86 86 80 -63 -41 -4 -13 62 -22 86 -100 -90 -39 -56 -26 -80 21 69 87 56 -43 -97 -23 48 -47 42 -14 63 9 75 -35 -32 -94 88 7 -78 96 19 -43 77 10 43 -62 -11 -46 -37 -46 -5 -96 88 -43 -94 85 -54 -72 -21 10 -30 73 -76 7 -31 -44 44 -67 -50 3 
46 -24 -27 39 15 41 77 40 85 -89 -1 -87 -11 24 73 -55 -14 92 77 17 -65 -74 -86 -21 53 41 -67 -98 79 77 89 -66 83 -21 -62 -35 -52 86 88 -14 -29 -25 12 -9 -30 68 10 -16 -1 99 85 -44 -34 -87 -39 -22 96 -61 -39 -76 -28 -78 -29 36 63 16 -10 63 27 -95 19 43 -86 26 93 93 23 -19 1 53 -52 40 -61 46 47 0 90 -55 13 -11 76 83 39 2 52 -16 -100 -63 -60 91 80 63 -97 97 -89 21 1 56 -60 25 
-98 -96 18 -93 21 99 -38 -93 -37 -20 85 65 45 -46 12 -70 -8 30 -38 67 81 53 35 31 84 20 -48 -37 88 -66 -26 -88 -93 62 -46 39 0 87 51 8 97 -42 -52 4 -71 83 64 84 -66 -35 42 -1 48 46 45 89 10 14 -39 -57 58 35 -90 79 94 68 19 -27 21 -48 -63 67 28 39 36 11 8 -50 28 26 12 -40 69 -26 -64 -20 -22 -16 -38 -11 11 67 81 -32 57 18 -77 59 -71 55 -74 88 72 23 -89 -44 -8 -81 -11 77 
28 -31 65 33 75 -83 -67 30 -27 24 -47 27 26 93 -64 54 -40 -77 -44 89 -14 -40 -16 -78 69 -96 -83 -32 41 -33 -61 28 59 35 -67 33 96 4 -43 -38 51 -65 -54 -88 97 16 -93 -57 24 -17 -89 79 -69 64 12 91 35 -18 -1 29 -69 36 -97 62 82 -2 -82 -40 83 37 6 -4 -60 52 -35 -84 -65 15 -89 94 -88 -81 49 -35 -60 -68 -5 47 -83 56 25 32 -10 64 -11 -16 -88 -15 63 -98 98 -42 -29 -63 -30 -81 62 -62 54 -18 
-80 59 -95 -94 40 77 51 6 60 -36 -25 -74 67 69 -7 -45 -49 36 32 -99 -51 -94 59 17 -45 41 -86 89 78 1 -83 26 -18 -69 41 -86 18 -46 -84 -41 -67 -67 22 -34 12 -98 -4 -27 -19 -8 80 -35 -73 59 -15 -83 56 5 60 9 -83 -91 -70 -94 70 5 7 -64 -38 -41 61 98 -80 -9 8 -99 79 28 -7 82 0 -6 -69 -82 -7 -39 90 -21 -42 -57 -28 19 -93 -45 93 88 -63 33 -36 94 11 67 46 -16 1 5 100 6 -48 -25 
-78 -88 5 45 -97 96 59 65 54 81 -17 -71 -60 46 73 40 44 -70 -49 -37 -22 19 12 41 -11 -45 -48 -73 15 67 33 52 53 -12 18 34 36 72 -77 93 21 -45 -96 28 17 -66 -2 -10 25 49 -67 65 -70 80 -99 -33 -44 7 -49 14 8 -13 -57 -2 -74 -84 50 25 66 -88 81 23 -33 -72 68 99 35 96 -44 -54 -79 -99 -81 79 84 -38 14 -4 -6 -18 36 -34 92 29 56 58 -29 -58 -3 27 -32 -40 -23 -37 78 -96 27 83 -79 36 
-76 89 38 5 38 -84 -19 6 30 98 86 74 -51 19 27 -8 -74 71 -30 20 -32 24 38 -86 -86 -64 -86 -56 83 60 -11 50 59 -59 43 30 57 -68 97 -95 -99 88 58 23 -46 73 -1 74 0 39 -38 45 43 45 -53 7 -9 -46 91 43 46 -56 76 1 -85 -89 -5 63 85 36 18 96 57 2 51 90 -28 -86 -1 -79 20 98 36 -47 46 -67 37 68 99 -50 74 99 -62 -50 4 7 -72 -51 -100 -39 -41 86 -8 -87 -2 -100 -6 -31 39 75 
96 -32 -88 -75 -92 83 -77 -89 -18 -70 100 -43 53 32 82 94 -52 -83 -69 60 -61 67 83 23 37 -100 20 69 91 -19 92 -66 -74 -97 70 3 57 0 -74 -4 0 84 -86 -62 37 96 21 -43 -79 -100 -65 21 -25 -36 -64 -67 -28 -82 67 42 -39 -58 -80 -36 11 29 -87 60 21 -59 86 -47 74 -35 43 -31 16 35 -75 61 60 67 8 -44 -56 97 -98 -54 -79 11 68 -65 -46 -70 -96 12 -8 9 5 19 65 -82 -37 -36 -28 96 -68 -85 50 -66 
-58 76 38 -100 -3 22 66 -72 17 -31 80 35 63 -4 47 -26 52 72 -51 -9 -66 -17 -36 -67 -70 71 -66 -95 -5 15 70 -24 -84 -99 73 -66 -85 35 86 69 67 -42 -1 25 47 56 -75 -28 -13 -45 -65 -67 61 72 95 20 -76 82 -50 60 -87 -93 14 -74 10 -10 -83 74 15 78 -60 -21 -24 15 -56 87 60 -44 -94 61 -66 91 44 48 -77 87 47 -16 96 -30 -39 60 97 66 -81 -21 -4 75 -62 -79 23 -60 -88 -45 -54 -17 15 25 -1 30 
-66 -6 -99 29 92 46 -87 42 1 22 -90 18 47 62 76 -71 1 -14 99 -41 27 -48 -28 83 -6 -8 18 -89 -17 90 -77 52 69 -25 -38 -78 -17 -44 -91 69 18 89 -38 -92 -13 -90 2 -18 36 47 60 94 59 79 84 97 -54 -38 -61 -83 10 -30 80 -56 -50 7 -24 -90 -57 -6 76 -19 -6 99 86 -32 11 -12 -23 -13 83 23 45 -26 75 27 -49 -27 21 -62 -29 73 -39 50 -82 3 -44 -11 -24 82 -64 47 29 -33 -16 -30 18 -52 -26 -58 
-56 14 -40 72 84 29 -36 96 26 -68 -26 -77 87 84 -84 57 -66 78 -19 -20 83 -56 -11 -30 -93 -6 33 5 77 -33 -86 -39 55 78 -39 -48 96 -31 -81 35 -97 -43 98 28 54 -51 -31 31 55 77 12 65 -16 -86 -39 47 70 -60 31 11 -72 -71 -12 87 4 14 75 48 2 33 -4 2 -42 27 77 -96 73 57 -32 -67 35 18 -22 32 -53 -31 18 -50 -13 -69 -23 -91 75 -35 47 82 -18 67 84 -32 24 -54 88 80 38 -83 -17 74 91 -41 
61 -25 65 -89 42 54 -9 -26 -100 -24 -79 69 62 39 -72 96 -74 71 49 65 38 -46 -91 -79 60 -13 -58 3 94 -82 -76 -4 -34 82 -69 -12 66 -66 51 57 100 -68 -56 -4 61 -62 57 -35 84 43 -20 64 -56 27 58 -28 -47 46 -26 -86 -22 -90 -46 31 7 -13 35 4 73 -94 90 22 16 40 -60 18 0 -70 -80 -3 -45 31 28 -83 28 87 65 -79 85 -70 70 -99 -73 7 30 -54 -35 -42 69 95 27 88 -39 -44 90 -4 -44 -41 -25 -16 
69 74 100 -55 -44 22 -31 45 68 22 81 -11 0 11 96 86 54 2 5 -10 -51 56 16 50 17 23 10 97 -70 63 100 -76 40 89 -32 42 -62 -10 -98 -31 13 74 48 -62 57 -45 -65 -65 16 -55 -36 1 -40 -25 -1 95 -36 -45 -8 -78 -37 94 -96 76 -82 -87 61 -13 37 94 52 7 19 49 -68 82 -50 6 95 54 6 -61 59 -69 48 -15 -99 -73 -79 -28 82 -17 -70 -77 -81 -51 83 -97 3 -91 91 37 -82 67 69 63 65 -48 -48 -23 
-47 -59 -12 -55 16 -1 77 70 -64 -41 -33 9 87 26 81 69 -56 -88 31 -100 70 -46 79 51 -42 37 89 -91 39 24 -58 -70 -21 -56 97 -34 -36 -41 96 97 16 -57 -55 18 -22 -47 -80 68 -85 60 36 -15 68 -33 -100 -31 14 10 -87 -10 -66 61 -97 69 70 7 -12 -1 -2 20 -50 98 36 92 57 74 71 -52 92 -98 -41 -94 -78 27 -25 33 -69 -82 35 -63 90 54 71 17 75 -94 -92 24 -76 -100 -90 10 -83 -27 10 -20 65 -42 24 -25 
34 -82 -15 90 -65 29 -67 -4 87 47 55 44 5 -71 3 84 91 -71 18 88 6 7 -58 -45 -14 1 -30 -23 -73 -99 64 68 -62 32 -28 -58 -23 19 -53 -20 21 66 -56 30 -36 78 -56 95 93 20 67 -57 -8 16 -54 -94 95 18 16 -31 48 45 95 52 -64 -15 36 70 78 -9 91 -53 80 29 43 -78 42 27 -10 -39 -33 -62 80 -100 -38 78 -20 25 88 -51 -13 -45 -40 11 -85 63 -67 -5 -47 1 96 94 14 -97 38 -30 -2 69 -20 34 
66 78 -41 54 -50 -19 72 -2 -48 -29 -85 18 -73 84 -80 -49 -76 -62 69 44 6 99 94 -42 -87 88 95 -13 88 -21 57 -74 -28 -44 -84 -58 3 -14 47 -52 3 97 -50 52 -27 17 -17 -99 -11 -97 -19 70 -69 86 -51 37 -98 -36 -54 30 60 -39 -46 -34 8 -24 -53 33 -37 52 -78 33 -17 97 3 -84 90 -15 46 -47 -46 -62 -4 91 -47 -16 88 25 -12 -1 20 33 88 -46 53 -99 37 -79 23 -90 25 -32 -77 -79 -23 12 7 -5 -76 61 
-29 -55 -47 38 65 36 9 73 100 -59 -44 82 44 -97 60 -97 20 -60 35 -80 -15 -16 -75 87 30 90 -85 -62 95 -51 -92 86 -29 -32 64 -52 -22 57 58 97 37 -56 -92 91 14 -44 -25 86 19 53 -13 -68 -100 -52 -33 41 47 -88 31 37 98 76 -17 -93 29 -15 27 2 -64 42 44 65 -68 -44 -44 53 1 -1 -77 -75 -27 52 -50 39 -80 62 -51 -88 0 79 -88 -42 -63 92 14 24 28 67 95 -76 90 -26 81 -19 7 79 -24 -17 64 73 
-24 12 47 11 -74 23 -64 -74 40 -97 -60 -45 96 60 41 -87 -62 86 22 45 -50 41 -18 31 -54 -33 100 -98 -95 90 94 85 -93 -98 -76 -59 -51 60 95 -25 -31 -46 -79 -83 1 90 -5 20 -6 4 55 33 5 -93 71 73 45 -68 -72 -78 68 92 13 96 81 -15 17 -34 85 93 49 -83 4 71 87 82 14 14 -25 -40 -16 -27 80 54 -37 39 -6 -10 -18 17 -22 93 -74 -88 64 59 -95 -77 61 14 -63 -79 -70 39 -6 -5 -15 -43 9 61 
-32 -65 -70 43 24 50 74 -89 21 -77 14 40 -72 83 -83 32 43 -97 -76 6 -57 -8 -75 -27 4 56 -98 -13 -66 50 12 57 61 85 -3 -45 3 35 -59 -85 -3 -97 -56 26 -62 -74 -79 -39 -67 79 -41 82 -76 -12 64 92 85 -68 9 -51 -27 -23 16 -69 80 -4 14 35 85 40 -75 -25 -31 -46 -96 -68 -12 23 -97 -16 76 34 37 -95 -20 100 6 -96 -51 96 -2 59 -39 -56 28 13 -8 -89 -31 42 44 49 0 29 -43 -28 33 96 -76 -66 
-53 -86 87 -38 -15 15 -100 -8 11 -43 -95 -83 8 99 6 32 -32 93 -35 18 1 77 -29 20 -93 -79 4 -29 87 -55 -45 -29 -93 -28 28 -67 -3 -43 -3 -11 0 -69 -96 -8 -70 -6 -97 -64 -92 -20 77 28 -44 -100 33 -41 -89 -48 -71 -57 48 30 -98 95 2 -77 59 38 -33 -82 -77 31 -98 71 61 79 69 -58 -53 -74 4 78 -14 -12 0 4 -32 -30 98 -60 -94 -53 18 0 63 89 -73 99 44 71 54 86 9 -26 36 -49 68 -58 32 -43 
-2 5 -33 -3 -82 47 43 -54 -60 -92 80 -2 88 55 50 73 14 58 66 60 44 -78 5 -33 -10 9 72 57 -78 -88 55 -47 -18 -64 91 -62 -56 82 14 -10 90 -36 -51 -30 -40 -25 27 38 -72 48 7 4 -29 -86 -39 98 -78 -36 45 -13 -63 36 51 -10 -62 -28 -48 -79 -22 -59 -89 -96 77 48 -19 -30 -47 -8 -76 2 -4 34 -82 70 10 96 -21 99 -68 78 40 90 -29 -6 27 9 -50 4 -73 -73 -29 -48 42 14 77 7 26 -48 65 74 
-35 -75 -6 34 -20 75 -85 21 -28 -76 -4 -89 26 -90 -60 -28 -53 -65 34 2 31 29 78 32 34 23 -78 92 -81 -36 -3 52 66 89 15 94 61 53 -22 -100 30 -90 63 -72 63 -75 53 -8 -93 -30 -57 40 -89 1 -37 76 99 28 48 -51 -76 94 -88 -33 69 -86 47 -5 -29 -73 -100 83 98 70 9 15 -84 87 75 38 97 87 96 5 83 -38 33 -8 62 -94 -84 26 38 92 95 81 -79 63 59 81 -52 -63 -35 -51 -57 72 77 -37 85 -99 
9 6 -74 -16 -37 90 6 84 -98 16 -57 -100 19 46 -72 -58 -20 -32 35 25 -61 -36 -34 -58 90 -52 77 33 -3 99 84 -73 70 -6 52 -15 -74 69 -45 -48 -58 -82 -1 13 98 -65 -3 -91 48 -89 98 -97 94 90 -61 -68 89 93 -94 -61 -41 70 -96 -4 61 63 -44 -7 -51 -38 -64 35 65 -4 -27 15 -66 91 62 77 30 82 -92 30 -17 41 88 -81 22 -57 58 79 -3 86 69 -42 -100 -65 75 -58 -82 35 39 100 33 5 14 -45 -77 84 
67 68 23 73 -23 77 -14 -53 56 33 86 -96 -31 0 75 10 11 -50 58 75 82 60 56 22 -10 -59 -41 80 -70 31 58 9 17 55 28 -34 -17 6 94 35 -62 -57 10 -90 49 -64 -47 3 -95 95 -28 99 75 19 -70 51 -57 -86 30 -61 -17 -30 -8 71 80 61 93 -44 -47 -100 -69 -27 -93 94 37 22 71 11 95 -25 -28 -45 -5 13 65 -49 8 -12 -26 -34 -29 77 -87 61 80 -89 79 30 73 5 62 -50 -91 -27 -46 59 54 62 71 -4 
-57 -67 -15 -62 -89 -56 -36 13 -96 -72 -52 -25 83 -99 40 4 -72 36 91 5 -51 99 -76 -92 -49 83 25 -89 -87 10 32 -39 -43 45 95 47 -68 37 85 91 -43 -42 -49 56 72 -3 62 -93 34 63 32 -27 28 -54 -15 -44 60 -30 -77 13 60 92 -21 78 57 88 -95 -25 -28 -4 26 -78 -83 -84 -48 46 -100 38 29 -97 32 87 -91 -87 75 -26 96 -63 99 -82 -40 19 -69 -26 -46 -52 -21 -80 85 17 37 98 -69 62 54 -72 68 -28 -15 78 
0 -39 -74 -89 10 -87 89 -96 -30 -48 13 5 15 -46 81 -47 0 59 96 40 9 -51 -93 44 85 53 27 36 4 -98 5 87 37 -80 40 36 93 94 73 99 2 -80 26 87 95 100 -34 50 34 -98 -16 10 -60 40 -21 -60 -85 42 81 93 63 71 22 17 35 68 -18 30 76 -59 83 18 -97 -47 17 23 15 -48 11 -2 22 -86 -75 22 53 84 -3 -92 -96 57 94 -26 73 34 47 -32 27 -15 51 -4 38 7 70 -97 92 46 -29 57 -36 52 
34 41 42 -7 42 32 33 52 47 81 -57 79 -44 -62 77 -42 -23 74 34 -53 97 -24 46 -84 -91 77 12 26 -30 -15 -59 -80 -53 23 5 22 58 -21 78 -73 -59 21 -59 -82 -44 1 2 40 79 -58 86 83 -86 46 57 84 -79 9 -89 78 98 -23 91 -75 -19 82 -92 34 69 -21 70 2 -32 86 -53 -6 38 -31 31 -53 -16 24 94 37 6 -97 -5 49 24 60 -66 65 92 -8 -1 -42 65 -9 2 -75 21 47 0 -93 71 -91 7 62 23 -67 
62 3 45 24 -16 -50 -27 98 51 -92 34 26 76 36 4 95 -64 -79 43 56 31 -94 -54 47 -37 63 2 22 -62 -56 100 -73 -87 35 38 92 -59 38 -84 45 60 -69 -57 31 -91 -22 64 64 68 -47 100 52 -6 63 15 -73 -93 47 10 4 -53 -83 -22 -22 21 69 -15 -88 55 32 80 -8 -1 11 -100 -46 -77 47 43 -100 7 -6 -91 -25 -68 -8 95 21 -46 49 37 -36 -93 -8 14 -59 -20 38 25 -76 -16 79 46 58 14 98 61 58 25 97 
79 -16 -62 -54 0 82 -71 -93 -82 90 71 89 63 56 -67 -98 45 -78 -73 -13 46 84 24 -52 -29 89 62 -22 96 -45 58 96 -99 -76 -19 -23 1 83 -60 -81 65 31 63 -42 -98 -33 -42 44 0 -75 -79 42 20 -48 31 -59 -18 25 -55 81 73 -22 35 -70 -44 -93 -80 -42 36 37 87 75 -46 -22 22 96 3 7 -84 -87 67 47 56 -80 -94 -6 12 -75 3 85 98 22 -12 33 36 50 97 99 90 13 65 0 -72 29 90 65 41 -33 44 50 
32 99 -15 -6 84 15 -6 -11 -33 99 49 -79 64 -12 22 -54 -74 -51 -37 -21 -43 82 -81 65 -53 -69 79 30 -13 -55 82 37 95 27 98 98 -38 10 -79 49 46 -58 -1 33 -12 58 -45 -77 28 92 32 -12 -31 55 79 -93 15 -64 -53 -57 41 38 9 -61 10 -95 76 47 12 -23 -16 -40 54 11 85 50 96 -55 -52 -26 -83 -29 57 -87 54 28 97 82 71 -72 27 -39 -61 55 -4 13 -65 74 -97 -78 -46 -46 -83 -23 -70 36 12 -69 79 -46 
-22 -94 -16 13 -30 23 69 -82 -33 -32 -22 -25 -8 -39 -55 95 2 83 -76 44 -59 2 99 -5 74 38 -76 -8 -11 -20 20 -10 -97 -52 51 -86 -66 94 72 1 -9 12 -53 40 19 60 8 3 -30 -43 73 -88 -16 13 -77 -42 62 81 -15 -83 100 -79 84 37 -73 -29 67 -77 57 -2 -75 -40 80 -23 85 -15 -9 93 11 8 -10 -30 -26 52 66 -45 -4 73 93 -62 -92 87 -24 53 -11 91 -17 -97 58 11 -5 -28 81 66 15 -65 -46 -83 -20 -53 
54 -75 -53 70 59 74 -3 -78 91 82 -66 -69 -5 -44 -88 49 -52 -41 79 45 96 22 76 93 -55 55 88 19 76 81 26 50 -76 42 -17 -36 15 -71 53 44 46 68 -81 84 61 51 91 -52 -66 19 62 11 -67 -69 65 -55 25 94 96 58 -25 2 -71 49 7 -33 -51 26 -72 18 99 29 66 62 19 -58 -32 -77 37 -12 -24 -15 -66 -61 -99 -25 -5 41 -95 95 30 86 23 68 -90 63 -77 15 -82 100 -44 -1 3 -74 -35 18 7 -79 -99 58 
41 20 -81 42 -100 -77 26 -21 -12 31 -96 13 8 -20 33 -91 70 23 67 52 -9 72 -22 -51 -48 30 -40 -8 -95 46 -87 47 63 80 22 82 56 -95 -51 -81 45 -82 -35 48 92 -38 -61 78 15 71 19 22 -90 -58 -32 -23 -5 -30 97 -27 11 17 22 59 -7 82 -35 -34 61 -55 35 85 25 66 -33 24 -27 92 -13 -87 49 10 60 54 16 -53 57 -58 41 -19 -74 -34 -99 35 -27 32 56 75 -56 29 60 3 16 -87 94 49 35 79 -26 67 
6 -86 59 -82 50 -29 -35 -43 -46 -88 85 10 -25 95 35 -57 3 -92 -80 -85 82 -41 80 99 -24 -22 -36 60 -92 27 72 -81 91 53 -19 -57 20 100 -64 6 -81 -8 45 -40 -100 84 -38 70 -78 42 43 -97 16 -15 -72 80 -15 60 47 -91 63 83 92 -36 15 -81 10 78 79 -72 2 50 -62 84 -85 -88 2 72 92 99 95 100 77 -60 -37 -29 16 68 -45 -92 3 -84 -59 62 -34 -7 60 -54 -70 14 -79 -39 39 11 -55 -86 -63 91 -42 64 
73 90 84 -62 -38 93 -95 25 33 -85 -95 41 1 12 36 -68 -27 -71 -83 -15 100 21 -34 -21 -5 3 -41 -43 -60 -49 -69 43 -30 75 -44 19 -24 88 1 -79 -3 94 4 87 -71 66 79 58 -17 20 -91 -29 54 -92 82 33 -93 -15 61 61 37 21 36 -16 -41 -1 95 96 -27 5 -81 -22 -37 -20 -42 -90 13 -12 -64 -68 -17 -63 89 96 53 59 -2 55 70 97 -70 -82 56 -48 -25 -70 69 -55 16 53 -69 -99 52 53 -9 -62 -15 87 79 4 
16 55 66 76 46 -97 -87 -100 16 -99 -100 -72 -16 4 19 -72 -40 -35 93 53 -99 -90 -67 -63 98 40 31 -4 88 -49 -66 41 66 -2 -54 51 57 -82 -26 -5 -18 11 -85 -31 65 99 -48 -5 17 -5 42 64 -67 -31 -86 35 -80 93 -24 -91 -49 57 42 -45 -6 -77 86 -50 79 -79 96 -86 24 -58 95 -59 -20 25 0 77 -53 33 -28 -33 -52 89 -15 33 -66 40 72 28 -52 -1 -97 8 -68 -69 -55 32 90 -30 -49 91 -100 -70 11 -92 -44 -71 
-80 -70 -19 43 5 -77 84 100 73 -74 -90 -70 92 -52 20 52 93 -13 -38 60 -91 71 -66 21 45 -57 64 73 44 -28 -78 -30 -71 -15 60 31 14 -70 0 40 -1 5 6 24 24 -33 -43 24 -48 84 -5 -29 -30 -38 -1 -66 22 -61 79 -18 -88 -5 -23 2 28 -43 -71 -49 -92 -73 47 -59 8 -28 -22 5 -70 -75 15 -82 78 48 -93 -65 -59 -32 0 -8 -91 -20 10 -82 -6 62 24 -82 36 17 -82 55 46 -15 4 80 -8 70 58 49 6 -56 
19 -27 -23 13 -21 -99 -13 -79 -47 95 47 -41 -32 -9 4 63 90 91 0 66 -91 -94 -33 32 63 21 -81 -26 -92 57 -38 -42 -38 96 15 -49 96 -36 -81 72 -43 65 49 -85 -36 -61 19 67 26 -39 -96 75 -2 94 29 21 85 49 0 -48 7 -60 -33 -6 98 31 -28 -65 95 22 20 89 -98 87 -96 -6 -63 -22 58 -30 -31 -62 -81 37 -36 -48 56 -15 52 69 62 -8 46 -14 -43 34 -94 -69 6 -8 -23 28 -75 59 -2 -45 8 -1 77 -22 
59 81 55 -6 -5 65 9 37 31 28 41 -51 12 -9 61 -41 -52 -63 23 42 68 -96 72 33 90 93 -27 -48 -64 -26 -73 56 10 82 83 7 -63 65 -87 -48 -32 97 42 53 -41 14 -11 38 80 94 34 -93 66 62 -98 -33 7 -82 -5 -63 -3 4 -65 -95 -22 78 84 70 -60 10 -37 -62 65 -90 2 -16 -80 -86 92 -61 50 26 -15 38 -57 -93 -37 -23 -82 39 65 15 21 51 -27 -64 97 70 92 -16 43 -21 91 -39 88 3 10 37 -63 -19 
6 -69 37 -15 -41 34 5 -20 1 -16 18 -23 -73 -33 -62 -85 -36 45 88 66 -35 -30 -54 45 40 54 -61 74 -93 63 -17 -20 26 -24 16 94 62 -63 -4 -44 -50 6 1 -64 65 12 92 78 80 7 -93 18 -38 -37 -48 89 -7 -33 66 59 92 85 -32 88 -1 -86 100 -76 30 40 87 89 -76 -45 62 -10 -12 26 26 -29 -64 -56 -30 -52 18 -19 11 7 20 -75 77 -93 -9 -26 97 -32 -49 -63 -14 32 97 -47 -32 -62 -34 43 -72 -55 80 95 
32 -30 -81 -86 -57 96 -69 -78 50 38 95 36 -77 80 -58 89 72 32 91 32 -24 -30 35 -2 -65 8 -51 60 4 -14 30 73 99 -74 -100 73 27 7 -65 -14 1 47 -21 -54 -66 -5 -21 14 -64 98 26 82 49 -86 44 -91 46 76 35 -80 -15 -16 -32 -19 -73 -36 36 -38 46 44 -54 28 -93 -32 -76 75 -47 -92 -77 -40 35 82 22 -61 -46 61 81 -53 -88 -40 93 -77 -53 41 95 7 66 20 -89 72 85 40 43 -76 93 -96 -55 71 46 -69 
0 30 -52 95 13 -60 66 93 -77 81 16 7 64 80 -100 50 99 88 -21 96 61 22 81 -32 -88 -7 -53 47 4 57 -55 86 91 24 -6 9 8 3 3 -85 -20 -71 -42 95 45 14 -36 44 41 3 12 58 -65 74 61 62 38 -46 -72 89 -30 99 24 -2 63 -22 67 86 61 14 57 5 41 -21 -67 18 9 -78 66 -100 60 -97 -20 -59 48 55 89 97 -51 -48 84 12 -54 -93 11 -18 99 -65 -73 -20 -37 96 -60 92 55 -54 89 -63 7 12 
50 93 44 95 100 -91 -38 -74 -1 -79 19 31 30 78 60 -82 -78 -92 -12 44 38 -7 68 -26 -56 -60 -30 -79 -48 100 -4 88 -34 -3 -63 47 5 66 63 -2 -100 57 14 -3 -34 24 -77 4 -10 4 -28 51 -95 -39 -19 61 -89 -33 -9 -82 -42 -58 100 -68 75 93 51 -20 94 -34 23 42 60 -17 99 -45 80 79 69 63 12 59 9 -84 -97 44 -14 -59 66 19 -5 92 75 -97 -97 80 -30 -83 7 16 15 -7 93 -41 -43 57 38 -25 95 79 
-62 37 97 46 83 -30 15 87 -68 -14 -77 71 -28 65 41 17 75 -79 70 -80 0 -58 -9 16 -63 -8 76 60 12 25 -90 -51 60 -28 72 51 84 42 -48 98 7 -43 93 41 69 -73 -47 73 65 72 35 19 32 67 72 -23 -42 33 -48 -21 21 48 -15 -8 18 -15 97 19 91 86 -12 -62 -75 95 8 -66 62 -9 -90 -100 97 -96 -51 -50 -41 19 -78 16 3 -67 74 -29 -49 49 8 -67 -79 -16 88 -87 67 -77 -21 -69 49 40 65 89 -21 -35 
11 -73 26 -94 -76 28 29 45 -90 -53 3 -84 -22 -4 -8 -80 -89 -65 60 51 90 35 4 91 40 87 25 97 -73 -94 57 92 49 7 -14 -100 19 95 65 -50 -46 100 -86 79 -47 -45 52 84 -19 -42 -48 -34 70 3 -55 41 12 -62 5 31 39 -7 -65 -1 -24 66 18 -25 -63 -72 97 34 34 4 -22 50 90 -66 33 -29 49 -8 -2 -92 52 55 -9 59 83 -100 -14 -1 59 75 -2 -88 4 33 -80 1 -67 -51 -65 26 -36 -70 -67 93 80 -50 
0 19 37 -9 54 -69 76 100 91 83 49 -11 69 72 -3 21 55 -54 24 -23 -5 95 -49 -77 -49 62 -34 38 53 61 -23 64 61 -47 -16 73 -73 -78 95 46 -35 -71 35 10 54 34 81 54 48 -19 -34 30 55 12 18 67 39 -42 21 19 -71 45 -7 33 92 -64 -28 -32 -63 -53 50 -21 -85 -10 52 57 50 -17 67 61 76 -13 33 18 -71 -44 -76 -96 -67 28 -41 5 34 -23 58 42 25 6 -62 45 -56 13 -16 -38 -30 12 -93 89 17 47 
30 -64 -75 40 -41 -70 -57 -49 -94 -27 -74 52 34 65 -74 77 74 -31 -29 -75 -20 -27 -53 -78 -23 41 52 64 64 -98 -77 -42 8 -66 -76 -94 58 98 -76 -65 -36 82 -83 82 -19 -83 -10 -52 -26 -77 -31 27 -97 71 48 -2 -75 -79 -55 -61 44 46 35 -5 14 51 -92 -99 38 47 -57 18 -13 63 77 -98 61 43 -36 78 26 -68 -38 64 -36 -13 90 48 -6 50 -17 31 -19 72 -74 74 -92 -88 -4 51 7 -21 86 -90 -93 -17 -60 -75 -4 -56 
-99 79 -100 -67 51 59 -60 16 51 93 59 62 -68 -98 -74 32 17 66 89 94 -6 -34 -99 74 -95 -32 68 -54 -91 -56 -74 18 27 -68 -80 -20 -73 10 16 -1 -73 49 -32 -60 45 -21 -10 62 -73 58 41 97 48 50 -9 -53 -95 -1 12 -44 93 -32 73 -76 14 81 -21 -54 -72 89 34 10 58 66 -89 95 -38 34 95 -44 20 96 52 -92 27 41 72 -89 1 -48 -57 -33 -2 18 8 -37 75 17 -52 -6 81 4 59 77 91 -90 -16 35 -64 46 
64 90 -99 69 39 -87 -42 100 77 77 -86 -48 -92 96 -84 51 45 -51 56 -22 97 90 6 55 20 31 -99 -78 24 32 -54 55 73 68 -41 -84 94 91 -63 -17 78 -3 48 -77 38 75 -92 -52 -71 -56 99 24 -56 -16 -31 -58 -48 2 -58 53 -54 -82 93 31 79 -69 -81 -57 30 -84 94 -93 -94 74 89 13 -77 68 -75 -70 -7 -5 -32 -66 -10 97 94 -23 -29 40 -3 -68 82 72 80 45 -84 -7 -73 99 62 -2 -65 -98 60 45 97 96 48 67 
-58 86 73 14 -22 84 -36 -99 -40 0 54 -30 14 -77 92 -62 -76 -41 -69 -30 54 5 28 -89 40 1 83 78 22 37 -99 -90 23 -23 -70 -21 100 85 7 -19 31 -13 -60 -61 -98 -63 8 45 -91 10 15 -50 -22 -81 -8 -75 -70 -76 -20 -45 46 -73 4 35 45 8 -5 72 57 10 79 70 -1 -23 -49 -56 49 5 18 -100 -41 65 85 -92 -10 -70 98 -71 -52 47 59 -31 66 81 55 -61 2 30 -45 76 -39 35 83 -29 19 79 -27 88 -53 -45 
73 -73 -37 -26 13 8 25 -63 -4 93 55 -87 49 -12 48 -94 48 36 -73 39 -84 82 -69 54 -18 -31 -83 2 56 83 58 -15 -76 92 63 -13 56 -58 -41 80 25 28 90 -68 50 52 -79 41 -89 -83 88 26 19 -11 47 72 24 -45 21 -81 32 27 -81 9 -39 60 95 -22 33 -31 -53 80 -84 -57 50 19 14 87 -56 55 12 11 -53 21 13 11 -1 19 7 99 -27 50 -52 74 93 -18 5 6 53 74 90 43 20 -3 -100 -60 -75 -34 49 37 
-94 -32 -15 90 -93 27 -52 -57 61 35 11 41 69 74 -26 77 65 12 11 -11 -12 -8 -21 68 -36 96 -9 6 -35 71 60 -22 -95 -57 -26 79 58 -40 24 -30 -82 39 -90 -19 29 71 6 80 -75 -58 -76 -62 42 47 72 -36 72 15 16 48 -12 80 60 42 -81 -65 -95 22 -86 23 91 -12 12 54 61 78 86 -62 -40 -18 -45 -32 52 60 71 -9 -68 -37 17 65 -71 -78 -73 95 70 -25 36 20 -36 -66 62 82 27 -76 -12 -26 63 99 65 33 
-29 -52 -57 41 -68 90 -65 42 -78 -55 9 70 23 -90 75 -49 41 7 -64 -26 -41 -83 30 87 -89 -89 -81 -9 -1 38 -27 43 56 38 -91 -67 68 -71 99 93 -76 -31 64 81 58 -70 -45 -7 6 -50 -11 -55 -63 15 34 -62 -82 14 -72 -92 55 79 -12 79 50 -14 59 -95 62 -22 38 -3 -58 92 -44 -8 -93 -44 -48 89 64 -82 46 66 43 -72 -59 98 -90 -88 83 10 2 69 -47 -95 56 59 87 37 -37 90 49 54 -32 28 -7 31 -83 16 
-92 79 92 -35 -53 53 -87 -26 -95 -6 9 -14 87 -77 70 -1 17 87 -40 -7 -25 -56 -26 78 82 57 -73 6 -92 -7 21 -6 33 -77 -18 48 23 -93 84 -55 -28 77 1 -51 -92 40 39 -56 85 65 70 76 33 75 -49 2 17 91 44 55 -60 -97 82 -25 82 -21 -83 -88 15 -46 21 73 57 -86 -15 -57 -57 -30 -40 2 67 -91 -46 56 -27 87 -22 -50 -88 48 -65 -60 25 77 30 -73 97 -81 63 51 90 26 -85 36 100 33 -3 33 -41 65 
95 95 30 -93 -79 -12 97 1 -61 -3 47 -5 65 91 -27 -2 36 -12 67 49 -50 -73 71 -73 60 26 -22 -85 26 100 41 -35 93 74 5 59 42 15 -98 41 -48 -91 -64 53 33 -43 -43 -93 -78 -65 42 -57 80 82 -41 15 74 -44 6 23 65 -4 54 72 -16 -17 92 72 5 80 56 -5 50 85 -2 -22 85 22 91 -48 -36 57 30 99 10 53 84 -54 26 74 39 -15 41 100 16 -7 6 30 69 13 83 80 90 15 -15 79 81 60 -63 100 
-35 43 81 -33 39 98 -29 -31 -21 84 48 -79 69 -30 -59 70 -63 60 97 7 59 -94 -89 -3 55 -14 78 -27 -53 68 -64 63 27 -71 57 5 -100 34 -91 -28 96 -61 45 50 -31 -41 13 -93 -93 -77 -23 26 -60 86 44 -81 9 42 -22 -74 -30 15 30 84 14 28 17 48 99 14 -39 -50 -7 -40 -2 33 -67 6 -93 72 -36 -37 45 56 69 -4 -89 -9 -45 87 32 -37 88 72 -82 -58 -73 21 72 -10 -32 4 54 55 -92 3 70 76 9 -41 
-44 -54 -43 -13 -96 -85 41 53 -90 -95 -36 74 -93 -45 62 45 -21 95 -77 3 -83 -53 56 -88 -12 -73 14 14 38 -19 85 59 31 10 -62 35 -79 80 76 45 -49 21 52 91 25 87 51 3 -95 -35 -20 -44 64 26 -1 69 -99 -38 -57 79 95 9 -87 -51 -9 -90 -56 -77 -50 -69 82 98 20 24 85 41 51 59 -9 -18 -19 96 -14 20 55 60 -86 -25 -48 -25 -89 -8 -28 45 -10 -82 16 -6 19 -2 -66 30 -61 -73 17 18 95 42 86 -25 
-67 18 -37 23 -39 -66 27 22 59 -26 95 14 3 94 78 -92 23 -50 22 85 16 -23 -55 -74 30 -39 100 99 77 67 -22 -67 89 -34 53 -95 42 31 57 -52 -52 23 -80 -81 4 -85 57 70 49 -44 -82 68 42 2 83 48 -81 46 54 15 33 3 -25 78 -61 12 -23 -19 47 -46 -56 -15 -1 92 42 77 -49 60 -78 -40 50 -32 -61 -73 89 72 -39 24 90 -34 20 71 54 0 50 -85 -1 -54 -1 83 18 -25 92 2 76 16 45 74 -76 82 
-43 93 58 -90 -25 92 46 98 -85 -19 34 9 51 92 -42 42 20 -1 -12 91 -50 19 82 -25 -43 77 -38 70 -25 49 -42 96 81 -84 20 35 -77 68 -90 -18 -62 -15 90 90 65 54 -42 -95 85 15 18 -53 34 26 -15 42 -34 49 -60 -44 49 -60 93 45 40 -59 88 83 -59 51 71 -79 -12 50 -14 -87 92 -79 79 -65 61 95 79 -65 -47 31 -37 -79 40 -59 -10 -52 -46 27 -100 -54 -86 -6 82 -39 -33 -88 89 81 -20 -13 88 -91 57 -61 
-37 71 -17 -76 94 -44 -85 34 69 37 -17 45 50 -36 16 -76 -2 92 -48 41 -79 98 -58 -34 9 -56 42 -68 94 -6 -90 42 -67 -75 5 36 -79 -53 -53 -99 -60 14 -9 40 100 36 -97 -33 81 78 -38 44 28 -47 8 -35 -82 39 61 59 38 8 -52 68 26 -25 -34 88 34 63 50 81 30 16 -88 11 42 9 53 -46 0 92 36 84 -94 -28 92 -27 75 -70 -62 13 -60 85 -82 83 -61 98 52 82 31 -56 60 79 69 -47 87 55 23 45 
88 -29 55 -23 82 21 -70 -63 77 -35 40 -55 91 -9 67 90 79 65 -40 -81 80 -78 -16 17 99 52 100 30 79 -9 43 100 -100 28 86 -96 -11 63 -80 6 -86 60 87 61 -42 -61 33 -58 36 -47 91 -34 -79 -91 27 -75 80 -30 86 77 -54 -51 55 -50 75 -72 -26 20 -54 27 29 -43 -95 77 50 -69 52 -55 67 60 37 42 -84 69 4 20 -40 -53 3 40 -9 28 54 -29 -43 -49 27 55 96 52 49 -88 49 -78 39 70 -92 -31 -82 -4 
74 32 -61 -47 -31 -27 -50 -79 -42 96 -89 48 -9 -32 -88 90 -82 -54 39 -25 -11 -5 -96 -90 -4 -30 45 -50 18 -82 -12 85 47 18 41 1 -72 8 -14 -59 98 44 -76 63 54 84 -30 60 6 98 -90 75 10 -50 -70 24 -82 -20 -2 68 -92 -14 -9 34 -56 77 76 -70 24 -98 52 98 78 100 -56 16 95 -68 36 85 -12 78 43 -41 17 -54 53 81 7 17 -50 44 37 65 11 -87 -51 13 81 -43 -31 -89 73 43 65 97 -12 81 9 20 
-11 32 39 28 -97 -20 41 9 -65 6 5 -4 98 63 -30 -95 -53 24 -45 15 30 -33 6 -52 84 23 -15 -21 -67 88 -24 88 -67 39 77 28 -28 -72 72 -28 -76 -67 -34 99 81 5 -92 -61 -79 -20 -70 7 23 79 -29 69 15 -53 -67 -40 100 36 89 61 86 -19 98 -18 53 -95 -52 85 -35 26 -53 -72 -65 51 -16 1 -52 60 55 -70 62 15 -76 -40 -20 -28 -15 -73 -61 35 -95 -88 -98 -93 39 -81 -13 -34 -97 46 -65 91 -37 68 52 68 
-85 -56 89 44 98 -92 -79 80 -43 -65 -20 94 70 66 15 -49 -18 32 -52 96 50 -42 -76 28 -38 56 -48 48 21 -76 49 69 -20 65 69 32 50 -69 -95 -49 -96 -65 -100 59 1 -28 -14 85 25 -39 -52 -74 82 -70 -64 58 4 87 -56 49 -80 82 -92 10 -10 -90 -58 -53 -86 -85 52 29 -62 -20 -69 84 75 54 -71 42 -39 -66 85 -20 -15 -70 -46 79 -85 -42 1 44 -21 -70 -86 -47 90 4 11 -38 -9 -98 -75 -55 69 -17 33 -59 -42 -44 
27 -5 -51 39 -77 -2 -12 17 85 -49 -79 54 29 -52 -79 -35 -39 -78 -45 100 -17 65 -32 -34 -98 79 -80 -41 -85 4 57 72 -74 39 98 25 -7 8 68 -63 -46 -80 -6 26 44 14 -97 -91 12 72 -86 52 -51 -51 19 -34 44 -64 72 0 68 -96 74 92 78 79 21 -59 -17 38 59 8 44 94 94 98 69 -57 -11 96 29 -3 21 -28 -54 -53 95 -41 72 -9 70 -7 -91 -96 -6 -24 89 73 -90 63 -99 -30 -92 -80 -71 -68 45 3 -40 -86 
-30 -67 -99 -88 51 91 80 79 27 5 -79 76 52 -45 79 -15 61 71 6 -1 35 2 50 94 -89 -100 -70 24 -66 -76 47 -6 35 -65 -3 17 97 -37 -63 -56 -27 -67 -55 92 -51 -89 -56 -62 -73 0 -29 -72 -36 11 -92 -3 -55 40 -90 -35 2 -35 49 -90 28 -28 13 -69 -11 33 75 43 -21 -2 6 26 97 -10 16 30 1 93 91 -76 19 -40 -62 11 -11 -69 28 31 94 24 54 -32 -36 -61 42 -82 -33 -71 73 77 77 -44 -37 -74 -35 -92 
-30 -82 -40 -10 41 50 38 -35 -5 90 86 87 0 -51 70 53 77 75 82 8 -50 74 -82 27 -80 78 49 70 95 35 -34 -70 19 98 -82 -3 -15 -54 -69 35 -48 81 -59 -55 60 -32 -82 61 -28 53 -54 -27 -39 10 -72 46 85 -21 38 35 20 35 19 -39 -96 -16 62 -53 -79 71 -52 77 47 9 -34 -29 78 23 22 14 83 66 49 -95 -47 -53 -7 -92 42 -95 13 -2 53 -94 -15 11 -18 -63 25 71 0 -41 -28 -39 32 -22 58 -60 28 -57 
35 72 0 32 52 -64 -31 57 -62 30 45 -98 -20 80 -88 -65 81 56 78 77 49 -20 10 -6 43 -49 90 90 -81 -84 18 -31 -40 -81 42 -97 -25 -54 -72 -90 -88 -72 -39 96 -89 -6 4 46 40 10 -12 -78 76 -97 -53 51 -100 94 -30 -67 72 -32 -86 3 91 89 -43 26 93 -98 60 -25 27 -36 -9 31 -44 -68 -89 22 19 -11 0 -12 -31 30 47 96 -48 9 -70 99 55 17 27 -33 -59 -22 97 69 57 27 34 -74 -32 39 -95 90 73 -69 
20 12 -7 0 6 49 -16 66 93 63 -30 18 95 51 69 -6 45 -1 56 58 -5 89 36 -21 -29 43 -80 41 21 -46 51 -39 -14 -79 -2 -85 -13 -91 50 -4 -48 35 -97 -53 73 -24 -95 8 83 -95 -96 -78 -3 -42 33 -33 38 -22 97 88 -66 29 44 -2 40 -16 13 13 -56 -4 -45 100 76 52 -73 -72 2 -100 67 30 -85 50 -55 -16 -83 78 -34 68 -75 -35 -18 -35 52 67 -51 -35 96 -78 87 70 98 -50 57 84 -71 25 -49 79 -63 71 
83 -53 92 -97 81 -93 9 56 85 -70 75 -57 97 -73 -75 -95 43 58 -66 40 58 -93 -24 98 76 -38 40 25 17 -35 68 -88 -50 -80 -25 76 39 -64 18 25 -70 -59 -30 66 -43 -28 -16 -40 -87 -10 46 53 -80 97 -63 -33 -77 58 73 -25 -89 20 -9 -51 43 -35 11 57 41 66 -20 66 53 -87 -68 36 13 44 -26 71 -40 72 96 -4 -73 -39 -82 -68 -82 95 -28 29 57 -34 -45 96 22 43 33 -57 -66 3 26 -73 21 41 38 -76 -64 6 
88 -1 75 -41 53 -19 42 94 -29 7 29 -87 -60 -64 23 -95 -47 15 74 17 -19 80 -72 27 65 3 -35 -64 83 -43 -72 88 -92 3 93 36 36 -86 80 -31 27 66 -91 -10 65 7 -82 77 98 -96 -87 -27 69 72 91 79 -78 -1 92 22 -82 41 -68 58 92 90 -15 66 23 -74 93 -34 49 -40 57 -93 47 11 3 -46 -6 -12 -63 -95 -86 73 39 8 -29 9 70 -93 -10 9 -83 -81 -40 100 66 -71 -60 -87 54 51 -94 66 -86 -61 -74 -34 
75 32 -63 36 64 62 -42 -1 -49 50 58 -16 27 24 91 3 63 77 41 76 84 -73 -56 79 70 -53 96 76 -2 -2 -96 80 32 -52 -35 49 21 15 58 -1 -29 5 -34 12 42 93 73 24 68 77 -43 13 -62 -77 48 -51 59 -17 30 73 20 26 16 -92 -90 -62 80 69 7 -73 11 -30 -76 -52 -59 33 24 48 21 71 -46 29 -33 89 -73 -48 -12 35 -5 74 -85 -55 79 59 -58 87 42 -68 28 95 63 -45 9 70 87 -1 39 -82 -1 0 
-18 -100 8 40 66 71 -37 -41 32 -90 76 78 18 87 99 -62 86 69 41 -21 -45 -67 18 48 21 24 67 -36 -62 92 88 97 16 22 -49 31 -32 -85 79 19 29 98 51 -64 -52 -11 -57 -11 25 38 64 -82 5 -44 83 20 51 42 -20 -65 -68 -99 75 78 -9 61 -46 71 -88 88 0 79 49 -86 -77 -11 -60 -35 -30 -3 -65 28 -54 -75 -47 -68 -71 -65 -69 -44 -5 25 -21 100 -62 29 -48 62 40 -10 0 22 -41 -78 20 -71 -80 28 4 17 
