59 5 -87 44 88 -90 74 93 -49 72 49 -77 55 -98 58 88 -35 14 75 33 -91 62 54 -13 -32 64 -47 33 61 -95 -96 -21 -22 -87 -86 32 -55 -28 48 11 -53 -82 -36 4 -4 -43 
21 86 -58 -54 96 -98 40 61 -48 -98 -53 67 1 63 4 -30 -62 -69 -54 40 1 -47 -65 -56 70 37 57 49 26 20 47 16 23 -91 74 87 -57 40 70 72 -26 8 -1 85 64 92 
-13 7 -50 2 -21 -34 -71 -1 -90 -67 65 18 -89 -37 -46 -48 -33 -38 23 -9 -87 38 -80 -53 -63 53 -100 8 40 33 -9 46 -33 -86 -37 -1 29 -55 -100 -3 8 -55 -46 1 13 67 
-53 21 56 65 8 -20 -84 29 -69 -48 44 -12 69 45 95 64 -91 52 -3 15 -98 -38 -66 96 -69 -1 78 61 -19 -47 32 -76 9 26 -94 12 3 0 47 95 -84 -11 41 72 64 -81 
-29 51 55 94 91 -92 -42 -1 13 -29 -67 6 52 53 66 -79 48 29 9 82 -22 45 13 -89 28 79 -6 -68 -42 -86 2 60 -18 58 -7 89 -28 -61 -41 82 13 -36 9 -22 68 23 
87 -23 -26 -78 -37 -58 -55 -88 -87 58 37 92 -94 28 51 -36 -33 84 -92 55 -74 59 72 50 -13 -55 -91 20 -84 -19 19 -22 55 3 -89 30 89 -31 -81 -26 -26 -34 -69 98 24 -29 
40 -3 27 -71 -31 37 -56 -89 96 -12 60 100 -33 48 -49 -90 15 -26 11 64 -15 97 25 -14 -95 83 16 -22 -79 48 93 76 66 74 -89 -37 -75 -69 39 11 -54 -86 88 89 -13 -11 
40 -92 -84 -94 60 19 25 89 -11 28 12 -43 -29 -10 -17 46 -51 55 98 -91 73 59 -62 48 32 -74 -87 59 -36 -87 -28 29 -42 62 -13 63 85 17 17 43 41 -73 -41 -13 -35 75 
3 9 29 26 95 -74 -3 -44 23 38 -40 54 23 17 -24 6 86 72 -94 31 -39 -80 45 33 96 88 33 49 -61 25 53 55 79 -37 87 90 -27 -1 55 -57 44 30 -28 -33 49 -43 
-60 68 -32 6 12 -31 -71 62 -44 42 21 -91 26 1 -76 18 -28 64 89 -67 -88 31 87 -9 55 -34 -36 81 38 57 85 70 20 -47 99 -19 -65 29 0 78 -50 27 35 -64 79 59 
27 -29 16 -90 24 66 -89 -61 100 43 84 57 -20 3 -90 80 -66 -87 12 71 -79 -77 -39 36 12 98 -76 -70 6 -32 -41 -49 49 99 10 -75 -60 46 81 3 -24 86 -1 48 -82 -46 
-90 7 50 -34 -85 -20 61 -28 -19 24 41 -98 -91 40 -50 -17 -63 -82 47 15 -93 -89 -35 -99 42 -75 23 -80 56 97 -44 -38 8 80 -47 -31 -80 -41 -1 0 21 79 -56 -93 88 -41 
-49 30 36 -67 82 100 99 -71 -14 -50 -21 -35 84 12 -11 4 -32 -3 25 13 -5 -28 32 -41 2 -58 -40 86 0 43 -77 26 40 -50 -82 84 -70 69 29 89 84 24 81 -9 92 1 
84 38 -65 -10 94 12 -1 -74 -97 -64 -100 -68 -67 -53 -51 -55 46 1 -12 -12 90 83 30 -91 41 -30 -1 5 83 -77 32 40 -5 100 32 -98 -27 -73 -54 28 -81 73 16 -72 -59 52 
61 -9 48 -81 55 -23 73 -70 96 70 -37 -99 50 -78 -28 -74 50 34 -42 53 87 28 -18 -20 -58 -94 -72 -83 -46 4 -66 54 9 -93 -23 -2 93 -33 -86 -1 60 74 -71 -30 -73 -84 
87 -53 -73 -37 -4 -63 49 -97 36 78 75 -84 -75 21 -17 -72 -48 15 36 -41 -51 15 -28 77 -96 38 -61 -24 -48 36 95 -83 25 -47 -98 -91 16 99 50 -44 -53 -63 6 -26 43 39 
-70 60 -5 -91 6 21 62 45 -57 -15 70 83 -75 0 -41 -65 6 85 -45 -86 54 63 15 1 17 -43 -60 -36 -42 -8 -22 -68 18 81 -7 -27 -43 -24 -35 -42 -17 3 -3 93 -59 21 
49 -22 91 69 89 -18 -16 82 -38 -41 -35 -1 -35 33 20 69 40 -70 13 91 -85 -15 94 42 -12 -62 -19 -71 -77 44 43 19 -45 89 58 74 89 -83 -82 -64 90 -50 -41 51 -15 -83 
-90 -81 78 44 18 -47 18 -66 -82 89 -70 2 -58 -15 100 94 22 37 26 44 -2 49 -47 -32 -55 -100 -82 -1 55 26 -87 -66 64 -41 80 -5 29 85 -63 -31 -81 -33 -50 92 -54 41 
-73 -34 99 -94 67 50 76 33 -60 -16 78 -17 -10 -61 92 -81 70 73 12 -68 53 -9 29 55 -77 -61 -19 86 19 -78 -78 16 74 34 78 -69 46 70 15 21 3 -9 3 -95 -23 42 
-18 78 87 98 -55 97 27 14 1 83 64 -46 13 57 -26 0 -31 20 97 43 96 30 16 -12 -39 39 -83 -46 -40 14 -42 -12 52 71 -9 94 16 -55 -69 -90 28 -7 4 51 -55 -25 
42 -5 99 16 9 -72 19 90 -6 -26 -98 -62 -15 42 -2 -9 -34 94 64 -100 -75 -38 -26 -59 3 47 58 -41 98 22 -10 76 100 33 74 83 0 66 -13 -10 -86 85 68 -54 -82 82 
-38 58 -47 -73 3 -76 -46 79 -49 -65 -81 55 10 -86 66 -52 30 -75 -35 94 -77 44 94 -31 -81 74 80 19 -34 -53 -55 -78 -82 -80 29 44 -5 -6 -46 99 11 -3 -1 57 -1 -48 
33 -1 62 -13 24 -71 -55 -8 -84 79 100 92 -56 57 -80 -47 57 -66 99 98 63 -54 34 21 41 -86 9 -68 -56 -28 42 -12 62 -66 -79 -78 83 -63 -66 -65 1 35 -16 47 42 99 
43 -36 18 61 -13 -38 -34 21 -9 -85 33 -76 -82 -41 -56 -52 88 -36 -76 -77 -85 68 10 -44 -90 -60 53 98 -64 -36 -6 95 -11 -76 29 16 -27 -98 29 -96 85 -16 45 95 17 74 
14 -8 31 -86 -26 -86 30 42 5 12 -91 -9 93 -89 29 4 -30 -25 18 -46 37 82 6 -10 -58 12 36 10 -76 33 31 74 1 -93 44 -27 0 -27 99 -17 56 38 -70 1 -25 43 
-68 5 16 12 -25 -65 59 -2 -46 -15 -71 61 -74 -4 -34 58 48 -80 -19 35 100 93 26 25 -97 73 15 48 95 -13 -25 85 16 18 94 90 85 75 52 2 71 86 53 47 100 -14 
-32 -20 37 61 -88 -88 5 56 2 7 -76 72 -22 -67 -93 43 0 -74 -20 -26 38 -95 12 -31 43 14 68 -36 82 64 -90 -5 70 80 29 37 -71 -29 -71 -2 42 -17 21 62 -24 -89 
-63 39 26 -15 -92 42 -79 79 32 90 -89 24 91 -90 49 39 -84 -79 24 90 70 1 -40 59 -4 -77 -65 66 80 -58 11 94 97 -47 -99 61 -45 -36 -8 35 -73 83 -82 -35 -48 94 
-52 48 -27 -28 -92 -68 65 79 63 -98 13 79 29 48 -25 -26 64 11 -65 -12 32 -51 -63 -64 -42 -95 -16 -17 -94 1 -27 -6 -66 -1 -32 14 -30 12 -87 -71 96 91 68 72 21 94 
-45 -8 -46 -37 -9 -26 78 -24 74 70 -92 -97 -30 86 83 -59 75 -99 13 52 -43 40 -97 -95 76 -47 62 -100 -32 3 -82 -60 -61 57 -99 63 51 45 -66 -6 -74 -6 72 -97 -89 46 
79 16 -74 27 -30 50 -9 60 -30 -91 25 51 -76 45 91 -13 75 -39 -15 -73 53 10 15 58 30 -52 90 33 -86 63 -51 76 40 -52 -42 -60 -35 91 -54 10 94 90 46 80 6 11 
21 -65 22 30 31 71 63 -32 -70 -11 -5 -97 -68 38 77 33 47 70 91 -35 15 -33 39 9 40 -66 1 38 58 -42 -44 17 15 79 92 10 -56 -53 26 7 -29 -29 60 -55 78 87 
0 -28 -73 -11 42 -91 -73 -93 100 -52 -42 -16 -10 -29 37 -29 2 69 -8 -42 90 82 -2 82 34 8 -58 -2 68 31 -100 -20 -65 47 15 7 -96 -43 34 -33 -25 -10 -88 -8 91 2 
13 20 -84 -25 46 55 -60 -46 -88 100 -39 -67 20 30 69 28 -94 23 -1 -25 -57 -29 60 -85 9 -34 -73 79 57 -92 51 -58 14 26 76 -28 51 22 -53 13 12 -32 93 49 28 -81 
33 1 -74 -13 -37 -77 -68 37 -21 -68 46 -99 -43 2 40 -79 -30 -27 39 78 -77 49 -26 -22 -75 99 -47 37 -76 -20 -53 -22 32 -28 -58 -33 79 35 -72 99 -97 97 -51 40 48 15 
-35 -16 -40 -83 27 31 33 31 -66 92 86 -28 -77 -61 -52 55 58 20 -48 -6 -66 16 51 -38 58 -97 -76 34 27 -84 -37 22 88 73 42 61 -49 5 74 -77 75 24 8 -35 0 94 
-74 -20 -34 -7 -77 45 -97 67 -62 -65 0 66 15 -46 -55 -88 85 -1 -41 -97 29 74 -86 79 -77 9 72 71 -41 -84 86 -36 36 70 11 -10 76 78 -32 -47 -99 35 16 -44 -26 -6 
29 -12 39 80 22 -14 -49 2 16 84 -59 -99 -83 4 -57 -65 57 22 -90 -61 66 47 -38 -1 87 43 -69 -57 8 44 65 5 -67 -56 -17 -27 53 -68 -48 -61 18 -4 77 -50 -22 -75 
9 14 34 66 -59 60 -43 -87 -35 53 46 -70 -26 -43 26 -37 -86 -60 -49 -58 -80 53 -13 46 -17 70 89 82 94 70 -13 3 79 -46 14 42 -7 34 -67 -72 65 28 -58 49 -63 -70 
2 38 16 88 -54 -1 75 -76 12 72 75 6 -3 84 -62 48 -94 -18 89 -99 81 76 67 -33 -95 -2 86 -28 -32 -66 94 -32 45 -25 -19 53 25 -60 -12 -82 39 -68 5 32 -76 11 
-38 -12 -79 -73 -43 94 -79 -98 -25 -77 31 -14 -85 -66 32 -45 58 -37 52 17 -98 -18 -22 -66 -55 5 76 15 34 -1 29 25 -14 -12 63 81 55 -93 25 -46 -74 74 -31 -83 -51 58 
53 99 73 -24 -22 -37 15 -8 -87 -26 59 32 53 -52 -7 -22 -60 79 32 86 -46 13 -50 33 -69 -96 9 -77 -12 -75 98 -94 -22 -72 -86 4 37 -98 64 -62 -88 1 -24 -99 -65 32 
-4 -90 97 -3 38 4 87 -64 -29 -64 18 16 -55 37 -66 23 81 -10 74 90 50 9 45 -88 -21 -63 -29 23 -39 -99 -63 3 99 14 55 -86 42 65 -24 55 33 -48 92 -59 -65 -60 
9 20 -68 -84 -60 38 19 -82 49 -30 98 -73 -33 14 -12 -19 -17 -42 73 44 8 -49 -57 -61 91 -21 27 68 -49 30 75 -26 -49 -44 39 -94 -93 -32 78 91 9 -20 97 -64 66 -24 
11 -12 58 -92 -57 -43 71 -96 -5 78 -91 37 88 -69 -30 94 -80 20 -63 -13 38 -28 -55 -84 98 55 -99 -87 -27 -60 -55 -77 53 -11 -33 -5 -15 -25 -84 61 -83 75 -38 37 63 -38 
-4 69 -83 -25 -71 -66 -47 -87 6 9 -11 -36 28 -34 38 -81 -34 20 -94 -90 -23 37 23 -44 89 40 87 -41 89 34 -89 19 -30 94 -25 9 39 80 94 -67 -12 38 83 26 56 22 
4 62 -95 -42 19 61 -33 -19 54 -32 -89 -89 -46 73 -16 96 -88 -14 -38 80 66 61 100 42 76 59 -79 32 18 -61 54 44 35 21 -63 78 -20 16 -40 48 68 66 74 76 -12 -28 
-89 -79 -60 61 -75 -1 14 -26 -9 80 -76 45 -64 4 -85 -85 -40 66 41 -97 -66 28 45 100 -29 -84 40 66 -86 82 -9 -26 -43 -36 -41 100 -30 15 56 18 87 38 90 -80 45 46 
82 -50 54 -91 92 24 -47 -28 66 65 32 66 72 86 -18 55 -52 -32 96 0 83 88 -50 30 46 95 -61 66 -60 -73 -95 -4 -88 36 -2 -46 18 -59 -52 87 49 19 27 53 4 -23 
42 -87 -57 -29 97 56 99 98 81 25 -21 40 -52 25 33 -99 9 -92 -72 70 44 87 77 -47 19 -54 -70 19 13 -66 -69 -85 59 -57 7 -42 1 81 -84 -75 -99 68 -87 -97 -35 84 
-56 -66 90 -11 -5 -98 -97 -6 68 80 -63 11 -31 38 97 -52 81 93 31 58 92 27 31 -71 -30 -27 -11 -38 -92 78 24 -20 -61 -6 -44 41 -5 -61 83 -3 -43 -4 54 -3 -86 9 
99 70 100 -36 -58 25 -33 -56 17 34 -99 -97 55 -84 -44 2 66 39 49 17 -42 -26 74 72 -16 -82 48 16 88 42 -64 -52 -24 34 -92 0 25 25 48 -79 19 -58 97 -60 87 -48 
-10 13 -11 -51 82 -44 -37 16 33 -82 23 -5 -88 20 94 68 36 -5 72 -15 1 34 83 -33 36 -28 -94 -3 -100 41 43 -21 -23 32 44 95 54 8 68 0 -43 44 58 -24 -74 76 
12 31 -39 -12 -17 40 76 -79 25 54 -89 -48 -19 73 88 18 75 -81 41 -17 -60 52 89 -59 -70 -2 -63 -63 -14 62 54 -35 48 65 -91 4 57 -75 -96 -48 71 -62 -29 83 17 6 
-88 -70 59 -9 24 -90 -83 -18 -55 -92 -21 25 17 -81 -43 -68 87 2 85 -36 82 35 -3 87 32 6 49 -62 -86 -49 -64 94 8 25 -48 -14 67 23 -80 -1 -35 53 39 -99 -52 62 
-6 -87 -51 46 -28 20 -27 76 4 -87 -33 -71 -18 96 -6 -9 3 22 24 -54 67 71 90 80 33 -72 95 51 -57 26 -37 -21 39 -15 86 17 -99 82 -78 4 72 -61 56 -59 7 76 
2 8 57 -33 -45 96 -93 23 -65 -80 75 -69 80 53 60 -39 -94 82 56 22 -75 -43 -43 -71 -16 17 24 11 38 -80 34 -68 17 -36 -40 -15 15 60 -70 85 -36 16 48 43 81 9 
100 79 85 -85 -92 -64 -18 37 47 -80 72 61 53 -27 91 19 41 -42 -3 -83 86 54 -1 -6 -76 19 -85 -17 -43 4 -85 -63 39 64 -74 47 -15 -5 -78 10 -28 48 70 71 94 86 
-86 -47 -97 -62 78 72 -79 -75 -14 67 0 -34 -40 4 22 -83 -32 33 -20 41 -95 -62 62 39 26 -91 -32 -80 -37 -52 -89 49 90 25 -30 -99 65 26 62 -28 -61 -92 -44 -88 -69 -32 
-91 48 80 70 77 42 32 78 59 -73 -89 59 31 -49 -5 -97 67 -97 -69 68 -43 23 -61 91 19 85 -11 -70 12 6 -9 21 -79 40 100 -10 86 9 -2 35 81 -10 6 53 -80 31 
79 80 92 56 73 79 5 -33 98 -2 66 -69 -32 90 55 34 23 -27 -8 -62 -23 86 -57 34 -1 32 5 2 -23 61 56 -52 -5 -2 -48 -82 -61 67 -56 -3 56 83 -97 -98 26 -70 
-94 1 68 34 89 -33 -47 -80 17 -71 -41 -10 100 -97 14 -89 -79 96 52 83 -34 -83 -50 96 73 57 -49 0 -85 -74 -100 16 65 -90 -25 -9 34 -77 -50 -3 -18 48 -29 86 95 15 
64 33 25 -25 -36 -43 55 -65 -85 84 -99 -23 -57 25 -68 -83 61 87 100 -88 58 -84 -80 -85 -41 -46 -30 70 -45 -68 29 -71 73 -19 16 90 1 19 -43 2 55 6 -49 63 12 31 
-58 -9 15 14 -16 36 -95 -73 -53 -27 -26 71 95 -2 -25 -22 -1 57 81 30 -42 86 61 81 75 -69 22 -96 75 -11 -82 54 -87 -28 40 -20 -26 -53 -46 -87 -41 56 79 -7 -51 66 
-28 75 -9 -4 70 37 -95 73 -44 5 -28 -97 89 -11 73 -63 -47 -17 -92 -89 -39 -5 -20 47 -35 77 98 79 -29 -35 30 -49 -93 64 58 -93 -80 -69 -14 -92 -24 41 22 41 -12 61 
46 -7 0 -19 -35 45 -74 -52 -70 37 57 82 -48 -17 0 49 34 -36 -21 -18 76 -87 13 -74 -8 52 12 -94 46 -68 78 -32 32 74 79 -100 -92 13 68 98 26 -27 -48 -30 -11 79 
34 -73 31 -72 -17 36 60 -55 95 94 -30 75 -89 -18 -54 -100 -53 84 79 23 -82 -42 -59 -22 -99 88 47 -6 -80 -12 64 35 92 55 64 91 62 -56 -54 -68 40 -23 30 60 40 -63 
49 69 -50 -30 12 92 54 14 -37 -5 79 55 41 36 -60 24 -82 -66 -41 -49 -40 -23 42 -98 40 67 -76 -39 -63 45 23 27 -79 -88 89 -88 -77 -73 94 -86 -38 -69 70 -31 -39 18 
60 -85 60 83 69 -73 38 74 -93 -36 -78 77 -57 20 92 99 -46 -29 -89 25 -88 93 71 -53 22 78 42 -59 44 60 -51 -31 18 60 80 77 -47 -41 -84 -46 20 -15 82 70 48 41 
28 -42 24 46 53 -91 -26 -24 -16 82 20 -48 -86 91 -65 69 -95 -78 -78 44 -3 81 78 -51 69 -15 12 -46 58 -20 14 -87 1 86 -41 19 -48 -70 49 -7 42 -57 67 -81 88 34 
-85 3 -97 51 -64 -68 -57 -39 88 -67 33 71 38 19 -9 -3 93 45 -44 -59 -49 -60 87 -52 -37 33 2 14 -84 57 60 -8 -65 -44 6 22 69 77 -21 79 -16 -35 59 -14 -57 4 
53 36 -65 95 -80 -76 35 -29 78 -85 32 -71 97 15 98 60 11 85 -74 73 10 -6 -74 -27 -11 -62 -26 63 75 95 93 -75 -77 96 53 84 85 79 99 -15 -62 49 -95 -33 46 -61 
91 -83 -95 9 36 -52 1 -20 -83 48 -78 -53 33 -73 30 47 -32 49 -45 13 50 -71 -42 76 8 43 -64 68 -13 -30 -84 -83 87 -60 88 28 -43 59 82 54 -78 93 5 -16 5 -39 
58 -23 -80 42 79 -61 -62 -63 60 -53 55 92 85 -43 -10 -89 18 2 -89 -91 41 -51 96 79 13 -77 6 -75 42 16 -38 24 -29 -31 97 13 44 33 -15 -62 34 54 69 -7 95 98 
-69 66 -69 80 -65 -90 33 21 -15 81 86 -55 -95 -1 51 91 98 -66 74 79 67 -88 -40 58 -21 -26 -45 -41 9 -79 -89 18 11 -31 76 -5 49 46 -16 -36 86 21 91 -39 -93 -12 
-16 -81 -66 -98 50 -27 31 54 -86 58 -61 25 -45 77 61 -5 12 67 20 -19 18 -30 -18 -67 -79 69 -67 -34 24 -29 100 76 28 30 -91 70 -20 69 -81 100 -59 -17 43 92 88 -73 
-30 -79 -71 7 -4 -47 -93 -76 22 -70 93 -72 -26 36 -47 79 14 10 -9 67 32 -34 -71 -100 -18 -73 -25 43 86 69 66 77 78 -69 44 78 -100 92 13 -69 -61 -3 -67 -4 92 -95 
6 21 90 23 20 65 -90 -65 56 -22 -41 -52 97 10 72 17 38 -73 43 72 -48 -71 95 40 -70 -52 -40 83 84 -82 -24 -81 -35 -20 34 60 62 -40 58 76 -46 28 51 -38 -35 100 
32 -68 92 -14 72 -58 -53 -73 -14 42 -10 14 -62 -2 -43 -56 41 -93 -50 70 97 67 -62 34 68 -10 -89 -79 15 17 -52 61 -29 18 86 -9 -77 89 -16 -71 80 -17 -58 -75 -68 -79 
-31 -35 64 -28 0 54 -54 58 34 -64 -92 -33 49 -9 -88 47 29 -26 -53 36 -86 -31 -18 88 -50 75 40 13 -61 86 31 -72 4 -25 -5 71 87 50 64 70 -16 -54 50 -42 -77 80 
-64 22 -30 -75 -28 -69 -93 -6 -99 -6 23 59 15 -59 92 -78 -20 -89 -47 -35 -67 75 87 98 25 4 -23 65 1 -12 72 25 -74 -74 -49 83 -48 -20 -53 29 -85 24 -15 -87 -81 -87 
-26 -7 11 -23 87 -63 9 -30 -19 -19 -37 -37 21 -14 84 -33 -86 -60 81 -6 60 100 47 -100 37 -81 77 -47 74 18 -72 67 59 41 -32 72 -58 -48 -52 -67 -90 -47 -83 62 50 61 
65 82 42 14 -54 -79 -41 -82 67 -52 -74 21 -1 -2 -14 -80 85 16 -59 -3 -7 48 59 47 89 -45 13 64 -44 40 -87 82 29 -8 -82 -39 -94 -55 -37 0 -10 -28 -12 28 -9 17 
75 46 57 59 98 -55 -51 -3 66 35 80 -19 20 -97 -59 -47 -41 -38 1 47 19 -47 -51 -56 -66 61 -77 -95 15 82 -63 -60 -5 -98 22 -79 91 -40 -91 36 -28 29 -25 58 25 84 
-31 7 -24 87 -82 -30 84 86 -67 -99 -20 78 -81 -37 44 39 70 -75 -11 -67 -57 24 -56 -30 37 -6 -37 45 -79 92 -88 90 44 23 -51 -38 98 56 0 -21 -21 -56 -12 -96 -54 -75 
72 -86 -13 35 32 -86 74 -72 21 -51 66 -32 -59 24 83 -35 73 -72 35 -49 -71 -24 2 -22 8 75 65 45 58 5 72 35 -54 31 -78 36 55 -5 -47 -40 29 -28 42 -26 -21 45 
-91 -88 64 -67 -81 61 91 -34 -92 -70 -19 -98 46 1 53 -52 -16 -32 -20 -1 -56 -10 31 -12 36 -85 -80 4 -96 7 68 -50 -98 -95 -95 -27 45 -26 29 -2 -87 11 -72 -48 -26 -30 
-81 -30 -16 -70 14 49 -84 -53 48 52 4 -11 67 -44 -75 64 22 -92 60 2 -65 -81 43 -14 84 47 0 -9 76 -88 45 90 74 47 -84 23 88 -52 -60 84 -68 -29 -32 -12 -15 69 
93 64 35 -58 72 96 88 -34 -43 76 -100 -55 40 36 -33 -37 45 51 -8 36 19 26 14 72 1 -100 13 30 52 -36 -61 13 -43 -70 90 50 10 35 34 3 -84 -3 78 27 54 5 
-2 39 78 -45 32 24 -88 -84 -89 -57 -47 60 -58 -67 -39 37 -62 -23 -88 29 13 84 0 -4 100 -7 81 67 88 40 60 53 -43 -8 -64 -75 1 56 59 43 92 -50 -98 84 49 -31 
-6 -20 -91 -88 -5 -91 -50 25 39 18 -9 -37 25 82 -1 10 -67 -90 64 79 4 50 11 1 7 -15 54 67 -17 43 3 -24 75 -45 -27 13 -33 59 -80 -33 -41 -8 -4 87 7 80 
