98 -39 -5 2 8 62 72 -76 -28 28 -58 15 -50 33 -20 -23 -56 31 -68 -77 65 -68 90 24 -40 88 23 34 57 83 -32 88 29 -54 -99 -22 5 -50 -39 -6 -52 -99 -65 81 -42 57 18 40 -73 -78 -50 35 96 74 -89 -43 85 -47 12 47 1 99 -9 54 -68 -31 -37 -10 -81 -96 68 -90 49 -65 21 -98 23 -30 -62 -46 28 5 11 -22 3 -73 14 -44 98 35 83 54 -56 46 33 59 71 -38 
-52 -25 20 -47 55 92 -65 -39 78 8 64 73 -43 -97 -100 -54 -99 -50 -29 98 -81 -28 13 11 -96 64 -75 -42 -28 -77 27 -83 -52 43 -17 56 -32 -74 93 -71 -82 -3 22 -30 -45 -24 0 -63 27 -68 -21 -9 32 -13 -44 -68 49 -73 -87 -8 -34 -67 86 83 -70 -86 -25 -96 -72 72 -83 24 -65 81 98 57 73 -27 80 -69 -23 -21 -26 -58 -24 85 93 -1 0 47 50 -85 -68 -43 43 -93 0 68 
53 -27 -39 -96 -34 96 49 -23 -20 85 22 49 37 9 -30 37 23 -68 85 -95 -77 -96 64 -18 -97 67 -87 5 58 -67 -93 -68 48 22 72 -14 27 -17 -81 -30 -46 -98 26 -4 66 -5 -51 -29 -35 -6 -50 -89 -29 -5 -87 56 -94 85 -22 65 93 87 66 60 -80 -54 -48 -16 59 -39 6 87 -46 47 75 74 -52 -9 4 -73 47 9 70 -12 -10 -94 -4 -37 1 -42 -93 61 36 -31 53 24 4 92 
-55 4 48 72 98 24 -22 -55 10 -25 6 21 39 -12 -44 42 -46 51 15 50 17 29 68 99 19 46 61 1 -19 4 -89 54 32 -15 29 -24 -18 -94 -83 -30 25 80 41 -19 -76 -21 34 66 32 39 -71 -16 30 62 68 78 -82 -31 34 -52 63 51 -19 44 -70 -55 35 1 -57 90 87 -86 52 11 83 -42 -4 -91 39 -76 -36 19 -23 41 -85 -32 -90 -7 -2 -28 35 -28 -83 -21 95 -57 66 2 
2 -4 -1 -60 67 7 100 -36 -16 -93 25 67 -60 87 62 25 42 -19 -40 -98 -10 98 9 21 -56 55 -4 52 75 -75 -2 -70 -99 -6 54 -36 -43 55 -8 99 -36 -69 100 -2 62 87 -47 -48 69 1 22 -17 -54 -46 -71 -53 94 -15 -56 32 56 11 -66 -94 -16 30 -43 -37 -14 -22 -1 -2 -50 92 -79 -60 -95 59 11 92 55 24 -97 94 -62 -43 7 -57 14 94 16 77 -8 -6 86 86 -46 1 
-79 -59 79 -90 -31 -61 22 -97 64 -63 -75 52 -16 -81 -62 -5 52 49 6 79 49 -87 18 -70 4 -40 81 4 5 64 92 -95 40 -18 82 59 12 -8 53 23 -56 11 -70 97 20 74 95 5 24 -56 33 -23 -13 68 24 94 94 -27 22 27 38 -28 -87 -92 25 -68 -43 -37 -30 66 56 13 -40 18 38 0 -85 -7 -19 70 76 25 -54 41 -67 34 -44 65 -50 -90 2 -20 -59 61 -15 41 -65 -94 
-30 78 -50 -67 -85 -52 -9 52 59 87 48 83 -43 -11 -84 87 -71 -65 -31 11 -54 24 -22 38 -43 83 13 -36 19 25 -68 -56 -54 93 -61 74 88 -36 5 -53 -67 21 -75 -4 -13 -39 -64 -61 -90 86 -77 -19 -93 89 -51 86 -40 -19 98 99 -28 -17 -31 -11 34 82 -64 -31 83 -77 -58 11 -12 32 -69 -52 -38 27 5 -33 -85 64 28 24 5 -76 -23 85 92 -69 -54 -50 26 23 12 22 78 44 
58 79 -40 90 1 -83 7 -86 -13 94 -27 17 -19 84 -95 -33 -33 36 -89 79 -62 17 78 -31 11 -8 -77 -44 -53 -82 42 -41 -36 -31 -88 -78 -58 32 21 74 46 -73 -6 33 55 47 18 -56 -44 99 -53 93 -99 -79 19 51 82 92 88 45 62 2 11 7 -80 -32 -95 -84 52 36 -96 64 -31 61 63 80 -50 -33 95 -37 66 58 -93 -18 4 0 -14 -74 -34 43 -57 75 68 -17 76 -21 -88 -14 
-84 70 -19 45 -52 11 79 -82 -23 26 -53 66 -29 80 -40 -58 -68 95 -27 -10 100 80 61 96 -79 -33 46 82 -52 -85 48 86 -30 48 80 20 -68 73 -61 -44 38 29 83 -61 -5 -55 48 5 -100 35 -85 87 -18 -39 -88 -41 -35 13 37 44 23 -13 -74 -6 -77 73 -91 17 -17 44 70 51 4 78 60 68 -46 69 94 -98 -70 25 -63 70 -9 31 -24 0 23 89 -3 93 -46 97 86 -43 -95 59 
61 -2 74 -100 83 12 -54 99 -15 -75 94 -87 -13 -69 -7 -25 81 -53 81 40 4 -44 -56 -100 54 -32 -66 25 -38 -24 47 -75 -7 61 13 76 59 -30 -29 -66 70 -58 84 -51 -76 72 -14 90 50 42 87 -72 91 -83 -98 66 80 1 93 47 -13 97 72 -97 74 87 -77 31 88 -19 -72 -62 8 15 26 -7 -2 82 26 -15 -99 45 -59 -86 44 52 81 -89 -94 -20 88 99 90 -22 -78 72 -52 -38 
-90 -79 54 4 43 38 65 70 71 -100 52 92 -60 96 19 19 -32 -8 13 2 78 71 -33 -96 -24 -94 -6 -36 -49 85 -44 -88 -23 86 86 -47 95 56 92 -77 -89 -55 37 -91 -63 -14 56 63 100 -75 95 -13 36 86 27 70 22 -30 63 82 49 81 28 -37 -39 43 52 -77 58 -82 61 -57 -5 6 -59 72 21 6 -89 81 -24 -2 -60 -37 -21 -87 84 53 -20 58 -59 -57 -72 -66 -22 -91 92 -39 
63 80 -15 6 -33 -88 -40 36 -85 4 82 -51 -72 6 -33 -88 1 2 78 -5 -86 68 26 6 48 79 55 35 78 18 100 82 -70 29 -85 -53 97 88 88 88 71 -22 88 56 -81 -16 -18 43 63 -41 75 16 47 27 -92 -20 63 21 -73 -39 -74 29 4 70 76 7 19 54 -76 18 83 -76 -22 80 -47 -31 -36 60 40 -13 76 80 31 -65 -85 -23 44 -60 -84 -83 -39 32 100 1 -41 -38 -55 43 
64 -50 73 -99 71 -10 86 -76 -51 32 -57 72 35 -26 -22 -64 98 -91 -57 -21 89 -82 -29 -55 16 -95 -51 51 -89 100 34 -14 75 95 44 -49 -32 -94 -59 28 91 -5 -19 -94 68 19 49 -1 88 25 -81 75 46 -51 53 -44 72 98 -71 82 35 56 48 69 -44 87 70 59 -28 87 76 -69 82 61 35 3 -39 -66 -29 95 -8 -64 45 41 -87 16 87 -72 19 -43 -30 -34 14 89 95 -24 -80 85 
86 54 76 -74 48 -21 71 86 42 -32 -56 86 71 -53 -15 -89 69 24 -46 41 20 -67 69 -41 -71 -90 -40 -42 3 55 -34 39 -84 -29 46 99 -47 49 20 -81 6 95 -20 61 -45 57 -77 73 54 -17 8 -97 -3 -76 -52 -57 -49 25 -25 -49 -30 -75 67 43 -56 -36 -16 -3 -69 -65 -65 12 96 -57 -50 29 -58 5 94 -95 -75 92 87 -1 -62 92 -34 37 40 -76 96 -72 89 84 16 -39 -71 15 
48 -33 1 38 -43 95 41 72 36 10 -22 6 -57 -94 51 -96 -52 -36 8 -82 -7 67 90 -61 88 -23 49 8 -77 -94 -81 -45 -45 -14 -11 4 -32 34 -26 26 13 36 -3 81 19 7 56 -62 -87 55 84 29 -63 96 94 52 74 39 -66 8 -80 -98 -41 21 -8 -55 -18 67 -45 66 33 -66 -15 -70 -18 -72 -23 -71 -38 65 52 43 25 21 -30 -34 1 -52 -46 40 73 24 -28 -100 90 -74 -86 -89 
77 2 90 -13 56 -83 -69 18 48 -82 -36 64 76 16 -79 4 -13 45 -53 4 97 -9 -84 -8 94 16 91 25 0 -29 -1 5 -93 -80 -83 46 -23 -14 50 58 89 80 14 43 84 -4 -78 -67 -15 -73 90 86 -12 57 36 63 86 63 -95 24 -90 -38 36 -98 61 74 11 27 -11 -83 8 -88 98 -88 8 -74 -43 -76 -2 -52 -95 -83 47 64 -85 -52 -39 96 -87 42 -3 100 -33 20 73 1 -77 67 
-20 35 -75 20 88 -77 -61 1 16 80 -82 -36 -36 71 61 50 83 -94 10 -80 3 59 37 26 21 95 -36 52 -53 68 -24 63 3 38 82 68 -54 -6 61 -13 91 76 -50 92 -30 45 2 25 84 -3 -16 -68 -5 -1 28 4 -46 -94 -73 -88 80 -5 -45 -3 59 37 -96 -22 14 -35 -6 6 90 -21 83 -49 -48 37 -34 48 43 41 -35 58 -91 -82 -46 -29 -16 9 -72 -29 -57 -64 -36 -99 79 62 
-49 -39 12 47 -50 -16 65 -41 -86 2 -40 -82 88 43 -79 96 -35 75 -45 2 53 -4 61 51 53 -21 -52 -47 64 66 -41 -11 47 -39 -51 8 56 -18 -85 -16 -85 98 73 31 36 76 77 92 39 -35 -80 75 -27 -44 50 -38 -43 -70 -40 98 -48 -32 84 30 -66 -35 -47 -99 -74 21 -88 90 13 51 -48 -64 78 -52 26 38 30 -5 -4 11 56 96 49 39 -23 -67 -77 -6 72 -100 56 0 37 59 
18 -89 41 94 94 -8 -44 52 70 -52 -92 -100 72 -84 11 100 -94 17 -17 -46 -53 -18 72 26 -81 -85 63 -52 2 7 -36 51 -13 -67 49 -95 68 59 71 100 28 -2 -91 38 63 10 50 48 60 20 73 29 -43 20 -29 38 -12 6 91 -76 -76 61 17 -61 -36 -80 77 -91 2 -71 36 95 -95 28 -74 19 -80 17 -19 -79 54 -72 83 33 81 27 -88 65 -24 48 74 59 -22 -91 55 47 96 -79 
-89 -38 7 57 49 2 100 -70 71 -42 50 50 47 64 65 100 7 10 6 35 -73 79 -52 -75 -76 -13 -55 53 -100 53 -16 81 -100 -68 15 -22 -26 -87 -15 -47 -3 48 12 -73 100 99 29 -21 -52 87 -64 89 -38 49 -67 83 -1 -56 -58 -80 56 -8 84 77 66 75 100 -34 -30 39 73 4 46 95 35 -8 64 -84 9 -3 70 77 -8 87 -91 -94 25 -22 -83 -38 13 -17 -91 46 -37 -76 31 3 
-13 17 99 45 -9 -25 -32 -79 -64 25 -34 -71 -89 36 -30 88 57 22 19 64 72 84 27 -78 -42 -71 -91 -41 5 73 76 91 -31 55 20 -84 10 -90 68 84 -72 -65 33 -4 80 -99 -50 -95 -62 -88 64 83 -34 32 89 -45 -91 -77 -34 -59 80 -44 -58 -44 97 -19 -84 -21 -14 45 66 4 46 -52 -12 -33 40 -72 42 54 -73 72 94 -9 85 -49 20 52 27 -72 -70 92 94 -3 74 -14 75 -60 
-49 28 61 -7 89 74 -53 -84 -71 98 79 -29 -13 -77 -34 -75 -10 51 15 60 -99 -29 96 -87 -2 -77 -27 -39 7 92 -49 27 5 28 19 -99 37 -38 -63 80 54 -79 -84 38 72 -80 73 -29 -90 -73 -65 91 -16 -92 -47 73 -11 97 13 -38 -63 95 -6 15 4 72 -45 53 -92 -92 76 -1 12 16 -88 70 -40 -57 70 -29 30 56 43 24 -81 5 -44 80 -94 -52 20 -28 51 11 -88 -83 65 53 
-98 -16 18 4 89 91 -39 -44 75 -61 96 -74 68 -49 -75 14 -84 53 92 76 -20 -96 -37 52 -86 -72 70 -51 77 81 40 96 -89 -42 -83 70 85 -24 47 16 -61 -31 -62 59 9 -67 -89 -64 95 -41 63 -21 64 -88 -2 2 -73 -52 -33 -86 74 57 -20 -93 -52 99 7 -27 12 -55 -75 63 14 -42 69 -80 -90 61 -43 36 78 -26 75 46 29 -67 51 85 9 40 -51 83 -41 50 -61 87 -55 22 
4 81 -32 -72 31 -52 -14 69 -8 -51 -33 -30 -35 25 99 -16 24 -43 -47 -44 80 83 81 -81 48 -36 -95 -97 -50 -58 13 46 99 -37 69 -74 -25 91 -6 93 49 68 -44 52 -73 29 -32 92 75 83 -92 -58 43 -100 52 74 -60 -51 -62 6 -48 -14 8 -15 -31 26 41 -43 -65 -5 -31 -88 73 98 -41 -50 -58 12 -64 -41 -93 13 58 18 -36 -62 69 -65 -27 48 16 -63 -27 -29 -36 73 34 45 
-52 -40 35 37 36 -54 62 -21 69 21 -86 45 -65 -39 7 53 26 89 -36 29 -9 -52 -35 98 10 -20 -76 62 -75 73 59 81 90 17 56 -38 84 36 47 78 22 56 5 -78 -25 -31 -76 -37 62 79 -14 -78 -49 -8 14 -28 -34 84 -100 -52 -100 20 11 -55 9 -82 52 8 -54 73 -32 -52 27 76 -26 90 -62 -6 41 -39 -71 -15 -30 -13 78 2 87 64 -28 -68 -71 43 54 50 57 0 3 -32 
31 -54 56 64 50 40 98 96 -79 -46 -37 -36 49 -36 55 75 86 -93 -39 -98 -48 -93 -94 -34 49 66 -63 -1 62 2 28 68 99 -65 -51 85 -59 -99 49 -2 65 -35 -21 3 -14 -96 -62 29 -40 -54 -15 24 -90 -22 -11 9 11 19 96 -47 90 82 52 -59 68 57 -47 77 -3 78 -60 34 -24 27 88 -92 -62 -79 -83 90 3 -40 98 44 6 44 19 54 -22 -99 9 17 -62 -78 -33 45 28 -96 
74 74 -30 -88 -71 -68 -7 28 37 62 -4 -64 9 2 1 70 -5 5 -10 27 12 47 -57 -49 30 -77 -7 25 35 -38 33 -95 -40 -17 59 38 -68 -17 98 -99 -53 2 -28 55 -53 -43 -68 -62 -2 -39 -29 71 -77 -17 83 -10 -21 23 7 60 -49 88 96 -100 20 91 -44 74 -66 -18 -84 -92 -76 78 -16 94 97 83 -83 57 -6 99 4 -20 -78 -49 99 92 -43 -93 95 17 89 40 -95 -48 -83 66 
-99 58 -85 -49 89 -50 33 -94 42 40 15 -72 91 36 -36 85 28 54 -99 -62 85 1 -91 -35 -35 44 59 26 97 14 19 -54 -59 -10 -35 -35 -41 -56 49 -76 -2 36 91 -37 91 4 -15 44 -63 -12 35 -67 -68 -25 1 -29 -93 73 -43 19 -7 23 70 -24 -64 -43 79 10 -71 -2 75 33 -89 47 76 -100 99 56 -44 9 4 38 -26 94 -41 81 3 8 -85 89 -28 -56 -42 59 -80 -86 -67 -27 
-72 -62 -55 76 39 90 -88 -53 3 93 -31 -27 -43 52 -21 82 -49 -42 80 -89 29 -76 80 41 -72 89 12 -23 -19 2 -19 -54 -33 19 -15 25 50 48 91 -48 -9 -44 -75 -19 -62 -14 -97 -96 -99 19 0 -44 97 16 49 46 -4 -1 -46 54 33 4 56 -39 -80 -74 -13 100 37 85 80 3 30 16 -5 30 73 55 -14 -65 -50 -46 -94 -1 78 6 69 72 81 16 20 -47 -41 46 -61 -56 -55 -80 
-71 28 -49 39 66 9 68 -78 -3 -31 -95 81 -100 45 83 100 67 -46 78 -8 96 -69 -68 -52 -28 65 -16 93 51 -63 -70 -75 44 93 97 -31 93 -8 -36 -7 -10 -12 12 -37 -49 53 -37 -58 -64 -3 2 -61 -30 47 37 -74 -70 61 91 -41 -16 -41 -25 39 33 98 -76 93 95 -21 -95 32 8 54 2 -17 -57 -56 -65 -39 -71 -24 -47 -8 36 66 -80 -52 -52 13 36 -80 100 -78 96 53 -19 96 
3 31 -34 -91 80 14 58 -33 83 97 40 -49 -67 71 83 -38 21 39 -94 70 91 -92 -83 46 -4 49 64 37 -88 44 -42 -92 -92 35 -31 81 -38 -46 -42 -40 68 -54 15 31 69 72 -61 -57 90 36 -75 17 42 -37 -33 39 -33 100 -95 -26 -75 -23 -38 3 91 83 -77 11 72 -12 -7 -34 46 -38 -11 19 -25 -39 37 96 -54 88 37 -24 40 30 -50 67 38 -14 61 -38 -94 83 22 66 49 -16 
-68 -55 -26 -12 97 -19 92 22 68 81 85 -12 50 -98 59 93 34 63 -68 31 -32 -11 -80 -66 -63 -53 -61 -55 28 25 94 -24 -52 22 15 -9 61 97 -5 -43 14 30 -97 75 -13 -47 -99 -22 25 -54 -70 58 31 -71 1 90 18 82 71 -86 -31 26 -86 68 -86 37 98 -87 74 -79 75 -83 15 48 -69 -70 7 39 0 24 37 -82 -37 94 -84 55 3 51 86 75 11 81 9 56 -63 22 53 68 
-66 75 79 -21 59 -71 -65 24 70 -16 78 -29 22 -94 67 37 -84 -2 -51 -62 -78 -93 80 34 55 17 8 -84 -19 -52 27 91 3 -41 -37 -5 -90 14 27 42 76 -92 53 -93 -57 -60 34 72 28 -2 -59 30 63 99 -17 52 33 93 40 -97 10 -79 1 64 -74 -60 70 -97 -94 50 10 43 -38 11 -51 98 5 -61 83 77 31 50 47 6 -98 77 -61 -56 -53 49 7 28 -21 -35 -29 -49 -6 -67 
91 -3 -26 -56 -91 29 33 18 37 76 47 19 -28 27 97 -50 29 -21 -37 51 89 -65 -65 47 -10 -9 85 -85 50 -87 15 22 25 100 72 50 -21 93 23 -75 80 42 32 -66 -22 -33 21 -83 -7 -68 -94 80 -48 82 -32 30 -93 -86 -51 41 -89 37 22 -41 79 25 -73 -62 20 -59 65 94 43 27 46 37 30 75 79 81 -68 19 -70 -17 -75 60 -27 100 -46 60 -88 47 -99 -72 -5 38 26 18 
86 -81 82 -51 -80 7 95 91 -6 -16 6 -100 -55 -18 82 -63 99 -25 15 28 44 -25 49 -42 64 -59 -44 58 -66 88 6 73 -13 72 -32 49 33 -71 29 -25 12 -37 -33 -42 -96 85 -56 -38 -39 -52 94 11 -75 -6 -40 38 -29 77 -79 -98 -90 46 37 -16 77 15 72 48 41 -80 85 22 36 -88 48 44 -73 -53 -23 -38 23 87 49 57 34 6 48 -56 61 -43 -97 -51 -36 -45 -82 83 -55 -9 
-36 -5 72 5 30 50 78 -35 37 64 64 -41 -67 -81 39 -72 90 -86 -97 15 79 -74 -67 -77 -93 100 28 -79 -4 -51 -70 90 60 -86 37 50 -7 -53 12 -65 -40 -21 -18 -17 -67 33 10 -47 -46 -67 -31 56 -47 -49 -62 95 52 69 -51 -82 16 12 -32 37 39 -9 68 -15 -84 -70 -28 77 60 -32 -44 14 -66 75 -85 -65 83 -14 74 68 -37 93 -65 55 -64 -42 -66 -12 -11 69 -45 22 -49 75 
92 49 53 -42 2 -11 -24 -44 100 94 -78 -17 34 96 -78 -85 61 6 -95 -52 62 28 72 54 1 44 -54 -44 -53 -61 -81 82 7 -82 -23 59 22 34 63 -99 59 41 13 -41 8 90 -86 45 46 -96 -68 -23 79 -97 -85 56 92 68 -87 -20 78 69 -82 19 -54 -94 -49 -67 -57 -85 -77 -87 39 91 22 42 42 -60 9 -24 66 -82 -96 -85 -64 63 -17 39 -3 -39 -92 -54 -87 -28 -29 -41 84 -90 
-47 -51 -92 63 72 19 -99 45 88 -52 53 99 5 89 17 74 -19 65 -31 36 95 85 -99 41 -78 55 29 -25 61 81 -13 15 100 -31 -80 68 7 -41 -63 -66 -78 35 40 -92 77 34 -36 93 56 -87 92 -30 -91 97 -24 31 -28 44 -84 20 -97 -42 64 -49 94 -29 -54 -11 29 -10 -40 -11 61 -81 74 -1 71 81 -63 79 94 67 92 -16 95 -8 43 -34 75 2 12 48 -1 28 46 10 62 6 
-29 -89 -48 60 83 30 89 92 -8 -28 42 48 52 -22 7 77 71 -79 29 76 -100 -77 -92 -36 -85 -93 -67 44 23 10 15 -9 16 -43 67 94 56 -47 17 -85 16 73 56 -50 -26 -52 -74 -34 -72 -54 46 -17 9 -28 -10 -5 19 41 -33 -36 66 -79 2 36 56 -39 -45 98 -4 47 89 78 35 62 -12 -27 -55 55 -82 -38 -56 44 2 -87 85 -43 -15 98 33 -7 -34 77 -60 40 32 -77 12 8 
-59 31 -77 49 -69 -20 -59 -41 80 60 9 72 -54 23 56 47 -56 82 15 47 86 -96 -81 5 -74 -50 -75 -21 44 55 85 -87 56 90 33 88 87 75 2 98 46 33 48 68 30 -86 -69 87 99 -95 76 -92 -27 53 -28 73 -64 -17 55 47 -7 -47 -42 -21 -67 -97 36 8 44 97 -22 43 41 -26 -76 91 -61 96 -10 55 -90 -37 -82 -95 -49 40 -95 -54 -66 -24 -23 -54 -63 -9 10 44 -83 13 
-68 -16 94 -66 15 77 -76 -6 27 36 -100 -59 26 -2 -51 39 -41 23 61 10 41 96 -41 -7 34 67 -16 -88 28 -47 9 -58 96 -28 90 0 -3 47 87 -48 -79 -86 75 77 -94 -30 73 38 -54 58 -42 -84 0 4 -17 57 100 -4 93 89 85 76 16 -45 47 -59 32 39 76 26 -32 20 60 -90 5 54 100 17 51 -12 -83 96 -62 83 -4 96 51 31 -43 -35 -61 -31 80 -65 -6 -38 89 -49 
0 39 -60 93 -53 98 41 -65 -15 -68 -38 22 1 -41 -59 96 16 20 33 32 -56 -67 -88 21 78 57 25 100 99 -40 24 -46 17 -24 37 -85 67 -31 -66 10 44 63 7 76 -13 -26 -47 -86 94 51 98 86 -46 -16 -89 86 -29 -64 -42 26 14 -30 46 95 -92 12 -35 -34 79 -33 -53 64 58 13 -62 -77 -85 83 67 -60 -49 95 21 -51 80 91 47 86 -79 27 -5 -36 2 -45 1 -17 -57 27 
-25 33 80 19 66 52 -81 -100 -95 -84 -37 82 81 -38 14 -52 72 -93 -70 -84 50 72 9 36 -93 71 -15 93 26 -80 73 58 -100 -93 -33 -47 -22 79 -59 -77 89 1 43 -55 -79 53 -7 38 -80 -99 -87 -66 -11 57 -11 -69 -4 -75 81 73 -85 92 42 15 27 28 28 -54 28 -90 18 -61 -62 66 -49 -52 71 84 -94 14 41 3 -36 62 4 47 48 -71 -13 64 84 -95 51 64 11 -39 -86 48 
-96 68 -98 29 64 -99 -93 71 54 -94 -23 -44 21 -90 29 84 -32 34 83 -12 -90 36 71 59 100 -52 74 -1 -58 -84 -61 -43 -58 72 -7 30 -38 85 83 -18 52 -96 65 -35 -22 59 -88 43 -21 13 -22 -43 64 10 16 18 -83 -8 10 79 -54 -77 -50 77 -87 -9 97 -39 -45 -81 57 93 93 46 65 -78 -68 -42 -83 26 65 75 35 -81 -24 -14 -26 34 -8 74 39 -11 51 90 -65 6 -75 66 
38 -48 19 25 -96 2 57 -15 50 23 32 -4 36 -85 -85 88 -18 -23 -61 -95 -84 -54 -89 -4 -25 14 18 -9 15 -97 98 -12 -71 47 -53 -63 100 24 -63 -67 87 -84 -89 -58 5 44 -26 -27 100 40 48 21 -49 5 -25 16 -74 43 -6 57 36 -93 -69 -81 -93 -93 73 96 80 60 94 -1 44 13 -28 77 68 -12 -78 99 -53 -22 -44 98 -72 -98 -93 99 79 89 2 -49 -60 46 95 -68 -95 86 
26 -78 58 -5 -92 -100 26 9 -77 94 -88 45 49 -94 14 8 -25 45 -72 -96 30 94 8 -30 68 7 -2 -14 99 73 -54 13 -89 55 30 15 -89 -37 -2 -59 70 46 -5 -30 -86 -65 -10 -44 -9 46 81 94 75 -92 4 -57 44 -13 100 -27 96 -6 81 -43 -4 -17 -75 -8 52 -64 90 -49 -96 -88 22 -92 4 -94 99 96 -21 -88 72 -86 47 76 39 15 -44 58 18 -91 6 64 -60 95 77 -26 
-36 -58 -54 49 3 -4 -3 55 -68 92 -69 -82 -100 28 -16 38 29 92 -14 -46 37 92 9 44 88 -35 -20 41 -16 -1 63 -86 -6 -45 -77 -68 -11 -45 37 -3 -7 -34 -85 -93 70 30 50 79 -50 34 78 -20 -10 67 -93 -71 -59 48 -18 81 19 57 -77 -15 92 87 -12 -65 -28 -61 -79 -7 -77 -2 -28 -96 -69 -63 -37 36 -47 20 5 51 -69 -8 -11 11 -82 -18 -93 0 -98 -16 -28 4 -8 35 
43 52 54 -5 62 25 -46 3 -23 67 -31 -42 -51 8 -29 70 -93 -52 43 37 -76 32 -13 -93 31 84 75 78 43 100 -66 -26 17 -11 69 10 60 77 -95 -46 87 58 -93 19 -18 -2 20 -5 -20 18 -15 -19 74 -30 -72 -5 76 36 -73 70 18 -47 -14 -31 11 -45 100 -84 -27 49 -53 18 -70 -8 0 27 38 -55 -36 37 -22 68 -51 -3 68 15 -60 16 -27 -65 40 60 -2 -71 72 -2 -3 -63 
-88 40 47 -52 89 -38 -28 -64 -53 -68 25 6 -97 -17 11 25 34 67 -13 -6 -52 -13 -61 83 16 -94 -41 -41 -3 62 -68 -60 -98 -43 -81 58 -14 98 39 80 77 57 1 -93 98 71 -9 -80 52 80 22 -69 -4 -78 94 -4 29 -56 -79 80 -76 0 -66 23 90 -15 -84 97 -55 -61 2 43 43 54 -33 -93 -75 -31 -28 -71 -50 33 -69 18 -18 55 -58 53 -85 9 -56 11 -72 36 -91 95 -1 -14 
7 -4 -71 -99 -54 -76 -8 -97 -53 -75 -16 51 -48 -15 -31 -58 -25 -92 -22 65 55 80 -8 40 -21 -2 70 -17 2 56 77 -88 47 -69 67 12 -9 29 4 -17 2 71 -97 38 -2 49 11 66 100 -28 -49 -18 -40 -58 -51 -61 -92 -57 49 -13 93 -95 91 50 37 -49 -84 -38 -19 -72 90 -86 67 -93 -82 -9 97 57 -6 -59 -46 87 10 -6 -25 -26 -67 12 90 -11 62 19 69 -64 -23 -40 -83 26 
28 -29 -3 18 -81 7 -69 -49 -44 19 81 76 74 79 45 -77 54 -77 11 -89 -41 -46 -22 -91 51 9 -58 46 9 -21 -69 95 13 44 29 -14 56 4 -1 -38 -82 86 69 76 -4 71 -18 23 54 66 -37 -31 -10 83 14 40 -92 31 46 -61 21 49 72 68 -38 36 18 45 22 -63 69 20 38 -61 87 -31 -85 60 -87 -21 81 -3 -28 -81 -78 -90 35 -84 13 -23 63 4 -1 -34 -9 95 70 66 
-83 71 68 -63 17 -66 -72 27 58 18 -52 -33 94 47 -38 39 -78 -43 73 -99 51 -40 27 -66 -51 60 -23 -88 -96 -75 6 86 -88 -51 24 -54 46 55 -88 96 73 2 -61 32 -54 12 47 95 -88 77 -78 39 46 14 26 -54 -65 92 -40 48 3 -10 -52 -7 -33 39 59 86 73 2 -64 -25 -85 -44 61 17 -89 40 89 -58 -89 84 19 -34 -3 30 92 86 -35 67 -69 -10 4 -74 -47 -45 27 -66 
-39 79 -54 -50 62 87 -67 -78 -66 -84 84 -17 -62 -99 87 -92 -70 -20 -91 -95 82 -94 -77 9 5 -46 -31 69 52 29 -53 99 42 -18 -47 -12 55 50 -89 -29 -25 86 -65 18 -87 51 19 69 11 67 75 -31 12 55 -11 32 65 80 -44 -57 68 -16 35 -56 -52 -86 -6 27 -9 53 88 -22 59 71 -13 91 -85 77 -9 26 11 -25 2 19 25 -89 38 18 -24 -83 -60 68 -77 29 2 36 52 -1 
-47 -67 64 78 22 -15 -27 7 0 37 -17 -29 6 -60 57 -13 12 58 61 97 -84 5 -90 4 -35 5 63 -13 -5 -57 2 2 49 15 -44 -65 -98 53 -75 -74 78 23 36 4 87 21 24 78 5 85 -31 -45 -38 -69 -74 46 17 -18 -94 -76 -68 -93 -5 85 6 81 67 -94 -32 -96 49 79 86 -49 8 0 -48 26 -23 19 97 -22 -26 48 54 -84 -85 92 32 -47 92 84 13 16 -29 -49 26 96 
-2 -55 -93 -88 -45 -46 79 83 -72 44 76 10 -46 75 -74 -14 25 -23 -5 20 -89 -91 -36 84 69 -92 -6 -60 12 -88 -22 -77 3 81 75 -77 93 84 -53 38 78 82 71 -39 15 -10 -18 -85 6 75 -60 30 -92 63 -99 -25 -47 -63 -76 -73 -70 39 22 -45 90 -9 37 73 96 29 -75 -94 -52 -94 52 0 -58 21 -3 -85 -68 -36 -51 74 97 85 -18 -40 30 -69 -90 55 53 -61 77 20 -17 24 
-15 -7 40 8 -93 -16 -16 -12 35 59 99 5 63 -29 49 -59 80 66 97 42 66 93 5 66 83 44 -9 74 -49 0 -49 80 26 -35 44 -90 -12 20 -28 36 -98 67 -64 31 -79 -60 -81 -23 68 -74 -75 -84 99 -95 -84 -83 93 36 17 -64 25 61 31 -2 42 -99 -27 -14 -93 91 -41 58 -87 87 71 94 61 90 20 -62 38 85 -45 -34 85 65 94 55 -37 19 -33 84 48 -60 72 64 -76 30 
89 92 -92 -12 75 -98 80 -63 -2 95 50 -10 -85 -67 2 -49 -51 45 -39 -14 19 -68 73 -21 -95 72 -14 -43 32 -44 83 13 50 -4 71 -72 -22 -54 27 19 -68 -18 23 -53 -98 -78 -53 83 -53 19 15 4 94 -64 -68 -9 11 50 -18 -74 93 -31 -30 11 -36 53 40 82 -92 -87 33 42 -69 -59 -47 -51 26 -95 1 7 22 -68 -90 5 -90 75 -44 42 -69 -42 67 -9 62 26 91 30 -66 76 
-65 -83 68 92 1 37 -55 65 31 0 59 -81 86 48 43 20 -93 -47 -86 -16 -27 -60 -45 72 -16 -41 -88 -81 -77 19 64 -67 -39 -35 97 -69 -49 -71 60 -23 19 -85 71 -74 11 -95 54 -32 44 -60 86 20 -73 10 -1 -82 -82 -30 -45 91 68 -47 44 -2 91 -91 87 91 4 100 -100 96 77 -96 46 -58 50 -15 -91 29 -95 -26 -41 17 -23 16 71 -23 -68 1 92 34 70 -44 -34 -38 51 -18 
-61 59 -75 93 34 -67 -98 19 -59 -33 -5 88 -70 -24 -91 -9 -43 -67 25 -73 -60 -93 11 58 6 93 -90 -33 -44 60 -67 -7 -44 36 75 27 -8 95 -3 87 1 65 59 -56 -40 63 25 -95 64 -85 51 -84 38 7 9 -92 82 -19 29 -52 80 -97 63 -84 33 81 -43 1 33 -30 45 -45 57 19 6 14 -56 85 7 36 14 44 -75 35 -85 51 14 -48 -83 -5 5 -70 -18 -18 -20 -97 -30 19 
79 -7 69 -93 -80 -66 -64 65 -38 22 -36 25 24 72 -24 53 28 39 28 -93 60 -75 -93 -50 -72 -50 40 14 34 59 54 24 -96 -91 44 -52 -46 82 -100 37 -73 -84 88 17 -8 -45 93 -70 40 -23 -71 -59 -5 41 -77 59 31 81 100 72 47 44 -53 48 -79 -68 -24 33 -70 99 -2 31 -46 -37 -76 94 55 15 69 -63 0 39 46 -64 21 -69 67 -69 94 -50 29 9 -17 38 -52 -19 -87 64 
43 17 97 -80 100 54 -24 60 56 88 63 -38 -35 -84 77 14 4 -97 -79 -95 -86 -76 -70 -97 2 -48 90 -21 -36 -83 72 11 33 -84 40 56 88 -29 -36 87 61 -19 -36 85 -2 64 -42 53 92 -74 -89 66 43 -94 -58 1 -100 1 41 15 44 -13 83 -71 47 58 48 83 36 0 20 -25 20 -42 86 -45 -67 -62 12 2 -30 -83 35 98 86 20 -60 12 51 -4 7 80 -11 -48 0 3 7 -98 
71 -65 -58 -54 -49 67 64 46 -83 90 39 37 49 82 26 75 -71 -46 77 12 -100 100 -30 -12 -73 86 -37 -81 -68 80 -80 -61 67 -49 52 89 47 -8 -97 -85 -47 71 89 -40 24 38 67 53 34 25 84 -33 31 90 3 -21 -45 -64 85 -93 30 -7 3 -6 -42 59 -18 -41 61 30 3 -78 -26 -37 69 -57 -17 41 -44 -74 -29 -2 -96 1 -27 -10 -81 64 5 55 -89 51 31 -55 0 97 -32 -78 
-16 12 12 46 29 54 43 -43 -64 19 -7 -44 53 -30 18 -1 81 -92 14 94 44 -7 78 -15 -33 85 1 -75 -78 35 -89 -64 -33 -95 95 60 2 -86 37 94 -72 -48 73 -34 -72 -65 54 -69 -95 79 32 -76 -92 -13 -17 61 -88 77 45 -21 31 57 20 66 -2 2 39 90 -80 74 94 14 -22 14 -91 51 -12 86 -56 -58 -47 -52 -92 74 -70 72 43 -6 87 -48 98 -74 -72 -50 -70 -11 -80 -57 
99 74 79 -53 51 58 79 13 70 88 -16 -67 -46 -63 -88 -6 -35 34 -93 64 -9 -75 22 94 -6 -74 12 90 45 44 -7 99 -19 -28 73 42 -59 77 -42 -76 -53 -100 -83 -61 -1 -83 23 -54 -76 -95 3 79 -100 -90 -90 -56 79 37 -77 45 2 67 -43 21 5 -1 40 -66 31 -67 40 26 -86 69 85 6 65 78 86 -2 -11 -81 33 -10 14 -47 -55 -58 71 21 -91 65 87 -58 65 -10 52 -73 
-16 64 20 -13 78 80 -1 59 -28 -64 30 -40 -39 36 1 -23 -46 -91 -5 29 -25 -97 -13 -46 41 21 38 92 -15 -87 -59 77 46 8 -16 6 -28 -28 13 -4 87 90 1 84 0 61 -81 49 -50 13 -64 -45 17 -27 70 78 -22 24 94 19 -69 55 61 26 47 20 -26 -91 -90 -53 -29 -37 87 -55 -6 -26 -41 94 -83 100 66 -100 -8 8 -2 -52 -91 -9 2 -45 43 58 8 -71 -47 62 36 -44 
-40 1 87 53 -47 -56 -5 73 35 62 -54 -47 -38 -34 -7 44 -95 78 -56 8 -64 59 -5 13 7 60 26 73 -79 -9 56 10 -68 -84 -57 78 99 94 -30 -94 -92 -4 56 -17 56 69 -96 13 -27 66 -96 -97 51 -57 30 87 -17 96 -2 26 -64 49 -38 34 -48 73 5 -1 -44 -53 60 -81 75 -90 33 -57 9 -83 37 -2 100 93 18 79 -79 53 11 -70 16 -4 -5 -53 -90 -29 21 -31 49 -69 
20 72 12 9 1 64 78 67 29 -99 33 -48 -74 63 35 23 67 83 24 23 79 -77 -74 -3 -70 -13 -69 55 -7 -28 71 58 45 33 24 84 58 98 28 46 -27 47 2 38 39 -17 -38 -40 -74 20 -52 56 -41 -18 27 90 64 -60 -51 37 -93 35 44 -55 50 -4 -72 31 -82 42 -76 17 -46 -9 96 29 -97 -25 -93 68 -2 44 99 100 78 -99 88 57 -75 -87 86 14 72 -39 -82 41 -47 4 
59 -30 -36 -32 -46 51 59 50 -45 -1 -6 -41 -48 -57 -62 -71 -100 27 26 56 -10 28 -36 68 -11 76 69 35 -21 -20 34 -23 -9 -99 -2 -45 -71 66 -32 65 72 -10 7 2 78 31 -79 1 -34 10 -17 70 -12 -32 -90 77 20 34 92 -59 42 79 -83 -75 -9 -72 5 46 49 -29 17 -7 -59 21 48 58 0 87 50 34 11 -54 -9 -45 -56 -70 73 11 70 61 59 35 21 78 -55 44 -61 -1 
17 -38 -1 32 -48 -2 -58 -85 1 -63 -63 -78 94 -95 -83 -25 -6 22 34 -6 89 -66 67 -78 -18 -44 27 -3 22 82 19 50 59 -34 81 -11 67 -41 93 -4 22 64 79 -37 -64 78 -30 99 -80 -57 20 19 -87 -16 -75 -74 -50 -2 84 -55 -20 -60 72 -35 99 43 76 3 22 24 -31 -55 53 67 -23 -21 92 -72 -76 37 -65 -46 -4 37 -31 57 12 14 15 -81 -21 87 -13 96 -85 -63 82 64 
39 -52 97 83 62 -74 -91 -39 42 80 26 -38 -53 -100 31 -48 55 -50 -79 -24 -31 9 10 -91 -19 65 14 -50 -63 -2 -37 85 -74 -72 -68 -56 -12 28 3 61 -41 82 12 -31 46 -58 -5 29 64 81 19 72 55 -82 -96 -55 -5 -76 -50 -92 -59 97 -66 -83 -48 -52 48 -81 -57 69 22 -64 -34 94 28 61 -81 -38 -90 -95 -73 12 19 91 -69 -5 -3 7 82 61 25 84 -71 -48 -11 33 86 9 
-2 -89 64 23 2 -7 44 23 88 -87 -9 61 -18 52 -99 92 66 13 -20 -68 43 85 12 -54 27 -28 77 50 33 53 15 -53 63 -26 -85 53 -41 4 15 46 -74 31 20 91 3 -49 -55 27 57 8 -91 -9 -82 -65 90 -9 80 20 -51 10 40 53 -86 64 20 -89 59 70 -44 62 25 2 -92 14 42 -3 91 -41 24 31 -31 89 39 -97 -70 88 -90 -60 71 0 61 7 -53 65 -78 -19 -1 -50 
34 -53 -66 82 6 53 -10 -47 91 21 -40 55 -100 -25 15 -92 33 49 45 -100 -69 -61 79 28 24 5 52 49 19 -100 -72 62 -35 -85 82 80 89 -83 -89 78 94 -24 79 -73 81 83 -93 59 -51 -81 -23 62 -14 99 -44 93 -6 -52 83 46 24 89 -49 -51 -53 -98 -38 -58 -53 64 -62 75 3 52 -53 -86 39 80 -35 5 44 -49 -59 -55 54 23 -34 30 47 66 89 10 86 52 -60 -19 44 12 
-69 -72 28 34 -69 18 3 -16 13 -22 -95 42 69 26 97 99 -35 6 27 34 67 -43 9 -24 -50 -23 -61 6 86 -4 -31 46 67 65 -67 -75 -78 16 -58 -3 18 -24 86 45 2 41 33 19 65 85 86 -34 -96 -4 20 19 100 52 -79 -27 23 57 -68 15 28 -34 -82 4 -38 69 -45 -24 19 66 29 13 60 40 -35 3 -25 -50 12 -97 -49 10 95 -78 -31 37 -18 -76 -58 -85 14 44 -59 6 
56 -81 23 95 -52 -51 51 69 -8 -82 27 100 -58 -78 -39 2 -84 -65 5 36 -83 6 -50 30 67 4 -72 -64 -40 9 -93 7 -90 8 -18 -38 -65 100 2 59 -2 80 29 -42 -39 -42 -33 -91 10 56 34 22 89 -81 -76 16 48 -50 -57 -73 -1 -72 -20 35 -76 100 53 -49 76 51 -55 4 -64 62 -95 -27 -68 60 -56 11 80 84 -73 -37 55 10 9 69 14 -60 32 -73 84 -70 -70 59 -20 -48 
44 -37 71 19 73 -53 64 -76 100 -68 -85 83 -65 1 -93 76 99 -8 -67 86 -21 4 20 89 19 -46 54 -23 16 -79 1 -50 -74 5 -90 90 34 81 -9 77 -23 54 57 97 70 77 -46 -40 -60 19 28 -51 -4 -8 90 -31 38 -41 -77 64 -49 -79 -53 -72 71 29 -23 16 40 -44 -72 -79 10 92 42 87 21 -27 81 8 79 26 -10 -24 15 22 80 -66 -8 -61 93 21 22 51 46 -95 -7 -49 
53 -10 4 55 -45 -92 -16 23 -97 -84 -72 -47 -22 34 -60 -93 60 77 -99 74 -53 18 -51 -42 -26 -3 -46 -95 -96 -55 24 -35 -23 41 -36 -78 9 -64 -23 -53 -48 -17 29 -6 46 78 8 74 17 -63 -77 -12 -68 -73 76 78 56 -4 -20 -61 77 29 -68 89 64 87 32 79 -6 -51 11 -34 -54 89 -97 -24 -79 22 -60 -8 -95 2 -43 3 -19 17 96 -13 -30 38 -49 -99 51 8 -25 -43 18 -64 
-24 37 -43 -9 -83 -86 -54 2 -74 62 -90 85 -63 93 -38 34 -87 32 50 66 89 58 -97 27 6 65 92 -92 -96 100 66 89 85 44 93 -44 36 -58 -92 -10 91 31 23 45 14 62 31 -37 -22 -94 91 69 -26 -11 15 46 -16 -75 5 -27 -57 -42 20 19 -94 -59 99 -62 74 -68 -95 -71 -69 -87 -3 -96 66 56 70 -73 81 71 18 -9 -27 74 83 55 39 13 -45 58 75 -5 21 26 27 88 
-74 -13 94 -31 -57 48 24 -83 93 -24 55 98 -54 -25 -38 32 -36 87 60 60 -74 -30 2 -88 61 -92 -2 -10 -83 -32 -29 52 -73 -98 -33 7 1 48 32 -91 69 -94 -23 40 -12 33 -11 -39 54 75 88 -63 -54 92 -54 88 89 93 96 75 -94 47 44 70 88 -6 56 20 20 44 -76 -10 -76 -78 -99 -34 -49 -74 -98 -96 78 89 17 -37 -10 -38 95 -15 -28 18 -30 10 -72 38 86 78 19 27 
-97 -83 14 0 56 -78 79 -74 -4 11 57 -82 -32 -3 30 74 50 64 92 -20 38 -75 -15 54 94 96 -89 78 30 50 -21 31 -34 34 27 -26 -48 4 66 -50 19 -89 -4 100 -34 -19 -53 14 82 -25 79 37 -14 27 90 30 -24 31 -24 77 -79 67 -96 44 43 31 -31 -93 -38 93 68 -37 4 -68 -54 -13 21 31 63 -48 51 -87 11 65 42 78 32 4 37 -98 -59 5 -18 38 69 -77 46 -16 
-11 79 -76 76 -40 39 -51 -30 -93 -54 -19 -71 -46 -6 -96 -70 -69 -45 46 72 -34 -54 -41 70 31 4 43 -95 54 -56 31 76 33 52 -63 -7 -5 26 66 82 -45 -97 88 4 17 3 77 -51 -49 84 48 -91 87 -13 93 -70 42 -41 66 -49 3 -98 -95 -82 41 -69 100 56 48 82 68 -7 15 -17 36 63 -76 -17 58 37 96 -33 7 -95 -29 52 -65 90 57 10 44 35 -74 -29 100 40 71 21 
-43 -90 -94 -49 23 30 88 97 -67 -61 66 -54 -3 -45 38 -36 -44 -95 -14 90 -83 -96 76 -86 -18 -64 94 99 22 1 70 89 17 -89 21 -84 6 83 10 -58 -3 -10 -77 15 -4 50 -15 -84 4 75 -84 45 -90 73 30 -44 -45 78 81 68 71 18 17 -78 64 83 -12 -15 -55 -15 -29 -84 44 98 72 -23 -35 17 -37 -17 -3 85 -6 -23 96 -86 22 3 6 -48 52 -3 80 -77 16 10 3 31 
-44 5 -13 -12 -53 35 82 -72 -33 6 -8 10 46 8 -31 20 -99 -82 2 90 -95 -48 -90 -22 47 -57 27 29 9 47 100 -42 66 -85 46 43 -45 9 -22 95 69 40 -29 68 34 43 -96 -61 31 -67 0 -50 -21 92 86 65 50 -90 71 -73 -62 -73 -7 -75 -51 77 23 -78 -30 -64 96 -77 -11 83 -71 -59 -15 -11 -14 -93 13 -37 -73 -8 -32 -68 -78 -48 65 99 48 96 32 57 -91 58 -72 -18 
63 -90 -39 99 41 30 -77 -97 -73 91 34 57 -94 25 53 72 -42 -11 -15 17 -50 60 -20 13 -42 89 -62 -7 6 -93 -36 45 -76 79 -5 -29 88 43 -27 -35 -97 -32 -82 89 16 -67 -61 29 57 -85 20 -51 -71 8 81 -85 52 -67 -19 27 -49 6 -45 85 -53 -20 1 88 -35 -65 -62 2 44 -10 -53 49 -69 -82 -98 47 -17 11 52 39 -68 58 -5 31 7 64 -92 24 94 -26 95 21 72 23 
11 70 63 -82 1 68 92 36 -29 78 31 -64 3 -1 22 -12 53 83 96 -33 -94 54 -42 56 -23 9 -81 22 14 69 -84 -26 55 -38 -44 -76 -65 -59 -67 -24 -56 14 18 39 66 43 -29 -84 -95 -100 58 6 -62 -48 18 -51 -78 21 -58 -45 -58 3 -50 -13 86 83 -98 -88 -43 54 -19 100 97 -68 -41 -27 -4 28 47 -36 69 -40 29 8 48 23 1 85 -95 99 -16 -27 -41 -39 -78 -99 -90 -29 
-2 -37 -5 -85 -80 -99 -67 93 98 -22 -7 10 54 10 99 58 -62 -85 -43 99 34 -45 10 -6 42 23 1 -79 46 33 43 63 -90 -9 -48 -84 64 -24 59 16 44 7 -63 -59 77 10 72 -15 -90 -33 35 51 22 37 8 68 90 93 62 -28 -73 22 72 -46 76 1 -49 -14 -34 73 70 -42 -19 -54 -64 25 -79 -7 72 11 85 -74 15 2 2 87 -22 -98 18 15 -93 47 -42 75 -6 -51 12 -40 
2 11 -58 -46 73 72 13 -40 86 45 90 3 16 34 39 55 -28 26 56 57 92 -88 -86 8 -71 62 47 -26 19 93 -45 -87 12 24 3 19 -21 -39 62 80 -8 7 51 -27 96 -40 -72 77 -76 7 50 -58 3 -43 23 -29 -45 -87 69 -34 -65 30 -39 -85 24 100 -59 22 62 -23 17 -78 -84 5 -52 0 -32 -92 -74 82 51 99 95 26 53 -91 0 -71 -93 -29 52 24 94 69 -22 -44 -16 63 
-17 -32 -52 49 -17 -95 -35 -100 50 -12 -45 -31 -39 -67 36 75 27 24 82 -18 -55 -24 17 100 29 46 -39 -99 -72 -47 -53 -84 -7 100 24 -88 -76 34 -34 -70 84 62 -13 -39 -75 100 73 -57 9 74 -43 -8 -17 -40 31 8 84 -85 -65 -12 22 37 10 -82 93 100 -31 -20 13 33 -64 -83 67 -68 -37 -14 -25 -56 97 -100 5 62 100 -53 -29 -73 83 30 5 54 -67 -51 27 98 30 39 81 -3 
12 92 -25 -85 82 -26 27 -8 7 24 -51 -49 -70 87 -26 58 37 -77 100 -43 -54 -52 -65 36 -64 64 -85 -62 -80 -37 22 91 5 -82 35 38 -3 -6 57 7 -71 35 80 -7 -41 0 92 39 51 2 -76 -50 -90 29 37 98 67 -62 73 32 -9 -77 -15 -32 -72 0 9 79 -11 -54 14 -10 -8 -51 -29 -60 62 46 26 -44 100 52 -58 -89 -11 58 -60 -49 10 66 76 22 50 25 2 -6 -39 -23 
52 -23 50 -43 12 -24 -14 -36 -78 70 -26 3 -91 50 35 -71 0 -12 41 45 14 -54 79 18 43 -49 -40 4 -86 -6 28 58 -4 -70 -85 -63 45 65 -2 74 72 -97 -40 -24 -42 66 99 -85 38 -6 -68 -84 -76 -57 17 -75 99 23 -40 -66 57 -37 -29 -17 -100 -96 13 57 -40 -15 43 -88 75 -45 -32 -90 83 -98 6 -36 -74 -2 -36 85 -95 23 -54 87 55 78 -20 -47 -28 -87 38 80 84 -96 
90 -44 12 -40 46 30 61 53 41 -8 -99 -77 -33 60 -16 51 85 -45 -24 -84 57 66 68 -25 81 -54 -41 -52 -50 0 -73 54 -6 11 68 -51 83 29 -22 69 -42 15 42 -56 -62 15 -16 12 -34 -42 12 -33 82 72 3 -23 81 -99 8 -74 -63 -42 55 96 84 81 -15 -6 -36 -17 54 -22 -62 86 51 33 -36 -72 -2 -72 20 -84 70 15 -26 29 -24 39 -89 -83 60 53 -48 11 82 35 26 -92 
-43 -59 -11 68 6 75 -33 33 36 43 52 53 -71 -41 -25 40 -82 -40 -35 -30 -91 52 -41 30 -83 57 -52 -40 -2 -86 -13 65 64 -37 -64 -27 63 12 43 -30 -85 -49 31 51 -73 -3 98 62 -89 3 73 28 56 -56 -16 -52 -31 -49 -5 -75 15 -14 60 -71 -57 58 24 83 87 5 47 -100 -42 34 -48 69 45 -1 21 38 76 -90 42 -51 90 -63 77 61 64 -73 -5 76 -5 -50 -20 -28 37 53 
14 74 -46 -94 -30 -20 74 -3 -86 56 78 -54 -87 4 89 57 -58 -96 -78 -53 90 38 -93 -77 -1 -69 50 -49 -71 -25 26 82 -76 -57 91 -8 28 -72 40 -15 -14 -14 93 -76 14 81 -25 -52 35 -31 76 63 -88 73 -96 94 -32 36 -34 -8 77 -46 -38 16 -55 -95 12 -27 79 85 94 -87 50 -10 -3 -16 2 47 87 -84 5 -98 -65 -52 -32 -99 -32 92 -67 -73 4 3 65 -87 42 20 8 -41 
73 -84 72 24 98 -89 1 -67 -68 -85 -18 10 53 44 16 4 58 81 -57 73 -16 1 -44 -1 -26 -26 25 55 -47 12 -41 -23 67 -63 10 -37 -81 48 57 -48 -25 57 8 -64 69 -91 17 3 -86 -32 -92 47 37 36 30 -47 -69 -54 -12 -71 -62 -53 92 -31 88 -90 -64 -75 -52 15 78 -60 -100 -35 69 92 -52 23 -12 37 -17 96 -87 32 92 -10 -61 -11 52 71 76 -27 75 -42 -30 -81 41 99 
-66 -3 -88 41 -53 -11 -43 -74 14 79 -34 24 -70 68 -25 100 65 68 -67 -45 -44 41 -74 18 48 -48 -45 66 26 -10 -88 88 -44 93 -61 -75 -36 -15 57 68 -5 91 -80 11 39 -34 19 -78 -10 33 -26 78 -56 -51 84 -38 59 36 11 -6 -62 1 -51 11 61 15 -87 -69 47 3 -31 67 39 -85 30 -46 -22 -44 21 4 -20 52 6 -48 -100 27 87 61 37 -22 -34 -30 88 81 -70 69 -66 -33 
-67 -83 -65 -90 88 -39 38 49 -7 24 44 16 -69 -60 16 31 -79 90 60 -38 -99 11 -78 32 40 -92 45 -9 -84 -74 64 64 10 -79 -23 -80 100 -93 36 64 -1 56 -86 90 0 -65 76 92 94 -73 75 23 -58 -97 12 -83 -64 -12 -65 18 79 -69 48 -57 14 29 -2 1 -27 38 14 -65 91 34 -5 -85 22 21 -71 28 -46 -87 20 -69 44 -50 -13 -31 19 -24 -17 94 58 -10 65 -21 -79 2 
-47 82 54 61 73 -78 -23 -90 62 -56 79 68 55 -33 -51 84 -78 -44 -4 58 -24 51 -61 71 83 -69 59 19 -84 96 98 -8 -24 -28 73 21 -71 -44 6 -59 -18 -56 27 65 50 -95 -70 -89 -1 -30 -75 -19 -38 -68 -65 11 7 92 18 -40 -15 77 42 -51 -6 29 16 45 51 -17 76 9 89 41 21 -10 64 -63 28 97 94 68 23 -30 27 -54 -57 0 79 9 62 61 26 -19 60 85 -2 74 
-37 -52 -54 21 18 -88 40 84 86 0 -78 24 64 -59 9 9 75 -59 -25 56 -28 34 -7 -96 -71 32 3 3 -49 72 36 70 -29 -73 -93 61 -36 -60 77 -91 82 -90 21 -5 -14 45 84 20 -60 -51 14 -59 -100 -38 -2 -45 -100 -94 -24 90 78 -60 -2 50 -55 -34 53 85 -21 73 11 -71 12 46 22 87 -98 0 24 -87 -71 -72 -96 -37 80 -8 20 54 -25 82 79 100 -64 -71 -74 -4 -57 -23 
17 83 88 -51 -30 10 19 26 54 -70 -65 5 -72 -26 -19 -9 15 35 7 -22 54 -81 -90 -31 85 -80 28 -34 80 -27 16 47 2 86 11 76 66 27 -66 -19 27 -93 72 -29 -39 -89 -9 37 95 20 14 54 52 -100 18 67 -63 -22 -80 -89 61 -33 -57 -17 13 -8 46 -1 -25 -82 -42 -2 -50 16 29 -44 71 26 86 -25 -87 -4 19 0 16 32 7 -9 -99 -92 -44 31 98 78 -57 54 -37 63 
12 -81 -60 6 -53 -60 2 -100 80 -15 -83 -59 51 -90 60 39 -10 -43 94 33 96 -61 -25 -39 -39 -74 -54 -44 85 31 66 63 33 59 -71 20 80 -96 -27 94 85 49 80 4 -45 77 -98 77 35 -31 -12 -94 63 55 -10 74 -55 58 -8 14 15 -69 35 71 35 -65 78 38 27 55 42 24 83 -55 30 50 -27 56 -30 61 -9 27 1 -20 21 25 -41 79 57 -94 -80 9 -97 49 81 -72 40 -13 
78 -24 59 36 37 80 43 40 -11 32 -35 79 38 51 42 87 7 -48 -65 78 -82 -74 16 39 -57 64 -60 -99 65 -84 -34 90 98 -100 1 17 79 -55 -82 21 94 68 -60 -83 -63 86 -6 -4 56 75 53 15 60 90 20 -31 87 61 50 57 -54 -32 74 93 -87 90 -25 19 99 -14 73 -69 -52 1 -7 -91 -85 50 -82 93 -51 97 77 99 65 -62 18 -45 -62 -85 -31 74 -8 -44 25 38 -41 -42 
-7 -92 2 64 97 -62 -11 83 -89 -84 21 -21 -90 -48 7 -62 18 -36 -69 50 7 3 58 -74 -67 33 65 -83 82 -1 87 -8 -16 -55 52 -6 -51 80 -69 59 -90 -18 -52 -27 -43 -32 49 -21 -70 93 87 -75 -99 -93 -57 -95 25 69 95 4 73 -96 3 -52 -27 82 -57 41 -49 51 77 -14 44 53 42 -69 33 -68 -31 -75 64 9 -89 56 -33 0 -35 90 87 97 20 25 -4 76 -87 -55 -4 -35 
52 -51 -13 -86 11 -97 83 8 20 56 94 38 78 46 16 40 -58 -61 40 -30 -1 19 45 0 4 54 -62 13 -56 -58 -34 59 22 -94 14 -43 -48 -23 78 -87 -91 -72 -100 40 35 -71 -50 -6 -16 45 -2 -37 -18 -86 -59 48 -69 86 -15 30 12 -56 -28 -57 82 63 89 -84 48 2 37 13 42 99 0 92 45 -86 6 58 96 31 -28 44 -32 -95 -64 -72 -74 -40 -4 41 -14 -97 -67 99 -53 12 
-11 97 -35 -19 -16 6 -34 97 -77 74 -97 100 76 -90 100 -92 66 -76 -97 66 -89 -31 4 80 18 -92 -12 -6 83 -77 -3 84 -42 -83 36 -43 87 -33 -27 -88 45 -82 99 -97 -20 1 -43 64 52 -19 -99 52 98 15 85 92 -83 77 -62 74 60 18 -6 -93 -3 94 -4 -24 69 -60 86 -55 18 -88 -35 29 -97 -98 13 69 41 18 94 -8 98 44 1 24 -53 72 41 41 28 -35 -75 -26 74 0 
-32 99 -74 -17 6 22 9 51 98 -86 81 -32 -39 3 -35 -30 68 80 95 -3 64 -18 83 -7 -43 -93 54 26 36 27 -69 21 -97 93 -3 33 40 -17 12 70 -44 -60 49 -24 30 68 41 71 -55 -79 -5 -63 -80 40 96 66 -70 -76 65 -20 -69 -49 -79 73 -93 -71 -23 22 14 -12 -33 -77 94 33 -60 21 90 55 51 -17 -11 -61 8 -24 -25 -93 46 84 39 80 -40 -72 -67 -64 74 77 -24 -91 
29 -82 30 -9 -97 55 18 52 -58 34 22 -35 41 11 -1 -80 -82 34 96 -71 -91 -81 5 -15 -42 44 -8 43 -1 -55 23 -62 -93 -38 59 34 -66 -57 -75 -4 -39 -30 68 -74 49 -70 -55 79 87 -89 -17 18 76 -36 -19 -51 -61 86 52 -9 -25 -30 -46 82 -88 78 -29 -39 -14 -96 74 88 37 8 -58 9 -58 81 -71 -89 -8 95 -59 14 -71 48 -59 -16 -66 -42 35 -97 72 26 -8 25 -90 33 
-38 44 70 20 24 -85 -82 22 -85 -3 94 -10 -60 69 -36 79 39 -16 -99 29 -46 -60 53 -63 -79 -86 -1 23 53 11 94 74 2 93 -60 16 69 -85 -57 67 -82 -46 6 61 -63 63 46 -81 32 92 12 -31 2 92 3 -14 -58 45 -50 -73 10 -69 42 -94 -7 64 -52 17 -15 62 -31 -15 16 97 -16 35 -25 95 95 -51 -18 -93 -79 78 -11 -18 64 -59 78 81 74 31 -35 95 37 4 -55 -41 
79 -96 19 -12 -81 -73 99 57 -1 -82 -90 -74 78 -69 78 48 -74 35 -52 83 -64 -59 13 -74 -26 -15 13 -2 -79 60 10 -78 -13 2 -53 22 -26 -57 -54 -94 57 37 94 57 41 72 55 41 -77 -2 24 -41 -96 71 -49 11 10 39 -43 -72 61 14 -14 -22 -87 63 -27 2 -25 87 61 -28 -48 -96 45 2 -70 66 70 -15 -96 -79 69 -3 70 48 38 -40 -39 -61 -33 18 53 36 75 -36 99 -75 
-9 56 83 -12 68 10 -72 19 -25 -68 -17 66 74 23 -26 19 10 -15 -2 -73 -20 37 -63 81 -58 75 -65 71 -84 54 29 90 43 63 39 -96 87 -30 -21 -79 -24 -95 26 -28 -16 64 -44 -13 -27 12 -51 2 42 -21 -81 -24 16 68 -3 87 -29 -64 -14 -55 -59 25 -67 67 -21 -30 45 -18 -38 9 37 41 -33 -78 -38 69 90 73 -100 -37 26 -28 -14 -77 62 43 -65 -98 84 -80 18 79 -16 73 
85 15 0 -39 -38 52 80 -48 -33 82 4 -46 -49 34 -3 -74 14 61 -18 62 70 -11 43 -63 13 58 89 52 -30 -71 -12 -20 -88 86 39 5 99 -62 75 68 32 -39 -21 3 -42 -53 -71 -70 49 -28 58 100 -99 -62 -80 29 67 3 -43 -91 -13 71 -45 18 -22 32 -39 -15 46 99 -29 -97 48 91 -2 3 7 45 11 10 -84 -74 15 -19 -16 42 95 83 -88 -99 23 -45 -81 -44 71 11 -75 40 
-12 87 -51 58 -42 89 -95 -15 -24 88 40 -37 -33 -36 -24 84 100 -33 -45 68 -47 -73 0 89 59 -79 -37 -33 -76 -17 -23 -15 -71 -91 95 -62 89 -25 27 45 -87 57 42 70 7 8 -76 10 -80 2 79 53 67 88 -77 95 31 51 -58 43 68 11 -64 89 99 98 23 -25 -66 14 -39 -89 -73 -53 23 -14 71 44 -64 78 84 2 -73 -83 -69 41 -85 78 100 66 76 -43 47 63 99 -97 38 50 
15 -15 65 -96 -82 99 -65 10 -6 33 39 -79 79 -7 90 53 85 93 -95 -17 66 70 -46 100 44 -77 -91 48 -39 57 23 1 -97 19 -87 26 -64 -10 38 -54 60 1 -86 -19 95 59 -75 77 50 56 2 16 61 -70 -64 -45 -15 54 -96 48 50 21 -24 -12 90 -77 -20 -9 -12 27 -99 -1 46 -50 -82 85 -94 -89 31 -48 -89 80 18 -10 -55 62 -96 -77 45 -7 43 9 -17 91 13 -26 -97 87 
23 86 -73 96 -51 52 0 37 -93 -79 78 93 -47 55 -89 -25 -26 33 74 44 -66 26 -6 -48 -45 69 -83 90 93 -33 18 -8 21 34 -35 10 38 76 19 9 -6 -34 10 -3 -22 3 90 -90 44 -35 -94 64 9 -76 -35 -29 -36 -56 21 31 1 49 -9 -100 -4 86 40 8 55 -98 61 -2 50 48 -63 -46 -98 -21 -29 69 -20 63 -84 -27 46 -97 -100 -64 96 53 -25 9 -1 90 79 45 -55 -4 
70 -29 98 -22 -76 60 -33 -72 -91 36 73 -5 -31 -66 -54 60 41 -6 -32 15 -85 -34 14 -64 -34 -4 40 77 24 -41 77 -86 -8 -82 -30 -53 64 -32 -64 95 76 42 -23 -11 -57 -33 -62 -67 -77 100 -98 -52 -71 10 38 -11 -54 -35 53 82 -49 60 21 73 47 80 69 -75 -72 69 -7 -1 -1 80 -2 -80 -74 -100 58 -53 22 -65 -70 -38 5 -39 85 -81 -68 -75 57 -60 -95 -85 -17 32 82 -70 
75 90 80 -32 81 -73 -17 50 17 -60 -62 -64 -15 -39 -96 26 15 -52 16 35 -3 -82 85 -20 33 70 -7 -80 22 24 -34 69 -55 18 84 -59 28 -94 18 86 83 -92 -9 60 94 58 -56 -29 77 94 10 -91 -60 71 64 94 -77 45 -100 7 82 -91 67 -59 59 95 -12 29 -1 38 -58 -46 -71 -8 -34 46 -30 -60 -79 72 -7 -15 -90 -18 -58 18 18 -67 -5 -30 91 58 -67 73 86 68 -95 6 
18 95 50 28 31 -100 -37 10 34 -10 25 -19 -29 -2 12 -38 57 -8 47 12 -93 -75 32 -96 8 -94 81 36 11 70 86 -37 -47 -23 -38 40 -62 -87 39 -46 -45 37 -43 -97 72 -11 19 -43 -14 48 -40 67 49 -68 83 36 -34 48 -26 12 27 -63 5 62 87 4 35 -5 -25 24 13 -41 -89 -29 -36 69 54 -57 30 85 -39 -65 16 -33 -48 -65 41 5 2 77 -67 -25 -12 -93 -81 15 3 39 
-51 92 -12 -18 -61 49 81 65 48 84 -18 89 -60 69 19 75 78 -42 -26 -44 42 -22 -53 35 82 -78 57 79 -64 -74 -8 -43 48 74 -31 70 -20 -66 -21 33 -83 -83 -40 98 84 -74 -10 -100 64 -4 22 19 -24 74 -17 98 -55 -52 -2 31 -91 86 -19 -7 77 -28 76 -69 -31 83 -91 -53 -98 -2 19 78 72 -23 -78 49 55 35 -37 -93 -80 85 -51 -45 6 -88 42 95 -7 57 58 -30 50 -59 
-24 0 -63 91 66 -41 93 -98 -89 61 -32 64 -21 -30 -20 -27 -60 -87 -1 -43 94 96 -87 73 -48 68 91 -15 -46 -49 -73 -80 -46 88 -60 82 3 78 -4 -61 -42 -39 -89 -96 99 94 32 -68 -2 27 -47 63 24 -73 18 -43 -90 -25 -95 -54 -27 19 -41 89 -8 -81 48 -100 59 -91 77 22 86 44 18 -51 -87 -85 9 -54 51 -80 88 -76 97 -4 3 59 -87 -60 -53 -30 -68 88 1 44 -39 83 
-66 -10 87 50 -90 31 -79 -48 22 -83 100 -59 -7 86 29 -80 32 -60 -36 7 33 -90 -26 -65 -69 -52 44 -71 86 28 -61 25 89 -40 1 -6 -33 -84 -66 47 -35 44 20 -92 -5 44 -48 85 27 65 -42 -73 60 34 1 -95 -63 -25 59 94 -25 78 -8 62 12 34 26 43 -39 45 -77 -46 63 -43 5 53 94 50 91 -50 -27 -22 76 2 -9 -76 17 68 11 -83 -42 -65 17 16 -27 -19 45 52 
7 27 -21 86 -41 -18 65 10 28 60 89 -48 -1 -54 -38 17 6 96 18 59 -38 -78 -73 15 52 -14 -24 -29 -9 -86 31 -12 76 78 -76 82 -76 -58 51 45 -39 -90 -4 27 34 -66 8 47 -39 -100 -96 84 42 60 -61 -36 -32 -59 75 90 0 -3 -95 -71 32 73 -52 78 -100 -73 -77 66 35 62 65 4 9 -3 71 45 92 19 33 -23 -1 18 47 37 16 -71 -88 22 -50 -97 -72 18 -25 72 
-70 14 8 -32 -77 -60 25 -80 24 68 -87 16 78 -33 14 -38 17 -51 38 -73 -55 -81 77 -96 32 9 -86 18 82 -96 8 74 -39 -11 -57 -75 53 -43 -62 48 58 79 -64 99 -65 -65 67 -26 67 60 -34 27 -54 46 17 -28 27 -67 -77 22 -81 71 77 21 -83 -11 -87 -78 -34 -32 -68 -28 -32 -79 94 87 -6 -44 80 21 22 -30 -51 100 -17 -42 -58 -70 90 24 -14 32 -70 -47 -53 25 -12 -26 
-71 58 73 86 -69 63 -98 -35 10 70 -58 56 -78 7 -9 -78 73 -63 26 91 -88 100 -99 79 54 48 -100 44 -85 33 -50 98 81 -90 52 -95 73 21 74 -42 -36 28 16 -52 19 -49 50 -52 67 77 -57 99 47 -29 -83 -61 -73 92 94 36 48 21 -65 -30 35 77 -65 1 -93 42 -5 35 78 31 -19 23 -10 50 -96 3 0 -98 70 56 0 -62 -66 82 -90 -77 -27 -47 60 -73 3 8 -41 -9 
97 31 25 75 15 -49 -78 -86 -19 -35 -48 43 61 -71 23 -57 -34 96 -30 98 -89 -43 -48 88 -99 -80 -79 -89 3 -67 13 -54 -39 13 -19 64 -95 86 -31 -36 -37 38 -42 14 6 -100 -13 13 96 -79 30 85 22 -94 -61 -61 75 -32 60 -49 98 -99 80 78 -27 34 -93 43 6 -81 11 28 -92 -43 94 99 -47 -58 60 2 28 -40 86 -23 -94 17 19 49 -15 80 -23 -80 -36 87 -4 55 32 -47 
18 -100 -81 -16 -82 -17 -47 76 -51 79 89 28 -31 -22 -29 38 72 -14 -44 59 -20 -15 22 -36 -30 -48 -37 -66 89 48 -62 -4 -56 4 11 85 -25 85 6 -45 66 80 -62 10 -5 63 80 -9 60 -36 55 60 -35 -10 -49 -10 -80 -22 94 82 -94 82 54 -94 -72 93 -28 -63 -3 -84 59 -100 -96 -95 38 23 -66 32 34 59 55 -55 88 8 87 62 24 78 -73 -87 52 -2 -4 -74 -74 -79 -64 31 
18 -8 -73 26 -57 33 72 77 -31 -30 -84 -6 -45 7 68 60 -80 -1 -27 -62 -76 5 16 11 -73 -75 39 28 77 -91 -74 -20 -88 11 -85 56 85 -23 40 58 -2 82 -57 84 83 -67 -89 -22 -5 -41 -78 -49 -3 -17 41 60 17 -93 -22 67 100 40 0 -20 -72 -12 27 68 92 84 19 -65 -12 59 -21 92 -58 56 26 -75 -68 7 84 -41 99 81 -42 55 64 -88 -100 62 78 3 -54 -1 72 21 
-69 -40 3 -38 -89 87 1 91 -39 50 -25 73 87 -15 -30 -52 -98 -89 -52 -73 1 64 -89 -61 8 4 13 69 -80 44 7 -29 -78 22 18 60 -22 -52 36 -95 -34 -90 -91 -25 -71 12 47 8 83 48 -5 67 -37 -84 -5 -75 59 -71 11 -2 -26 89 -10 -16 72 -66 29 -59 -12 27 -47 -14 -55 32 -11 -36 13 -9 69 44 -32 -83 75 -21 -56 -23 88 35 -70 73 -55 37 11 13 -4 -9 -96 16 
97 71 -22 9 25 40 13 1 -99 75 -46 4 -20 95 94 88 46 63 8 -92 40 -3 11 70 15 -87 -56 62 17 27 71 -96 -84 -9 -57 -42 -62 63 7 18 -99 -90 42 41 66 -36 53 77 15 -66 -15 12 19 -26 14 -24 87 -78 -12 6 43 -27 -24 37 86 -47 -14 -78 66 -33 47 -84 97 25 -22 24 -50 94 34 -31 -19 -16 3 -4 -55 -66 12 -54 83 -88 -7 -14 -84 -83 -85 70 60 -51 
-45 22 -66 -46 -25 -58 -79 -77 -6 -85 83 -95 -75 -94 -24 99 -94 -5 78 100 7 -75 44 53 -37 3 -69 -2 -77 86 -92 -10 35 -8 -80 45 -66 76 -27 -93 -47 49 -75 -47 38 18 -74 93 56 48 95 -99 -39 46 -51 62 -72 85 -15 50 -92 -92 61 -8 24 64 88 -32 -19 56 92 -66 17 -55 19 -68 43 15 58 62 -86 30 -21 -89 -88 -55 -46 -37 88 5 -11 97 -31 89 54 -47 -28 52 
6 36 -58 -53 93 83 53 91 49 95 -13 -64 71 -64 -87 -96 -13 -25 -94 -66 -14 -100 -38 -64 -67 43 39 -100 -89 88 48 73 -95 45 -52 -84 -48 -84 -94 58 0 -17 -90 52 8 7 59 -82 86 -76 -35 85 -37 79 20 -9 49 -45 -85 23 88 -46 17 -76 -31 10 66 -11 92 -34 -34 -12 58 64 -97 -87 -7 6 61 66 16 49 11 -28 12 70 6 -98 34 56 -83 -39 82 95 57 -55 -94 18 
-50 30 64 64 -8 18 90 83 -92 23 -80 12 10 -97 26 -17 -13 -62 67 44 99 48 -27 89 -32 13 -76 8 -22 -66 16 19 -40 49 38 -26 77 63 -17 61 61 41 49 1 77 -19 28 -90 -21 3 13 -44 72 -44 -26 63 -76 34 -21 -10 75 56 -16 -11 -72 -83 44 97 35 44 -41 23 31 -36 61 28 -49 -83 76 -60 -14 95 -87 26 29 -91 93 65 -86 29 -85 59 93 92 -89 -73 -3 -17 
-49 66 -24 33 -53 -82 100 -7 22 6 63 -48 -75 -19 45 93 -22 -100 -54 80 27 92 25 5 58 96 -77 -59 88 -77 -29 32 -80 -39 -62 77 27 -43 38 73 100 -88 -13 41 -51 -94 39 -24 18 -73 37 8 6 -93 -40 -50 94 19 65 72 36 62 70 -10 -18 69 -81 96 35 6 -36 70 41 90 -71 -40 -3 9 79 89 -7 -40 -78 71 85 73 -17 18 -91 26 57 -2 59 96 -42 -54 40 8 
17 -32 -2 -3 17 -35 4 29 56 31 55 46 -38 60 43 -91 79 -13 45 -54 89 95 -11 -82 81 -71 -45 12 -80 -6 5 53 -34 72 -82 36 -56 52 -48 1 -59 89 0 -19 50 91 -94 45 -63 64 1 3 -95 14 94 -5 -5 42 34 8 17 -99 46 -28 -17 -71 -65 -17 -89 -69 -2 58 65 12 -39 -98 -30 50 86 80 66 -19 -100 89 78 -90 97 74 74 -40 -45 62 -71 4 28 17 -96 55 
-50 34 32 -29 -90 -59 -20 72 63 2 -98 81 93 -90 39 -87 -53 73 -66 22 -100 87 32 27 11 67 -8 -85 14 72 -58 95 -29 -37 -93 13 30 65 28 -82 83 -76 -75 69 35 -8 6 0 7 52 -25 75 15 -43 60 76 89 12 61 77 -94 -50 -75 32 -83 -73 -56 89 82 93 20 100 43 -74 -1 -82 -7 62 44 38 -65 -52 8 -29 -87 38 -59 -14 -26 21 -81 -43 -99 -35 57 -64 50 80 
-16 39 -92 -5 -27 -87 66 -92 -84 -48 83 -44 100 -67 96 56 42 -39 47 41 32 -50 -16 -65 -75 0 -21 -62 -86 14 -44 41 -97 89 4 8 11 39 56 57 24 50 59 -28 -23 77 46 -20 37 -39 -58 29 63 72 -63 -85 -70 29 -88 -75 -38 -90 -80 -20 30 25 -52 -37 61 9 50 6 34 -29 3 -82 56 -33 -91 -19 -92 14 6 -5 -81 19 11 -73 -93 -18 -92 -53 56 -77 84 7 -19 34 
-35 69 -72 -92 54 10 -59 -28 -40 17 -38 -34 -75 -91 38 -57 11 100 -15 -32 -62 -98 46 19 69 72 -42 1 1 -76 15 -13 72 18 11 -42 -18 -11 -23 -1 96 92 66 -95 -75 -62 89 -7 92 54 -41 -4 24 31 99 54 -14 -90 0 7 36 -63 -93 -15 44 -4 36 31 36 -15 30 23 -39 -40 -71 -35 42 97 29 21 -33 -41 100 64 16 75 -47 -95 -49 66 -100 -72 -3 73 34 10 85 -86 
47 54 47 -67 52 7 -16 -42 -61 12 94 46 59 23 -75 90 77 52 -54 -31 51 86 -45 34 36 -57 72 9 -61 27 -94 -62 7 85 -52 54 -78 68 -47 -81 34 6 2 8 -7 57 -8 79 14 -66 24 98 82 37 -3 -79 12 29 40 -82 -97 -7 -92 50 1 88 12 -45 2 60 87 87 -41 12 88 32 52 -44 -51 -96 -18 -96 39 92 -68 -29 -12 -41 -12 32 43 11 45 -82 77 -97 11 21 
17 -43 3 -39 -53 -72 86 -4 89 68 1 41 -10 -73 81 41 30 15 100 -91 -88 80 57 -15 82 47 -74 91 24 -89 -69 -71 -70 -26 35 -69 -64 -55 39 -44 -31 -68 10 -44 34 -24 -72 74 -87 79 -89 -38 81 95 -82 28 -82 52 -5 91 57 -27 15 99 28 19 -23 -34 -63 -32 -53 97 -1 -80 46 28 -30 -15 -16 -11 -35 68 17 -81 -3 -14 22 -23 7 99 20 29 -22 88 3 -37 62 24 
-27 81 33 -100 3 -5 65 -34 100 -19 57 -21 -17 42 73 19 33 -74 -40 -51 -9 -49 -73 88 73 -30 -82 -39 40 77 32 18 49 -15 75 -38 -13 100 57 -98 90 82 -42 -38 45 99 -12 10 4 -27 -67 93 69 44 -97 50 -49 -71 56 91 -25 37 100 87 -40 90 -17 -90 -32 -27 48 -86 -56 -61 -18 -97 9 -61 1 86 -25 -87 51 44 -100 -48 -86 0 -7 -43 6 98 90 -80 -49 76 9 5 
93 -19 -100 23 28 39 -76 -66 60 78 -18 -58 -89 9 25 6 -65 -35 -66 55 49 -47 40 45 -88 91 16 -25 14 34 -14 65 76 40 3 25 -55 -35 63 55 67 -1 -87 79 24 -11 10 -19 59 -81 -38 -8 -47 49 -15 -81 -3 19 -67 -80 59 -48 -63 -98 66 63 90 23 -98 84 -53 58 93 -39 40 -61 93 -58 78 -77 61 2 66 98 -91 89 -28 9 -32 -85 9 -96 -40 -18 13 -53 7 -19 
-20 -9 1 -80 26 44 10 -77 2 -37 32 29 -24 -8 -88 -32 -32 35 26 79 85 -53 -17 -76 55 -76 6 61 -79 69 58 -9 -43 60 -57 90 46 -54 76 3 -21 15 36 -36 100 -55 86 75 -8 77 46 -66 -24 -52 68 -87 40 -58 -56 -40 83 45 -33 44 -91 49 95 -85 72 -99 40 8 -99 -2 -89 -83 17 12 -82 -27 -47 0 16 -57 -55 73 -49 -62 -85 28 85 -58 -20 34 51 41 -85 -68 
38 31 -10 -86 -64 31 -23 75 60 79 -11 15 91 -84 30 -30 -12 -9 -92 -43 97 22 -11 92 1 41 14 64 48 8 72 95 -61 -3 34 -88 38 -68 94 71 -61 64 -22 82 -16 -89 68 -15 63 39 -45 -54 97 96 -75 37 26 48 -96 70 -75 84 -47 -26 19 -58 0 -99 -74 -63 92 87 -33 86 83 74 65 39 -8 -89 23 75 -41 32 -31 56 -67 -89 43 -21 -65 64 58 79 21 -100 -27 25 
-14 5 -7 65 -93 43 -54 -31 24 91 -56 -31 -26 -62 72 3 -79 87 74 -72 -67 30 82 91 13 -10 61 -97 -84 -89 100 69 66 50 51 -74 -60 29 42 77 -49 97 13 98 -97 67 38 20 -86 72 67 3 -86 86 -91 -26 -92 -31 98 17 -55 -26 80 -29 93 -61 63 -41 83 99 -18 32 57 22 -94 -31 0 -42 0 -79 13 -71 -68 72 69 92 -89 -44 14 24 91 34 -45 30 -37 -22 33 31 
-41 22 87 51 0 -48 3 -62 -15 29 46 -62 81 -3 78 -7 54 -61 19 -88 88 -20 -19 97 -98 -28 95 -60 -43 -7 29 89 44 77 85 -83 4 25 8 -95 8 60 -99 -58 97 -95 -32 49 5 -66 -88 61 26 -72 83 -3 26 94 28 -36 -78 89 50 -4 -47 -13 45 90 -2 -51 -48 -5 61 -4 45 -76 37 39 14 -51 -10 49 72 -95 43 91 -57 -8 44 -14 -34 28 64 -36 58 46 59 -97 
90 -55 -31 21 -16 -15 -68 22 -8 7 50 21 -84 88 52 72 61 31 -47 20 -97 27 -59 -52 70 36 40 -48 28 -66 4 57 -8 13 -79 -71 53 -24 99 99 37 43 7 -16 1 -30 19 -93 42 -95 60 80 -49 82 46 4 56 19 -90 19 22 -12 -96 45 33 92 94 -54 84 94 44 -71 84 69 -36 40 -93 50 32 -17 67 69 13 80 -76 26 -32 27 -74 68 57 12 -33 93 -25 -20 -55 -42 
-38 83 37 41 -99 44 87 -84 -88 -74 -15 -39 59 87 -45 5 0 -43 55 37 66 46 69 -84 -68 8 -3 -97 14 -76 -88 77 76 -68 63 1 -23 -21 91 81 79 98 11 -94 28 -90 92 1 -50 -3 15 -72 58 52 49 50 -9 58 88 -39 72 34 -48 -5 31 38 -24 -58 39 28 76 -77 -50 -13 -31 12 64 -42 29 88 69 -13 -46 -54 26 -4 -2 -82 -96 -30 61 -68 -73 -2 62 1 26 40 
34 -89 96 32 99 -54 15 68 -85 -86 33 12 -43 56 37 28 0 -85 50 85 -6 -77 42 -94 82 -85 -7 -15 -8 -99 64 -54 -8 -9 86 -61 -54 -97 67 37 -61 78 93 21 65 -27 93 -83 -3 7 80 57 -37 -91 92 9 -28 -85 -19 81 84 23 18 -59 -96 -64 60 -36 -66 27 28 -55 9 -7 2 -63 28 -86 -20 -15 -100 -38 -43 -22 100 28 -93 -12 70 82 -52 -19 -12 38 57 -86 -53 -71 
21 60 -89 39 42 94 75 -44 -11 -16 97 39 -82 70 -39 -73 14 -48 -47 10 -63 44 -93 -34 3 -65 -56 48 -62 -82 97 -33 59 -67 -86 81 74 42 1 24 70 69 44 -62 -100 30 -21 49 15 50 16 57 -28 -3 -72 -49 -63 88 89 -96 0 10 -22 11 -59 41 80 -67 -11 -31 5 -2 -68 -31 -31 -15 62 51 -72 86 -64 -91 47 92 87 -40 24 -10 74 21 81 -17 -31 -85 16 21 -99 -43 
-53 97 -63 -49 -25 100 22 78 19 43 -32 40 -38 23 -13 -43 93 80 -5 -45 69 -83 -60 0 2 96 -69 -75 57 3 34 -13 86 14 -88 92 42 -42 -62 64 7 -71 -70 -87 -12 -41 -90 -56 -65 -96 -46 -68 17 -20 -99 -88 74 4 61 17 -57 -58 27 51 97 55 -27 -35 -60 46 37 91 -99 -55 47 -23 -84 -63 -12 98 46 -79 -29 -16 -57 74 -75 -36 -99 73 -97 5 10 -54 66 52 43 -58 
32 -23 -37 77 -14 53 -86 3 52 -10 -59 -41 -88 7 -40 -88 69 5 -95 67 -94 -80 82 -72 -67 25 -69 -78 18 -19 11 41 62 -36 -44 -100 88 69 -99 -80 -90 -69 -65 -61 71 -93 17 -86 -51 -51 98 -83 -33 4 39 48 -43 -16 -6 -77 34 -4 -56 37 -84 -72 65 -37 -54 97 -24 16 -86 -63 -23 87 44 2 -39 2 -82 -14 -80 84 -80 34 -71 -40 -13 57 16 -28 88 -15 64 78 -79 60 
-40 58 -96 50 23 70 -33 -39 -56 -66 -33 -15 12 -51 -88 4 100 -75 19 -27 18 -20 -35 -9 -7 -50 77 -39 47 -41 81 34 -24 97 -74 -14 78 30 -22 37 -2 94 -91 -46 45 -12 -81 -46 62 45 97 20 74 -55 66 57 44 73 -32 43 -92 -33 43 57 17 22 -50 52 13 -1 94 -37 67 52 -45 -29 40 -1 -77 -45 -30 33 -89 -44 91 91 31 13 25 71 -2 -47 43 -36 -2 -68 -66 -12 
82 -53 -68 -2 87 13 79 -96 11 -46 -100 97 -16 29 62 86 31 -12 23 -69 47 11 56 -31 -82 70 46 -9 -75 26 22 28 -37 92 -24 -32 -16 40 49 26 21 -62 -77 1 83 -58 87 -64 57 -56 2 76 54 -30 6 -85 -46 -14 17 6 -79 98 24 -50 -18 -33 -72 -89 0 68 -90 -87 97 -100 99 51 -34 99 -85 61 3 -84 14 -1 87 35 40 47 -55 70 -55 -14 32 89 23 67 -47 -40 
95 45 13 88 -49 -8 54 -47 -35 53 -52 19 87 -6 -38 -88 -93 99 -91 57 -66 -74 -42 94 3 70 -84 -28 -23 43 -55 80 77 65 -61 -30 -13 -24 27 67 34 24 -41 71 75 67 -30 -9 65 -47 26 -35 -60 -48 31 2 -7 -34 -93 11 1 -64 -29 -29 -35 20 -41 -53 53 45 83 42 80 -81 -38 5 48 56 -89 68 -99 -20 86 46 31 -8 -65 -48 53 49 63 -24 -14 63 -16 63 -16 -68 
-11 10 26 -22 -95 -26 -60 -46 8 -78 49 -89 -22 -47 -71 -74 12 -27 83 -61 -23 3 -6 -83 -95 -80 -83 90 -69 8 -50 -6 -6 14 -87 -45 -8 68 39 -45 -46 3 66 39 9 6 -98 -35 35 99 48 45 55 -89 -26 -1 -40 -80 83 11 62 -100 33 -99 -85 17 73 -40 -34 81 -35 -33 -15 -77 22 -91 88 -80 -31 40 34 33 12 21 65 -15 -65 56 -71 -81 72 -94 -50 -55 -65 -82 -75 -89 
-48 55 94 80 -24 -68 39 -78 8 29 28 82 -91 -10 -7 45 37 71 12 43 79 48 56 -12 -77 68 -87 52 -80 76 98 94 -44 57 29 26 -91 72 -70 -84 84 -18 -43 56 -16 -61 -34 -98 -8 -62 67 -19 66 91 -12 80 15 24 52 -73 -44 -99 64 -71 -12 -21 -44 66 59 43 42 -38 73 87 36 91 -88 -34 51 -78 -26 83 30 49 -11 68 -76 21 41 -24 29 94 15 -64 -77 53 -88 93 
63 1 75 4 -100 -38 -28 73 42 60 -89 -21 -73 -29 65 85 -65 -83 -14 2 -90 81 90 -22 -23 9 -17 29 -54 -32 -5 -24 6 72 16 -100 28 -80 11 20 -31 13 -80 -21 49 26 14 -43 -27 -69 -39 -38 17 78 -40 -60 -55 -89 -75 19 87 -24 16 53 14 -86 29 100 81 45 -28 24 -45 -79 -19 -21 54 72 -21 -47 92 35 -96 41 74 25 -79 62 15 62 -82 95 21 -43 10 72 -17 -18 
-67 -87 -1 -1 -90 67 75 76 -48 100 -24 26 33 78 -30 -68 -29 16 -26 -51 72 93 -91 -36 79 -54 12 82 -24 6 100 38 30 63 -37 -58 -13 -31 -56 -18 37 -12 -21 -6 -77 -65 -70 -68 -48 -22 -54 -91 -24 -13 84 87 -89 41 97 -78 17 9 68 -36 63 20 98 84 -2 93 -35 -35 37 51 35 -56 7 98 -47 22 -40 51 -56 84 -30 65 94 6 62 -14 -15 0 49 -11 -44 -52 -88 10 
-17 -42 19 81 -32 61 21 14 -18 -26 -20 -8 45 -30 58 71 -7 -93 80 75 94 -50 28 72 -46 -75 37 -15 -92 74 -13 -21 26 30 -4 96 89 18 77 -53 -79 91 37 -34 -44 66 -56 -43 -80 81 7 -29 -71 -78 -20 55 -60 -76 -95 13 10 -5 -59 21 -29 14 54 41 -96 45 67 13 47 -15 80 29 -49 35 42 -3 86 71 -1 88 -1 19 91 -85 -28 13 75 64 25 -30 -47 79 -68 -85 
-55 -67 4 59 -23 88 -89 -82 95 58 78 40 -12 -28 -11 95 -95 67 -45 28 -80 1 70 -43 -34 -77 -2 -28 -79 -51 65 7 72 14 8 -14 62 94 -21 0 -64 -11 -65 64 72 94 87 -64 40 -55 33 21 72 -43 14 -23 40 -8 12 55 18 -40 -99 -48 -56 1 77 -39 -67 -32 64 -13 28 -78 -96 -82 -62 -17 87 50 -70 -51 20 -22 -15 87 -8 -14 -51 -73 18 -93 73 5 84 -71 -38 -12 
-71 -27 -41 -17 46 62 -27 -93 60 -59 -77 12 -59 -52 -96 -16 95 -95 63 38 72 -20 23 -66 67 -44 1 -51 61 -42 -8 31 31 69 35 -47 87 -60 -74 -53 52 69 70 -14 27 20 83 -10 58 88 32 40 81 57 76 32 -29 -92 21 91 71 4 -98 -21 -95 49 24 -49 66 12 80 -72 79 46 -38 37 25 -6 -46 43 46 78 39 -47 33 38 -16 -35 -85 -9 59 49 53 -47 3 100 16 73 
77 57 -88 -55 7 -25 12 -39 47 11 82 -31 -50 -32 17 -26 28 17 -95 -81 -55 45 37 80 45 -50 40 -82 -3 93 9 4 -86 59 -81 41 22 -71 -26 20 -69 65 -32 -50 53 3 -19 -62 52 75 -96 -76 56 -22 67 -19 58 48 -32 -100 -73 100 -61 14 -13 -55 41 -56 53 -5 16 92 47 57 -71 53 66 20 -95 -2 21 -21 -8 -16 17 -65 93 -56 92 38 39 -8 -63 4 55 28 -100 -98 
-27 -3 -85 21 96 -56 10 -53 -23 48 1 98 2 90 28 -16 47 78 10 -48 -31 34 -70 -3 -67 -72 -65 -76 6 83 -31 -9 34 68 70 88 -42 -40 90 -60 -83 39 89 -48 -99 -70 16 25 -64 88 -45 66 62 81 -1 -10 -22 40 -87 97 -26 -29 -18 -64 8 -47 13 42 16 30 -27 42 81 84 51 23 5 98 74 16 74 75 34 39 -68 38 19 84 -27 -2 -81 60 22 47 0 -53 42 66 
-93 83 34 -23 39 55 81 82 93 -88 -29 70 -83 99 85 71 -8 -27 -90 23 -15 23 66 -94 -6 -85 -46 -28 -85 -53 68 94 3 84 -46 -79 -74 37 31 66 -80 -22 83 29 -95 -41 -37 73 69 52 -91 -87 -47 -69 32 -55 51 50 65 -74 45 83 -82 -9 86 86 41 -88 -37 -1 -18 14 65 -68 -100 32 -62 -6 80 -24 -5 -26 18 -26 -1 -80 60 -93 21 -70 83 -53 -29 97 -33 5 24 -38 
-98 -92 91 73 72 -43 -19 -2 40 -65 -65 -16 34 -49 17 77 48 -11 30 9 47 -68 -48 11 -41 94 87 -22 19 59 -58 11 39 22 -49 57 52 55 -32 20 -57 -56 -89 85 -37 52 1 81 1 -71 -18 -89 -19 88 -90 -87 8 -12 -21 24 16 42 -11 65 20 -40 61 89 -34 32 49 -31 -82 -89 -34 -34 32 -22 52 -10 45 -25 5 96 1 5 -63 -81 24 79 -38 33 50 -97 -15 81 78 -67 
54 100 58 -81 73 76 -24 62 -75 62 -7 -35 67 67 6 -36 -57 40 88 -7 20 -17 17 31 -92 9 -5 93 18 -50 -8 61 -85 80 -64 4 91 -12 86 -86 -46 84 -26 -21 51 92 71 -91 1 21 -23 -24 4 -92 -29 -10 17 94 33 61 11 34 -68 -11 -73 -54 18 -51 39 16 -78 -64 -37 31 77 37 -79 -84 -90 34 -52 3 15 48 -21 -50 66 78 -55 -93 10 12 42 -31 -5 12 4 9 
-29 7 -52 99 88 -63 86 74 -84 30 -73 -1 4 68 76 -97 26 -44 -52 -27 -24 48 17 30 -68 -44 -12 100 -99 4 95 -13 -7 57 20 59 -73 51 7 28 -37 -68 95 -80 -9 -17 -30 -42 -75 52 -71 89 83 -63 -58 83 -6 19 -85 38 -19 100 78 88 38 -57 18 -19 -89 -45 -92 -49 -75 -49 -55 53 -75 25 -95 15 -2 60 85 -55 -93 -76 -75 -10 95 54 -53 84 25 -8 -86 -82 -21 77 
-22 75 14 73 59 -11 95 -83 95 -60 -99 -74 -2 82 -80 -17 -70 6 22 27 74 14 84 -46 -66 36 -81 74 51 22 66 -6 94 62 62 -74 33 37 65 -80 21 -60 82 89 -24 45 92 -37 -18 -28 68 60 45 -97 1 -23 41 11 2 49 -29 44 -29 29 6 47 -20 59 -83 96 -22 -75 7 32 58 29 -83 98 69 74 -76 -9 48 -15 -95 14 97 -46 84 3 51 35 -89 -35 33 -59 -72 -26 
-49 64 95 6 94 -4 -90 -78 2 -55 94 -64 5 -67 -36 20 -3 -78 67 -44 -15 29 -97 95 35 43 67 30 -68 54 70 -53 76 82 21 70 -83 -63 5 86 0 60 -56 -33 -59 -13 16 13 -41 98 -68 52 -66 -74 -25 14 11 -61 4 -69 72 53 0 99 -51 -42 76 94 -22 54 -3 -16 -15 -36 -2 82 -43 15 -34 75 94 51 -16 -76 -98 -63 95 100 75 -17 -18 88 -18 47 -93 21 -67 -86 
-46 -15 99 -27 -32 -70 49 54 -72 -60 66 -39 -35 -67 -56 -62 -32 -53 -15 -98 19 -51 8 -89 16 33 87 -70 98 96 100 28 -60 9 -33 -64 -61 36 -3 13 1 80 -77 -20 -41 -30 -11 91 74 -78 78 3 -21 84 -66 -67 2 -100 92 -35 -7 -14 -37 -70 -37 97 -45 1 -84 91 -60 -15 12 69 36 67 -61 -64 92 66 9 -29 -3 46 -9 42 16 -74 -14 -86 -19 -35 12 71 94 -86 88 -79 
-70 14 -5 -14 -73 95 22 -97 -76 93 -63 -34 95 -94 -21 58 -45 -35 92 43 64 0 96 -73 44 -56 61 -1 -40 -92 -62 -27 -74 50 -91 -84 -89 -95 -90 85 -12 30 -17 -79 -90 -7 0 16 -90 16 26 29 -67 48 63 64 -52 -32 95 -65 59 56 -43 3 -100 -42 -11 75 63 -15 -99 39 85 -17 -88 98 53 2 68 -89 59 -71 4 73 38 -23 -36 63 -44 26 -53 -77 -26 -36 1 -45 95 -58 
-99 72 -93 95 -5 87 93 7 -59 -51 68 -92 -30 -84 -95 -89 -88 -80 -1 28 93 -75 -23 47 -71 -60 -36 63 -92 -16 92 -20 11 62 72 93 69 -74 -45 35 28 -18 54 -52 42 -88 -23 -94 100 -59 8 57 55 10 -84 46 -9 -30 -7 -73 68 6 24 88 -34 -19 95 -33 -4 93 -50 35 -40 -89 86 18 75 50 11 57 -95 -27 -74 -23 -49 33 -33 57 -88 20 30 62 -48 23 -79 24 63 93 
-50 -76 21 -83 91 86 -21 92 -82 36 -35 -6 96 -85 -27 20 -43 0 -74 -33 32 95 -55 -53 92 -3 -93 97 -82 35 28 -100 -63 -44 63 8 6 32 31 58 -45 -56 -39 30 23 16 54 40 44 90 4 100 -44 61 47 93 -94 -51 -49 -63 47 87 -22 63 -70 -31 -33 98 -53 -6 -52 -14 -12 -77 6 -55 4 44 86 90 87 -82 -10 77 -17 -75 4 67 -70 -3 29 -60 -12 43 -42 34 -8 93 
-8 -55 -72 -77 -36 -19 -95 -8 -20 28 90 -39 -68 15 52 -16 -83 -29 64 51 52 36 63 -41 83 -55 -38 34 -54 -1 -97 -10 39 -82 -62 9 56 -40 -23 68 34 -62 -43 83 30 -58 91 -24 -48 -68 -98 91 90 -74 -67 -49 -80 -11 79 -41 88 -19 -93 8 -84 -32 42 -30 68 78 44 73 25 -51 6 -43 -3 -92 -57 -94 41 0 96 84 81 -37 -64 89 -92 -23 -85 -9 -97 6 -44 -23 -96 43 
52 -39 -83 -51 -55 97 90 60 7 7 63 9 66 -7 -25 60 8 26 58 -11 70 69 -96 -98 67 -90 -27 -19 40 -3 -1 -9 -17 61 -68 -96 0 96 75 75 -25 -44 -8 -31 33 96 -57 16 -96 28 55 -35 -2 -54 -84 -62 24 -9 -13 -25 11 -27 -48 3 37 14 -83 -48 -79 -91 -97 61 88 84 -54 43 -83 70 1 96 100 8 -95 90 -4 -58 -95 -83 63 64 84 79 -16 92 51 45 11 20 
-54 -37 -11 14 -99 13 -75 -43 -24 29 100 61 -27 -25 -75 72 7 17 -71 50 62 -7 -79 -15 -53 51 41 46 -14 -28 93 -78 97 69 -100 -16 47 61 -32 36 -93 18 40 -29 -17 -61 -32 69 53 -62 16 -40 79 -12 -18 37 -53 0 -91 -53 7 100 31 -69 -99 -16 -65 -54 95 -83 -52 23 61 6 97 20 -86 -39 15 -3 -62 50 63 98 88 62 97 -82 -20 -89 91 -11 79 93 -70 -36 46 -62 
45 -5 -79 -73 21 68 55 89 49 22 37 14 -78 -75 27 -99 49 -26 -96 86 69 82 -42 41 18 -4 61 -90 -13 13 30 83 -95 -4 89 62 40 -30 58 23 15 58 77 -96 -50 67 -10 -26 26 46 -11 72 -35 62 -92 19 -91 74 -6 -22 -11 75 -27 -96 -49 49 -18 -98 95 52 7 13 -18 17 -3 -61 -84 -29 -36 -14 -35 93 -55 11 -2 82 51 18 -45 -99 65 -38 -40 -34 -9 -78 61 43 
64 -68 -89 59 41 81 -30 85 -75 11 55 67 -76 -20 17 -49 56 -74 34 18 -3 24 -53 67 17 -34 -31 -4 67 -67 -67 -27 -91 7 7 -63 -62 -12 -34 93 -62 18 6 -75 26 38 79 -78 -45 19 72 -55 81 -71 91 -7 -3 -64 30 -73 30 -6 65 -6 -100 85 62 -98 -27 58 -59 19 -7 -46 67 20 -82 -15 -81 76 71 -9 -56 -75 -95 81 65 -85 -3 91 -76 -8 -8 -51 -89 -67 2 44 
45 -89 -68 45 -15 7 -85 -66 3 -43 21 -94 7 83 18 -42 43 36 -29 -64 -93 45 -71 -59 4 44 -61 52 6 -52 1 52 8 -59 -60 56 -22 -75 -11 -18 -12 -94 -26 -90 100 50 -85 35 68 -11 23 88 -44 85 -47 -36 23 24 -72 -74 -35 93 25 -27 -21 73 -97 -36 74 -5 -48 13 49 -95 48 64 38 -74 -63 -84 -5 -56 -75 95 7 30 24 -56 -48 -49 42 -29 88 21 24 79 32 22 
54 75 72 18 -16 -72 84 -100 35 7 3 9 0 -68 -79 61 59 24 32 -81 -100 -26 -86 -64 40 5 6 -47 -72 -4 44 -22 74 -57 60 17 60 -3 99 -75 43 99 18 -73 -13 90 30 86 44 60 -80 81 27 -21 61 -34 -69 8 73 -66 -24 11 -9 -55 60 -67 84 76 -4 -99 1 -37 -29 47 -29 27 -53 41 -66 92 88 62 67 61 71 40 62 -90 89 -45 51 -55 -83 -48 -76 -12 70 85 
37 40 -47 -21 -78 41 -6 59 39 -73 38 -50 82 50 9 50 42 -36 -67 -45 -7 -1 77 -18 44 16 -74 -55 86 -25 15 -34 -11 72 -56 -32 -4 -41 -78 82 -33 79 91 74 -56 -7 26 84 -93 24 15 -67 -15 -26 -73 13 -31 -14 -49 29 8 85 -75 -7 -72 64 -63 53 61 -41 -81 16 6 -52 -74 -10 76 -28 85 70 14 -31 -39 -11 15 66 87 11 31 67 -80 0 -54 -95 21 26 36 -42 
-82 13 -75 22 5 12 -88 50 35 49 90 58 48 -86 45 45 -95 63 69 -70 -56 31 84 -98 -65 30 3 48 51 -15 -18 -28 54 73 51 2 -97 -58 -2 -40 -43 -83 -35 -84 -81 -99 86 -44 93 42 86 -76 93 66 -7 33 -84 -59 -23 -51 -69 0 -92 78 3 -46 -49 -55 84 -36 -58 -30 -18 94 -78 1 84 68 50 86 6 15 33 -10 -28 -20 -62 8 42 17 11 95 -35 14 -81 42 92 -72 
-92 94 -53 -57 -93 -75 51 -80 -30 11 -76 -96 -77 -31 -31 18 6 19 -13 -14 17 -3 -69 -79 -87 -71 -97 -63 15 20 22 74 -45 -76 -49 33 67 -96 -84 65 83 -93 -82 52 17 -48 -97 66 -89 81 14 -78 -20 -46 -17 49 21 -68 -13 100 -8 -91 58 80 27 18 -65 -94 31 -13 66 93 87 -41 52 26 91 59 60 83 -70 85 -20 6 -20 79 48 35 -4 39 -70 -5 -25 5 89 -40 21 70 
-23 42 -54 -93 1 -25 -13 -11 9 -64 78 -74 -46 -98 -99 -50 -71 -1 48 -68 -96 -4 -42 20 41 84 66 -37 -86 57 38 30 -93 18 -20 90 -24 71 -100 -98 43 -68 -10 -29 -18 88 -53 -85 -86 46 25 99 84 33 -99 62 75 36 -71 22 -78 10 72 29 58 -43 -15 -12 94 -55 -26 14 -40 -9 -82 58 85 52 66 -1 -74 73 -70 -1 32 -40 50 50 -23 -67 99 31 -27 17 33 -63 -97 34 
0 93 -87 31 -31 -45 89 -59 -87 0 -60 -91 62 2 -56 11 88 4 -72 2 -60 6 -83 -99 -43 -19 80 -49 24 -32 -54 21 27 94 16 4 20 -10 65 -26 66 72 -86 29 -98 -35 -22 -66 -73 3 90 -90 -97 -68 100 -33 -2 -53 5 -25 -53 44 4 -86 51 -37 75 59 -84 -4 -52 30 -40 -7 -21 53 -99 -33 80 -88 -46 -91 -15 -46 65 -51 22 35 -42 81 -8 67 8 75 75 -10 -76 -4 
-59 -93 59 15 -93 42 -65 -17 91 92 31 25 94 -69 -62 -16 76 -72 46 52 -88 -60 -22 69 15 83 -90 -3 7 80 57 -32 -15 -84 -66 -32 85 -10 64 32 93 -88 -78 32 -14 89 20 -7 80 -69 -12 -52 60 26 44 -16 -31 90 -8 -86 -94 -4 -89 100 -55 -78 71 37 79 -82 89 -15 23 66 31 -43 3 -7 45 -21 51 -31 23 -22 74 -9 -61 -90 -27 -20 53 59 -58 65 9 -59 34 -65 
-96 6 -39 11 -19 -86 50 -98 45 -24 7 98 -43 68 -68 70 -81 56 92 -86 47 7 68 8 -25 2 38 61 93 -91 -37 70 83 29 -96 78 54 -66 1 76 -95 -85 55 -18 72 92 -61 81 -81 96 -89 52 51 94 -34 7 -69 83 66 -52 40 -48 62 -36 -24 -44 -52 -39 47 -41 86 -9 80 26 88 71 -43 0 -8 -24 10 -40 22 7 37 -23 -34 -19 -8 -63 -77 28 -53 -44 -83 -71 -23 76 
31 38 14 63 4 -14 -59 21 -24 -49 51 27 -54 93 -18 -8 10 -79 53 -48 -98 76 13 53 62 37 -97 -9 67 -68 9 26 -52 -4 -11 -84 -3 8 -59 -5 -81 -75 77 -97 -24 25 14 -76 -88 -98 4 93 60 -80 -72 6 53 -95 40 92 -99 61 -33 -81 86 -84 0 -8 89 18 -98 -42 98 65 3 31 85 59 -91 -90 98 52 20 8 -13 -44 -80 93 2 -84 20 21 -76 25 79 -64 -24 -83 
-41 -61 60 -97 100 -6 -58 -6 -2 89 85 54 52 49 48 91 51 3 60 81 -2 -66 50 72 0 39 28 84 -16 -23 -67 -45 53 18 -72 60 -87 41 -11 -68 27 -44 -42 -82 -44 -36 -43 -9 84 -52 4 -22 46 -26 -25 13 -64 34 15 -83 -55 41 56 -53 -34 -27 0 28 -87 45 64 -87 1 76 70 34 -99 91 -15 98 -3 50 -90 -34 -13 62 -73 94 59 -34 93 -81 25 58 60 -5 -8 2 
75 57 23 -65 -98 -44 58 -77 21 19 99 12 88 -99 -77 -19 16 -66 21 -46 -78 14 94 27 66 -18 35 2 83 -27 -65 9 -67 70 65 -31 88 25 -47 -78 -37 47 42 97 42 -40 3 18 71 45 -92 30 58 54 -100 8 45 3 -34 -47 12 -73 52 -76 -28 4 74 1 38 -14 81 12 -12 -51 -44 49 -6 -76 59 -64 74 -86 -49 -92 93 -38 60 36 59 -58 30 91 91 91 -77 -61 67 -43 
60 -75 -97 95 -47 -37 -18 -25 10 -1 65 -1 46 3 -100 30 62 -22 4 51 77 65 78 96 -65 36 -6 97 79 -90 -9 -45 78 -62 65 -57 -89 98 63 37 -13 -90 -29 20 -27 -59 -14 -18 -83 89 -100 98 28 87 -56 57 -25 33 -63 22 44 -14 -41 24 -7 -78 -57 35 44 -45 -74 -93 -78 -74 -99 -88 14 -15 -85 -75 69 -1 16 -54 -17 0 20 -32 -2 -81 43 -29 -11 -49 73 -10 17 -47 
6 57 -62 -87 76 8 -61 -67 15 -87 78 5 -94 78 80 -12 9 -78 -31 -1 -75 -52 45 -64 -48 91 -43 -11 47 -19 -25 83 -5 48 -64 -49 7 -1 10 18 90 -20 17 25 5 -25 14 69 -60 -61 1 63 -43 -1 -91 -66 95 -24 -60 7 34 -48 50 -17 -63 -47 -23 22 36 7 -37 34 -58 -44 -45 -38 28 79 -94 -80 -38 -24 -92 -81 -54 -91 26 63 43 -40 -72 0 82 64 15 -73 36 77 
94 17 74 57 -37 65 54 31 99 60 58 33 42 -76 33 44 91 -87 45 -25 -27 61 84 -62 18 -45 38 -61 -73 -70 96 -30 41 41 97 -14 -10 100 -36 -52 10 -65 96 -77 -96 61 -62 21 2 97 -52 -87 7 25 -82 -18 -63 -97 85 -26 75 70 -80 21 83 -76 -85 -26 -62 100 -82 -83 -78 -74 5 43 -16 -35 97 -18 -84 18 -49 -91 -35 -68 39 -61 -70 -37 25 -34 -24 71 5 26 -38 -3 
-16 -55 21 86 -14 -80 -77 4 -24 -4 68 97 -35 -59 85 39 -11 -61 38 -60 -78 64 -92 -18 -100 4 84 23 -63 -37 78 53 15 87 33 -93 84 -86 14 -18 -78 79 -23 -89 -23 -9 -88 -100 57 30 -77 93 4 -8 -34 69 55 -20 45 8 59 54 92 25 81 98 31 -64 12 -62 -60 -60 96 -23 -61 -51 -58 6 79 67 21 58 94 -51 78 42 -47 63 82 -46 -39 -86 75 -39 -56 51 -31 -10 
66 47 -41 15 -36 -2 95 2 -39 -23 16 -9 80 12 -92 -83 -7 24 62 -84 20 -31 -84 97 -41 -45 72 45 -49 45 -19 38 31 59 -90 -44 -6 -97 33 100 -19 -3 34 93 -38 -9 33 36 -95 -54 -52 70 71 -92 70 -22 6 -24 -53 -56 -86 65 26 -36 -28 -19 19 -46 3 63 48 -21 30 -46 -27 -39 82 -95 -50 11 -8 -71 -27 36 -74 -14 45 -6 -10 20 85 13 50 89 8 79 99 -90 
97 93 66 100 -70 -20 -38 70 67 -78 52 47 7 94 7 -83 -41 -81 13 35 0 83 -4 -71 -57 88 42 -24 -26 14 17 -74 7 -17 27 -4 87 -93 -51 -89 -43 -9 63 -65 -93 -68 82 -67 -66 -12 51 74 -99 -28 -61 5 -56 -40 64 -52 86 -4 13 -46 -24 68 -60 57 69 48 -100 -50 -57 11 100 92 35 32 -16 -46 79 -55 -35 -16 -39 89 53 50 23 -70 -39 51 -92 -74 60 60 65 62 
-58 25 -2 -90 -15 0 22 -72 -28 -97 -66 12 -97 95 -13 -11 5 8 -78 -78 -19 -77 30 -89 -74 83 -20 -59 64 72 -100 98 87 -47 -53 97 32 42 -79 33 -52 67 -52 -77 99 -88 18 -41 84 63 -77 64 -82 30 -10 -80 10 8 -59 34 94 86 -30 -37 75 -70 -80 93 -8 -68 -24 51 2 -19 24 85 32 76 1 -31 19 75 -80 -43 -82 69 -89 -35 -13 -13 0 58 -95 -60 -17 -48 41 68 
37 95 -28 47 -1 -10 -96 68 -39 -44 14 -2 -64 -81 -49 37 -77 58 89 65 15 70 15 -9 -4 -10 -63 -74 84 -60 -67 -9 -83 5 -27 61 -55 46 42 88 -63 -54 32 35 -94 13 68 -73 -45 -37 -46 61 1 97 -73 78 -87 73 99 73 85 -14 -94 -62 -20 -41 -40 56 -34 -47 -82 -66 -76 -49 -11 -43 67 32 92 -98 66 -97 68 -56 -15 -41 -10 -91 43 16 -6 12 -90 -95 47 58 73 27 
90 28 -89 54 40 -70 -19 -28 84 -28 58 -27 -21 6 -34 0 25 -12 -19 29 35 -69 -75 37 85 -30 -99 -33 21 -70 76 42 -46 5 -80 60 -71 -5 91 83 87 -68 46 -91 45 -99 35 83 -18 63 -51 27 -1 -62 13 -2 -75 91 28 18 3 24 -9 -94 -56 -23 -94 -77 -71 -88 -85 0 72 90 87 -14 -68 -83 18 -23 39 -25 -13 -29 52 51 11 39 -50 -68 -77 75 24 -73 52 -23 86 -13 
