59 14 11 -14 84 -13 -97 -34 37 99 -88 96 -99 39 39 25 3 -66 -20 -14 23 16 -47 82 -3 77 -10 -10 1 94 57 -95 27 90 97 -98 2 -95 -24 -81 -3 -56 -51 3 -69 43 -42 59 53 68 -52 -5 17 34 -65 62 -1 -34 54 26 54 -26 -96 17 -65 31 -7 -59 53 -43 -17 14 80 -4 -56 -99 -32 46 -13 89 -54 92 97 -19 73 8 -20 -34 -23 37 -73 -58 30 -53 -93 89 69 -45 -51 90 -73 -98 74 -13 -90 7 59 95 36 50 66 57 18 61 69 62 3 64 -40 -30 
-81 16 15 -38 -47 -10 81 48 2 70 -62 -7 -25 23 -88 -6 70 -48 89 10 15 -90 50 24 38 -34 55 -88 -16 21 79 70 -27 -16 -38 -24 27 -60 86 -12 -11 -57 -60 -27 -42 57 77 -63 -47 40 84 38 -36 -81 83 -58 -1 63 86 32 -100 37 -17 76 46 20 -84 -59 3 18 -51 -87 -92 -20 -34 60 92 84 -57 57 69 -17 -90 -87 -22 -82 61 61 -29 9 -67 27 27 79 72 -71 78 -7 -51 34 39 62 -20 -8 -78 -7 82 27 -73 98 79 99 -18 -18 -66 -26 64 -73 17 54 
-65 22 -23 19 37 20 85 -95 4 57 99 -6 -61 -66 -25 -68 -99 -13 -78 -68 -70 36 77 -5 67 -86 33 75 41 -38 50 -22 43 -98 -83 -36 -56 30 39 -49 97 78 -28 80 85 -66 79 -83 -81 47 -34 63 53 -15 -51 -72 81 -14 87 -37 18 -82 68 60 -42 -73 -37 -59 -86 -60 -12 -92 -9 33 -81 -89 46 30 70 64 -51 -84 -10 41 -61 0 -32 5 -94 -98 52 -83 40 40 80 -40 -40 1 19 65 -76 88 -13 -84 94 34 -83 -24 -15 -6 16 27 -14 6 -11 -24 -62 6 -46 -37 
77 80 7 -99 -43 -48 -40 61 51 86 -66 -44 -22 54 79 55 -25 14 -72 65 93 15 -58 48 27 -73 -24 37 -58 53 63 -18 2 -11 -22 -28 -71 34 -53 -64 -47 34 -87 92 80 -78 -70 9 95 -44 -89 78 10 66 -24 -12 21 3 -58 59 -68 -99 35 87 85 95 45 -94 -67 51 17 -55 -28 -47 -61 63 56 81 46 37 8 20 64 -35 37 83 -92 -47 75 69 -97 32 54 -75 26 -96 -12 8 -75 89 -86 -18 1 -39 55 72 91 -91 -60 90 80 -51 58 13 16 -22 -20 16 -83 -39 
-19 34 -42 -81 47 -65 -42 4 -55 55 -18 7 50 7 -78 14 -57 34 -6 16 -93 -100 25 -60 -51 -77 -96 -93 -67 37 -80 42 -44 42 -80 -97 -44 18 -51 -2 -84 1 22 13 -61 28 -79 76 -3 -96 -42 -69 10 43 -1 93 -46 -22 46 -69 -56 -39 -8 -60 96 -3 -74 70 94 -3 -32 -71 -62 82 0 48 -34 -37 -91 62 -4 -59 -8 -49 -17 55 -90 -29 56 74 -8 -41 -84 36 49 -57 -62 74 64 -89 -64 18 63 -93 75 -93 -19 -80 91 -77 -44 18 14 -14 16 77 34 -69 70 94 
-87 34 -64 75 -46 -62 1 -89 53 -94 69 24 76 47 13 41 55 -42 -98 -89 2 -50 -47 -22 -70 -31 89 26 55 -78 -20 98 28 -73 -47 25 31 42 35 91 -21 6 49 25 -5 91 63 22 -35 59 85 20 15 0 -77 -44 6 -67 -57 38 77 -53 -26 25 -75 -71 -67 19 12 -62 -56 -80 94 -94 -74 -43 -97 -11 -80 -6 30 -99 8 -4 -35 83 -15 6 -5 -75 -64 -34 94 -47 29 -42 28 34 -48 -88 -60 -64 3 75 80 95 6 -32 54 73 -55 82 -57 85 78 -39 1 97 82 76 
25 -3 -4 67 71 43 -69 70 63 -42 -9 -45 31 -45 88 4 -30 8 -39 79 9 -2 47 99 41 8 -96 -40 -68 23 9 63 -34 84 43 -17 29 5 68 -74 -1 -99 -13 -27 -16 -48 85 3 -52 76 -6 -80 -61 -11 67 -25 74 86 -21 11 15 -42 3 83 -39 87 11 17 67 -47 60 12 -36 95 34 15 -2 44 100 -14 68 -72 68 -82 -19 13 84 -94 -34 55 8 -22 49 59 -12 25 -50 89 85 49 52 -87 85 93 57 -45 14 39 -43 9 55 -71 -72 -59 13 -14 -32 -82 47 18 
-9 66 -53 93 -92 -67 68 -27 52 -85 37 100 -97 87 35 8 23 -64 -19 1 -38 91 89 -70 82 -48 0 -77 17 91 78 64 9 -91 -57 56 40 87 -9 75 94 33 37 -66 44 0 15 5 88 -76 73 -58 -5 -80 -66 -16 33 72 91 72 2 85 -46 -20 -65 29 71 31 -15 5 -90 8 -4 -51 -39 -93 90 -72 -25 100 -54 78 79 -74 73 51 -38 65 72 99 6 -30 -77 -79 -36 -23 27 16 -67 -34 80 63 -98 -38 6 -12 -86 -41 13 14 83 -26 12 -20 82 28 79 -94 47 35 
-97 -58 74 -22 62 -45 89 -14 -16 90 57 67 76 9 42 56 86 77 12 94 -56 1 -19 -93 75 72 56 67 43 92 -5 -93 -38 -99 85 36 40 13 -42 -59 -66 75 -52 39 -18 -32 -11 75 98 -46 -28 59 -58 21 42 93 10 -5 42 93 46 -28 -100 -62 -83 -13 -12 4 -96 -51 -15 -30 15 -60 -56 -68 36 87 -77 -55 99 -62 -84 -84 -44 -8 92 80 -91 25 -22 -76 67 5 60 -87 -34 9 92 83 26 -73 -32 22 58 53 75 -85 -8 81 -9 -26 -24 71 -22 -94 -47 16 41 -87 
-95 -92 6 -72 -86 0 69 -77 -32 -34 52 -37 15 -39 -23 -54 -38 36 73 86 43 86 -42 31 -1 -35 74 100 96 44 96 97 -37 92 30 -92 -1 -74 71 -18 17 86 -82 -91 -96 -62 -41 65 63 -58 40 -80 -48 11 15 -9 57 -13 -16 -97 26 -61 48 -59 -28 -94 8 34 77 1 -57 28 -47 16 -35 -84 -46 99 24 -6 -99 -61 -85 -87 -30 33 -56 -28 -89 33 89 -52 -98 -44 -30 1 -42 -60 93 -26 53 -30 87 -26 -86 -68 81 -91 -32 49 93 7 -67 44 -50 -8 -30 -43 -9 86 
-60 98 22 -70 93 64 -19 -9 -61 -33 53 -68 44 -71 46 -7 27 -62 -4 58 81 29 -5 52 -12 33 -74 37 8 -89 89 25 45 31 -29 -15 22 95 14 -17 -98 -30 48 75 55 27 86 43 83 22 -33 92 7 -83 14 4 19 -100 96 71 -94 13 -53 -29 94 42 -45 13 30 33 -92 -100 -26 13 28 10 13 63 -48 83 -87 72 -5 23 21 -61 29 -74 -93 -15 -2 96 11 9 -13 92 86 38 42 42 -83 -27 55 27 -34 8 -60 76 -84 -28 -62 -19 -60 -61 -96 -29 -15 -45 15 -83 
48 -48 62 61 22 -5 -7 46 51 -90 -55 -9 75 -25 -39 -85 62 83 -87 8 -8 94 -70 57 -69 -38 -93 -48 64 -87 -12 -88 97 38 29 -76 99 -85 61 42 -43 -37 -90 -33 32 90 20 22 77 96 96 -67 65 87 -41 74 31 -61 79 -39 -10 77 3 72 48 3 60 -57 88 29 15 -7 75 73 31 -86 48 73 5 -22 -90 54 18 -16 -11 -74 90 8 90 -45 60 75 -89 63 94 26 70 100 14 -91 25 -46 65 36 32 -46 -45 49 72 -21 -90 -61 76 -87 -87 87 -13 44 -95 72 
24 69 29 90 -58 -85 -70 -41 27 -57 -37 63 58 -2 37 39 -71 57 18 -58 40 92 74 -68 13 -53 -32 -19 60 -50 -60 12 -21 -58 1 -56 95 80 57 99 -45 54 83 -51 -48 -50 -53 21 10 8 73 93 -51 -75 -58 16 88 94 -86 -95 90 4 -51 66 67 94 43 -34 65 -91 -5 30 74 -6 63 14 -45 -41 -9 -76 16 -52 35 51 62 28 -31 -56 72 -80 16 -36 -25 -39 75 -60 -53 79 63 100 -51 92 -66 88 -96 -17 62 28 50 -67 31 80 -33 -97 -13 -29 90 41 57 52 
52 -86 98 -89 13 -27 9 -9 8 -51 -29 21 67 -12 41 17 -82 57 76 3 68 -86 0 40 73 54 -5 -30 -45 18 75 -71 -17 -57 4 -33 -54 58 -3 87 67 -48 22 76 -92 44 92 98 -46 100 -5 1 90 38 53 -3 -93 -9 -77 -26 -56 2 33 -75 -38 -56 69 -50 71 27 89 -78 -70 -8 56 -48 42 27 86 -49 -50 77 -20 -88 -92 -100 -72 -27 -18 -82 79 62 -82 -95 -28 -56 -56 78 -52 -4 -41 -62 -73 -95 28 82 42 35 -50 25 -21 -91 6 -10 -24 97 72 -74 16 42 
-75 -54 -9 -11 79 53 66 -87 -19 8 -75 -16 -13 -5 -11 -99 -55 21 -86 -64 73 69 -54 15 -95 75 -53 -68 93 -13 -66 -79 1 66 75 77 40 -26 -68 -55 8 -37 77 -44 30 -28 -37 -94 41 6 57 10 -81 72 -83 -21 66 -21 -55 79 45 68 -44 -46 -56 36 -68 -79 -94 -84 13 78 0 -44 -95 45 -41 -47 -26 16 -49 -90 -61 -1 -96 -53 -12 -75 -40 -18 0 54 -84 39 0 -45 39 -62 81 66 -98 46 62 1 -35 -66 -10 35 15 24 -47 -73 -54 -44 37 6 -2 30 56 -57 
99 -6 -3 -83 3 -71 70 -51 1 48 -20 49 -45 -25 95 67 -25 -96 -1 -53 -77 -62 50 -8 54 2 -34 5 -18 -14 31 21 -4 -55 22 25 9 -57 -43 15 12 18 -79 8 41 -66 10 29 76 27 -26 -4 90 45 -65 99 -3 76 51 20 100 -76 -23 94 -6 4 100 32 38 -62 100 -15 5 -17 -19 -28 75 -93 -89 -28 -76 83 72 -31 90 18 60 -48 -51 15 97 -50 -61 47 -31 15 -83 91 -13 -29 -58 45 91 -4 52 -13 -73 47 -33 70 -100 -73 -78 66 -17 40 85 25 -65 88 
45 -38 52 14 20 97 33 55 41 -88 -72 33 -94 -56 -4 39 54 -43 35 -60 -27 39 26 58 24 96 -48 -11 85 -77 -60 33 18 -88 82 -72 -89 99 -95 -92 -64 100 -50 19 50 45 40 -83 80 -29 -27 92 59 -73 -44 -56 -76 -97 31 -27 88 10 -69 -3 -61 -35 -81 -84 53 -99 -76 -65 -76 -86 17 -8 56 -95 -76 0 13 68 84 -22 -41 57 -99 -59 37 46 28 -60 -90 48 40 69 -17 -15 82 -1 7 50 -59 -84 70 52 45 0 18 -33 -72 -12 -8 -64 -64 33 -93 -26 58 -69 
-44 -71 -54 -5 -96 82 75 -72 46 53 -82 66 16 -29 9 -68 -27 23 7 8 72 29 47 -29 61 -29 -73 -66 48 -15 -92 -6 40 24 62 24 11 -97 99 -17 -66 43 -30 25 91 37 93 -40 -99 75 54 -5 31 -20 95 -54 10 93 57 -85 28 28 46 82 -57 34 -8 45 40 -9 -71 -44 21 -70 -36 84 -6 -65 61 -49 -72 96 75 53 -26 -23 62 -66 -14 29 95 -63 -26 -24 42 55 -32 -97 61 39 6 -3 43 49 -95 26 -86 68 -75 29 -51 -34 -100 -43 -21 -89 -72 33 34 53 
-64 74 23 -19 -13 76 99 22 -92 90 94 4 -20 68 -29 -85 1 -61 10 5 -65 -91 0 93 21 87 -38 63 -7 39 -94 -18 16 5 78 -35 32 60 -4 -51 -81 -44 -35 -78 89 -40 -59 2 24 -27 -89 -45 -10 -52 69 30 -94 82 40 8 32 60 -84 -99 37 -81 -95 -85 89 -95 -34 -36 82 47 30 -76 -53 -66 -97 54 4 -3 35 -37 74 -59 -74 44 12 2 75 -44 89 58 73 -95 -15 38 -73 -24 -93 -42 14 -69 -73 -77 -53 -50 -23 50 20 30 -87 99 90 -56 -9 46 -39 97 
-21 58 16 -8 -22 -63 -49 94 18 73 15 13 -30 -45 -31 -25 -22 -66 44 61 -38 -17 26 43 -56 -33 57 0 -50 71 -22 -60 48 -30 -66 -46 48 76 35 -53 35 65 19 57 95 -37 35 -76 38 -98 72 -47 88 -97 -51 -94 -79 46 22 65 51 -54 -47 46 52 -22 -83 -77 -83 14 74 -31 30 90 68 -48 68 16 -91 -96 -62 -68 4 -86 -31 -35 -28 2 9 -69 46 31 -45 -43 37 -66 -80 76 59 -79 -13 -58 -63 -30 -35 -83 -34 30 4 -79 14 -58 -44 -1 21 93 15 -37 82 -44 
48 -16 47 -38 6 1 -44 -53 62 -67 61 81 24 94 91 -92 27 -89 63 -11 -11 -44 -60 30 22 -1 88 -56 76 48 -85 -60 95 31 -40 -27 -17 -40 -88 77 4 -43 35 12 -81 -21 -47 33 -98 70 -86 -33 49 -9 -48 -97 -48 -65 -72 -96 80 11 10 22 -12 -14 -86 10 -39 54 96 -27 -75 -63 -93 -54 68 87 41 34 -10 1 76 0 1 1 -42 -88 26 14 76 87 52 26 26 52 64 -87 38 -63 94 43 25 -84 -63 -34 -76 -68 30 -86 43 84 -71 59 -69 -71 -14 53 88 23 
30 -26 33 -2 80 -89 87 -7 48 4 79 83 -90 75 13 73 95 17 -83 -53 -99 -76 17 -57 -36 -58 -43 2 28 79 44 -92 4 34 -47 -60 96 51 -5 -17 -96 99 55 84 -12 -72 59 55 81 -19 -87 68 -26 -75 86 -90 -23 64 -30 -92 -26 -16 50 -39 55 -91 -17 -26 -33 27 -47 1 6 19 17 93 26 48 -86 -83 8 66 -40 59 -45 80 -5 -17 -94 -7 -44 -75 65 -71 78 5 -90 61 28 -85 56 23 74 -45 9 -47 -56 -64 5 75 77 17 85 2 -11 -85 -77 42 -80 8 
81 -55 93 -67 -65 3 24 -20 56 60 -82 51 24 84 -15 -22 -98 44 -50 -17 -100 77 -100 -53 67 61 98 78 99 60 -12 53 44 -86 42 -48 -53 74 11 63 98 74 -87 -15 72 -58 25 51 13 -21 -25 -38 -31 -38 46 -63 -88 36 -81 90 -60 20 -4 -42 43 48 99 92 -5 -32 87 22 72 35 100 2 -89 -42 -6 74 -69 44 -16 -57 54 54 -61 87 -81 32 -33 -53 66 51 100 -36 -47 55 -2 -80 -54 -55 2 -87 -25 -82 -80 63 27 -26 31 -32 -54 -86 -98 -84 -96 40 74 -48 
82 -38 -98 28 100 19 90 69 -30 -30 81 -41 16 -62 90 45 -71 57 -90 65 74 76 53 -15 -100 -30 60 31 -40 87 68 -77 -92 -91 -63 -94 -65 83 -54 58 -59 45 -74 83 -92 89 -36 -11 -61 -86 -41 36 -93 -21 -79 -69 -1 46 68 -58 64 35 15 8 22 100 19 -33 -16 96 80 25 -92 -9 -70 99 8 4 73 -31 -83 -54 -80 -1 59 67 -31 56 -2 51 12 -45 26 -57 -54 45 -24 75 -26 91 83 5 -6 -54 46 -93 62 -13 26 12 77 -10 -91 -28 60 10 -69 1 57 64 
43 84 -79 39 -30 -70 79 34 37 93 -90 -66 89 63 -58 61 -48 -40 9 -85 -51 -24 23 39 85 75 3 70 52 -61 -17 77 -69 -47 -98 -74 89 55 -71 -58 -57 -29 14 1 -62 73 3 -98 -4 -66 2 12 4 -37 5 36 -73 75 4 68 36 22 -67 -70 29 -98 -96 -8 -34 -3 -39 25 -19 56 5 41 -15 4 99 32 10 -46 -67 75 -91 83 8 -52 -6 -78 30 -16 -35 66 -76 10 -85 45 50 15 25 -20 0 24 87 86 2 -62 59 45 -14 26 -63 -84 -52 21 52 -42 43 -35 
-30 -32 -37 40 -24 -23 43 34 80 -10 42 14 -69 -58 29 -67 6 31 -80 46 -50 60 -15 -40 84 -59 -73 37 -51 37 19 -75 -7 54 -86 45 -98 -76 -74 17 89 36 -13 -75 -28 42 59 -10 42 -16 51 -9 66 51 32 -90 15 -7 -94 -30 -69 -73 -98 -43 -75 21 7 92 44 81 -57 -70 12 59 -51 -51 -95 -78 -28 -19 57 62 16 -16 12 66 26 36 -37 61 -75 -98 -81 -36 19 30 45 -45 24 -86 24 -85 11 -47 -25 13 69 85 -89 11 -10 -73 8 -31 -50 -53 -58 -89 39 33 
-75 -87 9 -10 -35 72 -70 -93 80 88 -80 19 -14 -80 -96 3 57 -25 4 -10 -66 -33 70 -19 -58 74 -84 98 -4 62 -23 -19 77 64 -54 68 -64 -12 18 69 69 -18 4 45 -74 27 -23 24 73 54 -1 -68 66 -81 -27 -45 -28 39 43 55 91 -73 59 -3 23 -43 -65 23 69 -11 -19 76 -36 90 31 52 -99 -93 -51 49 -99 95 72 -96 -81 -41 -86 -36 12 21 -55 -9 51 61 79 33 14 -83 -18 -7 8 83 98 -86 3 23 66 -33 43 -80 -86 59 97 45 71 38 -46 -34 -78 -58 
44 19 -31 -89 -93 81 8 93 -51 -31 -38 22 -23 48 99 33 -75 -89 -93 82 84 42 -30 32 -9 15 8 82 29 -61 -1 -20 -54 97 21 36 19 79 70 81 0 70 -58 -60 77 -12 52 -56 -83 21 -17 93 -55 31 13 -67 38 9 63 -28 66 61 -74 -15 -99 -1 64 100 -82 95 93 72 64 -91 59 15 -96 39 -35 86 42 52 -93 95 -61 -7 54 -58 94 37 59 -19 84 -34 24 6 -39 -100 -40 -46 83 78 -37 -81 -9 -20 11 63 75 35 43 -61 97 -40 -95 79 20 72 -99 73 
-16 5 -44 -59 47 -99 -42 94 -51 38 73 98 -24 -90 35 -21 45 -40 -92 -17 -3 31 16 -96 -34 -5 53 65 12 37 68 -73 72 -10 -18 -46 -62 84 -98 -87 70 77 -42 -53 -33 75 43 19 29 -39 77 -87 47 -67 -29 -7 37 69 -19 -95 -10 58 36 52 49 33 -92 35 90 -60 -4 47 96 73 -20 -56 20 -76 26 1 51 1 -67 -54 -37 -61 10 -35 -76 -11 -47 65 -29 -88 -93 -81 30 74 -20 21 -11 -87 -54 2 -83 -95 11 0 58 6 8 -3 -44 -19 59 -83 -26 77 -100 -11 
-1 -24 -56 -82 -30 92 7 -34 74 3 90 -64 97 -7 -49 -96 29 5 -2 -26 99 86 -68 -76 -7 43 39 65 7 61 63 2 -22 -12 2 -14 -36 85 -36 49 59 55 -58 10 37 -48 96 -52 65 13 -79 93 75 14 -53 -84 -1 -21 -40 1 -28 53 -2 -67 76 -12 61 28 -32 -92 9 -36 -71 66 -67 -53 -1 75 21 34 74 81 69 55 -94 62 16 -38 -79 23 -84 -45 -71 -80 47 30 0 10 -19 -25 -25 -79 -7 -56 1 -20 53 -35 16 -71 76 -40 48 -56 -1 73 72 35 59 -67 
57 45 76 -63 92 -80 96 -97 27 -75 -5 -23 -97 84 -80 -7 90 11 5 -29 -7 86 37 52 92 100 76 -2 -72 -40 74 81 75 20 -94 63 -60 73 6 -80 62 53 29 -71 -93 -11 -94 17 -67 57 -90 62 -71 -69 59 99 -12 94 36 94 -68 -93 -56 14 59 12 64 -95 -59 -49 2 -87 74 70 79 -32 -5 8 -3 49 -37 -80 19 13 81 -78 94 -77 -41 76 -73 -25 55 -30 76 -97 -13 -78 -18 55 -72 -73 -29 45 -70 -27 -33 52 -34 -1 69 46 -52 34 -94 -13 -91 -10 -8 62 
24 -96 88 -87 -56 94 12 -34 78 58 -18 57 -32 -73 81 -68 99 -21 50 51 -51 -28 -71 51 40 38 82 87 86 87 24 27 -51 68 90 98 49 58 84 -30 69 -86 36 -87 -95 83 -49 -19 -62 34 -50 -73 -38 80 -40 24 -43 -91 -25 77 74 -22 82 79 51 -80 -29 -93 -80 6 92 27 -84 -26 -14 52 -5 -92 -53 -75 73 59 1 28 -29 58 -93 -26 48 54 42 -57 69 25 -52 33 -20 17 -8 -90 -65 30 -86 -47 85 76 35 -39 -1 -84 30 -22 51 -45 12 56 -76 96 -47 -24 
59 -11 -56 77 -40 -80 51 -80 22 -33 -31 -5 -4 53 59 66 -58 -59 -17 -100 32 -94 -82 -54 30 -3 41 -32 33 -48 4 -64 75 47 0 -52 -87 61 -20 -10 -29 98 41 49 48 11 -22 -52 -43 -13 -13 -26 16 46 -77 40 7 -17 42 46 26 -50 48 84 13 -88 8 -48 -89 19 97 -86 18 -75 -94 -30 30 -5 83 54 -3 -75 -36 -79 -10 -27 -69 -43 65 -31 -31 36 -45 71 -79 15 47 -10 -62 -11 22 -45 98 -70 -81 -14 -3 -42 88 29 -26 21 77 -42 -79 30 72 97 10 -37 
-30 22 -43 -24 22 -74 -31 -31 -23 -6 58 23 -71 -65 73 -63 24 -68 -74 6 73 -87 21 38 -38 -27 -71 63 -31 56 -78 -7 -13 -6 -92 -71 -47 -67 41 55 -69 25 -93 27 -73 75 25 -19 -68 34 65 68 49 63 100 -88 -77 59 23 55 -34 -63 58 -55 -10 -26 52 14 -98 60 -14 0 14 -30 26 50 91 45 73 -51 -33 -8 -56 -82 93 -8 39 36 -60 -13 -59 83 39 56 -81 4 -7 60 61 84 44 -27 -56 -92 38 -13 74 -75 6 64 -75 42 -28 -90 -7 44 99 10 -28 -86 
-45 -34 95 -12 95 -74 -70 52 78 49 -3 -48 -100 -34 78 47 100 14 -7 -56 -78 -62 -16 61 -77 39 49 83 -28 59 39 -64 -7 -50 32 -57 5 62 -4 -96 -59 12 -90 35 11 -16 -54 25 -60 -94 -15 -68 -30 44 65 -75 69 -97 -57 -64 -68 -43 10 -96 -94 -72 69 -43 -98 -88 -9 -5 91 -73 -88 57 26 27 -72 64 54 62 -93 81 -55 -44 -49 51 -69 -23 77 -70 56 -8 -54 15 -99 68 77 -78 74 -22 -61 28 53 50 -94 0 96 -50 -64 -41 65 -40 47 -19 61 67 -77 8 
40 33 -39 -47 27 18 36 92 -56 -16 -16 16 13 -39 80 -24 39 -7 -5 -82 96 47 -79 76 -73 99 64 76 20 -36 3 -5 72 -73 96 91 73 43 17 16 -19 -31 28 78 29 -10 -76 -94 -35 91 -9 -33 -18 -74 32 -60 -73 93 58 -53 53 29 -66 -7 -75 -69 69 -13 -33 -65 28 75 -50 -3 81 99 -41 -62 -3 -7 -61 -23 -92 81 39 -81 -97 21 5 63 -97 84 20 8 -63 -29 6 -69 -54 -94 -40 -89 46 90 -41 -72 -36 -67 -18 15 15 7 -52 -58 -97 96 -90 -63 -47 51 
-5 -51 12 -74 -67 3 -22 -9 36 31 70 -38 -20 -9 -54 -82 -2 6 -100 -21 41 -53 54 54 0 10 -55 -77 -38 -98 10 -23 19 -45 65 -53 -99 -77 -21 -44 -18 23 57 58 9 -58 53 46 -30 -61 -55 73 -80 -65 9 77 -61 -11 -10 82 -56 -15 99 75 -92 69 -39 -38 29 -22 38 55 11 15 -42 38 33 -17 -34 35 -93 33 56 -99 -22 -2 -20 10 50 -57 -13 56 21 60 -49 -77 26 67 -95 -36 -52 -43 -64 5 50 66 -40 100 15 -18 -31 -78 -92 -93 -8 -6 -20 40 -90 5 
86 43 79 -64 3 70 -11 50 63 42 -59 -100 -96 17 68 -65 89 -14 100 75 93 -39 -27 -20 -97 57 56 65 42 -34 98 98 92 -23 90 -23 8 13 -37 87 -7 17 85 68 72 -96 -16 79 34 -55 26 10 48 46 -12 61 -3 -95 14 86 75 16 58 100 0 -47 62 78 -43 78 -74 91 -99 -21 6 100 22 -27 81 43 46 -10 69 71 49 76 24 -83 -11 98 0 75 87 -16 -41 -10 16 53 -27 47 -42 59 16 88 -44 -47 -95 71 77 -45 -4 44 -16 -73 7 52 26 0 -18 50 
-33 37 61 2 -62 -78 65 -80 -19 31 52 -71 -68 -77 60 -33 -75 94 -65 -51 61 -85 41 -76 90 58 0 -50 -49 44 -34 35 33 63 -73 10 -97 -70 -58 71 76 -89 -72 -30 -90 48 -55 -94 -23 -86 23 63 89 9 -100 -73 19 -68 -48 100 -36 55 -66 26 49 18 81 -89 82 13 -23 28 -6 37 -65 -10 85 64 -84 49 -84 44 -10 -42 -47 26 68 5 -82 -44 57 20 -99 20 -25 -66 68 11 39 44 -74 -59 12 58 19 -42 -16 -4 -21 -28 83 6 -26 -93 -87 83 -56 -57 -58 -12 
98 -85 20 -27 -80 -31 -27 -10 79 -84 -57 55 -40 24 85 -3 62 -72 -98 8 -75 66 -54 -87 -35 -7 -58 54 -74 -98 63 -63 -55 52 5 90 -79 -63 -55 76 47 70 70 38 -88 29 94 -52 -52 -7 -12 -31 -50 -81 59 -82 -91 -6 -47 -52 41 4 -40 -49 -55 63 17 -9 -81 74 76 -62 13 56 -75 -89 52 -75 -93 -12 77 -77 79 -30 74 91 28 -87 69 -72 62 39 67 75 -14 66 -19 92 -49 -51 -82 55 56 86 -74 -24 33 -12 -74 -85 59 -75 23 57 -55 8 25 -12 -35 0 
43 -7 69 -58 -94 51 22 -99 45 -98 39 29 76 97 -13 100 -91 31 -97 36 56 -62 -70 -17 -86 -27 -19 -91 57 95 -67 -42 -61 91 17 -34 -15 85 54 -44 82 90 99 67 -25 -81 -64 34 93 -84 27 91 -13 -25 73 -28 94 83 31 -13 87 -83 29 -11 44 -8 -64 -29 -28 67 82 94 91 -78 -15 95 -12 -91 -4 90 -27 39 22 100 -8 -42 -36 -63 -34 47 -82 -35 83 85 -34 10 -79 -80 -12 -74 57 77 96 82 -93 79 58 90 -55 92 -96 -87 15 46 45 -82 -67 -5 -94 -97 
82 15 -100 32 -24 -76 -1 33 17 -78 -94 32 -86 87 -13 -79 -50 -44 76 68 -57 86 -28 80 -96 20 6 98 73 94 -93 -64 -13 -65 -75 -37 22 -10 47 88 81 13 -61 41 -89 -95 -76 27 94 29 -74 64 65 -16 62 -9 6 52 55 -91 -4 96 56 58 -66 91 -26 79 82 11 98 27 -54 -50 -17 -11 -93 -74 -38 1 -50 28 -68 -54 33 -36 -75 -80 71 9 5 72 82 20 28 24 97 59 45 56 -97 100 -26 36 41 -59 14 -23 -55 -47 20 -49 89 71 78 -83 75 11 52 -86 
-55 45 45 -85 -65 -40 84 -45 86 34 -22 44 34 -24 -72 -88 40 75 19 -34 88 -63 40 -35 59 -91 -22 59 79 -65 14 88 -14 -46 -67 -60 68 -8 -96 -15 -3 -59 -26 -79 -83 4 42 59 1 -67 -74 69 -7 -48 -81 65 97 36 -37 0 -47 49 31 35 16 -94 24 -31 40 83 -89 -42 83 -96 -51 61 28 -6 -93 -58 51 -10 72 53 82 -87 67 75 -8 95 -54 -59 -70 32 -73 -19 -1 43 -67 93 0 19 30 45 -89 -50 83 35 -9 -90 -31 -86 99 72 81 50 -94 -12 -18 -80 
-11 61 24 43 20 -88 -95 44 -51 93 86 7 -11 25 -18 -43 69 23 55 -73 -60 -93 -56 54 -52 -34 74 18 46 -87 16 -64 -66 80 97 71 -37 -66 -26 43 -46 -53 98 -3 -63 7 30 -68 -78 41 80 41 -86 10 -4 -34 95 46 -6 -43 -93 -57 53 62 -73 53 -77 69 89 -59 27 -33 43 -37 42 -89 -73 -64 88 -88 91 100 -81 -93 26 28 -55 56 10 -70 -90 -60 -34 -99 -86 88 -92 9 -98 -32 -100 93 -64 36 6 -27 -47 24 -96 -94 -7 -100 77 23 4 -6 89 -37 85 -44 
-30 73 86 -13 -57 22 97 -7 -55 -90 30 86 -56 52 -2 26 -25 -85 9 56 -51 -15 -53 57 -96 22 -29 -90 61 51 -76 -68 23 75 72 2 80 41 -22 -61 70 87 -57 -42 37 -96 83 -66 -4 82 -43 -80 92 80 -42 68 61 31 22 -85 85 -4 -6 89 84 81 26 -83 -95 25 -3 -53 98 -30 77 17 -72 47 -52 10 -49 -21 -36 -24 50 -93 -92 64 54 16 -57 -29 11 87 28 53 45 10 1 -61 -6 6 69 36 -39 -54 -33 94 83 -41 -51 -75 49 62 -89 -88 4 25 -27 -43 
-26 -90 -61 -97 -43 61 5 -85 -59 -49 0 48 17 45 9 -14 -81 -43 -82 -86 85 93 66 -90 43 -72 -89 -11 89 -90 10 78 -41 13 -7 -3 56 98 -28 -54 -64 4 -32 61 83 58 -99 27 -22 -19 9 42 18 97 -25 -22 76 -72 29 -43 -17 -36 59 21 -21 -79 75 -38 -17 58 -81 55 27 80 35 -8 -23 19 -72 -58 -5 -52 64 28 71 56 -56 17 -97 -98 -91 -65 10 -3 -97 57 64 -73 85 -24 -23 -46 94 43 -3 -45 52 28 -65 27 -73 -53 93 45 -78 37 60 21 62 19 
-59 -31 -79 -33 87 100 -57 51 -96 96 -54 95 49 -82 -40 48 54 87 32 -7 70 -55 -21 -60 99 -1 13 -22 30 -100 -57 80 42 94 61 82 -18 95 87 -21 -1 -49 78 -52 11 99 -43 20 -86 -42 31 44 -77 -38 -84 -34 51 -45 -23 -10 -14 -13 32 26 95 -85 0 38 81 -80 -55 23 -85 61 70 -50 65 2 94 -1 66 -89 26 43 -15 -35 -44 69 -16 -16 58 -43 29 56 9 78 8 -56 71 -23 -3 1 -47 56 57 60 35 41 -43 21 89 -82 -18 54 -6 -90 -23 -7 12 -58 
-80 71 70 64 36 41 -90 -72 10 71 -22 48 97 38 37 96 42 -19 19 96 -18 4 -40 16 12 -55 -61 -83 -97 -47 29 24 -51 1 1 83 -1 -15 -96 8 38 -98 -44 -10 79 -5 57 -86 31 29 87 66 -89 -46 53 16 -25 13 8 94 -25 4 44 -56 59 -32 90 -92 -47 -26 -85 -25 41 0 0 58 49 63 -94 -86 77 -99 5 -13 -28 -70 14 -83 28 96 -37 29 92 -80 69 -93 -44 -68 28 14 -44 -21 65 29 -29 100 83 36 13 3 -73 -57 66 -36 -34 22 -3 74 -41 13 
-62 72 -54 -100 99 -36 5 -13 41 94 -97 -38 14 -2 9 -40 41 84 -81 92 -38 71 -14 -57 31 13 -95 13 -76 -18 -66 -48 -19 54 94 -19 8 -15 75 96 66 -75 1 -16 -86 51 47 -30 -32 34 47 86 -22 83 -38 39 66 -54 100 75 -30 15 23 -62 -61 -69 40 -75 -58 -68 88 74 -50 -33 -46 63 -55 20 -37 20 -62 87 -97 -42 72 3 -51 -53 49 -26 18 98 52 97 42 79 -21 -78 -19 -56 81 99 22 58 -16 79 -43 93 -24 50 -95 -42 -99 68 86 -25 -50 -80 -28 34 
-76 35 -43 -65 -69 -3 -12 6 31 -77 -24 100 -55 -84 -11 56 -68 6 -84 -75 -27 -63 90 28 85 -67 40 52 71 1 -41 -59 -57 99 20 13 62 -88 -74 12 -9 69 97 42 -16 91 18 -93 75 49 -75 -39 -72 37 -70 -4 -51 86 41 85 -40 85 40 -34 60 85 -71 59 -48 -79 -34 46 30 87 75 13 -18 -58 -79 -97 -43 -45 -32 -28 74 -53 -76 -83 53 -50 -44 -40 33 -5 -11 1 -62 55 94 -40 87 -59 95 28 -24 -79 1 46 -11 -79 24 -58 74 58 -98 -96 -46 72 87 -85 
-91 21 -13 -26 -81 1 99 -70 -85 79 99 51 63 -35 36 -66 -98 49 -86 -15 -90 95 38 37 -97 88 -78 38 -8 10 -61 6 8 -28 59 79 43 99 0 -12 75 27 -92 57 -20 45 74 34 36 -52 -9 -10 21 99 37 17 84 -70 43 57 -46 64 -76 -18 23 88 -76 35 8 -69 -39 26 73 -28 37 -10 3 -46 52 4 -29 -17 81 -32 91 64 -74 75 -58 -39 -25 -18 -84 -65 49 -60 -62 4 -22 48 88 -17 -66 -15 -20 88 78 -11 23 -57 -19 -1 -35 -68 43 41 -71 -91 81 -86 
-88 74 -89 68 30 -17 -44 21 -91 -23 -72 -95 22 19 25 -20 25 42 -91 13 88 87 77 -53 -76 72 71 40 -93 6 -46 40 98 -15 12 7 -23 73 43 -8 43 4 -21 -53 -87 94 -32 -57 0 -12 -39 81 -9 13 -46 98 -73 -30 -73 32 25 -90 21 91 -64 -64 -5 -95 37 85 -14 47 -37 -27 72 95 38 100 76 -26 68 9 -57 -89 -73 -24 -91 -3 -6 -23 -87 27 -83 66 -13 80 55 -88 -70 4 -59 67 -75 -66 -8 72 -16 52 -6 96 81 -53 39 -47 95 16 43 66 95 -32 
35 77 -61 -85 -81 -19 79 20 22 -81 85 30 39 -54 -45 67 -81 -82 -3 -28 -19 18 -86 36 -57 21 54 36 21 2 91 15 -3 -67 -52 85 97 -36 -91 -98 44 -24 72 -56 -61 80 -83 -90 39 -47 6 51 -42 72 -72 85 72 -54 26 82 -43 29 74 -70 45 4 -21 70 -7 45 -86 -34 10 -44 9 67 -67 -30 -44 37 -28 53 12 69 22 11 -7 98 -39 36 -57 -28 -93 79 -84 -14 84 45 -75 -69 55 96 -30 -81 79 55 -83 47 -15 19 23 -71 5 -44 -2 -70 -65 39 45 34 
58 -9 62 72 -5 46 -51 16 18 -24 55 -29 -44 44 77 52 62 -50 -10 -93 -61 43 49 -16 -85 61 41 39 -85 6 62 -91 -85 90 -50 -76 -75 -71 -46 -13 5 51 56 -37 14 87 -20 53 58 90 -52 49 -78 -69 -94 -80 17 81 59 -80 13 73 38 14 74 -92 78 99 -83 -18 -99 15 88 81 -1 85 -8 -65 -96 -94 -81 77 -91 -90 41 12 98 42 -13 80 -59 -11 -32 74 30 -26 -23 -98 -28 10 42 30 90 -90 85 3 84 61 -99 -76 -76 59 -15 71 -39 97 -23 -89 30 96 
65 -41 -88 2 -50 46 -91 -6 -40 68 47 73 -32 -3 -80 -70 -56 -25 -59 -96 96 44 -52 -91 -21 50 31 19 46 73 67 -5 83 76 33 -36 -86 3 87 35 -58 18 -9 69 -64 -93 21 -49 65 98 -29 25 98 37 -60 11 42 -70 -91 -8 26 67 -37 -20 68 -39 -15 22 -39 -68 -65 -82 -76 -5 24 94 -33 31 15 100 79 60 -6 22 -15 -74 -95 60 -79 98 40 -54 -85 16 81 -57 -73 25 38 -1 -52 31 42 -19 46 -61 19 33 59 12 24 -94 100 -69 -66 -86 -99 97 59 -9 
85 2 41 4 70 2 41 1 -46 -43 58 -20 57 -82 -44 42 -43 49 41 0 20 -2 31 70 -61 59 59 -7 -75 -43 64 54 -39 54 -50 -36 95 95 -5 70 -35 -38 -64 -17 -28 38 19 70 -66 -60 52 -36 -63 -9 73 -11 28 14 8 -96 -88 -77 -50 52 41 44 -39 -3 -18 11 -5 94 6 -51 24 75 2 -20 33 -23 21 8 -25 -12 34 50 83 -99 9 9 -68 -25 56 -35 56 -32 57 8 -34 -40 59 95 78 -22 -50 -57 -72 86 -85 -97 18 -100 58 -21 38 -50 -46 77 -21 3 
-7 -8 11 99 -88 70 43 38 80 19 -47 13 -40 82 -5 18 7 13 -38 56 -20 23 10 -91 -61 68 17 36 -99 -7 -55 -34 29 -26 -63 -76 93 -61 85 -32 85 -30 -94 58 79 -75 62 -62 18 -36 -85 -58 54 -15 39 60 13 -71 -42 8 39 98 -4 -67 35 38 -21 -91 -23 -7 44 63 89 42 -91 25 89 -32 49 31 -81 -1 -79 97 -71 32 -49 -83 1 55 59 -56 49 -75 9 70 -100 -88 8 61 -65 -52 -49 -30 -35 -100 100 -57 -12 -83 98 46 -2 -3 -56 60 -57 89 16 -73 
64 75 -34 10 -88 34 -78 40 -9 -51 -93 3 -17 14 -16 -39 64 -61 29 97 -28 19 -80 84 -96 -48 69 79 -72 -13 24 -41 -65 -52 44 -58 -64 84 53 -66 -12 54 91 -67 -65 16 52 17 -81 -3 -20 14 22 -65 -21 -55 60 -10 4 -21 -22 -78 17 41 60 62 99 -82 -45 54 34 29 63 -36 8 -51 42 24 17 -5 -37 18 -24 -44 -75 20 53 -77 73 37 -55 -71 10 39 -39 73 -63 -83 -72 -3 -18 -50 -81 91 45 -51 -42 62 83 -32 -15 68 -27 47 57 29 -37 52 76 -87 
-97 74 97 47 94 -99 4 -21 78 22 -64 -21 82 98 -86 70 -65 -62 -68 90 34 7 -71 -78 25 -99 -53 -63 78 55 16 58 -18 -17 97 39 -29 96 72 38 -87 72 -47 -3 94 -74 -89 -66 -57 -73 -69 -69 -100 33 -78 100 -19 44 89 -71 54 -63 -71 60 -25 87 -85 8 -55 67 54 -49 -31 44 90 31 -21 37 -38 89 -73 -74 -3 -83 15 28 70 -19 90 73 -39 74 -12 68 2 -16 59 33 48 23 -41 79 74 -5 40 72 84 -12 -88 -83 100 45 67 12 -27 -47 -45 9 -10 73 
-92 13 24 21 17 59 -36 28 89 -92 32 59 45 -80 48 -47 76 -73 -62 -24 -45 -66 99 16 -18 39 -67 71 -21 -73 41 -14 96 34 -53 63 78 50 97 79 -23 -87 -92 7 -88 -18 -15 -64 80 51 -97 -74 69 -74 37 20 -25 -47 83 39 -74 -3 62 60 -21 3 54 -37 90 92 7 -20 -87 58 -43 2 59 72 67 36 -49 -73 -12 -33 57 -76 -9 -100 -63 5 -62 31 -62 -13 -6 36 -67 29 -41 93 14 30 2 53 99 -36 -22 -80 17 -97 26 5 -39 7 80 47 56 69 -61 -35 
18 -25 64 87 41 90 -78 -23 -61 -65 -78 81 77 -6 -78 70 19 53 99 35 -79 -11 51 34 -48 -20 37 3 -7 -96 -8 34 53 45 0 46 -43 -51 -52 32 -94 -77 93 75 25 80 80 70 82 26 21 -44 -79 80 40 0 -72 -54 -12 87 56 35 -66 55 71 -70 -4 24 19 -75 31 95 -28 21 -39 23 54 -56 -43 96 92 34 98 76 -95 -75 -71 -43 34 -69 -93 -18 22 87 42 -63 46 -40 -23 4 -37 -45 62 -35 -37 6 20 -2 56 36 -47 -84 -7 45 -50 88 -27 38 -29 56 
-57 -51 45 -74 -8 -64 64 -3 30 -32 75 74 82 9 -95 48 -12 35 -79 -44 -6 44 1 -89 -49 97 13 23 16 51 -5 -51 66 74 -15 -20 -47 62 75 15 -58 83 -10 -70 -47 42 76 -42 86 89 -14 87 -46 -72 74 -49 -6 -58 -78 -47 55 11 -46 -22 -98 -59 -92 96 -72 42 99 -33 22 71 -38 -75 -25 -13 73 13 -84 -88 -71 96 -95 24 -90 -8 96 -58 29 -35 82 45 -38 -50 -42 63 30 83 -38 -69 -53 -37 -4 41 80 87 -21 52 -87 -23 -5 88 17 -23 -41 74 -56 -95 
-23 40 -97 50 97 -86 21 90 -27 -20 -9 84 -57 42 -22 -98 19 94 -3 20 1 44 69 98 21 -7 1 68 74 -23 -13 78 -10 -15 70 -41 21 -95 23 -69 46 -27 37 -71 64 -6 -24 -53 -89 -69 81 -59 -20 10 42 45 -38 48 -14 -99 56 84 -33 -53 73 -50 -67 39 -12 -64 -35 -57 -67 -43 -18 -31 -88 21 96 -94 79 73 26 -3 -87 -98 60 41 -82 91 69 -71 -78 -11 29 -90 85 -22 29 17 -84 69 22 -67 90 -12 72 24 -98 52 -17 -60 -69 12 -55 -53 40 -45 -51 -15 
-56 44 -94 -55 41 31 88 62 -83 86 69 20 12 82 -72 -6 31 -95 -18 62 -2 90 -43 71 33 -3 -17 56 29 43 30 -20 -39 -82 -81 92 -9 -60 89 -48 -66 45 -90 -95 0 -7 -62 -26 -10 -14 61 55 -47 -27 65 21 -56 -4 45 -19 0 93 -12 57 17 -61 -33 -1 4 84 69 91 83 18 -77 60 37 -52 30 88 50 -72 7 51 63 82 -99 54 -49 -64 -50 -72 -54 34 73 29 37 79 49 -31 -33 71 41 2 -62 77 -21 -36 53 5 -13 -88 -88 51 -54 30 -19 -79 9 -11 
-8 74 -31 -97 38 1 69 19 82 2 47 40 -86 46 11 87 -32 -37 83 -14 -77 41 83 -92 45 79 -6 25 87 -88 -21 26 -43 90 -89 -32 32 22 -5 -40 -21 -34 -75 86 -70 100 -26 84 33 47 33 27 68 -99 32 36 -30 86 -45 -25 -26 97 -61 39 50 77 4 67 -94 -93 29 -49 82 -57 84 -85 -18 64 -3 32 -98 69 -77 -50 89 69 -96 91 -21 -82 78 47 46 54 -3 -23 -88 89 83 90 -39 36 46 -87 -65 -16 -87 -11 21 20 29 41 60 79 25 64 23 26 2 43 
33 -6 79 -13 24 -63 -91 -4 -85 -71 -43 54 -66 -26 6 -67 29 12 -93 44 67 -3 -5 9 -32 69 51 -10 93 -58 97 90 -61 -31 -21 -8 12 65 21 -16 63 -32 -1 87 -15 6 -61 -41 4 -35 -80 33 54 39 -86 97 -68 -66 9 -20 68 0 -68 56 -21 -24 15 -91 31 -15 68 -29 -91 -13 -97 64 46 46 80 -7 -5 -48 87 26 -89 -2 -32 49 73 48 -59 -82 -76 91 90 -80 -54 -56 100 -44 6 -9 -100 92 96 100 15 -98 93 -55 6 23 82 -32 -59 22 59 -49 -77 -73 
79 -44 -9 -20 -28 64 62 -16 82 29 -78 17 -80 15 81 -81 -9 59 41 -33 33 -42 -79 63 65 24 -13 22 83 -97 61 -68 46 -73 60 14 -85 35 44 58 -61 -19 -14 -35 -78 72 -8 9 61 83 -83 -35 -48 34 48 -75 -31 28 27 -34 28 54 -30 -55 -67 -64 -54 92 93 -58 39 55 -14 -82 -11 9 -41 -74 23 -34 84 76 65 22 -2 -84 -94 -48 -98 39 89 33 -76 -4 34 -46 96 97 -76 -72 -50 -73 18 94 -26 -7 1 57 3 -86 -40 14 -100 -45 52 35 -98 -18 -42 -16 
100 -32 61 -53 24 90 -64 -51 53 -21 97 61 -61 56 -48 -94 -84 -93 -35 70 -97 -60 -29 -53 62 -65 -8 6 6 77 41 80 -24 54 25 -96 75 16 -34 -97 72 24 -5 -91 -100 6 49 14 73 78 65 68 40 -26 -73 24 -100 -90 -43 14 63 92 57 -21 15 -69 49 -47 -95 47 80 77 37 93 3 44 69 10 -41 96 -65 49 1 -12 45 -78 -26 -95 -92 -3 -89 4 49 45 -46 -82 -95 -71 -77 91 45 -51 -78 2 95 -81 23 -20 70 5 92 34 43 96 -3 37 -21 55 45 -75 
-8 -71 20 23 -45 90 79 81 72 -35 -33 -31 -93 -85 56 87 -33 -14 19 29 81 37 91 57 -79 -60 -95 45 -25 55 19 7 -77 -50 35 -34 -77 89 -5 5 -93 -97 67 70 -92 66 33 10 53 -36 -46 -16 -58 -69 -24 -56 65 -1 -64 -28 88 68 -76 19 76 24 37 -69 35 16 40 -18 -8 79 -16 32 -4 23 0 -67 -100 -26 -96 -44 28 56 -96 91 -49 -6 60 8 -40 82 -24 -86 -48 83 72 22 72 -87 -2 -93 17 -28 -88 -57 11 27 79 94 5 3 9 -56 10 -93 74 28 
31 43 57 -74 -59 2 -72 75 -48 97 -63 -40 -9 34 51 -38 -59 -97 -68 -99 -29 60 -71 -79 -13 56 6 -91 46 90 14 -97 -42 -84 53 -63 80 58 -57 -77 -24 -72 -41 59 80 -60 7 13 -88 85 77 25 -71 -94 -1 -53 -6 -51 9 81 48 -33 22 28 0 -17 58 -13 64 58 -70 53 -80 10 -26 39 -97 38 50 -62 -40 -26 98 89 -54 -63 -55 -87 36 -3 -50 17 -17 -98 72 -39 -64 -100 -28 61 31 68 -91 17 -38 59 -97 67 -1 -89 69 68 59 -44 80 9 56 19 1 40 
84 45 -68 -5 6 75 -76 -14 -77 -39 -37 -19 -13 47 -69 86 -18 -88 24 31 -89 -55 -97 52 -37 -36 73 -100 -22 47 59 48 -41 28 43 -87 -43 -62 17 58 20 -20 -95 7 86 -49 31 -77 -21 53 -12 -61 -33 -100 -19 41 59 -16 -96 91 37 -37 95 68 94 -55 70 64 -34 48 -52 -58 -33 34 82 38 70 48 -62 -81 -34 -57 -54 -36 100 77 58 2 -57 94 73 -55 67 36 74 79 14 3 -63 -32 10 -16 89 -57 -78 99 -39 -99 -79 95 66 47 -30 18 98 -56 -98 29 -95 -10 
-33 -65 -85 7 29 -69 -21 68 -92 -89 95 -6 65 97 -56 97 -37 78 81 -84 29 -71 -39 -78 -95 78 -86 38 -6 -82 58 2 -98 -14 10 -1 17 45 -67 72 -34 -28 14 72 36 39 -57 -80 -68 41 -99 -26 -42 83 -73 98 -52 82 41 96 -46 63 44 98 25 90 -54 84 64 24 -6 98 -6 -44 52 48 -86 -22 25 -72 11 -55 -76 -52 -14 -14 17 1 90 -95 2 -78 -79 35 -14 40 27 2 35 -61 6 -45 30 -88 -87 69 -83 -11 -83 -5 -2 45 -21 -27 79 -69 6 16 41 52 
91 -60 52 5 -83 -50 82 -88 -9 98 -10 97 -72 34 88 76 -73 18 -98 71 55 -94 58 -63 -50 -5 -82 -13 74 82 49 86 -84 58 -71 91 -22 52 -46 -95 92 -22 -63 -64 27 6 -26 79 -27 7 67 -81 25 -17 -28 -4 4 -49 -6 -60 36 -60 -76 -45 -40 -79 -56 77 12 -10 83 -34 56 5 -39 49 -47 89 -58 -15 -11 37 -14 36 -99 -18 -31 -11 87 70 78 -74 52 -38 6 -26 16 -46 -19 48 -34 -5 -43 -67 64 27 -88 -92 -23 64 -67 -74 -25 -63 13 -25 -21 -18 1 5 
4 -13 17 78 46 31 21 54 26 -38 79 29 -79 -50 -43 83 47 -67 66 -96 73 55 -30 -58 -86 96 -10 56 71 80 8 -21 -8 7 -7 75 -4 -25 39 -17 -68 -92 -71 84 89 48 -100 -50 -72 -99 -15 -58 28 16 22 86 82 -77 -23 22 -79 88 8 0 78 77 59 -18 -41 1 51 -68 55 -6 -51 76 43 7 -16 70 64 25 -17 -8 34 11 -44 -82 -82 -28 87 -54 -94 -52 32 -47 -42 89 24 -4 37 -47 4 72 -31 46 23 -70 5 -34 76 -59 -79 76 50 -29 -12 62 65 -81 
51 -73 33 76 7 94 -9 4 87 48 -76 31 68 -83 -78 59 65 98 21 10 58 -59 -96 61 67 5 14 13 31 75 -68 -64 -83 10 -20 15 -79 -24 41 98 13 24 93 -35 69 14 -20 -25 -53 40 -14 34 10 -42 9 -22 -72 -19 78 21 46 86 -80 49 -18 -96 65 -33 -2 -60 -80 -37 34 11 -42 -77 -52 -25 -92 52 34 -39 -6 -85 -97 49 -29 23 28 -99 88 16 95 47 -98 74 25 -58 -87 51 -44 -32 -10 84 4 -70 49 -72 20 -84 -45 90 25 2 34 95 -92 -74 -82 -96 
89 9 -77 13 -37 -28 -41 85 -43 -87 -17 -79 -72 -31 100 -84 -52 81 -80 26 -62 -11 32 -94 -17 9 67 82 -35 -34 60 80 -99 -26 80 88 -4 21 -71 23 9 -65 47 33 45 -15 49 -19 44 -12 43 -65 -66 83 13 41 -68 43 96 59 68 73 83 43 -25 -22 -93 -17 88 -1 15 25 -95 -58 53 -8 -20 97 85 -56 -60 3 60 -20 -26 -1 -34 -71 63 40 20 31 -68 3 97 -59 -54 -83 2 -52 14 47 -6 -71 55 43 86 53 50 93 85 81 -37 -5 -92 27 -33 35 93 -58 
64 35 52 35 73 -32 -24 -45 -29 58 -96 65 -76 88 -8 66 -75 40 -65 13 -34 -8 78 21 -96 100 10 -26 -7 83 -5 40 -48 -24 62 10 55 95 -100 -47 73 63 -58 65 -86 -84 -96 22 95 -80 -18 -58 -54 77 -95 82 83 99 -82 -14 88 -61 -94 -16 -14 54 39 13 -51 25 -92 20 24 -89 -8 78 20 -92 35 25 73 -87 88 -85 79 76 -33 -67 55 21 95 -21 42 84 -7 32 26 -23 -67 48 28 -92 -71 -99 -10 4 75 -24 38 -96 78 -77 -46 57 -56 -26 -64 69 9 -59 
43 -78 39 -93 -95 66 -79 -78 15 -37 -93 -1 -52 96 90 74 49 47 22 -11 14 67 -83 21 -96 -8 -14 99 -94 -73 -9 -40 -43 -29 -5 -55 10 55 -45 1 81 67 -24 69 -20 71 97 -16 -75 -22 -19 -21 10 24 78 63 -95 -37 58 61 14 88 56 84 95 -73 -91 22 -54 10 -98 -11 39 -22 -50 18 87 26 43 11 -47 -21 -61 -73 94 79 -17 -24 -3 96 48 75 -94 -96 66 13 78 28 -23 -95 -89 -42 -98 -67 -77 68 19 -79 25 -52 -6 96 1 -37 84 30 -48 -52 -30 57 
-20 -23 -80 85 93 -13 -54 -77 64 62 75 -15 2 -19 15 9 70 -16 -61 -82 14 -30 -10 48 -78 12 80 65 23 -21 -90 22 11 70 -75 11 37 74 59 45 -99 -56 39 53 -61 81 -59 -51 23 7 15 -26 75 -49 -14 -81 -75 -15 -60 -47 -87 -11 -14 -3 6 -23 42 71 54 74 -40 53 61 94 -65 -15 83 91 50 81 51 13 -73 -52 -74 72 -50 -48 65 25 -86 -92 -78 81 29 -25 -64 -63 60 -96 13 61 0 -37 1 -1 -87 -28 -73 -86 -12 26 -75 -75 -94 -35 69 43 -42 91 
-4 -11 5 17 11 -60 52 -93 94 69 -53 -12 -53 30 -87 -58 67 42 -90 3 90 68 47 -77 -77 94 10 -9 -44 4 -59 79 70 -26 19 -90 -31 -51 -95 -32 -17 -47 97 -53 64 53 -15 -86 -73 -86 -15 -14 27 -56 -42 63 80 -97 -64 -30 -84 61 -72 12 -84 -28 95 23 35 87 -26 -46 44 -35 9 -98 -88 -97 25 -53 -21 30 -43 41 46 -18 -4 30 -85 -42 -51 61 -37 77 50 -76 -66 11 100 -16 -42 92 -8 50 -4 32 -87 72 -42 23 1 23 -40 41 21 14 95 -46 15 -74 
75 -48 -66 34 95 54 -25 -12 -80 82 24 52 64 -82 1 83 -36 50 73 -49 58 12 45 37 -36 -7 13 66 43 -30 -14 -61 -70 59 67 16 -5 -46 -81 91 -8 5 -69 31 -29 -97 -68 -7 -71 -22 -36 1 -58 10 10 -55 -82 44 14 -8 -56 -61 28 97 -4 -39 61 -93 -34 -71 80 24 -34 73 -95 77 -55 -33 -71 49 50 88 -41 -31 54 -98 -53 77 24 7 42 -94 93 -57 -23 -35 -89 -51 88 81 -90 80 -58 60 16 88 -88 89 17 86 87 16 78 36 -24 60 -63 -87 -3 43 
38 15 -63 10 -94 35 -95 -68 -65 -39 63 58 3 68 71 -21 -59 -23 -49 -11 -17 -5 -63 -70 -76 -96 24 40 89 -20 85 -74 35 -83 43 -76 -46 -14 32 -60 57 -67 -92 -73 -42 72 14 37 72 52 25 -64 -26 64 -91 20 -70 -100 75 52 -46 55 -64 6 57 -65 -38 -93 11 9 -76 95 -82 -97 91 80 -18 -60 -6 -11 23 90 -3 -16 -52 -48 23 -63 43 -70 28 99 -13 47 -46 -44 -14 100 -72 -63 10 -65 -46 76 55 -32 70 31 -72 -71 -41 49 -57 17 17 61 -94 -68 56 -16 
81 39 -97 48 -89 -57 6 99 15 -93 -11 78 -83 63 -67 -67 -5 -57 36 -74 35 -50 -68 -99 -40 61 35 -91 89 -2 -43 45 -35 -96 75 53 -63 -45 -24 -85 -15 8 -92 -41 62 -40 -47 -24 -71 -67 -2 74 -91 96 59 -91 -33 -45 -13 37 81 -5 -20 74 46 23 23 -62 -69 -90 80 15 71 -1 -14 -6 -76 -4 -36 42 -10 45 -32 -47 8 -23 52 68 64 59 61 79 11 79 -51 29 79 -16 53 -86 -9 66 89 70 -18 -91 90 -94 -8 63 3 -27 99 -84 49 -81 56 89 48 48 
-22 34 -62 74 -46 -61 64 -84 6 83 58 45 -70 7 73 44 71 97 -99 94 25 38 7 66 69 -9 100 -82 0 -62 98 52 57 38 27 -52 -27 21 26 77 -56 -69 54 97 61 -71 49 -99 95 18 37 9 27 84 81 -80 -60 54 27 -99 -24 -54 -78 45 -80 -33 -54 68 73 49 50 -66 56 -41 -33 48 -14 6 -100 52 -60 25 24 21 -12 84 47 28 9 -40 -4 -98 42 -35 9 53 45 24 -28 47 87 -58 -34 -58 51 -98 35 -80 -57 77 -49 22 -45 -62 -3 41 23 -76 55 48 
84 38 -41 17 -73 -26 60 -12 16 29 -20 71 30 -51 -14 39 -42 -16 -31 75 -91 -20 -43 -78 34 77 17 -12 92 52 -36 -30 -53 66 65 37 55 -66 95 -62 -58 59 -56 82 -17 14 -37 38 82 98 64 31 -51 63 -43 -11 -33 84 37 -92 8 -66 94 31 45 -11 -20 -60 74 22 -100 -66 -46 -70 94 74 92 -93 -17 -54 -76 -91 37 -2 33 -26 -6 63 46 -97 60 -55 80 46 -6 -1 -27 5 -55 44 14 -80 76 35 -90 -43 -44 -51 45 -3 -19 12 45 -19 7 -17 95 38 87 51 
-27 49 37 53 93 54 -17 74 44 -66 -63 -56 -93 2 92 35 -16 -91 81 97 77 37 92 -57 -6 -44 -51 5 -92 -38 -75 72 -64 -25 4 -34 -78 -17 6 -48 -100 -29 -81 -9 -24 4 -19 42 -87 -17 -64 59 -8 33 -13 -88 -35 -90 45 38 -93 -28 -28 89 37 -56 -90 17 38 -24 8 -46 -33 5 -51 85 -67 -6 50 29 77 35 -63 -56 62 83 83 78 90 77 -45 -33 70 94 83 -82 -29 -56 90 -4 39 -63 -64 72 -12 -67 75 -90 -84 -56 -34 1 34 -23 -48 18 -56 -1 41 -54 
40 -75 -58 66 -3 -7 77 -18 -16 -53 21 -79 85 -32 95 75 56 -9 84 -49 15 87 24 -8 45 72 -64 29 84 0 92 -100 75 75 8 34 58 74 40 85 -35 -74 -23 -47 -7 39 -11 40 31 20 -57 27 88 19 -67 -26 0 -45 -55 84 79 31 98 12 52 -99 -65 -32 80 -64 -81 80 65 -89 21 -96 2 -97 69 -64 48 -40 -5 76 30 -46 -69 -100 30 53 73 -6 -81 60 -66 78 76 -10 49 -70 54 88 -50 -29 -46 -4 86 8 87 94 3 35 13 73 90 98 -24 68 -23 -52 
-23 69 75 -25 14 0 -78 37 -44 70 24 9 29 13 -26 89 -35 93 -49 -74 43 -39 -82 -79 -62 93 25 -97 98 -19 -44 61 97 24 60 -36 66 7 72 -87 -81 100 -34 -29 32 52 -57 -87 -89 39 5 -36 -23 55 -34 89 21 8 23 -83 89 55 -68 -67 20 21 -26 97 -100 -93 -80 -65 17 41 -62 11 -26 -67 -83 20 -6 38 52 -17 13 85 -66 30 -51 72 -85 84 56 -94 51 -55 -5 97 97 97 -61 -10 47 -18 -16 -78 60 -11 -78 68 -64 -35 -60 -81 -93 -96 -98 73 63 13 
-33 42 -89 -65 -66 45 37 41 -10 6 78 -75 -76 -7 73 -84 13 100 -96 14 -77 -5 98 51 -26 77 87 -68 -46 51 94 47 59 -55 -69 11 62 -73 -95 99 78 -45 -56 50 -62 -56 32 -72 6 -53 -81 -80 31 -57 4 -68 -28 -85 -21 50 20 -63 68 -60 -14 -19 67 -65 31 85 -93 -89 30 -100 47 -40 24 0 -58 24 -94 58 86 -12 -9 -12 66 99 -51 91 -24 -13 -62 -42 -29 -100 -97 41 5 -58 -2 -35 -62 -3 91 -4 67 -84 10 92 36 75 -44 14 -86 -43 79 77 71 41 
-70 55 68 -21 54 52 62 -31 -22 21 -13 25 70 -47 -16 -35 -40 73 22 -14 -31 60 -59 15 73 -81 -77 -74 93 -95 65 -94 53 -16 -47 -32 25 71 -43 -48 80 50 29 15 46 48 34 78 -86 5 82 15 -58 7 79 44 -78 61 0 62 -98 -99 1 41 5 77 78 -84 15 59 2 -18 28 -92 -34 43 43 73 -77 6 -24 6 26 43 -50 33 54 23 92 63 2 80 -51 20 -63 95 -10 -79 -34 14 78 -21 -63 85 -33 20 73 -17 -83 -1 -50 -21 77 -82 22 44 59 -62 -31 -58 
-37 -62 -67 -60 62 91 -85 96 37 44 47 -73 -81 26 12 -33 -68 21 57 23 80 34 -32 -8 68 79 -63 -83 88 -35 -21 -33 0 -23 -31 -30 -43 -75 87 -32 -72 -76 -89 -87 3 71 88 63 62 -36 61 -83 -50 -7 -5 -9 -77 83 -80 53 27 -51 -90 -90 -34 27 -2 -64 20 31 -38 -79 -25 80 23 22 -67 -96 33 -45 87 0 -90 -77 5 -24 69 73 -55 64 -27 44 -9 -41 -16 36 -35 20 69 58 -86 85 14 -8 10 -15 62 97 88 15 -74 0 20 31 5 14 -79 75 -50 18 
-97 35 -59 -76 -17 61 1 -19 -81 78 100 73 74 5 2 92 -19 52 -43 -18 19 -56 82 25 34 -44 64 21 -99 91 77 -71 83 35 -14 -90 -56 -48 70 74 58 29 42 -24 70 47 2 76 13 40 20 31 10 -42 -11 -11 -33 -17 -91 -84 -89 35 -78 60 -35 41 -64 -40 -83 25 -40 -50 -51 1 -34 27 60 85 -43 -46 -39 -14 7 -5 50 19 -71 -41 36 80 -98 62 -16 32 95 89 69 -13 68 -13 44 60 95 -65 -2 -91 36 -27 -78 -28 78 26 -60 9 -20 43 -92 -65 53 100 
-31 44 -21 4 43 -44 -52 96 67 46 9 -55 72 -12 62 -38 22 -12 17 -54 10 -10 -78 62 99 31 5 97 87 18 84 27 96 65 24 -68 -6 -16 36 35 -29 21 27 -87 -47 -65 -29 -46 10 65 74 -30 44 -31 -79 3 -93 38 98 44 -37 -58 33 81 11 53 1 -64 77 15 -35 -8 45 -7 91 -40 49 -14 -70 -44 -1 -27 90 43 29 -93 35 -36 -95 -13 -7 82 66 -2 -56 13 -6 -98 73 31 -1 -43 -45 -96 -80 -62 -35 47 -80 -16 13 17 -63 -42 -9 33 7 -50 -100 -1 
53 -34 31 -82 92 67 -9 33 99 37 26 18 68 -2 -6 12 5 -54 81 -85 -65 -57 50 79 65 24 -19 95 81 -75 -85 -33 87 -50 58 -76 -100 -99 63 28 -2 77 34 -30 60 26 -12 71 44 -46 -20 72 -94 -1 -95 59 75 -75 -17 -48 79 -9 62 71 2 50 38 78 -45 -13 -51 -12 61 41 -75 14 -62 86 -19 -7 -88 35 48 42 -61 30 -64 -99 8 -60 0 -98 88 30 -39 91 64 69 -59 -86 -9 34 -86 11 -82 79 -9 21 -45 46 48 -43 22 10 67 81 75 -100 -72 -88 
-41 3 18 38 27 12 81 88 -96 46 -15 -24 -22 30 71 -98 -79 23 -2 46 9 40 62 -11 -45 51 97 -51 -67 -9 19 11 -23 8 -13 27 43 -94 -41 7 -40 9 55 54 -94 -99 38 63 -10 -66 41 85 -75 24 43 60 -44 64 -58 54 49 -7 99 26 26 72 0 -71 -12 -41 -65 -2 26 63 -25 87 79 45 58 17 37 11 -51 28 -50 -40 -77 -31 15 66 90 93 -33 -65 92 51 -14 27 38 15 81 67 -92 -17 58 -14 -38 9 67 -33 88 31 -41 40 -19 -77 69 58 49 26 
-6 85 -72 -35 26 37 -77 42 -27 -89 -36 -89 -6 -83 -68 98 -51 71 -19 92 -82 88 -95 22 85 70 79 89 84 52 92 -18 -49 -41 -6 -98 44 82 16 -67 -62 96 47 61 21 30 -44 27 0 -92 73 -10 -3 13 -10 -94 37 65 -99 -55 -86 81 -47 52 -33 -91 -52 40 -94 -25 -84 88 93 62 -81 -50 -27 62 97 -84 -98 -22 -54 37 54 64 17 40 22 38 29 -16 -39 -47 -73 36 -1 57 27 -72 -52 71 100 -37 13 6 14 -38 61 12 96 18 -23 82 -60 83 -59 73 -27 -8 
-89 -37 -11 -86 93 72 -97 -61 -48 -36 -20 29 -64 80 -30 -74 66 -95 -45 -14 -3 93 28 72 82 -32 45 -5 -42 -9 91 -79 62 67 1 -60 92 31 -20 84 28 -69 24 -54 100 95 23 19 17 56 -95 -48 89 -56 26 24 6 75 -60 -59 36 17 -99 -25 77 -50 0 -83 -22 34 69 70 31 50 86 100 -40 7 -45 78 63 -89 72 89 4 23 69 73 100 94 56 93 -46 23 7 49 -49 83 76 98 91 -19 58 -72 12 -79 -36 -23 -39 30 42 54 -10 68 83 85 -87 -18 -73 54 
-17 54 92 -49 -50 -39 24 15 -33 -62 -10 -11 -58 24 -33 -68 68 35 85 32 39 16 -87 -59 -38 -69 57 -68 28 25 32 51 91 -58 52 52 -92 -75 39 -41 -84 -51 58 -30 89 -53 -87 86 -81 -97 62 -89 59 38 94 -99 84 -71 -53 -67 95 -4 44 5 99 25 -47 -3 -14 78 92 -7 67 94 -41 -95 -83 6 60 25 5 66 60 30 -73 1 -18 42 -67 -28 37 -77 -59 0 43 -60 -71 12 92 45 -15 34 69 19 72 59 -82 -28 52 2 88 59 -47 -13 -84 -37 73 30 17 -99 
91 -11 94 -39 42 -89 82 -13 -44 -16 29 100 -8 24 76 76 -85 -9 58 -10 75 -92 94 58 12 38 -94 0 -36 -17 -86 -71 -79 74 38 46 62 53 -56 30 -37 44 -10 -98 73 53 69 27 93 67 -33 54 66 87 64 33 15 63 76 64 82 90 42 -70 -49 -89 20 90 83 21 25 -54 -33 -9 -65 12 88 -15 -39 -60 -60 -4 -43 28 -36 -51 -29 75 -99 79 59 -17 82 16 74 -5 61 49 55 72 67 -71 64 24 -48 -27 -65 98 7 85 -54 -38 -7 -45 70 -58 33 66 94 22 
-76 67 -32 90 21 -41 -72 52 61 6 15 94 -18 -100 51 -87 -2 99 29 -76 52 -75 -60 15 -57 50 28 45 14 70 -78 -61 -91 -8 -29 60 -35 -42 -64 -98 88 86 -12 -24 -71 69 -11 -36 -68 90 78 86 -25 59 96 -42 -25 2 -61 60 77 47 24 35 56 12 37 37 -91 93 84 -73 -61 -40 42 98 79 -57 -29 2 30 41 4 -10 28 3 -21 21 -47 -78 -11 52 -98 -15 48 -74 35 -80 -85 -97 -64 -100 -47 77 69 -32 93 -26 6 19 17 -81 27 13 79 51 -35 33 -78 -66 
-64 -94 -62 -57 70 56 95 -98 -17 -25 44 -31 -68 18 -74 32 73 -65 -5 -60 38 57 79 82 -64 -57 42 -42 -19 -50 -10 -3 41 -30 10 46 -73 -4 18 -67 43 62 -66 -83 -57 -91 -67 -95 46 52 -69 -88 -3 -40 1 31 83 -19 72 78 -11 -1 18 38 -64 -6 -14 -70 61 84 46 20 -59 47 35 70 -11 7 -25 -52 62 27 67 -47 60 -83 55 -94 74 -9 85 69 78 -89 71 -87 -60 21 33 78 1 59 -65 -51 -22 6 71 -42 15 88 31 10 -10 -97 57 27 60 -4 72 -26 
-89 44 38 -73 -35 5 60 -50 87 12 -59 57 -25 -63 38 40 95 1 -85 -40 -96 18 44 4 28 40 25 97 -45 -56 -51 56 26 56 60 61 -77 49 -50 68 48 2 53 33 51 73 -89 -14 49 -71 42 -5 -73 -64 -4 -82 19 -40 -13 -36 -8 -96 -35 83 98 29 -63 -25 -41 42 61 57 88 8 -14 15 -29 -43 34 -54 77 69 42 -16 -100 -55 0 39 92 -80 -49 60 -68 28 8 -61 68 39 26 -2 61 -95 57 30 -38 -3 12 20 -66 78 -41 -72 -40 -48 -60 -32 -67 43 43 11 
26 -10 9 13 -25 -99 -35 86 -34 66 16 -86 97 37 41 -70 -55 -95 -75 -69 63 100 -8 -25 82 -70 21 47 83 27 89 -78 -46 -46 2 28 -4 -23 79 18 94 -70 -23 -5 89 -17 86 -91 -91 59 8 -22 -83 17 -62 39 75 -37 94 13 -50 19 -71 70 23 75 -65 97 -21 67 58 -43 -85 -80 -42 74 -71 16 60 -79 34 -47 2 -100 3 -25 29 -43 -74 -38 -22 22 -65 -26 -39 -59 51 -22 15 6 61 29 65 -71 4 -77 -90 -76 -19 -14 94 -23 11 83 -89 92 13 58 -77 27 
-79 48 -21 98 21 -41 -8 -55 96 -1 28 -15 -73 -66 98 -79 -44 46 69 -9 67 -77 -46 68 -17 -72 72 -22 -23 -46 33 -33 -24 11 -21 22 33 59 -71 -5 60 -99 -3 -95 70 15 53 32 51 -6 58 13 33 -81 -8 3 -23 -5 -4 -82 35 -20 -24 -63 -72 91 -87 21 -27 -40 54 -62 18 5 -68 10 35 -8 -15 -14 -24 -9 3 -45 22 56 52 -38 72 57 -60 -53 -83 -13 -50 92 -82 -40 -27 -76 -84 -40 68 55 23 -61 8 -51 -60 -55 -4 -39 7 48 23 26 -47 -40 -37 60 
-41 -96 89 -15 -40 73 -11 -10 -38 25 -58 28 -48 51 -16 -64 85 56 -24 -50 92 -52 65 19 50 29 69 -40 69 11 -66 -68 -13 97 -35 -9 -83 -22 32 -52 72 -73 97 21 -78 28 38 38 36 14 -83 35 -45 -44 14 -5 -14 -29 46 39 -66 -23 33 -18 59 -85 -82 -64 8 93 -66 -59 79 -35 -46 -20 12 -16 33 68 55 72 26 26 78 5 -79 53 -73 -58 -62 18 -40 -55 19 -61 -56 -19 68 22 -81 -67 87 88 88 65 -68 -32 -66 -90 -27 90 -57 11 -29 5 79 -37 3 86 
-68 54 11 -57 -76 32 60 93 -90 -95 -59 -94 33 -57 25 54 -57 79 50 47 -82 98 -33 71 -48 -89 11 53 74 -2 53 44 -27 -82 68 36 13 45 3 -22 -83 -76 -91 89 63 11 -99 -19 -74 -29 -59 -94 -57 38 -26 35 -95 -45 -82 -8 -21 -64 5 1 -30 -40 -67 100 68 -79 81 -59 19 -93 20 -55 -80 5 44 79 -43 -61 -79 -51 -84 -23 -77 68 -15 35 12 17 95 0 97 -3 -25 -35 -60 -42 99 63 -31 -98 90 -57 78 28 -13 39 28 46 -12 73 0 -56 -84 -27 68 80 
-38 -7 55 -31 67 -71 52 28 17 -65 -1 -37 55 -49 -22 4 -43 16 68 -90 -42 38 85 -97 -5 36 -98 30 -41 43 24 -91 78 -37 52 -47 83 82 23 52 -40 -15 61 21 -96 62 55 3 -95 91 -13 44 -45 -53 -25 -35 61 -42 -100 -53 -12 27 -21 -6 78 -10 -29 -94 93 24 54 -6 -93 48 21 11 84 -92 -47 -54 -15 -51 -94 21 -43 -11 -53 58 12 -14 -23 68 -54 89 55 -23 -94 -41 9 94 14 -59 -61 78 30 60 -84 -91 -2 29 -69 50 -55 93 -54 89 -10 57 64 -18 
84 87 -29 -55 5 -71 -84 -64 35 44 78 -92 10 -8 67 -57 84 15 -95 49 91 -44 -91 -52 -77 74 35 -75 -52 -34 -43 -17 8 28 97 72 -66 -11 -95 96 -38 71 91 17 62 89 54 42 3 -52 3 44 66 89 49 54 56 -88 27 15 -82 87 53 48 -37 50 96 -99 84 68 -86 57 99 54 -26 92 100 -38 63 80 39 -68 -15 -43 -17 33 -44 41 -56 42 -42 33 82 -23 86 -30 56 -88 -85 -70 -54 71 -27 68 -86 34 -85 -19 85 -46 -89 77 -33 -46 10 67 -99 49 -7 82 
97 20 -44 32 77 16 16 90 -89 -4 -40 -56 37 -63 96 7 35 5 46 -8 -46 52 16 -26 -61 -89 -95 26 -56 71 -30 -41 22 -57 -12 97 39 -77 -5 -1 -8 62 85 71 -96 91 -75 -91 88 -65 10 93 61 -6 78 -32 6 40 70 42 67 86 99 38 -2 67 17 83 39 23 -11 -69 -11 75 49 5 -43 7 -56 7 -99 -29 -34 77 -71 16 -100 -71 -60 -6 89 -24 -56 -28 19 -47 98 69 93 80 64 13 -13 -98 -80 -11 -36 33 72 29 -69 -95 -42 -55 -77 -91 -48 73 1 -94 
73 -25 -81 -26 -40 -40 38 61 -68 37 -95 -78 -7 16 -72 93 -30 38 -38 -70 -85 -15 -15 -66 -57 68 -88 21 -43 1 3 -89 30 -40 -57 -85 -83 -50 49 62 6 87 -31 -89 54 35 -86 -68 -73 -13 -9 60 4 -1 -3 -23 7 -40 -57 45 66 2 73 -6 38 -76 74 -13 49 90 -93 -74 92 3 -35 78 -8 -4 -21 -71 -89 100 -7 46 -30 -35 -16 -28 -92 -70 -56 -55 17 -32 91 -8 76 -34 49 -60 50 -69 86 4 62 -24 77 73 58 -57 59 44 8 -86 -89 -56 -32 12 75 56 
-13 -1 37 -11 37 -13 -40 72 95 -81 -87 -41 -88 -72 -63 -80 92 -7 20 -56 11 70 60 8 -15 -28 -84 40 91 25 6 -86 13 -54 -5 66 -77 24 54 51 39 -18 47 14 -19 22 43 -75 -33 -67 -23 -66 -7 5 -78 93 12 -34 27 -59 -29 11 -79 80 -97 77 93 40 24 45 -1 -97 79 -27 -21 -21 -47 17 -91 -33 22 -27 23 -31 -33 -69 2 -26 -24 -3 -59 3 94 83 84 41 -16 52 -24 11 -73 15 -2 48 99 52 -3 92 -36 38 53 -35 -81 -67 45 -36 25 -88 75 -9 
-9 36 -43 -6 98 13 -18 43 -94 82 84 49 8 -19 43 -76 99 -26 41 11 60 -61 -13 -26 20 -56 73 -69 -44 -48 -33 100 47 53 73 -11 86 -73 58 52 -42 -55 -10 -6 24 89 8 -51 -59 -93 44 -23 -52 -12 -3 -73 -59 -97 -15 92 -49 -42 69 79 -32 -99 -95 -32 21 -37 -74 62 42 65 90 28 -82 -74 -13 -45 27 81 64 -29 97 99 -90 -12 4 97 -13 -58 97 90 7 77 -49 -84 45 79 32 57 -84 14 -14 -43 -89 -45 -68 10 -31 -30 6 -51 47 -79 9 -12 -90 -81 
20 -87 -38 36 12 -86 14 58 -36 72 91 55 63 59 54 56 -75 43 -72 69 -91 -12 -6 -79 14 -64 -1 17 92 -4 99 66 17 78 -58 55 87 46 -50 39 -25 44 -98 -39 71 -77 -39 20 65 -16 81 -91 -75 45 55 83 -97 -8 75 4 54 15 42 5 -94 24 -49 51 -54 88 -29 36 90 96 -51 29 -75 -25 -43 -64 -85 -31 59 -26 2 -34 84 94 -2 -12 -18 -47 -52 33 -77 -45 86 -71 -28 -15 -22 9 -100 34 -72 57 -89 -22 -47 99 -28 13 16 39 51 61 88 -42 -78 -20 
36 67 -43 -43 37 -57 79 -37 34 -97 -13 77 -22 79 100 -16 48 -20 90 -25 84 11 3 -41 -89 -93 -63 56 -10 -72 41 34 92 31 44 44 -38 -86 85 -12 -10 -73 -69 -99 -39 -67 -11 -87 59 45 -34 80 91 99 46 -82 89 12 60 78 18 -33 -75 7 -64 -58 5 20 -19 -20 -66 -32 -63 50 -13 57 99 50 19 10 -3 28 -36 -74 37 46 16 44 -47 25 39 92 13 -53 31 7 75 51 85 -11 -45 79 10 37 99 -61 73 -32 57 2 44 -65 -77 -67 20 -6 63 -80 41 -59 
-81 37 6 87 -90 -34 -13 54 20 99 -8 -9 -34 -28 -1 70 -99 32 34 -33 -78 -79 89 41 -14 81 50 62 27 6 91 98 92 -53 43 -11 79 -94 -21 -97 100 -62 58 -82 20 -29 54 -17 -92 -4 30 60 27 43 78 -72 -83 -44 25 -48 94 -9 37 28 56 -67 -12 -35 -62 -48 83 62 95 -20 -7 7 84 19 98 -47 54 87 67 -89 3 59 48 -36 37 26 47 -34 -33 -1 -52 -90 -83 73 35 25 13 10 -88 79 -39 62 25 94 -28 -51 -80 -100 -43 21 -25 81 97 3 -70 21 
-20 -50 -70 91 82 33 7 38 92 -51 -36 12 54 -69 40 -64 -12 91 43 -34 48 0 -29 -57 -14 -13 -60 17 -92 -9 -88 91 2 73 85 11 -19 5 70 -44 2 -47 60 -62 9 -41 14 -100 29 56 10 68 -71 -60 -56 51 46 27 77 52 88 -4 73 -76 -54 4 4 47 -46 -15 -2 75 -83 -76 -91 -31 51 -87 -98 -19 -69 -83 0 38 69 18 -93 34 76 10 45 10 -90 -70 -58 76 32 -19 99 34 12 -19 -17 -43 56 34 96 -15 -48 -55 41 -95 86 18 80 70 33 61 30 -17 
65 21 -75 -91 11 6 -67 -10 -78 22 -50 86 -28 -8 -16 -63 27 60 4 -39 -15 92 -53 40 -85 11 -68 7 98 0 45 78 77 -65 32 39 41 10 -37 -5 -51 -92 -48 96 83 -15 19 -84 -10 57 42 61 -3 -54 50 -68 -8 23 -76 -58 52 -100 -86 -91 -5 74 75 15 -68 -98 -25 24 70 6 -41 -76 -46 -46 -32 81 98 -44 16 49 19 73 -26 51 -4 26 6 -91 70 -88 -68 -21 72 -15 68 -30 0 82 62 -49 -61 21 -7 83 -71 -48 23 -45 4 -24 -35 29 -42 95 -5 98 
-3 45 -90 92 -18 -27 -22 37 61 -97 39 26 87 -29 -7 10 53 91 -50 -69 -87 42 -43 -70 -81 -44 60 -12 62 71 3 -88 -23 77 40 -46 73 41 56 65 87 -5 -18 -62 -58 -26 33 -29 -93 10 58 -7 -59 39 87 -84 19 -7 -95 71 -82 51 -23 52 -23 93 41 -45 -29 -79 -67 -47 56 -32 58 -15 -36 4 -29 -99 -56 -54 -59 -74 4 14 99 -75 -52 -38 -90 -39 -14 15 82 -35 91 -95 24 27 -79 -72 -27 -95 -37 -65 41 -33 59 -79 -58 84 43 -70 39 -88 -86 -68 -17 84 
-62 -12 -95 92 -51 93 -38 -13 -78 13 77 -19 48 -10 -39 96 -27 75 -32 65 60 -93 -98 -79 -96 97 -76 1 31 62 22 63 65 -50 33 61 5 -80 -35 34 -100 -86 -97 -5 -54 -19 68 -97 -95 -98 -22 -55 -17 -57 -96 99 -7 -7 76 21 19 -35 -24 5 64 82 -12 -66 87 -31 -89 13 50 99 28 -36 69 -89 -80 -93 -52 -55 -51 30 77 19 -27 79 -93 92 6 -49 -77 58 49 -95 48 61 23 45 -98 21 94 85 -85 55 15 -67 -59 -18 -97 -6 24 -84 89 18 6 49 24 6 
-39 23 93 53 -22 100 -71 39 -26 -3 -92 73 -26 -89 23 41 -36 62 -50 50 -79 -50 -34 -71 -78 2 -85 -40 48 -19 52 -54 96 -49 9 -82 -29 13 68 -96 -88 97 59 45 85 17 99 -14 -87 -13 96 50 84 -83 59 56 -47 -63 -64 -6 -48 -58 -59 -19 54 34 62 71 -94 19 88 54 -81 -11 12 95 23 -89 85 82 99 -25 4 -49 0 -86 -20 -13 58 -92 32 -17 -76 40 -95 -6 83 15 -67 44 -83 8 67 -13 -44 77 -79 -3 45 76 6 45 77 -56 -100 -7 -99 -29 -45 -62 
31 -65 23 -40 22 50 51 5 99 7 -78 52 21 -67 -84 44 21 88 7 18 -24 -41 -56 -89 -48 16 -69 -25 -69 -74 14 52 -28 30 -6 -24 -32 48 -88 98 -71 -94 -9 41 -23 28 -24 0 19 -35 69 -20 86 8 14 -1 -53 64 -21 100 21 -25 13 -98 -18 88 -84 60 89 52 -27 0 -78 92 65 88 49 52 -46 61 -4 -49 -50 -45 42 45 85 91 -54 82 91 -90 -78 -45 97 -43 -14 -99 60 -76 59 -71 47 50 27 -37 88 72 52 62 -16 70 62 5 -21 64 -98 -100 77 -35 
33 32 -75 -74 9 -26 60 -89 -29 -81 -98 37 -79 -15 49 73 93 -90 -76 48 63 60 30 2 30 -21 94 100 -18 22 -84 -49 98 -90 60 35 70 -33 -51 -20 -71 59 -50 -8 -30 -39 -23 88 45 24 -73 -6 -82 64 3 -23 97 13 -96 73 -60 58 4 -33 -11 87 -77 -76 92 -45 -43 6 21 25 84 39 -45 53 37 76 20 -69 94 55 70 63 35 63 -25 -56 42 17 22 35 88 48 -6 70 -12 -74 -27 -68 18 -63 8 -67 68 63 -52 13 -31 81 -64 -70 -69 -36 28 -18 55 90 
-12 -59 36 16 48 62 -32 -96 -100 -12 25 93 -22 41 37 68 36 37 -48 31 85 46 -74 -80 -29 -51 -14 -35 16 46 22 -94 0 -64 -70 3 67 60 43 -35 -7 56 81 92 74 96 -79 -61 -5 8 68 82 -39 -96 55 -17 68 95 -42 55 -37 -58 19 -93 -86 50 -17 -79 6 91 -68 4 -66 -54 71 -69 0 -66 -49 66 38 20 22 31 15 -71 66 22 54 -65 79 -24 -98 88 -1 -62 11 -93 -97 -44 -18 99 -43 96 -25 4 -71 57 -8 -36 100 -89 17 -10 -6 21 56 24 21 50 
-6 -77 -55 -61 -36 48 41 -22 -60 -59 -36 88 -87 4 84 -82 3 -35 -62 -80 -38 -7 -15 1 -74 -82 72 95 -72 -59 -48 -68 -1 -55 -1 -65 16 48 53 100 -74 97 -34 57 38 54 78 73 64 63 -40 -78 -6 52 36 -76 70 89 -13 50 -70 -1 0 -87 65 -38 -86 81 59 -55 51 62 -47 -39 62 -100 -64 86 -71 49 86 -53 -54 -8 53 -99 -21 24 84 18 -99 75 60 -46 80 7 73 85 -11 61 -35 -50 70 70 26 -95 -58 62 62 -6 27 -31 58 -18 -100 22 -100 -13 -62 87 
32 -38 -12 19 17 -99 -75 -31 -75 39 -16 -8 -83 46 -98 72 12 51 85 55 -29 -47 -91 71 21 -88 -79 -60 -25 -35 -83 6 57 26 -46 -65 -62 -54 -95 -78 84 -49 -27 87 -7 3 -20 -20 -49 -11 48 15 61 -49 18 62 -80 -91 -54 5 -22 38 -17 4 -48 75 71 12 -21 -60 -92 81 -6 40 93 -53 6 13 68 19 -95 -71 49 -53 14 76 71 -73 55 29 77 -80 -70 10 -19 28 45 4 92 -20 87 -10 -78 10 -33 -28 43 -47 -15 -98 60 98 -79 59 -76 -37 96 -34 -11 -100 
44 -45 3 28 -22 -4 17 98 94 13 76 -97 18 -14 -37 45 -55 -23 -55 -78 -87 66 -58 70 -69 -30 -78 -29 -95 -40 0 37 -50 -96 59 24 72 2 -46 -18 1 -76 -3 47 91 -52 -47 -51 24 19 52 -74 53 28 -4 60 69 52 -12 -58 -68 8 89 -51 60 -36 33 -100 -5 69 32 -18 41 22 -37 81 44 -4 -44 -34 -94 -67 -40 28 -15 -14 -78 73 -74 54 72 -11 -78 -60 -76 -44 16 -8 0 -40 -34 72 -97 -67 -3 28 -77 8 -28 85 -51 -72 -80 -26 -75 67 77 74 63 -69 
74 -43 -13 69 90 -55 37 -19 25 51 -84 -44 38 -57 90 16 22 -4 -75 83 65 -40 12 -4 -86 -36 85 -29 71 99 86 89 18 75 -68 -51 94 94 -29 -35 -56 57 -15 57 -79 56 60 -56 50 2 -83 43 32 40 -99 -86 -40 18 27 -80 3 -37 16 71 25 57 75 47 -39 88 36 41 -86 3 77 -20 60 -42 18 53 -63 40 59 44 -25 3 -66 89 45 61 23 76 85 4 -62 41 -66 68 88 -20 74 -49 38 55 8 -41 -67 -87 -27 0 -25 -36 7 20 54 -93 -50 -37 -81 35 
9 -78 49 -83 -82 -88 -10 55 -66 82 -2 93 -54 -12 -47 67 28 -61 66 -55 -46 35 70 11 12 81 59 59 20 0 39 -44 87 28 25 -46 -72 -70 -75 24 -21 -11 -45 -59 -72 -11 35 34 76 45 -60 79 87 25 -70 28 -94 90 -31 89 -47 -85 -78 -24 84 -41 -50 -70 -26 -33 20 25 68 -25 -61 -89 -9 -96 13 30 8 84 -89 -83 63 -75 -65 -43 -54 60 12 52 13 -40 94 -41 -51 -28 40 -41 -73 -3 -49 74 -85 -86 99 -16 -14 -84 26 -52 33 -48 84 -72 21 -44 -91 71 
-18 66 81 -55 -61 77 -15 89 58 73 -80 -95 -70 -64 13 -14 37 -25 29 44 -5 -23 98 34 22 55 31 21 -10 72 76 52 -60 -83 18 63 23 16 85 -19 64 7 26 88 -26 -14 -89 -95 17 2 -67 -71 98 -10 -7 8 -24 -21 -61 -86 1 59 37 51 45 80 -2 85 20 69 -95 -93 27 -38 98 -8 56 -89 42 -27 -99 -98 68 -75 -70 -82 69 -83 6 -39 6 15 44 29 18 -52 26 -94 6 -3 65 -74 -72 94 59 18 35 46 -55 -16 45 9 24 -88 -34 55 12 79 9 30 
-92 62 65 26 60 96 -69 38 21 -78 -92 39 19 95 -23 39 37 27 53 -51 99 72 98 83 -7 65 62 53 17 -38 -55 -59 -31 -83 -85 -68 72 97 61 70 12 -90 -71 -16 16 99 -43 60 -56 -66 -6 -68 68 28 86 57 -76 93 27 -52 11 48 72 46 -49 71 -65 -94 -61 -58 -38 -85 4 50 68 -48 44 -16 84 -100 74 77 -65 -48 12 28 -95 10 37 -25 17 20 25 -69 -58 62 14 14 37 87 22 -31 -62 89 -8 -29 -37 100 -20 12 -83 69 -42 74 -87 -20 -42 -32 93 81 
83 -73 -23 19 -91 57 -46 -35 22 -37 -42 -61 51 -37 28 -59 -31 43 -41 41 56 -47 -54 -15 -83 -50 -18 19 -99 -46 49 3 -2 79 -46 60 -30 10 -21 -63 -30 -46 57 32 14 42 9 -85 67 -12 66 54 25 66 21 -81 28 -55 98 -36 69 47 76 2 42 45 25 -75 21 63 64 10 -30 -46 -68 96 -97 2 -61 -78 97 83 -38 -42 -37 83 36 -73 -42 -48 -16 -2 19 54 -35 -19 -61 94 -24 -49 -11 -16 -56 87 34 -93 97 -55 18 -17 41 -85 -80 -26 9 -64 -74 29 -33 -73 
-14 -93 24 19 48 -70 -52 80 -66 -57 -47 63 25 -56 -34 -47 -22 94 32 -60 90 37 -25 -95 -84 42 -14 -78 -72 98 52 87 73 -4 -73 67 39 -80 45 60 33 17 57 43 -84 95 -75 14 76 -84 94 -90 1 21 73 66 -24 74 10 81 32 -92 -72 86 14 56 32 -32 -86 62 -70 -28 -96 23 -38 -88 -92 83 -82 25 74 9 -1 7 -61 -6 -60 -77 -46 -17 -39 8 21 -79 63 96 15 12 -19 93 -69 26 46 96 40 -10 85 81 79 48 -49 -6 12 72 -42 30 85 -64 81 47 
95 -56 89 -21 72 -69 43 -9 31 -49 -26 69 38 74 -73 57 -55 -67 -31 -91 -35 55 20 31 4 15 -52 -72 33 -75 39 -88 1 21 -6 -98 57 -71 -98 -34 -26 72 60 -90 -93 -45 -23 83 -92 -25 25 5 100 -54 -5 -81 -20 -100 -73 -21 62 -74 -41 80 100 -97 -27 -71 -97 84 -31 -63 57 -19 84 -86 -6 -38 -91 -84 -53 -13 31 65 53 46 -26 82 76 77 -66 -17 -28 1 -33 84 -66 1 -58 -29 -68 83 -62 59 -17 -33 -57 -95 69 75 32 -22 25 -51 92 -42 -81 74 44 16 
41 14 42 -58 -70 73 16 -63 9 34 81 -28 -98 15 -87 64 -16 69 46 9 68 23 57 86 -44 -72 -85 -94 25 65 7 34 100 -9 34 58 77 -39 -94 11 61 -16 44 -15 -21 52 43 -81 -99 -38 61 -33 -24 -14 -5 71 28 60 83 3 72 48 73 63 -75 -30 -65 1 -9 76 -77 -90 -19 -100 3 7 19 -41 54 -82 -38 -97 -8 -9 28 4 -26 59 -47 -82 -3 -21 9 -22 -44 98 -39 -18 33 14 -73 80 -60 35 -32 51 -93 -34 25 24 88 22 55 93 -15 -2 82 -78 55 -19 
46 84 -26 7 -68 -66 44 28 13 47 29 -20 99 -96 94 -61 22 -62 -42 66 56 9 91 -10 44 80 53 33 -33 15 -44 16 84 87 60 57 -86 -92 70 -49 89 -97 90 -76 84 -4 77 -30 85 -38 -77 39 75 -88 -58 -75 -62 48 43 -62 -86 -21 85 -44 -19 -88 -14 85 19 -27 -46 -29 -96 77 92 -25 -15 -97 53 60 5 92 54 -5 -56 -38 -99 -9 -5 97 -33 92 44 -45 26 3 9 -15 62 72 37 37 61 75 43 6 -5 20 -42 2 -13 88 62 -16 -66 -55 -49 -27 -64 49 
-20 44 81 54 -61 -72 -18 92 -81 95 99 -45 -38 -81 -44 1 -79 -49 20 -33 -9 -87 91 57 -94 -79 58 -95 96 -76 -37 -35 15 27 -36 -72 42 49 -21 34 -82 -84 -35 51 37 -73 91 88 69 22 -44 -4 57 -52 52 42 -39 80 -39 -71 95 52 -64 -51 75 -24 57 35 -32 -17 19 -44 -4 -70 -61 66 87 92 36 -99 60 -73 21 -79 -89 59 11 37 47 -22 95 31 58 24 84 48 25 41 51 -8 -52 -7 -6 -55 -49 66 -72 -85 -25 -93 -57 -42 -94 2 43 -63 75 -44 -71 35 
4 6 -47 -77 -72 21 -11 -28 17 28 -73 61 45 -18 -92 -63 76 -50 34 -32 -49 -13 55 66 10 -47 -42 36 -52 91 -47 7 -100 -71 -63 54 87 -4 43 43 -40 -2 -89 59 -13 76 54 22 33 47 54 -1 12 -88 -16 66 67 27 -69 -2 -85 98 23 -85 37 -72 -12 56 86 99 -85 -96 -90 85 62 20 -66 -23 -14 -64 -55 -17 -41 70 -42 -43 55 -55 -12 6 -30 -92 -13 50 74 -32 20 8 28 41 31 22 8 -85 83 -1 -72 39 62 95 77 -22 -26 17 -37 -82 -30 47 -39 -11 
19 -30 85 50 66 -14 76 -37 -92 98 -52 -85 52 67 -20 -99 81 75 9 -50 -77 49 -56 -55 15 -46 -79 -68 19 100 -25 64 -23 89 -13 64 -79 -14 85 -25 -39 67 -54 -65 -26 32 -3 91 -49 -53 55 -54 -26 -1 19 -92 -71 -5 67 68 -95 -100 85 39 -62 30 25 -8 -21 29 13 -75 -91 85 0 31 67 -39 -38 -89 -46 63 -66 -15 -60 14 90 -36 -8 35 -14 54 83 5 80 -64 89 95 -29 92 56 42 -84 -48 -15 97 -98 24 -100 -23 12 -33 58 32 -98 -23 -61 -63 28 -3 
-75 -53 63 11 50 32 -41 -30 -76 24 -70 -29 82 -9 -91 -89 -78 36 85 65 34 17 -50 -22 -51 8 -38 -81 87 66 -47 50 -96 -88 30 38 35 -75 50 -40 76 -72 65 53 -46 -99 -17 25 64 -88 -64 -43 -43 4 90 -52 -28 63 -2 6 75 69 17 -13 42 87 84 -43 4 67 35 -54 -31 -9 -65 -87 -17 -23 62 62 87 -68 27 -37 -43 -22 -60 -53 28 -67 -63 34 -79 -87 76 17 -4 -84 -1 48 48 -52 -58 61 18 44 -99 -9 66 99 11 -33 -3 -57 77 -15 98 51 -49 76 
4 23 95 -62 -3 91 48 17 -38 -67 68 -75 -48 51 12 18 100 13 -99 -24 -46 68 27 -79 26 16 59 79 -78 -24 48 36 14 63 91 26 72 39 42 -98 82 -41 -71 59 0 -16 -100 2 14 95 81 -86 -45 -13 35 -97 3 43 -27 -46 -82 -52 -75 -13 -80 -13 -50 80 -17 -26 -22 16 36 -18 -68 -11 90 -26 -28 19 76 -58 -100 50 -87 76 -32 27 -16 -70 94 -7 4 9 36 -86 67 65 -21 -34 -7 -35 -66 96 12 93 33 -69 8 72 37 -38 -12 93 -97 29 -6 -72 54 33 
5 -44 31 -33 25 -62 -17 -75 -13 44 -33 18 93 -87 21 68 -1 -6 -29 79 4 2 -41 21 3 -56 -50 -64 -71 -41 25 -94 83 69 -74 -37 -21 46 -44 -44 -72 9 26 -91 -45 -14 50 77 -44 21 -4 -10 68 39 -76 69 9 34 -30 -100 24 36 99 -48 -53 -99 59 -41 49 5 -70 68 58 -10 44 -86 50 41 -86 -23 -87 -12 -46 -13 -76 18 -24 -55 -91 56 -76 78 31 50 -73 -58 28 -64 85 22 -95 -17 -4 42 -80 -7 82 63 30 -37 -23 73 93 34 88 -78 63 29 52 -50 
-29 -14 43 60 -78 83 63 63 -92 -31 36 -18 -19 -86 14 -34 -11 80 37 13 98 49 -42 -90 -37 7 -8 -93 -61 -64 49 -51 -72 100 -81 3 89 46 94 48 43 81 54 -2 -42 -31 45 80 64 70 -6 -18 -7 -69 -13 25 14 -7 83 -21 -24 -9 87 -9 -11 -65 -78 37 -16 -23 -53 13 -61 -31 86 -52 22 -31 97 47 -90 89 44 51 52 -23 7 -12 -36 84 70 10 -34 -82 -3 -33 -95 -85 -18 -59 -53 11 -29 6 4 -77 -44 45 -62 92 67 43 -46 -55 92 -37 -7 63 -66 -90 
92 -62 46 -46 -20 -16 -90 10 -49 -50 -72 -99 68 97 -85 77 5 12 13 -54 -63 78 -67 -25 -92 45 -65 -100 -24 67 -19 45 -58 33 -68 -49 87 6 22 -87 54 -95 -93 38 80 -5 4 -37 94 17 -57 80 -20 -26 -55 -40 -44 -60 29 -91 -17 3 -76 -10 12 -96 31 7 -31 -17 5 47 -9 4 3 -42 -99 29 59 33 97 -18 -94 13 -22 -19 71 34 24 -35 15 -99 71 67 41 -96 -86 -10 42 83 2 18 -48 -100 -64 37 -13 40 0 -96 -95 2 13 -97 -97 90 -64 -64 -19 -24 
-97 56 47 2 -94 -36 -9 -41 12 -51 -64 63 -75 13 62 -92 -30 -90 -80 73 54 88 -16 -43 45 -14 50 64 -84 98 -98 -90 63 -93 27 74 -86 14 -35 62 90 -18 -58 31 -12 -95 -94 19 97 -92 -16 -5 -11 -98 -55 7 62 92 -14 47 -39 -30 54 -28 -87 62 -12 41 -45 79 -67 63 -63 -7 34 -29 -22 33 44 -70 -33 27 -88 38 15 -67 51 31 -38 7 49 -1 -59 26 91 -99 -37 38 87 85 -25 -83 52 -68 -71 90 -61 83 -76 77 13 82 -87 35 -94 6 83 3 -99 59 
-28 96 75 41 -84 -78 -100 51 71 90 -12 92 -18 -31 25 -26 -41 26 -53 -31 39 92 69 -48 88 -39 -50 23 42 -99 80 -94 -21 27 67 -44 -84 -40 -3 24 38 -44 -80 -25 38 58 77 7 72 88 -13 87 28 -29 -49 -75 -39 -11 4 7 -78 41 17 -70 14 35 -13 -85 -64 -56 -43 76 11 91 14 -54 -15 29 23 36 -47 72 53 -30 94 37 100 -98 83 98 51 -80 15 9 -79 45 -41 56 -75 39 -48 25 -73 93 -87 -66 14 -42 37 -98 -40 -18 -84 45 49 -31 -96 -84 94 32 
-13 2 22 43 20 -49 -18 54 -40 -53 82 -22 4 -97 -46 -65 31 10 -24 -98 -54 16 49 64 -6 66 -11 7 59 97 -54 -54 77 -15 -20 15 56 -46 87 -47 15 -21 23 98 -11 -89 -8 63 -6 21 33 24 100 -22 61 86 75 -24 58 7 -40 -26 70 -96 -56 87 70 67 81 55 15 -59 10 -85 -28 63 90 55 35 14 -52 -33 -52 -5 -67 12 79 -86 -96 -1 -22 -13 -4 64 -62 50 -83 -17 83 -42 -86 -55 91 47 92 62 52 82 -6 -15 -28 -73 82 7 93 -46 -35 -41 10 -71 
-74 22 -4 19 73 68 89 15 -52 18 98 2 93 14 -86 25 29 54 -34 9 -93 29 -74 17 33 2 -49 50 -82 34 -55 58 -19 22 -39 -86 -51 -51 -50 51 26 -74 -33 -41 -42 -71 -95 14 -87 -83 -59 -4 67 -99 -97 84 -89 -2 -45 -94 -51 18 -17 70 -50 82 88 65 84 -87 75 -50 33 20 -55 -41 31 -100 72 8 52 61 -98 -93 28 -73 35 28 48 -15 49 93 60 72 4 74 -34 56 47 -81 -71 99 -7 -5 -80 47 3 90 82 -6 -65 49 -8 -6 7 -21 16 40 75 -40 
99 8 25 58 33 -65 11 -28 54 -40 -100 8 -58 65 15 -59 -69 27 -60 -79 -34 70 95 26 -3 -70 -36 99 53 39 -6 6 99 90 53 24 -63 80 -90 -46 95 -74 16 -94 -72 -40 70 -12 -56 -40 84 45 26 74 40 47 46 -87 65 80 -63 87 -71 -45 48 62 17 -46 -40 -75 -31 -93 -77 -73 14 46 -80 -81 71 -68 -41 51 -78 -7 93 2 96 -29 -11 -22 93 -4 9 54 76 64 56 69 0 9 62 -68 59 18 -4 56 -98 -38 -20 36 -8 2 -40 67 -2 -74 61 20 82 -92 
30 -67 52 66 -87 49 -63 40 -78 -93 82 -11 -52 -24 74 88 88 -9 -4 44 36 90 51 -70 -34 -42 -83 -46 17 56 -59 -16 -46 -20 -29 6 -51 -93 -81 -55 25 59 -72 -77 86 43 89 89 65 -41 -80 -31 45 -77 -90 3 -92 62 22 -76 29 41 34 12 -11 -91 22 25 71 15 31 21 35 -5 47 -74 -40 -3 -61 33 38 33 -4 -13 90 37 -6 56 -1 -86 34 87 -44 34 62 99 -84 -77 20 -69 -33 78 -27 77 46 -68 80 -34 39 43 97 36 87 -78 65 94 51 -67 55 86 
24 58 10 -69 4 -59 44 -59 -43 88 -11 -56 -49 -11 47 17 37 14 18 -5 -13 -69 -47 -61 66 58 44 98 14 -83 71 64 -73 -59 67 -46 -94 12 31 60 -37 -33 53 -36 -26 92 39 70 38 -76 52 87 67 -71 15 30 84 -82 71 -20 52 65 -61 -30 19 26 -86 96 57 89 -32 81 -67 37 -6 -59 98 79 32 -49 33 100 -9 46 -98 -19 -47 18 63 -54 -77 -45 -14 -16 95 71 -23 -68 66 50 -38 78 98 -55 76 -79 93 -91 -59 -49 -9 94 21 60 73 -33 32 -80 4 59 
18 -92 37 -94 -60 -4 -70 -83 -27 90 3 56 -57 -21 -89 -27 12 15 -72 -85 -6 -46 -32 0 54 -7 35 -30 65 -57 -67 -12 -24 -62 -56 -61 52 13 91 98 37 -68 -35 -44 -89 -17 -61 -46 12 83 10 -87 47 -79 49 -90 -9 -46 -17 -23 -67 -31 52 -50 -44 -11 9 3 -15 34 72 49 97 -60 -2 -68 -57 -26 -11 39 29 86 -26 6 -67 59 -100 7 84 23 -76 -72 47 13 95 37 -10 -43 -65 29 -41 -66 36 27 15 -66 -26 -85 30 -90 23 59 -37 -12 10 -99 99 -26 -81 17 
-38 71 84 82 -63 100 42 70 56 64 26 40 -84 80 -17 -64 92 10 25 -29 -29 49 -12 -47 -30 45 2 65 79 97 34 -37 -85 91 46 47 16 92 -80 96 -95 15 -49 -82 12 77 2 -84 16 -71 -12 12 49 -47 -71 66 -37 21 96 86 4 1 97 -94 -31 -61 88 17 64 0 -20 -29 0 -33 84 63 90 -47 59 45 89 5 24 -79 94 -2 -45 -3 92 -24 36 -57 -44 17 91 -58 -95 78 -87 -81 -66 -84 61 -81 91 18 -16 -62 -69 -26 -78 34 -18 -19 -52 -28 -71 -49 91 -10 
-28 48 81 32 65 -62 74 -14 34 42 51 26 45 -74 -17 -38 7 -92 2 -39 -54 -17 -64 3 -12 -89 23 -50 -37 9 -16 -43 -51 46 -72 40 -56 25 80 -94 -53 53 -8 78 20 94 78 87 93 93 -59 48 77 88 62 45 88 97 78 -31 1 100 -59 -3 -94 45 -74 87 -23 100 70 -89 41 58 95 -37 -64 -27 36 83 -4 26 16 30 -2 -41 -23 16 17 1 -24 -57 -88 -52 -76 50 -100 -19 96 10 -15 -7 -69 -83 4 -41 37 -78 -86 -1 -46 -92 -40 -83 93 -12 85 38 100 19 
5 -19 72 -52 -87 -41 76 48 -50 -94 83 69 -53 -73 -27 82 -70 -75 12 49 -47 -48 -99 45 -32 -100 67 5 -31 44 7 10 99 -94 8 0 -92 4 51 -51 6 -54 24 90 7 47 -63 13 6 -56 -51 16 26 44 68 -47 -70 72 -31 -13 70 -51 84 0 -74 32 -97 -42 46 36 30 66 -89 -44 -3 27 -31 -1 -14 -53 4 -96 -84 50 7 -11 -98 -61 -56 89 15 6 54 52 20 29 32 -90 32 54 -22 -50 -9 33 -48 42 -74 -22 -47 -100 15 -100 -36 -31 -10 36 19 -56 72 -76 
27 47 79 98 31 -41 -65 -67 -94 -87 -9 -54 -61 24 12 10 2 72 -70 2 15 -93 93 84 -16 22 69 63 -92 -21 60 51 -74 -91 -88 47 -73 84 -2 92 89 92 -33 47 83 -89 -27 37 38 -43 -29 -59 85 -83 -29 55 -15 19 2 -52 32 14 -59 -36 18 17 89 24 34 36 -24 57 -91 -63 -71 72 -71 56 6 -89 77 73 94 -42 -17 89 31 70 -54 -45 58 14 -14 2 -4 31 11 100 -62 -48 -12 -65 -14 -81 -86 -11 -21 -81 71 57 -72 -74 14 42 -30 67 -15 73 37 -68 
62 33 57 -68 -7 -40 89 63 -3 24 12 -18 39 66 62 60 -80 -52 -72 -28 -51 17 -18 78 35 -79 -64 76 -29 -75 -13 -65 60 51 -52 74 18 7 -49 96 68 -18 -9 93 -11 -97 -65 -77 52 -76 78 -84 78 -14 60 28 42 39 -22 38 81 85 16 -49 -87 93 -50 80 61 48 -75 25 11 27 -86 57 59 -11 -19 -53 72 -9 25 50 94 -22 73 -100 34 -13 -91 3 -5 9 45 -81 -60 38 -66 81 17 6 8 27 84 -58 -43 27 -1 -83 63 0 -28 37 -73 -53 0 97 -27 71 
18 -24 57 23 26 -45 37 -23 -97 23 21 -5 -32 -78 -46 10 -88 10 -21 33 64 -79 -86 -78 -69 66 -6 -82 -57 31 8 -13 17 74 -72 -77 34 55 -55 -59 63 -83 18 -77 40 -22 -64 37 -32 -82 -25 60 74 -22 9 42 -35 -63 74 70 -75 3 25 45 55 75 97 -33 -50 78 23 28 57 -40 -75 -84 35 -100 61 -72 -79 -94 -64 -20 59 -40 -90 -74 2 18 -68 -90 -46 45 17 -11 99 -50 59 -63 -19 100 67 -18 -4 -96 33 46 -1 40 41 -3 -81 -41 -27 14 28 55 75 15 
-1 66 -76 -29 -21 -30 -30 69 -77 69 62 59 -86 3 -20 -64 -8 -75 -72 -3 41 -32 -74 -1 97 84 51 -46 -30 77 -80 -56 34 -25 -50 0 -91 -20 90 -87 -27 -91 -91 -51 9 -62 -85 -18 -64 -63 -50 -91 97 73 33 79 4 -13 -30 60 -64 -47 9 93 -62 -86 -94 -68 27 61 -13 -78 64 89 84 -2 -66 -86 89 76 -79 18 6 46 6 -7 95 22 23 -13 -69 64 -5 -95 -7 74 100 7 -23 36 78 -85 -51 26 72 79 40 -24 97 44 -79 -2 -85 0 79 -90 -86 22 1 -42 
-51 -24 80 -91 83 -58 16 -98 72 70 -31 82 -99 -57 56 -57 -43 -50 26 33 -88 76 -93 -48 13 65 -95 -13 -3 49 61 -35 -90 7 41 92 63 58 -61 -47 83 -61 -22 36 47 92 -58 -68 -8 -7 -24 -38 19 -16 -94 72 -87 4 39 78 -36 -49 -94 -70 50 -4 -64 29 84 -60 18 42 -87 5 62 -71 78 -85 2 -74 55 17 14 -91 86 34 52 4 6 85 -71 -78 28 -99 -34 -41 -99 -5 81 -62 57 86 -47 5 -76 -65 -15 -50 -46 10 -64 -38 -62 -64 99 56 52 -38 -94 67 
90 -16 -54 11 58 -43 84 -11 -70 17 77 1 -84 -33 91 -2 51 -52 23 59 -31 91 -99 99 -25 -81 18 81 -70 -66 17 -31 1 -31 19 20 -9 -36 5 7 1 51 -24 -31 -93 68 -1 91 92 -60 40 80 -5 54 36 -77 72 -61 29 -44 82 63 -35 61 -80 9 -42 2 37 -96 7 66 29 -81 42 -86 -90 -40 99 -15 21 51 -27 70 41 88 2 -49 64 -69 2 78 91 -98 30 -96 51 -81 -92 49 -64 3 -1 -92 -45 22 84 79 35 -95 58 -23 47 -66 47 -92 29 58 -49 -40 
-25 -5 -6 13 -63 61 33 57 -46 49 -23 -48 -39 -30 -85 87 -9 79 34 4 -46 -52 -98 95 36 26 82 7 70 96 -100 -74 58 -81 -57 49 54 34 -47 37 -23 47 91 91 22 17 30 -8 -45 60 -95 -32 13 78 -11 -80 -62 54 -8 -96 -39 9 -62 83 -23 36 -11 -54 28 50 78 51 78 13 -71 -35 15 47 -42 -19 69 -43 88 -93 -84 41 80 53 -71 100 35 -75 -67 47 -62 85 -23 -50 -96 4 52 0 7 -97 39 -58 -8 8 -26 23 37 63 96 97 69 84 98 64 2 0 
50 65 -74 -77 -75 -10 0 -49 -4 65 13 -77 49 73 -86 65 -10 93 40 43 20 -88 41 -29 42 -100 -43 -60 71 32 46 50 -37 -30 29 -62 0 -7 57 63 62 57 18 29 18 -82 51 24 -37 100 14 -31 8 -96 -26 64 -1 -23 -33 14 7 75 -55 35 13 66 -48 -15 -60 52 -53 29 -14 13 61 -99 92 24 46 96 -50 69 86 -4 20 61 48 51 48 -36 -88 23 94 11 -97 -80 -5 82 -35 -85 -9 -36 66 14 -64 -80 -57 -97 9 -76 76 -78 -50 57 33 48 67 -22 86 -55 
-99 -94 -89 10 -27 -3 50 -10 32 33 34 3 -29 36 -28 92 -93 2 -18 -20 -29 58 58 20 74 37 -2 -26 19 -4 14 -52 -80 -68 100 -74 65 -10 41 96 -39 12 11 -49 -6 -35 75 46 -75 -81 -26 -10 39 20 18 -80 -25 49 -33 77 64 -37 33 -48 -48 12 51 56 -94 -96 93 -87 73 -5 -40 -68 -99 -30 -15 -94 97 67 47 71 72 -39 -62 65 -49 -14 -64 47 -68 92 -83 36 -51 -33 12 83 -9 45 54 64 67 -76 75 41 2 57 -65 82 39 31 67 82 -29 -74 23 -65 
64 -81 51 65 50 -26 100 -81 -79 -36 -4 8 -32 -76 70 28 -92 -88 30 30 -72 18 -81 -80 -91 -6 -18 -74 45 -57 -1 -57 78 50 21 -43 -90 51 84 13 95 -44 -23 0 35 -88 24 43 -2 22 42 69 -99 -66 50 -74 -34 -49 -23 61 35 -49 30 100 -24 -48 75 -23 -21 67 -7 31 26 -89 -87 100 -97 21 81 33 -10 -86 93 24 7 96 -64 -97 -27 -76 -90 77 23 80 69 98 91 57 -21 82 -90 -5 -51 93 16 -16 -47 -50 -97 -91 -94 -81 -65 -72 -76 65 -17 -21 -67 -3 
36 32 62 -28 88 -85 -81 79 -45 -42 92 -18 -2 -99 23 -56 -82 79 79 -51 -1 -8 28 -77 -88 15 -51 -53 68 -51 -45 -31 46 65 -37 42 -1 -26 -7 -43 -24 13 -100 -97 92 7 88 -90 16 58 -15 -91 60 5 -11 42 -13 21 72 -85 -90 -87 4 -79 -15 69 -59 11 57 -99 68 -78 -69 27 -75 -97 -58 -32 -22 -78 29 -71 -9 -58 86 76 -24 -30 8 -31 -72 87 41 -54 86 -53 100 17 43 40 19 -16 -5 -89 30 23 14 4 -82 83 -45 82 -5 -53 -66 15 -13 10 -43 40 
34 -18 95 -3 -98 -77 18 90 40 61 -28 67 -71 -52 -36 -45 1 -6 51 39 -3 -76 -71 -16 -19 -19 4 64 19 71 27 -38 95 12 8 -12 96 -24 83 -80 56 59 -41 -27 -22 -46 -96 -10 -58 95 64 -93 -22 -97 88 41 18 44 -43 40 -29 -69 -77 -11 -16 58 -48 -44 -73 46 -21 -74 -34 -19 41 -63 -36 -21 -99 49 55 17 84 43 -81 96 -18 10 14 -1 65 56 13 19 -99 -87 -62 -4 -37 -69 88 19 -94 74 36 51 73 -86 91 14 -52 -39 -68 46 9 -56 6 65 68 -78 
-56 -80 -96 -30 93 -18 19 -47 43 37 48 -75 -89 -90 -42 21 72 -94 -43 100 13 -76 65 -57 30 13 -21 18 75 86 -45 -84 19 -64 -31 23 -9 0 -9 25 -22 51 -81 62 79 -27 -6 11 78 50 51 -34 66 -59 47 37 3 71 -66 -22 -18 -79 -43 21 20 66 -18 52 -68 -88 49 -67 43 -72 -54 -25 -97 -46 -79 -80 30 14 76 45 -50 15 89 92 -35 64 2 20 -19 -98 -40 -9 -66 0 26 -85 98 -9 19 -81 -85 -53 72 36 5 41 53 -73 61 -23 35 73 -5 86 -18 -3 
-39 29 -35 39 -20 -4 80 -98 34 22 -28 99 -9 -9 59 23 -10 -27 92 0 -85 -11 27 39 12 86 12 79 -25 -14 -68 -44 -25 -18 0 -71 73 45 -53 39 14 69 -65 16 19 -16 60 -16 -40 -71 -90 -67 -27 -60 -97 46 -3 -32 77 51 11 -51 -31 -33 -61 -61 5 -75 -61 -10 -71 -63 -19 39 -32 60 -85 68 -39 87 -84 94 47 8 59 87 25 -76 -68 78 37 -71 68 -3 -44 28 -16 32 43 28 74 55 -31 90 -59 83 -66 -62 77 -30 -72 -78 -4 -42 21 26 55 11 47 -29 
-20 62 -70 -67 44 40 1 -31 -60 -12 78 16 -63 73 -70 -64 -55 -58 24 -95 48 25 -16 98 51 76 -58 -34 6 -23 35 90 -44 -44 26 71 7 -93 71 100 -76 -76 25 46 79 26 -54 -25 25 -67 -56 -8 -80 35 24 -27 58 64 -19 10 -48 -51 -14 -100 -99 71 -94 72 58 -17 -4 28 -13 -1 -10 -59 -14 -29 -78 -41 -57 -89 8 69 -75 -37 68 -69 3 -50 87 -73 -91 -93 -84 -92 71 87 18 60 9 73 -59 57 -9 -81 -69 -36 4 83 56 60 39 -16 -60 -90 43 15 -4 -61 
-87 18 87 -93 -25 -56 17 47 27 4 95 51 -18 -62 61 -60 -56 70 -100 -75 -16 78 -55 23 -25 -32 85 -48 -48 -62 -14 80 -48 48 42 46 83 11 -27 21 -86 -56 99 -19 71 46 -39 28 -29 38 -87 -16 -52 14 76 38 89 83 -19 37 -97 20 -35 84 18 -40 -26 70 28 35 -79 -19 32 -43 94 71 -80 92 -33 59 39 -36 51 -69 -66 -34 93 41 44 -15 -60 -98 78 8 -25 -25 -94 -47 56 -24 46 46 -1 -49 -71 32 -21 13 -21 -6 -68 51 -30 40 -72 -91 61 24 95 46 
33 -99 -6 75 16 -87 -96 79 -25 43 68 -98 -89 -29 88 -72 -90 -40 -94 91 -39 -48 96 39 -42 -27 -38 -76 19 -76 27 -98 86 49 86 -14 41 1 -76 -24 -78 88 18 20 -67 -13 -98 92 -38 62 56 -60 83 32 -93 -99 68 64 92 -63 -18 47 -16 81 -30 88 88 -95 -4 8 46 80 -87 -16 84 -52 33 -56 77 -67 32 -5 47 -25 -41 12 -72 -5 -53 -15 49 -2 -2 -1 11 -15 9 38 14 92 -75 -7 32 -87 -69 -15 13 -4 -90 42 -13 -4 88 100 -86 -97 24 60 -96 -75 
18 -19 42 -86 -60 68 -21 -61 85 64 -92 -41 -26 75 -67 -51 -31 -11 -3 31 -62 -22 -32 -16 72 -87 8 -32 -81 -83 20 21 -23 70 30 -92 55 -48 -56 14 5 67 24 77 -72 -7 21 57 92 54 52 -36 -93 -39 -10 -17 -59 -78 -38 -67 89 -31 70 -53 78 58 66 7 58 -36 31 -89 63 10 -22 -42 21 12 100 -45 -6 -21 -26 -82 44 -70 52 -51 100 36 43 72 57 61 67 -75 -27 -79 21 -25 21 -76 -36 96 8 -10 5 51 -13 96 68 -67 -15 76 -98 66 -83 -12 -55 -41 
15 90 62 -81 -42 62 -37 -67 89 -66 89 29 -73 3 -91 90 10 95 78 -86 -20 -73 51 -31 -40 -17 -91 -59 91 -93 -56 31 -19 -59 13 -69 54 73 54 24 -45 -28 -79 -7 -52 -28 67 -46 82 64 -69 46 29 97 -6 -85 -54 -61 -59 -72 -54 -60 -52 -100 14 -29 34 -18 -11 76 -96 -34 25 12 30 88 -53 -97 29 95 94 -78 4 -6 21 -15 67 89 -8 44 90 26 -93 -4 63 75 -59 -11 -61 -54 -55 -15 51 -98 41 -92 -18 59 -96 -40 32 -10 -44 79 -73 68 -30 68 -25 72 
84 -29 66 -72 -12 29 85 40 78 44 -81 -45 39 -19 79 -65 -100 61 62 -62 68 -39 -20 6 85 94 87 93 -99 -89 -45 -33 -53 85 -98 -56 -14 99 -37 -55 -57 88 -75 86 52 6 76 29 -89 8 20 2 75 65 61 -12 -65 -98 84 51 38 -5 -99 -26 -70 89 -37 -28 5 -73 -73 35 64 -3 56 -65 -33 33 57 -62 -55 75 -10 -100 -49 88 29 -87 -77 27 65 76 89 -32 84 -96 -79 93 73 19 70 92 36 -84 -77 -11 38 65 -65 -48 -79 98 39 83 1 91 -19 45 -66 -98 
-87 77 49 80 99 -17 10 76 98 -43 -46 -71 73 55 41 25 40 5 12 92 43 -65 -22 -54 -66 11 -57 43 97 11 -28 -28 -9 -5 -71 80 47 28 60 -100 9 58 -49 98 -46 37 -76 18 96 -66 -50 -12 -87 -98 49 -86 77 38 89 -59 -44 21 -77 -53 -95 43 70 69 -47 -84 77 94 44 21 38 96 34 -77 -50 -79 95 5 -59 90 14 -23 47 -18 -60 19 -29 22 -77 -19 -88 78 -53 25 25 74 90 31 79 -23 -71 -68 74 85 -48 -90 -58 52 18 19 51 -96 88 -50 31 11 
67 96 -98 43 42 -79 -31 97 90 62 6 -40 41 -65 -29 9 -42 29 1 -54 -75 -54 -29 97 -91 -55 -3 -21 -5 -31 85 54 88 49 -34 93 -83 -44 -9 99 -76 49 -31 86 -65 81 -14 -46 11 96 -26 -63 -85 96 69 65 64 19 61 73 32 -63 22 66 -51 75 -64 43 -65 39 73 51 8 -89 -50 -71 58 -22 -80 29 99 98 96 73 51 13 -96 44 87 90 52 -15 7 -1 -92 -88 28 -37 -68 22 44 -72 -68 76 96 40 -23 -9 40 72 -100 -7 -53 -17 -81 -22 -75 83 41 -64 
64 -73 -86 -61 -6 -71 -71 80 45 41 -57 48 14 -6 -2 -32 92 37 66 4 36 -72 -57 -92 6 -41 74 -81 35 69 42 44 -1 -65 -61 74 -7 2 5 -35 -27 -33 -18 -28 -29 -69 -46 -19 -60 -16 -95 -84 75 71 49 -98 -47 85 -54 -89 -2 35 -81 -69 8 7 59 -66 -35 -79 7 -67 95 -93 79 -14 -44 21 -13 3 -19 -31 -23 47 -60 -67 38 40 -34 46 37 -14 72 16 -69 -54 94 0 -95 -75 -17 35 31 -50 93 -5 -17 93 -49 -1 -7 -60 -12 88 -96 -52 34 -90 -86 -46 
-57 94 -77 -41 90 -82 64 -91 10 2 53 -29 52 -3 55 -67 10 -32 -87 31 -62 62 -11 -42 -22 -98 40 -49 -81 27 -64 45 45 -31 47 -7 50 70 65 -34 17 61 -83 68 85 -26 68 -23 74 63 -76 -74 22 43 -68 15 -40 -70 86 -36 -10 99 -1 16 -79 30 -88 -91 -73 -7 -33 -96 -20 -88 93 -36 -82 100 80 92 -6 -32 -98 89 -14 69 -4 55 -8 -15 -97 51 -74 -82 -74 -55 -70 -25 100 -93 34 -17 -87 -63 46 16 -7 74 71 66 94 -23 90 36 95 -19 -35 -63 -99 52 
35 -57 48 68 -79 35 -9 91 76 17 -48 -29 -2 61 -41 -95 21 -64 90 11 90 -31 24 -48 -33 -42 -86 -4 -57 76 -47 -95 12 25 -100 82 99 -3 -26 -73 -60 -50 -87 88 -46 -24 90 34 -21 -53 -11 22 -5 43 -85 -80 -60 -48 -81 3 78 -31 37 93 19 -60 21 90 48 49 -41 -79 -5 -26 51 100 44 -14 13 -34 22 17 -33 -21 65 -9 57 93 5 -98 -68 37 -4 77 67 -39 36 -97 -3 -78 -49 93 21 34 -60 52 -27 30 72 -13 63 51 3 -88 97 72 11 -42 -90 -57 
44 66 17 76 -89 -47 -2 45 -14 16 -82 54 -70 -57 43 63 91 -24 89 -73 34 -29 27 59 -23 55 -85 -35 96 -43 -30 -73 -5 94 59 59 72 -28 36 -91 9 -93 -5 -14 32 55 -17 63 -76 35 99 -11 93 82 -60 -4 54 -72 59 99 -48 -26 91 82 48 -54 -45 -75 68 -98 9 69 -30 -93 52 -100 -66 98 67 -44 38 -84 89 61 -19 49 55 5 -86 89 63 58 27 88 -53 -71 -99 -8 92 17 -66 77 -58 92 86 68 -89 27 -60 90 74 23 -89 -86 61 3 -100 -28 -37 -49 
-95 85 95 87 35 66 -35 -22 52 -57 -61 -13 -94 -79 47 -29 -16 66 -90 28 99 43 13 75 25 39 -4 91 -11 32 10 -39 79 -73 -48 -83 -5 69 33 66 93 -29 98 -78 -91 -70 53 -67 39 12 7 -90 5 12 30 -87 -3 -86 74 32 -99 2 -94 37 64 -36 87 -5 63 91 28 97 92 67 92 85 -79 -3 -91 67 85 -11 -95 -10 -20 95 -93 -73 -38 -68 -83 63 96 -17 -24 -80 -62 6 44 -30 50 100 -21 89 33 -26 -32 -99 6 -13 -16 -67 -53 36 90 45 -18 -92 53 -91 
-75 49 42 14 33 96 6 95 25 18 83 -19 97 67 0 97 -15 -77 58 -72 24 73 -72 -49 -84 -76 18 -39 -54 -55 17 27 61 -66 32 -91 40 90 32 73 -6 -5 14 9 -26 2 94 -1 -66 35 -77 21 62 56 33 -34 -69 27 -29 -73 -45 66 -36 -43 -78 -41 71 78 -70 14 31 33 92 66 57 28 -9 -34 -11 73 -6 20 24 -84 -59 62 9 -16 -46 -77 69 -86 39 73 10 -80 68 48 -97 51 -12 -96 38 -17 64 27 -22 14 30 -2 -100 63 25 -39 -20 -73 -4 56 10 -49 
11 -94 89 -97 -93 -40 73 88 85 -43 -8 -79 -38 -73 -69 82 -36 52 -13 4 90 -33 -93 57 -59 29 39 -97 27 -8 74 -62 17 68 47 -94 -48 60 -19 80 22 -76 -88 -53 -29 -1 88 -22 12 -14 -28 -25 57 40 -81 45 -79 33 -59 95 78 -14 3 27 73 -63 -60 -21 -51 -98 -97 -60 89 -58 -3 -98 22 -49 47 14 77 13 40 -88 33 73 56 33 2 -87 54 -66 83 6 -77 4 -59 3 97 -20 -86 80 84 7 -45 -96 2 -22 -64 30 16 45 61 8 -54 94 -61 -87 7 55 
-22 -41 -14 34 50 -45 82 46 49 -15 33 -87 -87 -37 -11 -51 -90 24 91 90 -12 91 19 21 13 10 26 -28 -70 -10 69 -34 -6 21 -22 85 96 15 -42 -30 17 -15 -72 80 -13 -12 -21 55 -71 25 -72 19 -43 69 -20 44 96 -60 -29 76 -17 97 -99 56 32 100 -19 -77 -73 27 32 -75 -39 49 45 4 11 -13 -25 -10 -47 -93 47 -23 89 -99 24 17 71 -76 -43 -53 -6 -27 -32 35 92 -19 -7 16 -69 87 8 100 -17 43 -24 -27 -69 33 2 -48 -83 -15 -22 91 66 -15 -10 -63 
98 74 -91 56 6 31 93 -65 73 96 51 -10 -55 -23 94 63 72 3 40 -100 -6 91 -13 -6 47 -6 39 65 91 62 -31 84 98 14 -74 0 35 75 91 43 -5 -28 -77 -3 49 -81 -14 -69 45 99 35 -4 -20 -28 -25 49 53 77 3 -81 -66 58 -88 -75 30 -76 -8 77 -64 62 -59 -63 21 -32 60 -37 -20 7 -36 -33 56 3 -90 -30 -55 -42 56 20 97 -10 -81 48 -13 -98 48 -3 36 30 43 47 68 -33 12 23 17 -53 86 -19 23 53 92 -58 40 -48 -6 95 71 -39 2 21 
-53 -21 -90 57 -70 37 82 -7 -9 40 -80 73 -15 83 -74 -43 -33 -72 10 -17 -26 80 64 -53 -74 96 23 35 -89 11 17 89 11 -66 74 -83 -91 -39 3 -92 -20 54 35 -64 -10 69 98 22 27 -21 -18 -98 26 -28 -16 61 -19 83 -5 50 -48 40 9 -64 10 -38 66 -89 -72 -79 74 27 -73 8 -85 -14 -84 -3 91 0 -23 -57 99 77 -70 13 -36 65 79 2 -28 -39 -83 -22 58 -64 -76 -15 30 -23 45 85 -84 -65 100 -12 62 -74 8 38 -93 35 -86 54 70 -71 79 90 -33 -38 
100 3 47 -58 40 0 12 89 89 -94 -88 51 -64 -51 45 -60 12 84 -9 -28 -9 -6 -46 -47 3 -25 -65 46 -36 -17 -26 53 98 12 63 -81 -73 89 -12 -29 -3 64 30 69 -82 3 44 -81 15 63 -64 -57 87 27 68 -39 55 93 -14 33 9 77 86 -94 9 -63 54 99 43 47 87 32 -32 31 5 -97 -17 -47 31 9 79 79 35 -64 18 31 42 67 69 23 33 66 -27 -5 -100 -59 -30 78 86 5 -21 23 69 -50 -83 -29 72 16 89 -34 77 -56 53 -93 -81 -69 -93 -53 -48 15 
52 -75 39 -31 -74 -85 33 -96 -23 -47 -42 92 -50 -12 51 97 -66 37 96 37 -79 -77 -44 -79 -69 11 -48 -79 -31 -18 -25 1 -97 82 46 95 60 -38 56 51 66 43 20 -82 26 76 -47 -87 24 -38 -46 -27 -46 -63 -43 -80 96 -19 -87 -67 -10 -47 -25 3 -74 81 59 21 53 64 -26 -65 65 8 -60 98 -69 24 70 -55 -2 65 -7 -64 -14 35 -35 -6 -99 -84 -27 -86 58 -49 68 -16 49 -35 32 -47 31 -48 90 -7 32 10 42 -90 94 82 -57 83 -15 30 89 -6 -29 53 62 -75 
-45 -32 30 21 -74 29 5 -34 32 -61 -90 3 -73 -75 -20 -65 -32 13 -60 -18 -3 10 10 11 84 60 31 53 28 -8 52 -56 78 -72 -28 12 -24 -4 -57 30 -25 -11 73 57 44 94 -21 38 -2 -61 47 -9 44 -93 2 -76 41 4 73 6 -60 95 -58 -37 7 84 63 -53 73 49 27 79 23 1 76 32 60 43 72 42 39 3 81 -71 -30 -77 66 -63 -25 2 -57 -37 -6 -73 -86 78 -56 61 -54 -2 -99 8 58 77 -43 -37 -94 70 81 -62 -70 43 -12 -2 34 97 12 49 -11 -29 
65 -36 -72 -49 46 -23 -66 -19 33 -58 27 -97 -85 -64 30 -38 92 54 37 8 -44 -11 -70 3 -53 20 61 -1 81 -4 95 32 -64 3 14 -10 -68 69 66 -59 -17 14 -34 -61 -94 -84 44 26 -36 -44 -76 -41 70 -50 -4 93 -42 -70 -96 -25 93 49 46 62 -24 14 100 41 -34 37 72 -49 -70 -57 59 -8 -65 55 -50 -34 -87 22 32 3 55 41 -78 3 -21 -36 60 -13 -44 12 15 -65 29 -44 25 -15 58 18 -42 84 89 34 26 -14 -62 -51 -92 7 67 -90 29 -69 32 46 98 -49 
-69 -17 19 -21 52 22 7 82 -24 -31 64 68 43 -52 -80 -83 -67 -39 29 -35 -56 -13 -70 -48 -93 -85 19 22 -78 -7 -22 -58 -76 -96 53 54 39 12 -86 -1 -48 -93 -20 78 23 -11 -79 80 40 89 -85 39 63 -100 -55 43 51 -70 -49 57 33 100 -26 -18 -44 -3 -26 72 40 -59 61 -14 39 -99 56 36 62 -5 24 -53 -58 6 19 19 -66 -50 -64 51 -95 -6 -98 17 -35 -98 91 91 94 -6 39 -90 -42 68 29 -20 -5 -66 81 81 57 -35 -39 -79 98 8 53 81 -91 73 -88 -16 
-58 76 92 77 -100 63 -24 -29 -26 -36 83 100 74 45 32 12 -31 -96 -95 0 -51 98 54 -95 -76 40 5 7 30 6 93 72 -8 94 23 22 -49 88 77 87 91 14 34 -30 -32 10 20 -52 46 93 19 -35 -81 -40 -80 15 -3 -67 -24 -35 43 -28 -25 -43 5 69 58 -86 1 95 90 23 98 -61 -77 -77 -19 -6 23 -79 -29 -82 -18 -83 26 20 32 83 -34 60 -35 11 -86 45 27 32 96 17 9 -9 47 -66 -7 74 49 65 -31 -86 -4 -24 82 96 69 64 86 -8 -36 -3 58 -54 
21 29 3 -77 84 -30 50 -31 -13 -81 27 -2 36 -93 56 10 4 23 -99 -89 56 55 -31 51 -21 64 64 -88 -69 70 11 39 47 94 -14 76 -41 24 74 97 -100 38 -7 -40 -91 32 77 -79 76 -70 -85 -36 -46 69 -6 74 93 80 -14 -93 59 -49 -20 4 68 -39 -52 29 5 25 23 29 40 -46 -34 98 -62 -30 16 39 -63 50 69 -50 -79 -17 -99 65 -48 -59 -48 -94 0 -24 15 -37 74 55 -9 -90 26 27 -99 -71 20 -89 -16 10 7 49 -11 81 -29 -3 3 -76 16 24 100 -15 
-44 -47 -33 -45 32 52 -56 17 -4 33 53 -24 -68 -80 23 33 -55 67 -35 24 -2 -70 14 32 81 -8 11 10 -30 -22 -17 -13 -72 94 66 -43 -87 -80 0 40 19 62 29 -54 68 -78 -62 -95 -22 57 -86 -1 -70 -9 22 -7 94 -57 -30 30 99 -57 -62 33 28 14 -83 95 66 -56 73 58 -75 88 35 -75 5 -38 65 -43 -93 72 33 -56 84 -9 11 -85 81 30 41 82 47 95 -56 -65 95 -71 -15 -40 -51 36 -30 80 37 -28 73 58 58 -95 -80 92 59 -60 -16 -45 -14 9 23 -43 
-98 29 -89 -90 15 -7 -54 -3 -26 71 -37 -15 -35 -76 19 52 -3 -30 -61 53 10 38 -53 67 -95 79 55 -49 87 -91 11 72 -9 -25 65 68 -38 21 -61 18 -29 -87 16 65 6 14 6 17 80 25 -16 -97 67 -73 -1 -68 15 36 30 35 40 -23 -22 69 -100 -84 97 -82 89 -94 16 5 -100 27 -55 -66 -20 -77 65 -97 6 -48 -39 71 66 43 -34 -64 -44 -27 12 -45 -75 96 -44 -41 32 65 47 41 5 70 17 95 -100 -43 -87 100 84 27 -38 12 -69 -53 -65 -32 -88 -92 60 55 
-63 30 -99 -61 -71 -73 -92 -83 -1 -67 -4 -84 -79 -41 -84 -19 -49 -39 -9 55 98 -86 -86 -14 -63 73 -24 -96 -22 64 92 -64 -51 16 -30 -21 13 41 74 37 -49 -34 -98 65 26 72 43 -97 56 39 -36 17 -21 64 71 75 52 -74 -46 28 18 4 7 30 -5 -94 -49 -8 -64 50 -71 -6 40 12 -74 -75 -66 -2 36 -3 72 -83 -38 88 -14 -24 9 89 16 -64 -66 -15 55 80 -91 -29 79 -50 -82 76 81 40 -53 -93 -96 41 88 -25 -21 1 -53 95 61 -77 -57 -9 90 -76 61 -59 
-66 -63 67 20 32 29 -46 -100 76 -66 -67 90 -82 7 -78 -38 33 90 -48 -6 68 -64 22 -7 84 -85 58 34 -83 20 48 -18 74 77 68 1 -68 -34 -83 94 5 69 82 -56 -22 40 -11 20 52 -27 -87 -26 -71 -9 75 -22 68 -100 -34 37 -11 82 -12 -78 82 43 -37 78 -38 -96 89 22 49 69 -27 49 -87 -44 -34 -3 100 -90 99 20 38 -35 -3 -45 20 -36 83 51 85 84 28 -58 -76 -16 -40 19 14 30 -7 25 65 5 91 -25 -32 -57 84 -66 61 64 -83 90 -84 30 -45 39 
-94 -18 72 85 -47 -50 81 55 30 45 78 -68 75 -37 84 -88 -60 65 -59 82 -57 41 -61 79 93 -95 -64 89 -82 -30 -20 -43 31 -57 78 65 97 81 97 -13 54 91 25 11 -23 -68 -85 33 -100 71 -86 -54 -99 81 91 -47 69 -16 49 -8 -59 8 83 -94 -16 64 51 20 -93 -78 -7 -75 51 6 70 20 46 63 87 -34 58 -42 -58 21 -10 32 -78 -99 9 -25 67 77 -30 14 -78 -31 39 -2 60 -63 -76 -30 58 -71 -80 74 -95 -4 -18 -55 10 -17 -47 71 -93 85 39 36 -95 -91 
72 37 -88 -70 -97 -64 53 -58 -89 -49 100 -60 -14 15 -78 -99 -43 84 -75 -97 42 68 -89 84 -53 3 69 -82 81 -98 -77 0 -13 -64 -72 -84 -3 -16 -95 20 72 42 -68 -99 67 -23 -49 -63 -80 18 -24 -7 -95 62 46 -5 11 -81 -83 40 -54 47 -5 -81 -42 41 -65 74 9 -82 72 -60 27 48 31 15 -3 -22 -54 73 72 -81 25 -37 -55 39 47 -43 48 -29 14 47 84 -9 -87 -70 45 -68 -37 -34 2 -2 2 32 43 -76 48 -91 25 -56 -65 -88 65 89 -87 -62 -25 -85 -52 12 
-70 79 -98 -76 -52 -98 33 -98 18 72 31 -82 -9 91 72 35 -5 97 -56 -84 -42 -85 -42 59 64 -48 66 -62 -45 42 -24 77 65 -77 -49 -32 71 46 -31 17 -53 55 -6 -47 -86 76 -51 -90 -95 14 90 38 93 -77 92 21 -36 75 32 -83 -25 70 -23 83 -38 0 -28 61 -5 73 -100 -95 -41 -41 -8 62 -65 -75 40 -22 11 49 68 -41 -63 -28 79 -23 90 83 97 43 -56 13 60 90 52 80 21 -83 89 -76 32 14 28 31 -83 27 26 -30 -68 -52 -86 91 66 -87 56 -2 86 55 
-12 -15 69 -49 60 63 -82 -89 -61 34 -75 -8 88 28 6 -54 -13 -36 31 -71 -73 -57 61 -77 20 -63 -96 -49 -85 78 72 -72 57 -94 -75 -15 81 -15 -70 -70 10 -86 -66 -57 -55 -51 -67 -71 -75 21 53 64 -10 -38 -16 -54 -99 -4 -88 -6 -97 -89 88 83 72 13 -100 57 83 73 -72 -38 -16 -48 -88 61 26 -59 63 -85 -2 47 44 25 -97 -61 -30 24 -51 10 -9 10 50 8 26 -65 88 59 -75 3 -88 84 99 10 50 56 38 -88 4 44 -23 3 -71 73 15 -95 86 22 99 91 
60 58 13 -87 -40 52 64 84 -54 -87 6 8 -68 -64 4 29 -79 31 6 91 56 -10 -75 42 80 15 82 -20 -76 -28 23 97 -2 81 26 -10 -38 -95 -51 -47 -44 -29 -36 -35 -41 -69 -23 -33 57 -51 38 -17 -100 9 -17 60 -3 54 38 86 -65 -76 -52 -56 -50 -82 78 -55 -84 -91 77 -20 -22 -12 -48 -83 -9 -61 -47 -28 -42 94 -17 41 92 -73 47 -77 36 24 -17 85 -47 19 -81 92 51 90 -47 -25 -72 64 21 -64 -17 -56 -59 -22 29 -88 8 -70 32 -11 92 -71 -42 30 -99 -82 
20 -24 -34 39 1 34 -76 -44 -94 -78 84 -30 35 94 44 -58 -82 91 -67 -71 93 -39 90 11 -26 25 -29 -35 -10 60 89 66 -92 -4 -24 -92 -4 32 -48 -66 -11 -21 63 -73 88 -27 -34 -28 44 -29 -63 -91 -20 55 62 0 83 -46 13 90 28 85 -71 -91 -87 52 62 60 25 1 31 -26 -83 32 36 60 12 -94 -36 -4 20 32 32 20 7 -64 31 85 74 -14 -42 -65 95 46 -96 -65 75 97 86 -97 -91 -79 56 16 -74 32 -100 4 -38 -18 -20 -29 35 93 -71 76 61 -32 -58 -69 
89 -90 30 -81 -66 73 -53 -36 -82 98 16 -17 -5 17 0 -22 9 -16 29 26 -97 86 -94 53 -38 67 -15 20 -26 30 -90 67 -47 -97 -42 -68 -11 44 79 78 -51 -75 3 -94 -28 -9 -75 65 2 13 94 -67 -11 -31 28 -74 64 -56 62 37 56 -46 -92 -8 71 29 67 -91 -64 -52 -34 62 -45 -89 -69 -32 23 -12 -88 -80 46 -72 80 -24 64 56 -96 -6 89 21 -29 85 9 70 6 -42 -74 11 -48 92 64 -58 -25 -7 54 -27 24 13 59 -8 -53 -41 36 39 -14 9 -86 75 -5 84 
40 33 41 61 92 -79 7 -77 -77 8 32 -82 -50 72 -66 36 53 -96 62 1 74 -39 81 -19 47 16 -80 38 96 97 27 23 61 99 48 98 67 -51 31 -78 20 -42 27 -84 93 -71 -43 30 -56 34 -52 55 -12 -16 89 72 -52 49 86 -13 -48 -51 9 -30 -69 -87 78 42 57 -41 13 -85 64 -32 -32 64 83 -26 -88 -2 80 100 -88 61 -33 -71 -97 -13 4 -43 -47 91 15 70 -58 -75 -26 45 60 -88 -31 35 29 50 21 35 87 54 -21 95 -88 -64 -95 -63 35 50 24 -86 -46 17 
42 41 81 -44 -51 11 20 -12 -62 -12 9 -12 91 -59 45 -99 -57 -49 -78 -19 -68 79 2 -26 99 -58 -87 -9 94 -72 -30 -10 -74 -12 68 -39 24 59 67 -2 80 -31 -38 -22 97 -12 -56 79 97 0 74 29 55 -71 99 -75 55 38 -27 -45 49 -45 -1 -94 95 20 -93 -38 -76 -30 41 25 -76 -41 66 72 -23 -82 -73 56 65 85 15 -65 46 -11 99 100 74 -28 -59 -7 -15 65 -64 -42 -62 -51 -80 87 1 -79 54 87 77 85 0 -33 -65 57 42 -29 71 -67 51 -52 -49 -99 86 -94 
-94 -32 75 90 -59 5 -86 -71 -36 -86 -59 -53 6 64 -92 -81 -38 100 -86 -65 -51 -7 -72 -43 -79 -91 38 62 93 41 -5 28 94 -93 62 -77 50 97 10 -65 -12 -67 30 31 55 6 13 -20 -87 -43 100 11 0 18 -99 -80 15 -15 48 55 -76 80 -18 -77 -42 58 66 63 -83 -48 -89 87 -41 -59 -7 57 -6 -3 50 -8 92 -64 -92 66 -82 -55 -99 71 38 71 -1 -52 -98 -36 57 6 -43 95 -12 -93 -73 -74 50 -98 77 85 28 -80 -19 81 32 -71 2 72 -73 11 54 -60 18 -54 
3 -42 -30 -38 -2 -16 58 8 77 -91 45 -77 -11 3 85 -62 23 54 -29 49 77 58 -90 -57 -60 -57 97 83 -50 78 -55 -19 -63 20 -9 0 9 4 54 -43 -73 15 -59 -31 45 -89 22 64 -53 73 -21 43 -5 71 15 -78 -59 57 13 -47 -98 -40 -90 -25 -79 -19 66 -18 68 84 32 48 -45 -60 -38 17 30 -80 20 65 -80 -71 -43 78 -86 -12 51 -45 -97 48 5 -18 -85 -33 72 0 59 29 -33 -49 -91 12 59 -24 -66 -38 -72 -85 94 -19 -20 85 81 15 65 -49 12 -85 -21 -32 
13 -81 24 -64 46 13 53 68 -44 -90 -85 80 -82 26 32 -38 -69 39 98 50 61 -76 -20 -57 -100 42 -63 -71 84 -37 -49 -35 46 51 68 -49 -54 -68 40 -24 90 -34 -19 51 -7 -53 -96 -57 55 73 -11 -12 -34 73 -7 47 -42 -20 18 -60 57 81 23 -51 26 100 15 13 -8 84 64 -83 -75 39 -28 35 99 7 53 46 16 -73 11 -73 33 -45 94 -72 63 26 -42 26 34 47 81 -7 2 62 -65 -15 -91 -34 1 73 69 87 -61 1 72 33 57 92 43 -77 -4 -71 -95 -24 51 -81 
41 83 -65 77 73 37 -57 86 34 33 -20 97 87 68 -47 8 -65 -39 22 -86 70 23 -62 20 -14 42 2 98 44 1 -89 -92 -64 71 -19 -11 57 41 27 -63 2 -15 -20 31 38 24 53 60 90 -14 -38 -32 27 -14 99 97 35 -54 -32 -44 17 -62 18 86 -96 -93 39 96 45 2 81 -43 14 25 78 -75 -100 -4 -60 31 50 -37 5 -39 -49 -79 -80 -53 87 -26 -18 -94 51 88 -81 11 80 -86 13 21 18 -35 41 33 52 -66 -24 26 -21 29 -35 -37 26 16 18 47 75 5 74 69 
-94 46 -95 -52 89 -64 12 -16 -63 -10 -88 -88 -5 93 -90 -7 -49 40 9 -8 82 66 25 24 13 16 99 -9 -4 24 22 -86 -47 28 -91 -31 -2 27 -26 -23 -21 11 -14 -8 5 -64 43 17 30 -49 36 15 -100 -8 -93 28 -35 -45 -97 92 -17 -34 -2 -35 -55 -65 -26 1 -14 11 -65 69 58 -47 41 -59 77 88 12 73 -56 -51 -40 37 -76 93 32 -89 -10 34 63 -43 11 -47 72 -31 37 -73 -13 -100 68 -15 89 -51 -24 -5 -89 -56 30 -82 -63 12 44 -19 11 73 63 -63 46 -51 
56 -44 56 -40 61 -63 -66 13 38 -13 64 -13 -6 -41 77 -79 85 -28 -88 29 -10 -39 -61 37 65 100 12 -50 92 -27 -40 17 -75 44 -4 77 -46 -69 34 74 -52 -97 -82 -88 78 56 39 20 92 31 -12 -95 -100 29 -50 -29 3 -26 55 86 -95 -2 -100 57 14 -54 -93 20 -98 -45 -81 91 22 -62 -99 35 32 -57 20 84 -73 -68 44 -97 -91 -32 61 13 -10 -65 -40 90 7 -100 44 -20 -45 -27 13 60 87 -22 94 24 13 35 -13 22 4 99 -66 91 -28 -1 -71 16 4 -89 -34 -17 
47 91 49 -48 89 -32 -35 -79 -49 -65 21 18 2 60 16 29 -60 18 -17 -37 27 9 -36 49 -65 67 2 -20 21 1 -96 -45 37 -15 -57 -91 -42 -39 -70 -59 -17 -59 18 17 39 41 -83 74 88 44 -15 14 -40 94 -9 -1 -2 -81 94 73 50 22 -12 -10 97 -32 -12 -58 55 -81 -59 66 2 5 -80 55 -27 44 -30 68 -29 28 -41 38 52 73 -33 -30 -40 -5 -98 36 20 -98 -74 -9 -33 15 -10 -99 10 23 73 87 -23 70 11 70 -9 14 11 80 -10 24 13 -66 40 3 -22 -98 
-51 -35 -59 27 -75 -28 4 -79 -43 -46 -67 21 99 -16 29 -59 -73 87 3 88 -18 69 80 28 7 92 95 -22 -27 -39 -65 -29 82 82 -88 -60 -70 44 -68 89 -1 -58 -28 -99 -67 -98 -26 -94 -34 4 -63 69 61 42 -49 -49 -8 -92 90 75 -27 47 68 26 40 -44 40 -47 71 93 19 -11 -60 53 27 86 2 44 40 21 19 -29 -3 -24 -98 36 86 -100 11 16 32 -62 14 -76 -62 82 -55 -99 20 -98 -23 18 12 27 -66 59 29 3 95 85 -43 68 10 -54 13 -9 -87 68 -75 -33 
-26 19 74 36 -55 44 -43 27 57 55 -62 -75 -97 -100 49 -12 100 -71 12 -92 -23 34 63 -3 23 20 -62 59 -32 75 10 -65 -77 -38 18 46 28 -50 82 -21 9 -81 59 83 23 89 43 87 99 -80 -4 37 -45 62 -15 -57 26 -51 -93 30 -78 -42 -16 57 -60 -36 50 -56 -78 -36 97 16 -27 -21 9 -96 -29 86 -28 -29 22 -21 -25 2 30 14 48 47 -25 -5 16 -23 49 -6 23 10 -16 80 98 -51 -16 -46 43 42 12 -13 10 -91 -28 -40 -49 51 -8 46 -52 -35 94 -21 -45 -40 
-20 80 -11 13 51 -20 6 37 -100 -90 -75 38 53 -63 27 93 61 -74 91 -54 -49 59 6 30 35 12 -54 -9 -74 93 52 10 99 96 67 25 88 96 -93 97 20 -95 -34 -67 -83 15 -83 -83 -6 94 98 -34 33 100 36 -85 -97 -68 58 83 24 46 50 56 91 -17 81 -77 94 -52 78 -34 14 -43 -12 7 65 35 89 97 -26 8 -1 11 -25 -42 -71 33 32 -5 58 97 78 -76 95 -70 -42 -89 -56 49 -4 -8 48 -3 97 -24 -13 47 -56 -7 -67 -99 -65 37 -86 -13 -8 85 -94 -85 
-12 -68 66 -14 -59 11 -5 51 -60 -27 36 -61 80 -26 -72 65 40 -72 81 53 -62 8 37 69 -55 -48 7 -54 60 22 30 -8 -98 -42 -75 -16 91 -39 -70 -50 -60 -61 -55 -82 -39 -98 -26 -61 74 94 68 -62 81 -9 68 -17 7 2 -54 15 56 -51 -67 14 -47 86 59 51 -75 96 91 -71 -89 -77 -84 -18 -10 96 42 -14 -93 -71 88 -91 36 -15 22 71 -63 63 -23 73 99 24 13 72 -75 -83 -16 74 20 69 29 33 -71 7 99 59 76 50 22 -9 33 -83 -47 58 -69 44 -60 -4 
-17 5 17 25 -51 55 6 0 66 76 -33 24 1 -56 -49 -62 69 77 44 -74 87 -4 -38 -35 -4 9 78 -77 -6 -61 -71 -24 16 93 58 -12 74 -32 -86 27 -72 2 -64 -85 91 9 -78 -67 12 -34 18 -59 -31 -82 5 -74 9 -93 27 22 -8 8 -46 40 -85 -4 -57 5 -74 14 65 -46 -91 -58 72 27 -34 -16 -98 -58 -31 18 2 79 -50 -93 28 -37 74 -8 -84 99 -21 16 -65 66 29 -17 -49 -68 -26 2 -18 -57 12 -97 -33 -80 -65 -20 -42 -7 -70 -57 13 -11 53 -15 -55 -35 
-56 -63 81 88 -96 -76 64 56 -78 -70 3 54 4 35 81 22 -83 -98 -33 -76 -15 48 -52 44 23 56 61 10 -59 11 60 44 -43 -82 39 56 -93 -32 25 42 52 11 -69 16 -76 80 24 -53 26 29 -81 14 -11 71 77 -64 7 52 -27 -52 -14 55 -75 68 -3 -37 89 94 -61 -65 -10 -76 35 -2 -85 -59 92 -80 60 50 -43 -54 54 53 40 -91 93 -81 -77 -83 10 60 60 -92 64 91 27 46 -66 50 71 -41 -84 48 91 -99 -17 -90 33 8 -39 -28 69 71 82 -60 44 29 86 -60 
80 -26 50 -36 -56 59 93 -7 63 65 -48 -42 -26 67 13 63 -34 -35 30 -22 97 -63 -97 -60 85 -71 21 -39 -9 -66 85 12 90 10 4 -56 27 -49 -53 -92 -46 70 91 -46 -64 -72 -90 -41 3 51 51 49 -3 -68 44 -11 -5 42 -12 -58 -74 40 -40 -97 48 99 63 -70 -45 -83 -18 25 62 -68 -99 -5 51 -24 -87 52 -71 30 -62 48 -13 92 -16 -91 -92 -8 64 -85 60 90 67 42 -36 -8 18 31 78 88 97 68 47 -1 -41 -96 96 -85 -62 79 33 -38 -51 -8 -76 -98 -63 -95 
84 -35 -18 -13 76 -81 49 47 -21 70 64 -62 -2 -33 -48 53 -9 91 12 87 81 -43 40 57 -71 39 36 58 -83 -31 31 -32 -38 82 44 -36 18 66 -14 -25 -14 51 -76 29 63 11 -35 -74 2 -3 -79 4 87 49 -69 -2 -53 -1 -12 -95 64 -7 -39 -35 75 86 93 -74 -7 -33 -57 3 88 -42 13 49 -38 96 -71 -79 80 -92 -17 -74 -28 -37 79 27 -38 -28 55 -7 67 90 82 -100 -49 43 76 21 -14 -87 73 -94 12 56 -82 -65 -34 -60 -22 6 -25 -62 31 48 23 0 0 -79 
48 -59 59 -99 49 87 -3 -26 60 -65 -33 -55 -51 34 -38 -60 61 -68 19 74 22 91 -83 -61 66 -59 -71 18 -83 -13 87 95 27 80 -95 93 -11 -29 91 -24 96 16 20 -99 -48 -9 -69 -43 -37 62 -78 -53 85 -61 50 -69 -42 -78 -48 -99 -13 96 26 -97 -62 -38 31 -11 59 20 -44 77 -55 -83 81 93 6 -98 -58 84 14 -98 -10 -35 -84 57 -80 -100 -71 29 -15 89 41 -44 -4 99 -99 43 84 29 79 62 10 52 3 -46 -60 33 -1 78 88 31 -77 -67 -64 -62 -35 -82 -43 -14 
73 52 -23 -54 86 -8 -33 98 -47 66 -86 92 -69 -6 -38 51 -32 -1 91 -88 100 -22 -48 8 -7 21 -49 -73 6 -14 -75 -81 -4 -51 67 -86 12 -57 69 9 28 88 -65 56 42 -79 -80 4 -63 -59 -80 16 -11 43 -96 84 -43 76 -88 94 17 -14 -68 -70 -76 26 -5 39 19 69 -80 -35 -43 83 -62 73 -97 -2 -57 17 31 -80 -34 -55 38 93 -44 -64 -50 45 -85 -74 24 -54 -52 79 45 47 4 -41 16 84 -28 21 17 -85 40 19 89 37 34 63 13 -9 -50 -95 -75 -63 -44 -90 
-12 33 39 11 19 71 16 72 -31 -5 25 27 57 25 8 1 45 36 -21 -25 -2 89 35 55 -3 64 -24 35 -44 -76 0 -42 78 -32 31 -19 53 32 43 39 80 17 -16 -22 -3 58 65 63 -96 -50 98 25 35 -75 6 15 -55 -64 -36 -46 8 -14 71 38 89 -56 -66 -89 -96 49 72 64 94 22 18 -64 89 -2 62 18 66 12 66 -22 86 -58 56 84 -2 84 89 -95 40 -76 -45 0 4 -43 77 97 63 28 27 10 -32 -49 -1 27 -49 -11 45 -42 34 -63 93 -25 -39 -79 -91 -87 
-89 1 5 14 69 52 -21 -19 34 -84 -96 -86 -49 -58 62 57 10 -35 65 -38 23 87 35 48 51 -54 -63 56 2 -41 -20 61 56 -48 35 41 62 11 77 74 56 -97 80 76 3 29 -91 86 -61 -52 -85 42 -59 99 58 -39 37 -83 53 -36 92 62 -78 -44 83 -30 -65 3 -46 59 78 68 -83 6 18 73 -66 -32 -7 -37 6 21 -35 27 -42 -61 -38 50 -92 78 -79 -89 32 -59 90 -68 -90 66 -69 38 22 23 -28 69 -77 -59 93 89 17 -68 92 40 -2 86 -97 26 -78 78 75 -5 
87 53 85 -64 -68 92 -22 -29 61 -18 -75 -14 84 -24 55 21 28 66 83 76 -56 67 13 86 66 20 -34 52 13 60 94 -62 -70 54 63 -87 2 -32 21 9 74 -35 -26 -84 10 86 -65 -27 55 -80 -69 46 -90 38 -76 90 -61 -44 24 -51 -74 -81 -79 58 61 -79 64 -41 -31 -71 -27 -83 -73 25 94 -32 -90 20 -67 50 91 57 -1 -91 16 22 -19 -93 99 55 -90 37 -32 16 -16 -36 11 8 32 47 90 -50 91 -62 79 -34 83 -61 26 -57 -59 100 -56 2 30 -51 94 4 29 -88 
-6 -83 -62 16 59 -88 -66 42 -84 71 -59 6 -13 -58 -100 -53 11 5 -84 42 -48 -90 67 63 74 60 -89 81 16 64 92 -52 79 -53 -58 -44 -26 -28 -50 -34 -22 -53 79 84 89 88 23 -40 55 -94 -84 49 14 49 -50 -81 96 51 100 96 70 -71 85 -14 23 -56 68 -64 17 52 13 -89 74 41 61 -100 -12 -9 -73 -68 -37 -34 42 61 77 -54 -44 -62 -2 22 33 54 -96 -82 67 -20 -96 -52 33 68 68 -31 -68 83 -15 48 -42 56 -2 -11 93 52 -40 -1 0 -34 56 -30 85 -29 
-7 -37 -87 93 5 -62 -81 82 -72 12 79 -32 11 -94 99 -55 -77 -63 40 -20 -63 80 51 -46 47 -18 30 -33 10 42 -27 2 70 -10 28 100 -57 32 -92 51 -36 -65 12 -72 -99 88 31 -77 -28 71 22 -55 60 -94 -67 -96 26 -47 60 -49 85 53 54 -79 -63 -69 -11 42 -57 80 26 74 -74 71 -83 17 47 -48 -43 94 -19 -20 -93 -37 -92 71 -42 -3 -12 -93 37 -20 -56 -76 3 -72 70 -73 58 -91 81 -54 66 80 -38 85 -80 82 88 100 -59 -44 79 33 10 -9 70 35 -44 54 
65 8 26 -78 -49 8 -96 43 -10 -59 44 80 96 -12 -23 15 35 1 18 -53 34 -31 -71 43 71 -95 -32 -16 49 -84 -99 -84 92 39 82 3 74 -7 -6 98 7 81 -14 71 40 -2 57 -90 66 -5 -87 99 57 -97 -89 57 -71 -57 64 -1 -4 -32 77 21 -8 74 44 98 60 95 76 -49 36 -77 -41 36 87 13 63 68 20 -82 16 63 89 46 91 99 54 34 11 -59 -95 96 35 -35 66 -10 57 41 76 -54 19 -36 82 66 57 -53 -76 68 68 -74 7 31 -60 85 -80 -38 12 21 
76 6 54 -28 -88 21 -39 72 55 -58 52 37 -37 82 -31 60 0 66 -93 -49 65 -49 87 5 62 1 -72 -8 -37 -47 -80 25 -65 -47 -7 53 14 70 -36 -73 10 33 65 77 19 -86 3 -10 19 -38 69 86 34 -93 -54 77 52 -23 22 4 55 -52 -42 33 -97 78 64 1 92 16 -67 83 84 -50 -86 -43 77 10 -66 92 90 41 -9 -94 27 100 74 -37 69 20 96 -11 -69 -26 -4 -50 25 58 -14 -19 49 46 61 69 73 96 -89 -36 -74 8 66 -7 4 21 -24 -74 -6 13 26 -81 
29 -97 53 56 94 15 59 8 51 -8 -14 -86 -90 -23 41 -23 95 -29 30 52 38 77 -44 61 -67 97 45 17 48 -33 45 -26 -77 38 30 100 38 100 32 -63 -42 7 75 15 34 5 32 54 -43 76 63 -67 -47 30 16 2 38 -62 -1 22 45 24 97 25 23 96 9 76 -67 20 -87 87 -61 0 41 -3 -75 -8 37 -86 63 99 -14 77 52 -28 -27 -46 96 -92 51 -64 87 50 95 90 -25 72 90 34 -40 -13 96 10 -9 92 26 65 75 -5 61 67 55 -32 61 -45 -23 -100 -79 78 
3 87 38 -66 0 -75 -52 -6 75 94 72 -16 -1 -37 -62 49 20 -87 92 -85 47 -69 -26 51 -97 60 40 -100 -18 40 -13 -11 -54 -4 -87 29 38 -35 97 35 4 -88 -50 60 81 31 -71 -55 96 62 23 75 -10 -19 59 -1 -70 51 -38 71 47 -13 29 98 -59 60 63 24 -42 21 -26 79 7 47 -90 17 81 -11 36 -15 -76 73 87 -44 92 32 11 -46 20 36 5 -38 -93 36 -98 27 47 95 -50 -5 13 58 -96 -32 91 -40 -51 -55 -72 -8 -14 -18 -29 76 6 -59 17 -90 -78 -96 
-25 -63 -76 -65 55 -42 -41 -51 95 35 -48 69 85 60 -68 31 -5 -18 33 -52 -83 2 96 -15 91 -35 -94 34 -67 -2 26 -12 8 -63 -100 -56 99 69 18 -52 -5 50 -3 -80 -83 56 27 47 -45 74 90 -66 23 48 -74 -66 22 -52 -26 97 73 -57 12 57 -79 -12 20 71 6 95 6 -58 58 40 -90 35 2 -19 -21 54 -84 30 -61 41 -87 91 -59 85 -12 -86 76 50 26 7 6 -44 -71 -46 -33 -39 -4 -69 86 43 38 71 -84 -24 4 0 -86 72 -44 -73 -46 -90 39 -5 32 -24 
47 75 6 -92 -20 -57 -16 26 69 -64 100 80 14 55 -3 21 -55 90 -18 17 -5 23 -44 -35 -50 15 54 0 47 16 52 -73 -35 81 -14 76 -66 -70 83 6 94 13 87 -48 10 13 -71 10 -63 -63 -72 -11 -19 80 51 -26 100 38 87 -57 -20 76 -78 -75 -17 -43 42 85 58 26 48 69 -29 -72 77 31 50 73 22 58 67 -20 -15 -66 76 -13 -8 -72 98 -86 100 98 -96 67 -11 -13 -46 -31 35 39 81 -79 42 52 1 -8 28 -53 -73 -90 80 26 13 89 51 75 84 30 -88 83 
63 -5 30 -12 16 51 0 -40 -75 98 -79 99 -81 -21 23 -75 -60 -28 72 -56 -41 45 25 40 22 97 8 -57 14 74 -32 -9 -40 -30 2 99 26 -30 91 57 -59 56 -82 -74 -54 10 92 3 -97 -45 -60 -64 84 64 -84 -80 32 51 97 27 63 100 45 92 82 11 83 98 81 -43 89 -74 -56 56 -8 20 -15 38 13 -65 63 50 19 -50 -62 -1 -51 32 50 -64 22 -35 -75 72 -99 -10 -19 17 98 63 57 68 23 -4 -56 25 -48 -48 50 -91 43 8 26 49 -31 4 47 -8 76 -39 
21 -1 -5 -76 28 -80 -57 -52 -51 -69 -89 -2 -15 -46 -48 -28 31 -85 -23 61 13 28 -55 61 -30 -4 -18 -97 76 62 -44 -2 -4 -60 44 18 32 66 77 70 4 27 -45 -7 -85 58 51 -8 63 16 -64 -68 -29 43 4 64 45 55 -66 82 61 -47 -26 11 40 -35 12 -48 -37 99 47 -53 -78 -94 -18 79 -8 0 62 92 93 -88 1 -62 -69 15 22 23 -67 83 -7 62 50 50 47 27 -59 -58 -74 71 -80 58 56 -97 -16 -87 -89 -34 -71 -8 -39 -18 -74 88 -54 75 -51 77 32 -18 
88 -89 14 4 -41 -92 86 41 -37 -80 46 78 95 63 -46 -59 3 -25 -98 44 -100 85 -15 77 -85 -68 -10 -8 -8 74 -23 57 12 74 -62 30 -99 64 -45 90 42 -81 98 -98 -73 44 37 91 75 43 -31 4 20 -5 -88 41 73 -10 -19 34 43 62 59 21 36 97 94 33 -70 -49 -60 56 -21 -89 24 -3 28 25 -62 65 -84 66 -29 -77 46 22 30 -65 91 63 -31 69 -13 64 6 -81 -81 85 -78 -89 -96 50 99 -65 -67 26 -75 77 28 -41 -61 -42 -87 67 -98 -24 67 -14 83 -70 
20 51 -76 25 -7 49 14 -19 2 21 85 -6 58 100 31 -67 99 12 20 -10 -54 9 34 16 -86 52 98 53 -35 9 -89 72 2 -91 37 -30 69 20 -100 67 47 -42 32 28 -92 -24 -63 71 -58 13 86 31 91 37 -10 27 81 -35 -63 6 18 69 89 -92 66 27 70 100 61 9 76 -41 59 33 98 73 -41 2 32 27 -76 -58 -20 87 20 -65 84 -45 35 -71 -21 -42 16 -5 -79 79 -75 -69 -61 10 89 -95 47 43 8 -44 -81 -54 42 64 -46 -63 73 84 43 23 -7 -79 75 88 
15 43 -72 -65 -75 35 -84 -95 93 14 -98 40 67 67 20 -30 -69 -59 76 -23 51 -44 -16 80 42 -60 14 -49 -20 -30 48 -86 -25 -52 -60 58 -84 -85 -39 46 92 -21 -34 88 4 -72 93 27 -66 -94 99 20 25 90 -54 -88 -14 -100 -1 -6 3 56 -95 94 44 57 -40 12 86 26 -39 8 -14 -31 -95 -94 5 46 -57 -24 63 49 -47 9 66 -18 36 -97 59 7 -5 22 0 -59 -78 -78 -72 -91 -59 -72 95 40 -54 -81 -89 -97 56 70 87 21 -85 -50 42 -34 100 -57 49 95 69 -88 
16 1 -47 -5 -86 -30 -1 -36 27 33 57 85 48 -38 34 58 68 -48 15 59 -45 30 -7 82 77 -12 -89 -2 -64 -81 56 -88 19 4 74 -29 -100 -41 28 -69 33 79 38 -23 97 -29 61 39 -36 -80 -38 36 47 75 67 68 61 -100 -64 -30 -35 57 -95 -86 -27 -14 18 -80 -40 -61 -85 -97 6 -84 -97 57 -24 26 74 -35 -16 20 45 -73 72 35 -93 -12 15 -62 -43 54 45 -68 98 -70 -27 -30 -91 -85 -100 56 -96 -28 -21 56 -34 -16 16 74 -66 -22 44 -5 -17 -59 28 -52 65 -4 
