76 82 -27 -61 48 -71 35 61 53 75 -23 32 30 43 -69 -6 56 56 -66 56 59 61 52 -11 71 92 -19 60 28 14 -39 -25 -47 -35 58 66 -36 94 4 44 84 76 100 -76 10 -71 -100 2 61 94 -38 87 12 21 56 67 -30 85 5 -1 -94 88 23 -61 27 34 84 
-69 -53 -14 -5 -38 61 5 70 -1 -57 55 -71 -71 99 -90 30 -67 -14 51 50 86 -51 76 8 36 18 41 -99 80 -24 -91 -78 -71 -77 -30 -3 23 76 22 20 -99 -51 89 15 -10 -86 55 51 -28 -46 -76 -65 -59 -78 57 -49 70 -97 94 -8 -99 -78 -52 -33 41 -53 -23 
-32 34 -16 -93 90 90 16 -87 -90 93 31 -70 100 -67 43 -79 0 59 85 44 -26 64 -43 -5 -59 91 45 0 -96 -82 -45 -49 69 -86 -34 -100 94 81 75 71 -5 -26 -77 82 5 21 -40 -41 44 -14 -54 -14 -81 10 -65 6 53 -57 -62 57 55 63 99 64 -73 18 8 
44 -55 2 -20 89 -6 84 28 16 17 5 10 -52 -81 -58 -67 45 28 -74 -16 20 -32 25 -35 20 -99 -72 -33 -73 71 21 -83 44 52 75 -33 -44 51 -86 -21 -32 38 -56 13 16 34 -35 -48 -51 67 -69 10 4 55 -34 96 63 -100 73 89 27 35 -27 -99 29 -42 -98 
-88 -19 11 -17 -20 -86 33 -73 7 -96 48 14 -38 -37 -28 -99 -90 25 21 90 -50 -100 24 45 74 -54 -57 75 28 -9 -77 41 19 -9 -48 100 100 -30 -6 49 -34 85 -42 76 -41 -100 -11 63 -54 -12 85 78 76 19 -20 -98 25 -80 59 -97 58 17 -56 -73 -42 -30 -26 
95 -98 -15 96 47 95 95 68 -23 -70 33 61 -89 -18 68 26 66 -27 -95 -72 80 -46 -26 -39 -73 52 -8 -49 -64 -64 89 -66 86 -87 77 95 -69 86 96 -69 -8 3 1 64 18 -38 -97 -16 84 -93 27 -43 -19 -39 41 94 -38 0 -36 -86 100 -37 -82 -96 -6 -45 64 
26 22 -41 -49 -49 17 -70 27 10 -47 3 32 47 -35 28 82 16 69 16 -78 -15 12 83 65 -85 -52 0 43 57 7 73 -19 -53 77 -89 74 -4 -73 61 63 -69 18 79 -65 78 -94 -91 -15 8 -60 55 -37 -3 12 -7 -4 -70 -35 -40 96 -20 91 85 0 65 -21 -52 
46 -89 -86 -53 55 -72 -25 -33 81 -60 -3 59 -26 35 -18 -72 36 -16 3 -99 76 -74 76 -11 54 -21 94 -85 -76 74 19 76 4 -40 49 -8 45 -39 90 88 15 12 49 46 62 9 -18 21 -23 42 100 24 -60 77 -19 87 -44 43 -43 -86 -99 -28 -20 -26 6 -90 -28 
-24 -78 -1 -72 -94 -85 34 -5 -5 -55 56 50 -88 41 62 -50 34 -77 -72 -65 -27 -79 4 56 -55 0 -60 -80 86 7 -59 -33 -16 -72 -87 -90 27 85 -87 -14 50 -77 -57 8 -38 49 75 89 87 21 48 -26 -7 43 -34 -89 14 99 97 -39 28 58 98 56 -100 5 -69 
-28 2 -50 -94 -40 -46 -87 -50 42 -55 60 0 -28 23 46 -86 21 58 -60 -28 -26 72 -40 -88 -87 72 -69 74 -22 65 -59 77 78 26 25 2 -93 3 79 -92 9 -100 -62 40 65 -57 -84 92 -92 -18 -65 -64 24 -90 53 -94 -77 4 -36 38 94 88 80 -76 -51 -47 48 
-13 61 -44 55 88 -80 31 -66 -33 59 62 80 -98 -76 2 -79 27 57 68 53 57 -5 -57 -39 83 22 -72 1 2 38 -49 -97 69 79 81 -67 -2 73 -74 -22 -31 41 -70 27 21 -83 48 -23 0 -26 37 4 80 -11 44 -60 73 -6 -59 79 91 69 -84 -32 -84 -97 -3 
59 94 -98 -73 16 -18 91 -61 -66 -71 -70 -11 62 -57 -89 84 -44 -75 46 59 74 -86 -46 -29 -34 22 73 -67 -24 20 65 -90 -40 -63 49 -37 23 -23 84 92 -43 -16 97 -65 6 -82 -71 19 60 -94 -23 34 -27 79 19 76 -6 42 -52 -2 -74 18 8 40 -39 -31 28 
39 60 -4 20 2 -64 -49 59 -34 -63 11 -23 -25 34 81 -49 -89 23 87 80 -8 5 -45 -95 33 -49 -69 -36 40 -76 36 76 88 -1 -24 -98 69 -35 -2 -94 59 -51 36 83 -59 2 63 -21 71 -44 -50 -25 -61 2 93 32 66 -27 -18 100 65 -79 -78 47 -77 -4 -64 
59 -28 -77 59 31 -4 -45 -61 64 -50 46 1 47 73 29 89 -53 -46 -74 1 -88 94 -74 -41 4 22 84 -50 29 66 30 -3 -56 -53 -88 -52 -2 -20 83 66 53 -29 66 -18 -92 -10 37 85 69 65 -48 -31 -48 22 23 67 12 -70 31 17 71 -94 97 11 41 -18 12 
8 94 -84 -87 18 -89 -83 79 -9 15 50 32 -36 9 8 67 -29 56 85 74 -26 -45 -94 88 12 19 55 -89 78 54 -68 -12 96 -15 -92 -51 82 98 -60 -36 -46 7 -98 -24 35 15 19 60 -13 -30 -65 58 53 5 55 -83 25 77 16 18 75 -67 -77 22 57 6 -30 
-67 -8 -86 -45 38 -52 -52 9 4 -67 88 79 98 -46 21 75 99 3 -52 48 50 68 -89 61 9 -38 -47 -35 40 97 -54 -99 -5 -27 -64 95 -9 26 64 -1 -33 79 18 74 -35 37 -30 -58 36 -78 -59 100 74 -48 -12 -81 -51 13 19 1 16 22 -13 86 -4 54 -56 
42 45 -91 -73 -95 -16 -5 17 68 38 -21 -32 5 56 -75 12 28 -75 -23 -45 -35 -37 -38 76 72 -81 43 -77 -12 -91 20 -56 53 26 67 0 63 -24 -11 -39 88 14 -68 -82 -98 16 39 30 -79 42 18 -47 -18 25 82 93 10 -4 -8 84 -64 -59 -11 -100 45 56 -11 
-89 82 -88 87 -21 14 89 2 49 36 -71 -100 -28 34 57 -71 26 -41 -41 -71 -40 -91 -14 52 -6 -2 37 -32 45 -68 57 54 60 -55 33 -70 5 -53 86 78 37 73 43 -55 -76 39 65 49 -100 82 0 -36 -93 -35 74 -46 -13 -56 -64 42 -38 28 -65 -4 -65 73 -64 
-53 19 -34 72 -10 37 -9 76 -14 -43 -92 -73 17 28 -58 8 -5 -29 -63 83 -70 3 5 -1 -20 -69 -65 -36 9 23 60 -57 -44 -94 23 92 37 -69 91 98 28 -3 4 -53 40 -9 -6 -61 39 -99 48 92 90 79 62 -1 92 -88 -35 -49 -46 27 -69 -24 -91 62 -28 
-19 41 13 -65 75 -64 24 99 31 79 14 -15 -64 16 -86 -11 -41 -5 -100 -14 22 -13 -16 -60 -36 55 71 -22 62 75 -55 39 -60 26 -53 -77 3 -16 59 -4 27 -27 99 28 62 -43 -27 -83 11 -29 -78 59 -61 39 -32 -80 -25 91 -22 -47 3 -8 -2 -24 -48 88 72 
92 3 -99 -12 37 99 47 -89 51 51 -61 -72 -35 -73 4 -95 39 -65 9 14 19 -78 -67 69 -53 74 79 9 -99 4 -91 -81 -23 -44 -91 -92 -36 68 99 41 36 -89 -59 26 81 65 81 -19 17 -41 -92 -29 -9 43 82 -9 -20 -21 -43 -72 -68 -57 90 -17 39 -42 -2 
28 -88 -2 -35 65 -16 49 24 31 37 59 59 -30 11 -19 90 -89 -43 -82 83 67 -32 44 -69 50 -5 -43 63 50 -82 6 96 30 53 -98 33 31 79 76 -67 -30 -76 70 39 -61 100 -32 61 48 9 -10 63 -75 -95 12 83 23 32 71 23 -75 65 4 -16 40 24 -17 
-38 -6 8 -96 -73 82 -93 -92 9 9 -51 29 87 -94 -10 38 -18 100 -20 77 71 97 36 74 -50 89 58 56 42 62 -85 48 -87 -17 5 -25 -81 44 -85 -97 93 93 -76 -41 -34 -20 11 35 57 -91 44 -31 -4 89 33 -32 86 22 29 24 51 61 82 65 40 6 85 
-39 57 5 96 -51 -25 96 51 -34 -17 100 49 -41 -46 59 -32 -67 -76 -67 39 -63 -41 82 98 -26 72 -78 -89 -70 22 92 -4 65 6 -57 5 92 -79 -7 51 46 -53 83 65 -67 -47 -81 -37 5 -81 -42 -85 -1 17 44 43 -61 -21 -97 31 92 -72 -74 -61 38 -72 29 
17 -41 -15 -84 -13 86 53 -4 -28 -81 -18 79 -77 -76 86 -12 53 -86 0 -20 94 -33 75 6 6 -30 -36 14 -79 -56 62 -37 55 10 0 -33 -71 -82 -74 -100 12 45 -88 21 85 -44 27 31 45 -61 -73 76 10 -12 -98 5 82 92 47 92 -53 -53 -58 79 -2 37 -32 
-59 -22 -49 -7 6 -71 33 -9 -21 -30 -2 55 -15 99 87 -79 -40 -26 -85 50 34 78 -72 -34 -84 0 87 28 -48 17 -56 -24 -66 15 -97 88 63 71 -41 -78 14 -64 89 -81 83 -12 18 45 -5 30 18 -11 35 -94 30 -20 -47 -15 79 20 -58 80 -33 -86 -48 -53 -39 
73 -41 -92 -28 -11 -81 -42 -95 40 -44 -20 4 83 -90 78 -77 -83 67 4 -25 -67 38 87 -81 31 -67 -19 -28 -86 51 44 94 -43 -45 5 84 23 -49 75 -33 -46 -13 -89 68 71 -90 -84 92 30 -31 92 -28 -31 -8 -66 -9 1 97 52 52 -52 88 16 86 31 80 -94 
70 70 26 62 71 -80 -75 96 -11 90 74 47 26 -60 91 91 -90 -32 12 -37 33 15 79 36 -55 -55 -48 -79 -16 36 -49 -47 1 -7 61 70 -67 -9 99 21 95 -57 -35 -81 50 -7 -27 16 -28 64 54 62 68 -92 -13 45 6 -87 100 31 -91 7 74 47 -77 -17 17 
-57 -76 79 -11 27 13 50 8 90 69 62 -99 80 48 54 -48 -8 -66 -65 -41 -63 44 35 71 67 -73 55 3 -32 78 48 89 49 -5 -96 98 30 -92 25 3 -28 49 -7 52 74 57 -70 -68 -96 -14 19 -69 23 -35 65 -83 -7 43 -86 30 -48 -34 -89 -48 34 -98 -15 
-24 -26 -68 -72 63 -98 -12 -54 -38 -43 -80 -100 -49 -67 32 -87 -8 -58 89 56 8 -65 -56 -65 100 72 -52 -52 -51 -97 -69 50 -100 80 -91 94 -4 93 95 16 54 -75 -10 -65 -67 68 -98 51 80 62 -95 82 -13 52 -64 89 -67 73 -48 65 -11 -32 5 -49 7 17 -67 
29 -96 -98 -88 -51 -83 -65 87 -99 41 25 -37 -48 -34 59 68 38 -78 -66 54 -86 41 -29 100 -73 -65 13 -97 -100 26 81 -3 49 82 99 53 61 52 -44 -17 -71 33 34 -60 65 -61 -35 -77 -59 -95 60 -28 92 -60 -6 -98 83 2 -60 15 -2 73 84 -9 27 70 79 
-27 81 -77 36 57 -95 -88 -73 52 -30 66 50 24 11 80 67 58 -14 62 -59 25 -26 -53 -73 -59 42 -15 8 31 -21 -79 -64 -87 -53 -80 -62 30 -98 -39 91 100 73 -93 -38 33 -55 -18 43 50 -16 65 39 13 -49 -83 15 90 79 -75 25 -53 19 22 94 78 -6 86 
43 -19 -56 9 -25 -84 44 66 -91 56 -23 -89 79 -5 -52 -70 -39 -60 -70 85 -42 -76 -71 21 65 66 -56 11 71 73 28 -13 20 -2 -6 96 14 76 13 77 -45 22 -73 56 85 -47 -95 80 46 76 36 3 -45 50 -82 -74 64 94 90 21 67 -5 -63 -33 -33 -3 36 
16 -52 -1 -42 88 43 -68 88 -54 24 9 -33 -44 -27 62 56 91 42 95 12 -81 8 -9 19 -40 -10 24 67 -60 69 -64 -27 9 67 38 -12 -61 -61 19 2 -75 65 -37 70 -67 -50 -37 20 -67 -37 -56 -80 -33 0 -36 -19 -38 99 -44 -96 3 -79 43 34 -24 -3 47 
-20 67 -87 -85 79 91 89 68 -45 -47 47 -9 46 72 -91 -87 -37 -70 33 -69 1 -67 24 60 84 54 -22 89 75 44 63 -72 -89 65 -74 31 44 95 21 96 -80 70 -63 25 -91 -98 -20 70 30 39 27 -45 -15 17 74 61 -36 26 9 78 3 -38 41 -80 39 79 -96 
-100 81 -19 -74 -94 5 81 -94 -26 -77 69 -86 46 -74 -50 -75 16 24 52 15 97 -42 -31 87 -20 -50 -62 88 -38 -28 -62 -65 32 -34 74 65 -6 1 -82 47 -58 -48 -91 -50 6 -95 80 11 90 90 -53 21 7 96 10 -25 26 -49 62 65 48 62 -11 37 20 81 98 
14 80 -56 -73 28 64 -69 -49 -62 -51 77 69 72 10 44 -42 -85 96 91 96 10 -46 37 -34 85 3 6 -96 -52 24 74 5 -88 -11 -63 -54 -48 6 -32 6 51 -38 66 -81 40 5 -8 -77 79 -29 82 75 69 -82 23 -25 -3 7 88 1 4 1 -100 87 9 -25 -54 
28 37 -6 -51 66 88 74 -60 -27 -68 -100 32 48 -10 -89 -15 15 -12 35 -25 -56 7 -12 32 -17 -30 -45 -34 37 83 -31 31 -31 -63 44 -65 50 77 -62 39 49 70 -47 -77 59 -60 -40 -79 50 22 9 -93 -74 80 58 -69 81 20 95 88 -2 27 37 -96 -77 -18 -77 
-41 48 73 -16 25 -74 83 5 79 -99 -70 44 -7 -38 -8 -12 -43 98 -26 25 -96 -62 -87 -48 63 70 -2 59 18 26 56 -30 -98 23 47 92 -73 -56 -46 58 -63 -93 -60 -79 52 4 -15 48 59 -12 -33 45 -86 -21 -25 -85 16 -63 -70 61 25 49 -45 -13 -12 0 -15 
31 71 92 -92 84 -87 49 -68 56 59 -99 -10 6 73 -61 -100 -52 -27 -28 -72 15 -13 -35 60 -28 -17 -80 -20 -6 -51 -79 16 -21 85 -41 17 -11 61 23 72 -34 -67 88 -21 68 -21 63 28 9 56 31 62 87 -45 73 -24 -10 23 75 44 10 -96 84 49 -52 -46 -13 
19 73 35 74 39 -47 -54 -21 -67 -1 24 -37 78 88 -46 65 17 24 11 59 -26 13 1 68 -68 -11 -29 96 -50 48 -96 -75 -2 -5 -48 -70 -47 56 0 -19 -40 -17 67 -17 -86 65 31 -94 -97 12 48 -84 32 -18 -64 16 76 -64 28 14 -27 -50 14 -14 -27 25 -44 
-3 -8 78 -42 -19 52 53 51 97 -26 100 -78 95 38 7 -83 96 -2 100 -30 -41 -85 -20 -33 55 71 -55 26 14 -43 57 31 6 -82 -100 61 70 45 53 -85 -74 -9 -18 -63 82 54 93 -3 -95 -2 88 5 -4 -10 69 -49 29 25 51 -21 -58 -86 10 62 17 3 -90 
-66 -44 -42 42 74 69 -2 -42 -45 -96 91 -73 20 -82 48 46 -74 88 64 -17 -1 -55 1 99 -6 70 47 39 60 -18 -91 18 85 13 -54 5 43 -69 -24 45 -26 67 -45 -77 22 6 -4 -16 -97 -64 -81 68 81 -40 14 -9 -31 23 72 -67 -29 -40 -78 -12 0 2 -32 
-33 -10 -13 -82 69 99 43 5 72 -4 31 -85 58 13 -65 52 -27 1 -76 83 -15 -59 94 -13 22 -100 48 -14 -89 24 -9 29 -30 21 38 0 5 88 -4 10 38 21 73 -79 -18 -52 43 74 -27 80 -21 85 -21 1 -47 -80 19 75 -52 38 -63 88 -43 37 -9 -7 35 
-95 78 -63 11 -63 11 37 -42 100 -10 55 -26 -84 96 -31 11 -96 43 -27 -3 -86 -20 21 -25 2 -49 20 -41 23 -67 19 -19 -32 -88 -27 41 63 -77 4 75 53 -15 -99 19 50 75 -69 93 28 95 59 -27 7 -57 -23 -24 -24 11 -39 -31 -55 51 -56 -31 -29 60 83 
75 97 70 -46 -65 -97 69 14 79 45 -92 -56 -10 88 -28 25 71 -17 83 75 2 86 76 -43 -90 -7 -2 -87 -93 -55 54 -2 69 -50 49 -73 33 -72 73 -92 30 100 -95 -37 57 99 -97 -73 14 -66 -4 1 48 -83 47 -92 8 18 70 13 -9 92 -40 24 38 11 57 
52 95 87 19 36 2 70 22 -28 85 42 -38 19 5 85 -46 -66 -21 -63 1 -59 3 -66 56 -95 -55 96 -53 -77 28 -95 -100 -48 -81 36 31 -76 37 4 -6 -20 -96 0 86 -59 23 -83 -10 -43 37 75 -67 97 60 35 42 31 -25 -80 -100 37 81 -75 -88 12 24 88 
18 77 62 -68 -90 -83 88 -74 -81 3 81 -70 44 -58 28 -9 96 -20 -43 23 -75 -92 37 -14 -90 -92 -10 -66 35 6 -83 9 64 -78 -59 68 29 67 -63 79 -25 -8 -82 -64 47 74 95 -68 42 -65 -34 -33 74 -49 -40 81 -52 -92 53 50 -90 90 86 4 96 -21 -56 
-97 -66 97 4 -73 -81 28 -75 -8 67 -24 13 38 16 -19 -45 -28 53 -13 44 -42 30 -96 -97 -55 -62 -89 1 44 48 -95 -59 24 36 41 -80 -17 -82 94 -60 -82 35 -58 82 54 12 -40 -11 70 91 -19 -96 -86 98 25 44 28 -66 -75 97 -65 -42 -27 -87 -32 19 -85 
15 -51 -83 9 -25 -42 -6 -32 -23 4 -45 -35 -45 -81 70 71 51 -96 55 -71 -88 46 -41 29 17 -28 -35 80 -52 -51 19 88 -99 -14 -18 77 25 -30 73 -75 58 -54 66 -81 31 92 1 -89 -98 88 14 -31 99 62 -47 60 -28 41 24 -23 -11 77 -43 79 -60 -86 65 
35 49 55 -79 99 34 -46 52 -65 26 55 -27 -31 42 61 44 -51 88 -45 90 7 37 48 -60 94 -26 -58 59 84 82 -36 87 73 37 -72 -5 -82 -67 -66 19 -22 -79 93 -66 81 -38 -30 -62 34 59 2 -28 -72 33 58 -37 -31 33 2 65 53 -26 -23 -2 -1 44 21 
85 -59 83 -99 68 62 81 29 6 60 -64 -86 -74 -88 65 22 -30 48 70 51 42 89 -31 19 35 54 61 96 96 32 -84 -27 88 88 -63 57 61 89 -40 -22 -24 26 49 -30 7 95 9 -97 34 -2 -81 36 57 21 51 13 50 48 34 -97 83 37 32 -92 -52 -73 -76 
-27 20 -67 -14 12 13 75 -13 68 30 -33 6 -93 -48 89 36 96 97 13 -15 63 -55 -70 -65 66 -81 -63 34 -47 20 61 90 -83 -2 15 -16 93 78 -32 42 82 -64 95 91 36 92 82 -24 27 21 -10 -45 63 -51 7 -39 -94 -25 27 -23 33 3 69 -51 1 81 -38 
-24 74 -54 -80 37 -29 -84 -82 13 87 -26 -63 4 12 -33 -1 -12 -58 1 -80 -40 93 -73 -56 67 68 56 -16 -51 52 -91 -26 -68 76 -75 -50 -4 45 61 49 -76 -33 -10 61 -53 -7 88 26 88 82 24 -86 93 2 -55 10 12 -59 -75 -52 32 -82 39 -89 32 -81 43 
36 -2 -86 84 65 -93 1 99 80 -59 -26 -62 -55 45 -7 28 52 -74 -46 33 -79 75 -80 65 -61 9 4 63 -56 -66 -15 -33 -68 75 -26 -58 -50 -56 45 12 -84 27 -24 -53 92 13 -57 -83 -37 98 20 57 -90 -23 48 -48 19 92 17 74 -74 -82 90 11 34 85 -71 
76 -12 -24 86 66 93 -74 -38 -27 -27 -86 -46 80 -39 54 -61 27 61 55 -17 -44 76 -32 -83 -6 -24 60 77 60 -89 91 90 -60 -54 -48 60 80 78 -19 -72 -41 97 13 33 27 28 -31 -69 16 32 -26 -79 11 -36 10 -31 39 -68 -4 -22 30 41 -41 62 -40 12 -77 
-1 1 21 -80 14 -78 89 58 29 18 -88 86 -99 -15 -100 41 -38 69 4 -46 42 -50 23 73 48 -32 -52 11 17 -62 77 -26 -100 -17 80 -22 -40 -25 86 -98 -67 37 -37 -20 -60 -15 55 -74 97 75 -76 21 66 -36 48 28 -47 11 -92 46 -2 15 16 41 -81 50 22 
-42 -42 54 6 1 -55 100 -85 -43 81 -17 -44 30 97 -29 5 16 -6 -55 -67 -92 49 42 -98 -29 -49 -5 69 85 38 54 -64 33 39 65 1 58 27 17 58 -92 83 99 -48 12 85 -86 -18 4 60 62 -97 67 -50 70 -19 2 -43 26 17 -14 -43 -44 -87 46 -53 41 
-62 76 38 -18 -86 -83 -12 74 16 -37 -4 32 41 77 41 24 -94 55 49 90 -15 -90 -73 -8 4 -52 -86 -37 -73 8 -36 67 -48 -51 -50 -25 49 -37 94 1 20 98 -86 -70 -84 92 27 -95 -22 38 20 69 -22 55 100 -96 -86 77 -27 73 -5 -75 -89 14 95 -46 91 
-66 -15 -77 49 -72 53 -77 63 51 -7 49 -64 -57 -99 -47 21 23 -25 -94 7 -39 -12 -39 -9 -68 -12 91 0 96 92 -58 71 -63 53 -66 -72 -10 -38 -6 -35 29 10 44 40 62 -2 49 92 60 43 99 -11 -93 93 -58 62 -85 18 97 -83 26 -3 -86 -62 -83 95 89 
64 -60 41 -11 -42 -57 -45 -91 -71 -82 23 57 -15 63 43 34 -21 9 -12 69 -28 46 -76 -35 -39 -92 -35 15 72 -27 -44 -2 -39 32 45 -81 -22 25 79 81 50 41 94 53 -48 -1 -5 7 -71 28 -59 96 51 -53 36 -98 -52 -76 57 2 -64 22 -73 95 -24 91 -7 
-88 -54 52 -64 -54 -28 21 12 1 15 -41 -11 -18 -32 64 -16 83 -27 -62 -66 12 31 45 -32 -70 48 47 23 -13 77 80 -88 -74 77 -98 -45 -21 -16 7 26 -73 -68 24 56 -99 48 -6 31 -38 -94 -92 -53 -15 -13 -2 6 67 -13 -75 68 -31 -44 -78 55 44 89 -96 
81 3 -41 -100 43 41 -40 -82 49 -19 -39 82 -22 25 -33 85 37 -40 69 14 13 -79 20 -77 -39 25 -58 -95 -88 -59 -11 33 -10 83 59 -48 69 68 7 36 78 -56 61 32 -87 -79 -92 -75 -81 -57 -81 70 55 -96 83 -99 -99 79 -52 90 11 -64 57 2 -2 -98 -93 
14 -50 -3 27 99 54 -54 42 15 18 -77 -16 64 -73 -42 0 -40 -91 -1 54 -59 48 -85 80 4 38 17 49 17 66 73 97 -18 -95 85 11 98 89 30 -19 -60 -81 63 31 -81 11 -93 44 70 -97 16 8 98 -76 -78 77 2 61 -3 10 6 60 68 -33 -36 98 16 
-29 62 57 -21 -63 45 36 -80 29 70 78 54 56 -23 -86 -93 -4 -3 -74 -92 -92 -56 -74 -53 -1 -25 -32 -51 15 66 -57 -72 -36 2 -47 99 55 30 -19 -100 89 82 -34 -74 -50 54 -85 21 10 -21 -35 -49 66 96 -53 11 28 -62 5 66 34 61 25 43 10 97 25 
39 -66 -80 99 0 -44 53 15 37 82 45 -66 54 -75 -14 60 63 -57 98 26 93 59 15 -22 85 22 93 -19 -40 -42 93 41 -41 -99 -32 13 10 49 -34 64 -79 8 98 -43 -52 -74 -20 24 -60 -74 59 58 -26 -36 -94 54 9 -71 -67 50 -45 -63 98 -13 -80 99 73 
-37 -26 -39 57 -49 98 55 -28 -5 95 -91 70 -54 -70 -36 18 -76 69 -97 98 68 24 74 -1 -54 -2 -39 97 -44 -75 19 -50 -52 66 50 -65 -63 -58 -40 98 48 71 72 -35 68 32 -1 -76 -75 -10 5 25 -56 74 -61 11 -15 12 60 -46 1 -8 -86 -74 -93 -20 34 
29 84 40 66 57 76 -63 -22 37 49 6 85 -7 87 5 62 77 14 -35 51 7 43 -33 -73 -18 -10 12 50 -84 55 -55 -66 -24 100 97 93 82 -27 71 -48 9 92 -66 10 73 9 74 -6 60 75 71 -28 16 67 9 -12 11 -23 -45 -73 35 -38 94 21 -10 1 20 
-36 6 2 -97 62 48 -9 -22 52 -53 -95 -100 -33 -5 -27 36 -62 67 63 69 77 13 -30 -53 12 -7 -59 -48 50 -24 84 -68 58 41 14 -49 71 40 45 85 47 -6 -32 30 73 83 -42 -5 66 18 -6 9 46 84 18 -42 -85 -27 -36 -50 -92 -84 -44 32 13 65 -49 
50 -66 21 -47 -50 38 73 -79 6 78 95 19 45 -22 71 3 -44 80 76 -12 -54 93 -58 47 -9 2 62 46 93 11 17 77 -27 -36 35 -37 -25 -64 -77 14 79 -75 38 93 -80 -23 -99 37 -32 -10 40 22 27 -49 44 -87 36 54 33 2 -82 60 69 -24 -36 30 -53 
-100 78 -38 3 -5 -37 58 -61 94 36 74 28 7 28 -37 -33 77 94 3 -25 -22 -38 -69 -55 -18 -24 10 -50 -49 -53 -59 -10 68 97 -5 24 -82 55 -7 17 39 -82 64 46 -3 39 -57 -8 -7 6 97 97 2 -21 49 73 -15 -62 -84 -55 32 7 10 61 -46 -91 63 
-29 48 53 -30 2 -33 66 -87 -1 -43 31 68 93 -94 -57 -8 -75 -82 17 43 46 -42 58 82 -52 23 93 -11 -3 -73 -68 32 94 30 19 -1 -42 -31 39 -8 -34 -8 -23 -65 -97 -77 -87 0 9 -57 21 75 -8 -42 -54 53 88 -76 -17 1 -83 87 43 40 10 -85 -85 
-69 8 -36 35 8 -58 40 74 28 -22 -54 -68 -20 -62 43 26 3 -44 -58 84 -7 -90 -58 -100 -63 -71 84 28 -25 84 11 -28 -17 42 22 -7 52 21 -57 -84 66 57 -27 59 -98 -69 -68 81 36 60 0 -62 -95 -14 65 60 44 -51 -76 51 54 79 -86 25 -69 48 100 
-19 35 81 -38 8 62 93 -20 -52 52 19 99 -95 -98 -9 69 -88 -10 18 74 -26 38 -99 -71 62 48 21 86 44 -45 64 -85 14 -15 75 -71 1 19 -70 83 -83 17 -60 45 -53 51 -6 -52 -47 -55 25 -12 58 2 68 69 7 43 -4 63 26 -88 53 32 46 97 -33 
-57 -79 69 -11 90 70 -92 45 1 17 -28 78 -57 -67 51 34 -66 18 -41 76 -86 90 -31 3 -7 -17 53 9 35 -36 26 81 -45 35 -50 -1 77 -70 -87 59 71 -23 47 25 -50 99 7 -62 90 4 -66 -66 -30 85 98 39 -25 90 65 -25 -29 -12 -2 -70 -97 -14 93 
100 -48 9 87 -4 -66 64 -81 -74 -71 -62 -6 -31 -84 -57 -13 -2 -95 -57 62 98 -89 -27 -83 47 -76 -29 -44 76 -72 -12 -73 -18 97 -99 16 92 -55 -46 87 -89 19 73 -12 84 13 38 33 97 76 -37 -49 47 66 -74 30 38 8 -78 -75 -37 -15 -22 53 49 46 79 
37 85 24 -83 -24 54 -18 -90 -44 -41 58 41 42 -20 -97 -7 -80 -37 42 -2 33 -18 42 64 -84 -72 0 -25 -11 15 -10 -32 13 -38 2 67 85 -76 54 67 -100 -82 -37 46 68 34 -71 99 -20 -49 -41 -87 -82 -54 -2 16 -54 -59 65 -94 27 -72 -79 -88 -81 -40 -37 
-60 -47 71 57 -80 81 -51 33 10 -41 -43 36 -26 -5 22 53 -25 73 -75 -72 -27 42 12 22 -67 16 30 6 80 86 -77 31 -12 -95 41 80 -87 92 55 -79 40 52 -35 -60 -44 70 3 70 34 -5 7 12 -5 -81 -8 -56 0 -46 -67 -66 -53 55 -29 59 -68 -83 86 
-30 45 65 53 -50 55 33 -100 -47 80 39 -95 -62 52 12 -85 38 -50 95 -68 9 -76 -90 -53 -86 89 -61 26 6 34 -89 -48 -12 60 76 -42 -21 67 -95 71 -36 -48 -57 25 90 -72 17 18 0 20 15 -66 49 -33 -49 -38 -12 -22 -55 -10 -68 86 21 63 -71 -17 -24 
-42 21 -11 63 -4 89 -95 14 -47 -59 -83 -96 70 -67 47 25 17 19 -58 -4 -67 -68 6 53 -4 16 14 31 -19 2 47 30 -77 31 64 -96 76 43 68 -56 67 -6 12 91 64 64 -87 52 -79 81 -44 33 -73 96 12 52 99 -7 1 48 55 -25 53 76 -39 26 8 
-72 31 81 19 62 31 35 68 -33 -22 -7 100 31 -23 -5 87 66 67 61 19 -57 -64 -28 66 -16 -36 40 51 96 56 83 -12 65 -3 -41 -38 45 -71 53 47 43 24 -53 -85 93 60 -2 -11 7 -69 97 -55 40 93 -34 -80 -24 -65 -19 -18 -96 -100 14 14 -34 -98 12 
81 89 -92 68 -57 79 -20 -76 35 -59 66 -29 -53 -36 17 85 -84 36 24 11 -18 -78 52 10 -57 -49 16 -78 54 61 49 -94 -41 9 49 -90 -66 -53 49 34 -16 -98 74 -1 -53 -30 50 -61 -53 -22 -62 -66 -36 47 -48 -80 26 -63 11 44 -30 -43 -75 -95 -12 58 -50 
76 20 -56 34 0 87 -47 -33 32 -51 58 94 -58 -16 -50 87 25 -34 34 -93 98 -92 -4 -21 -51 32 48 -31 14 92 67 95 -28 -81 22 -7 9 72 -75 -50 67 -21 -26 34 81 61 -38 5 95 -5 -54 -59 -4 90 43 -12 53 -2 -14 16 34 25 53 -32 -1 74 -29 
14 1 74 -61 -20 -3 -32 89 45 -54 -40 3 79 44 -60 55 82 -21 -80 86 -96 19 -86 96 -52 44 -43 6 -76 62 -50 32 14 85 58 -37 -70 81 -86 100 -26 -13 -43 -57 -5 74 -24 -94 -99 -23 68 58 64 29 2 57 -23 -3 72 -11 -62 -31 98 -51 13 -30 85 
-93 -72 -37 -5 -25 80 -26 -52 -37 77 -61 69 52 44 -55 40 50 19 50 90 -15 -73 -9 41 21 13 -23 -92 57 -69 -11 96 78 -77 38 -57 -53 19 -88 -33 -82 99 -37 8 -90 -67 6 -62 29 -56 -98 -51 -30 53 3 -15 -41 -23 -48 84 -44 10 -17 -61 85 26 -100 
29 -12 -3 -28 99 -18 -13 -69 97 -96 -74 -69 20 51 60 45 -23 -29 57 53 -55 -19 80 30 -2 -75 51 -84 -79 98 -20 41 8 89 -85 21 62 86 -96 57 18 66 -61 -89 84 -42 13 95 -86 -35 93 -28 -11 16 83 -93 -80 -31 95 -24 97 -43 7 30 -32 -74 -71 
66 51 75 13 17 100 -82 -71 -85 74 -27 35 -80 31 -96 68 -42 -63 -94 42 -78 45 5 -1 -67 -75 41 -20 -56 53 78 -92 44 -1 -36 77 -90 -84 -63 39 86 -95 21 -3 -22 -14 77 80 39 70 -11 -59 61 -46 87 66 95 36 22 -31 91 73 18 -2 87 88 19 
-63 50 90 -20 97 28 -45 -39 96 -47 5 20 -44 10 -98 -97 69 60 67 60 -31 -36 -13 -52 25 61 47 28 -1 26 -62 -28 88 -93 -36 -58 -9 -22 -79 87 40 -41 -13 48 21 87 -5 -96 38 35 -97 67 -73 -53 47 2 75 40 -64 73 82 15 -1 -80 13 100 -55 
-10 39 24 54 -19 -37 -64 23 -23 75 -63 71 -30 6 8 94 68 -17 -83 -81 84 -43 41 6 50 75 -47 -39 -83 -24 -63 -47 -37 85 46 -94 -94 -59 9 52 61 96 23 -65 11 -13 -51 -2 76 -36 -29 -69 -72 -27 -49 -78 -97 -57 76 18 -19 -75 -47 44 -97 -63 66 
-1 -64 81 -4 -81 -22 100 -34 -8 62 -40 76 -36 -100 -34 -57 -72 42 -24 -100 88 5 39 -16 8 -43 -49 44 -4 65 -58 -82 -40 -31 -89 70 28 -70 27 -67 8 87 -25 -79 69 3 62 17 20 28 26 86 -43 -92 -19 7 -96 -59 5 -4 63 -20 -6 22 78 -1 -36 
29 -9 -62 42 96 -64 14 96 -99 -29 -32 78 -58 39 71 81 -76 43 -85 -32 43 -75 11 -28 24 88 29 -23 -72 80 6 -17 -36 76 -95 -47 -57 -24 86 58 99 -38 31 3 43 0 -24 -47 -35 -54 -84 25 85 5 -80 12 -56 90 0 54 24 -81 7 -20 -60 -45 20 
41 93 99 84 44 -45 -20 74 12 -8 -28 5 62 -79 -67 94 17 28 -72 94 -13 2 -35 4 -26 -48 47 -26 36 72 92 86 -29 88 60 -83 83 -70 9 -74 -29 -32 2 67 85 -33 -60 96 10 59 -80 -12 -21 -3 -54 -59 -62 -59 -16 67 -76 -42 -69 82 53 -5 -30 
-50 73 -94 55 -15 59 -67 97 64 67 -49 -91 -22 -5 -19 69 6 79 55 -57 -41 -24 58 -71 35 -8 19 -62 3 88 -2 65 -76 -86 21 54 37 -84 -58 -41 -65 -22 29 73 68 6 61 -20 28 69 -55 27 -79 -65 -40 -78 25 66 -7 -24 -63 -88 78 -79 -69 77 47 
-53 59 -29 20 87 -89 73 7 52 35 5 73 -22 39 31 56 -45 60 -67 -74 89 65 11 78 90 -39 34 51 74 -19 -77 89 -45 -45 33 -74 -34 -45 -99 -40 60 -4 60 -89 89 -70 91 50 92 48 63 86 92 -51 60 -69 -18 -19 -95 85 93 11 18 -16 51 -12 -92 
-18 90 -72 -28 12 -76 -77 90 -53 -41 -56 49 84 -42 49 -29 -74 -89 -92 6 -22 -64 -59 94 -21 92 0 42 30 92 -60 4 -13 -90 37 70 -23 5 -71 -49 52 25 -9 84 -30 36 -15 34 100 38 -80 12 69 -7 74 48 -81 59 -78 -61 -58 60 -91 -21 0 -32 -3 
19 -68 90 69 -4 76 -50 12 53 36 51 -8 10 7 40 11 -26 -63 58 68 94 45 65 -99 -22 9 37 7 -49 -45 12 44 -94 -11 76 -94 -38 80 -84 67 11 25 -43 -69 39 31 -10 93 -84 24 79 -66 -63 -2 93 -94 85 -26 -96 -82 50 -6 -12 98 -5 48 -63 
4 96 81 47 -89 -25 60 -47 -59 10 48 76 -100 -70 -57 -2 -65 -48 76 -49 -50 -55 -97 -67 -24 -43 -63 76 75 -46 -47 -17 79 53 51 13 -46 -37 -59 96 57 -59 -61 12 59 -52 59 -78 -93 10 -80 -49 -76 34 -56 84 -1 -79 18 35 -84 -23 36 30 69 -23 -82 
88 51 -29 49 -52 2 -34 -73 -60 -57 -38 10 -83 6 -49 12 17 97 -48 -40 99 85 -12 -97 57 1 -39 44 -64 89 62 44 -21 76 -72 -62 -20 60 -15 -85 -23 -67 23 3 73 86 -92 96 70 -67 50 -37 -32 -79 -38 -69 79 -27 -71 22 -1 -78 40 -77 3 -61 -4 
44 -59 17 -25 50 -49 52 91 37 94 -43 -44 -83 -68 89 56 -33 28 -91 -12 80 -10 -81 -83 27 -52 -31 -46 -14 0 -75 78 11 -7 79 -87 -13 94 -2 13 -95 -96 37 70 37 18 76 39 41 -80 44 57 -36 13 49 -4 87 -84 23 58 -86 75 -28 -8 52 -29 16 
60 -16 7 14 2 -15 -58 5 -90 -96 -15 40 -22 -14 14 -43 -16 -49 25 -78 -88 -97 6 51 96 96 -53 32 -49 75 92 73 -99 91 100 -96 -12 -61 47 15 69 -36 22 81 18 -96 15 -69 -85 -90 -1 -61 66 -9 -79 63 7 -34 61 -31 42 79 45 -80 8 -82 40 
79 31 -32 -100 24 36 68 -42 -37 81 -50 36 -89 52 34 37 -29 2 -86 -41 75 -72 25 -91 33 -79 -68 -58 9 50 8 -78 49 2 -80 -84 -42 29 -79 46 -70 -43 21 -22 39 -3 -21 -25 58 44 -41 60 -31 -2 -57 -23 80 -78 18 31 69 -76 26 -28 -95 19 0 
-31 -50 49 -66 -29 66 12 74 99 -56 -9 2 -16 41 -62 55 15 -65 -33 86 83 -91 8 99 77 -34 44 -90 93 -55 8 38 25 -80 -9 8 -63 -63 -31 -9 -4 -48 96 -2 -70 66 91 26 -8 72 -76 -58 100 54 90 -39 -39 -53 -11 44 -50 -72 -29 8 20 26 -13 
-27 76 -42 54 -82 -6 -6 75 36 41 -29 63 -98 53 15 -45 64 -75 35 -92 82 -6 -1 -82 -29 -26 -20 -27 53 -65 -49 100 69 82 -73 22 49 -25 43 -16 51 -68 -52 -36 -1 -97 24 -21 3 25 69 -39 -39 -52 37 -59 9 22 -69 -12 -39 66 -30 -50 -33 25 -24 
41 -19 23 -53 94 -22 -65 -68 6 61 37 99 77 -83 77 89 98 37 94 -83 -2 -17 -37 58 15 -49 41 -2 -3 98 79 -48 61 77 -34 -10 78 -47 -67 68 90 30 40 97 27 75 40 -29 -35 64 20 -76 61 16 -8 -12 53 5 39 61 -51 -97 -7 61 -63 -64 -75 
94 32 -54 -47 6 14 -36 11 -11 -4 73 81 -74 -25 75 54 27 33 -5 41 78 -5 64 52 12 31 9 -83 -58 93 -19 -39 -43 -41 10 20 -27 74 -53 41 71 38 -46 -39 86 58 -48 59 71 -79 82 -67 -45 33 -85 41 68 -23 17 72 -45 29 49 -21 84 -11 70 
53 24 19 -12 92 93 -58 -59 36 -33 -6 88 -65 -72 61 10 39 13 78 1 -3 -73 81 12 77 -58 32 -11 -62 89 58 24 41 -85 -1 59 -1 -38 93 -78 -22 -73 43 -50 -44 -55 -45 -79 -90 43 -56 60 -6 18 -71 -98 68 12 -75 90 -43 -96 25 -68 -56 70 -65 
33 75 62 -78 -5 -57 45 84 38 93 36 -24 92 -74 54 -49 44 37 37 34 -43 80 45 -38 -10 81 63 1 73 -63 -7 -84 57 24 -63 -62 -37 -30 88 12 -8 82 -25 27 40 -83 -64 -71 21 63 -48 -51 -60 14 67 -26 75 -55 -32 12 78 75 0 68 67 66 -99 
83 3 -24 15 48 51 43 1 -89 87 99 15 -94 1 35 2 -12 88 66 -54 4 10 -49 -90 74 45 43 89 59 44 -29 58 -34 73 -24 -32 46 1 -35 50 73 -65 29 85 -8 41 -65 -39 28 -71 49 -84 -7 -43 82 60 -96 -74 -11 67 -78 -29 -44 -58 93 38 8 
-68 -80 -19 -40 -42 32 61 -66 -98 -11 -18 -98 -48 7 -44 -28 -41 55 -68 84 99 43 39 89 35 -87 67 84 -69 -2 0 -23 47 74 32 85 -54 52 15 -43 99 56 -35 -32 -28 19 -65 7 70 -94 36 97 -2 -88 -92 -12 -37 89 19 -74 -80 88 -65 6 35 -16 38 
-81 72 -57 -6 65 50 1 24 -57 -85 -8 59 -24 38 81 -61 -66 70 -13 -72 -72 85 61 -89 42 70 -66 -13 2 -66 1 -21 -25 -40 -94 -30 35 -33 -29 60 -8 -42 68 -97 -35 52 -51 -21 74 -87 -51 8 10 -26 -67 -9 53 -29 -75 22 -65 92 2 -33 57 -45 59 
89 4 -94 -26 -10 -31 49 17 21 60 71 -21 16 44 -1 -98 -66 -79 -4 67 69 -63 -77 -32 31 -70 11 -3 -8 96 -98 95 -79 -56 31 -54 36 -18 -100 99 83 11 25 38 -45 -30 -18 30 70 20 92 56 27 32 -10 50 5 72 17 -92 54 47 97 -14 44 93 100 
3 75 25 -10 -30 -92 -29 -71 50 66 -81 13 6 15 77 80 2 52 -7 -89 55 100 70 18 91 55 56 61 20 -82 -28 -83 -65 37 -14 -82 21 6 13 24 41 -21 -100 78 -7 -88 -88 -54 -1 -78 -87 -52 79 -78 89 -59 -79 81 -64 48 -84 40 -46 -51 -11 -29 -24 
16 -30 87 63 34 -21 81 -81 -28 61 10 64 6 -43 82 -91 80 56 67 91 11 90 -18 66 -33 38 -46 -81 -3 -61 -8 26 -87 -11 44 -33 -1 -79 73 -19 -22 -26 16 -22 45 39 51 50 -71 38 59 91 -100 -45 -45 46 81 86 30 11 0 -51 8 -90 -36 80 9 
85 81 87 39 58 -92 62 13 -63 -18 37 -63 -84 8 31 58 -25 28 50 -28 83 84 -30 -2 -23 -60 73 -74 96 -79 83 16 -56 27 96 -68 91 100 1 -87 -73 75 18 88 52 71 26 19 76 -22 55 98 28 -53 92 -96 -33 -32 88 -62 49 72 -7 -49 -59 -21 87 
-46 18 -13 -17 85 16 -19 51 67 90 43 -96 -45 -26 18 -34 24 37 50 77 -70 -38 -5 84 -14 37 -22 -1 8 51 28 -57 67 36 73 97 96 37 72 -96 3 -83 71 25 -82 -55 -23 -61 33 94 13 -73 14 55 -56 -27 51 24 20 84 21 -37 -93 5 -10 81 -30 
-12 -2 -69 45 -21 2 29 -20 -62 -79 -64 -14 21 70 -96 39 93 0 20 -74 53 31 -83 -99 -100 63 -92 -100 -65 39 -7 49 96 -20 -4 -56 59 -83 60 -39 -16 -14 -63 82 -92 59 99 -8 -23 45 -17 16 -57 -63 -38 98 -42 -79 38 -27 21 -13 62 2 -99 89 -12 
-65 -5 3 -49 -32 68 -21 -63 -51 48 -32 55 32 -14 -63 -70 -88 85 81 -73 -20 -17 -21 -55 19 -20 -25 -55 62 -79 43 -72 -81 -87 65 9 -12 -37 75 18 2 -40 -81 88 -99 -83 28 63 46 -46 23 -7 72 33 -66 56 41 -43 -49 66 -3 47 -42 -69 -32 -99 -51 
-62 74 -48 7 -16 98 -95 56 -47 0 17 -68 92 -38 -69 -22 -66 -70 50 -81 -59 88 70 40 46 -51 -18 -38 14 93 -85 -76 -30 -96 38 -8 -65 22 74 -11 -36 77 96 -13 85 17 4 65 54 -28 10 9 15 -77 94 -40 -49 1 89 63 87 86 26 54 12 3 87 
-1 20 30 17 68 -19 -51 -40 77 48 -13 -39 19 4 -39 -95 -17 -54 -37 -100 -37 88 42 69 -26 83 -57 28 60 97 -18 64 -65 -16 -97 -98 73 57 -52 3 -32 11 -9 -30 -45 -32 -57 84 70 98 -18 87 -77 -98 55 -99 -13 -97 62 88 -69 3 96 26 83 -100 -3 
-85 21 62 34 -49 -35 95 -12 -48 -15 -22 -48 8 46 2 40 -1 -58 -14 61 -73 42 66 -34 4 73 -76 27 -35 -5 -60 69 -21 -34 59 -15 28 -82 -14 25 -6 -59 -14 1 39 -23 -56 90 -95 -87 28 27 -16 -97 62 -40 14 -61 1 -28 -31 51 -71 -1 -36 49 -92 
-27 30 61 93 11 -57 49 26 99 -72 -46 87 -9 -87 -4 76 83 34 -15 -37 -40 -41 -29 68 -86 19 -83 48 -68 -15 -67 27 -58 -45 38 -48 2 100 10 -19 56 -19 17 -45 -90 29 1 3 6 -51 -21 48 -48 -66 17 -100 -3 12 -39 -95 14 -26 64 -76 37 7 25 
84 -97 96 34 43 -89 86 -63 -38 30 18 -12 -32 61 37 -73 17 -70 -33 47 33 83 18 32 -26 -100 -65 92 43 29 41 -16 79 -71 -42 -21 -34 51 -37 83 -56 37 54 64 91 -93 -30 -46 86 57 21 -95 23 -92 -91 89 35 17 -55 24 -75 43 91 -45 38 93 -77 
91 75 39 -70 -68 38 79 74 8 20 66 62 -55 -42 8 68 15 -65 39 33 -7 31 81 67 -43 -63 85 -9 46 8 -10 -26 -96 14 -44 85 -15 -39 -57 66 42 16 -56 92 28 85 86 55 61 89 -97 -55 50 0 80 67 11 15 -87 24 42 48 75 -69 -13 48 41 
51 17 47 5 -36 -81 73 -70 -22 -3 -99 24 28 -28 -9 83 -4 73 98 59 47 -89 23 72 -40 29 61 -84 26 -48 3 -17 51 22 23 -1 -22 -27 58 -1 52 56 -52 -48 -3 45 66 39 -27 -17 -48 72 -73 -77 81 0 -17 -71 -58 11 14 7 -37 84 36 62 -62 
-39 29 21 -59 68 -25 93 -81 -96 23 59 7 -66 -56 87 68 -18 -56 24 0 -26 -98 -1 4 68 -23 77 -40 54 42 49 -44 -6 -77 31 -55 29 -85 68 97 94 -23 -77 19 48 15 44 -48 31 45 -66 47 14 47 96 60 -55 -28 -88 4 -59 5 34 -77 48 23 58 
77 88 59 97 -38 -29 83 -12 45 -69 -76 -41 99 -41 -95 38 10 -33 -1 96 -68 -74 -51 19 77 -13 -52 79 12 82 -85 74 30 -90 -22 37 97 -94 -64 70 -76 -37 19 64 -14 41 96 -43 -56 23 65 45 35 26 -10 -27 -46 -35 43 -19 43 34 27 -82 85 90 -51 
-73 53 -44 44 90 43 37 -93 -80 34 72 -45 -31 68 -59 -68 -50 -39 3 -1 -40 -63 100 68 -65 27 -23 25 61 8 16 -32 73 65 -56 -54 -57 4 6 -9 20 36 -77 75 -75 -10 13 -97 7 54 94 -28 100 -72 63 -41 -44 -61 85 28 18 11 -88 4 32 39 -15 
64 14 -49 -94 -73 2 81 98 45 -83 40 93 35 71 -66 -44 67 -8 2 -89 59 -32 -39 23 -97 32 -40 89 75 -37 71 -26 -76 -26 -41 38 -26 67 -34 96 100 88 -74 6 41 -93 -42 -16 -53 49 71 88 -54 -27 51 -37 -89 15 -15 -57 -59 61 -96 -37 58 -58 76 
24 -35 56 -2 -5 -71 -8 -52 -22 -2 -9 87 -74 86 -100 -42 -28 70 83 -58 -33 -58 95 -46 -10 32 -2 60 3 78 58 -20 -74 4 -17 22 -16 92 62 -17 -5 32 38 -74 38 81 -67 56 45 63 -35 -40 37 -90 -72 31 92 34 18 -96 80 84 73 94 44 59 -73 
-45 -94 93 -50 82 -23 37 -73 -16 26 47 -94 87 -4 65 -69 -28 100 -76 -25 10 -97 -35 32 -8 -91 44 -34 59 -86 66 78 89 -91 60 -49 88 -58 -14 -43 5 -21 53 -52 -39 5 -82 59 -94 97 76 74 -68 81 -37 9 51 27 1 -41 70 48 24 -6 -2 64 93 
-61 -35 -77 -24 50 -92 97 -10 -73 -65 8 -75 -29 98 -93 0 38 26 51 -97 29 -68 91 8 -30 -31 -35 -30 62 17 -76 1 -22 100 -65 -97 84 64 -3 -6 11 53 -11 -71 -93 -38 89 -98 -44 75 -8 37 70 -37 74 -63 -39 -3 -32 28 -30 27 67 20 -86 53 -60 
91 -30 69 -71 41 43 -46 -43 -44 30 42 87 -83 57 69 -73 -50 -37 10 74 -78 76 -92 63 42 -20 56 -81 15 -24 53 -40 -23 17 -94 56 -57 60 18 -97 -18 -59 -74 -35 69 -20 -68 -20 -88 88 -62 61 68 18 -61 -85 89 68 -11 16 64 12 -77 47 69 34 67 
-3 -24 78 52 -13 -93 82 -99 69 22 -40 75 92 21 -26 -5 -61 46 22 47 19 -34 5 -100 43 28 92 9 -15 -47 -33 -8 97 -45 -34 34 50 12 30 -81 38 91 22 32 47 -53 -48 -73 52 58 -82 93 29 -26 -28 -66 63 -54 34 -61 -30 -26 84 80 95 38 96 
2 -80 9 94 100 63 -82 -20 67 21 86 -99 80 100 -13 86 -50 61 -97 -53 -41 -72 78 -95 -73 -96 -37 89 -76 22 -19 -36 31 88 40 52 51 48 -12 -90 -79 -24 44 7 74 98 15 50 60 25 -23 35 81 -29 -39 -2 75 -25 -64 -22 4 1 20 -93 74 -89 13 
