-44 9 -86 -47 63 33 37 95 -95 44 -48 67 85 -99 63 -8 24 59 69 55 64 -80 -62 -91 20 -95 39 -9 94 -72 -40 45 -82 -71 36 36 -77 10 75 -7 -89 -1 54 -83 -78 98 40 -20 72 -67 -57 -20 32 -51 72 3 47 25 -65 -43 25 -98 96 -55 -22 -29 -76 25 49 -41 -60 -71 -34 28 -53 89 -31 -88 -78 -36 -20 5 57 -44 89 22 63 
1 41 84 -2 -83 74 37 10 -5 47 58 -44 21 -83 -41 48 -7 -33 37 93 48 -93 -13 89 91 -33 -53 60 -33 84 3 90 91 28 40 -61 9 -69 -32 -75 -88 -7 90 -72 -19 98 -50 -58 -46 -40 10 16 -69 97 30 -75 -96 -55 68 18 64 -87 -13 -87 1 76 14 22 47 -86 -15 -79 86 -31 -47 86 -5 55 -99 -44 -20 -76 -23 -18 -7 -60 -49 
73 17 -20 -85 -47 -6 -4 39 -39 -69 99 56 31 -97 3 95 -81 -33 76 30 -84 95 -70 46 -10 76 -2 -16 -37 15 95 66 13 -2 -78 -12 -10 36 -85 29 12 60 -12 -79 79 -79 -10 22 38 80 -46 9 -81 -50 -62 -42 36 -28 81 79 51 90 -20 -49 96 29 -55 -36 -91 -25 19 10 14 -76 66 27 53 -48 2 28 26 -85 -6 99 34 46 -70 
51 77 -52 27 44 24 11 -58 76 43 31 -89 -10 -53 -26 70 -13 -38 30 54 67 90 27 -85 -95 -72 57 37 -56 -67 -5 -70 -91 -83 92 -37 -48 56 -17 64 74 11 59 86 45 56 -49 -2 -21 -42 -22 67 63 93 98 -44 -7 67 -4 89 -60 -56 38 -21 -1 3 -61 6 68 -73 54 -82 94 -78 -81 -15 1 69 -8 -79 69 -77 -23 82 65 -28 16 
-63 65 55 -93 -72 56 -79 75 -39 62 63 77 88 -90 31 -3 38 54 98 -54 72 71 -86 -34 62 -91 97 23 69 -51 92 36 30 98 -71 -16 -76 -2 100 -71 35 -23 -57 46 50 75 78 78 -89 11 -32 -86 -21 94 37 -6 66 1 -59 9 -50 -43 -24 42 -20 -94 -73 -23 -50 41 -100 7 -5 -25 -84 69 -67 -85 100 72 -100 80 39 45 89 -38 -78 
52 -62 32 83 1 82 34 -24 10 -100 57 63 -58 -48 91 24 -79 91 -42 -71 35 -14 80 -51 56 39 -17 71 -89 -15 38 79 26 32 -6 -48 9 -52 -92 100 51 -38 -49 100 90 -29 72 -71 27 18 -87 73 47 78 7 49 -88 -3 -60 -26 -64 67 -46 16 26 78 -93 63 5 -10 -79 -5 14 -94 -69 -10 48 -27 94 -85 63 -17 4 -2 37 -81 -74 
39 53 -70 41 -31 27 -27 65 36 25 96 -81 43 45 88 -47 55 96 -84 -79 49 22 14 -60 -66 52 78 42 -1 85 49 77 -32 -99 -9 -99 55 66 30 18 -28 13 -15 -34 -45 89 -14 -15 -29 1 -51 72 87 74 -20 -9 52 -34 -27 29 -6 62 -36 17 38 -51 78 -34 -56 34 8 -10 -65 -9 43 54 18 24 -30 19 56 -47 -20 47 42 -58 -86 
63 -50 -3 -59 0 -76 21 32 -36 41 -79 -9 -15 16 86 97 39 66 -86 -80 -97 -36 -13 -73 -16 -81 -85 -88 -74 -36 37 54 -65 -34 -63 81 69 47 70 -15 68 55 15 -61 -69 -29 13 -57 10 -69 -26 98 24 -4 -72 72 -3 -39 -93 -8 -20 48 -82 11 47 -72 18 -81 -19 45 83 -3 -86 -33 -58 39 -88 64 7 -97 70 -8 -6 57 -64 92 -54 
47 -95 -31 31 -6 21 21 -94 20 72 80 15 36 21 -6 -97 2 -30 19 -96 66 -50 85 12 -33 -55 -47 -43 64 29 -53 46 90 -60 -17 -56 -93 -73 75 27 24 71 -53 -100 94 -26 -17 32 -17 96 -23 -33 62 -35 18 -78 -66 -69 94 37 -95 73 20 -27 -70 4 60 -50 -2 40 6 -25 -28 -28 100 73 46 95 38 -57 -41 -37 25 -87 81 -63 -95 
25 70 -41 72 -77 -18 10 12 -25 -2 -40 -90 66 68 -15 55 -66 67 26 -4 25 -88 -79 66 65 -55 31 -25 0 41 -97 25 -16 -87 -13 60 -98 -47 51 1 87 59 65 -13 74 -61 71 -7 95 59 88 81 -9 -84 -33 -58 11 4 -25 58 45 -74 -59 -66 -76 14 -13 18 -81 44 99 19 39 -81 46 90 2 -9 -99 -39 -13 -93 -77 13 -62 1 -15 
-35 35 -80 -11 -67 63 -65 45 27 50 15 -76 -20 -43 -97 -68 -86 95 -94 -75 -29 25 -86 -28 16 19 78 53 -55 29 96 16 -41 -4 28 23 22 37 27 76 2 64 75 -31 -18 -60 -30 14 76 -90 -41 -59 71 -98 23 36 66 -87 1 7 -60 35 27 -75 47 -71 47 -52 10 86 74 63 -54 -66 80 -50 14 9 -58 59 -19 -30 -94 -91 84 -63 83 
-61 -28 -85 -65 -83 73 -82 -81 51 -89 92 25 71 29 62 -45 -77 -15 -8 -9 -46 -97 -30 56 28 -88 0 -51 87 -82 -26 -5 -59 81 -60 76 86 39 -90 -63 -50 37 59 -100 6 -37 55 -43 91 85 35 -55 -51 75 -41 62 -23 -56 -100 -21 -26 87 60 54 -7 -69 40 22 -75 89 -32 -22 -88 -66 -58 -95 8 63 73 18 3 36 71 27 17 -9 -9 
72 -8 -55 61 -44 71 80 -3 100 -95 -8 70 92 28 -31 -83 -1 -87 -54 -36 -3 16 51 -26 -26 48 30 55 96 -96 21 -85 -9 20 61 -58 -32 -82 84 19 51 -74 -86 -87 94 17 87 80 -7 -64 -64 -99 80 90 -14 -70 54 86 70 -82 96 -18 -6 -96 31 83 100 46 -48 48 -80 92 80 55 24 -33 99 -38 -68 -63 -93 -13 59 34 52 31 -85 
91 -24 -90 77 1 61 78 18 14 99 53 7 -7 97 -42 88 -2 73 -35 -23 -76 -31 -61 -62 24 54 26 16 -89 97 -70 -20 -25 -61 43 22 -42 -50 62 -56 8 20 46 -6 -58 52 63 -31 -100 -24 70 -99 -80 -74 97 -77 -35 59 -9 36 -69 -1 -93 -91 25 71 -84 15 90 90 9 100 14 98 83 97 74 -73 5 -56 25 -21 -9 -40 86 -58 19 
-62 36 68 -60 -52 31 -100 -28 -19 24 64 -58 -90 -71 82 -89 55 44 -62 67 42 -47 49 -6 75 36 89 -84 88 -52 63 -1 -4 -88 -72 -65 -73 -62 -65 77 58 29 75 69 73 -87 81 -29 -40 -60 -76 -20 56 -80 -9 -33 26 -75 31 24 -95 -46 -100 49 46 -38 78 93 30 -60 50 54 40 25 10 -87 -37 61 -17 40 31 51 55 98 9 -48 32 
-40 81 40 -97 -17 -32 82 -84 -65 -58 -41 -83 77 -99 -92 62 -26 -99 39 -77 -99 -73 23 -72 -10 39 55 23 62 19 -52 -73 -39 -20 -66 -53 -25 -25 71 -37 -13 98 -65 85 13 32 47 -56 -95 -63 -75 -50 -30 12 9 74 38 1 -61 -28 -8 -12 97 55 -22 -45 51 27 91 19 -97 -73 -19 -14 79 -39 37 -74 36 0 86 94 -44 4 -30 27 -30 
24 -68 33 -27 -13 37 -66 13 -16 28 45 29 74 51 -55 99 26 -36 -72 -5 -14 70 -76 10 -82 45 -36 99 -91 -49 -8 -39 86 -33 49 -30 -44 -84 -67 -96 -88 -54 -10 -59 -12 -47 63 -49 -1 -16 -17 -75 97 -21 -17 -21 13 100 -88 -72 -54 -13 23 66 -72 45 -33 -41 -23 -85 78 -98 82 -29 -22 -40 -38 -18 -50 -60 70 14 -92 32 29 11 -41 
-22 99 88 67 -9 -68 74 -92 -58 18 12 -31 47 -20 -95 -89 90 -3 -14 -94 -93 -52 -90 -38 83 86 -57 -59 31 47 59 -33 12 43 -22 86 51 -32 -15 70 -58 -45 63 70 24 93 79 84 -76 -7 -99 -4 14 -37 -47 -3 4 37 -99 90 44 -76 59 -87 -16 -34 77 49 77 17 91 -34 93 -54 93 -72 -26 75 -2 -89 -31 -4 -61 -73 35 76 -32 
-98 -47 0 54 45 -41 -36 -29 74 19 -42 -8 -27 -22 48 34 82 94 12 35 26 84 51 17 -14 -33 29 50 -77 -33 35 -46 -8 -62 -39 -23 64 -2 18 -24 47 -41 94 -83 93 -80 66 21 7 2 -3 94 39 -20 -1 -81 -34 -80 70 -9 -91 66 -16 2 -95 -96 -28 -90 -99 38 -63 24 35 -83 67 58 23 -5 100 -27 5 -40 -44 4 -25 94 46 
20 -25 70 -57 -13 12 70 -40 90 -24 -19 -31 85 37 9 84 -64 72 -100 -73 -72 -13 -87 -12 38 16 65 90 -1 1 -58 17 -11 90 14 80 95 -59 -71 82 -76 -6 22 -63 -25 89 -17 14 17 -34 35 36 -2 -74 58 -88 58 54 90 -85 50 -62 -69 -3 39 -85 52 45 7 15 -17 23 98 24 -84 36 -14 -35 -66 -25 64 -11 -36 56 -97 21 -88 
28 -35 -15 88 -69 -100 -50 -64 -11 -67 -26 46 89 -91 -98 -59 -20 14 -77 95 18 -94 -25 -46 -22 -16 36 2 33 -90 45 40 -48 -86 55 -47 -30 -2 -6 -5 -69 -43 -82 -37 -26 24 27 -71 60 -57 59 -53 59 98 53 26 83 78 -21 -43 13 38 -63 -54 93 -52 -10 64 86 -96 71 38 -74 14 -47 -58 15 9 -71 14 -26 -47 77 46 33 -98 -100 
-40 2 0 91 -43 23 -55 -53 93 -20 8 -94 -22 -5 96 -22 21 13 -76 -58 86 -55 37 37 -38 -44 7 26 27 -7 -62 -43 42 70 -39 -88 51 -32 15 -97 34 51 -79 -16 15 93 13 24 -2 59 65 -78 -26 54 44 54 22 -76 40 -28 74 -91 -45 -37 83 43 -1 -58 -91 28 -95 -43 21 27 31 -48 -9 -82 36 -14 -95 45 -1 -6 -41 -55 -57 
45 86 -27 54 29 11 99 88 -84 34 0 -18 68 -47 66 -46 42 14 -57 4 -3 86 -42 62 -68 -79 -85 50 28 82 63 20 48 86 -40 46 -25 -48 66 67 24 -39 -75 -100 20 25 -49 -54 -84 19 -67 90 -84 20 -11 -92 94 -4 26 64 45 9 -2 -19 -67 2 -29 98 -68 -40 -54 -34 -16 30 -2 -24 18 45 29 -71 -81 35 52 -55 6 -93 -94 
22 85 -41 -41 -79 12 61 -47 -60 31 -28 86 0 87 49 -53 79 26 -59 13 -40 -65 61 14 50 -93 -31 56 -33 95 70 57 58 41 89 -72 40 10 43 95 -82 -38 57 59 92 -29 66 -54 64 -26 92 56 54 -32 27 -73 -13 -45 -34 83 41 5 25 -11 -86 -55 17 -99 -95 24 21 -47 -93 91 100 -87 80 -16 -100 -65 -81 -80 -71 -91 -32 -92 -73 
5 2 -11 4 78 -9 18 -5 -80 -52 -26 93 -25 -77 45 -92 78 20 -80 7 -55 -25 28 -18 -73 -7 -79 81 64 -46 -26 -18 57 39 87 -41 -34 -43 57 82 -35 -16 81 78 -92 -67 -3 -9 -26 91 -31 9 42 -37 27 -48 -44 2 -43 74 63 -29 -46 99 -61 39 100 79 88 15 -23 -48 -20 -45 -98 -94 100 35 -60 14 -52 -85 -62 98 -42 -17 69 
-76 -15 49 58 37 -3 76 52 48 -17 59 3 32 62 72 -66 -83 31 44 100 77 -12 -51 -21 -97 -55 49 56 -54 61 -3 -25 -84 -86 -5 43 91 87 -99 89 -6 35 1 14 -41 72 -36 98 98 -41 52 20 -97 94 -27 -47 10 -74 -17 -84 -50 28 -31 93 -24 95 -19 90 -84 65 -42 17 -51 99 -53 -66 -41 -18 22 44 87 31 20 -99 1 -24 -77 
36 76 -42 -71 96 -41 63 -74 -30 80 -66 -47 51 17 92 -80 -62 -79 -3 5 -31 -82 -84 -60 48 60 -16 -76 37 83 -61 -15 -29 82 -22 -53 64 17 -74 -61 -4 62 -73 -67 -46 1 28 86 77 0 33 -44 -90 30 -74 -83 -48 -25 -40 -77 -10 92 46 -20 -93 -35 27 15 64 5 -85 -69 -20 -64 -90 55 -94 69 -69 75 18 -70 -85 23 -97 -48 19 
46 -12 71 -22 -13 20 36 90 6 69 -37 58 42 -48 -60 -25 -97 -55 82 42 36 75 -40 -29 -4 -60 -35 90 77 -24 12 74 21 -28 96 97 -81 -50 -32 -81 39 34 -17 8 41 96 73 -51 -11 7 -23 23 -37 24 63 59 61 22 27 -70 -26 -100 98 69 -41 50 6 20 -83 54 -83 -31 2 -51 49 -43 -75 30 88 14 -70 -34 5 -24 -26 -68 80 
-5 55 -14 -22 37 -15 -29 -14 -3 -20 71 -71 -63 21 84 58 -1 11 -9 71 33 -76 83 64 57 -68 49 42 20 40 -89 2 -5 62 72 8 1 88 -94 23 -61 88 14 -5 -90 1 -39 -65 -67 -25 -29 85 -81 -30 99 -67 30 77 42 -19 8 55 -98 -47 64 -5 -55 -69 11 -37 -74 83 31 -67 -67 44 45 40 -37 87 11 74 89 85 53 55 -16 
-60 -44 33 38 -65 -45 24 36 74 63 -17 -17 -2 44 64 100 -74 35 -84 -87 89 -96 92 79 2 90 43 -78 -45 69 9 -98 -36 53 -35 76 -86 -20 -52 54 -13 -30 63 -51 -80 85 -84 65 -6 5 -30 -59 -35 -86 -53 43 40 56 90 29 -46 47 47 44 83 14 42 -18 -48 41 -75 55 -94 31 -85 -9 -45 32 10 28 46 10 -17 89 -65 7 -25 
57 -7 -64 63 16 -54 -4 -10 -66 -4 -92 -12 68 42 -20 32 -96 65 -89 31 33 9 96 -86 -77 37 44 9 -90 -33 -1 57 33 33 -74 0 -16 89 45 -97 78 7 -17 94 70 -77 17 -70 -94 45 25 97 -63 92 -93 84 61 -65 -3 59 8 -70 26 61 16 29 -93 85 41 14 65 7 92 47 88 65 100 84 93 -46 100 -74 -22 -27 60 -50 43 
41 81 -68 -79 34 -1 -34 45 9 -8 -63 -62 -73 -21 -91 58 51 -34 -95 -100 73 89 -90 -25 18 12 -65 89 95 26 97 0 98 -53 97 -55 -8 7 -82 97 -78 65 60 36 -43 31 63 72 74 -85 26 29 13 -65 53 -95 7 42 61 6 -49 51 69 -64 56 -50 -45 87 48 66 -60 42 73 -26 -21 23 -61 -61 84 76 -80 14 -66 4 -7 -43 81 
-96 90 -7 71 -26 1 -69 -17 -82 -60 -59 35 -79 15 30 64 -46 54 30 -36 24 -51 46 -51 -76 31 -31 -10 58 -61 -65 72 -68 -88 -10 54 -63 13 31 66 70 -79 36 -72 94 31 -44 -3 -63 -89 -8 -55 -25 77 4 -72 -77 8 73 -73 -53 36 -31 76 -59 -88 -51 1 35 -63 -69 89 46 6 90 -88 -21 67 -7 30 -10 94 6 -86 79 -67 11 
80 33 48 -2 -44 -2 -71 79 63 -53 69 72 -87 49 5 88 73 -55 -14 100 -51 100 74 -12 -33 11 59 96 -1 27 44 0 74 82 90 71 -36 100 -90 51 -43 85 -30 -48 -44 -20 18 -9 -4 4 -61 -22 -19 -67 71 -46 74 97 -95 7 2 63 -17 -29 -61 -92 -53 40 25 32 -34 1 42 -17 -84 53 -61 88 -2 90 29 22 92 -6 17 75 -93 
5 99 -35 8 -94 69 72 -93 22 90 -28 -54 -36 5 83 64 -77 -42 -72 88 96 33 -53 -11 16 -39 24 40 47 61 50 81 46 -48 -58 75 88 24 -99 -72 62 17 32 -59 5 77 41 -4 -3 76 -9 55 -78 69 -24 -30 -81 -35 62 -74 2 75 72 13 41 -79 68 13 -28 -67 61 -82 -64 -29 50 55 -62 35 -58 64 -9 100 49 -99 -85 85 -68 
-88 65 -48 -66 32 -39 -8 -99 -8 -75 87 4 -35 -73 85 -94 -71 -67 -46 -28 27 -86 -83 -11 -83 -22 -95 -89 86 94 -68 -28 8 21 54 9 -40 -57 -36 -91 27 -48 -78 -75 3 -24 39 -99 -68 -58 -54 65 -56 -63 -26 -34 -62 33 -37 -43 -38 -86 93 37 -20 -22 -43 -91 49 49 -1 81 5 82 51 -93 -8 -79 -92 64 -38 -2 -98 -62 42 51 47 
-14 -73 -98 31 9 5 9 -89 48 -78 -97 -36 8 24 41 -57 -28 73 3 82 99 -90 14 -93 81 53 -62 32 -71 -39 89 -5 -24 82 57 -10 21 80 -91 77 26 -26 18 0 -71 72 -100 8 25 11 6 7 -14 99 39 16 -23 60 -69 -58 -82 -55 -74 84 -49 -68 9 56 -82 18 68 -24 -26 -85 66 -56 -45 13 -95 -80 -36 -57 23 -77 97 5 85 
-23 38 33 -82 68 52 93 5 11 74 -32 -31 75 35 -4 -24 -60 42 -98 63 -31 4 89 81 90 -89 -67 -70 -84 48 -90 94 -42 -17 74 89 67 -47 -8 57 -44 47 71 -34 48 8 11 -43 72 79 73 26 97 48 -50 23 91 -65 -91 69 -26 -77 -47 37 41 59 -59 60 -52 85 -86 44 67 53 85 56 -62 -82 65 -27 60 -7 40 -19 -40 -90 14 
50 6 -91 90 19 57 -91 86 73 -27 71 96 38 -27 7 89 -46 -45 -32 99 -11 61 -3 -61 1 -77 100 61 16 36 55 -39 65 45 -88 -22 3 -5 -6 25 84 -43 -67 -12 -59 -22 80 -12 71 49 77 -34 -74 0 -85 -11 -81 -2 48 -15 -1 -70 -58 -35 55 19 -11 -92 -68 52 89 89 -14 -57 -33 91 49 -74 -89 -55 77 94 4 -15 -41 15 -5 
71 -29 -100 -81 -64 -57 -59 96 58 -99 -63 95 -33 38 -40 57 -26 -70 -86 14 -34 -88 -66 -92 30 0 58 -39 -93 -28 -30 -41 84 -68 -22 89 24 45 -35 -82 -35 74 -83 -95 60 46 -33 62 23 -32 -77 38 90 -2 -78 -87 53 43 -59 0 -76 16 50 45 -46 -42 -4 -48 -74 58 85 -19 95 86 -88 -35 49 -16 63 31 78 9 -31 4 51 -68 44 
-52 88 90 39 28 -27 29 -96 -45 34 -67 -88 -17 69 -3 55 -43 -62 -69 53 -11 -99 85 -88 -70 26 -1 -21 -5 -44 88 -73 44 -86 -38 -43 -58 11 -47 27 -67 36 6 72 93 -39 -17 -36 -78 -25 44 3 -39 -5 17 24 61 36 32 -68 44 -31 66 -82 76 -18 -3 -71 -37 -71 13 -36 -83 -67 -85 7 -82 -9 -99 -7 -87 39 21 -63 -59 -63 -30 
65 -42 -73 -62 -65 -81 -1 -28 16 -63 45 -79 46 -52 -81 -16 54 16 1 -88 -46 29 22 17 3 -7 34 -69 -21 -44 95 58 69 24 -62 4 -15 -84 23 -7 -88 -78 11 -49 68 94 86 65 -100 -77 70 20 18 44 87 46 74 78 25 -10 -94 -94 85 30 95 -94 69 -84 -58 50 61 -97 -67 -69 76 -13 -81 25 -44 -38 22 -53 68 -65 57 -28 6 
-67 11 65 66 -98 -78 -41 77 9 -37 8 36 -4 -11 -88 -20 -13 29 -99 -90 -14 -91 24 -3 -98 92 82 -18 28 -28 77 -14 -54 -38 -65 -95 -58 -58 -52 -43 21 -89 48 88 -56 -4 -24 11 -67 -36 -42 84 -27 -23 -62 19 -26 47 34 1 69 57 93 -51 57 3 -55 83 38 100 -79 2 13 15 -50 -63 -13 74 13 -69 -55 54 -66 -10 -13 -82 -65 
33 93 -57 -94 -71 66 54 27 -61 -46 -26 43 -53 -3 60 -63 -40 11 23 34 61 31 83 4 62 30 63 -34 -83 -36 -58 37 16 -64 -72 85 -65 -75 83 -81 64 43 93 34 -78 38 -41 9 59 13 81 85 -47 63 79 -23 96 91 37 -99 -34 -100 55 47 -96 28 -94 14 -32 19 -96 -25 9 17 -84 -88 42 63 -97 -46 48 26 -3 -26 -38 -85 73 
25 -74 10 53 43 3 9 66 5 -43 8 27 -55 61 -67 -75 -42 87 -78 83 -58 27 30 36 -14 31 -68 99 -42 -33 26 -38 0 57 31 49 46 -28 2 88 93 -96 -25 -92 -30 97 64 28 -83 71 2 93 60 39 -74 15 8 39 9 96 -69 -11 -39 -63 -49 15 29 29 -94 -55 -81 -59 60 50 -35 44 21 -81 -100 46 63 43 13 29 71 75 85 
-82 10 -27 -84 -32 3 6 -72 15 77 49 83 92 49 -82 82 15 -96 67 82 36 59 -95 56 -85 77 39 92 -84 18 36 100 100 -91 -95 -56 -81 -21 -14 64 76 68 26 -66 83 56 -96 -63 -22 75 -46 38 16 81 72 32 -39 78 15 35 14 51 -63 -55 -74 -57 46 -17 -46 -76 83 53 -50 81 -40 5 -23 6 73 38 -4 -83 76 37 94 12 52 
-15 -22 67 -7 -72 -2 -92 -59 -68 -83 13 62 -59 -36 20 -3 -29 49 -12 -49 -13 -20 -63 80 8 48 -43 12 -38 81 -33 -38 -31 30 33 38 96 32 -97 37 74 10 -78 -31 93 48 4 -3 18 -61 -41 46 -99 -38 80 -48 40 99 -27 100 -39 -35 -52 -19 91 99 80 19 -66 -23 -72 -64 -14 81 -30 24 26 -16 -35 18 -37 -71 79 55 -15 -41 -34 
5 79 29 -5 -21 91 -59 12 -36 -68 -42 68 40 -14 36 3 72 53 97 41 -65 -83 -10 -91 51 -61 -24 84 -94 -71 56 -97 -27 -56 -94 -45 -69 47 96 -75 -73 -8 88 -22 -84 84 36 -100 -40 69 15 94 -21 -94 -20 83 -78 -53 20 -54 -51 -39 -13 25 -89 39 76 -41 -77 18 5 -70 71 -62 16 -5 -89 87 100 -41 59 4 16 -51 -66 -6 62 
-80 -30 -96 -10 20 -69 72 -25 -46 -30 -18 88 15 -8 -37 -71 60 11 30 6 -49 71 42 59 -19 -97 38 35 34 68 95 37 49 93 64 26 83 97 -66 -21 5 -7 45 -6 -78 36 -32 27 -92 60 -36 -86 -2 24 37 -9 59 77 -79 25 10 -7 65 -70 -33 -98 64 -19 1 45 -76 -20 83 -76 53 84 79 -53 -24 11 1 -91 69 1 -62 26 70 
-85 -12 -37 8 -75 21 28 32 82 73 61 9 90 28 -36 76 34 78 50 -59 33 -8 52 -7 -79 -30 16 39 50 29 19 70 -95 19 34 -91 53 22 26 100 12 80 -91 -72 63 29 -74 93 55 12 100 31 49 58 -63 -23 -47 -24 -12 -38 -98 -93 34 -66 -98 -67 13 -74 -1 -31 3 50 3 73 -76 -88 98 42 -52 92 -78 -29 -74 3 30 -99 -62 
-12 -67 45 -81 -13 -100 72 59 9 -36 9 -12 44 56 -48 -55 76 -50 -48 -14 84 -80 68 33 -95 13 45 -50 -8 -88 72 -35 31 -87 -60 -63 34 -16 -49 -96 -12 -2 -28 -67 -89 -53 85 9 -35 81 74 10 -14 88 38 -44 -87 -46 -46 27 -64 35 -86 -62 -38 68 -45 38 42 -98 69 -67 19 30 26 -60 -67 -16 32 -57 -40 48 67 89 -33 -74 68 
44 35 -40 32 35 -8 -52 86 6 -70 88 -7 85 18 -66 -4 30 6 75 17 -93 98 25 51 69 -38 -70 -91 9 27 28 -65 -100 -49 -62 -7 85 -3 -19 98 -17 -19 95 12 97 -36 70 8 -58 33 23 38 32 -44 65 -32 24 21 -31 80 70 54 79 -6 -38 35 22 -92 -55 -87 -42 60 18 61 55 59 -96 63 -8 19 -39 37 -14 -43 23 -49 -73 
-84 -42 71 -95 -50 -27 88 -98 -35 13 64 -77 -35 47 11 -25 -54 18 -38 100 -27 93 -69 39 -23 -27 33 -39 92 -96 -3 38 -89 8 -11 -47 -74 30 -91 87 63 25 -12 -73 -12 -54 -74 68 -89 75 86 51 -75 5 -53 95 83 51 67 -49 100 95 93 -56 44 9 16 -27 -27 -78 61 -36 45 -41 85 -63 85 72 -31 0 -18 -69 -11 -90 -30 90 -18 
23 -77 -42 94 -45 -74 -21 56 71 -56 45 87 -14 29 -64 -1 -65 51 -12 -85 -82 -82 -71 6 85 -7 56 -60 -7 -53 14 9 -17 28 -92 48 13 -87 -53 -19 72 -71 -19 -23 -64 15 -38 -81 -54 15 80 -83 47 -59 -11 -20 80 56 6 35 -20 88 59 -74 77 -67 -20 -59 -78 8 -59 -34 -33 -30 38 -84 40 -74 97 -30 0 -89 -91 -47 55 -44 -71 
-80 -33 71 -100 -14 68 -86 -63 -62 83 -69 24 37 -94 -7 54 18 81 80 -56 57 -65 -26 73 -21 -15 -66 28 39 79 53 -32 -19 6 15 31 -99 -18 12 -6 19 -25 69 0 -27 59 -86 43 24 53 -18 -16 16 -28 56 95 83 29 52 -45 -16 99 50 -1 -28 -37 31 75 79 89 77 76 -24 80 -23 41 44 84 81 -4 55 60 -50 74 -81 -53 -20 
-54 9 -85 -55 35 -87 98 30 9 18 78 -62 -33 -80 -29 93 -66 -6 -96 67 -7 -60 21 -100 63 29 -35 75 -26 -27 35 -39 0 65 38 75 -87 -10 96 -21 -95 8 -51 -7 -100 -51 57 -62 3 36 -27 -63 51 99 -41 -46 -67 -33 -88 -2 -98 -16 -42 -74 54 75 -38 -63 29 79 -42 -46 -69 32 53 75 43 12 -47 65 -99 -85 68 -93 98 97 31 
-45 -67 -56 61 -66 57 -44 6 -53 -26 -75 18 85 73 60 82 70 78 93 93 -25 44 -50 42 9 -89 -19 34 -34 -97 25 11 -23 -21 -5 -36 -1 100 37 -6 -34 -43 22 -42 -5 16 31 5 -37 -60 67 -86 -47 44 62 22 29 -7 -20 -4 -15 28 48 81 89 -72 -90 31 32 -39 -53 69 -89 -99 29 1 3 8 -88 44 64 -25 -13 -79 94 -25 62 
-30 -81 11 -35 76 -91 21 83 2 53 3 88 -59 -77 42 -100 -91 12 -3 -60 22 85 -69 36 0 -95 -5 78 -6 45 25 -94 51 3 52 -54 -19 -49 -55 -21 8 -78 -91 -24 84 -66 -11 -95 66 -20 -73 83 -3 -4 -10 -14 49 45 -34 -100 -93 -50 -71 -96 80 -48 -97 -66 -8 73 80 66 -46 59 28 -32 -45 -75 -82 -32 -100 -39 87 83 89 -80 96 
38 48 -44 -5 -86 -87 -98 -16 88 -45 -18 -70 -82 18 -88 -100 -12 83 -56 95 44 -68 -27 -85 -78 -87 -46 10 88 -68 20 93 83 27 46 -33 44 -88 -47 -12 77 -17 -70 57 98 3 -46 51 -31 97 -78 -43 56 52 -1 -70 -47 20 -22 20 -9 -33 -62 -17 100 -55 -9 -25 -95 40 -56 48 59 17 -95 -14 -59 -98 94 -23 -79 -47 -25 28 22 -42 -68 
-51 -93 19 79 34 -97 62 -78 -23 80 81 -4 -2 3 47 87 71 98 99 -80 -52 -98 61 -10 -41 14 63 -23 0 -48 -28 40 -87 -5 -95 30 -58 97 98 78 10 -16 88 76 68 -85 94 -34 17 16 11 -54 -29 -39 3 -83 57 -5 -94 -2 -81 43 -80 88 -39 24 75 14 -62 25 -67 -42 76 -95 -60 -52 94 -80 -13 50 89 -91 -66 -99 74 26 81 
9 100 84 -38 -31 17 43 78 -78 21 -18 -23 4 -70 77 83 -19 28 17 -62 -32 70 3 -70 60 -21 30 8 58 -51 -98 87 40 93 53 -5 54 -55 46 -61 25 -28 -5 5 75 -99 14 -78 23 99 73 -52 -42 88 94 -35 56 -40 0 100 -61 9 31 17 -44 -33 -19 9 -66 78 -94 -14 94 -86 88 42 -83 -56 21 -82 -47 84 -53 -37 85 84 5 
30 -13 -71 -52 82 -19 16 44 8 -100 46 -44 -34 46 -40 -81 41 -98 1 -33 -71 -71 0 -44 -25 89 -54 27 -59 34 -2 35 58 43 -7 -20 12 -19 -60 80 66 73 52 -62 -38 -18 78 39 -33 -26 26 63 61 -45 78 -87 -47 37 -11 -17 -30 77 9 -27 44 -20 -42 9 27 -32 -12 76 -81 -10 -65 77 18 -49 -79 -48 8 -59 34 38 35 -88 66 
-26 66 14 -10 58 4 90 83 84 99 -100 19 31 81 57 61 -35 73 40 -8 93 -18 -56 -28 42 -39 70 -25 52 32 -91 -68 31 93 98 -94 -22 -25 -86 4 -24 -32 46 45 12 1 68 -54 4 -72 22 -1 -96 -48 59 -21 6 52 67 43 49 64 -99 16 49 16 -44 56 76 34 -32 -43 -97 -2 55 57 60 -6 -57 23 -50 -44 89 95 28 -54 -12 
15 -81 95 3 -50 -96 83 -10 -49 96 80 17 -56 42 63 -4 -93 -87 -39 31 71 11 -88 -80 -46 75 -15 -75 70 68 -48 59 21 96 -11 22 32 -64 18 6 92 -39 23 2 85 90 -84 26 -31 65 -74 -81 21 14 -27 98 52 73 43 20 62 78 -74 -62 -78 -58 -28 -95 -97 -28 77 -9 -38 -55 31 59 -88 48 28 -41 -77 -5 42 5 -57 -41 37 
69 -27 7 66 90 7 68 17 93 42 27 88 85 -20 -54 -86 -39 10 40 61 -40 90 12 -89 24 -12 62 10 -44 55 -33 38 -7 -67 -92 -40 -68 40 82 -14 -88 -16 70 -77 61 -42 -57 -22 -29 37 18 -12 91 -100 -75 63 -44 17 -71 -67 53 -22 24 -68 -19 57 95 -20 87 -46 68 60 31 -88 -93 17 -44 61 16 -36 -50 -72 28 30 -87 91 20 
-40 -59 -86 80 -11 100 71 62 34 -76 -2 56 -96 -28 19 -80 79 23 50 86 -35 83 83 -41 91 2 62 -57 81 17 -97 -10 69 -55 -24 75 34 -70 -53 -41 78 85 -8 11 -13 38 94 -40 -82 42 21 13 -81 0 14 9 56 -80 -33 -93 81 -62 -2 -79 -8 -59 -9 81 38 96 -96 64 71 -25 -70 73 -96 37 55 -52 18 84 -80 1 -25 81 62 
36 -8 19 -84 -51 49 29 23 -96 77 -60 -22 57 -60 -65 -9 47 -33 -39 -86 -13 73 -41 -27 28 77 -58 21 16 42 11 87 75 10 -73 -94 -16 -7 -69 69 -99 58 7 -71 98 -53 49 -19 -18 -20 93 -65 -18 14 48 98 50 -94 -62 -44 -88 76 59 2 -5 46 -54 -73 84 -64 13 25 -3 25 -72 33 -8 40 84 -9 94 71 11 81 42 -57 62 
-57 -18 -46 48 -55 -71 -77 26 -17 58 89 -19 -21 42 22 2 -31 10 12 -66 57 42 -24 35 46 -52 76 -17 -83 37 -47 30 86 99 -22 -6 94 -75 -12 12 35 -38 68 74 68 -3 86 77 -41 -67 -89 96 -80 83 61 56 0 95 55 70 5 31 -27 8 58 -45 0 -7 81 -37 5 -34 -74 79 -31 -88 -7 6 -97 -75 55 -20 68 43 63 -22 -49 
-23 -50 -88 -67 -39 25 -52 -29 10 51 -62 2 -82 -22 -5 88 47 83 26 -44 1 32 82 -44 34 97 -34 -57 -89 -94 63 -15 -51 -1 -43 -36 -2 -46 59 80 50 -20 -90 -95 -41 -95 -59 -58 28 -12 -75 -19 96 -100 67 75 -89 9 48 60 -4 -82 -46 -57 30 -86 -100 82 -33 -1 81 -82 68 -13 -31 -54 -95 -92 21 -16 55 99 61 39 49 -33 -16 
45 -3 69 -12 -36 -60 63 -84 -19 2 -2 88 -26 -25 16 -1 -57 -95 65 10 27 20 38 30 -59 96 73 -45 -39 -15 -8 68 52 84 -8 -61 72 84 54 98 -51 -18 36 77 54 47 0 51 82 14 78 -2 65 44 40 -89 -98 53 53 9 -79 22 70 71 -74 45 35 -54 31 96 -50 6 -14 -83 65 -56 -57 59 -87 -21 -97 19 -10 -2 -79 91 50 
-66 49 9 20 58 58 -80 98 57 82 69 14 69 -80 -85 99 -25 89 16 22 -20 -47 91 -72 98 28 15 -5 -43 80 8 -96 7 85 39 96 -70 -85 94 42 63 -95 -7 -55 24 -89 24 -32 59 -88 63 -93 -4 39 10 50 81 11 -33 -43 48 45 -100 96 51 -97 2 -81 -63 -90 -66 46 0 91 2 3 -53 -36 -69 87 -37 58 -68 82 -32 -17 36 
21 -42 -80 -59 49 73 -5 54 -3 -36 50 -97 24 -42 61 -100 63 28 24 -76 -18 -20 42 90 -88 20 -87 71 24 1 70 24 50 -5 -6 -58 53 -34 63 73 -8 88 12 42 -16 3 37 -21 -52 9 8 -7 52 11 -41 23 -84 32 -93 88 -22 -80 -18 37 -92 13 -65 28 8 13 -94 -20 11 -40 -30 -89 65 -75 -75 98 -28 90 -7 -53 49 -43 -4 
-20 -5 20 -94 9 60 -60 83 -19 -26 -49 87 -65 -27 -33 21 -86 75 90 -30 -53 -9 16 -72 -34 85 -78 48 8 67 -100 -7 -87 -12 40 -81 -6 97 -93 81 -12 78 33 -52 35 -19 34 84 -48 50 100 -47 35 -31 42 7 26 63 45 -21 -6 -17 100 -31 19 -66 98 -38 -88 -17 19 22 -97 -7 -3 70 -12 12 -48 87 21 -43 40 -39 -100 81 12 
-81 -36 52 -87 51 6 34 -85 -34 7 -16 -8 58 32 -28 73 -32 20 1 2 -15 89 -92 -57 -89 -61 -55 39 97 -35 -80 -53 -47 47 40 -5 -50 54 -73 -76 19 -60 -4 -6 62 25 -30 81 51 -73 -28 96 -24 -41 -42 -45 -11 48 -41 -44 -91 -12 -82 75 -97 14 -68 -98 -57 -1 47 21 -52 94 -68 -36 -78 73 -70 76 66 -52 34 -56 76 74 -32 
79 97 65 86 -23 94 70 0 70 -7 -63 -55 -6 -6 1 -91 -77 -20 -68 6 52 -93 -97 48 -72 -65 -60 -83 91 3 97 9 53 -62 -14 -62 14 99 93 -74 30 30 -49 19 76 -44 -35 -54 -78 -10 20 13 82 23 -84 45 -49 -31 92 17 -36 82 39 95 47 79 60 65 -51 -91 24 -24 -56 -73 40 84 2 91 99 44 64 76 -64 21 30 -52 41 
-88 -83 -10 26 -7 -77 -57 30 91 -19 -9 -45 -2 78 -2 -95 -36 44 -6 -55 4 84 53 -74 -31 0 -50 -25 -8 71 -40 -10 -51 -29 -48 -100 -61 -1 25 -83 -45 -28 -33 -2 83 -7 -29 -98 92 -1 40 -13 -27 4 52 -97 88 -97 -42 61 -87 -19 -76 41 -5 47 -63 -78 39 -80 -72 -32 -48 -80 42 -38 43 36 -88 -6 85 94 56 51 -19 83 -70 
45 -29 -41 82 -17 -89 -92 25 12 19 -19 -18 48 -74 -11 -7 -91 -49 -85 27 -78 -80 70 -90 76 -76 53 -91 -66 -52 -4 -80 -55 -41 23 -2 -90 69 -57 64 -83 50 83 -18 100 -93 92 -23 64 -44 -9 65 13 -91 69 -21 -9 48 -8 62 69 10 -97 70 -28 46 42 88 -37 89 -44 50 17 62 94 -7 80 24 54 -6 -73 -35 -55 -66 49 15 50 
-74 -17 58 23 48 46 86 -75 -16 -47 26 66 -7 -27 94 -9 -100 -55 52 72 41 38 -33 -63 -34 -59 -1 -42 82 48 -51 -97 94 -68 94 79 -16 21 -8 25 58 22 19 97 -21 -1 37 -20 89 88 -28 -8 -66 36 58 -69 28 55 33 -71 99 -25 58 17 -37 -97 60 -54 -64 -88 -15 99 -49 15 -52 44 -9 -26 40 49 0 30 -44 87 91 28 57 
-75 -47 -17 28 6 -69 81 -69 4 -68 27 29 -28 -34 -9 58 -88 -31 -61 51 -84 -92 71 -58 -45 41 9 -53 51 14 75 50 88 -26 -90 74 -13 84 -43 49 -76 45 50 32 -84 36 10 61 -98 -14 -74 90 -93 -34 38 -14 -81 -51 -61 23 -25 30 82 -87 22 25 -70 -69 -84 -98 3 -96 -93 0 -33 -66 88 -9 -29 24 18 -40 5 100 36 1 4 
2 24 -44 32 -83 -36 23 -85 -53 77 88 -14 84 0 56 -7 -84 21 19 69 9 27 55 38 -94 84 11 -78 -15 67 22 -35 -65 -28 9 46 98 66 45 -49 -46 90 -3 -1 -61 16 38 56 -78 85 83 21 -26 -85 -51 -73 -99 -54 25 -72 50 -6 -40 -75 -21 10 35 39 -17 93 -44 92 17 24 -41 91 -61 94 33 -30 -1 39 -73 9 39 34 -72 
-41 60 -5 -27 57 -72 95 41 -75 -21 -53 -25 -66 -85 53 0 17 31 -100 -73 4 30 -15 90 5 79 54 -84 23 19 56 33 24 -75 -27 66 -80 -47 -95 31 32 69 9 -47 -7 26 -80 6 -86 95 -85 -63 5 -31 68 59 82 -15 91 -79 46 4 25 64 -40 88 52 -88 55 67 -30 11 5 -89 72 63 14 56 74 79 32 87 55 -49 97 62 -75 
-5 -65 -88 12 -82 37 -59 -22 29 9 94 95 72 23 77 99 26 78 26 -67 -5 77 -82 -33 -36 -94 -40 -49 -87 -48 79 -41 23 45 -74 83 54 22 -75 54 -54 -33 31 99 -45 71 -45 5 54 72 -80 -20 -13 -41 68 67 48 -69 29 71 -34 -82 52 43 -39 7 65 30 75 74 9 -15 85 -31 68 66 69 -5 24 -90 11 67 -95 -83 -1 -90 57 
-24 -12 -13 -90 -89 70 -66 0 -5 -38 -11 0 -62 -26 -48 12 90 5 27 -36 -54 -88 -41 -13 -84 -80 -45 79 11 22 93 -96 28 24 -42 -84 -27 39 65 33 46 15 -81 -44 -96 -48 -20 54 89 -68 38 39 23 70 73 7 0 -87 61 67 91 -87 24 -49 -95 25 -73 55 37 35 -33 42 -75 -43 7 -7 33 -57 85 -15 -27 95 -45 12 -39 -56 -84 
-82 74 -100 -19 59 8 -39 47 -28 -10 -90 -7 62 -84 -30 -44 9 99 -92 -4 -22 -70 62 77 -6 -50 -23 -25 -50 -96 -53 84 38 -28 27 -49 -62 11 -78 -5 -70 84 9 -81 -31 -30 65 50 10 63 54 61 97 97 5 -16 -92 39 44 -63 -13 27 31 21 69 -50 41 -72 3 79 -54 -17 -12 -43 44 56 -15 -6 -26 -69 83 -55 -50 23 86 73 89 
78 26 88 -8 -52 -7 -59 16 -74 35 60 47 95 95 -39 73 -52 7 78 -44 49 64 -93 -32 -74 -62 77 -10 -39 -90 -79 24 13 85 52 -97 -47 80 -41 -82 -50 80 40 29 89 -45 32 7 -84 56 55 2 12 -7 -17 -30 100 92 91 -18 -97 66 -29 -13 52 70 37 -14 -58 100 -45 -26 -40 82 -23 1 51 -52 5 -24 -85 59 25 37 -8 12 16 
-91 -30 81 -35 90 50 -37 -59 82 -4 58 52 70 -46 73 91 -89 50 -66 -10 -16 45 10 7 11 -86 -52 -6 -73 46 61 36 32 -4 -43 -7 -15 80 8 35 84 14 40 80 78 -88 -34 -74 63 13 -95 27 -45 98 6 -89 12 -87 65 27 98 62 -7 62 -83 28 68 29 -35 -2 -57 -91 -60 74 -61 -89 14 58 -96 13 -10 69 94 -10 73 63 75 
-16 -18 52 -45 -6 -94 -56 85 44 -90 -30 -2 78 -66 -42 -3 -85 46 16 -38 38 27 -85 73 62 34 95 72 -27 77 -49 79 -64 -99 -73 68 8 5 -17 -52 -97 7 -21 21 8 -63 -79 -7 -91 -31 37 86 12 27 -93 57 -14 -15 -40 -63 27 -82 90 36 43 71 -74 98 23 24 -4 42 7 57 -89 100 2 -26 54 60 -12 -37 10 -78 -27 -59 48 
-25 -61 30 77 83 -19 10 44 13 -33 -61 64 -68 77 48 10 43 43 14 54 -60 -66 -42 -51 63 5 -76 67 -8 77 -79 88 48 -92 15 90 30 4 45 69 -52 95 -98 -9 94 91 64 -100 -90 22 66 -90 8 -11 -46 -4 -74 -59 -15 -34 -43 -48 -66 91 57 -42 84 87 92 62 -88 -76 82 -66 -9 60 78 -87 0 79 -46 -6 -56 -84 40 -2 62 
-86 -69 73 3 -19 -94 62 6 -44 42 -8 -13 7 -66 17 62 -81 -73 -31 22 50 -51 22 -15 89 59 -73 29 16 23 76 28 -55 -42 -16 34 61 74 28 52 27 93 -51 -32 -92 -19 -18 13 16 -13 -71 98 -93 -28 -87 2 50 -44 -41 29 9 -91 -80 61 100 91 33 3 -40 40 -78 11 -9 -82 -82 10 -15 3 -100 77 72 64 -84 -89 -45 4 20 
58 -42 46 64 -99 65 -88 -34 12 71 -67 12 -86 -36 -27 76 -92 -33 23 1 71 -100 57 -7 67 -16 24 -59 2 -6 -21 -10 51 82 79 75 -97 -42 -73 -56 -33 99 33 -47 98 -38 -95 85 84 43 -47 33 -30 -36 -33 29 67 -78 -57 24 -33 -62 -59 11 55 71 27 -4 -71 -82 88 -96 -43 -54 -99 91 100 -88 40 -100 -12 35 49 -50 -78 -23 -57 
10 -61 71 63 0 -24 -2 81 -55 -52 56 73 7 36 -52 -5 -64 -79 41 11 57 18 23 8 -29 97 8 -31 74 -84 16 -1 -16 -46 98 -72 41 39 -70 12 -56 62 -38 82 0 93 64 -13 7 -59 6 37 -5 71 66 -58 50 53 67 77 81 -7 46 53 16 40 -59 -15 -66 73 -99 4 99 20 67 41 -74 -72 -51 -23 0 -17 27 -92 -51 -91 53 
-45 -90 13 4 38 48 67 13 34 -13 -39 -23 58 71 32 -41 16 98 2 -87 -55 -89 4 29 29 -41 59 -95 -28 -82 -27 -49 -7 -9 74 26 -65 -15 48 66 13 -35 75 -59 -10 47 28 67 64 84 -5 28 81 -17 -25 64 -40 -100 -63 31 15 0 86 5 -23 85 -85 73 -47 80 64 65 -1 -12 -43 39 -92 22 -31 4 -44 -38 -31 -63 13 -21 83 
6 71 -32 36 -42 -16 37 -16 -46 82 5 -89 28 -94 -6 -33 12 -47 17 61 66 60 -57 36 71 13 -95 92 -12 35 -2 36 -15 -85 -93 57 -98 -72 0 5 2 -97 -92 -44 -74 65 -85 -45 69 -84 20 -62 -94 12 -29 -26 -35 -7 20 -31 -27 -52 -56 -75 -57 35 88 3 -74 -62 -10 -7 31 56 36 -30 81 -93 -39 75 -97 -37 11 3 46 -65 -21 
-19 7 -88 2 -27 5 -34 -85 -30 -36 -13 -58 39 3 3 14 11 74 13 60 59 -76 -79 92 -19 17 58 -31 -48 65 -58 44 -47 94 19 -49 88 47 4 -26 1 -7 93 -50 31 74 11 -73 42 -75 26 7 8 -24 44 -84 -12 99 100 21 29 -10 -90 70 -69 96 59 -18 60 -60 80 73 33 -54 -74 96 89 30 -25 -39 25 -86 39 29 -67 53 30 
-80 -28 70 64 1 97 -63 14 52 3 85 97 -8 54 95 10 -43 -94 77 69 61 -73 -15 -46 -42 85 -91 78 -48 12 16 -72 77 -31 -55 -78 18 97 -2 83 -88 -99 -43 -21 19 12 64 69 26 89 -39 6 -49 32 -27 -11 -52 -42 43 -12 -74 -34 67 27 31 -84 -7 -19 -95 -74 -25 -65 -6 -28 34 53 -88 79 46 76 -86 79 -42 -3 -46 100 44 
-9 75 -50 20 98 -49 -14 24 4 72 -3 -49 28 85 -50 72 -30 -86 71 -97 77 -51 -33 15 -81 92 78 -68 -20 -25 25 -27 -56 71 41 86 -76 54 -46 -53 7 -24 79 4 -43 -1 24 -41 40 76 90 -47 -63 52 0 73 -56 73 22 -10 -51 66 -27 28 11 29 76 -21 -88 -63 -50 43 -19 85 99 10 4 63 -45 11 37 95 65 83 56 2 -9 
86 78 -48 -42 -52 71 19 88 46 50 -78 5 -41 -38 -60 16 -29 75 55 -4 34 50 92 82 14 11 30 53 -95 -99 -32 -57 -6 -79 -1 55 -96 70 65 -15 64 -65 -24 -1 55 -62 10 50 80 -5 -50 93 -6 95 91 29 -3 90 38 2 93 -3 20 -54 7 -22 71 97 -8 7 -19 94 68 -56 23 -20 83 -76 -13 -92 -7 47 -7 22 -2 -54 19 
-57 83 88 -37 82 95 -20 -47 -11 7 6 47 -90 84 26 1 -77 -10 91 80 13 -48 47 12 87 72 64 -32 47 8 -22 -79 47 8 74 -30 -93 7 -50 -40 -32 6 88 -80 82 -13 -66 88 78 -26 78 -3 13 83 -92 -21 59 -63 -76 -16 -9 33 -1 -18 69 21 -84 -47 -68 -29 86 4 62 61 45 -82 0 -67 67 -93 -5 92 -53 81 -20 -45 36 
-26 100 9 -32 81 48 7 4 93 4 90 44 -63 25 61 86 96 6 -28 10 76 -5 56 27 -78 -54 -77 -49 35 83 -22 -75 55 58 7 -21 -50 99 95 22 1 46 95 -72 14 -79 54 -74 65 -25 62 41 87 48 71 53 75 -56 -7 17 -72 -31 90 22 -37 68 23 91 -93 79 -74 51 64 94 31 40 -95 6 99 -38 88 -25 81 1 15 99 -13 
-75 -59 66 17 31 -8 42 -31 88 -61 -38 -100 44 13 -17 18 -56 -14 -20 95 21 -24 19 -95 22 -82 -12 82 -76 -23 -75 28 39 -66 -60 -44 -30 71 44 -10 -7 -47 -79 -12 -34 -100 -80 68 -67 14 41 -80 -21 -84 52 39 57 13 73 38 100 88 -75 -79 -78 -27 -55 87 -42 72 -35 -66 -31 96 71 97 70 -32 -24 -11 -9 -38 -66 -84 57 24 1 
82 -59 -39 -21 -26 41 -29 -41 13 23 -2 73 -41 -44 61 67 39 66 45 -82 -67 47 -47 52 -38 90 51 62 95 59 -41 26 -51 -92 -88 56 -66 73 94 -51 93 -24 5 -54 -5 -13 -44 60 -45 -75 29 96 -58 -98 87 -29 -67 57 16 39 46 19 -54 -90 -69 -99 65 30 -31 53 -40 46 -12 60 75 67 -36 -7 24 -82 -96 67 -84 79 66 -21 -73 
-79 28 62 89 18 65 -31 3 73 79 -37 -11 79 -91 -35 -76 98 36 -30 -81 51 -6 -75 11 39 84 -26 -90 -35 15 -38 -30 96 -91 58 46 61 14 41 -44 87 -83 26 72 72 -40 -6 23 31 -95 85 81 -46 19 18 91 31 -89 15 68 37 -88 -61 -7 -70 56 -47 28 2 -54 -73 -55 -51 11 -49 38 2 -21 -80 -34 41 10 100 41 -64 -99 -8 
91 11 -60 41 -37 -78 -60 36 70 96 -76 39 -19 35 -91 81 -38 5 -52 -31 96 -6 21 50 -93 -53 13 -100 30 56 56 -52 36 24 1 -70 -10 0 67 -8 -23 -76 47 -57 -91 -82 58 12 -30 -79 78 60 -85 1 -23 60 -34 93 77 62 5 18 -66 -65 19 -28 -39 16 55 -3 -28 38 -35 44 -98 45 -88 13 55 78 -36 26 19 -52 -75 -32 73 
86 79 74 60 26 -76 -65 -86 -92 88 65 -79 93 47 79 54 -53 26 2 -80 13 -28 -11 26 72 64 77 -74 77 -58 98 -40 -29 60 12 -4 -87 -65 57 59 -36 68 27 68 73 -39 -13 -64 -17 -35 -55 -29 5 -68 -35 49 55 48 15 20 -54 12 76 -77 -47 81 -2 -20 9 16 55 -83 67 -58 85 72 14 -45 -83 -46 41 -16 34 -23 88 -76 16 
-44 36 58 -62 -83 42 53 -1 24 20 -84 -67 -65 -15 -22 25 -48 94 66 3 91 -50 36 98 40 -86 -41 -84 -38 25 -11 -43 15 94 -92 -37 -51 17 -56 -37 11 -52 -93 44 80 -2 72 51 13 83 -55 6 -88 -14 48 -1 -9 -78 29 -9 -21 -16 -65 -42 19 97 -36 -97 63 66 -31 2 -24 -88 -12 44 -14 68 56 -19 25 47 -100 94 -90 1 -57 
53 -13 1 88 73 -82 -47 57 -75 67 -32 20 -67 -98 -91 -93 -7 -36 -69 87 -35 -16 -67 63 -82 -16 76 -14 42 -16 22 35 55 -67 -42 24 46 44 33 -72 -83 92 -52 -7 -66 46 61 28 -94 -16 25 30 -12 -100 49 83 70 9 -23 50 -97 -37 -57 56 12 12 -3 27 -22 -83 -7 -39 27 36 94 29 -44 -94 7 -61 -78 -74 -83 31 98 4 -9 
-50 12 10 44 0 -8 96 -76 -68 90 -45 95 81 -79 -5 -1 43 -5 19 88 67 -79 92 -23 -22 -5 -25 -53 -25 75 -69 72 89 18 -96 52 -37 12 51 -68 18 48 -77 58 -20 61 -41 -5 -25 -5 -41 -70 8 -2 31 -31 -40 31 87 -28 44 76 -37 51 5 0 -49 -96 -60 71 63 61 -50 -31 63 -69 33 -36 81 -75 -91 99 83 -64 -42 3 7 
-89 30 70 -48 -12 31 -54 -8 -44 -42 -93 92 -10 15 -54 -76 -56 10 -58 -91 -21 -65 -18 -90 -54 -29 -41 34 -36 -84 87 57 93 -43 -28 -18 -72 -4 -39 84 14 -84 -4 -10 -56 -96 78 78 52 -99 -81 -18 69 79 -71 -98 -66 35 26 -66 61 35 95 -73 19 -66 -40 -27 92 -75 -33 -23 -78 85 52 3 -77 12 -85 -34 -81 -62 94 -91 36 -14 -67 
70 83 -63 80 -72 32 -70 52 2 -62 84 -73 50 49 -93 85 38 -56 -68 87 83 82 -22 -5 -80 -31 -42 90 59 49 27 66 60 -7 -53 -54 -60 -79 65 -12 -72 48 -47 85 90 -34 81 21 -59 -10 82 38 63 -37 -28 15 3 -34 30 32 -58 -4 -90 -22 33 -41 61 37 -91 26 30 -23 19 -86 24 -17 9 22 -5 -55 64 -33 -100 -64 -68 92 -57 
-57 49 -46 -60 25 72 80 -38 -69 -3 -61 -37 7 -59 18 43 12 54 -23 -40 29 -48 29 89 -82 100 28 59 -18 86 -70 -43 32 -40 89 -10 -48 52 -64 70 -28 -11 -18 -85 -3 -15 -2 -96 -89 1 20 17 -38 86 -94 -65 -16 89 -73 -71 -58 15 41 -58 48 92 41 -52 54 -43 -96 72 -42 77 -25 4 -56 24 -90 20 48 99 -80 93 -63 -71 59 
-48 -29 -24 28 64 -54 -69 4 23 -79 97 -92 -73 -43 62 77 11 83 -43 58 69 -26 2 85 68 -98 -3 63 42 -83 -35 -6 34 56 -80 -30 -95 -39 72 44 -41 16 -90 -8 -31 -58 -4 -6 -70 -64 -42 12 38 -38 -50 95 100 13 62 93 24 15 78 13 89 -24 -15 -67 -20 -86 -64 71 -20 -4 -6 70 38 64 -50 27 38 30 -46 1 -52 -31 -89 
-61 -21 28 44 -75 71 98 -96 79 -39 72 -7 71 -24 -57 67 -32 -86 -64 17 -46 -60 50 17 -1 5 4 -66 96 -78 16 -44 -6 -52 -38 -95 -8 91 -57 90 -93 -53 64 -48 30 45 91 97 51 -80 19 4 37 -54 68 74 -57 95 -62 67 3 24 10 47 -68 -61 -44 61 -97 -18 12 -55 -3 -48 -92 -11 -60 -2 -69 -99 -84 -32 -74 -38 18 81 8 
55 -41 15 8 -10 -26 -28 -29 57 13 -36 91 -20 88 41 -42 46 -38 38 4 17 52 22 47 -34 24 -46 -30 -78 -80 22 82 16 47 -94 -56 -16 18 -57 61 -86 -96 43 -97 -97 -47 -21 -32 57 75 13 -36 6 82 90 21 -2 -42 38 58 -25 -55 77 54 32 38 -43 -77 -81 -57 -27 9 -29 53 13 -43 14 -75 33 -63 -21 -49 19 -65 -65 -46 -9 
-57 -83 -25 53 -35 -93 -93 -1 72 -57 -39 92 -71 -3 -92 -57 94 40 97 86 65 32 -49 -67 -32 81 -9 -54 46 51 68 -94 -69 88 83 -69 -71 -69 8 -60 35 -64 -45 -2 -68 52 48 26 61 1 37 72 -85 9 -8 -36 59 3 72 -43 -7 54 38 53 58 18 1 17 -51 -24 3 55 -33 72 -95 -75 0 -92 -96 -38 -34 88 -71 53 -97 -57 -32 
85 -84 -61 -56 -65 6 41 77 21 97 -83 61 -14 64 15 39 -80 -32 85 41 -81 20 -6 45 -8 -61 80 4 87 -89 -97 -52 -8 -90 -47 -75 89 60 87 46 -13 77 64 79 100 -64 54 43 -33 -73 1 -1 26 -54 57 74 74 24 -65 100 48 -51 64 -50 -53 44 58 -54 39 -1 15 -9 67 7 70 -28 -23 12 -41 91 32 14 73 -1 85 29 -12 
-67 -97 -56 78 14 48 -59 100 -82 -66 -29 -59 -94 51 -75 66 15 -15 0 78 -2 91 -19 92 60 13 -77 -90 -64 -5 -53 53 -95 24 -51 15 92 -48 20 53 -77 41 -14 -99 67 57 -8 10 -89 50 -76 -61 -63 -66 71 -12 70 48 13 58 85 64 -68 -27 -6 36 -75 -26 8 -82 22 -54 92 22 50 23 13 -79 -42 -56 50 -66 56 -26 51 16 -57 
92 -36 -53 -68 -42 18 -21 1 -28 -92 92 -10 62 -51 87 -10 -25 -53 27 -62 -81 -4 97 -49 -51 -24 -85 54 -75 -75 -80 -37 80 68 -50 -9 -53 93 -80 -86 -84 -63 -54 59 -9 90 35 -76 42 41 20 -62 19 56 24 -9 18 50 -29 85 30 45 50 -20 98 -8 84 -11 57 -4 87 -39 -79 15 -53 35 83 -41 40 -62 27 91 -94 -93 56 15 -86 
76 97 55 -19 28 -10 8 -22 79 83 14 -54 -36 -8 -41 -35 -89 7 -24 -80 32 36 -35 -92 -31 95 -46 56 79 -87 -53 42 -32 56 51 -6 75 69 -35 90 -58 -1 -92 -7 11 -96 83 70 88 -41 -92 94 -89 77 -1 7 -7 34 69 83 -64 73 -65 -46 -96 -86 41 35 -43 22 44 -19 -17 -44 -6 98 -82 -45 77 16 -30 -94 96 -69 53 -36 49 
57 87 -55 -79 -33 -15 -44 -64 100 52 47 -17 -59 -27 15 -40 -7 -63 -56 -16 -38 74 73 70 -32 10 -69 1 -54 -6 -67 46 42 51 -98 -14 -12 38 84 96 19 33 -55 68 -12 91 -31 -43 56 82 -43 -35 58 -8 -63 -30 -27 -79 17 -3 -33 -46 96 22 76 32 -41 42 51 -57 -78 66 4 52 -91 89 -18 -53 0 -17 -27 2 -29 16 -87 5 73 
60 17 0 68 -67 -54 73 75 97 -77 1 -60 52 70 -59 50 -27 -18 91 -53 -19 51 -16 80 44 8 51 -39 -46 29 31 61 -67 12 4 -38 -50 63 -21 -2 -29 43 -73 71 36 92 54 1 91 97 -98 54 52 60 67 90 -51 64 -60 -60 -18 94 97 -36 -33 67 -35 43 -68 -77 -13 -23 -93 -20 -83 -63 -4 89 -49 92 -43 80 -20 -56 27 -90 94 
7 -18 -83 -18 72 -46 -25 49 72 37 29 16 -75 7 2 12 -64 -31 -74 -51 47 31 83 -45 26 6 -81 -85 -80 -8 -33 95 68 -45 94 68 99 46 -85 -87 -55 -31 63 -58 2 32 78 -83 94 -15 -67 10 -42 -87 -15 19 -88 -65 57 -14 93 100 -73 67 -75 -95 45 -65 -88 -61 -1 -3 -48 -15 55 14 8 -21 -79 -17 27 -16 -51 -59 13 99 -23 
-54 86 42 -6 -64 -25 -31 -38 -7 -16 59 21 81 -68 -80 -29 -18 -10 -70 -57 -32 -8 8 69 99 -54 -51 -4 -65 97 -48 -100 -22 77 -8 24 -66 -97 -46 -4 -95 67 -56 -54 -93 19 -63 -64 61 -53 98 -15 41 -8 79 45 -67 8 -7 -21 -16 39 58 90 79 -14 63 66 -81 63 3 15 -14 -30 75 -67 -78 -47 -40 -48 -72 -40 -66 -57 98 -37 -80 
-76 33 25 4 38 -19 -3 83 -85 -13 63 67 83 78 -14 32 11 -57 -97 -26 5 13 -49 21 -96 0 -48 46 12 2 71 71 57 -61 -24 61 -78 -22 -14 -8 -83 60 -19 93 -98 -39 79 0 3 46 -43 -72 -42 -76 87 -54 82 40 21 80 -36 -5 26 -21 4 30 6 22 16 -2 82 -38 -50 -59 -27 84 12 -70 44 93 -50 -26 11 -24 26 23 61 
61 -78 17 -92 7 -69 60 -8 -14 -91 100 -21 -20 -68 -10 -26 83 20 -82 11 86 66 96 0 2 -19 -23 -32 -75 -11 53 72 100 -35 -74 22 37 8 -13 79 58 30 44 72 -8 -40 6 -53 26 -21 -3 51 81 -38 26 -61 71 -76 -98 82 64 89 -23 -20 -18 32 29 25 -74 -3 40 -91 50 -68 -59 23 25 79 11 -97 -7 65 80 -91 28 -65 -41 
-68 87 3 76 8 37 -27 71 29 -3 48 -41 95 -31 68 -82 35 -20 27 37 60 -72 77 60 68 32 -1 -51 19 -38 -83 82 -77 -19 -22 -93 54 74 -35 95 -40 47 -2 -94 94 93 -42 56 -97 24 -1 28 96 -83 34 75 89 29 28 10 63 84 -95 -93 69 -63 11 97 37 87 4 64 -15 6 -67 58 55 17 91 -65 33 -30 31 -53 -96 40 65 
23 13 72 -77 -67 -73 -91 66 -73 70 -54 16 64 7 10 2 -93 -59 90 -99 70 -15 32 -65 33 53 -95 -77 -8 0 52 18 -54 -38 -2 -28 -86 98 68 82 -95 -50 75 -60 80 -19 12 -10 71 18 -73 75 99 76 39 38 71 -16 -97 5 19 -41 -80 41 56 82 -5 -70 -18 11 -47 -64 -2 77 -18 82 -27 18 -92 -86 -47 -88 66 -89 57 -7 52 
-18 -42 87 95 48 -33 95 42 -46 12 87 47 -33 -92 -38 75 -48 -31 -88 -2 81 92 28 -68 77 41 3 -46 14 84 16 73 79 -60 55 35 15 3 -32 90 -19 74 92 40 -29 -55 -40 10 100 -18 -17 -51 4 72 -79 -86 -15 -21 4 -79 -38 -9 -98 -35 89 83 -22 -83 -89 94 57 18 46 92 77 -52 42 -11 88 17 18 -20 67 42 1 -16 74 
77 31 37 -16 -63 -52 71 -86 59 -78 12 46 -75 25 57 -91 5 22 -43 -62 88 0 80 -90 -18 -82 46 -59 -91 53 31 97 -31 89 -40 28 -89 40 26 61 7 -86 45 -82 73 -82 81 -47 96 4 57 87 3 -15 80 -52 87 79 -96 16 95 -57 9 -22 -17 -8 -34 98 -26 -58 -83 99 66 34 -23 -5 -3 -47 23 -7 35 -77 78 11 -35 -90 88 
-65 -87 30 4 10 -43 -34 -64 -42 6 -29 80 -8 96 89 -63 65 -20 73 51 45 -20 -73 -16 68 -47 96 -34 -41 60 68 -20 94 -85 90 82 71 25 19 -57 46 50 32 -89 -38 -4 -25 37 52 93 -48 91 -16 32 36 4 -71 -9 -100 92 24 26 33 -66 56 22 -74 16 47 -48 73 22 60 20 -12 72 -34 32 78 -60 -84 4 31 -84 -74 -57 -2 
-60 -48 -77 54 10 -59 95 -80 86 87 -39 29 -35 -67 82 -74 -61 60 9 -19 -68 85 -20 -26 -86 94 70 -85 70 15 53 8 12 -98 77 59 -12 9 78 98 -38 16 26 3 87 34 68 -5 -32 -89 -14 65 75 72 96 26 13 -70 -70 26 -25 29 -67 -100 26 -16 -55 -55 -81 -47 49 33 -42 61 -56 -26 41 -8 -7 26 -79 -72 53 66 78 21 18 
-68 -60 78 -64 -85 -92 -62 99 -56 24 -90 46 98 56 73 34 -88 29 65 -51 67 34 -58 -96 -47 11 -40 -100 -37 100 70 52 94 -17 -40 -84 -9 51 70 -79 -8 62 -66 -72 -93 -67 -20 37 50 -25 -72 -45 -57 -9 -24 -12 27 -94 -2 31 -48 55 58 -4 -71 5 95 21 96 -47 13 -25 66 3 -33 73 -23 59 -34 -25 -3 3 3 -71 62 67 28 
15 -65 -82 34 -20 61 -86 81 -55 -16 -24 -62 -80 -63 -67 56 37 -51 -2 51 -64 42 -11 -83 58 53 -76 -30 -28 -99 87 30 -24 -57 -17 28 -45 13 -78 100 -57 -38 -50 92 82 26 38 -97 13 8 -19 68 92 -8 -23 60 67 83 73 96 42 -98 77 82 89 82 -28 -58 75 -7 80 45 -48 -88 -18 -27 46 -39 77 -30 29 -30 97 7 71 22 11 
-12 80 29 -27 65 -61 24 -72 42 -10 3 -98 24 20 -50 -14 -28 -17 -5 42 5 -77 82 -64 13 38 95 -50 -85 -62 16 -41 -59 -99 78 -31 40 36 -80 -59 37 3 31 70 0 -58 62 -91 14 89 33 24 -34 60 -95 56 -20 97 82 85 7 -22 -83 72 10 80 -77 99 51 -39 78 10 -61 42 29 34 -63 -18 82 58 88 -90 -85 48 -44 -91 41 
28 63 55 35 27 58 -38 -5 -18 -28 -11 39 -55 -46 84 -74 89 56 -65 73 -69 51 -63 0 33 -57 -56 -77 -99 -18 -29 -66 -19 -100 -26 -87 -82 56 18 -26 64 -12 95 40 -79 -64 -47 -40 41 -52 -9 -76 -69 30 3 -62 83 -28 15 -40 -16 2 100 89 -83 -57 -5 28 -36 -9 -2 25 -64 3 -76 10 -70 73 38 32 -74 8 83 -78 25 -35 -94 
-98 32 -97 -37 -1 -15 -61 66 21 -62 -27 -60 36 11 -4 85 14 31 -36 -61 -37 15 33 -85 55 -74 -90 -28 -25 60 93 10 -73 -76 -93 35 -54 67 9 -57 -14 78 74 -29 27 42 26 50 16 7 54 3 -78 32 -97 -38 -18 -13 28 6 54 -99 -62 60 21 -21 -52 -51 67 81 -39 -43 -52 -26 -89 76 -44 -85 -52 -97 -14 -85 26 90 37 -86 92 
-45 45 22 -83 95 64 -57 84 10 -94 65 82 6 -31 -14 -65 40 6 -3 -28 55 70 55 -89 -62 91 -69 61 -39 9 9 -45 -91 8 76 75 -78 42 94 18 -14 67 -9 4 -73 -39 55 -64 -43 -26 -40 -49 47 -71 85 -75 -71 49 -84 -69 -33 62 1 61 84 96 -61 5 -10 -4 -87 29 -77 -28 -87 -97 -14 -90 32 69 -97 23 -5 -3 53 24 24 
-25 11 -67 -39 -21 -79 23 -88 17 -75 82 -12 62 -27 -79 76 23 -3 -21 53 7 71 81 71 45 -53 7 -94 69 -9 -17 76 95 -82 92 57 0 99 -7 -61 -5 72 -6 -33 -92 86 43 -21 30 -73 3 34 -69 -65 14 90 42 -46 -79 -57 -12 59 -16 -33 -76 10 -95 41 51 54 31 -81 -91 7 93 -8 92 -58 -44 35 -6 75 7 91 -77 -12 -57 
39 47 67 39 -54 -40 -79 2 35 -29 -1 89 74 -43 77 72 78 95 -87 53 -43 36 -17 -17 5 -59 -38 -23 29 65 63 62 96 -58 5 67 -90 83 -41 100 77 -38 64 -29 45 39 99 -87 -47 -8 28 30 12 -42 -54 -26 12 -6 35 -98 -32 61 26 0 -24 31 -80 -99 -71 83 -9 -25 80 -97 20 57 -43 -2 -5 93 66 -16 56 75 26 -2 52 
-71 4 -97 50 45 37 -7 78 -72 -41 -99 77 88 -45 -15 56 -59 72 -35 27 88 83 67 -52 71 -100 35 -78 30 -59 13 85 13 44 29 -49 -79 93 -42 -22 63 -13 -20 -65 29 -70 9 72 -90 -98 38 -3 21 -38 -36 88 58 36 75 -5 -17 -93 -98 -16 -7 -58 93 26 -87 -1 15 18 -62 85 -17 -88 -35 -56 2 -1 -43 98 17 44 -92 -39 25 
52 -97 46 -47 -13 90 -51 -14 97 -79 77 -76 -5 -4 -70 29 18 -53 -57 94 93 31 -88 -56 -61 3 86 -11 -18 -98 29 -24 -70 -74 -63 -25 30 14 -22 -86 65 32 52 83 -67 98 -73 -87 75 87 -26 94 65 -4 -75 -7 -69 15 -97 16 69 50 12 92 68 0 -35 -93 86 -15 -82 -20 93 -13 40 70 -70 -85 -14 -78 -21 74 -12 -25 -86 32 -32 
3 -67 -24 -74 17 -9 -34 -35 38 -42 -12 40 -77 74 18 -56 -79 47 -5 67 -33 77 -71 -56 -5 -11 21 -71 100 -62 8 67 29 -48 -23 70 89 1 -89 -21 -41 43 33 -58 61 31 -43 28 67 -67 67 -71 -77 84 62 0 -58 65 82 -3 -14 16 -29 4 55 -86 -26 -77 -18 -6 75 -57 45 100 90 -47 76 43 28 -12 21 -98 43 -42 50 93 35 
81 -55 -37 -56 68 -93 0 -56 -94 -87 -68 -25 -47 -86 83 -78 28 33 43 22 -18 -50 -37 63 -39 52 37 -74 -42 -21 12 77 -54 -15 -98 -39 3 4 -81 17 5 24 -1 -20 -67 -7 -81 11 -42 9 9 -67 52 8 -58 -14 73 -39 -29 -82 96 85 84 72 88 -59 74 69 -41 -89 99 5 16 23 0 57 48 16 56 -57 -50 -19 -48 13 100 -27 53 
29 -28 -97 34 -91 -34 98 -55 -83 -92 -22 -73 -60 -17 3 83 -56 99 -40 -58 30 -22 36 16 62 45 -52 78 77 -84 -63 -28 -61 74 -51 81 38 -94 -2 -43 -30 -40 32 -93 89 64 -54 94 8 76 49 -9 -14 -99 -91 -63 24 -2 56 86 -90 65 32 -90 31 12 38 95 -55 90 48 84 -54 -98 -1 -37 -10 -91 -67 -68 67 -12 16 -5 6 28 -100 
-63 -86 69 -16 -2 9 -16 -6 -54 -65 55 23 -72 -6 -40 -48 85 58 72 -76 54 17 91 -91 9 -96 -40 -37 2 62 -49 -28 100 -59 -80 -25 -95 -22 14 -3 10 74 -78 -81 16 91 -46 60 12 -33 23 38 -70 89 7 84 -76 -8 98 37 67 -17 -16 83 26 66 -87 -99 -10 75 67 68 71 -4 21 31 -77 68 60 39 -80 -81 78 -60 15 79 16 
-10 33 -38 45 39 61 99 -87 69 -80 79 -36 64 66 -45 66 -24 25 90 35 -71 -30 -81 16 -53 -76 36 -52 -13 -95 -52 36 81 50 37 -21 67 4 89 33 36 73 41 -56 29 99 23 -73 -43 -63 45 26 -74 93 -97 95 -75 -20 -55 -80 -73 74 24 64 63 -58 -39 62 33 16 -33 -52 -65 41 86 93 59 100 77 -39 -49 28 1 94 -14 -32 -66 
-76 -17 59 -26 -43 -67 46 -40 71 -77 -34 95 78 -85 31 -26 60 95 77 28 -73 69 -10 9 21 37 24 -55 -5 29 96 2 56 13 -10 -28 -90 -61 -26 46 -50 48 -65 -51 80 40 -20 -52 -28 38 -60 88 60 30 -11 62 -41 74 48 -60 -73 -14 79 84 -51 93 53 1 -90 71 -68 -58 5 -30 36 -16 70 -12 -3 -95 -75 -91 27 73 13 54 -74 
18 97 -63 70 6 -40 -62 -89 21 22 65 37 -99 6 78 18 16 86 26 -75 10 40 48 -66 -47 -2 -16 -33 -33 -2 11 81 16 41 -27 100 85 -56 56 23 -53 11 -40 50 -73 -11 -82 -35 -43 -38 33 26 -60 50 25 0 8 1 -62 43 40 -19 0 -63 -60 13 34 -3 -51 -93 -27 75 -67 -57 -9 93 -35 -85 -10 -79 84 100 71 -50 -1 -92 -89 
-42 49 -77 50 -16 1 24 -63 -26 41 -14 34 14 -94 85 -85 17 -73 -22 -5 31 -92 -93 -43 -19 -10 -81 45 76 85 -55 -94 56 -74 -74 59 -76 -19 1 43 -34 -79 68 100 7 87 -16 -40 -63 62 -1 -54 -9 23 60 -12 35 32 -36 -55 94 -16 -62 -9 -46 3 -9 -84 -66 12 -50 59 -81 61 56 -26 -61 -21 87 1 87 60 34 63 96 66 -78 
-76 77 92 46 -13 -83 96 28 -82 42 -48 -85 86 -78 21 -2 62 -28 60 -67 -76 37 -40 27 94 -69 61 -82 -60 -26 -51 41 23 -26 49 96 -45 12 3 42 96 0 -62 -90 -21 -41 -64 14 2 -74 -41 -12 -2 -98 -96 15 57 92 -66 -55 76 -34 60 69 -28 -51 74 3 -28 74 -49 -100 -65 50 55 -9 -45 15 51 -7 39 -2 36 67 90 23 -50 
40 -44 -98 24 -47 -86 98 -93 36 29 16 -84 -98 -79 90 35 -15 -53 -46 47 35 -100 -19 -53 16 -44 89 78 -92 -49 82 94 -48 38 12 -75 -52 -52 -51 -6 -50 -11 -57 -17 53 -54 -50 -74 39 -94 49 85 -34 -81 -5 37 93 18 45 83 -33 -89 -71 -14 97 -1 -48 43 22 -24 0 -88 -9 -29 56 -48 59 5 38 -21 -18 2 29 74 -36 51 -98 
-1 23 12 18 81 51 46 42 -85 54 -85 -53 87 46 17 -89 -41 95 86 19 -26 -62 -49 -42 9 1 -35 65 -74 -1 6 78 45 50 78 -29 88 -91 94 47 -70 48 91 45 -63 67 -55 -66 -25 -68 67 -78 -30 -66 -89 -31 -47 10 35 23 6 94 -67 68 76 29 -80 -9 78 -11 42 86 59 60 -85 -72 12 23 -83 -37 -93 -79 91 77 53 -34 51 
-66 70 41 43 -31 -67 57 90 -87 19 -65 20 -62 -7 82 -59 -8 -85 -5 -85 -30 -8 69 -29 9 -53 -58 57 -81 54 -66 -14 81 -53 88 -61 69 78 43 100 30 -95 39 -91 -90 -87 -61 48 -91 52 -24 44 43 -47 -37 77 66 84 74 56 -59 -75 -93 20 83 10 48 -4 -71 2 41 22 -32 -71 -31 -83 35 70 39 44 -76 -100 -26 -44 -17 -92 24 
-100 50 36 45 -52 60 91 62 -60 98 -58 59 -63 -12 89 -20 52 90 42 50 15 -20 66 -89 -69 34 51 19 48 68 52 89 21 36 -90 5 82 -83 -31 -89 -11 -22 -99 83 -97 29 -23 74 79 -88 -67 68 -71 -51 94 -32 -39 -19 -66 4 -36 37 -32 -8 -85 13 25 -96 19 -21 -86 82 33 -68 46 43 50 15 -69 -78 28 37 -51 12 73 -65 57 
-61 33 -17 -19 -38 73 -75 -13 -93 40 79 -45 94 51 52 -44 79 -85 25 -42 -58 -35 90 12 -44 -33 75 -9 -98 -28 14 91 -33 -21 -87 -62 -56 12 -3 -90 95 35 -82 -88 38 79 54 -31 52 60 -96 -68 52 87 84 -64 -9 -64 -33 -44 35 -24 95 82 -44 -37 37 -93 -43 94 -61 -69 21 -80 68 -14 -49 73 8 -4 48 0 -10 -94 -28 -26 -37 
90 73 -1 -92 -96 -32 9 -40 -5 31 -24 95 46 -32 46 -47 -28 -16 21 -52 -39 37 -100 -68 31 17 64 25 54 -37 -61 -84 74 -18 11 50 -78 70 97 -82 -7 -2 -12 -9 -5 11 49 11 22 54 -18 -100 11 59 -58 -95 36 -3 -69 -11 27 52 -13 -65 -92 -74 -81 -33 60 -33 47 84 65 11 -51 36 -95 -99 -40 3 87 24 -43 93 59 -43 59 
81 39 66 52 88 -44 56 97 -62 20 100 23 10 -38 -53 -45 30 0 -44 -3 31 -48 25 -7 -94 -8 -19 93 -91 -35 -94 12 -28 -20 56 -19 -64 -99 -13 28 -12 -18 -80 58 50 35 59 -48 71 -85 -26 -92 -83 -53 -87 75 -57 49 -71 -68 29 91 63 -69 -61 -57 48 -21 -20 63 16 -87 97 -9 47 58 79 -12 28 -71 -46 -16 6 -31 17 28 3 
-38 7 67 -66 24 -16 21 -100 -74 -99 68 -74 -28 11 -19 -30 -20 29 -50 13 81 -1 -75 12 -81 46 -88 -66 27 -19 11 -70 34 -22 -10 23 88 -53 -70 43 15 -8 65 55 -11 6 -84 94 -52 45 32 91 -94 -96 10 21 45 65 72 37 63 -66 15 62 47 16 -79 -44 40 -37 -99 -71 -30 -62 -93 -25 -1 -67 -46 -8 -39 -19 -100 -20 14 -30 22 
29 -85 69 76 92 -94 81 -60 -43 -89 -68 72 -50 32 98 34 31 54 -53 18 -86 75 13 -10 83 -93 86 19 -77 -84 20 0 5 -96 -10 -81 -54 -91 -50 80 66 -17 90 51 -24 -13 34 -88 -55 70 -93 37 -71 67 54 -5 -17 -49 -18 56 44 -21 -42 12 29 -28 58 52 85 61 -44 33 -37 -20 -62 -20 8 62 -59 6 -56 81 88 42 98 93 93 
6 7 -86 -14 83 -97 -97 29 73 26 -88 91 70 6 23 -6 45 63 53 -80 51 -54 -2 -10 -64 54 73 71 37 94 94 5 -97 99 29 -45 22 -45 -17 -62 -67 -57 3 -88 -58 57 -50 -43 -41 76 -56 22 -54 -60 1 -74 71 -19 -84 20 -49 31 0 33 -40 -29 -79 93 82 -7 33 5 -29 40 -79 93 -94 26 -75 -64 -64 90 -55 -65 -83 -62 60 
-39 86 -76 -72 37 57 -31 -29 -86 -24 -67 31 -20 97 54 -68 71 -2 21 75 59 47 34 89 39 90 -4 86 -35 -31 38 -57 63 -92 -17 -13 -51 42 -13 92 -5 -71 75 -97 16 -52 20 -96 46 -80 84 -14 -15 -64 -57 -74 92 43 -11 -66 -41 -51 6 -58 -99 73 -98 -66 -60 56 92 -61 -66 78 -66 -82 -14 -3 -27 49 62 -77 56 97 2 23 -38 
59 65 89 65 72 -82 -97 58 -77 -81 -43 -91 -51 10 -87 70 -88 -57 16 -17 52 32 92 -3 9 -98 -6 0 31 82 -29 17 -23 28 -62 -13 -79 -61 -78 4 94 -65 -62 -59 -56 27 -41 -15 78 -76 82 -65 -46 7 91 -76 4 -51 81 62 19 45 100 66 90 26 63 -46 -30 34 -85 -98 -21 81 73 70 85 -89 -45 24 25 -13 75 73 -66 85 64 
52 88 6 -11 -23 84 -9 29 37 20 91 19 36 -22 -19 -80 -70 -5 -27 96 49 40 6 70 22 -100 -38 -81 52 94 92 -2 -71 17 -64 54 77 93 11 64 7 100 -31 -68 8 37 -93 43 -89 97 -36 -50 -71 98 41 91 53 -11 -4 -59 24 -79 57 -8 27 -39 22 65 52 -34 -45 -52 -53 -27 89 51 -38 17 -2 29 -83 -27 33 -67 87 -35 -35 
-4 45 -76 -1 -58 86 93 -20 51 -26 60 98 -96 64 49 -5 -51 -33 -53 -61 -41 -94 9 87 22 66 -44 0 -34 64 -16 -61 39 0 57 -37 -71 41 21 60 69 -20 71 -98 98 70 -51 -57 11 76 -97 43 -25 -8 -87 -26 46 -53 -65 -17 -13 89 26 92 -3 -44 41 92 -49 -3 -30 -50 -36 73 -73 -3 16 36 -70 58 45 -14 98 86 87 -63 11 
33 28 -48 -60 81 -78 89 -93 -73 85 93 81 93 35 -29 21 -25 5 64 77 14 -53 -81 25 -87 31 -13 81 95 86 21 -5 -66 0 73 63 90 -32 -5 40 64 -20 -29 3 -11 80 -69 -61 66 77 -6 25 -88 -23 89 46 -50 64 -36 53 75 42 78 -75 -40 -73 -51 -89 -91 -39 92 88 6 12 -57 -20 -8 -95 47 -94 -38 -49 -53 24 18 27 -35 
32 90 3 36 -13 35 -37 -41 95 39 -68 -47 -93 27 -95 94 67 55 -32 73 80 -14 -51 -80 50 90 95 -3 -92 76 1 46 79 87 -27 81 91 78 7 -4 74 21 37 -40 -2 -23 38 33 6 -42 54 27 -27 -16 -25 -65 -20 -66 23 -31 71 72 -51 52 -96 90 -86 41 -17 -16 72 35 61 73 -55 4 72 55 -49 21 89 -61 -70 -58 -36 -64 -21 
32 91 -37 -47 -62 -55 80 89 15 -89 -11 38 65 -33 -46 43 -39 -87 14 -96 26 41 -64 -45 -92 -32 21 -1 -98 -27 -30 -45 99 47 -64 46 92 -26 31 -72 22 -27 27 23 -81 -48 -56 67 10 -64 -83 -45 6 26 7 99 -67 -94 -76 -83 93 -49 -24 63 43 -95 0 44 28 -66 43 68 -36 66 91 -72 -55 -64 -88 -68 -90 -4 -44 50 -65 4 50 
18 -82 35 -82 13 12 42 -28 96 -76 12 -5 8 71 -54 -19 41 -12 85 72 41 -17 -13 -41 73 -42 -55 -83 68 -24 -40 -11 -37 90 -52 87 20 71 -24 20 -43 21 77 81 45 14 42 -17 -15 -52 -52 -47 -14 44 -26 -75 -15 -63 82 57 -93 58 2 45 -61 11 8 -48 -75 -64 11 -81 -54 -42 41 -74 78 -60 -85 -38 -44 23 35 -81 -15 97 8 
88 64 8 97 21 -44 -91 34 -8 75 -63 -60 70 81 -30 -39 55 -17 68 61 74 -29 -36 -61 67 16 62 -86 -8 -41 49 -27 9 -99 -8 26 65 -51 86 84 83 16 -24 36 -35 -77 61 13 64 -100 -91 -16 57 -16 -97 53 -25 -77 65 58 -19 -7 50 29 39 -39 -59 -59 29 -41 71 96 -32 34 23 -7 5 72 51 84 -89 36 -75 -2 -42 37 -29 
20 -98 -64 40 -57 24 92 -14 -57 -83 -46 -14 75 71 -92 84 79 91 68 58 -74 56 -86 -42 -77 94 -22 -41 64 -94 57 96 -36 -18 -73 81 87 79 94 93 47 -26 -2 17 56 3 -65 -94 12 68 78 8 -53 -72 -62 84 -54 85 65 48 -24 -31 80 65 -34 -87 5 -66 73 -36 -70 -87 -73 -58 -73 -86 -31 -71 -34 64 14 -48 -68 28 77 11 95 
30 68 71 -11 89 -36 -13 35 98 91 35 -51 -11 -36 -47 45 79 86 11 -14 92 27 98 -60 74 -88 36 11 -54 29 78 0 43 67 -24 58 -23 -42 47 -60 90 -71 13 -42 -55 -48 -50 97 22 33 38 -80 46 16 89 4 -92 -67 20 -69 -26 13 -48 33 67 96 25 3 -34 51 57 26 26 -30 -44 48 58 85 41 37 -24 6 56 3 18 4 37 
0 18 39 -67 1 -67 75 -65 14 -27 -21 -55 46 46 -72 -1 17 40 -70 96 73 -33 -1 -87 -36 -48 -31 -57 -36 -34 -79 -21 -80 64 -17 27 91 98 -8 91 -28 60 54 61 -75 99 -61 -6 -54 20 20 90 -5 -53 -76 -44 -50 -8 -20 -69 -8 -58 -91 -26 -36 23 18 -98 -21 -97 -85 -53 8 -88 95 -77 -38 -24 -8 35 -24 -33 -85 92 31 -56 81 
76 -98 -81 2 29 -49 87 85 73 4 -57 66 -78 -23 -77 67 -99 -16 -60 37 -20 48 -58 82 -16 3 -96 -30 -98 -17 -70 8 41 -15 51 -27 -19 18 -76 -30 -5 -42 -75 91 -90 63 5 -29 -4 -85 30 80 -12 -81 -98 -4 99 70 37 -23 28 9 -53 -7 -50 87 -92 21 0 27 72 54 3 22 100 95 -33 2 27 12 98 41 15 -60 -90 -47 -18 
-38 -92 -45 60 -30 68 -69 18 -81 -27 -56 95 -9 77 94 -38 -49 -54 -95 36 -98 47 -68 24 -91 -10 -67 -78 38 -93 50 54 55 -75 -73 12 -15 -36 21 100 17 -88 -39 -80 -86 14 42 -83 -1 -10 76 -3 -27 -15 -73 69 -31 -69 -47 77 -20 58 85 14 60 8 27 -2 -50 88 75 99 -12 41 -65 42 42 -57 62 39 -92 72 -39 -79 -92 38 75 
81 -83 -34 -66 33 -81 36 53 -54 -7 5 -47 -66 87 25 -75 -20 78 21 -75 -5 66 -90 -82 54 -58 -62 -39 5 -72 -67 92 -9 44 1 64 21 25 -94 76 49 22 4 41 69 98 51 -59 -9 -73 28 34 6 -42 96 -7 72 -47 61 -93 -94 -6 -81 41 -17 -14 -3 95 68 24 81 -42 -60 50 11 85 81 60 -40 -50 -25 18 19 24 -68 51 3 
