-29 -3 -62 -66 52 -38 -72 80 10 -55 -64 -13 -80 -4 -23 36 38 12 62 97 33 -95 -53 -71 37 99 -63 -98 -79 18 40 -83 15 -33 84 89 47 30 10 56 64 -61 47 94 -54 71 -92 -95 95 64 24 43 51 -47 -56 20 51 49 -91 61 -84 5 -96 49 -71 -8 68 20 9 -74 -10 -79 33 -54 5 -25 
42 73 77 36 -26 70 92 48 84 4 -99 -6 81 27 8 -72 35 98 58 55 83 -47 57 87 85 -25 68 -75 -72 2 77 66 -4 -6 -3 -44 67 -43 -75 -75 -55 -81 50 -92 -38 73 -82 4 75 47 34 -77 -31 -92 -56 -87 -91 -69 -45 -64 96 -77 -32 -48 99 62 -95 84 -27 -61 -1 -26 -2 7 15 -29 
44 -11 17 72 54 86 0 -13 83 -93 -36 28 74 -93 66 -48 14 -97 7 89 43 -93 -68 -33 18 49 -58 33 100 24 -28 -40 -26 73 36 -69 -7 27 4 30 98 -56 -25 55 29 77 71 -50 -37 39 -17 66 15 -65 19 15 1 11 -41 7 56 -54 -64 -55 -30 -46 8 -92 -23 -46 89 45 24 59 -44 -70 
70 -50 -4 25 18 24 20 -35 -79 -43 -40 -64 -39 40 71 -13 -99 47 100 20 -31 47 -3 -90 34 50 45 -37 19 -72 17 -78 95 -23 -4 76 45 32 59 -82 93 59 44 -83 87 -29 -60 25 34 81 63 -21 10 -86 -34 49 99 70 -25 36 8 12 -75 -22 92 -91 -42 -71 41 9 -78 5 -66 46 -27 -92 
-23 24 68 -95 81 38 8 -86 -97 52 22 11 -70 -99 -6 30 88 -79 -46 21 -82 -1 85 12 24 2 91 47 3 20 25 -2 -50 48 -74 77 -38 -11 -88 99 -27 18 -3 -52 -25 75 -10 -13 -39 -42 -20 75 -13 59 69 -43 54 5 57 -98 26 -77 -55 98 -86 -55 -42 75 -56 13 63 -9 -8 95 -81 66 
31 97 -78 95 -76 24 -38 89 4 -98 -75 -39 -38 -9 100 6 97 30 -14 13 -75 -68 -37 9 37 12 -98 34 41 -49 -92 76 -50 44 89 58 82 -58 -78 44 17 -53 86 27 -28 3 28 91 -29 -61 -28 -27 56 22 -43 36 76 5 -16 15 5 -76 9 -1 56 -69 -35 -100 -3 -93 57 -96 -93 -100 93 -46 
57 -62 47 29 -24 -72 -92 4 59 2 -42 -44 -47 -87 -51 -24 45 -46 61 -9 88 39 72 -45 -52 44 -8 2 -50 5 46 69 -47 94 96 44 -70 -47 -74 4 -12 28 5 -15 88 77 -81 -18 18 -3 -3 -92 -87 4 17 -12 -97 46 -72 70 -88 23 -33 -8 -86 43 -47 -61 27 -45 64 11 -88 -87 -3 -49 
40 4 -83 -58 -47 82 80 -54 -28 85 59 -85 46 71 27 97 -30 73 -44 -34 -100 -11 -78 54 -85 69 -71 -75 -9 40 -86 -20 6 7 38 91 91 -53 -31 -78 -71 -61 -5 -10 -19 18 -71 -55 -32 -95 14 -52 -14 -59 78 81 64 -16 -86 80 86 4 -29 -62 -78 -25 1 -38 -26 30 -24 84 -30 -41 29 51 
94 12 28 40 42 -62 61 22 -22 -91 40 -37 10 -34 -23 -96 40 -4 -18 -80 -57 24 -79 84 -4 -77 49 -45 -57 39 57 -24 22 19 -33 3 90 -74 -26 -69 -83 -7 68 -44 -10 -33 -73 97 94 59 74 2 80 -57 -56 13 -33 -13 38 -39 55 37 27 55 98 -37 91 78 98 -12 62 -78 -59 -80 -74 -38 
-34 58 -12 81 -37 72 -43 -24 55 13 42 -59 15 87 -91 -11 -40 28 34 -31 -53 -15 -26 -9 -78 -30 -83 -87 -90 37 17 -17 21 -55 100 -23 11 -16 -5 -89 -21 -83 -56 -67 -78 29 23 80 95 51 73 27 -94 -52 -47 5 29 70 -47 24 28 -55 94 -51 5 55 6 -40 73 -44 -72 -59 93 -18 23 48 
95 22 -90 56 -81 -69 -18 -28 100 -69 32 -40 -30 -9 -88 -26 -7 -2 -67 -42 -90 15 -12 22 31 -96 -5 -75 67 -39 4 -16 1 -61 24 28 97 -80 46 95 33 -78 98 -50 43 65 21 -49 -86 86 -58 -1 -71 40 68 79 46 56 69 -7 -67 -9 89 -37 17 -43 -18 90 26 98 -15 -46 -53 -49 -44 50 
-25 -53 -98 47 -93 -28 -27 -67 -97 67 17 82 29 -42 -23 -92 -31 89 -45 84 -22 -9 39 -61 73 -14 66 -83 41 20 75 18 85 -18 50 -98 -15 48 -78 53 2 56 -13 23 -22 -51 -1 16 9 -12 -89 -89 86 -44 -61 -60 45 93 81 4 -2 76 49 46 27 -55 47 -13 -94 -94 38 59 41 77 -12 88 
-1 -30 -16 61 -39 -99 38 -2 -81 -66 -90 -40 -36 4 7 -9 39 27 27 48 -85 -97 51 -28 3 97 12 -40 -15 64 44 -37 -54 59 56 -12 -45 71 -76 -72 -34 60 41 98 0 -43 91 -12 27 54 -41 -12 -28 98 79 -53 -83 6 31 38 33 -84 100 -11 -56 22 -57 11 -57 -95 98 50 96 -46 -74 83 
-75 -85 -48 13 -8 63 94 -10 -40 98 -54 -18 64 -43 -43 -59 44 -97 45 8 81 89 30 76 -76 -53 99 25 98 48 -26 76 -51 -78 -82 85 -82 -16 -39 -99 91 37 -82 21 -38 -55 -23 39 40 24 93 -36 -18 98 44 -79 -15 -19 -60 -20 79 -14 -79 -67 24 13 -73 -28 93 -32 7 80 13 -1 12 34 
-61 -15 23 58 9 -82 -66 -94 5 15 61 52 -46 15 -21 61 -91 -31 48 20 63 -8 10 14 -82 -83 -7 -67 -68 -45 3 93 -54 46 60 25 21 -64 41 80 -84 35 -47 -98 77 -35 4 38 -60 93 14 -62 -99 31 -59 -64 -58 69 17 38 5 -9 94 -91 53 -50 -44 -53 -94 -99 85 26 -65 -48 -55 -39 
-46 53 92 -71 59 65 44 12 -39 30 -78 -6 -52 19 -1 -45 -82 41 -70 -50 4 62 -90 -5 41 -64 20 -77 16 -12 -84 -56 98 54 39 13 18 -89 31 -67 50 94 32 63 -97 -11 23 29 40 -91 79 0 53 32 16 -79 -6 -10 30 -15 -60 -32 14 -86 -96 -26 100 -41 -33 27 37 2 -23 -77 8 2 
36 -9 -96 -72 57 -8 -40 -84 10 -64 75 -12 91 11 -23 45 -43 10 7 12 -57 -91 -46 -49 -11 54 -37 49 -2 -74 92 18 -96 -18 65 27 34 -98 30 -17 60 -25 59 -26 -82 -15 -73 3 -30 -29 11 30 -37 44 -15 78 -10 -96 -78 -61 21 43 13 -100 3 63 -71 26 14 -20 82 89 -46 -41 72 -56 
71 68 73 10 34 -59 -8 45 16 -19 78 -85 10 24 -77 -43 6 80 -66 -42 62 -24 81 -95 78 -89 -16 73 -33 62 -6 -99 72 -74 77 -92 -59 57 -55 -53 -58 56 35 30 -75 -72 62 -73 10 27 83 77 72 89 -66 79 7 84 -56 -13 -24 -50 -60 91 39 -74 25 16 22 -41 61 -74 -69 -8 -83 -82 
70 -52 -27 71 -18 -34 -57 76 17 79 26 75 -99 -99 -89 -74 -91 -58 47 -58 -21 33 44 13 -15 66 98 2 40 76 91 -81 -96 -6 38 -65 -90 73 -63 -58 -74 58 66 -30 -50 -67 -3 24 64 41 -77 24 -81 -44 74 -27 14 97 -36 -85 82 -15 2 -84 -48 68 5 18 56 -43 -81 -45 -20 96 56 -2 
-41 -30 42 -33 -7 -68 -68 -32 79 -96 11 97 -36 -43 -7 11 -13 90 16 58 -18 11 16 -81 -53 93 -48 -5 93 -75 -28 -43 -27 18 95 30 -36 29 32 -82 -83 -11 7 41 10 -79 22 34 -83 38 -27 -85 11 -59 43 22 -38 96 -51 -9 92 -89 17 -96 -80 -97 96 67 37 67 50 47 31 85 81 2 
-6 89 -15 -33 -38 -72 -32 -79 -2 17 31 -84 -33 -70 -46 100 -70 -7 78 -10 -11 -96 -37 -60 56 93 -34 41 -37 -61 45 -11 -26 22 -13 -22 -14 75 92 35 13 -39 -45 -5 43 -28 -70 -76 93 34 7 77 -70 -46 -14 -58 26 21 -19 13 79 -59 -58 52 30 69 -96 -42 -41 -12 -9 -66 45 -55 -72 -9 
-30 -57 -16 -30 -67 61 -32 -95 -58 16 78 -45 37 17 -8 28 97 -14 -59 58 -45 64 -80 -72 -14 -39 -43 -5 -16 -63 -24 92 -95 -43 11 83 -42 -1 -60 -6 29 -70 -75 -37 82 -2 55 -47 28 -48 -98 14 -80 -90 -30 -69 -27 75 -88 -5 -51 -87 -87 46 5 -60 14 -26 -55 94 -4 -21 0 -68 58 45 
21 79 -3 -73 -66 20 45 -60 66 -100 -14 37 -65 -52 91 -47 -72 -18 -9 84 -100 3 46 40 -3 38 -16 -58 -70 95 3 23 38 16 -24 -48 -15 10 -68 41 -35 6 54 -63 -100 -90 8 36 -78 -28 -21 -1 71 -6 32 98 41 -64 89 -66 22 41 -83 -64 -2 4 88 -49 86 2 72 -27 -25 -42 -46 -38 
-52 79 81 13 -49 23 39 -65 -42 54 -43 85 -42 62 45 30 -31 -22 -88 -74 -64 -80 12 4 59 85 69 67 95 10 -24 73 46 95 -19 76 11 -89 -76 -76 89 -48 41 17 -39 61 -76 76 31 -42 37 -54 61 25 68 42 39 -70 97 -10 -31 21 -35 -71 76 16 -9 94 48 -39 19 0 -17 -30 68 -47 
-98 -49 -18 -74 56 54 11 30 28 4 -53 79 -73 52 -67 67 53 86 93 -57 -53 83 -54 0 -77 -59 6 -4 -75 71 -87 -13 73 60 23 -26 -94 63 83 37 87 -87 -33 -3 -44 81 -51 -11 -87 -67 -92 45 -38 -78 25 6 8 6 -31 27 -81 13 82 75 -60 -36 -25 56 -52 28 -32 -46 41 -15 -55 -85 
-37 32 -34 32 -1 14 -39 89 59 -18 -68 96 -92 69 -13 -96 98 56 18 98 -23 -38 -8 -32 80 37 -38 -21 -13 -88 -10 17 -70 -6 -75 -39 -10 -32 63 77 59 61 -33 0 26 -84 -2 80 -75 -52 100 -77 24 -46 -47 51 82 -14 -53 4 12 8 26 -39 -76 42 -34 -51 22 -34 -91 -33 49 53 -52 100 
1 -97 -91 29 14 -31 99 32 92 54 44 80 -48 25 -85 84 20 43 72 51 -91 -59 -35 -20 -63 -49 52 -2 6 53 -32 66 81 -99 -15 14 59 -99 22 -3 -42 1 40 28 -36 -89 86 53 -74 49 -94 85 -94 -39 -4 -93 61 -63 23 -48 -89 -80 5 -87 -68 63 -80 29 -48 46 -79 -59 -9 -33 17 90 
-36 -47 39 -17 -87 -37 -3 66 -73 -10 -64 10 6 59 10 -63 -33 -99 9 56 -28 -7 -57 -22 -77 35 -17 -61 24 5 -39 -82 34 -45 97 -15 -28 -68 2 -54 55 -96 -46 -51 47 -60 90 49 87 -89 6 -78 47 98 -86 -8 89 25 -13 40 -42 34 65 -22 43 -93 15 45 47 -100 39 -75 100 -60 -64 -32 
81 8 -44 3 -6 -24 -33 -35 -77 -28 40 -85 -13 -64 43 -7 63 -61 -37 -37 76 77 -75 -38 -40 18 88 35 -4 68 52 99 -50 18 60 -91 49 38 -1 -11 36 -73 -8 45 83 -12 -1 -2 2 -60 -92 25 -8 -66 98 26 3 -18 -3 29 -66 19 53 56 59 84 40 -45 -19 10 -49 71 94 59 -14 81 
97 63 -20 0 -83 -25 -58 72 -93 -55 -22 -64 50 -57 81 62 75 24 -92 -56 -58 -85 20 79 48 -46 -60 -4 -15 89 -77 -70 46 72 97 -90 -20 59 -54 -26 -36 -10 -28 -92 32 -5 63 67 0 39 87 -1 93 12 -7 6 -49 7 95 89 6 -81 -17 26 76 6 21 76 99 -95 -7 -7 70 49 -1 -13 
44 -18 24 -27 -45 -9 57 39 -77 61 -75 -16 -22 -27 -34 61 -72 -55 81 95 97 79 55 -30 99 -73 30 -39 80 -85 -79 34 64 -58 35 31 13 67 -57 54 0 97 -55 67 -53 -80 61 -54 -11 83 84 92 -89 -38 54 -12 -45 92 -91 -6 89 -76 75 -30 -58 64 43 -83 -61 9 -41 -43 7 13 -50 -49 
-8 45 36 -38 22 -41 -21 -13 49 -91 40 59 -96 8 54 100 -30 15 -98 8 -92 76 -46 51 -21 12 79 71 -22 -20 2 -81 -18 -69 68 6 -31 19 -85 -86 29 25 28 6 2 -28 -40 13 86 45 -6 -78 -43 -94 6 87 40 -72 -58 -79 -80 -77 91 -24 -8 -57 -67 74 -77 -68 32 -77 -100 -91 -17 -8 
59 44 -98 37 26 52 -62 15 42 29 -2 -24 -97 17 -40 -75 -11 -49 -65 97 -43 -51 16 64 -53 82 -31 45 3 26 -49 100 -73 -74 -86 59 -78 -35 69 -19 47 -88 53 -44 -26 -90 -63 -16 69 1 47 13 -27 78 -26 61 89 -53 19 -91 93 69 13 -8 -37 33 17 65 58 4 -75 -4 74 22 91 38 
-36 18 97 10 -51 77 -12 -30 90 -29 85 -1 13 -38 98 30 4 55 -91 19 92 -45 88 -13 -68 -60 -82 -26 3 73 -16 99 13 -4 -15 25 8 -45 -53 -83 37 3 -59 100 30 -68 66 -19 -27 -62 1 3 -4 67 -84 47 -22 -65 -3 39 -83 74 -78 57 -59 -35 69 85 -13 91 -58 12 -94 54 -10 -1 
-58 8 -80 -47 92 -75 -10 68 57 80 51 -70 -14 49 22 -38 -93 -11 -88 -96 97 81 7 66 -18 84 -47 -35 10 49 -36 97 36 84 85 -51 -21 68 74 89 -30 -17 -63 -41 83 -28 2 -24 29 30 -67 -25 -32 -43 32 47 14 98 -10 -97 -55 99 -47 -13 94 97 -92 -2 -70 17 23 52 66 43 96 96 
-91 -20 75 -55 51 60 -21 -34 -40 -49 86 38 -25 39 -83 18 84 -38 27 -77 2 -100 -17 70 31 93 -70 77 98 23 -65 91 -44 -95 -50 9 -48 98 -43 99 82 35 28 -92 2 88 -18 -76 -27 0 -65 62 -75 -14 60 9 -93 -29 86 89 -58 -23 67 19 9 87 -39 40 -92 18 -76 26 80 42 -97 20 
71 94 -51 67 -93 -90 -74 73 30 34 78 12 -16 89 28 -26 -34 58 -56 7 -67 40 64 -25 81 53 30 95 4 42 62 42 78 65 28 -14 -37 -98 29 -43 71 -89 55 77 28 4 -35 21 -51 41 -92 91 28 95 95 56 -14 44 37 -65 65 -4 55 86 30 -72 62 -27 1 -3 -47 63 -70 -3 27 100 
53 -9 -71 45 -21 -73 -43 77 23 17 -8 -56 32 47 13 -35 -34 41 32 -26 32 -16 62 42 36 -76 -84 -91 -76 -95 64 84 7 30 39 -96 -93 -96 19 31 91 83 59 98 -28 34 -55 74 -69 46 -92 13 -74 -23 -45 -65 -25 -9 77 -34 -2 87 -79 60 31 -22 9 -55 -37 -14 56 -37 -1 47 -4 -81 
-19 -60 22 67 -91 4 86 -87 -17 11 71 3 -85 46 -8 87 100 -73 24 -43 -66 48 -39 -54 36 -89 68 -6 32 15 -76 20 4 30 40 -11 75 99 94 -91 -55 -64 -12 10 -82 18 -4 -55 41 23 39 87 47 57 28 -22 -76 21 -30 22 -50 -50 85 -49 63 35 -74 -41 45 52 81 -77 64 -21 -65 18 
93 -50 -9 -68 -64 55 23 87 97 -12 -32 70 92 45 81 18 72 45 -83 -49 1 20 45 39 9 92 38 -59 50 -13 91 49 47 60 57 -49 -75 -58 64 -36 -43 73 -36 -50 38 19 33 -81 92 -32 23 -85 28 79 -95 53 -83 15 -43 66 -40 23 -16 -85 6 -12 -15 72 -20 38 -53 61 17 29 -59 -72 
36 59 34 52 -85 -70 -44 25 -47 -8 -39 -99 -28 -95 28 90 1 26 -94 44 -44 79 73 -12 -13 -89 -35 58 73 -22 -40 57 -20 62 -40 -45 -7 -21 -54 4 70 -72 -33 -24 -54 55 76 52 69 -34 62 -44 33 -52 -58 -21 -29 -84 47 -93 50 65 37 -11 50 -78 55 83 57 -97 -100 -72 -74 54 15 53 
-60 40 -26 -97 50 -83 85 95 3 -63 69 81 98 0 -11 -93 86 7 34 12 85 -81 90 -46 14 29 90 74 -95 -73 -14 -96 -81 -55 16 -38 -83 26 50 -44 41 44 93 -95 -52 -3 55 -52 48 96 76 27 72 -78 -53 36 -3 63 -90 -42 82 16 -24 91 -50 -97 -7 75 -17 98 91 -76 36 -55 29 71 
48 -35 16 100 63 25 -54 -97 -95 15 -77 17 8 81 31 -83 -67 40 43 51 50 -80 -9 73 -56 76 15 59 7 -45 -86 79 5 -50 25 -27 31 -25 95 -17 -6 -63 -27 -23 31 21 -82 -8 51 -63 28 41 45 71 -52 -73 -63 97 -20 -26 -58 61 -41 8 -4 -50 -77 33 0 27 -63 -95 100 100 50 85 
-17 -85 93 -65 -17 9 89 -83 -54 -68 -31 -98 41 27 -90 -15 96 -3 -74 1 25 59 -18 16 -76 23 12 34 -79 -38 -12 40 87 22 68 -73 33 83 -34 13 -77 38 -91 9 -24 -23 -68 -7 -40 -94 -83 16 71 -4 -78 12 -10 -88 74 -46 -38 -11 -36 -88 77 -46 62 28 97 63 -40 -36 -49 -32 -87 6 
11 -37 41 -69 98 -17 45 73 -86 88 81 -100 -39 -2 -46 73 42 58 61 -46 -16 -41 57 70 46 42 -59 -27 56 57 21 -98 -30 26 96 5 -52 -51 49 66 97 -37 95 -55 56 59 54 -14 -66 -89 -93 -85 -3 90 -34 48 -91 -52 -35 33 82 91 -22 -49 36 51 -60 92 88 68 56 -81 -42 -87 -19 48 
-62 32 -51 4 64 -99 -71 -10 5 23 -97 97 93 -38 -20 -24 59 -78 -24 -48 -93 62 100 80 -77 90 36 62 -31 17 99 -93 89 17 -17 -11 -35 25 -35 -88 72 -20 -33 65 51 -36 80 91 39 77 -76 93 59 -3 64 32 -13 88 -5 -63 -71 66 84 -6 44 35 25 53 -92 -92 -58 -79 -23 -8 -86 27 
95 46 -93 14 87 72 68 98 48 -37 -72 20 10 18 -34 -58 61 -25 -64 66 -42 -33 6 66 -10 85 -19 -6 9 -95 63 -7 56 14 2 85 -18 80 40 -86 26 82 41 -11 -53 -25 43 -53 -30 32 27 -31 -56 100 28 -21 25 13 -54 40 -39 52 -79 -44 81 53 90 -22 -65 -96 92 -34 -50 49 100 7 
-59 -24 -96 91 67 -27 90 -34 27 -64 1 -42 -27 88 33 -48 -72 39 6 -68 -15 21 -74 -97 9 -1 -71 33 93 47 -6 -78 83 80 34 14 -73 21 -98 47 -70 -72 99 68 -44 8 98 42 -85 -32 -69 -52 41 23 32 -74 3 -47 13 -7 9 71 -84 18 -5 90 83 10 84 81 -99 -67 -70 -25 -58 87 
-41 67 -28 -87 -57 73 -16 66 65 -97 76 -42 -99 -36 15 13 -56 -1 -90 -23 86 -50 23 -27 5 -51 24 -54 33 73 61 -35 -74 57 -23 73 13 76 -16 51 97 -88 49 21 -28 -20 -2 -66 -43 82 -22 91 -85 -91 -50 8 40 -59 -9 33 24 6 20 54 88 55 -84 -59 17 21 -41 32 31 -89 -4 -77 
38 -70 -5 52 26 -25 -62 -28 -68 88 72 -19 -23 75 -33 0 94 -75 28 -9 86 -42 23 35 20 78 -75 60 30 -68 82 22 -56 -28 -92 8 -26 48 46 69 20 12 42 98 90 -80 -85 -50 -18 73 -79 2 74 -40 75 -95 71 -32 72 96 95 -67 -86 37 58 33 -31 -37 -67 71 92 35 -33 51 -10 -37 
16 8 -84 -11 -99 -62 64 7 72 77 77 6 94 60 96 6 71 -91 100 51 98 -91 -94 -61 65 -62 -17 -58 54 68 -5 62 21 62 50 23 -78 -37 -68 44 45 54 9 -96 62 -6 -43 -60 -91 2 61 70 -48 16 -22 37 -75 -73 57 -91 45 -72 44 -14 82 -76 -24 34 96 90 -37 -52 -19 87 -65 77 
-60 16 -78 55 8 7 91 -39 -56 92 71 22 44 71 53 -87 -34 70 96 -79 76 -32 83 -7 -18 -65 -59 -51 -1 15 33 3 23 52 -72 -76 -88 -71 53 -97 -45 57 0 -50 36 88 35 -26 -70 -75 27 37 21 46 44 52 -78 -22 -59 -32 -48 -21 -74 90 32 83 -64 -92 1 -47 -18 -80 -35 77 82 42 
36 -32 -27 19 44 72 29 -73 33 79 -79 -30 -39 12 65 44 15 50 -45 40 -39 -86 13 -61 21 -62 35 68 2 -30 -38 3 60 -37 19 -30 -83 12 -10 67 -68 -68 -52 -75 11 -86 -15 47 -38 80 -16 -46 87 96 41 -72 14 -9 -82 -92 -4 35 -90 -43 -60 85 -9 66 6 -53 36 59 -94 24 3 7 
78 -15 -73 78 -18 13 47 -15 -81 81 -90 -61 93 17 42 46 -97 -41 -81 -95 94 57 7 -5 56 30 91 96 -59 84 -1 36 -38 40 -82 -43 -14 29 -6 61 -82 97 97 -77 54 85 -57 -20 30 -42 -74 55 3 33 20 -73 20 50 -50 30 46 -69 -69 -68 37 -16 10 44 -7 93 -37 -80 57 95 -93 34 
48 -18 21 -9 -74 -10 36 31 -58 -94 12 -47 -55 15 -59 -18 43 -39 -60 51 44 93 -19 100 -81 27 54 67 40 -88 73 -7 79 -15 9 82 81 -55 16 -49 57 -11 83 11 69 97 -74 24 -38 51 -83 9 12 57 60 25 93 -38 33 -72 -69 24 57 -11 9 -94 -93 -47 -61 -76 40 84 -10 -13 95 -69 
-14 35 42 100 -2 65 -13 -61 -95 100 20 99 14 -62 88 92 82 -58 -45 33 59 -32 -12 40 -87 34 62 21 -32 95 -28 73 -13 5 98 -31 -90 -60 83 -12 35 -43 -91 37 99 44 -92 -58 56 12 20 90 -55 -47 -23 -30 74 -34 31 82 28 -23 0 -81 -1 -14 50 36 -98 72 -2 -17 -49 -27 -62 -96 
-31 9 28 -76 77 8 -31 63 -35 -74 100 -97 82 5 88 83 52 31 77 12 -89 -51 -15 -2 33 13 28 -59 53 -41 -39 46 72 81 -71 62 -43 -75 -80 -32 84 -16 -48 -79 45 -34 -44 -9 99 82 -34 -43 51 -52 83 -8 -91 96 -16 61 -76 -27 -88 68 -4 52 64 -55 3 -33 16 -97 -98 -73 48 10 
-72 51 13 -58 -57 54 60 63 87 25 -72 51 -34 0 11 -7 44 -85 -15 94 17 -75 95 80 -48 -71 -88 99 -65 -35 72 -57 30 49 100 36 -96 -70 32 92 -5 66 -79 -45 -31 1 14 -56 61 81 69 -32 -60 85 -8 4 90 36 -81 78 20 -16 -25 -98 -95 -3 -80 -46 -11 89 60 9 -59 79 -80 -46 
-88 18 -56 73 52 -57 25 35 76 -60 55 -33 39 67 55 92 -22 -49 -28 55 71 -62 -73 59 74 73 -24 -62 -20 -77 -67 -74 33 33 42 1 97 35 76 -38 -42 40 -11 23 -11 -17 89 16 24 -64 -74 -37 -5 43 39 -52 -54 91 51 57 -29 100 8 8 -26 -37 -57 -73 75 -86 -77 91 98 56 8 33 
-6 3 11 -34 58 68 -11 4 -23 -38 -48 7 94 100 -2 -37 11 100 1 -35 -37 59 40 -88 -7 79 44 -65 -75 81 92 -3 -95 74 -12 -21 12 48 78 -34 -96 66 -15 -39 43 -84 11 71 86 69 -41 -68 95 -48 100 48 -27 62 -48 6 20 -99 67 -71 -14 -17 -6 -80 -7 15 59 15 53 -48 -92 70 
52 -85 -23 -73 -19 24 -79 -6 65 -77 -52 60 26 -24 -57 -72 85 34 44 -31 43 -15 25 93 -90 10 -81 80 -85 36 -32 33 3 55 -38 20 -29 -18 -65 33 -80 86 -94 -49 -14 46 10 -66 -50 88 80 -66 4 -99 90 28 59 -18 -59 -43 23 -81 87 -19 -57 33 87 91 62 50 5 18 16 16 39 15 
-70 31 30 12 -25 33 -4 -89 9 -65 44 89 -17 64 65 93 -53 -12 -40 -78 35 29 -88 95 11 23 -67 69 -32 21 -44 90 -39 -13 82 18 27 57 20 -12 42 -71 35 -13 -90 74 6 23 36 87 37 88 41 23 23 -76 -95 -61 -42 1 81 -55 35 95 16 25 34 90 13 70 32 -80 85 -84 95 72 
45 36 -89 -2 90 19 -22 -76 32 50 -83 22 19 6 -67 -2 -90 59 37 54 100 -47 9 -8 -17 47 -12 -55 -48 -84 5 -16 41 95 -78 -33 -83 -66 -77 31 -77 83 95 -50 15 -38 2 -34 -89 90 99 -15 89 -33 67 97 41 -29 -54 76 59 94 96 82 43 -23 -32 41 -64 32 -29 -93 -18 -7 4 61 
-8 81 -87 70 65 -11 11 -48 59 -28 74 -51 -28 65 -78 -59 8 40 -28 -75 -11 8 -77 -37 -6 -44 -90 83 20 -42 -20 -27 -81 -100 77 94 34 -7 32 68 88 -45 -69 -26 34 -79 90 10 69 -76 -74 36 -53 -26 -56 73 -10 6 83 -38 47 28 52 42 65 -54 -25 -63 61 5 -66 -48 23 93 97 13 
60 24 23 -38 -74 79 -28 -28 8 -9 69 13 74 86 -63 4 19 -7 86 -59 -85 -22 -4 -7 -67 37 -16 15 36 -1 -46 52 -27 13 24 90 11 82 23 68 8 19 50 82 79 -79 -36 10 -56 17 94 -16 86 -69 34 -12 -100 20 7 73 82 68 -58 28 26 45 -7 -6 11 -57 -69 46 11 20 -12 83 
-5 22 25 7 32 21 84 12 24 90 14 -67 53 18 80 -53 0 -96 72 38 -19 -4 -9 -85 8 -64 36 90 22 -12 -37 -32 -72 -1 -91 78 1 -25 73 -34 51 -15 -31 -78 -52 62 72 -98 -29 -53 96 60 32 63 -64 -87 100 -80 58 -58 59 -50 66 -64 86 33 88 89 -21 -9 -56 32 52 -100 61 -15 
61 -10 -100 -98 -36 -71 35 -18 65 51 -52 75 91 67 8 63 -93 -57 -42 1 -42 -47 95 -22 66 88 -86 -87 50 -70 -13 56 72 63 -13 -80 -16 33 -60 57 100 -90 72 -88 26 -21 99 61 -72 -27 -44 93 30 8 55 71 81 -62 46 -21 77 6 88 77 -22 19 36 -88 -81 -65 -78 93 80 -82 -44 -86 
42 -36 8 83 -48 86 88 18 79 54 37 -35 81 -100 65 94 -21 -72 97 83 -48 75 4 -62 34 -56 8 31 96 98 7 66 -100 42 -46 -62 -69 -72 -46 93 -95 81 9 51 62 -23 -14 16 80 -96 73 63 14 -51 46 4 59 -29 21 16 -2 -10 92 -76 5 12 75 -30 17 -76 -10 3 -93 -43 -40 -64 
23 60 83 -17 -39 -42 98 -100 54 41 57 49 -66 -49 38 40 94 64 -74 -25 -7 -39 -43 61 4 30 21 23 -24 13 -15 71 75 4 -87 -90 -40 -69 40 -48 -32 31 31 1 -58 52 65 85 93 -80 -39 32 -46 -78 -18 38 -1 11 -95 -31 46 93 -73 63 2 -73 52 84 34 62 35 42 -47 -18 -27 -15 
-54 67 97 -60 -70 92 43 -79 88 22 -34 19 -48 53 41 10 5 91 -66 -51 77 10 -85 12 41 7 -8 3 -53 -83 -77 42 -81 61 -64 -28 -13 38 -15 60 74 -63 -89 54 -35 35 -53 7 -30 -36 -19 68 72 -53 -97 16 -10 -10 -93 -70 92 -56 -64 0 -20 -2 -90 -94 41 80 -92 -77 -58 -60 18 44 
-38 90 18 20 -30 78 -5 17 24 -37 -74 45 4 44 -43 -70 -12 13 79 14 -86 12 -17 68 -88 33 93 46 53 -58 -15 -71 -9 -21 95 40 -16 18 -47 -72 -45 -68 -100 -39 -1 75 -52 -13 -76 59 -31 -49 -88 -33 67 45 95 30 43 21 -83 86 94 40 -73 7 -95 -20 -48 45 84 25 31 -53 35 14 
-19 75 -4 -81 98 94 46 -4 -21 -31 43 -2 28 -5 75 -72 -8 38 15 15 -32 -8 -8 52 32 -34 33 36 85 -91 -68 -24 -83 56 10 -93 99 -33 24 -98 21 95 67 93 1 49 65 62 -91 -33 -49 41 -71 80 -67 -51 79 -56 91 -43 84 11 74 -29 -45 81 -84 -91 -95 -14 -68 65 1 -61 -12 -18 
-42 -27 58 88 -74 -16 -38 57 -28 -82 17 66 -25 -72 40 -36 -51 81 -71 16 -68 -82 19 48 -20 54 37 86 -79 -16 2 64 -26 56 -49 50 -90 68 63 75 41 23 -93 17 -70 -87 47 -86 -74 -64 100 -55 78 43 12 86 27 -92 -55 13 -73 -33 24 85 38 42 82 -95 -48 -6 62 71 -14 -54 6 -53 
-17 33 81 -38 -43 -7 -71 -83 -96 55 -16 74 -49 -55 -1 -75 -21 -15 86 65 59 64 92 -87 -40 10 -78 41 33 -54 65 -1 17 -24 40 54 -99 -31 -96 34 47 -49 5 -14 -62 77 42 -17 -95 96 57 82 73 -17 94 -61 26 -47 -41 -27 -52 61 89 57 -14 -18 -9 94 62 -80 68 -98 -69 -30 77 74 
-31 -76 83 -72 -79 -47 47 67 -76 -40 18 31 -70 -79 -39 -3 -51 -83 45 -93 -94 -83 63 -11 -95 3 -74 10 51 -24 2 -35 -82 -84 33 6 -74 42 -30 1 -94 -21 58 -2 -83 90 53 81 -44 -84 -51 77 -59 -74 64 55 -4 -33 -80 -14 -34 72 70 -21 -16 98 -16 -71 -80 -62 45 96 66 61 44 18 
-43 -83 75 67 94 -11 75 -22 22 -34 52 -89 -90 88 32 -16 -32 5 -86 32 -53 -100 64 -86 -58 84 -87 -92 14 20 -79 94 81 -36 -92 -88 82 23 -70 -57 54 -91 -27 91 -23 -82 -36 99 57 -50 36 8 22 34 82 -40 -64 -28 -64 -63 18 20 58 -68 -53 93 -82 52 -24 84 61 -90 -48 41 57 -81 
-7 89 54 42 39 86 -8 34 73 82 -1 5 86 -43 59 20 -63 -82 -4 -57 -13 -78 34 -80 50 84 -82 -54 -78 14 -77 34 14 68 -49 23 91 -60 -39 -93 83 64 99 -32 -79 73 9 94 -13 56 -7 35 -17 30 -42 58 -26 52 -49 -78 -31 -95 -40 -95 -73 72 95 79 -62 42 17 -78 85 -45 19 73 
-93 -31 -90 19 -97 -57 55 96 17 53 10 -36 86 57 -24 83 -8 80 -100 52 37 -52 91 47 -96 83 -76 19 -7 85 38 -93 -61 -34 -19 -38 -63 88 1 -31 -41 22 -60 37 7 78 -97 -89 -85 -55 69 14 94 -61 46 -41 -30 -11 59 -89 -97 70 -19 57 -22 -30 89 -60 93 -35 35 61 -29 19 -9 -38 
10 77 1 37 -89 80 -9 -94 -70 31 99 -34 58 5 -68 -99 -68 -8 71 -62 -56 63 -94 -24 48 -65 37 46 -41 -2 68 -12 -29 -87 18 41 97 -6 -41 54 44 -68 -89 83 22 -73 49 -36 -15 -41 -3 94 47 -7 -86 63 -28 7 -39 -47 -68 -60 64 -51 69 -70 -16 -94 71 62 15 -22 -15 -68 -45 -84 
18 63 21 20 -40 7 -8 -61 -78 -49 50 -51 -76 83 62 51 -36 -79 -7 -76 37 -90 82 21 41 86 41 33 87 48 -47 -87 -22 -20 59 -17 -20 36 -35 84 65 -4 15 69 -56 -84 -80 6 8 0 73 -53 49 -90 -12 -93 31 -56 17 47 11 87 -22 -50 60 39 -29 -8 -87 -69 41 -17 52 55 68 98 
-72 99 54 4 -36 -7 72 -2 12 26 -67 -29 -79 58 -68 -4 -23 66 -8 -77 53 -41 96 -82 16 -61 -81 -71 26 33 -14 9 3 45 -35 -66 -37 1 -48 -50 -67 -32 40 -74 84 -11 -79 97 10 81 56 45 70 -83 -68 2 66 -98 -23 24 66 -52 4 6 -30 -74 -65 88 82 -75 30 43 -38 -67 -76 29 
-63 -76 96 28 74 -61 72 44 -73 -64 -38 -70 77 61 94 -25 -90 -31 24 42 61 94 -40 22 36 -55 -22 -84 95 -18 -72 -54 11 -77 4 -32 -34 -53 97 58 -27 4 65 -76 95 -81 -76 95 -67 85 -47 26 -42 -13 -89 -64 11 -79 46 -79 0 -98 -41 31 63 -90 38 -80 -41 48 42 -12 -96 78 73 -22 
-33 -82 93 -90 -98 72 63 -29 27 -37 59 -84 -46 -29 -26 34 -81 94 70 31 -84 -21 -32 90 94 77 -12 100 -30 73 -68 -41 15 -72 -23 -75 -44 -5 -73 -32 66 35 65 88 69 68 -17 -2 80 -69 88 55 -48 -7 -28 56 -30 -38 46 26 -22 39 -12 54 65 -2 -23 -54 9 8 27 57 9 -18 -69 38 
15 -97 -60 -17 34 0 -14 20 -88 -54 -58 -46 99 91 18 -28 -71 67 79 32 -23 21 65 13 -80 36 -9 21 60 87 77 -3 -43 -9 7 9 62 -44 12 -83 64 16 -59 -59 89 -27 23 -21 8 -20 60 -54 52 -91 -33 -61 48 -94 97 84 19 -73 -40 44 -69 68 -21 80 -52 -87 43 92 72 88 33 73 
-46 71 9 19 49 15 40 9 70 41 36 -90 64 -87 -91 24 43 -45 94 12 93 -17 40 -45 -19 -43 -39 -3 39 -43 -43 18 -48 28 29 -76 -38 33 -15 -47 -43 3 98 -11 49 32 35 94 -52 -77 -56 72 41 -39 56 13 -40 -71 -99 79 -56 66 42 -68 -10 9 66 -19 -18 12 -58 -34 -56 64 95 -22 
8 -41 55 7 -50 -97 22 16 -14 -76 -53 56 88 92 -80 59 54 -90 48 23 -31 91 59 12 23 -13 -69 -37 50 -1 47 -6 13 -33 80 31 -4 100 -31 -77 72 -52 97 -42 -80 -90 -16 11 -67 31 1 -83 91 16 -64 -25 67 58 -49 29 -5 -71 -37 45 4 74 -70 93 23 55 74 74 -99 34 -24 -90 
94 -24 -21 93 -24 -68 -31 74 53 99 93 45 -1 -9 -86 51 -42 79 20 71 37 71 94 -4 -28 54 41 84 25 53 71 49 -34 -69 98 5 86 25 62 0 -93 -60 -19 -76 79 -91 33 72 -46 -63 -8 -17 80 83 -99 54 79 -35 -68 -48 -34 -79 -38 -21 33 93 88 -81 -69 -46 -17 57 62 97 -5 -80 
10 -44 44 -20 48 40 47 82 1 -73 32 21 55 -66 -25 -19 72 79 20 -46 -91 -67 78 -23 -7 97 4 30 34 -43 62 -87 39 53 81 26 -48 -39 44 -1 65 54 93 99 -41 -38 -24 42 46 -89 -57 -79 -67 100 -74 57 92 97 -61 30 7 75 33 37 69 -16 -18 -29 56 -87 -3 85 -34 33 -32 -56 
-91 -63 -41 -23 7 -72 -90 -66 -58 98 87 -35 -44 74 -52 -47 -59 -91 84 -4 35 -27 4 -39 -15 -30 37 26 20 79 49 50 -74 99 -85 -53 83 -27 -11 96 -43 -40 44 -4 71 8 81 90 -27 71 -46 -44 -53 -5 -38 36 -56 -10 -52 37 -62 21 84 -87 76 -91 -34 9 20 46 92 94 6 79 -72 12 
-35 7 97 -72 -17 -28 -42 -84 7 56 82 -36 -53 -35 97 -54 -25 10 54 1 -66 -94 46 -60 96 -38 -55 -70 95 28 -55 94 -69 5 97 -96 -54 -13 -22 -59 -19 84 -78 15 16 68 80 10 40 -32 73 -15 14 -36 -59 -2 -73 15 -34 0 18 45 -22 13 86 74 14 14 52 -81 -75 -2 -53 -70 21 -5 
80 -74 -25 -92 40 -25 14 79 -48 79 58 23 96 29 86 96 76 -98 58 24 -96 -64 -91 0 58 68 47 41 5 24 -1 -64 38 0 -90 77 -55 4 5 48 64 -81 -11 -29 -84 21 -18 23 -34 -61 67 77 62 -64 -7 -33 -42 61 36 94 -44 -57 89 44 -27 -25 -71 -82 -30 36 58 -33 -43 54 12 2 
-89 -60 -23 45 46 88 46 46 78 -99 -1 67 -57 36 96 -53 44 90 33 -65 31 67 73 52 36 -19 6 -96 14 84 -64 90 0 -71 -77 -73 62 0 38 92 33 74 -30 -98 67 -13 -98 -59 -31 -69 -55 -43 94 -57 16 -11 98 23 91 -52 86 -38 -70 34 -27 58 63 19 49 74 45 -23 -64 82 61 -27 
-93 3 26 -35 64 -57 93 -20 -77 52 -76 -1 -96 18 44 67 -8 16 -1 -49 41 -27 -74 83 56 -12 59 69 -42 21 52 67 -57 -70 -48 94 89 -82 -3 -25 -93 -35 -3 -98 71 -73 20 -48 51 -54 93 -31 -33 84 -98 9 -22 -79 10 43 -77 87 15 50 59 78 -99 90 40 82 -97 70 -88 86 -7 0 
-67 44 85 59 -96 -57 -87 -59 -22 -51 -1 34 72 39 47 82 59 -84 -38 19 -27 -65 -41 97 31 -85 13 -71 -13 -81 -99 -14 65 6 87 -83 22 -24 52 71 100 14 -77 -15 -18 -35 72 -81 -38 68 -70 78 51 -54 -2 96 -16 -5 -7 -67 -10 -51 23 -13 31 60 -46 -57 -99 -58 -22 -93 -74 -64 56 -65 
95 -84 12 79 -32 75 0 -14 80 -10 18 -4 -60 35 45 -43 7 43 -89 47 -4 49 61 73 59 95 7 -8 19 -86 -60 35 97 -74 -96 7 -12 81 -38 90 88 14 -31 -51 89 -9 -50 57 36 -58 -69 -69 -22 14 20 -3 96 32 -35 41 -71 68 20 -52 -25 -69 56 5 -54 54 53 -35 68 -21 -52 -56 
-93 -25 72 21 73 53 3 -74 2 60 3 -82 20 61 -58 13 -94 -2 -64 -82 70 -9 -35 -46 44 -25 100 94 -55 56 28 71 77 28 -8 57 -87 -41 -62 58 -6 88 29 59 -5 -23 86 -79 -71 20 -21 -6 1 77 86 -64 10 -46 29 3 65 36 -46 23 -95 5 -3 2 0 -17 50 -92 37 -4 35 85 
79 15 -72 -11 75 68 48 79 18 -56 -16 1 91 -65 31 -6 -49 -17 -66 -37 22 14 100 75 -11 -17 1 -94 57 -6 60 -12 -46 -37 -80 77 2 -87 10 34 -30 -79 44 -74 -31 -87 1 26 96 67 90 -71 -61 -79 63 -7 61 -18 91 -51 75 -20 -80 -12 -3 4 33 -27 34 25 -25 -28 -14 -72 -77 81 
-25 44 68 39 -24 72 -51 7 -75 -88 -41 -17 -46 -7 -39 -34 90 -10 39 -70 -70 -81 68 -48 47 25 -85 45 90 18 45 -33 30 74 63 40 95 89 3 80 -98 -36 -73 13 90 73 9 -41 27 -40 -84 63 -32 68 -4 -13 64 92 98 61 -33 99 100 -17 -82 100 -73 71 -56 99 -47 -86 5 22 -29 6 
16 -25 -44 -78 -37 100 -35 3 54 70 46 41 48 -86 -31 -81 -76 -78 -72 -44 -89 9 98 42 1 20 25 -38 4 95 2 34 -97 -74 29 -93 24 94 -73 -58 -29 86 21 59 6 87 51 9 -9 -43 68 90 57 49 88 45 98 -49 -30 -54 54 53 -29 45 50 -95 -5 -93 -45 51 -44 -15 -34 32 66 35 
91 59 80 75 67 27 -27 90 20 -36 54 -12 9 41 -66 -83 49 88 -48 13 88 -53 15 83 60 -10 -19 19 34 -55 20 81 60 23 69 -97 20 -14 -39 -44 -49 -16 98 -95 -70 87 63 42 52 -20 60 -25 -40 42 -7 -80 23 72 44 -19 15 -60 60 -23 43 -41 10 72 67 56 -78 100 -8 -92 98 -65 
22 -83 77 -82 -63 82 -37 -58 -61 -30 -6 19 42 -35 -92 -49 61 61 -69 17 -99 -85 -60 25 -87 51 -95 -30 62 -99 -53 -18 82 12 33 61 -52 1 98 -2 63 -73 -82 -38 94 -42 45 -64 61 -24 76 -66 -46 -3 64 -49 -27 -31 26 -80 41 95 -92 86 -61 -15 -99 -76 77 -49 13 -86 -28 26 82 30 
-37 -41 -59 -11 27 65 92 -17 -100 95 24 -5 98 -87 89 -32 -75 -26 -86 37 39 75 -63 90 51 8 15 64 14 56 -92 78 -91 41 -15 -32 -48 58 36 -16 5 14 36 76 87 87 -60 58 30 -6 55 -56 -68 -59 8 -10 -49 -72 -38 45 -60 -43 -72 -85 -16 -84 -28 -32 27 -46 -27 -14 -80 47 -75 -25 
54 -39 -13 -40 60 -73 -98 89 11 66 -31 -45 79 73 -69 -51 24 5 -11 58 -7 25 -60 13 62 -99 -97 -51 -16 48 -31 -56 -20 -80 92 -27 91 79 20 -4 3 11 3 -13 -43 49 6 55 21 59 69 68 68 80 -25 -47 92 55 38 -26 -94 50 -57 -21 16 -11 -77 20 -40 -6 62 35 -94 85 96 7 
-69 46 -17 100 10 74 11 66 -82 -11 91 -68 25 -62 64 -83 66 34 79 7 25 17 -44 32 68 -71 0 89 -61 62 -73 -60 4 53 -62 -22 8 76 47 99 46 -9 38 57 -32 -55 96 -49 59 37 -30 -47 -21 10 12 43 85 -83 58 98 77 64 -89 62 16 -89 -76 86 29 92 2 -38 48 -54 82 33 
-94 -9 72 5 -46 -32 39 6 -14 16 -4 -38 -28 -5 5 81 97 92 37 82 -32 53 -27 -34 19 60 -12 -20 -74 13 11 -38 7 45 34 -45 51 10 9 -82 -73 59 38 -42 24 -77 -37 25 -76 16 58 -98 37 17 -21 -80 -83 30 24 -99 34 69 58 -2 -29 23 55 93 92 30 28 64 -26 22 64 75 
-58 24 -21 53 30 -25 100 -97 73 11 38 66 -34 49 -53 90 -19 -90 -36 65 -82 -40 99 -7 24 75 -95 -83 65 28 86 6 -44 53 -47 -90 20 -71 47 -100 -97 1 -34 -55 85 36 50 -12 78 -30 -3 -68 -85 -60 -18 17 -22 -25 -8 -53 -38 -68 -86 2 23 -2 83 79 45 -78 -93 -63 -84 -18 25 -96 
92 -4 11 -24 -16 -62 -90 -33 36 3 5 99 -18 -66 -65 83 -83 -2 -12 33 55 58 69 17 35 -10 6 44 -8 -6 -24 -88 39 -28 -2 -4 -47 -89 -35 -80 16 13 -52 32 52 31 16 -62 69 38 -17 -10 -47 -9 33 13 63 -53 50 86 -77 12 -2 -9 -43 75 16 81 71 -100 -63 0 -58 58 -61 -10 
61 -4 13 15 -7 95 82 -11 3 -40 -7 -25 -68 -47 -21 -24 -72 -72 72 0 52 20 -20 -4 47 -45 -17 42 37 -97 18 -20 36 63 -43 13 -4 28 -25 -39 72 81 10 85 -59 58 41 25 -45 12 -71 27 8 -69 -21 -20 2 -87 53 94 66 27 -10 1 95 -12 55 18 -99 99 -23 -2 84 23 85 80 
-75 88 92 -43 77 60 -63 27 56 100 15 56 -98 46 -49 -40 -95 62 27 72 43 -53 -52 -56 -15 8 -33 -66 32 -79 -72 60 18 -52 75 -85 -21 -21 -73 78 -63 15 -12 85 -4 -8 48 65 78 -78 38 -32 16 47 -92 -41 -54 76 -5 84 24 82 -69 -37 -4 77 32 -22 94 53 -91 80 91 48 50 93 
-13 -60 -9 11 92 -69 -44 82 94 63 3 -93 -14 85 71 11 23 -8 63 -83 100 8 83 -29 -92 -9 -55 66 -25 -41 9 97 -78 -11 -86 -30 9 84 48 -17 46 3 -53 25 68 60 8 -90 53 92 59 -81 -76 36 91 -13 44 25 48 -88 71 -92 -1 41 -89 11 -52 13 59 -36 -86 60 3 37 -10 -1 
33 -39 -90 -30 66 -10 96 29 -12 45 1 50 43 13 -61 -87 -76 -67 52 91 -45 99 -21 20 82 -1 -11 57 64 -2 -29 58 5 62 -97 -11 -80 37 -45 -3 33 -65 -39 -13 81 -37 88 97 -41 38 88 36 -83 -95 -43 36 21 8 -76 96 20 62 -29 -76 40 -7 -88 81 15 51 -30 -42 -7 -32 62 99 
-63 -43 -50 -92 -70 48 -99 -2 -56 25 53 2 44 -55 9 -57 -72 -56 27 88 22 25 -4 36 -64 47 11 4 -56 99 -38 -13 88 -62 -4 92 -94 -28 -29 -94 80 69 -83 -17 13 94 -10 8 89 19 95 -59 -47 -91 -43 68 17 22 59 -26 -74 -14 37 -80 -34 -87 37 -23 90 -17 -90 12 89 67 -15 -79 
-22 -64 19 35 21 12 31 -61 40 -91 72 10 8 -14 -35 -76 -3 -55 9 -29 -20 48 -13 -26 55 57 -51 83 -87 84 -14 -64 29 -57 6 -16 -39 -86 -40 -30 -82 45 43 55 98 -95 46 -32 2 14 -52 38 64 94 29 -29 -10 -77 51 40 -11 3 91 -99 13 -18 -55 -94 92 72 -30 -4 -64 74 23 -5 
58 -56 -32 -7 -20 -84 -41 28 -28 -95 -41 -17 49 37 -41 12 -100 -32 -22 -37 -86 -10 -55 -56 -61 86 90 64 62 85 -40 4 -59 -92 -33 95 42 -3 -62 89 69 33 -58 -84 -98 52 -64 -61 -56 -48 -22 44 2 21 -9 37 23 -98 98 28 7 -20 63 61 89 -3 -42 45 -77 -6 -36 42 -45 -94 39 -77 
-88 13 24 95 27 84 34 -66 30 -93 50 55 -92 -43 -90 -58 80 -79 -63 -22 -49 -96 -28 -33 61 -60 8 19 -13 53 -49 -24 -59 65 -51 -100 24 91 49 -90 -34 99 14 -21 9 -43 3 78 41 -43 95 21 -32 -74 -5 60 4 -4 34 50 -9 48 -14 35 -59 59 58 21 -72 -38 45 7 -31 4 -61 16 
-99 -30 58 -11 47 25 -64 -34 59 68 32 -34 -57 -38 -39 47 -39 -3 -18 75 -19 43 -68 -6 50 27 -94 6 -7 -78 -36 -97 39 -50 95 20 100 78 -56 67 -76 55 63 -12 -82 -73 -32 55 13 64 16 20 -2 -55 -55 36 -43 93 43 -77 -6 -75 -21 -95 18 -30 -68 57 27 79 69 8 5 5 -18 14 
52 -4 -36 33 8 15 -41 -18 -59 88 97 -10 -18 54 -23 -19 8 -78 -72 -2 1 -5 -18 69 72 92 -45 6 -94 39 -21 -28 -91 -53 96 59 95 71 -22 -57 -17 -59 28 50 52 68 6 -90 84 80 -90 38 -1 -44 22 94 11 -32 -76 -48 27 -89 55 -91 34 19 -80 69 -86 -31 21 65 32 -31 86 -24 
-66 94 -8 97 94 26 -98 -19 -55 68 43 12 84 87 -54 64 -98 -70 72 -59 11 42 -75 6 -24 -68 -95 80 -95 60 49 -23 24 48 70 5 91 -89 -3 31 -17 -4 -9 -28 1 -57 -92 -41 10 -62 42 77 0 -21 -48 -77 99 -99 -4 -49 59 88 -42 0 -69 -76 88 -2 -9 -55 7 31 56 70 27 96 
67 -58 -65 -47 -74 -7 12 66 6 -78 -83 34 -41 76 -79 -64 24 -22 66 74 61 83 59 -67 64 -52 80 44 -49 97 -76 88 -80 -63 -5 -75 6 -90 12 -77 60 -53 -1 10 80 11 -59 -51 98 43 -21 -33 48 -47 -91 4 -58 -73 83 -26 -56 14 -56 -22 100 -86 68 51 61 -9 -31 -27 -8 -80 57 93 
5 -21 -97 84 100 -32 77 -2 -18 -50 74 -42 34 -41 -4 -80 55 -51 42 67 27 -4 91 66 56 76 87 65 20 71 28 99 17 43 -8 88 73 76 -77 54 45 -88 89 58 -88 13 -16 -16 47 67 52 -3 55 68 -84 -65 66 -20 20 24 -34 -94 -53 76 5 -28 73 96 57 37 3 25 -30 -50 94 31 
-43 17 63 45 43 24 14 -12 -54 29 -92 11 34 -99 89 -41 -99 -49 54 -88 57 -54 28 -36 54 -39 47 -68 30 65 72 -59 18 -33 -1 49 87 -94 11 -57 58 -71 -13 -57 3 68 23 -40 -35 21 -37 -93 -90 40 -65 8 -37 81 -61 83 98 -26 95 68 -21 35 -34 -36 -41 -67 -42 -33 -91 -88 64 -29 
46 -58 97 -46 59 -75 -74 73 38 39 -4 -95 65 21 -88 10 73 20 68 48 11 -39 69 46 -97 -11 -48 5 -90 4 -12 -15 66 -16 55 -50 -28 -93 -36 -44 -30 100 91 36 -34 54 66 -6 -63 71 -77 25 52 55 -76 21 -2 -87 75 -1 -87 -91 -30 52 -55 -39 62 97 -27 9 26 -95 -32 32 1 46 
2 47 34 24 -67 -37 10 72 -62 24 -24 82 38 36 3 64 80 99 -33 -79 -76 15 10 -85 -63 22 -73 42 35 31 49 -50 95 -56 71 30 64 37 -61 1 -80 -41 -49 99 72 -95 -82 -28 80 54 55 -58 -38 -22 -62 60 95 12 21 74 11 26 56 8 17 36 -68 -89 10 -98 -77 64 6 -45 50 -7 
85 70 84 17 93 -42 -98 5 -62 48 -86 100 -43 -58 35 75 -74 -71 -82 79 -28 -32 -15 -66 -66 66 -83 -64 17 -67 90 29 47 -95 12 -16 -57 -6 38 -92 41 -37 81 22 -36 4 -55 -45 -72 62 98 59 -36 38 -49 79 40 71 10 37 55 -1 -78 -88 54 -70 -43 50 98 76 -35 84 27 30 1 66 
-83 -99 -23 -10 14 63 42 -47 -55 -24 36 -51 -28 58 63 37 -73 2 -94 14 -16 -66 -62 -19 -13 2 -29 58 -9 -94 92 69 -21 2 -73 -5 93 38 8 -85 55 68 -61 91 -30 -59 47 48 -99 -69 -43 -57 -54 37 -53 27 -60 44 -64 17 -4 -13 40 100 53 -74 22 58 -96 42 15 -68 -26 -35 -99 -88 
17 -55 87 57 -47 68 -2 -46 48 8 -16 -2 -50 -8 -14 59 -94 -57 100 53 -64 66 92 67 12 38 -44 23 81 -23 -13 -29 36 63 -59 33 -5 -40 -62 98 -55 22 -30 95 -4 94 -9 -50 94 -89 95 -75 60 -63 39 -3 0 58 -56 82 -75 -39 41 -88 -15 26 0 89 -98 70 -92 -49 -76 74 -99 21 
47 -47 13 -78 -12 94 -17 63 33 57 -85 94 -42 -77 52 -61 45 90 92 -34 -46 -53 7 -93 25 -15 -84 -98 63 -24 21 97 -28 73 -55 62 -40 3 -16 -68 85 -35 -57 8 60 -21 41 -35 49 11 26 -93 97 -83 -38 76 85 52 -38 -41 7 68 32 -42 39 -4 -96 -98 37 16 -34 14 21 -39 -49 37 
24 84 50 87 -95 49 63 17 -72 80 94 85 -42 -74 -74 59 54 6 84 -50 -39 53 -88 -90 6 29 0 23 11 34 -52 -87 33 -90 5 2 92 -14 -60 8 -45 62 -100 -70 -83 -7 61 8 84 70 43 71 35 -94 78 7 4 17 -78 44 -7 70 -87 -56 -25 -43 -62 62 88 83 61 -50 -33 -69 84 44 
-26 -92 9 -80 95 48 -57 -12 26 41 -26 54 -61 46 -46 -43 69 -57 -71 -90 97 16 91 -15 46 97 -56 -84 8 -44 84 63 53 1 -19 36 -1 -16 -30 73 43 -83 -88 64 55 36 -4 20 -40 81 24 7 -74 -95 -34 58 -51 -80 -63 -27 -85 -56 -45 -24 -83 61 49 -16 17 8 67 6 23 8 -36 -24 
-34 82 -82 30 3 -26 6 -6 -39 -97 -80 -93 -56 -23 43 40 -5 84 -88 -22 -40 19 53 35 -24 -75 -67 -62 35 46 21 61 -51 -74 80 -35 58 -98 70 40 -76 -44 2 58 66 -17 -61 -6 -55 68 99 80 65 30 28 -61 63 -53 -5 35 59 22 -37 -21 98 -69 93 -10 -46 57 -20 -21 86 -27 -78 13 
-21 -78 79 53 33 15 76 34 -81 -9 37 -42 -61 20 -92 -79 80 -71 -85 -12 -71 14 61 93 -46 80 -20 11 99 -93 42 76 -75 -20 -75 -61 -38 22 1 76 4 -45 34 34 94 -53 -54 62 -1 58 -94 -15 69 17 76 38 1 -4 -62 -49 7 23 -29 94 25 94 72 82 -55 19 11 -89 -67 46 19 -58 
-83 69 62 -60 31 -60 -40 -48 -30 58 24 -98 -21 75 57 -6 68 42 91 -24 36 17 47 96 -79 7 47 34 -28 -96 -12 48 -83 22 -67 23 91 -99 -44 -100 -26 -46 56 77 -31 13 22 -87 -67 -22 -55 63 -73 -12 92 -2 67 -62 36 -60 -99 92 66 35 -53 -81 -3 75 36 -47 -39 97 48 29 71 94 
-42 -85 22 -22 15 57 97 -58 -4 25 41 -42 -88 89 -80 61 61 24 33 -63 -21 3 -7 56 48 -65 82 -1 -87 92 -93 -69 97 -56 -100 58 95 -31 51 34 8 -86 71 -25 -51 21 86 2 -3 17 44 48 -7 -89 17 -77 -98 -25 -62 31 -87 100 -49 85 63 54 -70 -9 72 5 53 67 78 89 -13 45 
-4 89 84 -100 -20 -98 -19 -20 8 -17 -24 -37 100 20 -42 7 53 -100 53 23 -83 -89 68 96 60 -67 -1 -36 -25 -13 47 -95 43 27 66 -67 24 -87 4 57 27 -32 97 76 23 -4 -2 88 37 -56 -44 -49 75 88 88 36 -87 -52 -87 46 69 2 69 -80 -35 91 -96 47 36 -8 -70 97 81 -77 2 42 
-97 -52 -77 8 -13 88 -61 67 55 -53 -10 -55 65 -78 53 60 0 78 62 35 -28 -69 70 -58 -35 5 71 -20 -74 68 20 45 -28 93 -25 -28 52 -94 -79 -81 -41 -55 -62 90 -76 -78 66 99 -65 73 59 -69 -41 8 -95 -78 -27 -52 87 -80 1 73 -23 22 -85 9 46 -37 35 -88 23 -32 -26 -65 75 44 
7 -74 36 -6 8 86 68 1 99 3 -97 -2 13 -58 3 54 -21 -39 -27 16 11 -3 -17 40 -70 -28 100 -17 -99 -71 -89 -89 -35 -85 -77 87 89 -2 62 -38 95 64 -76 13 -74 -22 52 -10 -17 -55 24 17 -22 14 63 -17 -76 24 -29 -52 -93 64 -51 -94 -55 7 -51 -65 -19 -83 55 -53 19 -58 -24 -32 
-2 -95 11 83 52 16 59 -51 -49 83 31 -71 51 -39 37 69 9 -22 79 22 -91 64 23 -52 17 -50 63 91 -41 -70 -68 71 85 -44 -24 -49 -95 -27 -30 -6 69 33 -80 -31 59 3 23 65 -21 91 -100 -86 -31 98 -43 47 -35 -77 -62 33 50 76 -45 80 90 -72 -14 -58 75 -36 70 10 -64 -43 93 61 
-58 -18 20 -74 -76 -11 -20 83 94 -2 40 56 35 76 -46 20 16 92 -82 -23 23 95 -82 -80 23 -96 -45 96 -94 51 -13 -29 32 -26 -39 7 -49 -79 78 50 -76 -43 -72 34 -46 -43 -96 -77 6 -83 -22 -13 -98 -27 -51 -94 84 -87 21 43 -68 -30 -92 90 38 -9 -21 75 45 -2 55 -2 73 65 13 69 
36 -100 -93 -40 -27 53 -11 -82 39 79 25 -92 -60 -73 -6 82 32 75 -30 -100 -33 71 -95 1 32 -3 61 -96 -91 1 95 -83 74 -59 22 -24 -43 98 -19 56 -32 78 3 27 -24 78 -50 -26 85 34 25 -62 -64 -77 -94 62 65 29 -59 27 -3 -97 35 63 18 62 20 82 12 -26 72 75 -92 24 60 -34 
5 0 61 -14 -13 -83 -1 -95 -41 -24 56 24 90 -48 36 -54 -79 28 -28 63 -14 -55 -33 -98 -68 97 -9 -45 -78 10 4 -26 35 -92 -75 19 -65 55 -33 20 81 -19 -11 -11 77 -97 -14 4 -5 -15 3 16 9 -63 68 -23 80 18 -9 -80 -50 -17 16 30 -46 -4 76 -28 -32 -21 -76 -32 33 -38 -94 -18 
-61 -76 90 -1 79 -79 42 -78 -49 79 10 32 51 90 25 18 -2 88 -8 -46 -96 -98 -28 -49 -3 -70 61 -5 46 84 99 93 -24 58 -36 78 -81 -79 -19 58 22 -6 26 37 98 93 51 86 52 71 -33 37 78 -40 64 -31 -67 53 -78 52 67 -49 73 7 32 86 -94 -65 -51 9 94 94 -44 45 -40 -53 
50 -84 -42 5 88 -43 85 72 91 -42 4 90 -96 -98 -25 -27 95 -65 52 47 -6 85 -86 58 -39 -77 -74 81 -49 51 -55 -17 26 31 -73 -64 -86 -50 -100 -44 -54 -22 68 8 -24 -13 -85 19 -26 36 24 -48 61 -19 44 -22 -61 35 87 -69 1 60 -17 -72 96 -53 0 -56 -88 -61 85 -35 64 -96 -25 -11 
59 31 -79 -61 42 -98 -29 19 -18 21 89 24 -82 89 -73 -88 -49 50 -55 -23 95 -35 35 -92 -49 -62 53 -27 -53 6 78 75 14 -37 59 60 -1 -88 -64 19 -16 84 -51 -77 47 44 66 36 -48 -75 19 -47 -68 24 -17 -31 58 -66 -52 -97 -22 89 37 -94 3 27 71 87 27 99 -24 -5 11 15 -40 -95 
32 34 -93 -92 -33 -57 72 23 -2 -28 91 60 -42 -90 -94 90 -13 -81 -75 -77 -67 80 83 83 77 27 -97 76 -99 -44 -87 65 -69 27 47 -62 -96 -19 -80 -25 -84 -94 19 -21 71 37 -35 -7 -43 -75 -86 -86 -55 -56 -73 15 58 -60 -34 65 -68 -59 45 -90 -65 4 -16 95 -22 -9 -40 1 -1 -76 -49 37 
-67 30 8 44 -97 65 -65 -45 -99 61 50 68 -99 -16 60 -45 -51 34 -38 37 40 87 9 -36 60 -52 -47 46 46 87 -41 8 18 -26 -94 -55 84 -89 36 92 57 39 71 -14 15 61 32 68 -93 -61 -64 79 -89 -64 0 83 6 -78 -30 -1 -5 10 -40 -4 -71 -69 -9 -66 40 -19 -5 -90 92 12 -71 -71 
-86 64 70 8 8 -93 -70 25 -53 -98 2 44 -85 4 4 14 65 9 -22 -44 -94 43 77 16 61 51 -61 13 21 40 54 -98 -42 87 -76 -45 -60 57 -48 -10 -32 -61 57 -57 -66 -96 -76 15 -48 67 -96 92 -5 -75 13 -95 -14 -18 -23 -84 -34 55 -20 -100 -55 -89 76 68 -82 -15 -65 76 -36 -78 69 -3 
-85 -94 -43 31 20 -39 -93 -63 72 68 88 93 -73 40 24 -88 -98 78 72 -66 -86 -73 31 -88 29 11 -53 -60 -29 -15 -30 -56 94 36 -37 71 -56 -33 38 -69 -53 -93 57 -94 -22 50 92 6 -25 58 -11 -34 -79 78 60 -72 -35 100 -27 -23 -52 4 -76 -24 13 90 -20 -32 -60 -83 92 80 70 70 32 -40 
-57 -30 -20 -47 -21 -65 -12 -77 -43 79 -29 95 80 10 -20 76 -9 58 -21 -52 57 87 -34 83 62 -70 -37 -12 50 -19 -59 -52 59 -60 -71 41 19 92 -12 24 -8 79 -30 -59 19 40 63 -43 -63 -72 -98 71 48 15 -82 1 -31 54 54 -97 -9 -3 89 -85 -70 -6 -81 -42 31 -98 -31 -64 -33 33 -45 20 
-71 34 -47 -8 -84 -22 -25 75 -59 -36 -22 55 -74 33 79 71 47 -100 50 -66 -43 56 -65 57 -28 93 -79 43 58 18 -44 -89 92 92 75 84 38 -29 13 23 87 42 64 -53 65 -77 72 96 -75 -81 18 -48 -68 45 78 63 94 94 91 91 -10 -88 98 89 83 37 57 -57 -78 24 -59 26 -65 -66 -99 27 
73 97 39 71 -77 64 18 -2 -76 -80 38 14 -86 40 -26 46 -30 -82 -33 -78 -93 39 -3 -21 -71 -62 10 -86 -79 52 21 82 61 38 -33 61 -94 -70 88 -43 34 -73 21 -35 31 -17 -48 -63 20 2 -1 97 -36 50 78 -30 61 -75 51 -80 29 7 5 84 92 77 24 -95 -82 79 -73 6 86 33 85 8 
84 39 28 -50 -66 -82 17 -93 83 -20 -67 8 -20 60 77 -98 38 -7 -100 -4 93 20 62 23 -53 -29 -47 -84 -59 20 20 -94 58 0 -99 -41 -66 -42 -8 -24 82 -94 25 81 -1 -82 -70 44 -93 35 -64 33 -66 -35 73 -14 -49 -63 -71 20 52 -35 -98 4 87 -69 57 17 -61 -19 -42 -4 68 56 -44 12 
-23 -45 18 82 37 39 -42 -13 35 64 39 99 57 -95 51 89 77 82 37 97 -12 -65 75 -23 -2 -33 -56 42 95 -24 61 -99 42 -91 40 -36 11 -77 -94 46 -68 -36 -68 -58 -87 -97 9 26 45 87 -37 -29 18 100 -42 73 -19 12 -35 -85 7 -64 70 68 -82 -50 -83 -4 76 97 19 -54 -56 60 -79 27 
