20 -46 47 -22 -85 -32 -75 51 -8 -82 -1 92 -90 80 60 84 -82 48 -72 41 82 34 16 36 -55 16 -71 60 59 95 22 67 -37 54 -40 -65 -48 -93 40 83 -46 0 84 98 83 -30 -12 -45 -84 78 -21 -37 89 40 -82 49 60 -99 -96 -25 -97 49 54 -8 54 -61 -67 -90 83 -59 -45 58 12 -20 99 22 -92 43 -63 18 -38 -56 49 -47 35 72 -55 -44 -1 -63 1 -95 -78 32 99 -66 35 48 68 50 42 -5 33 -74 -29 -78 -76 -59 9 31 66 20 
-85 -55 17 -84 -19 36 -88 -1 -50 -17 -6 -90 -48 8 26 -52 16 73 26 -84 -56 -72 -91 33 -70 -70 92 3 -53 61 82 16 98 -54 -29 81 -72 25 -90 -29 31 -36 94 -70 -94 7 -27 -81 6 8 86 68 -81 -19 49 -19 -6 41 60 49 80 -13 20 22 -30 -49 -1 63 -67 -51 91 48 94 -69 -78 70 52 -13 -15 -100 89 -69 61 43 -95 -15 10 -40 -64 84 -90 77 68 23 53 -83 -1 93 -7 23 -63 8 70 92 -56 62 -16 -66 11 11 47 -91 
49 24 56 -90 33 -35 -41 67 -79 1 40 98 -59 -62 -4 -29 58 1 71 82 56 51 -97 -32 76 -74 -65 77 -67 -4 22 -91 84 72 -4 -9 16 54 -1 85 -36 97 73 -60 -34 50 -5 7 -42 83 60 -83 -15 24 33 80 -88 100 -98 -5 34 34 40 0 -24 6 -5 -35 84 -60 96 10 7 -15 -23 -13 -35 36 54 -5 60 88 -48 40 -42 61 -59 5 -24 34 93 -59 -12 -75 -19 -62 -53 -20 30 -75 -32 -9 -32 93 -64 -76 -55 72 -99 -55 -53 -8 
-74 86 -26 -68 76 -98 -6 23 -46 78 -96 34 16 90 64 71 -85 23 -78 15 83 -52 -16 58 60 3 76 97 6 -79 30 95 98 -21 64 22 -65 21 81 -74 -2 62 90 -32 -43 -56 82 2 -10 42 21 41 58 -47 58 -40 -73 48 -76 70 -29 -78 17 -52 62 -24 -19 27 -70 -92 38 27 -80 -82 -48 48 41 100 -61 -85 -23 45 85 96 66 98 57 7 13 50 -91 58 38 72 21 -29 44 42 -39 18 7 -68 -62 -2 19 32 -97 -94 45 77 95 -65 
63 64 80 92 -95 46 67 14 88 4 -24 56 99 -69 12 76 -6 -76 59 72 35 2 98 -91 52 -37 -92 48 1 94 -60 -9 5 -49 -91 -45 24 -56 59 44 56 -83 23 -67 96 -30 -27 -39 -8 -47 33 26 82 99 -55 -43 44 -92 86 -70 89 -27 -5 -31 11 -32 24 -14 -56 89 20 55 -71 86 88 34 -17 57 -58 -92 49 54 74 -16 -90 -82 -22 -31 -13 -14 43 16 75 18 93 22 -28 56 58 25 41 -11 -19 1 21 28 91 63 82 31 -10 34 
32 47 -84 70 22 -66 17 -33 -23 -54 -23 -30 94 7 -85 -36 29 -58 -9 91 64 -63 -41 -64 -28 2 89 70 57 23 -18 3 -18 7 100 77 -20 -90 -55 -95 -8 72 -47 20 17 -41 89 -79 -1 -65 -53 64 -97 -22 -1 -32 45 21 39 72 -70 -65 -57 5 -99 57 -34 -26 -24 -9 7 -37 -94 -6 -11 13 -26 -75 15 -81 -17 -98 12 52 22 -76 -69 -33 -91 0 -76 -74 16 -29 38 29 87 -25 97 59 -33 49 -21 -41 -51 -100 -58 92 -93 33 64 -73 
-17 81 36 -1 -38 -73 -75 26 33 8 -19 -62 95 36 -91 59 86 82 44 -46 -26 -10 60 78 -3 -86 -67 -40 -29 -79 64 -15 99 75 -93 22 21 3 57 22 76 -1 50 20 -46 -18 -63 68 98 -56 -49 -86 -13 88 -72 13 9 4 -81 -78 -27 78 -65 -6 88 47 17 -55 -37 -2 76 82 36 -8 -85 30 -19 70 -96 -17 42 8 -34 22 -15 14 24 -79 50 -81 -26 -95 -86 -42 -63 87 4 31 -17 -43 -13 -82 92 -44 -61 91 32 -73 10 -21 -22 91 
-26 -53 -12 36 -85 -5 42 -48 53 -31 100 -38 9 18 51 4 -5 -14 76 75 39 -4 47 -72 47 93 -69 -57 -35 35 46 72 -75 45 -34 -3 86 23 93 26 -29 9 -54 -39 10 16 -76 15 39 92 -2 -30 22 -27 68 -52 -6 95 17 68 -19 83 84 78 -19 -16 31 -34 -87 -60 -51 -6 72 -24 -73 93 -31 89 -43 -15 25 -31 -86 -43 62 -30 -97 -48 -47 -63 89 -87 -51 78 -39 31 37 27 -32 -65 43 25 38 50 59 35 -74 -32 40 43 -4 33 
-69 94 41 48 -38 71 38 -56 -25 -13 -93 -63 -52 29 84 69 43 51 86 11 -85 0 -82 -83 53 -26 -43 47 24 -82 72 -55 -93 -11 -20 58 12 41 -62 -28 -45 19 95 -14 -50 -53 24 8 77 -78 70 22 -92 54 22 -3 91 -90 -81 -56 65 22 -61 -21 79 64 69 -15 -51 -35 84 66 -20 -20 -95 11 62 6 -58 -88 4 82 33 -43 31 -79 63 75 82 -9 -52 -88 -81 -21 -77 68 28 -82 -84 47 56 72 -21 -81 -55 58 57 -54 90 -43 -57 -77 
66 8 49 -31 78 27 -36 53 89 5 -86 -84 -55 -96 2 -92 -7 9 62 26 -81 18 90 83 -43 72 -86 58 91 49 -37 39 57 -45 -67 61 4 50 -87 93 -40 -7 -81 26 -96 -54 4 19 31 76 -34 80 -16 70 22 -51 1 -69 -60 64 50 62 15 -30 76 58 -35 37 3 -7 22 -29 -11 76 42 -50 -69 99 48 -82 64 71 -19 -83 50 32 22 -50 -51 -44 4 -36 -16 42 94 -66 -77 13 45 -9 -54 22 -35 -44 78 -40 72 94 26 26 -19 21 
-19 -86 -5 -72 -78 -63 19 -98 86 -83 -59 -98 40 97 95 -72 20 -12 95 -45 -65 -88 35 -12 -29 -68 -98 52 5 -77 -22 62 28 40 -45 -67 -85 79 33 54 -89 -54 41 76 -2 -56 52 39 -36 -60 -48 -13 -82 -84 66 42 -98 -25 14 -26 -73 82 -25 -18 -4 -33 75 -15 92 -6 33 36 -27 99 21 -12 32 -22 24 34 67 24 56 67 -40 -14 -23 85 -44 -43 -46 -75 -15 80 68 -99 -45 -72 62 99 -85 6 -38 68 -73 -44 -69 -55 -73 -27 11 96 
32 -44 -89 83 34 -31 -15 20 85 22 -85 -39 -37 -8 99 -57 -65 53 29 -79 40 -45 1 61 20 -78 54 -8 47 20 70 69 1 -81 15 30 10 56 -18 -77 -89 30 63 -3 -43 -25 -47 -55 -56 66 -68 -63 7 -4 12 -70 -98 3 -30 -53 8 45 49 72 51 72 -48 90 -78 4 -63 66 69 -99 -45 46 27 59 53 35 1 48 -62 -87 33 -72 -86 1 14 37 -65 25 -37 57 -68 58 9 95 -3 32 -70 62 -84 -13 -74 -73 -35 1 99 -30 96 -72 
-16 99 18 -24 4 -7 -15 77 56 63 60 55 32 -16 54 -60 57 4 -54 -58 -95 -31 -81 -13 -32 60 45 -70 95 24 100 -100 -42 -79 18 30 -41 -87 4 51 74 -20 -44 -57 39 84 -39 80 22 37 55 70 66 -38 81 -61 92 32 42 26 80 30 -52 22 21 55 -86 -89 86 89 71 -66 -65 97 40 28 14 45 55 18 92 12 92 -42 35 -5 7 -41 -39 -83 9 7 21 -83 -20 77 -89 80 -58 -70 96 31 51 -87 -82 -71 39 22 -16 -91 34 -10 
-28 11 12 37 0 -77 -42 -6 -8 -54 11 28 -80 -9 38 92 -50 21 3 -6 -30 -80 64 -63 -10 83 -77 62 85 -8 3 -28 20 -66 99 57 94 -45 23 78 -16 28 81 -52 59 -57 -93 -9 93 24 -51 -23 87 93 44 -68 49 -24 30 33 -89 18 -2 -90 -89 32 -92 26 -32 -91 38 94 -28 27 73 -50 63 -56 -87 -74 -44 -69 -49 -33 52 -61 -68 43 -44 -36 58 -95 -62 1 69 90 0 99 -50 -4 -94 -54 -96 -33 50 -61 7 -85 -65 49 -84 19 
67 24 92 11 84 -47 62 -99 35 46 64 45 -66 -52 76 -24 93 -46 -90 -53 -31 48 45 54 -2 31 24 60 3 74 52 -20 -24 73 -20 79 -58 -72 -98 -29 -97 -38 -18 -17 91 -44 -46 5 -23 86 -35 71 -28 80 99 12 -23 -82 69 71 40 -7 29 53 -52 49 11 -64 4 -39 13 77 27 -5 -66 73 -58 27 -19 -8 65 69 87 -47 57 47 80 -27 96 -81 38 -53 -60 -90 -25 20 20 96 -15 40 -10 47 -99 49 2 44 66 37 -90 -71 67 42 
-70 -39 -17 13 95 -69 54 -8 74 -11 -38 -93 81 -14 28 -62 -23 13 -29 -27 -8 82 -63 58 16 12 80 -43 -72 79 -3 -33 76 16 -6 -72 26 -20 31 -52 44 -22 -55 35 31 54 87 42 56 -5 -66 -32 -5 -80 -77 -82 -63 -38 90 71 99 61 -98 -79 33 21 55 -78 37 63 -63 29 -58 -68 93 95 45 -65 99 67 61 38 -96 17 1 -27 23 76 -29 36 -24 39 30 81 22 -62 -7 9 77 -56 75 87 -10 -94 -66 -49 -10 49 -38 97 -36 49 
57 47 -38 69 -52 66 44 -86 -95 -53 6 25 95 -1 -53 -24 30 92 -56 -3 39 40 -42 54 -60 1 81 28 81 -45 76 -64 -73 -82 -85 13 34 87 -20 -50 -76 33 56 7 -65 -55 18 29 -61 19 77 -77 73 77 -20 2 38 -67 -63 -93 90 -80 19 -63 -40 64 -11 -53 -72 4 -42 -57 4 75 -98 41 82 -32 -65 -17 79 3 -47 -73 83 85 -95 32 64 -53 -68 -4 33 44 13 -80 42 -40 59 43 47 -37 89 100 80 38 19 56 -43 10 -17 -97 
-72 78 9 65 43 -97 3 -32 94 26 -44 -33 -75 48 -37 53 88 -46 -3 29 -39 55 27 34 -54 29 -19 -44 66 78 -80 54 -57 16 45 -42 -9 -82 44 -2 -23 4 -76 13 -52 15 54 -51 30 24 67 80 17 14 92 -23 29 -40 -21 55 -96 31 -23 -54 77 36 -2 88 57 1 -57 42 97 60 99 84 -98 -91 -5 -100 -66 -45 -31 -18 -5 -13 36 -55 86 96 -51 56 10 63 68 -62 58 65 89 -43 -77 33 83 -93 75 -8 89 -94 39 -100 -77 61 
-23 -69 -4 -60 21 40 71 54 -18 97 -49 30 32 -96 -85 -56 22 88 -78 -19 89 -24 38 40 64 -77 59 85 45 -74 -7 74 10 21 90 -32 -20 -26 13 89 -50 -46 -29 -68 85 75 95 98 -95 13 17 -49 91 69 -7 -100 -14 -69 -21 75 -89 -43 29 53 -77 -8 91 -82 -27 84 -86 78 61 64 -33 -89 -10 -58 -78 36 0 60 -66 22 -59 -79 -95 55 48 11 -21 -47 -100 49 -29 -6 -98 -78 -38 -4 -76 76 70 64 90 93 -61 -36 -20 -57 86 28 
-96 -28 42 -26 29 100 -47 -74 -42 -85 86 -99 -98 43 73 6 -67 31 46 67 36 31 65 36 -3 -13 -3 84 100 58 50 24 97 -44 -25 50 20 -65 -59 -87 23 -74 29 81 -14 11 -50 12 99 -37 36 38 47 73 43 55 -59 -26 47 2 77 41 15 -45 4 -17 -18 -82 39 42 -10 -71 42 1 68 -16 -62 -1 -71 19 -26 90 -54 47 -70 -18 -83 -64 61 54 81 -34 -22 68 53 49 44 -75 67 57 36 6 -27 94 -20 52 -8 72 50 52 -56 20 
-83 9 91 -39 53 -33 -97 89 47 -22 -18 74 39 73 31 -58 -46 56 -38 -86 -10 -82 -54 -98 -5 56 -4 29 92 -98 86 51 -96 27 -43 -7 68 81 89 96 -72 -18 -20 35 -68 -41 -17 -78 100 -21 59 -6 -45 8 -24 55 35 -66 -33 19 88 39 -1 -17 9 75 -56 -76 -30 94 80 61 -5 94 82 43 7 -88 -45 -48 24 -24 -40 -89 29 86 54 99 -55 -74 11 51 67 26 -64 -21 -19 -99 39 38 41 61 39 -55 35 48 88 -27 16 -37 -52 31 
19 81 41 -69 -27 -88 -90 86 48 75 -69 92 -21 -34 -47 24 64 -75 15 26 46 46 41 -84 -35 -70 97 -60 63 -82 43 33 43 23 33 23 -94 -27 -80 -97 -81 -91 -6 -56 33 -91 57 23 -32 -57 13 -7 28 96 -80 -57 -29 -76 -56 81 -5 94 -80 92 -96 -54 -84 -60 -54 10 -42 7 55 39 12 -73 87 -46 -42 -72 -70 47 48 -69 -95 13 44 48 -60 41 70 48 -45 51 -94 55 100 51 -62 36 70 -63 32 28 -24 94 -55 60 -70 -54 20 -24 
24 7 -54 -45 9 -73 72 -94 55 -59 29 35 85 51 21 31 10 4 86 -70 33 -8 83 42 18 75 -69 -1 9 -32 -42 7 -93 65 56 48 28 79 92 -43 30 -94 -21 51 -66 -47 -1 -32 -95 80 -16 -18 -95 -72 8 4 67 56 31 -55 85 82 -9 48 84 -20 46 -33 -55 -13 41 -99 -40 96 -44 -69 -19 -67 -90 17 10 68 -99 52 56 -51 -4 98 28 43 -51 33 3 50 39 -28 -67 -8 70 69 -71 -14 6 -26 8 -13 88 -97 49 -53 -87 -28 
69 53 30 -78 63 19 -14 1 -9 30 -65 -49 83 75 -73 76 16 99 -79 -14 18 -54 -44 96 -93 32 83 -23 -72 15 -55 9 82 76 73 -87 -31 -21 41 -38 27 -34 -16 -5 21 57 84 80 50 -24 6 -21 59 -40 -92 45 57 -76 -86 -48 -87 95 97 -59 -17 -97 6 46 70 88 50 99 -21 -76 37 98 16 20 -9 97 -58 86 -49 -19 88 68 -79 73 -28 85 32 45 81 85 -11 21 45 38 46 58 89 10 -17 54 -59 79 81 42 -45 67 -10 -22 
73 -36 -11 -24 -36 -5 -78 26 -16 -30 -93 27 -70 12 67 -81 24 34 -6 71 -20 34 -66 24 78 -79 -14 -46 27 -65 -24 75 59 47 18 72 55 -72 66 -36 -53 -16 -74 45 82 46 100 -59 76 49 85 51 38 87 -85 46 27 -97 -47 -73 43 -2 -93 -27 -24 33 -7 -54 9 6 75 -56 91 21 -59 -11 73 -95 3 26 18 -39 -85 24 -33 -19 86 55 3 -34 -2 -74 -69 8 -52 1 -73 27 -49 -52 -8 47 12 89 -22 -85 -10 -95 -88 -17 -36 74 
-33 -89 23 38 59 10 82 -51 77 80 35 -74 95 -15 29 57 -60 76 -53 63 60 92 -24 -28 12 13 -86 97 41 69 40 22 -89 19 -6 72 -59 -87 87 81 6 -12 -90 70 40 56 92 -98 85 31 92 91 86 -69 49 -98 -50 -46 1 71 43 37 6 32 16 -29 -24 55 -75 54 -99 49 -58 -94 -13 -78 -30 74 -1 94 11 55 -5 37 85 -96 97 -93 -39 83 -31 -69 -33 -65 83 39 -89 -71 17 -85 -26 62 -6 -75 -56 22 -43 95 0 -48 -21 60 
4 58 58 -91 -12 28 -71 -79 -4 -43 -28 8 -50 41 5 -98 15 -81 61 57 -73 85 16 -80 63 52 81 53 30 74 -65 76 18 19 -77 -12 -37 94 -82 -25 -6 43 17 -65 95 -96 -22 23 35 -70 -33 1 -13 9 -12 -9 79 -1 43 55 49 60 94 90 -80 -3 28 94 36 -100 16 43 12 60 -22 22 52 -23 -80 -83 8 52 37 61 18 -9 -53 -10 17 22 31 21 42 25 59 -16 66 26 54 27 -41 -97 -11 84 81 60 34 12 12 -31 -3 -8 
71 18 -83 39 -46 4 -18 52 67 -5 92 34 28 81 18 -56 29 89 -12 -30 -72 -50 49 42 -62 52 57 93 46 -13 -12 -58 61 93 55 44 19 90 61 -28 -76 -59 47 69 -48 31 -9 -34 75 88 90 45 -98 -18 100 99 93 11 12 42 54 63 -61 47 56 55 84 -60 -91 90 -47 -79 -16 -3 -100 -98 60 16 -63 -84 30 -60 93 34 -34 -32 -73 21 -48 -3 19 -31 -32 -100 -31 -75 91 -17 13 -37 -63 -26 -100 -91 69 -100 46 -40 -79 -4 9 28 
94 -32 38 -30 44 61 -35 76 -2 88 -78 -94 -38 69 -13 -95 13 86 93 65 -18 -5 73 76 -54 -28 13 33 90 -12 52 -91 50 -87 80 -72 61 -65 -7 -23 -82 -18 70 -74 -40 19 24 3 63 79 -14 80 -46 -5 79 33 -16 9 -72 83 65 -15 -85 -69 71 50 78 90 8 91 69 60 80 -81 -50 77 -92 -12 33 -53 98 17 14 -78 26 87 10 91 49 66 49 78 34 30 53 74 68 -33 59 -99 -4 96 -11 -19 64 14 -57 -18 47 -74 88 -17 
-59 -38 -90 -52 12 -62 -13 28 92 -34 -33 55 19 33 77 -90 -12 8 -92 -76 70 -60 -23 -55 49 9 80 -35 -65 -28 13 -87 16 -88 -1 -99 -76 84 -7 -6 -29 92 -5 -36 -100 30 -87 48 56 -30 2 -88 9 -67 -31 68 -51 -59 -48 35 -65 -57 10 21 13 -84 82 -76 76 -73 9 16 -34 -5 6 -51 5 -16 9 1 9 59 45 79 90 9 56 46 -59 -69 -100 92 -100 21 -43 27 -6 47 92 -99 -96 38 34 -24 86 3 -84 -53 12 43 85 -78 
34 -83 -42 -43 32 -79 82 37 16 -20 -8 54 -36 9 -87 26 19 -90 17 74 -48 28 7 52 52 84 -27 -70 70 -75 -8 24 37 0 -66 -10 60 -47 6 -71 58 -59 24 2 92 86 96 -80 -30 22 -11 -23 11 22 66 -31 -9 13 76 23 47 -84 17 52 31 18 71 59 -55 -81 -43 -26 43 5 -79 88 76 -79 -93 68 44 52 -21 -96 72 20 60 25 -53 96 59 0 76 47 38 94 -62 -65 85 51 -85 -78 11 66 80 99 62 -36 50 95 -63 -18 
92 1 78 99 -55 85 -58 -24 -53 -13 10 63 -8 -26 29 99 -80 -63 -42 63 45 -97 -91 75 8 6 90 86 44 -68 20 3 26 -6 -36 55 32 36 -78 84 -2 -68 49 8 63 54 -30 78 25 46 2 -62 58 -93 46 -63 40 51 -87 -32 -44 -69 -47 10 -21 -53 -78 21 67 65 -2 34 -74 91 -19 54 -92 -88 0 18 53 -94 -86 50 21 36 -98 88 20 50 38 -72 70 -33 88 -40 76 -88 95 95 57 53 -57 -37 6 77 -23 76 -31 2 24 24 
-48 81 -5 7 39 -93 48 59 62 81 26 83 -68 -69 72 -76 -98 84 74 -79 -47 68 28 -37 -21 2 76 49 57 -85 22 -27 67 46 -37 -87 -3 68 -70 17 13 14 -92 -28 35 -50 -40 -63 3 42 90 -6 -38 -96 45 -20 3 -26 -7 -16 13 -16 -99 3 79 -39 85 -53 -44 -100 -1 15 -98 69 57 -8 -50 91 43 -47 -87 57 34 96 -67 -90 -31 3 -40 41 81 39 90 78 -40 -95 -2 95 -15 -58 -11 -62 -96 -63 51 25 -84 -92 -79 42 70 66 
-82 74 31 99 -6 53 68 -60 28 -51 -21 65 92 40 90 -43 91 97 -12 -3 71 31 -73 -45 -79 -87 0 -76 -92 -15 10 76 54 68 89 61 -85 -81 -47 43 18 3 -37 -73 50 34 -18 -40 -39 -92 91 24 17 50 -46 75 -61 -90 85 81 39 40 -96 82 -69 -81 54 -32 -83 19 77 -43 -25 -77 -6 -34 40 15 95 65 -72 -45 52 83 -30 63 11 53 96 -85 -19 -40 -34 52 -4 18 9 -32 -54 83 49 -49 19 27 46 -36 10 -24 42 65 -4 95 
41 70 25 54 -16 43 -51 46 -86 21 43 -30 73 97 8 -38 -74 -67 -56 84 26 -15 77 -69 4 90 -79 -24 98 2 37 -81 93 60 -94 -50 11 91 52 30 13 29 59 91 -56 -63 51 -16 92 -89 49 -91 -72 13 -15 13 46 41 93 6 52 6 99 23 -10 55 24 60 -25 -5 73 10 -74 -47 -68 38 -66 92 78 77 -12 -52 1 -93 62 -50 -54 49 -47 69 -66 55 -54 71 -41 -85 -52 39 -66 31 -37 61 -91 -61 -85 -33 92 48 40 2 -88 -27 
22 -76 -17 65 -24 -37 -61 2 -93 66 -72 -34 -7 66 -56 -54 -47 -29 -70 -8 49 -80 -41 -62 49 -7 86 -69 33 72 84 94 -2 78 -40 -87 47 52 33 -67 83 -95 -84 34 -95 30 95 -96 100 40 91 57 -79 -87 49 65 -88 79 -34 91 -56 94 28 81 -18 -16 65 -92 -26 -96 -63 -78 42 29 -83 -39 56 71 -83 81 -10 -99 35 -31 14 -52 -96 39 96 72 -45 -42 54 -96 49 -91 42 75 78 -22 -72 -98 -47 67 9 45 -93 -75 -60 96 -100 -44 
-30 57 44 -14 -22 83 -54 -76 4 80 40 -45 85 27 -6 48 -23 12 -18 -94 72 -94 63 -19 -10 75 -66 -7 73 -46 72 56 -86 -90 -36 -59 -96 -58 74 51 -51 -72 -37 65 53 -11 -10 -70 26 6 -66 30 33 34 -85 -29 23 60 -55 98 33 12 -96 35 53 -81 83 -47 -45 -98 65 2 -83 2 -61 -28 73 -70 -1 -67 -89 81 -53 -33 -5 79 -94 26 82 -84 -63 -33 46 -76 83 21 -99 70 95 66 -78 4 -67 95 6 91 -39 -19 -39 -16 -28 -78 
11 91 41 18 -8 60 -50 -95 52 99 -66 -40 66 -98 -42 92 22 -2 -73 23 -92 -11 -65 73 -48 -95 -16 -63 63 -99 -12 -9 -78 -20 -86 -12 72 16 100 22 64 -37 83 7 -12 32 10 65 -99 -63 70 93 -62 23 -60 39 -76 -35 -47 82 -96 98 -74 -76 -49 -54 -32 -63 -84 -60 -47 64 -54 -10 -81 -93 20 21 -91 -86 49 -36 -97 -44 -69 -75 -97 -45 -2 -53 9 6 -68 84 34 -90 88 -3 64 59 74 -4 -87 42 90 -95 -88 33 -26 -89 -25 52 
68 -93 -14 -37 12 99 45 -70 -99 46 80 0 -71 -65 -74 18 59 -46 -22 19 49 78 89 -48 76 63 -77 -16 -72 68 -12 91 -8 22 39 92 80 -91 -11 73 50 -83 -94 90 62 -61 -77 77 -22 -39 -59 89 13 -100 77 8 21 -31 -57 -44 55 76 50 65 -2 16 -13 -25 -32 69 -95 -67 -56 71 -38 -84 54 -81 -18 69 -87 -70 25 34 14 -50 64 69 36 79 -52 6 5 -80 45 89 89 44 8 41 10 -32 10 17 52 90 -66 -81 -59 3 -95 83 
-57 -53 13 40 -42 -62 94 -37 -9 76 -72 -18 -66 26 -97 -86 -63 62 -78 -44 94 -43 69 82 67 9 20 -52 -86 -90 98 20 -100 -38 68 57 93 -19 3 45 16 76 88 -4 71 -26 -88 -9 -81 -22 -49 -8 24 83 62 -55 -61 -75 27 27 -75 -15 1 -87 -10 94 -17 71 -91 -62 -68 -7 -67 -33 -29 -77 65 -71 25 10 -5 -60 -34 97 81 23 54 -2 93 51 -66 -41 41 -53 81 -43 1 10 40 -5 -49 7 -54 4 -63 -26 -47 -19 54 49 76 3 
29 -95 -100 28 26 -25 -83 15 -97 54 73 -23 -39 42 79 36 -12 33 -22 -54 38 1 -21 14 -84 -1 11 -14 92 -50 40 -60 -82 41 -95 4 -46 -12 -36 -31 24 56 -9 -71 -68 51 28 79 -50 67 -59 78 90 -89 52 -72 46 -2 9 52 48 57 -50 -39 6 74 69 -41 -98 7 36 -98 -86 -50 62 -79 -76 -91 -65 53 31 -12 -17 -41 -18 16 -3 21 49 36 -35 54 24 -48 -95 21 -10 6 -70 -86 46 -41 95 90 -81 28 71 -13 -47 35 64 -15 
-45 31 -65 -43 42 -79 -84 -6 -83 59 -22 39 -68 -24 35 12 -65 -15 53 65 55 -5 81 -81 -94 -14 -66 13 19 -99 48 -76 8 20 1 -86 -32 -60 49 5 95 16 89 -52 57 -94 -91 53 -75 -4 -55 65 36 29 -87 -38 38 86 13 2 -13 -15 98 -72 -24 97 -44 28 5 -83 -44 -89 -18 42 50 -56 58 -51 -91 -47 7 48 44 98 -59 33 10 2 25 91 97 31 89 10 -65 45 -2 -99 70 77 -69 -17 -13 -25 -4 29 87 -8 -33 -85 34 93 
-59 -18 -61 31 -44 -74 -99 15 -57 60 88 97 -44 -3 -15 67 22 49 -12 50 12 -44 99 35 -45 -79 -93 94 88 87 15 83 85 -11 -38 -44 -53 -22 16 -96 -58 70 -97 -33 89 81 78 -16 -34 -1 -11 -26 -46 69 -45 -55 15 -100 56 88 -37 47 82 35 -17 -67 -81 76 -42 91 56 31 -32 -58 -70 61 48 26 -85 -2 -48 79 -52 90 -69 -98 -9 79 -67 -71 -33 -9 14 31 -23 66 44 -13 89 11 100 56 -9 9 -24 -54 95 82 -72 97 5 97 
-76 58 20 -75 -32 -9 -5 39 -16 -3 -82 62 47 90 -34 -93 -34 -19 -95 65 41 47 -47 88 0 -43 -64 39 65 2 46 87 100 55 -12 76 76 29 -36 50 -49 30 27 -1 -80 -12 7 57 -36 57 -79 -49 5 -31 -57 1 -74 100 -100 65 -86 -81 -9 -16 8 14 82 72 18 1 76 -53 22 -15 -11 -33 -56 -47 9 30 -71 87 -9 -64 -55 -45 -69 -41 -33 36 77 -29 23 -93 9 18 53 -41 -47 11 -85 21 -80 -57 -96 22 81 -86 -26 -32 56 47 
95 -99 -61 89 -52 71 -17 -100 29 -14 60 8 -35 49 -80 31 -83 -39 77 22 36 90 76 -95 56 8 35 2 -53 1 -91 -15 -3 77 -42 42 -46 10 73 86 98 -92 64 -99 75 17 -17 -43 96 91 -93 -51 68 55 70 46 -73 -7 -60 79 -35 93 -14 -94 23 -18 -72 75 -48 -45 -80 60 8 51 96 0 -13 -58 58 41 11 80 -35 63 31 -3 -11 -67 -83 -74 -88 -68 11 80 -86 -100 64 89 70 94 -92 -83 -34 98 -67 -40 -61 50 -13 42 15 -75 
-85 -79 -80 -61 33 -26 40 -92 96 89 31 -25 -32 11 5 -94 6 39 22 85 -50 -95 -78 -77 -93 71 56 -25 8 99 -70 -5 74 -73 61 78 91 -26 85 -69 38 16 -40 -55 72 -81 -38 46 79 -73 6 -75 91 -83 -36 61 64 95 75 -9 -65 5 -84 32 24 74 -88 74 -90 42 95 75 -23 92 83 12 -36 25 -45 -9 -75 -14 -48 58 69 8 -13 54 -30 -53 -29 73 76 5 85 -30 86 0 35 85 -60 -90 27 98 65 81 7 -60 76 47 -70 -61 
-99 40 -72 -29 -87 -66 15 -24 -86 -85 -26 51 -40 -94 65 76 84 -44 23 6 64 50 13 -25 -44 73 -52 -48 71 40 29 -30 -12 61 -84 54 -19 -26 -28 58 -8 20 -35 -32 -76 38 -63 -84 -83 45 -65 -69 -75 -22 21 -51 -9 31 37 55 -37 -46 -99 68 -80 -5 -51 -3 -78 28 2 97 -48 -85 -97 -37 -20 -30 75 -94 8 -88 -23 -73 -49 -63 35 -64 16 -59 31 -36 43 60 -20 -83 -97 -13 49 73 62 32 50 41 32 -65 -11 -89 -54 -10 -45 100 
-24 -8 -38 -50 94 -69 4 12 -61 -82 -73 -8 80 -10 39 73 77 81 -86 -95 -37 -84 -54 -43 6 -71 -32 44 31 91 75 48 11 -16 -74 -92 74 -74 -88 98 84 -33 67 -20 30 -39 -85 -60 -84 58 68 -18 61 -29 -43 66 -70 -65 -43 -75 -75 53 38 60 66 49 -32 34 -1 -28 14 -79 18 41 -64 6 -19 -98 -75 42 -97 14 49 44 15 -97 -28 -36 -9 4 68 -87 99 -50 48 -18 83 -68 -54 48 -21 21 87 -59 -13 -36 -74 22 -57 -82 82 48 
-95 69 71 15 93 59 -26 -30 -100 3 4 19 -6 54 -83 23 -85 -98 55 -31 65 -19 60 84 30 -100 -34 -83 -80 -45 12 72 36 9 67 -22 75 27 86 48 56 -26 2 2 85 -6 -63 -48 -86 76 -52 41 35 -38 58 -59 -22 -18 32 82 -5 100 -73 1 88 24 -97 72 -21 -87 4 6 28 -28 -1 -33 87 -74 -35 -63 67 -58 49 -69 9 -46 -88 -100 6 83 77 -82 -70 -56 88 34 73 14 88 -65 66 7 -39 31 -16 53 93 50 67 -84 15 -31 
47 -10 4 -93 7 53 -61 -36 -40 63 29 23 -59 -33 23 -96 -2 -100 -16 89 -91 -58 -29 86 -25 100 -25 96 -31 -32 -80 11 73 -18 -76 43 33 60 -51 61 38 94 -81 -91 80 90 -52 60 1 -46 27 47 -99 73 51 -97 13 89 19 81 -18 18 -93 90 -77 20 -23 -70 7 41 -95 -56 -9 -87 -77 -57 -9 -3 89 79 66 74 -5 21 -33 -61 81 -60 12 52 22 -68 -26 -18 24 -82 61 -36 -49 96 72 -100 -27 -15 35 -90 -68 -13 36 32 41 38 
-55 -60 -16 -88 68 40 43 -82 64 -71 16 32 -29 -86 41 49 62 50 -69 -44 -2 66 -36 -44 83 85 -63 -58 29 -92 -53 -20 -81 11 84 84 14 -48 -62 -59 -56 -46 84 -26 51 67 12 -34 58 53 98 85 9 -58 -21 -56 84 94 -3 52 -4 -8 62 19 -88 43 -44 78 63 -96 -6 -10 82 50 -67 3 -68 -86 -7 60 34 -55 82 16 63 -31 88 -30 -21 -83 65 9 -54 -45 -77 47 39 66 75 -91 33 -48 -13 89 -80 -56 -67 -42 -24 27 33 -21 
79 -90 -53 -43 100 -44 -50 -70 -23 -35 3 -80 71 95 -28 88 12 -29 6 66 99 48 18 -38 44 -54 8 -96 38 11 63 77 57 48 -74 -53 90 65 -49 -52 -17 99 -98 -79 41 80 21 95 -69 -46 53 -35 46 -77 49 4 -12 -100 -6 -45 -73 43 -34 84 73 -73 33 15 60 71 50 45 -97 44 -12 7 44 5 23 -3 33 -26 97 -69 20 8 -62 -13 72 -10 49 -10 -81 -22 45 66 6 -60 -72 36 13 -28 98 -81 6 29 86 -45 -81 -69 99 -63 
-85 -80 97 83 30 -86 91 -59 16 26 84 67 74 -100 61 -30 -8 -43 22 91 71 -66 37 2 98 -2 23 67 -20 27 96 -88 -66 92 36 71 -65 -92 -95 16 68 39 85 -74 -95 -60 28 -55 -23 -32 66 21 73 17 -1 -40 -29 -91 89 -95 28 -55 70 5 -82 -67 -17 52 -94 -3 -11 -39 -18 -56 18 -10 70 42 81 57 -89 -67 82 -68 37 50 -59 -63 -46 8 77 97 10 62 -52 69 51 -65 88 -56 4 52 -81 0 -100 71 -29 -4 -68 95 -57 77 
-30 26 -6 57 -17 87 -62 37 -11 -70 -10 76 76 35 8 -56 32 -62 2 27 -13 -5 -82 13 -75 10 -74 44 72 -34 69 69 18 -74 37 -54 15 -93 -100 -62 58 90 29 53 -38 -65 -63 -57 -99 12 -14 69 43 -72 -22 11 -87 -75 19 -46 -94 -50 -15 -13 37 -92 -83 41 66 -48 -45 -37 89 83 -8 -29 88 -4 -83 -40 -10 -30 33 -2 35 -31 -3 82 100 34 81 -43 59 -43 64 84 -89 32 6 8 -98 45 6 -77 65 37 -95 83 -29 30 -64 90 
79 -75 78 11 40 -19 72 -36 -8 -49 22 93 90 33 -62 -19 28 72 -72 56 -8 -94 0 18 -92 75 17 -36 11 23 16 86 98 -71 -16 64 87 16 -55 51 3 -39 36 -28 -28 -90 -5 -64 -84 58 -58 82 85 7 -78 4 -86 69 -29 12 90 87 -21 -73 -23 -64 60 -98 -12 -60 5 -86 -8 -67 -92 78 39 44 21 86 21 54 56 -78 44 -95 -97 80 63 -86 100 14 -64 -10 -23 60 33 24 -5 -19 -14 -67 -45 -30 9 79 -15 -46 63 29 -28 82 
7 -15 89 57 -96 -24 54 86 -65 93 -62 -97 -33 -41 -92 -94 58 -74 -8 -85 74 65 -80 56 -67 -41 1 44 -35 -58 -10 -4 -53 68 74 10 -73 81 57 -34 54 -97 57 -50 -17 -57 -57 -90 -48 -80 2 71 37 93 -71 45 -80 17 22 -30 -47 -16 50 29 -54 82 -5 95 31 -86 -11 -99 -25 33 31 71 91 -52 93 27 55 -13 -84 97 29 98 90 -12 52 -80 87 -100 97 -21 3 -66 38 44 28 69 13 10 55 -4 -92 -4 8 -23 -60 -48 38 63 
14 12 12 32 -45 28 25 29 78 -24 -28 75 -86 -67 50 35 -19 32 -100 32 5 -88 45 96 40 -35 -26 -94 -18 -75 -52 17 9 -34 -59 18 50 -12 -33 -3 -79 9 54 51 -35 -100 -45 -24 -76 47 -30 -30 22 55 4 53 75 17 -35 28 84 -19 7 1 -37 -12 94 -76 52 35 -90 -15 30 -41 37 -85 -53 2 98 55 63 35 -29 -43 34 60 -19 26 95 71 -20 -72 72 89 -17 -17 -43 -27 -64 39 29 19 7 94 79 -10 -11 74 -7 11 -87 88 
-83 -54 63 4 39 0 36 -79 78 -57 35 39 38 15 -44 96 29 -19 83 65 -93 82 40 -90 24 23 -10 92 -15 -69 19 -37 65 53 12 -55 58 69 -25 -26 -71 97 13 78 17 -77 -59 -31 83 0 42 -67 -61 -49 34 -84 18 26 -66 -79 5 51 -22 -79 28 54 80 -51 29 -81 -5 -24 88 -1 76 -62 -32 -46 -38 -9 -20 -32 41 78 28 -63 -13 -84 -46 33 -51 -66 9 34 52 -70 -27 36 79 50 -25 -83 59 75 -69 -69 -50 92 98 -81 75 23 
-14 -92 86 20 -55 83 94 1 -4 68 15 27 91 36 44 -22 -33 -26 -10 -100 71 -54 77 92 10 61 -18 40 20 -32 -7 59 -96 29 -14 16 -99 57 41 30 70 -9 4 93 -86 65 -81 70 -12 -6 -40 64 31 0 69 99 31 47 70 -22 67 67 -38 81 61 -78 74 -83 63 -89 46 4 -52 -88 -32 -33 88 57 31 33 1 64 41 56 -99 56 35 -38 72 30 -37 -94 82 -40 37 62 -16 -67 -17 -58 -31 -71 -86 -100 -50 18 2 -67 -97 4 -37 38 
-16 -100 72 -60 -32 96 -95 -94 -55 -56 92 -41 15 -58 -48 65 -69 -64 28 6 -56 74 -12 -2 -81 -35 95 -47 -75 44 79 -32 -30 9 3 20 -29 12 -100 81 88 62 -48 -79 -96 1 53 84 -49 -79 -10 72 16 -5 69 -28 -61 49 11 -91 -16 -50 44 -95 37 87 59 -22 38 46 -36 -92 51 19 86 -76 -1 31 64 39 -40 90 50 -1 18 82 77 -78 -45 72 -34 72 27 -58 49 -27 -33 56 -11 22 17 -73 -37 -68 -76 -88 62 -28 -16 -82 22 -89 
-9 12 31 -25 12 -84 -9 -30 98 48 -24 30 -24 -68 3 35 7 66 66 69 -69 -9 65 43 53 38 42 -52 82 92 -2 -21 12 -4 89 83 39 81 20 -2 -42 -94 50 -58 32 -46 90 58 -63 -82 71 40 90 -13 -86 55 -64 94 13 -47 11 -50 24 -57 -84 64 -36 -48 29 -85 0 -3 -89 -73 -94 54 95 -75 32 76 -3 64 -85 -51 -89 78 6 64 78 75 97 71 81 -2 -83 -41 32 92 -24 62 -42 -79 32 -40 52 -23 -59 -14 75 87 -29 -78 
77 31 -31 -59 4 -22 50 54 -90 -59 24 22 27 16 -87 52 52 -45 81 -43 7 77 97 -60 64 -68 -41 38 28 -16 -89 -37 6 -41 3 -70 18 74 27 -64 -75 -86 -14 36 -60 34 -17 -57 86 44 21 -73 -46 -13 47 -55 63 -7 -39 62 26 68 -29 -4 60 -21 -98 -12 -9 92 45 85 24 -99 58 72 -6 -59 69 -41 81 23 -2 -4 -57 -95 89 99 73 -8 -3 0 -56 -9 56 -55 12 -61 -53 -72 -71 -56 31 -96 -20 -91 94 -53 2 -97 -97 -53 
64 20 -31 -75 -82 88 94 45 -85 92 19 -97 -51 73 82 36 -88 32 98 -51 -80 -22 79 -51 66 -80 -11 21 82 5 98 -23 -45 12 80 30 -61 7 -21 13 -58 75 4 48 -53 -40 -23 -47 -47 -32 12 60 39 -58 23 -84 41 -35 75 35 -2 59 4 53 98 -76 20 -1 15 -32 -57 24 -69 29 -21 89 -78 -90 79 -65 -89 95 64 78 -68 -81 -70 49 -85 -95 74 -94 11 -61 -42 58 -35 45 61 -58 61 71 6 -86 69 15 -88 -35 -96 -39 59 -100 
-68 18 -63 -99 -57 -36 -90 9 10 -82 37 35 -97 80 -53 1 84 -59 -84 -68 41 -76 55 46 0 -13 54 45 -38 -71 97 -98 -62 66 30 -47 -72 16 88 -94 46 38 44 -52 14 -2 93 10 28 95 88 -26 -39 -81 -98 86 -33 -55 -53 -88 32 -2 35 -67 -23 60 -23 61 94 63 -89 -92 41 -56 34 -71 0 28 25 -74 -19 43 -66 -81 -89 -13 43 67 59 -63 92 -55 22 28 24 -8 -2 -83 41 36 -15 30 61 96 23 -86 -99 -81 -96 -62 17 28 
80 78 -30 63 -37 26 23 -20 -96 -6 -77 94 95 -44 98 -48 17 72 -91 -39 -95 25 -14 -53 6 68 -78 -47 -96 -97 -42 23 -42 -87 -56 -20 100 -37 59 -64 81 -82 44 -8 -8 -20 -97 55 3 74 -80 -76 70 98 -37 -15 -69 -18 89 81 12 61 -14 -78 38 54 44 48 -37 83 -26 -90 2 -2 -30 27 69 -89 -1 -11 -84 -46 49 -60 -8 -35 17 35 73 39 83 59 9 -31 12 64 62 81 -19 4 87 -59 76 64 86 81 84 32 -75 -22 -46 1 
11 69 -52 -60 71 99 10 47 56 -100 -45 -68 79 -88 -44 31 -77 41 -99 -8 34 44 9 92 -5 73 -98 -60 12 -2 30 99 83 -40 -69 -50 44 -75 -38 -55 92 20 -55 94 80 89 21 -73 95 -40 28 -52 82 14 45 48 55 90 -7 -81 -38 84 -1 72 90 50 41 69 95 -60 71 24 76 -37 52 -29 -87 8 75 80 44 95 -73 13 -46 72 42 -48 -97 46 16 -87 -43 41 3 18 -81 -9 57 42 85 41 18 -78 49 -13 44 -3 -72 -79 79 55 
-95 -33 12 48 -48 -45 7 17 8 -13 -44 6 24 86 53 78 -73 59 -47 53 76 -93 -66 60 75 21 -70 64 -79 -45 -82 -92 -60 -55 5 70 89 100 -36 8 -29 -41 39 -48 -45 54 3 -72 10 98 -62 -14 -14 71 -59 -63 80 -6 13 99 -67 85 -65 -4 45 88 60 40 -89 -86 26 31 -1 -24 -25 29 -82 84 82 -8 -82 12 91 -83 91 68 49 98 -40 85 -48 -16 30 51 5 -89 -1 -50 26 25 -12 9 -69 -57 62 25 -51 54 39 94 -8 -60 
99 -98 79 -21 40 85 -11 -35 97 100 -88 91 32 -72 -32 39 -26 56 24 4 26 -75 -25 50 19 62 37 20 -88 76 67 -29 60 6 -18 -56 -10 95 -45 32 94 30 20 -42 -63 -69 63 -12 69 12 21 -40 0 65 -91 63 -75 0 3 -48 -100 -15 -59 -68 -7 -23 92 -54 45 20 -33 25 74 99 8 99 76 -31 52 -64 -97 -93 -41 -92 27 -29 40 -41 -86 -53 -1 79 57 4 36 -32 1 23 14 10 0 -47 50 -72 42 -36 -88 -72 -77 92 -91 8 
51 50 46 59 38 14 -17 46 -88 71 75 19 24 -5 -43 -94 29 -15 1 -83 64 -6 -61 77 -94 -20 65 -15 41 38 99 58 74 34 26 -28 -54 -82 34 16 67 13 93 -50 79 -24 -47 -75 -85 -90 -15 39 -27 -5 -1 58 79 60 -17 23 -32 66 4 -9 42 96 -63 -55 73 -48 79 73 -82 99 -88 -77 -16 -11 89 -42 90 38 93 54 33 32 -41 -13 68 89 -96 92 -95 94 62 42 64 -45 -9 -8 -96 9 77 93 -67 -68 -77 -79 43 -12 76 -26 
34 11 62 72 -42 19 -27 -61 9 -50 -74 93 37 -84 -4 -63 -6 -9 77 -54 -27 96 -56 -95 -22 84 51 -90 63 79 -71 -97 50 -88 84 55 36 -40 100 53 89 98 -24 -37 -6 43 97 -31 5 -99 -47 26 -38 66 88 -45 5 -78 -49 -20 -84 13 -82 -62 -63 -30 54 -11 37 -59 38 -57 -50 35 -49 -44 74 -6 54 -58 -61 4 63 -96 -27 16 -47 39 79 34 92 -12 -30 -53 97 -79 23 -66 50 -45 -2 -43 57 -13 -53 49 33 27 -73 80 -62 -54 
-36 62 -25 -54 -11 -37 80 -21 -81 -8 19 32 -51 -48 -18 66 -91 -11 -96 -48 -88 -19 -39 65 29 98 70 -31 -35 -5 40 48 71 -93 58 -40 89 97 6 -41 -20 54 98 -69 30 -68 64 12 72 16 23 -42 -70 68 -39 -76 20 -98 -17 -73 -15 80 -9 -51 -27 90 80 -51 -4 -43 84 -48 93 -88 5 -15 -34 -48 -99 12 63 5 85 9 -29 54 30 55 87 42 -53 35 -45 -97 60 -72 -9 67 -16 96 -45 -11 -95 -36 -97 85 -10 -58 -67 -81 61 -91 
-15 -36 40 59 98 35 53 -21 -56 52 -9 -62 -15 -85 -25 -66 94 -25 -96 -21 -30 -23 -27 68 -86 -58 -18 -6 -26 27 42 38 -88 -26 3 5 50 -62 82 59 2 83 16 -51 36 22 69 -25 -27 -58 -9 -61 27 -58 -59 100 -21 26 20 79 -4 -51 -67 -84 -82 98 -33 -54 42 86 68 21 -1 -51 -51 26 77 -26 -2 56 -73 -72 -70 -83 34 -14 51 97 48 70 -65 15 -71 99 -30 71 75 24 87 62 -82 -61 -99 83 -76 3 0 94 -14 -17 -59 3 
78 6 32 89 -66 -13 -16 4 -90 -4 95 41 35 -62 14 -57 89 -22 25 -89 -27 89 -62 -85 -12 40 -41 -72 37 48 74 0 43 25 56 81 6 -5 9 -87 49 19 -48 30 -31 0 -66 -20 21 -40 63 -82 75 78 -28 -49 -35 -24 1 -54 -15 63 -95 -95 -56 -85 -47 31 10 -15 -53 73 39 76 16 -78 4 13 -87 -37 40 2 -18 -81 66 -84 3 22 -55 17 -24 46 40 31 -36 81 -79 -32 -50 -69 38 -53 37 -64 48 12 17 -25 -98 -12 4 -38 
100 -2 6 -64 -98 -65 -54 -52 59 94 -96 7 84 -37 -67 94 32 -92 -53 50 -32 46 56 -25 90 -100 -59 -24 -55 5 -38 -18 66 -43 -88 38 -22 -27 -64 -43 51 -16 -35 48 -70 -70 -18 -2 -46 51 57 6 -100 -40 -97 -17 -14 -98 22 87 -32 68 26 88 -39 38 -45 57 37 -88 77 -96 -15 -87 36 -18 83 1 -96 27 -69 -3 -37 18 -90 -4 -17 -57 66 -76 91 -63 -51 -46 -25 16 -49 90 -90 -7 -29 -12 80 71 -98 -20 -79 38 -82 -63 -99 10 
-38 -49 66 48 -13 -19 47 -63 -71 -88 -62 -91 52 85 38 66 60 -22 32 -65 -47 53 7 -91 98 15 -60 29 -64 17 -80 -33 88 -7 -9 75 -72 -28 95 17 -94 90 84 -36 77 35 74 -67 71 -18 74 -83 55 -35 -56 81 -92 -84 49 32 -21 67 87 12 23 -33 -3 -39 82 58 76 -79 -75 38 -47 65 64 -77 -97 -34 -95 -37 30 82 -45 28 -68 26 -78 -84 -81 20 8 34 -8 93 84 -25 44 -49 83 16 7 -99 -32 64 74 39 -99 -65 21 -87 
48 2 -9 -68 31 53 27 78 -12 78 9 -48 -85 -98 30 86 -90 -68 98 -34 91 -32 86 93 -57 -34 -85 35 38 25 48 54 -69 -32 13 57 86 29 66 22 -89 62 32 -85 88 100 -70 77 -64 -16 -88 18 -18 -11 -85 45 52 -15 -95 -73 4 4 20 9 84 51 -46 -79 62 -36 -76 -67 -64 -13 24 -70 -9 -92 0 -97 -99 84 -55 83 79 -88 38 97 -43 3 -7 56 -69 -41 -33 41 28 -22 27 -57 95 -20 16 -31 -81 -91 57 98 -20 15 6 -76 
-92 -25 35 37 87 -4 19 17 7 25 80 -38 -14 56 25 31 44 37 -81 35 44 79 32 -69 48 -68 47 -28 65 4 63 5 35 97 -24 58 76 -77 -5 -20 6 -87 52 24 46 16 93 95 86 93 -78 -28 -28 63 86 -7 -67 95 66 -32 -100 -1 -80 -23 -24 -70 -88 -20 -35 -26 -78 12 -9 -94 -18 25 -6 -58 65 85 8 -98 91 43 -53 34 86 46 11 -52 -57 -9 -5 -3 100 -77 48 -71 -40 -79 -5 -70 -18 -79 -41 79 34 20 7 -94 -31 -86 
-49 -18 44 11 -56 -10 24 48 -86 95 18 -41 31 50 84 25 -81 37 10 64 -34 -7 -4 1 94 95 76 -51 -94 38 -75 -17 83 17 12 -38 67 48 -21 -97 -96 -77 87 95 -44 -65 51 -14 -41 82 -95 -2 7 95 -7 69 -3 59 58 87 -93 26 -50 -85 -53 69 -27 17 25 67 47 94 14 11 53 -94 -57 -73 16 32 -37 25 -98 88 -93 -35 -9 64 21 42 -1 -64 -18 -21 -100 -44 26 -16 -28 32 81 98 -17 86 -87 63 13 44 15 -38 -85 -30 
80 -32 -42 28 88 -1 74 98 3 -28 79 -26 64 34 51 77 -47 -47 46 4 -7 87 67 -59 -65 -83 -43 -13 33 -57 -1 -20 -10 74 -9 -9 -78 72 83 63 97 -56 -9 -22 23 -72 -96 36 -64 59 -78 -79 35 53 -14 -40 9 7 43 -85 -83 48 -85 73 -80 -52 29 6 65 -44 61 76 -85 -62 60 -49 33 85 61 56 -4 76 -75 -32 -84 12 -13 62 -78 13 -9 11 -36 18 52 68 62 75 -23 75 67 99 58 98 18 -81 12 -54 -1 -61 41 -3 
-1 75 -93 26 24 86 -54 66 82 31 8 -17 98 16 -79 46 76 -77 -27 31 -58 -22 85 37 -49 -67 57 -30 41 41 -69 58 -37 16 35 78 -95 -97 -92 -99 -48 42 -27 -13 27 -5 -43 73 -47 5 8 77 -5 90 -69 -36 88 40 -13 -5 82 44 -60 63 5 43 55 1 95 -66 -53 15 48 34 -48 60 -15 99 -7 -10 -87 48 40 18 23 55 85 77 78 -1 18 2 82 25 11 -22 15 -25 60 78 62 -30 43 65 46 28 -17 -55 14 73 -39 34 
-51 -78 22 70 -5 55 -88 -29 91 29 -89 25 96 -10 7 71 69 -48 86 35 10 -70 29 4 -41 -90 -17 -51 40 -55 -75 15 -25 -5 -76 72 -98 -52 -12 6 -88 79 88 -19 -34 4 -50 -9 68 62 -42 -47 52 26 2 10 -18 17 24 71 -53 43 28 -15 56 67 -83 -36 -66 -51 -9 -17 49 -79 65 -46 33 -39 -68 -98 -29 -12 77 -47 -76 39 -82 -9 85 -29 -8 -84 86 46 20 -43 97 -4 -53 76 24 -99 46 14 22 -93 88 -41 -56 -22 -76 74 
-8 35 36 -43 -61 12 -16 54 41 32 99 1 29 50 -89 -89 67 -32 -72 77 -28 -93 34 59 -21 -11 40 -38 22 84 -33 -21 7 65 94 -28 -29 61 -13 82 -53 -16 38 -87 16 -35 -96 64 -20 -18 -22 -62 -57 -47 -7 -53 -8 -40 -57 -19 34 -25 -96 -83 63 -79 78 51 80 -17 83 -61 87 -53 44 37 -53 7 -12 -39 -94 36 64 -88 -70 94 44 18 19 -82 35 91 18 69 53 66 -52 66 83 25 15 51 58 -71 -77 23 -61 -78 -42 43 25 -60 
-8 43 41 60 7 -78 -94 1 8 28 -64 -90 65 22 -44 22 -72 40 -95 -92 -27 -50 5 21 88 -85 37 18 -50 21 -2 -29 69 -14 -90 56 82 -35 -18 59 10 68 -47 1 2 2 77 -67 20 2 -74 39 65 46 -21 -52 60 -17 83 59 1 -46 -4 56 60 51 -87 99 48 -51 -13 -77 43 -65 -88 82 33 -32 -13 -57 98 85 -20 27 -58 -55 -98 -43 -23 66 -47 4 79 -61 59 -90 30 53 -5 81 92 97 -52 96 100 20 77 10 -61 6 -23 45 
87 77 -90 91 -53 -1 65 -61 -1 -99 91 -61 35 -68 65 64 90 -10 55 19 83 -99 49 -68 -82 -59 -46 -3 71 25 -79 50 80 76 -70 8 56 88 -85 64 -9 -42 -6 -24 8 54 79 79 75 -54 16 10 34 -32 34 54 97 58 35 69 60 -94 -32 -2 -100 16 56 5 -53 -7 -56 -20 -81 4 -99 13 1 6 -13 89 47 8 -16 -70 36 96 -79 -62 -85 -64 17 10 23 15 -25 -100 88 70 41 100 27 -80 -26 -64 63 -47 -26 -5 -35 -84 96 70 
-30 -64 77 59 -37 -86 75 30 -98 -53 -95 -80 -63 15 -24 -28 -81 65 -95 37 -89 96 -79 18 86 46 70 45 13 96 17 67 94 15 81 -94 62 25 67 -59 -39 -37 72 -6 97 40 -54 -68 -86 86 -55 92 -77 59 76 -67 80 46 23 -74 -8 -31 67 3 23 -13 93 15 -3 -64 76 66 -60 39 11 -91 -3 28 88 8 -74 -12 -11 45 -45 44 -49 90 64 83 66 -18 -73 -26 -96 6 44 -83 86 -45 -10 4 5 -68 14 -57 -28 -3 60 54 -28 -46 
-43 93 94 -13 31 47 -95 63 56 -94 47 -30 32 -15 -72 57 -16 10 -47 53 65 -24 95 29 6 -28 -62 62 -80 -21 -94 -75 20 93 82 -5 -56 -69 28 -5 48 -9 99 -91 37 -7 -85 58 -71 39 -19 60 29 77 -95 -92 73 -33 70 -7 -87 52 46 61 -85 53 -30 -71 -10 -21 90 -1 -40 -8 2 -81 79 25 -83 -24 -78 -69 0 1 -30 -44 -62 -34 -70 -46 14 70 22 -35 34 75 -87 4 88 16 78 65 81 84 46 11 -3 -65 73 65 -49 1 
25 74 -84 24 82 31 -12 52 93 -99 5 -45 21 -75 -6 7 45 90 37 40 -14 -62 43 92 -31 12 -11 -92 -70 56 99 83 -95 -34 -85 18 59 -21 72 54 51 90 50 94 -13 -26 -4 36 -2 -90 36 -27 95 76 -58 -47 -62 -8 -96 30 19 -87 -58 32 -9 96 6 -14 73 35 -6 69 -35 -99 49 -64 52 72 71 43 79 60 -76 70 -88 -13 -8 -96 68 11 46 45 14 -77 67 -49 50 61 76 40 -91 -63 40 82 99 30 45 28 -80 -19 0 91 
-83 -81 81 47 -16 99 16 69 85 -39 -16 83 40 85 97 -73 -20 -78 -59 45 -55 26 -44 -4 62 44 -34 65 86 -79 60 -39 -96 89 -48 20 -64 33 -94 5 -78 -37 -86 -61 -35 -99 -53 -46 83 -58 65 36 -21 91 -99 76 -53 85 -3 23 58 -41 -63 -2 -44 75 -32 -63 60 66 21 -73 -96 43 91 -85 21 18 65 67 -54 56 6 93 -92 -32 44 -33 -17 14 -63 51 83 -20 -56 -88 14 -81 -56 14 80 42 88 -26 -85 -20 -32 58 31 -56 73 58 
-93 -66 0 25 11 0 25 3 -80 43 40 29 88 46 62 92 -63 -66 23 -36 -48 5 -66 -42 -85 -99 -54 13 68 85 -85 -43 -23 -25 63 70 -91 -27 15 86 -65 -89 94 57 -91 26 -19 -76 6 -75 20 89 -34 34 -70 -27 89 82 -54 28 70 2 9 38 44 -14 -27 57 10 -67 97 32 22 -44 -24 42 45 26 73 -22 37 69 -64 -53 6 -43 -42 -86 -15 -58 44 -34 77 85 -24 88 -66 46 -55 -28 -92 -72 -19 -30 -49 -83 61 -22 -61 77 50 90 
54 -16 42 -50 28 68 89 74 -100 -80 -47 67 82 -100 4 -91 -81 -41 55 -96 78 -79 -53 -4 65 92 -15 -82 -48 -70 -86 -40 61 61 -80 -69 95 -94 -58 88 96 -79 -55 24 57 -94 -71 -17 -94 -12 73 -73 -79 91 33 -41 -14 -28 76 -60 51 -36 0 16 89 -34 78 36 24 -42 -95 7 50 -12 -24 -41 35 -63 95 12 -65 -70 53 22 9 -62 30 -13 74 35 -12 5 -65 -61 87 -85 -22 76 27 -61 -4 16 -77 -67 -84 -28 5 60 -78 -97 -17 -75 
72 -85 66 -17 -25 46 -64 23 -75 65 -99 -43 49 -27 -28 85 -6 78 -27 -9 74 -54 -93 -36 53 -40 -41 -38 15 78 26 15 35 9 95 -37 3 85 69 0 -5 19 28 73 51 -94 65 88 -26 42 31 77 33 36 -31 11 51 47 -100 53 -5 27 92 35 33 -74 80 -46 23 -28 78 94 -3 41 69 -5 -4 45 77 -73 10 -22 91 62 -100 82 62 71 -4 -26 -64 64 -67 -68 36 -21 -14 -41 -35 6 36 -12 71 91 71 5 -45 -32 -34 -62 -59 -10 
62 -5 -33 56 18 -85 100 30 -71 -88 -23 31 19 -26 97 20 -100 63 52 35 -29 27 -64 55 51 -85 17 -40 -97 -63 -66 60 54 -97 -48 -51 91 -80 42 14 37 56 -60 54 48 80 45 -16 31 -4 -94 57 97 -31 41 98 74 31 90 82 62 -10 18 28 8 79 40 29 -26 -69 -49 17 -69 66 4 68 -13 -49 -22 -69 51 35 -39 26 -24 86 7 48 -44 2 59 -7 40 58 33 -70 51 51 10 17 -43 33 62 38 28 -82 58 10 -53 -41 71 70 
47 -18 -64 44 82 -90 -76 81 7 -27 31 -33 95 26 70 -77 68 -34 -11 32 8 -70 75 38 -45 61 94 -94 -67 48 -82 33 90 -100 46 68 42 -51 93 88 54 -95 51 24 93 42 -11 34 -75 78 12 -24 82 79 67 -48 -49 -85 9 99 98 77 -59 -15 14 94 74 -55 -43 50 -55 14 -38 67 -63 85 -28 86 67 -41 90 -8 18 -2 95 29 -75 -65 62 -57 85 89 -20 -34 -73 -12 82 -38 39 45 -58 -85 -44 86 19 27 76 43 -93 17 36 82 
13 64 -58 25 -1 -63 41 49 -90 -39 35 -19 97 -78 34 54 -97 -50 76 64 36 -24 23 47 49 41 69 100 -66 -82 -90 87 22 89 42 -75 -18 34 31 83 75 6 33 90 -40 76 -67 1 -61 -23 10 -61 -4 -95 -12 46 -50 75 45 -69 -77 56 -45 93 -27 -64 70 45 61 8 73 32 88 15 -53 -12 3 98 -36 -48 -30 2 43 -77 -46 43 -64 -73 23 18 -62 100 -39 81 82 -12 96 48 -65 -39 -96 62 -36 43 -8 -53 71 29 -62 -26 30 -71 
-72 -24 -70 68 59 -90 -21 69 -48 -3 6 10 85 -42 92 -16 -27 58 -92 22 -48 16 -59 67 18 -28 -7 -43 -38 61 -53 96 -33 -69 -18 74 76 -58 -37 -15 41 72 -19 -36 -74 -62 -99 62 -97 37 -92 -50 57 91 -69 44 68 -2 -25 36 3 -96 96 -2 32 49 -61 55 79 48 -83 -37 97 -74 -38 45 -97 92 -40 94 -65 19 94 75 25 38 -96 -69 -79 -78 25 -23 57 -72 -33 -56 16 71 -66 -94 0 -56 25 -22 -32 -49 30 -92 26 -57 1 61 
-45 28 -21 -9 -67 -48 -82 -80 -2 13 -97 -74 -30 97 65 -59 -23 89 77 -58 63 27 85 -22 37 74 11 12 94 -15 -68 -58 -63 -44 -88 90 42 -70 7 91 45 -81 48 52 -87 -58 -44 -36 -64 76 -87 -10 -17 97 -5 4 4 -85 59 -15 -86 62 14 -2 90 90 20 -40 31 5 -92 -92 22 17 -72 -55 97 -85 70 90 81 100 -71 48 -99 -15 27 40 -12 6 39 40 -88 51 75 27 32 -75 12 26 -66 -68 -1 19 22 15 -91 -80 76 -47 97 -46 
52 20 10 10 77 35 73 74 66 29 33 -9 4 69 -34 -33 49 97 -37 44 -95 -93 -97 64 37 -31 54 73 7 -32 40 -68 97 -79 -57 -11 -32 -74 79 -90 72 16 36 -57 68 58 -45 20 33 -65 2 -17 -31 73 -33 -94 47 47 23 -57 -13 58 -31 -12 -59 40 51 24 -76 -41 12 90 -60 25 -20 -50 77 -90 -55 19 -37 -57 68 33 58 63 -91 83 -76 92 -71 89 36 -71 -33 -9 35 60 89 21 15 80 4 49 -36 69 -41 39 32 -30 -44 74 
56 -51 -18 75 -14 -60 28 55 -49 -49 -16 2 84 55 -17 64 65 59 84 84 69 -31 -74 49 -61 25 -86 1 5 -30 -35 -97 59 -25 97 -64 -37 67 -10 41 44 53 35 1 79 -72 -69 -58 90 82 -54 84 96 18 -49 -7 73 -98 77 -91 79 -2 -40 -50 72 44 32 -81 -64 69 -70 1 -47 84 64 -43 -40 65 100 17 -53 55 59 61 -72 -32 -61 -97 31 79 -72 -6 97 52 59 -21 61 34 15 -1 -75 -21 -74 -4 -26 -77 -80 -59 -45 -55 40 -23 
79 26 -49 68 -61 -11 14 98 7 -2 11 41 -31 14 -65 57 83 -14 53 97 -57 86 82 -50 -35 -7 -92 -79 -67 5 -69 52 77 -94 38 45 81 -29 -40 -75 -32 52 -100 -42 85 77 19 25 -26 -91 -7 35 95 47 -8 48 88 35 66 -35 -12 72 -76 97 -52 -74 -96 38 46 7 -36 91 76 4 96 63 -86 -73 -8 93 -5 -79 -15 6 22 -32 20 17 11 -27 100 98 -71 -14 0 -25 9 -5 -47 -4 10 83 71 48 42 -1 -44 27 45 39 -34 25 
-78 -41 -30 27 83 -4 -9 13 73 -44 -99 -81 -54 -64 -37 -60 -15 -63 -8 -84 88 -88 -10 84 93 -71 5 7 -13 23 -97 -41 70 -85 27 -98 -41 17 63 -69 -36 69 -16 73 83 14 5 -97 47 -35 38 13 69 83 -34 -39 90 25 47 -75 -31 -71 -31 58 93 89 40 -18 62 -66 58 -85 71 -65 -64 -27 41 38 -1 -35 -100 -62 16 36 78 37 97 -41 -60 -51 32 -70 56 -86 -72 -62 25 -78 76 77 -89 -60 13 10 -63 -59 -43 -68 -62 -45 -43 74 
17 -95 -36 16 -1 -25 -35 -79 71 26 -6 -79 1 11 -74 -49 52 -54 90 -44 10 69 -86 -13 -67 -5 -45 -43 -4 48 82 95 -35 -64 -58 -47 45 -63 23 -48 -1 -33 89 43 27 57 -92 -26 -43 59 -75 -82 -44 -51 -75 37 -54 -97 69 31 -72 22 -80 -31 -26 36 94 -63 19 5 86 -80 1 35 93 -59 -14 -76 -29 -47 -82 23 -43 -15 -73 -17 -96 -76 -70 -2 21 21 20 13 -31 -27 -35 92 59 -34 32 88 -77 10 44 99 16 3 -99 72 -83 -78 
19 -14 75 -28 70 -80 -15 57 75 64 -71 -74 -100 9 -75 64 55 12 -53 32 -33 -74 76 -25 -47 33 -28 93 -67 35 77 -92 5 -76 -52 -19 -43 23 22 22 31 25 -50 46 2 40 -9 -12 70 -54 50 -39 42 -66 1 -97 98 8 6 79 39 90 85 -86 -83 -88 -96 20 50 -87 -93 -17 10 83 41 32 22 49 82 -31 51 -60 75 36 69 -3 8 72 -37 -81 33 56 -10 10 -19 0 -35 -97 67 -6 -22 9 -36 3 90 58 -59 26 -39 -81 75 -46 
-46 25 -31 53 12 -82 67 61 -7 -36 -64 62 -6 48 17 -22 19 -97 -37 73 70 -94 -60 -86 -62 -60 83 -28 -22 -68 69 100 96 -49 52 61 -48 73 -55 24 61 -50 30 -67 -24 -50 -76 -41 5 45 54 31 57 42 -56 -24 51 -15 17 61 10 84 85 57 96 -10 -3 -48 36 -98 98 -48 12 -42 -32 56 4 -43 -52 -77 -36 -44 16 66 78 -4 30 71 3 23 12 8 54 -16 -27 2 10 93 26 74 38 72 -96 -51 -52 -17 -70 -37 86 -17 45 -23 
-40 31 51 89 -45 -63 -85 42 -90 63 83 7 83 -88 20 12 21 -87 43 -62 9 -85 -78 0 -82 80 3 -34 -51 27 87 95 55 90 -96 -67 -80 -48 -93 -71 -29 63 27 73 9 -93 51 41 -92 -17 -16 11 -15 49 -55 51 -96 -63 -71 45 -50 21 -12 -60 -18 50 -42 -97 12 13 58 -77 45 -62 -51 -1 29 -92 -65 -14 -21 -91 14 47 32 62 -42 -65 69 -93 61 59 -34 -48 -65 78 44 35 -77 -22 -25 41 78 90 23 46 -7 -83 -21 38 -4 -96 
-22 -81 29 -54 52 -16 16 63 43 -34 -22 79 -41 31 -65 66 -8 83 -79 57 79 44 29 -100 97 -7 58 21 -90 -19 -40 -22 -38 82 -44 19 27 35 -89 -62 -23 18 -41 -18 -69 70 72 -23 44 55 -45 16 91 -39 27 -12 93 -16 -72 -75 32 58 -79 -85 55 -85 -32 -85 19 34 -39 15 -15 -56 73 -32 99 -31 -68 -85 -65 -58 72 -1 68 -24 73 -39 28 -11 -20 -42 69 45 -9 65 54 -17 -59 -39 -36 3 -55 -32 96 -4 -87 47 -96 67 -62 -100 
-56 -34 -33 -74 -1 -11 92 -70 76 44 -95 -19 -60 31 8 59 -72 -21 69 65 -29 87 97 0 -51 65 -37 31 -49 28 45 55 65 -18 81 32 -78 55 -100 -87 -62 -17 -81 -8 4 -67 42 14 -26 -67 -70 -26 -41 0 58 23 -43 -34 97 20 -21 -89 98 5 45 75 -22 -81 85 -64 -62 85 2 43 18 -94 14 41 6 23 45 25 -35 7 2 48 -14 -38 47 45 63 25 -45 35 62 37 25 -40 -21 -97 86 66 72 -38 85 -46 -65 -28 -91 69 -42 47 
1 55 94 86 -31 -69 21 -48 -23 -66 60 86 59 91 -1 -36 -5 74 -24 62 12 -25 59 90 68 5 -1 -89 -52 -5 -88 -52 83 -69 -55 -13 67 68 -52 -9 -60 3 -17 88 34 -18 -77 -3 -51 -79 -13 -79 95 -62 97 -52 -26 -11 74 46 -18 0 93 78 -3 16 42 -48 -33 -5 -66 39 26 93 70 -89 82 9 6 -65 57 60 59 -84 -27 72 -28 -28 -21 -70 -86 51 -21 -55 47 -54 -15 74 -68 64 -92 -53 -44 -18 25 -6 20 89 -75 6 5 53 
30 92 -97 70 26 59 -2 93 66 86 58 -7 29 -100 96 -44 -51 44 -75 -79 65 -90 -60 -15 -47 -20 5 -17 64 -95 -7 53 -33 49 -69 -53 48 -72 -1 29 -37 -21 -88 99 56 -37 100 -32 10 10 90 -99 44 -2 -36 61 6 54 -91 40 -11 31 -85 -26 -66 -71 -33 -6 -88 -99 -64 15 -66 -87 -53 -8 2 -23 11 -75 23 91 -10 53 -94 -38 52 -78 -16 68 -37 -52 -44 79 95 -84 -78 -26 -33 -68 -32 99 36 72 -13 -89 83 85 28 -64 39 56 
84 84 -12 29 60 18 -60 -37 -98 -91 -6 -75 62 28 -92 -88 -1 -51 69 50 -82 67 97 -42 -56 90 -90 24 83 -53 -1 -5 -22 -79 -4 -40 24 -42 -10 18 -29 49 36 22 15 79 -26 66 -26 73 84 94 -50 -93 -95 -69 37 -50 -13 -10 36 70 -19 82 -20 91 79 -44 -77 79 13 89 -94 -94 50 -63 35 -16 -48 -6 77 -6 -18 58 -73 36 38 -26 -5 70 0 -40 86 70 -47 -30 96 57 -93 -93 2 -5 -57 -86 -86 37 -54 -40 77 1 -46 -9 
-69 9 -26 32 95 84 -94 31 -29 -4 47 62 23 -98 23 -29 48 -47 82 -96 56 -27 -70 -46 7 35 -20 -24 -10 88 -29 -24 100 -12 -37 80 -6 -15 -47 -27 -35 96 2 50 76 49 45 -48 68 -19 -69 -30 5 43 76 11 89 -59 -10 40 6 -39 -93 -22 -71 39 -87 -62 39 -93 35 -38 21 10 -12 -73 -44 -59 -16 26 -86 -37 -57 50 17 83 83 -82 -75 37 -86 68 -51 -31 -12 -91 -96 32 43 98 -96 13 -100 -8 81 -42 -12 77 94 -10 -28 -58 
57 -83 29 -87 -76 36 59 23 -64 -13 -51 2 -54 -90 -38 -95 -35 -98 -88 100 26 70 -84 34 -86 8 10 -58 -90 -52 20 15 90 -19 -2 -73 -50 -4 82 -81 16 -90 31 -15 -63 65 38 73 72 27 6 -38 -43 -66 -18 -90 94 -23 90 -26 44 -75 75 63 53 -94 37 25 -76 79 61 43 75 -88 -36 -37 44 33 -86 -100 -11 -80 -52 82 92 45 95 73 -92 -82 -93 75 10 97 -65 -26 40 52 92 4 0 -97 15 64 -79 84 79 92 -49 -71 -10 66 
-80 6 -84 -47 97 -21 100 49 66 83 78 -47 3 0 59 -7 7 54 50 18 18 18 100 75 7 -32 19 -69 -25 41 -34 -82 58 -92 45 21 -47 23 93 2 85 -47 -89 -22 -55 -61 -77 -76 -77 -67 -72 -47 -24 -12 -53 46 5 -2 73 38 -95 -23 -16 8 -22 -81 11 99 66 -91 64 -89 25 -27 -47 -2 -74 -81 -62 62 22 -9 -85 41 37 -30 -93 -81 -40 89 34 -59 -12 -56 57 79 60 -56 -75 -31 71 9 -20 62 -94 -64 87 55 -13 87 5 92 
-14 -66 -34 4 -6 -52 99 14 28 10 -54 77 -77 -83 28 66 -51 -100 -48 -93 -80 -51 71 52 75 23 -39 -34 35 -41 31 7 51 -58 96 52 -72 -85 11 -20 71 66 -16 -53 59 -27 -73 60 -60 -86 -76 -81 -36 -20 51 11 40 -51 -4 97 -28 -50 -11 -95 22 -84 -16 -58 -79 63 -78 -44 3 46 -33 -10 -99 -27 -41 72 7 -27 -2 -30 4 -29 -63 46 76 9 53 -44 -4 92 -71 -4 69 62 -20 55 58 -94 -34 -21 92 -8 -38 80 14 17 80 -38 
-51 -44 -44 23 -53 57 -81 31 -13 -63 -73 81 53 96 43 -8 92 -89 -91 80 88 34 -44 -53 4 -71 16 27 38 -60 -36 76 92 90 34 -37 36 -46 -98 34 -17 -48 -29 -11 82 -32 -80 -43 -52 -73 31 -95 26 -67 -82 -66 11 17 -28 18 -45 -72 -41 -16 -5 21 -92 88 21 -60 -24 43 -71 -68 27 30 51 -41 21 95 13 -5 -94 88 59 89 -20 60 -61 -37 -23 3 -37 80 -29 -6 -78 69 -90 24 64 -55 -11 16 96 65 44 97 -69 69 28 29 
-52 -52 67 -88 95 9 12 -98 -71 -42 69 -31 -98 35 -3 5 -34 47 -12 -76 31 -45 -44 -8 87 80 56 -64 -72 31 -34 46 2 80 -20 37 68 -67 -16 84 89 -24 -56 -33 -60 -96 40 -19 25 55 -97 82 22 88 -74 -31 73 -38 42 -22 30 63 -38 14 -30 -61 79 72 84 -92 70 81 5 -65 -78 -83 55 65 14 34 -93 50 -71 68 -65 -37 -31 -7 -60 -63 48 -51 27 -59 61 12 86 15 36 3 19 -11 -40 14 -100 -13 -68 -26 31 45 80 57 
-33 -17 77 -96 66 14 -62 19 10 -56 44 -84 -2 -65 -15 51 72 51 98 47 -82 77 -16 -79 3 8 -60 -77 54 40 -66 24 71 17 73 -51 42 81 -57 -20 11 80 88 -34 10 73 -98 -61 -78 -99 14 -11 43 -31 -61 -4 2 -27 59 -73 -34 63 67 -2 -93 60 17 -90 -50 -4 98 -22 79 78 75 55 -59 66 -15 50 -4 17 29 -79 4 99 70 -36 21 -71 99 55 67 -79 -28 -7 67 -77 -2 -62 -4 -36 -68 -18 -42 16 98 100 69 67 31 -77 
-63 21 -28 51 71 -14 10 84 27 6 87 -78 -18 87 -66 98 -88 -93 -76 -14 -60 64 -70 100 27 1 93 -8 -29 32 -83 35 -38 64 98 61 46 29 78 74 -90 16 -6 -42 -24 -71 -35 10 33 -48 -75 -53 93 -41 -20 -97 -16 -73 90 48 51 66 77 83 -31 -77 -9 95 -30 59 -18 -85 96 2 24 22 24 -93 15 77 77 17 66 71 16 -20 -3 -15 44 82 53 85 -74 -28 -49 -98 68 79 58 -12 -3 34 25 43 24 -28 -98 -39 39 -85 84 46 
-32 -68 -75 43 -57 58 -42 -38 -92 55 27 81 36 94 68 -52 -20 -71 -11 -71 43 93 -76 95 18 -73 -59 70 -98 85 59 20 -88 69 -54 5 -46 83 -77 63 38 -99 -30 14 16 -49 91 44 -94 95 -41 16 60 2 31 62 -82 -17 -52 -25 -48 52 -1 32 -76 -11 -57 29 10 68 52 -94 100 12 48 -14 -13 -82 -1 66 24 -3 -3 -14 34 -88 -89 -60 -98 76 -47 -64 -29 18 -49 64 -100 61 36 36 -89 86 -43 25 21 83 56 -85 71 3 -57 28 
92 -64 -63 -49 -46 -43 77 42 -27 -80 -9 -32 -15 -15 -43 -64 14 -96 -14 -73 -1 3 71 -27 17 48 -42 81 58 64 -34 61 -63 47 -50 1 5 13 -19 -55 31 0 3 -30 -88 29 -2 52 -99 52 64 -7 31 98 27 -73 -83 -100 58 -30 -41 27 -87 94 54 82 3 -43 42 -5 14 -89 68 6 -74 45 -29 48 77 -2 27 90 -32 94 -85 74 -34 78 75 -13 28 -66 -38 94 57 -84 81 -49 39 4 21 -76 8 -3 -58 -41 24 -92 88 -45 -71 -95 
83 -34 -27 -82 -98 50 64 -47 72 37 22 7 64 98 53 61 88 76 -97 71 -25 -27 46 -35 -74 90 -10 94 64 -13 -54 -75 66 -75 79 19 39 51 -89 -49 6 16 -46 -94 11 -51 -36 -42 0 39 74 -20 -7 33 -67 13 -15 -68 48 -47 48 -89 -48 1 1 63 40 63 -14 -69 -58 38 28 -89 -46 -27 22 88 73 3 21 -31 -7 51 -57 -84 -33 -19 23 -6 -69 92 -95 1 -50 -40 83 7 49 -34 -2 85 -53 4 -100 95 90 89 6 8 -50 60 
-1 -91 61 30 -54 23 69 39 22 -13 -9 -90 -44 -94 -20 11 -40 67 99 -52 57 48 32 -46 69 68 12 12 25 57 72 -78 -8 66 16 -84 -4 40 67 -50 94 -32 2 -75 -96 -58 -61 -3 45 -40 -57 -91 73 -11 -68 89 -3 77 -23 20 -2 -2 35 -93 74 7 42 61 35 -31 -53 9 11 -35 -11 94 31 76 -35 -37 -85 59 93 -14 -52 86 3 18 67 -27 88 -98 40 -3 -25 -43 -10 26 -48 -33 67 -24 94 -84 72 -52 51 -78 -16 -71 -71 -75 
-56 -89 6 -71 45 -9 20 -17 94 86 53 60 -92 -73 -15 -75 58 13 -100 19 82 61 -50 -35 -15 34 54 32 87 80 99 54 7 33 -30 61 21 -62 57 -54 100 84 -25 66 29 -7 32 -73 -40 40 77 52 -84 69 81 -72 30 -58 -20 48 -18 -24 1 19 -66 25 -27 -60 21 87 -20 88 64 15 7 -80 17 -23 -75 65 85 -1 20 3 -75 -37 40 -6 4 90 -12 -48 2 -43 67 -69 90 -38 -89 79 86 -53 11 -17 -78 -79 32 80 -55 -1 35 15 
-36 63 -24 -40 -62 32 43 59 -19 -79 26 62 73 31 -32 -41 25 -96 -2 5 64 -37 -99 77 96 -16 62 -84 0 56 59 5 55 40 -86 -69 80 -86 55 72 65 -13 15 14 -59 51 32 -14 37 -68 0 24 95 -94 97 -61 65 6 64 61 32 -30 41 -60 66 8 90 -81 74 65 21 -21 -52 -34 35 85 95 72 8 -53 -16 53 32 35 -12 37 -60 -28 31 -95 -46 25 -54 -32 -6 71 27 91 -32 -33 -93 -26 -30 77 74 -81 20 9 -58 -66 59 -96 
4 31 -29 -67 -14 77 26 -57 73 -89 69 -98 -11 -34 64 -37 -35 57 -54 55 -12 -14 -45 -46 -5 95 -34 85 -54 -70 52 48 -43 95 -18 -14 -37 96 42 -28 -72 -33 -55 9 74 -60 100 -92 -92 76 -16 68 53 29 70 9 -15 17 50 30 65 10 72 -60 52 -44 65 27 6 12 61 99 -18 -72 -56 -16 50 54 73 37 -46 30 29 -31 -31 -24 -44 43 64 -21 0 71 -10 -41 -60 -14 -47 17 -37 29 91 -42 73 95 80 -21 -77 52 -84 15 0 21 
-82 -56 -97 39 44 28 -21 78 -52 -41 -14 41 53 18 -93 42 -68 -68 -57 -96 -71 4 56 -85 89 -63 -97 32 22 92 -42 -71 86 70 93 -76 23 -19 -1 13 86 47 -40 0 21 26 -10 -95 35 -87 81 23 -23 50 9 -13 -56 -22 -14 7 16 7 -93 -26 59 -19 31 -49 -52 -90 61 95 -35 44 -84 -30 -91 54 -58 -7 95 90 -27 -93 97 -18 -47 94 -11 99 -38 -49 -65 54 -43 -92 46 -14 49 -55 48 -14 25 74 46 -23 -2 -4 -6 12 71 -5 
73 51 9 -94 35 85 -100 93 -5 47 76 -45 -64 18 -56 -89 -2 88 -29 72 -3 12 75 36 -28 -23 81 -41 82 -99 28 -78 40 10 -87 -63 18 28 47 -73 85 51 27 19 -85 -64 93 85 -4 -33 61 29 57 93 8 -37 61 23 -58 -18 -76 80 2 -24 71 -61 46 -98 -61 8 30 81 76 -52 -20 33 -20 16 94 -73 70 17 34 -92 -77 23 2 15 17 63 -29 -25 60 31 88 67 -49 -72 -23 -61 86 -43 -93 63 -60 -23 -42 35 2 17 -80 23 
-70 47 -48 -82 -77 12 79 -99 74 36 54 27 85 -55 -48 -52 -10 -81 -79 80 -6 -88 2 96 -79 18 -3 -42 73 78 -45 59 -19 32 -52 -86 -44 -33 25 15 -88 73 -49 40 -56 -48 29 54 83 -95 43 -99 100 -44 70 -22 18 -69 -17 43 -57 76 2 -44 88 -59 76 -57 -67 25 21 -40 -43 -93 5 3 28 69 9 1 48 -86 21 35 -33 -93 31 -92 90 70 -96 -59 63 45 16 -65 83 62 -11 -45 79 36 -75 39 47 10 83 16 -88 40 -88 -7 
54 -97 89 61 56 -12 29 19 62 -30 -19 52 -99 32 21 29 28 94 -50 -34 3 -4 -83 36 -68 77 58 51 68 7 -94 41 -79 -12 25 25 32 -52 99 -13 10 -82 -43 33 26 92 83 96 -93 40 16 -7 -93 -12 -5 -87 56 -1 -34 58 -40 -39 96 -19 -33 -70 83 -74 48 56 -41 48 -52 -41 28 -11 -42 42 28 82 -71 81 -47 -56 7 -92 -78 46 -53 41 65 67 -31 -24 -31 -81 68 -31 56 -19 28 43 74 -21 -63 62 29 -45 86 48 23 -35 
-36 83 28 77 -76 -35 53 -30 60 85 48 28 -100 74 -79 67 79 -53 -10 -38 -23 -70 -19 7 -47 87 -99 -7 -99 12 -11 -84 85 38 -20 -43 -83 -45 83 78 -81 -10 -72 47 -94 77 16 94 56 -59 -63 63 -20 -100 -59 -43 -76 -31 -72 -67 52 49 81 -10 -3 100 72 48 -80 -37 86 71 -87 -66 -71 -31 72 -67 35 -12 91 34 -61 83 -66 94 -45 97 27 35 -51 -64 11 19 52 -34 -80 89 66 -61 -36 45 32 6 92 44 -77 93 -19 86 -78 78 
-44 -63 22 -9 77 11 -53 70 -45 96 79 96 14 -13 -13 -56 -41 -97 78 61 -86 -27 37 -41 -89 -81 -99 -5 69 64 5 56 -51 18 54 14 83 89 -23 61 -63 -79 75 -44 -88 49 -82 -25 -76 -56 16 34 95 23 -8 23 96 6 81 30 -52 8 9 -80 -46 -44 25 41 68 25 -96 15 39 96 49 -18 47 -22 52 -7 -54 -9 -10 -89 -33 -25 24 24 -30 -4 87 -59 72 -63 9 -86 5 -28 90 64 10 86 -59 35 12 98 -75 39 39 93 -62 47 
37 -44 56 -48 56 -50 -60 -23 -15 34 -14 -55 67 35 23 -61 62 -18 -26 85 -79 3 -42 -27 69 10 -95 68 39 41 0 18 -57 30 28 -18 -28 -91 52 -90 -44 -98 -14 81 -47 75 -68 8 -10 -34 -51 -97 -6 62 -84 -88 63 64 7 81 -39 -94 54 50 -97 47 -14 -53 36 -3 -68 -75 30 63 -13 27 48 -23 -48 74 3 73 72 19 94 74 70 44 93 -45 -20 -1 18 -11 35 -95 -65 -90 42 -54 -100 93 -48 69 39 -80 1 -57 34 -53 -21 58 
-95 34 -59 -31 77 39 -68 70 -93 46 95 -47 30 90 21 -59 89 -19 -48 -96 68 51 0 -97 15 -1 71 72 -73 -1 -16 -60 7 -40 17 -68 -92 -97 12 63 -57 -65 92 -10 3 37 -43 4 -25 -86 45 -65 13 -91 -21 -12 0 45 -90 -89 -92 3 41 -93 -26 7 -36 65 52 40 77 -49 7 -72 70 81 72 -36 -71 98 -92 -28 84 37 -55 -68 96 -1 62 76 -58 -41 -55 24 -61 -89 64 -39 45 -49 -95 36 70 10 89 -43 32 86 -40 -82 -57 -71 
75 87 -47 -27 -68 -35 16 -34 -42 73 59 -31 85 -59 40 -20 -55 -46 49 89 -83 1 -37 -79 -27 60 13 31 61 -22 95 62 16 87 32 -51 -97 30 -85 -53 8 -34 77 -20 88 -56 13 49 43 -1 -31 90 46 32 -38 100 85 -87 72 -69 -25 59 98 -98 -55 -20 -17 66 26 -60 51 -76 -96 -100 16 -39 -71 -82 71 -62 78 91 -88 64 90 0 -51 -21 76 -84 12 24 89 14 58 0 -90 62 -66 -87 56 40 71 31 -55 63 -24 -70 44 -99 79 52 
-74 -6 -47 67 28 36 -27 -82 -52 -21 -32 -91 -64 -73 2 -73 60 55 73 -93 -42 -28 -46 -52 -52 79 86 -23 -16 45 63 71 -25 -9 28 85 -26 50 -20 -74 -77 -29 -75 -56 -38 11 -100 22 97 -6 83 -97 5 -77 82 -4 31 70 -56 23 24 -78 3 21 99 10 75 32 78 -8 -6 -13 -60 16 -6 -11 -21 -17 -56 -46 -72 92 -100 2 97 -10 -16 -20 -66 40 92 82 33 62 -44 -17 82 23 -48 79 -41 48 -68 -84 53 42 74 -30 53 -46 -30 -34 
17 -16 -94 45 -47 -23 -70 -16 -49 59 -80 53 -64 -29 -19 -70 9 17 -83 5 -15 80 78 25 60 92 74 -66 -51 -3 -8 -67 -77 74 -16 39 -15 -85 -63 80 59 83 -38 -29 48 -77 -16 -99 -98 90 21 -76 67 45 80 -55 -22 82 -27 -81 7 -30 20 93 -58 44 21 -22 -66 63 -28 19 0 79 74 83 38 63 21 12 83 15 -82 -68 66 13 -38 83 -98 65 -16 27 18 -22 44 -1 -64 -28 -26 -59 -67 -28 74 -2 -88 -32 38 35 31 -60 19 41 
-79 84 -50 -14 -39 -83 -34 -82 57 -50 -48 100 32 -63 6 94 -29 -34 80 -15 -46 49 -31 -90 73 -10 -31 -64 31 -9 2 7 61 19 -21 47 29 97 -4 89 -69 26 19 -97 22 70 34 -95 -69 -51 23 18 -91 65 -96 -89 -27 29 36 32 78 -13 -61 84 -58 -43 57 62 -21 -33 -56 74 16 -16 13 24 28 -88 -92 12 51 -87 3 19 96 -29 78 -26 -79 7 34 54 37 68 44 29 -64 62 -59 1 -40 99 -67 52 -40 -45 10 2 -97 50 -98 81 
-30 -25 -39 -18 50 64 32 66 -80 -5 79 -71 -94 -28 -1 76 89 0 -10 -61 68 14 -25 -28 -60 38 67 96 45 13 -50 -25 -97 -45 4 -40 -17 47 -51 4 -79 -6 47 -34 76 22 -69 30 66 2 69 -1 -34 -14 44 34 96 44 22 74 23 100 -70 -11 -7 -49 -64 -66 -63 -96 10 90 -93 76 -13 2 -62 -78 61 26 15 -18 20 72 31 18 -64 -55 74 33 -73 94 -54 -84 -10 -59 14 -64 -60 78 -35 -91 -53 19 51 -58 82 74 -43 65 6 95 
-17 99 53 11 32 -31 76 -71 48 -78 95 -46 30 -66 79 8 -32 5 67 -47 83 53 -30 18 -51 -43 79 -51 -53 30 50 30 -67 63 46 -94 0 8 -46 11 -13 24 -32 -69 38 22 -28 7 87 92 -32 -100 50 -100 79 -38 -16 -12 70 -60 -10 -35 -75 84 87 -50 16 26 87 14 87 8 53 -91 -86 99 93 44 54 70 -47 88 -49 54 -30 27 -98 19 66 66 -9 -84 27 2 -41 44 -99 4 -90 -16 2 -85 -67 96 0 67 42 -80 -48 -25 91 -75 
-41 -70 -86 -43 -34 -77 -73 68 -7 63 -29 5 -57 -59 -73 -1 -20 -10 -5 87 -57 -90 92 25 -50 66 -68 -68 0 97 69 61 -38 90 54 -48 -76 -65 -1 49 -100 -64 -96 39 62 -61 -24 33 -32 -99 -15 -2 -95 34 11 -28 -78 -32 -92 0 -40 -52 66 -6 -18 82 -90 -78 24 68 -38 41 -80 90 -39 -53 -64 9 6 -46 -24 -98 18 81 -14 -41 17 -64 84 62 -94 9 -32 -41 -15 -15 -46 -80 36 0 -75 -73 -80 -90 87 -51 35 -12 -90 16 16 68 
-7 82 -41 14 65 33 68 64 -95 25 -14 -69 -24 94 33 -53 -92 6 89 -67 97 35 -52 -53 52 -44 73 -28 -79 -2 -90 63 22 -58 -41 85 31 66 -85 32 -98 65 -49 33 -42 23 100 -54 -75 -4 -90 -77 49 58 -91 20 40 -71 89 37 13 74 -28 -47 -35 -49 95 4 -64 -16 -99 -48 -93 45 -49 -53 -57 -45 -60 63 97 63 36 60 11 84 29 15 -34 39 -87 4 100 27 93 36 23 23 0 -9 95 -98 -47 -70 -61 -72 -2 47 14 -52 56 80 
-25 -60 62 33 -88 5 -70 -3 -50 -48 -73 -63 -56 -20 73 -2 -6 -32 -57 45 5 54 67 5 -85 -82 -39 24 69 -66 20 -13 -22 -54 73 95 3 -62 -86 55 34 -6 32 -8 -71 92 -73 -57 -59 18 -53 -75 -24 -20 -3 34 -61 -47 -24 78 7 -82 65 -90 -26 -47 15 92 -65 -86 13 -89 -2 21 -54 -94 -6 48 60 -87 9 -79 83 -77 21 -97 73 65 -58 -41 -65 56 27 -13 -44 -87 -69 -20 77 1 32 -47 -68 -17 -64 16 -96 -66 14 -31 -8 87 
52 -31 -72 93 54 81 25 100 -47 -47 94 49 95 55 83 65 -53 -66 77 -60 -87 -1 -36 -60 75 -2 68 -72 -100 -80 68 -86 -29 77 0 -88 3 -93 -57 96 71 -98 100 100 76 11 -21 82 79 -26 -12 24 -89 -52 46 18 -52 98 -65 -44 -60 29 57 -63 -41 62 35 -74 -64 54 -59 -35 -49 90 -5 -49 -9 0 -87 -5 22 74 -58 47 -1 95 -66 40 -79 3 39 -82 52 13 -71 41 50 -26 54 -100 -54 -67 98 -50 20 -79 -8 -24 84 64 -36 33 
-17 -100 10 68 -2 -1 80 79 74 -36 12 56 38 12 -10 -65 -19 63 83 7 92 -74 -90 -47 37 -38 -32 -71 -98 58 -42 -26 -9 55 57 -90 6 -59 58 34 -78 -75 56 -51 -3 25 -21 35 9 -97 -61 89 -94 74 31 93 -74 97 34 -60 -34 83 47 31 -82 72 -17 79 50 44 -38 -48 59 62 -20 -37 92 -86 26 -52 89 -84 -11 -13 -82 -25 -51 -34 34 -80 -27 -20 -78 -55 -58 43 80 71 -11 78 63 20 46 8 -77 -56 -16 87 68 -96 -20 -68 
-45 84 -34 3 -70 -90 -32 -66 -74 -37 -93 59 45 73 -3 48 96 -62 69 -51 88 4 77 75 -100 10 76 58 80 -2 -10 -54 -32 61 7 -70 1 63 30 -37 -70 -17 29 -38 -13 16 -8 25 83 -4 79 -26 42 50 -5 68 -3 13 8 44 -80 -62 9 -29 -94 50 -43 62 -90 -80 25 90 -38 -98 -94 -49 7 -97 -39 5 -97 100 -6 27 -73 13 27 18 -65 -28 77 3 -92 -56 -53 -13 85 -3 29 -82 58 -72 55 40 89 12 -86 18 54 33 -67 57 
-93 -19 -20 0 89 51 61 -35 -13 10 -24 97 -70 37 -46 -95 60 -86 -4 -40 99 -90 82 33 -8 12 -64 44 84 69 8 -14 -87 21 -42 38 71 -91 -84 95 -77 31 61 -61 77 87 -50 -83 -85 -23 38 11 16 -48 30 71 60 -31 31 -38 -73 -34 -3 22 -60 5 -18 -68 74 -29 90 -70 -51 -56 74 -99 6 4 -73 89 84 85 53 -81 -70 53 72 27 22 76 -63 -14 -9 -37 49 4 41 21 9 -73 59 47 -66 76 8 -21 -75 -9 -15 -100 60 31 
45 -94 42 -22 -7 79 -85 -34 75 -89 29 -74 10 -57 91 -42 14 -14 -67 -6 -49 -27 18 68 68 -67 -55 -58 -37 97 -18 -88 -84 40 -44 -9 14 -58 82 -41 42 7 15 33 83 -86 58 -16 -70 14 18 57 39 -43 66 -34 -19 27 76 -12 -78 -2 73 95 69 -100 56 -13 -63 -59 -24 42 82 69 93 -79 -91 -33 -70 -82 40 -88 32 -12 -70 81 -21 69 -25 -67 42 30 -39 64 57 64 29 25 92 -67 -18 59 9 97 77 47 85 -69 63 86 15 63 
-11 20 -15 15 44 88 -52 49 64 15 -80 98 6 99 15 84 14 11 98 -45 -9 23 -48 1 -39 20 43 -40 60 99 -67 97 -89 29 78 86 -36 97 -74 -69 -8 88 22 60 53 -62 -34 93 51 -41 4 41 -99 -5 95 -11 51 75 28 -20 16 -69 -96 93 -57 -64 39 -55 31 -11 57 85 49 -7 32 16 90 3 46 79 -79 -36 7 66 58 3 -9 -74 41 -58 3 91 56 95 31 21 7 43 -66 34 93 -77 64 -3 20 40 -36 -56 95 -52 -85 -9 
4 0 68 -8 -45 1 -48 4 -84 40 63 42 -4 75 -19 63 -93 -30 62 -20 -60 -26 40 -71 -98 -37 19 -70 77 -68 71 -70 -66 -44 -89 -5 31 -64 -14 90 -70 65 68 -53 -4 -37 -19 3 16 -65 12 -24 -42 -99 -52 -55 60 3 -47 1 -76 -67 -78 85 -91 74 -39 -90 -76 83 -78 8 91 -57 -29 -77 26 40 44 -15 56 35 -78 93 58 88 -26 -86 38 -65 61 -62 8 28 -22 -19 -87 -31 17 -45 92 84 90 17 -33 -63 46 10 98 85 -41 -49 
-79 92 0 80 -77 10 -58 4 -73 95 -87 -100 -7 28 53 -60 -8 -79 17 -68 -8 68 -16 -29 -42 -56 -49 70 -32 -97 -23 37 15 59 73 -44 95 85 -71 35 36 -64 56 -76 47 18 24 100 96 -9 -94 -58 69 62 -73 25 -76 -84 10 25 -91 85 46 51 99 37 -77 31 -92 31 -8 24 -3 -63 17 -70 17 -91 69 -20 64 -99 -27 93 9 -63 28 -74 -15 19 66 -85 -3 -95 -52 -32 -29 -96 51 20 80 -25 -54 -98 98 -55 -73 62 93 -58 -58 32 
35 54 -100 55 -48 0 78 8 -69 56 -94 44 55 83 -12 -1 -30 -6 -44 -10 90 -83 -95 -41 -56 15 -52 24 -58 -48 -9 66 -47 -43 89 -29 -35 12 -5 48 -54 -14 -35 1 91 -31 -74 -75 -68 -47 -90 -3 -37 32 75 -85 -60 -65 -97 -86 -9 91 -94 65 39 34 -69 -83 27 12 18 1 53 13 -15 -82 19 -8 70 -38 86 -9 -52 -92 -93 -12 53 -31 59 49 83 97 -87 1 -84 87 62 49 27 -49 28 -92 76 -64 -39 0 20 5 33 90 -46 35 
5 2 -5 63 84 6 -69 32 70 -81 44 62 -30 57 -38 -58 -71 -88 -70 -23 21 32 -71 97 42 22 -64 65 63 38 -11 -15 97 94 15 13 -7 -75 -79 24 -82 80 -71 -4 -37 51 -38 -85 -78 48 48 -9 -53 -98 23 -80 -49 96 13 -15 30 -70 89 -8 40 23 -8 -35 46 -89 -41 65 -42 28 92 -75 81 -51 18 -41 7 48 -26 -51 10 59 66 -75 90 -75 -12 -72 94 39 -88 19 13 95 89 95 97 84 -57 78 -24 66 -71 -31 13 43 6 -21 
28 -14 62 -42 -83 -94 24 18 49 -47 -3 28 35 87 -99 -74 30 -23 -16 -47 -90 66 -91 83 -65 -23 32 -30 54 19 -49 -96 88 16 -53 89 -66 -82 34 0 51 -38 72 32 96 47 -79 -87 -46 -86 35 16 94 -82 -75 55 -46 45 81 -16 -20 24 -51 -15 -87 80 -52 73 -2 64 39 13 76 -73 15 70 91 -45 45 -29 -72 60 -77 -90 -96 -4 -70 26 48 -33 65 3 -86 -50 -80 -73 -56 56 -30 -88 -63 -67 -63 74 -25 32 98 -40 81 -49 -57 -34 
77 15 -75 -19 -13 24 -6 46 -89 4 -43 73 -41 -86 45 -36 -36 9 37 72 61 -54 55 -55 -68 -71 78 28 78 -76 -26 90 -73 -16 -86 55 30 11 -81 -13 19 -18 90 -97 -31 58 -99 56 60 84 -22 -59 -47 -95 -17 7 -98 13 92 -21 95 -1 -76 -65 56 30 -16 -34 88 -20 -90 16 60 69 -94 78 -100 -9 76 28 -31 6 -5 76 -68 -74 -10 55 -50 34 -86 35 36 69 -9 -18 98 100 61 -48 -53 -21 -60 100 -13 9 3 46 -58 -95 23 -13 
2 -85 -75 -96 69 68 47 100 71 39 -3 -94 37 20 -20 -79 -66 2 -18 8 -8 -35 -65 80 8 -8 -100 -31 68 35 -96 83 -46 -85 -9 74 -37 46 76 -1 -95 -63 74 -1 -15 60 39 83 43 5 69 93 -34 -79 50 -60 91 65 -95 100 -16 30 -77 85 -51 -47 -55 -99 91 -12 9 -64 88 -51 -64 96 -54 -27 52 1 -22 -15 7 16 -65 85 67 34 3 27 -98 68 43 -66 -62 64 -36 -89 5 72 0 18 -14 -72 42 85 -55 -81 -31 -57 -77 -13 
12 -11 26 20 -1 21 36 50 -24 37 -20 88 92 28 -29 -62 38 -64 75 33 79 -57 -7 -60 -92 -56 -62 -15 47 99 -75 84 -96 11 38 86 50 -97 -14 -97 45 37 -5 36 -47 -90 -1 -29 65 -75 62 -2 -23 69 46 72 68 -40 -9 65 -94 -30 83 83 -67 -79 -74 89 -73 38 -75 5 -35 -61 71 50 84 13 38 -12 17 -100 -14 -12 -10 5 75 -54 41 54 -79 -93 56 84 16 -78 -91 14 -64 83 -15 98 17 5 -41 88 23 -71 60 96 -44 -16 
6 -10 -77 79 63 62 38 -64 99 -15 41 -37 -44 -1 30 -55 -2 -39 71 24 -68 -56 45 -85 -66 27 83 82 49 23 -8 63 17 -48 45 99 37 33 99 -22 -58 68 2 14 -45 -54 -92 92 72 74 95 -67 100 -31 -53 65 -66 -55 42 -93 3 -71 -69 18 -6 -3 -56 68 29 20 -23 25 -20 81 -54 -40 95 4 -48 -3 -29 82 -24 -56 82 65 50 -78 -93 -24 93 -23 46 54 -94 -73 -17 -42 -38 2 -48 89 -90 95 97 -66 -1 11 76 -78 22 78 
56 14 -95 -67 -50 -83 -40 -44 16 81 92 -39 69 19 -48 62 84 -39 -62 -56 -31 70 -1 53 -43 97 54 -68 55 98 27 75 -50 0 -58 0 91 82 -85 -83 -43 -76 -81 35 -73 89 24 -7 65 90 23 -79 30 50 1 94 98 14 -35 -98 -7 -24 22 -71 -63 69 -13 -37 11 -23 37 46 -76 97 -32 51 57 6 -70 69 -75 2 -90 74 -54 42 12 46 17 96 -20 17 32 -30 95 -33 -3 75 89 -79 82 59 40 67 -71 -27 12 -22 -32 61 82 -58 
78 39 -26 57 10 5 -93 88 41 -2 -78 -44 84 -92 -40 -29 88 -89 70 -30 38 70 -42 -49 -29 13 -83 -92 25 50 -56 60 27 89 45 77 34 -11 -46 -17 91 -92 -35 5 93 -15 52 6 29 14 -55 33 -83 17 59 61 65 58 -60 37 55 -43 62 -37 -83 -10 20 -67 93 40 90 27 -70 -56 63 -25 -49 -53 64 -16 20 -9 -99 -91 60 67 82 68 2 -89 42 50 -69 -25 90 42 -21 42 68 62 -14 -89 -77 12 64 93 -30 -56 56 -61 46 80 
68 97 18 -25 -59 30 -30 57 45 23 64 -6 -5 -49 38 -49 94 -45 82 20 54 -98 3 100 5 18 63 82 56 -71 -5 -61 -54 -64 11 -46 73 -41 23 -53 39 48 -39 -48 100 -24 86 87 -53 56 -43 -74 -90 -1 -93 23 59 -91 -98 55 36 -61 98 95 -39 56 55 -56 81 32 -68 2 -100 14 -5 -56 -63 92 -4 17 -27 28 28 4 -70 26 -4 35 -32 100 -46 -35 -39 63 74 6 -95 21 35 62 -48 51 -97 1 45 72 92 92 -55 -60 5 -25 
16 72 78 61 -43 -18 -58 39 -80 -86 45 -89 38 85 69 71 -41 25 -72 -11 -36 83 -43 -41 -78 -16 43 7 46 48 -37 -37 -64 -11 -43 -65 63 58 69 -78 -20 -45 20 -7 -56 38 -98 11 41 -11 -43 0 -24 -94 9 5 -54 65 92 -8 59 28 52 -46 -99 -70 24 23 72 0 70 -37 -33 55 -50 -19 -22 16 -94 -25 -50 -6 -17 26 52 -98 -66 0 -58 -94 -98 15 49 31 99 69 96 34 -56 75 50 -90 -16 -55 -81 67 36 -66 -34 -88 -28 -34 
53 47 -38 50 -95 -39 -39 24 71 -61 12 -6 -47 18 67 97 82 68 70 -30 52 -21 59 -55 56 84 49 -18 7 -23 42 -13 -80 -15 97 -42 21 64 2 52 80 4 70 -92 89 68 99 -64 78 60 -92 63 -75 18 6 -75 5 29 89 98 -44 -52 -92 -89 54 64 -2 51 -10 99 53 95 -10 92 60 25 83 -32 32 88 31 89 -8 -95 33 69 51 -98 58 -63 -83 46 4 -9 55 -82 66 -70 44 18 -21 96 -9 -26 -7 43 61 -60 96 38 -86 58 
-36 12 30 -6 -69 61 -14 -27 74 -97 53 -30 -46 -79 52 -88 43 87 -48 77 70 -62 91 -76 -61 -70 -17 93 62 -18 98 68 -33 -2 49 89 68 -2 52 -41 -47 -30 8 48 78 38 50 -57 -79 -76 -13 -85 -78 56 -24 76 45 86 -100 96 -84 -74 78 84 -46 49 -60 9 -29 97 -23 14 -71 89 24 -12 77 82 -69 -75 -11 66 43 62 56 -16 -93 -48 83 12 56 83 -99 93 -85 -17 -79 36 -78 -45 82 -58 -52 -51 22 -41 -2 -49 28 -91 -4 -54 
-48 -77 -36 48 -82 10 44 66 -12 54 14 -73 -46 90 -1 -40 -75 -37 72 -53 -91 -90 -7 -32 1 54 -30 -95 79 42 66 27 -21 -49 -77 48 59 -65 36 -33 56 -16 85 73 -87 -92 -61 -44 56 -6 -29 -50 36 99 82 -25 18 14 41 -93 77 22 74 -22 57 -72 5 -76 -3 -76 -36 48 -49 -40 94 45 28 28 65 -71 -78 69 -34 10 46 21 99 39 -92 -70 99 -24 -53 10 -83 -51 -23 35 -59 87 41 66 37 -5 59 -53 75 61 -34 -80 -16 -87 
4 74 -100 -73 -49 25 -15 -66 42 53 89 27 9 80 96 80 32 -44 48 57 -96 25 40 94 98 -48 -86 29 38 27 -41 42 -55 2 1 -9 96 -45 -55 -21 3 22 79 60 -61 -100 -36 36 43 -26 19 -92 -76 57 100 -6 -29 30 8 51 -38 74 97 -19 23 22 95 -46 49 48 81 10 77 93 23 -96 21 -77 -74 -39 50 -56 72 55 -81 -39 -51 -34 -60 -93 23 -3 99 -91 -58 74 60 -69 26 65 36 -72 -69 -100 5 -29 -74 73 -56 51 83 -47 
73 -87 -7 6 -37 -1 -49 -32 -77 20 -18 -46 25 95 -53 -14 -48 -79 -46 -13 -1 -26 -53 66 98 -2 -51 13 38 17 75 -98 50 -43 43 89 -17 44 -29 12 74 -89 86 -15 -21 48 -60 71 61 81 8 -12 -92 -56 -31 -89 -32 -7 13 -81 -44 46 38 68 91 76 -37 74 31 -95 -76 -16 85 63 69 -94 -3 96 -79 78 42 99 5 52 -63 -81 89 -86 78 -6 3 56 92 67 94 6 -55 53 27 -84 37 -68 -45 66 -35 -25 95 -57 -39 -60 -97 -9 
-40 -31 -54 17 -4 55 16 58 -5 17 70 -29 2 15 -51 87 -40 -35 -88 -86 -32 -65 -3 61 -44 -76 -24 -62 -47 23 85 3 89 39 66 -60 -65 -50 -74 39 -81 -56 -80 86 7 -11 -56 -81 83 -29 54 -83 33 44 -85 -83 7 -16 43 45 -94 2 -33 21 79 6 -2 -67 48 -71 68 82 72 -53 -83 -81 -55 -14 2 58 -43 34 -23 -90 -61 30 83 -37 92 -90 78 70 22 33 -97 5 84 -33 -77 -27 -57 36 96 -20 93 -65 -34 -65 61 51 23 21 
-27 30 -45 95 44 -81 83 -66 40 48 57 53 -17 -87 89 -56 -54 -94 59 37 27 -11 -35 89 14 -19 -96 -69 -10 51 -13 88 2 -98 44 100 -92 67 -54 12 60 -49 54 -47 77 74 -68 20 82 43 -16 67 -8 12 8 -59 86 82 34 1 -12 -86 -51 -90 34 81 -95 85 96 62 -79 -42 25 -31 97 -44 67 -12 81 -67 -69 63 -84 -55 -30 -94 11 79 -75 90 56 79 -99 -5 -10 -40 -42 -94 -5 23 74 -34 -81 -92 -60 53 -4 -2 -70 -21 -90 -50 
-82 -88 70 -83 -49 -37 -73 46 20 35 -3 9 -31 99 65 73 41 -21 -13 82 -42 70 52 8 92 21 -35 11 -62 -5 75 43 -88 81 60 10 2 -38 -100 94 -37 -38 -63 64 42 90 2 38 -58 97 77 78 -35 73 88 66 15 -48 22 -65 -100 77 25 96 -98 -20 43 1 -40 59 8 -36 78 -90 31 70 -39 4 -98 43 -9 23 -44 78 -51 51 -51 43 42 37 -22 -52 -94 -1 30 24 -73 -19 -45 -57 72 16 -81 69 29 -37 79 80 -85 47 40 -48 
42 2 25 35 -96 -13 -64 10 82 -5 5 -87 82 57 28 -60 15 -14 -19 -22 11 60 39 3 -63 29 44 67 55 97 58 -8 88 94 -24 9 -100 37 -12 -58 -85 68 0 47 87 -86 67 -54 -72 -92 -22 11 -8 44 -57 7 58 4 66 9 -72 89 75 -75 57 -92 -95 74 29 -33 61 -17 -72 16 15 99 -67 8 81 -89 21 -51 -27 69 -95 31 -87 -94 28 62 -79 92 38 -42 29 -26 -27 65 -86 -83 -62 -32 -39 46 68 -56 -57 12 -56 65 59 86 
0 60 69 31 -46 32 -90 -44 78 21 -14 55 8 21 33 -7 -61 -3 67 20 -25 -57 -64 75 -31 38 -81 -15 79 63 45 -54 46 -27 -78 33 -35 -81 98 63 -4 -3 -17 -47 75 46 -31 -69 88 -73 -50 -21 -30 81 -90 -93 18 61 -75 -29 51 65 84 -26 -7 62 37 93 -58 89 -99 -96 -70 -77 -56 -79 88 -20 -53 97 7 -51 -51 58 77 -11 51 97 39 -17 -45 24 -84 -52 95 -79 -88 64 -34 18 55 -1 -28 87 -24 66 52 -9 -9 65 100 65 
83 69 100 -64 -54 72 61 -86 -100 11 -7 33 52 1 95 55 63 -17 39 -19 -86 -87 84 -12 55 99 -10 -85 -97 38 -16 -18 -86 58 -79 39 24 -38 -94 87 61 -5 51 -41 96 65 44 -6 -12 -89 -48 20 77 -83 -72 52 84 -73 -65 -46 -16 54 -15 71 -51 -81 89 -48 -81 58 78 8 29 -6 -94 4 44 -56 98 -35 -17 -17 -34 18 -100 -18 -38 59 -19 -71 -50 -96 0 -85 -82 -31 88 -43 61 -26 92 -48 -77 -82 -36 -29 71 33 -100 -86 -74 11 
-46 -69 -13 52 16 -35 -18 46 66 -75 70 -4 29 36 -25 33 9 -36 -41 -35 27 67 29 81 -67 -17 -13 -75 25 -48 -8 -87 -42 -55 91 66 8 -5 -93 15 90 81 85 89 -44 65 33 19 70 11 -91 -83 -34 93 -37 16 -28 15 -31 -57 51 -53 -5 -30 24 70 35 77 -94 -97 -52 -22 67 42 -24 76 -87 -72 50 -70 68 -91 -77 -26 -69 -79 -34 29 -55 51 -26 13 93 54 -75 85 -93 -93 24 91 -59 -66 27 -2 -69 -61 -6 -10 -86 -41 -25 86 
-17 17 92 78 -51 88 -36 50 -97 -9 -45 -74 67 18 86 57 33 70 -9 9 6 3 78 -91 0 -16 -19 75 -27 -86 92 62 81 20 32 14 -75 -98 -36 67 -94 -90 -97 -84 -34 -64 14 -3 -91 -84 -1 42 -66 36 14 47 58 26 -99 -4 79 50 -23 57 46 -84 35 -18 67 -2 -14 -27 -22 2 72 91 -63 -95 -63 -19 -10 57 -93 -33 87 50 -92 -63 -5 -89 51 -23 96 -70 3 -27 -22 -38 -88 -88 -53 13 21 5 35 -27 -64 41 66 -58 -83 -71 
6 34 -100 41 45 25 52 16 -78 -95 -16 74 -77 -16 89 -75 -36 27 -39 -38 88 91 -30 -61 -5 71 -14 18 -89 -1 -22 85 -61 -25 88 51 30 8 23 -4 41 -3 26 -36 -66 12 52 -91 -88 -37 61 52 61 14 24 42 5 -39 -41 -24 56 -8 -70 -45 74 17 -87 84 62 12 83 -91 82 -18 -20 -60 15 79 -32 12 -28 30 93 42 16 3 -40 69 13 -63 45 -70 47 -11 -78 -91 -15 100 41 20 98 -53 -70 -31 -46 -19 -61 -90 -62 59 69 67 
-96 -16 1 -10 -7 -90 33 -83 -10 -14 -57 -58 -100 51 92 -60 3 46 -11 56 73 -100 -12 -24 -30 -70 95 -2 -56 -82 98 58 95 -27 63 98 -66 16 38 -63 -44 -78 88 12 -83 29 -64 76 77 98 51 43 -97 -63 47 -33 9 3 -21 -42 91 4 -88 18 13 0 57 -1 -4 -32 -37 31 -36 43 -33 50 -17 75 98 -43 -6 -16 -36 -90 1 -89 83 -41 -19 61 -70 35 72 59 -56 23 -82 -17 -8 -77 -87 -60 -35 72 -29 47 -24 52 46 -100 4 24 
65 12 6 -44 -100 -54 99 15 -32 -13 -78 93 7 -47 -4 -60 -39 -3 84 -36 5 -80 40 13 76 64 52 -86 82 -43 -20 -44 10 80 100 11 -56 68 21 -78 -37 -12 74 83 -10 -59 1 5 -23 47 -17 63 87 -80 -50 -93 99 -34 -10 92 81 -97 -33 -27 -44 6 39 86 -16 11 -67 -53 -8 -8 -23 35 10 -70 -75 16 80 -68 65 -2 72 -39 -83 73 -81 29 -43 -6 -31 48 54 -49 -53 -4 -22 -72 86 86 12 81 -73 57 -5 -61 -10 -26 75 59 
98 98 66 -100 -66 -8 -88 -85 -39 -79 73 -11 55 91 -26 -16 98 -87 87 27 -96 -93 -55 27 47 -74 -60 96 -54 -12 -52 -12 58 -95 -29 -89 -95 78 55 50 -66 2 41 -19 13 75 14 22 71 45 -32 -90 62 40 -94 -13 -83 46 -37 58 0 -74 47 -55 -40 -83 16 -29 83 12 70 82 66 -4 -48 -3 90 -63 -65 -57 -46 -38 -97 -2 93 2 12 69 37 -75 -30 93 83 85 74 32 -43 37 78 -96 26 64 2 29 6 70 -16 59 -54 84 -43 20 
-50 -12 95 6 -5 -15 -66 -49 95 -34 67 40 77 76 -5 24 68 5 -18 78 63 41 -16 -41 7 -60 71 50 74 1 54 -98 -84 1 -56 92 -51 -7 -56 -74 -60 -67 -88 29 57 15 -59 -15 -54 70 53 -39 -19 -15 11 18 -66 -10 73 24 -3 43 61 -52 -78 -54 28 -91 39 -67 64 -54 79 86 -42 100 -84 -15 70 -27 36 -1 74 15 -67 95 -27 71 -2 -45 70 63 -52 -39 53 33 59 93 -95 52 -5 -66 97 -59 -90 9 99 -67 -8 64 -86 -2 
33 75 99 68 26 14 -57 -11 64 19 -54 -83 32 54 73 -8 -42 -23 79 59 85 62 69 -51 59 58 -2 -66 -23 76 -53 -33 83 -29 65 -76 -83 59 -75 41 99 90 2 0 57 10 32 -3 18 69 -19 -96 82 -88 96 -90 -59 90 48 69 25 12 81 -62 76 -77 62 -22 61 -35 -99 34 -76 78 8 -83 -89 -23 -83 20 -9 55 66 -46 -72 61 -40 79 -34 -81 24 61 8 -80 -71 -91 44 26 -46 39 98 10 92 70 22 -48 39 47 7 -36 71 -76 
-25 0 30 4 24 81 23 -98 94 63 -57 44 -4 -38 14 -39 43 -31 -96 -38 41 -37 -81 -71 89 -47 -54 -49 59 76 -87 46 -84 79 -16 -66 59 -87 81 7 -48 -55 -30 -37 1 98 -30 91 92 65 -100 -42 26 7 79 38 92 -69 -93 -52 -58 -19 56 55 64 26 -44 45 -70 -81 -83 7 84 -94 -91 -56 99 -25 -47 -54 -6 46 -13 95 -12 -1 -36 62 -16 -4 -79 -41 -64 -90 99 -50 -8 -25 94 14 96 26 5 -25 -13 -34 60 4 98 11 53 -99 
-80 67 -47 76 3 88 -45 -85 13 -16 -76 13 -66 43 15 45 74 96 100 -21 59 -51 -63 -74 -14 -11 55 77 -51 -84 -60 -11 -79 -26 -87 -77 22 23 52 72 -70 -60 -42 -17 -54 10 28 20 -37 -71 68 92 -100 26 68 -26 64 55 54 -6 -44 66 38 -42 44 26 -91 75 -46 -19 78 28 -88 -74 3 26 -24 -47 -84 84 -66 -76 -4 -48 -69 8 34 -59 47 -17 -20 19 11 -33 68 -91 48 -67 -9 92 51 -23 -25 8 75 81 13 56 79 -8 23 -7 
-63 -84 -95 10 96 72 -16 -7 -26 -84 -89 -17 -59 14 70 42 4 -99 -73 -69 -17 36 -78 47 87 4 -81 71 47 43 -21 76 96 11 -11 -50 53 -60 89 85 -90 -57 -99 -62 -16 100 -51 -25 -49 44 -3 -24 -25 -40 -58 -59 50 12 -12 -90 -17 5 -9 -28 32 5 -45 -13 96 22 2 -80 39 -53 -79 2 -85 -94 97 -100 -60 88 -47 -67 80 4 -68 37 -91 -47 40 72 -12 41 93 -24 -19 70 -37 6 -43 -46 15 83 7 -12 -24 22 -41 -90 -61 34 
-17 14 -31 -14 6 92 34 -58 -60 38 -76 52 -51 -71 4 97 81 -86 -2 54 53 -27 -48 -83 100 54 86 -72 1 -91 55 -36 -69 -15 11 -87 -5 -9 -74 -38 10 44 64 -53 37 -93 -91 7 -49 -80 87 -76 54 -67 66 -50 -92 -44 100 -34 -18 70 -74 5 -32 -49 94 23 -8 42 63 -77 64 -69 -8 -65 99 40 41 -70 0 -56 -98 -43 -39 3 69 98 34 -13 -81 6 -1 38 -42 74 -17 98 -97 -61 22 72 -29 -91 3 -74 73 65 -26 -73 36 13 
75 -53 -85 63 94 -85 -36 -91 88 -31 -40 84 31 -69 -19 42 -50 -75 -32 9 -41 -71 56 93 -38 -82 54 17 41 -15 -9 63 -76 -98 -70 -75 33 84 71 69 69 81 16 80 24 -57 -36 -37 94 -26 -71 -31 -1 -40 -88 -76 -57 -14 -97 79 -8 -80 -53 99 21 64 62 77 -60 85 36 -91 -53 -46 12 67 -44 11 23 54 62 -88 72 71 -79 78 -58 71 54 67 -64 -49 43 -77 -30 11 44 -35 12 46 71 -1 -98 44 -33 -86 -79 -53 1 20 -66 69 
77 36 5 24 -85 -100 -73 -93 -15 21 -30 -94 65 60 60 20 8 93 -77 -17 63 73 10 -84 -91 -66 5 18 -69 12 -57 81 52 81 -3 -9 89 77 8 -86 -94 38 67 -26 6 -75 4 -44 -83 -22 -13 -44 73 -69 -56 -43 -27 -71 -77 -34 70 23 26 -60 -12 -8 11 63 87 16 -74 -78 52 -74 -41 -10 32 -97 -85 -63 13 -38 -72 -72 37 24 -17 15 17 -73 -24 -57 -28 33 -52 -100 25 -95 47 -81 -49 -80 9 -88 12 8 15 -78 -90 37 -37 -32 
37 -63 97 96 -69 59 -72 -55 70 13 -50 27 13 46 -71 69 -69 37 38 31 -12 -30 -71 21 -75 91 81 -48 -44 -57 82 84 99 8 86 -29 -46 -24 92 20 -3 11 -41 3 9 76 -47 77 47 88 -57 -4 -30 -50 2 -11 -20 94 -39 88 76 57 26 -38 -91 76 100 19 -43 -88 -83 -57 -55 40 -66 41 34 -86 31 24 -37 -50 4 63 54 -6 51 26 97 -95 -14 -73 27 -92 61 -57 -96 -57 -94 33 -99 98 0 -1 -14 100 56 -17 -72 -86 56 86 
-92 -62 95 91 -20 -92 29 -87 -6 92 11 -33 -80 -22 -13 -96 53 -95 -8 -25 -39 -51 52 -61 -15 -68 90 -66 -96 41 78 -44 16 11 -18 -51 37 -79 43 27 -29 38 -4 -53 89 -11 61 -3 41 88 86 -99 -52 43 -99 16 -76 27 62 17 -70 40 -98 -55 -97 74 85 1 -93 8 79 38 -23 -13 -67 -10 48 -69 -58 -59 100 87 -100 -51 -6 87 54 97 56 28 -56 -87 -25 -12 -35 14 81 -76 -62 72 31 -62 53 -7 98 -33 -59 42 27 67 88 -23 
-95 9 90 58 -5 67 26 -75 0 52 -34 37 -17 -2 85 15 -31 23 -37 -37 -52 62 -7 29 73 -84 -40 43 -62 -90 29 -70 68 0 72 62 -89 -2 96 78 -26 9 -4 84 45 4 -19 -81 5 62 85 -8 7 99 1 45 48 84 68 6 68 -41 -14 -20 5 83 -34 6 -8 51 -79 -60 21 21 54 -82 -40 -41 -65 -50 44 -49 -94 30 8 -71 -49 -22 86 96 -59 -30 5 87 -73 -59 -60 -69 -6 87 -11 74 -19 100 69 3 76 35 -55 61 8 -97 
-95 64 -9 12 8 44 -89 -16 23 -59 99 21 40 81 3 51 -53 -95 57 20 9 99 85 -47 35 92 -22 -47 -75 -65 -4 73 -75 -58 -62 53 -90 -76 7 13 89 -36 -29 28 8 7 -17 -82 62 21 -38 78 53 -59 40 -71 67 -16 -83 -57 85 -93 -99 13 85 57 -82 -66 -36 97 5 -4 60 89 -34 98 46 10 -36 77 90 27 83 -46 -71 34 -37 76 -28 73 93 -21 37 70 91 58 55 -8 12 -12 8 -25 92 -21 -13 90 -32 55 -58 -10 34 2 
-60 26 -81 -44 26 -50 82 -91 -61 -57 -99 -23 -39 93 15 -77 -31 24 51 -96 61 -45 -85 10 -47 51 -95 24 55 -78 4 -16 48 94 -65 -36 -55 67 72 -61 98 72 -10 -36 -90 34 16 24 -45 22 -43 -51 -35 -36 81 28 50 -23 29 3 23 94 99 15 69 95 -46 19 39 -84 -37 -61 -41 74 2 22 29 88 49 15 -48 0 52 93 76 8 55 14 44 76 51 79 46 38 65 -82 -75 53 -73 -62 -75 -25 -40 8 -30 -87 18 -82 47 -64 90 -53 
-17 -6 -61 43 -52 19 21 74 -46 -45 85 -14 98 -12 -16 -87 -41 -96 -38 48 94 89 -25 66 71 -89 53 -84 -16 84 -43 62 -41 -75 -22 -95 77 9 -50 47 -30 -6 -43 11 73 -75 61 62 50 -80 -32 -2 -62 -9 52 -100 76 10 -62 -41 -24 -50 -81 -23 48 -50 -25 -5 -71 17 69 -48 -64 67 -29 35 8 47 -45 45 -70 6 20 -59 46 10 79 -8 21 43 -33 -2 -37 44 -83 84 -34 2 -43 57 -18 -86 91 94 -28 45 79 75 88 -24 -50 -17 
73 -37 87 53 -8 -94 48 33 -87 -47 -34 -13 4 95 -76 -29 -12 55 74 58 -47 -45 -3 11 -90 -35 -33 -86 -25 -52 -41 -25 69 -61 22 3 5 61 65 -5 60 -74 34 -82 47 19 -86 -39 -17 83 -25 -61 34 -69 -66 -57 21 58 -96 -70 -72 34 17 40 32 -12 -73 -25 86 38 -64 68 46 -38 10 -71 81 -13 -25 -61 61 -49 -75 19 17 30 57 37 50 93 90 -91 91 -62 67 22 -4 58 26 94 38 51 -78 -40 -58 -29 10 57 86 -19 30 15 
-99 -52 -20 -74 -21 84 84 -90 50 100 -80 -89 -84 40 22 98 27 -48 56 82 68 -48 15 -79 -36 0 82 -4 75 -49 97 -46 -4 39 -87 -24 -93 83 -44 70 75 47 58 20 -27 57 -18 54 48 63 22 45 -15 -22 70 -80 3 85 -62 18 79 -88 59 87 58 71 47 25 75 83 -38 -26 -93 89 -33 98 -30 44 -34 8 -93 -74 76 29 71 -89 -70 -3 15 -58 -90 -7 -83 91 -21 72 13 50 -66 24 -88 7 -99 -38 63 -19 -94 66 83 -73 7 -97 
-27 -98 -3 44 51 -46 -3 -82 37 -73 -79 69 76 59 -79 2 -1 -81 52 93 -60 -34 -79 -80 18 13 26 -98 -71 -80 8 -49 -31 -74 -94 -24 91 72 81 -34 -7 77 32 3 -47 75 -93 12 -53 -49 -19 2 -20 -89 -1 62 -86 53 81 57 8 -89 -34 89 -16 35 -22 -37 -11 -13 -80 70 -55 -69 -40 55 -20 -49 -52 -75 73 45 64 -31 -65 -50 -60 -97 0 -84 -47 78 89 53 -98 43 -77 9 32 53 -57 53 21 -26 84 91 -26 -72 52 88 -52 56 
-58 -54 -12 10 52 -44 -79 -2 79 43 -22 26 52 -36 -43 -49 32 -100 -72 -28 67 -76 -95 1 -6 36 -47 23 26 31 -71 -7 -83 -36 99 19 -57 -12 2 -31 57 -52 38 27 -1 30 0 49 16 -28 -3 43 26 -41 -6 -2 86 -55 73 44 -59 91 -52 2 52 -96 -59 -68 2 -54 -18 -58 -50 -17 -43 -26 -56 -30 -53 -47 -70 64 9 -4 -20 -84 -7 86 -66 27 61 5 5 95 -85 -2 30 14 79 -12 -31 -52 77 89 -24 20 67 -25 34 51 2 18 
67 -22 35 84 93 31 63 76 86 -6 32 -39 -58 92 -45 91 57 -65 45 -31 94 -15 -18 63 -78 97 -35 -71 -97 25 -6 40 -95 -98 4 -54 -11 90 44 7 32 -51 81 -34 -32 47 89 98 83 17 64 -77 50 50 68 3 38 -19 3 -35 55 100 -58 -78 21 -71 -61 -29 94 36 64 -9 43 25 12 -87 -77 84 87 -18 90 -9 61 -58 -57 -56 5 16 54 54 17 60 21 -8 -26 -40 100 28 53 11 -41 -78 -52 76 69 22 -68 14 -19 -33 -50 68 
-94 57 90 -100 -24 11 -29 -62 86 2 78 -44 -46 20 64 -38 61 -37 -90 86 -74 42 19 26 -2 8 -29 92 -34 -9 -78 -43 -18 75 -52 57 -49 -6 90 -74 49 36 -4 -34 -48 -37 25 -93 -60 -43 6 56 -28 -46 -60 -90 -5 21 -86 -76 -53 -58 -89 -58 -7 70 67 -82 -70 -34 -53 22 -31 -80 -60 84 -96 -29 24 36 -71 -92 -40 -29 96 45 -95 -30 -69 -87 -77 -98 93 -67 56 72 -39 -45 -24 18 -60 48 52 -53 -50 -33 63 -84 -25 -13 49 18 
23 -3 79 41 40 83 -73 -70 3 24 -90 -73 -60 55 -51 44 -1 -4 52 54 29 36 -95 -78 89 -45 -19 -11 15 -24 -50 67 -29 51 81 34 -55 4 1 -50 -59 -22 -46 33 51 -5 56 -74 19 58 42 -19 65 21 -22 72 -56 -97 -73 61 53 -94 -69 75 -50 -5 -18 -53 -56 44 -61 16 -42 -33 -82 99 52 -12 -68 -63 -30 -7 67 -17 90 68 -53 93 -94 26 -98 60 -87 46 16 46 -73 14 -31 -48 90 -51 -75 -83 85 6 59 79 76 -85 -5 -96 
-11 57 55 -63 21 42 -23 15 -26 86 -15 96 -80 -40 -34 93 46 100 4 -34 -26 41 -19 -26 96 18 38 77 -55 -3 -3 95 -24 16 96 58 48 -67 -22 30 70 37 -35 76 76 14 25 -60 55 54 79 46 -79 -3 -42 -58 27 7 -72 39 45 33 89 -38 89 -66 -17 -14 81 90 -3 -49 24 8 -87 51 -27 -3 -96 44 -85 86 10 -46 -63 -4 99 70 78 -2 -30 85 86 -18 47 23 -42 -46 -70 -97 -55 -57 -18 1 48 29 -11 25 -69 -22 -41 6 
-56 -38 18 -41 19 -74 61 -17 7 -32 15 17 64 -3 -60 41 -79 0 12 53 -20 -13 -52 23 -39 -54 29 32 -77 2 -99 14 84 -7 56 -5 -72 56 66 -77 64 90 32 -88 -36 87 -43 1 84 85 39 71 -23 -82 99 -77 -72 -66 -79 -19 20 -91 -58 72 63 85 69 12 26 19 15 -40 14 -25 94 -10 100 -6 16 35 40 28 -40 -70 26 -46 -49 47 -62 -3 -35 76 -79 88 38 59 85 -81 58 -69 61 -38 72 13 45 81 28 18 0 48 -53 -66 
-24 38 -59 -46 2 -69 75 -86 86 -96 -37 -60 19 21 -44 79 2 -49 -82 2 -14 -38 70 -8 25 3 48 87 37 29 60 75 81 49 -79 77 -41 28 -19 -45 -39 85 53 -26 -69 -8 48 -19 -30 -63 34 -100 13 92 81 -53 -65 94 -56 -66 -3 14 13 -83 41 -28 100 -23 -85 5 73 51 -9 91 13 21 79 53 86 -65 -60 73 -49 83 99 17 9 -55 57 65 63 28 -59 -23 89 75 -3 -91 52 75 87 43 41 75 -79 -75 -32 -46 28 -6 62 -85 
78 68 -50 39 -19 -4 -1 95 -67 -90 -7 -4 15 27 67 -41 71 -83 -31 30 -19 24 -62 -11 -89 -8 -85 -19 -28 19 58 -62 -81 -13 54 42 30 46 -31 -49 34 -76 84 82 -11 -6 43 -11 -33 -54 -17 11 -79 76 83 -63 -68 -95 45 21 -53 -62 -40 75 -39 64 -19 -52 -45 17 6 77 94 73 28 -76 -96 60 54 77 -53 24 -38 77 87 9 92 1 -99 -81 35 -10 9 -93 -42 49 -19 -64 33 0 35 -3 84 -77 -41 -25 30 -70 2 86 -2 -68 
11 -85 -58 -91 86 3 -49 -7 -58 -76 -57 -31 -39 29 38 66 88 63 85 -28 45 -96 48 -76 5 -66 -28 71 100 27 64 -7 -82 27 -72 77 45 55 66 22 17 -37 25 21 3 8 2 85 66 95 -4 71 4 68 -24 5 -43 -26 -66 51 -45 0 43 65 -87 -11 -16 33 -22 -86 -64 -10 -57 -50 -11 49 5 74 -11 10 88 -56 39 85 29 51 44 -47 -11 82 -98 -69 -68 -7 67 -99 30 27 90 -90 21 -68 -77 10 85 -20 80 49 -82 -58 70 80 
-25 -95 91 -71 5 -41 26 63 24 47 30 4 -59 -30 -32 86 -84 -33 89 -57 -98 49 -61 14 9 -21 -86 1 -83 -95 93 -21 -21 -92 41 46 59 90 -98 -15 9 -83 49 22 -53 64 -39 97 25 -23 97 28 71 47 22 -83 -58 -8 -73 -35 -89 -92 -45 -5 3 -56 -85 -53 53 -37 93 1 43 -54 13 90 43 -23 -86 91 -24 94 15 -74 64 -13 96 41 29 -80 26 -100 -1 -47 -27 -3 100 -89 17 15 30 54 -46 100 -66 53 62 -96 -11 16 -74 8 
99 35 90 50 -68 67 -99 -25 -14 -6 -96 -97 -6 -61 -22 -45 -86 84 -68 41 82 -54 54 36 7 31 7 -89 28 75 -58 -4 -75 -56 30 31 61 -44 -27 6 19 -12 69 62 -67 82 -89 47 95 61 -52 -73 -87 -4 -53 37 -68 17 -64 -3 50 -39 -8 57 77 29 -73 -13 -13 59 30 90 -20 -72 -74 -72 63 -80 -99 87 -50 73 -51 -74 -64 -93 -50 37 15 -47 -53 61 100 -29 -99 -83 50 20 -18 -35 15 50 -32 -72 -64 98 69 13 -90 -4 -22 49 
-72 31 7 -12 52 26 99 68 -45 21 -54 -27 -77 57 27 -33 -57 -67 -23 24 -13 -13 12 -96 32 69 87 -62 -71 28 76 72 40 -71 63 96 19 41 -95 -78 16 59 75 -47 62 -16 -76 -31 85 -96 56 -91 -58 -94 73 56 -91 42 24 75 -74 53 75 -57 52 -13 1 -31 -38 -47 -86 -25 55 99 51 -8 31 91 -21 -57 -56 63 -37 -43 -63 -72 -38 20 77 -84 -94 -75 -80 -83 79 71 26 49 12 46 57 63 -57 -74 27 -51 43 87 -54 -59 26 69 
61 89 -77 94 48 -43 -44 -36 82 -39 68 -46 -18 -65 -16 90 31 21 94 -20 -88 53 -26 -100 -53 41 52 -20 -1 -32 82 -90 91 -35 -63 -93 -9 44 85 -20 -72 -36 99 4 95 -63 30 48 -52 69 48 78 77 -44 31 -79 62 11 84 -45 4 -34 16 62 76 -50 69 79 -74 -69 -51 25 -89 91 40 -43 -92 -4 95 -20 -54 -52 69 -8 -54 26 17 44 -1 60 -78 -18 64 -29 80 -35 -16 49 -51 -72 66 19 77 -82 -15 -36 1 -53 63 -56 -32 -36 
-49 99 63 5 -10 71 -77 -95 -86 49 46 29 -47 53 -22 -51 19 -96 -80 -38 82 -31 -99 86 -3 10 -27 2 44 -42 -76 60 -58 -28 -78 78 82 -52 -96 39 72 -43 -6 -33 -80 -78 55 -61 -100 98 93 49 -91 -38 81 16 11 -83 14 -8 73 41 -75 85 -62 17 -20 -25 49 -13 -71 -95 -84 91 -69 47 -49 -30 -43 88 -86 -96 98 -14 -97 10 -8 -93 -2 -87 -65 7 -76 74 13 -84 4 57 -90 -84 70 -46 88 85 -19 52 -43 8 54 -35 -25 29 
38 68 1 56 41 67 60 78 14 -85 55 -3 66 63 87 44 -46 -29 66 -99 -96 -51 34 38 -6 -52 10 -31 65 -27 58 47 74 -77 65 -38 -35 34 -87 -31 -65 -15 -2 -69 44 -45 -73 -23 81 67 10 57 59 3 84 -69 -38 -73 -75 57 -37 5 1 -70 22 -10 66 -44 -56 -65 -19 12 100 -92 -26 24 30 48 -6 -25 17 52 90 -37 -63 0 -13 -18 -47 93 -69 -53 14 -80 14 79 7 27 -40 -93 -85 -85 58 36 90 41 49 -67 -83 -84 -22 -31 
-16 59 94 97 -18 50 23 -50 -89 92 56 -45 65 -34 6 97 85 82 63 -5 -19 -31 12 -17 80 -31 35 73 30 95 -77 -96 71 -87 -93 -90 93 89 3 -77 -36 45 11 -4 -76 69 -41 -51 -40 -75 70 -50 -94 -5 -81 33 22 -15 -15 93 70 -34 -48 -57 44 51 -88 -29 -54 28 -45 -61 72 41 -5 -17 -54 -91 59 47 -9 -26 92 -19 13 18 -72 -84 97 84 -97 -68 42 -97 16 -42 -53 30 8 89 33 33 -81 -53 62 -77 73 -55 41 62 19 89 
46 34 -69 -68 -83 7 12 42 -47 -78 -45 39 -34 79 -54 12 -24 -57 -99 55 96 97 -84 -87 100 94 72 -60 92 6 66 96 44 53 78 35 84 40 -62 -78 9 49 -50 -52 53 17 79 73 -57 -63 -89 71 48 47 79 58 -39 59 -93 -66 5 -51 61 -5 5 36 87 -59 -52 -24 -6 -51 -97 41 71 -2 -71 -82 -20 -1 -34 -95 -66 -20 -23 -51 -40 95 28 -13 -84 76 -89 35 -16 93 36 61 85 95 -78 -22 65 -20 92 27 -79 93 -26 -70 -3 81 
3 60 89 -48 -14 86 58 -2 -64 20 -63 85 48 54 -42 -95 -34 -78 5 -56 -81 -75 15 14 53 0 -71 -49 2 -21 60 44 -43 24 -98 -39 73 -12 -49 20 -97 32 -69 -10 -8 -63 36 74 77 64 -54 -69 49 47 -10 -14 92 -26 -89 -42 -90 -40 54 -47 75 90 -5 14 -62 93 22 90 6 51 -95 79 -15 12 17 83 27 89 -84 86 -8 37 -93 48 -100 -15 -4 52 26 83 54 -14 65 -86 48 -15 -56 4 73 -40 -19 -70 31 94 -100 -19 43 74 
75 -27 -100 -20 -53 84 18 15 10 24 -42 7 5 -74 -83 53 18 73 -89 -60 40 21 -13 -15 -13 73 -39 -53 -8 -31 14 -44 -5 39 -93 53 99 91 -37 -97 54 -25 -94 10 41 -3 93 41 -62 -53 13 67 42 28 40 -50 31 -88 94 -72 58 92 25 7 -65 -61 -6 88 6 9 -54 35 -21 33 -55 32 -70 0 -60 -100 80 -25 46 -48 35 -97 -8 28 -42 -4 -75 78 -78 40 46 82 37 -92 77 51 79 6 -95 -72 -89 71 23 36 34 -40 15 55 
-54 85 54 61 -28 -65 -12 86 -40 -24 20 -94 76 93 52 -48 21 -44 100 59 59 54 -4 3 -83 -8 -83 -64 -45 8 -85 -94 -14 -10 4 -93 -100 -46 89 77 38 96 52 -70 2 85 99 63 -100 48 11 -67 -62 -3 -72 -68 -76 33 -95 47 -90 -32 -61 13 69 24 -41 90 -19 -76 10 -25 93 -55 -35 55 97 -38 -36 9 -32 -83 -63 -14 -54 45 -38 -99 37 -2 -90 72 -83 -95 7 14 37 -24 22 -45 -13 10 -61 47 19 1 -36 -84 -69 -58 -83 -65 
-61 18 -38 -92 -89 91 5 64 10 92 -52 -11 25 -70 93 -33 54 -82 44 -64 -2 -59 -36 15 70 92 -31 -72 -44 -98 60 -42 31 -96 -34 -77 -7 54 22 -45 69 40 -8 -15 61 58 77 -49 -29 -5 -97 -39 68 4 -22 60 -23 45 -52 -62 -51 81 -51 -93 52 -99 0 50 -6 -43 46 -98 34 -43 -20 -83 -78 -71 -100 -33 37 -8 93 -7 44 -66 -56 66 -48 -88 -35 -69 54 -89 -64 90 -82 17 39 -71 90 -37 -48 49 -53 -2 12 89 -16 34 -59 -47 
-61 71 -22 89 53 39 -10 52 -21 -74 59 98 -89 56 93 73 -13 70 -87 -35 84 7 -69 -38 -49 5 -81 44 -4 -52 -56 -39 -29 84 -28 31 47 -39 -42 -53 45 29 86 52 87 32 -54 94 -40 -20 65 75 -12 -13 -29 -35 62 -52 -75 -20 3 -83 26 36 -55 -96 20 -56 13 82 43 -46 -38 -11 90 -92 -21 35 62 -69 60 -83 -65 44 -20 -4 51 -46 59 -43 -54 -63 4 -38 26 9 -77 90 -95 -27 82 10 -77 -52 -73 -60 -9 12 43 -46 73 -40 
-75 8 33 11 -82 12 80 -20 -89 -10 -87 87 76 -76 90 -5 95 -95 73 92 -31 62 40 -73 -28 -45 52 27 24 35 13 16 -72 59 -25 -5 56 90 -45 -80 -82 -1 -58 55 98 -64 96 -97 -74 -68 -91 37 7 -18 -32 -9 -50 44 -93 -73 16 33 -45 94 -91 -19 -41 100 4 95 70 -79 37 81 -72 -42 36 -15 -38 -97 -46 -14 0 67 -53 92 -19 15 67 -19 -26 96 38 -83 -66 -2 86 88 66 18 -65 -1 73 -29 80 33 35 62 20 -58 100 -44 
0 -75 -8 -13 -24 93 -92 -35 -7 18 -23 28 70 15 90 -59 79 36 82 7 -48 24 99 -6 -1 30 100 92 95 -57 -59 89 -19 64 -68 -86 85 -60 89 -99 28 16 4 44 66 -100 42 86 12 -55 -34 -29 -17 -26 -14 37 79 65 4 36 56 -17 -23 -1 -65 -79 -86 -1 -44 -74 19 -78 35 -86 -28 48 75 -67 -67 -70 32 -35 78 -92 50 47 72 -89 -19 -89 -6 46 55 9 -47 51 58 33 93 37 10 -74 43 94 -13 79 -21 -94 92 -16 2 1 
42 7 -58 14 11 58 72 -11 -63 45 12 19 3 -18 -68 92 -67 -52 65 39 10 10 36 -19 34 69 66 -82 -93 62 26 23 69 37 -9 -94 -27 -95 -11 -54 -51 -12 -3 -63 -20 -18 -77 16 94 89 70 98 -18 -31 84 -48 70 49 59 54 -4 -67 50 -91 -62 -74 89 -98 -10 -46 -44 64 -66 68 31 40 -49 36 63 -1 -36 34 96 -99 91 99 5 96 -71 -35 27 83 54 83 23 -74 80 67 72 -87 13 89 5 84 26 93 -45 91 85 -16 -32 33 
37 29 64 -2 87 56 69 47 90 -37 69 81 15 77 31 -82 -60 93 85 1 -14 62 -23 56 31 42 94 -6 27 76 49 25 36 -82 69 63 49 -31 -96 -62 -7 -78 -36 66 81 -39 -65 -28 -63 62 78 -57 -46 92 0 -98 -25 77 30 49 33 -49 -14 -53 -51 -50 -58 -93 -95 -29 5 -86 -30 31 -94 -87 69 19 54 33 -91 -46 -55 -89 47 -85 64 -30 -32 -35 3 -58 -54 48 -88 -40 73 50 74 -3 -50 33 -24 47 -49 84 -5 60 74 -53 97 -44 
-91 -30 -14 16 -68 -59 11 1 3 -78 8 -49 48 -4 -78 -24 46 -28 -93 -40 37 32 -22 -62 -85 -91 -87 -25 5 -88 -99 25 99 51 -5 -97 -45 46 -24 88 20 21 5 -87 37 -4 28 -3 15 77 -56 3 13 55 -36 -78 73 79 -85 -75 -69 69 23 -11 -71 96 78 29 85 85 -15 100 -36 64 -11 -79 -10 75 92 2 -61 -84 -78 -84 89 -55 -93 -64 52 92 -50 -37 0 45 -41 22 -70 58 -49 21 -53 92 59 -55 -45 27 -29 -73 12 72 58 49 
-32 -36 -51 43 96 -63 27 6 7 -60 41 48 -80 -43 -100 -91 31 -23 -82 85 78 -62 81 -100 -58 70 69 -30 -7 19 -38 -70 61 -3 -39 -19 75 -26 -94 -95 -70 8 0 45 20 -66 -47 -55 87 49 20 -12 44 -14 55 -24 -73 -45 50 24 22 39 -11 -59 79 16 40 -52 -92 21 -47 60 94 37 -93 12 3 73 -68 -86 -55 77 -84 -64 -56 -50 -57 54 -21 -54 -54 56 59 35 56 53 -23 28 -95 -62 81 62 -43 -60 -13 38 17 7 1 46 -52 -25 
-87 62 51 -64 -64 50 86 61 57 59 -81 12 -48 -44 43 3 -41 10 12 32 32 89 91 -97 -64 66 81 -12 -85 99 -58 -6 -39 -70 85 93 -23 -74 42 52 27 41 40 64 24 -94 -43 -19 84 90 21 100 -10 24 -2 -43 75 -65 100 -73 -7 56 19 -34 33 37 -86 43 46 -55 37 97 -59 12 70 -24 96 -33 36 38 36 0 -20 66 -1 40 92 83 35 60 -13 -72 66 95 -57 39 -7 67 18 84 -12 16 -90 -84 -92 -80 16 -58 -68 70 -14 -13 
-99 11 29 59 -79 -97 -77 81 100 -81 72 50 -46 -4 -83 -68 77 -91 28 -23 -66 46 -32 -27 73 -82 -72 -9 -19 44 64 -13 54 -24 -40 24 -60 -24 70 -24 26 -90 -52 -71 94 -38 76 -1 23 -20 -67 97 87 -39 7 -85 91 -98 -74 54 -78 -58 37 57 42 -40 -45 -82 81 -16 94 -8 21 73 77 -73 72 100 68 92 -28 -32 -42 64 -61 -84 72 -34 -36 72 13 10 -32 -42 92 24 -55 -64 -75 31 88 96 -34 86 45 45 81 3 -10 29 -1 -38 
