29 -78 19 -42 -24 10 -36 -2 -63 43 -14 -35 -91 -83 14 -96 -15 30 -65 40 99 76 33 30 -42 -17 74 -1 -32 52 -33 46 70 -57 49 -62 -59 -63 77 33 -67 -17 -27 -69 36 80 26 -49 14 -76 91 -54 -81 -19 -96 8 -1 -84 -47 -94 61 69 6 5 87 27 -79 -95 -77 99 81 -54 -81 -47 13 62 -49 -83 55 84 26 -22 34 71 85 -45 -50 65 -93 -14 -55 68 39 -99 
33 4 66 -63 -22 22 55 -26 -68 -25 19 -98 -57 89 -6 -44 -73 -39 66 65 -48 -24 51 37 72 46 12 -22 37 -83 -45 32 -81 -63 -73 -54 -40 48 -66 -91 -86 17 -75 -43 69 -3 -2 24 -35 22 -23 -92 -43 -4 -2 97 -60 98 24 -47 -19 -25 -74 35 39 -36 57 -29 29 -67 43 -56 88 34 -19 72 41 58 63 -42 14 16 50 -19 34 -50 59 -83 71 50 86 63 93 90 
79 -9 -87 0 39 44 -90 19 58 6 -34 -29 32 -32 -50 -77 43 25 82 -37 -30 -8 59 89 100 100 -16 -29 -36 -35 51 -1 18 -35 -24 93 -29 -32 -71 74 -64 25 -38 -90 -12 -20 32 80 -55 -79 64 4 81 85 -18 22 -16 -55 -98 -17 -83 -44 97 9 -73 41 -61 0 -71 19 59 -17 36 -97 46 -11 -24 -71 67 42 -8 93 -67 -83 33 82 -23 -64 -13 73 -26 -11 58 -99 
-73 90 88 73 -8 7 63 35 16 36 63 26 -72 -95 -58 15 67 -38 -6 -19 -74 32 99 35 -98 -54 -50 -33 84 -43 -67 -19 -64 26 -32 -56 -56 -7 87 38 16 -94 53 58 -81 89 48 82 97 84 -16 42 -73 -41 35 -77 -54 22 30 50 -60 -65 7 91 12 -45 53 -57 -3 -20 -44 -94 75 35 -22 -9 94 1 14 46 77 7 16 -62 -47 70 -5 7 10 -83 36 40 0 -95 
-90 -50 -32 -7 77 -63 -87 43 95 -73 -22 -99 -56 -72 37 10 -40 5 26 100 73 -45 -2 -64 -49 -72 -60 -87 -29 83 -75 17 -13 22 -65 -47 98 -26 -28 -55 43 -7 -61 -48 -95 -87 -99 -6 -61 9 33 -38 85 -61 -83 73 -43 -80 97 15 55 73 -33 77 -35 86 93 60 39 -19 12 -12 -81 84 20 21 73 0 100 60 73 8 78 58 18 64 72 91 -70 -90 -86 66 44 89 
-61 54 -32 21 4 -55 5 -67 -94 -20 47 -5 54 42 -58 -88 92 -100 76 -37 -85 -25 11 65 -35 54 -32 -17 60 64 100 -21 -89 42 2 52 93 42 71 -20 -54 25 98 96 27 23 63 11 65 67 -17 -59 22 -85 -59 1 -11 94 32 -66 20 -8 43 -41 -93 -5 41 -62 24 -86 52 -65 82 -15 -53 -17 2 51 25 -25 -80 -32 -28 58 48 15 -17 -62 17 -23 -27 42 96 -94 
52 51 -96 -40 23 95 80 87 41 -81 -15 -51 -52 -77 61 1 44 -44 39 -48 27 70 -66 -62 47 7 46 -10 21 -77 -28 87 -35 42 98 -60 -90 -55 -19 98 -28 80 76 38 -33 -67 91 48 57 4 52 -46 56 -43 92 57 64 38 41 60 -90 -44 100 38 53 85 -84 -96 -99 5 59 -86 63 54 -3 -40 87 96 -22 15 -84 -57 2 -32 96 -46 -21 -3 48 57 -64 -92 -21 -61 
-10 69 12 -83 -50 25 -97 53 -22 73 -76 5 79 5 75 28 -96 73 -97 39 2 -40 74 -70 -42 78 -46 78 28 38 50 -79 36 4 -71 -76 -68 -40 69 31 -50 -84 -1 68 40 85 12 -32 5 94 75 -90 84 -67 -95 2 -6 13 -35 -10 -25 87 -22 -38 40 36 3 59 -77 19 32 -19 -1 -29 26 -2 -78 -85 45 24 17 88 94 -22 50 -61 -99 -40 26 -40 -80 -51 -7 -9 
46 -36 -36 -93 -4 69 21 73 -36 62 -25 66 -77 95 -24 51 94 92 43 -50 38 14 -43 -54 49 24 44 27 -72 -38 -38 99 -90 -58 97 -20 47 34 51 -12 -24 50 -83 40 -99 -79 69 99 -17 28 -86 -2 38 22 13 3 66 -46 -24 -28 23 75 -29 -11 56 100 -20 -14 57 -60 85 -32 94 73 -42 -8 49 49 -5 -11 -17 49 64 -93 52 -77 44 -45 -17 -46 38 -26 45 5 
77 -95 -58 10 16 66 36 -64 -40 63 76 78 85 22 90 -98 64 -66 18 82 -11 90 7 -77 -18 -96 -22 73 -62 40 -27 24 48 -63 -35 44 -28 -58 -71 63 -48 32 6 -21 87 15 20 20 40 82 84 -56 -11 -70 46 80 -24 -14 -45 92 52 -25 -17 -55 77 15 15 50 21 -29 -54 19 60 31 -17 95 -34 -96 16 82 -47 -38 45 71 -65 -89 -27 4 68 -79 -76 73 -53 -48 
46 -56 29 -51 -68 44 -66 43 74 6 -4 -50 -73 -43 -67 -2 -35 -19 65 -67 -22 19 -86 85 10 67 -66 -6 72 39 74 88 -88 97 6 49 -73 86 50 -57 -4 45 32 -71 86 18 54 -83 76 -20 59 62 -55 31 13 -57 -87 -19 63 -40 30 58 67 -37 45 98 43 -83 39 75 -52 29 41 90 7 15 10 -26 96 55 8 -46 -66 5 24 64 -40 93 -21 45 83 -83 -7 -84 
-49 17 64 -51 75 83 61 31 -89 10 -70 -52 -63 7 30 -11 27 -48 80 -30 72 -67 -93 -20 77 -41 -72 -92 69 19 -22 96 -30 -85 -98 22 91 -42 -46 91 -78 -63 23 55 -64 41 95 33 -54 -22 -2 50 -98 51 -38 7 74 -88 27 -2 75 46 -19 34 -43 1 89 89 -55 87 31 -55 -38 62 0 -43 -61 1 -33 -79 36 96 15 70 3 2 -86 -95 -41 12 -79 -26 -27 15 
-11 45 -12 23 68 -10 -31 -37 -31 91 45 -14 -66 -58 -7 -59 -17 -24 88 -29 -97 -47 92 81 -16 8 -51 76 81 -62 24 56 17 73 20 93 -48 11 -19 -10 -100 15 -59 -56 -80 85 -13 -83 9 69 46 20 15 -63 50 79 -2 66 -74 24 89 74 -44 -81 -29 48 17 -33 76 44 -1 -85 -68 -47 53 23 -69 -66 -88 27 24 -94 34 -51 -95 38 94 -24 -89 -35 13 -14 -55 35 
-21 -96 26 -65 9 -37 -85 -38 -92 -52 92 -68 66 8 -70 23 7 -71 42 94 90 -13 -58 -11 -76 -67 98 -46 88 -55 74 -71 -51 -35 77 83 38 53 18 33 -29 14 4 -26 9 30 16 11 -72 54 -38 -79 -58 -98 74 82 -24 -81 -5 38 15 -14 -69 89 -81 38 -34 -46 -11 -28 47 35 -6 -21 -67 -53 -59 -24 -29 -43 -37 93 -90 -92 -12 17 38 -27 -58 -15 -65 -22 71 -23 
83 84 3 53 22 26 54 84 -68 20 -3 -81 -26 23 42 4 92 72 64 -58 -47 -50 66 14 34 50 -46 89 66 -76 -66 76 -37 35 -43 -91 82 -40 86 -63 -9 -72 30 59 -54 29 -16 25 23 94 -75 -35 8 26 -22 -80 77 -92 29 100 -42 42 -36 -4 18 -46 33 -15 70 38 -18 -11 -100 97 37 52 89 -40 -97 -66 78 11 33 8 29 15 -39 54 -84 -59 78 -36 59 -35 
53 59 80 -1 -96 14 -34 74 -40 76 45 -78 33 31 -89 87 58 19 -95 -10 5 -8 -20 70 -94 88 92 87 -19 50 83 -94 -87 55 65 95 -93 -52 -73 -56 -37 78 -91 14 20 -93 42 17 31 -97 98 11 -47 -49 92 -51 68 24 2 91 -27 -4 -9 -7 -65 36 -36 19 5 -68 -7 45 2 -41 54 59 -90 80 87 9 -79 24 45 57 -54 4 -4 -98 35 45 -94 81 47 46 
-88 48 -65 -18 49 -80 -84 -33 53 49 35 -62 29 -31 -53 -60 -21 89 -20 -54 23 53 -74 -36 -93 25 -14 18 43 -5 59 -65 6 58 71 24 76 -72 24 -63 -53 66 29 -73 -81 -55 82 9 -5 -90 34 -38 45 -79 89 -18 75 -43 -93 24 -70 79 17 -34 -90 85 96 60 -99 -45 -61 69 -26 -9 61 -36 44 17 -59 -4 11 35 -40 23 28 -21 -82 93 -78 54 -62 98 86 39 
11 -23 -17 -92 34 -75 100 51 3 14 -67 47 -49 -90 -86 -92 -85 -54 -80 41 86 52 -20 52 31 -76 79 97 -66 88 -30 65 -75 -40 -14 19 94 50 38 30 -15 -42 -74 -72 -69 37 -41 79 -31 70 -55 54 97 53 11 -22 -78 73 -70 35 -32 -72 -38 96 -100 -82 53 38 51 71 55 -87 79 47 40 91 2 77 64 -26 -68 -5 65 -37 74 89 95 -61 72 86 -30 -85 -71 -71 
100 -27 69 14 100 -13 17 38 -49 95 88 -96 43 -73 69 21 58 -24 20 67 76 6 -13 -90 -75 23 62 -86 15 -68 74 -71 -54 28 -9 21 -71 41 85 -33 -78 11 -41 7 -38 -1 -77 -74 -12 -4 17 -91 -25 -65 -43 5 -87 -46 -6 25 -24 -25 69 -30 42 -98 -23 65 -81 24 2 91 15 -51 -34 99 -32 -38 49 20 -25 -29 -98 86 -17 8 38 -60 77 30 74 15 44 49 
-12 -68 -38 12 96 51 7 -64 26 10 -79 98 21 -85 45 28 20 -39 61 -94 -62 -72 24 61 -88 -66 24 -48 -14 -87 22 34 -94 -15 -81 -61 15 49 54 -64 -42 -71 -1 86 -48 8 -80 -13 34 53 -11 -81 45 6 7 -59 -97 22 81 26 -53 17 -18 24 -67 58 -31 -83 49 -37 64 95 53 -89 19 76 8 12 -19 -90 -75 -40 76 -22 92 -29 -40 49 -92 -10 60 1 49 -37 
17 -100 -42 25 60 -2 -27 -4 -21 100 -39 55 51 -66 -80 -37 -64 11 -80 -70 -33 -12 -78 90 68 -36 39 63 77 -21 -80 94 -36 89 28 -49 44 -96 94 -36 -20 -59 99 38 29 59 -99 -67 30 90 26 -82 27 91 49 -3 -88 -11 -60 -43 53 17 37 -95 -81 -54 91 64 19 71 42 -57 53 50 -52 -4 -63 -67 42 -13 -46 36 99 -42 -23 85 80 98 -88 -9 66 88 17 -59 
48 -11 -68 -65 15 29 92 -25 24 -24 -27 -93 33 57 94 42 -100 -85 93 -85 5 51 53 75 66 -74 71 36 26 -58 -52 64 0 -3 94 -70 -21 -97 -86 -58 -12 7 -37 -43 -17 -87 -55 -45 -59 -99 81 -86 -85 -62 16 -56 -71 -33 16 91 1 4 -41 -46 78 70 -65 -51 -8 95 3 -49 -51 -30 -9 4 -91 -47 -37 83 12 97 98 -91 88 -48 90 1 62 -24 61 -91 19 -54 
-20 -84 -7 73 97 -66 -26 42 -81 -37 40 -79 -87 -55 84 -28 1 -6 21 90 -91 63 21 -57 92 -58 57 -94 95 87 52 73 73 68 39 -4 -13 99 20 -42 -63 -1 -92 10 -87 3 -31 -46 49 2 55 -64 58 79 -34 -68 -6 -52 -44 3 98 -49 79 -14 -43 30 -56 74 69 -82 -19 -2 -74 -11 97 -8 -92 -67 7 73 52 -77 47 -27 50 40 52 100 -73 -99 -11 88 40 73 
64 93 9 -33 -59 -100 93 -3 75 -75 63 77 -86 -97 77 85 -90 17 -72 91 30 -50 -67 -94 16 -54 -31 20 -33 65 97 56 -45 -10 18 34 38 -69 39 -74 -44 -37 65 -15 42 2 -51 -11 53 92 51 4 98 -3 81 -12 -2 -67 20 27 -75 22 55 -1 -8 -55 83 73 94 76 -69 -33 -72 -55 2 -6 -10 -72 -45 -57 74 29 -29 78 47 -96 57 44 -7 53 12 -69 -77 95 
-13 49 -11 50 94 -25 -39 -85 -10 69 -43 48 84 -67 -80 -10 1 -62 75 -60 -84 19 -75 -12 99 36 69 -25 66 45 -17 -17 -92 -43 27 -38 69 -12 76 33 61 -76 -19 -28 8 -73 -65 7 -1 -41 83 -80 -25 18 -83 23 -27 25 -16 26 66 59 -59 79 6 -10 -82 -13 -21 -17 -91 -54 41 -98 -84 -44 54 64 -21 -65 -31 98 55 89 100 7 -72 60 -3 15 -70 -63 -54 -92 
-3 96 -97 90 -65 89 -40 23 -21 -84 -28 20 15 -60 -69 -45 -4 -100 -100 -19 -99 42 11 87 -40 7 -8 86 -30 -67 89 -2 61 -42 92 34 -46 -69 28 -58 10 -37 88 37 -84 -40 20 -64 20 -40 -67 60 96 89 -41 -82 -14 -3 44 34 -1 -10 -20 -38 -1 44 2 55 68 72 32 22 -40 88 -81 48 50 -54 18 -2 99 71 -98 20 7 99 37 88 15 19 -99 -3 -96 -25 
-13 38 44 -64 42 1 -87 -38 52 -70 -100 -33 -38 94 86 -54 -23 -50 66 42 -1 45 18 -75 -45 29 8 89 -20 27 99 14 -66 74 88 30 69 -42 -31 62 83 58 -99 8 1 13 24 55 -44 33 -55 91 -62 58 -84 -98 18 -25 27 -74 -52 -37 51 -64 7 -4 91 48 87 -84 -34 -88 -72 17 -74 12 93 30 1 19 52 -99 91 -18 10 66 73 -83 5 69 46 31 -74 99 
86 -98 -53 -30 81 57 -27 95 -87 -85 70 37 -12 2 -91 63 72 2 -3 -43 -76 78 71 -79 86 -11 -88 -62 -65 -92 -81 34 90 -49 -63 14 -39 -3 -24 58 -52 -68 88 75 -51 -81 89 -19 -91 69 -53 58 3 53 25 5 21 -7 47 -43 -36 42 53 95 29 86 -34 -1 -86 -34 54 100 -59 -27 74 69 -51 -80 -55 82 -66 78 27 72 34 91 1 60 -36 86 72 46 -73 77 
51 -29 -23 -71 84 19 63 -97 -27 63 -69 -81 -10 6 66 -100 -66 58 57 53 -43 53 60 -12 -94 3 -33 68 -81 64 30 -63 15 -22 6 14 97 -62 -82 42 1 -78 63 -62 64 -59 -94 68 -12 -55 60 -46 10 -24 12 33 -13 93 13 55 98 53 9 10 41 88 79 45 -57 0 -49 7 -36 -41 -43 13 -15 -25 -11 92 90 -44 -21 85 82 81 -30 -50 14 -40 -36 38 7 -87 
57 -33 96 22 65 -50 15 80 92 -25 94 51 -22 32 84 73 -9 -51 -68 40 86 40 -8 -74 88 69 74 16 91 -7 -34 -22 -70 96 -26 90 -98 43 -97 87 96 44 85 45 -61 -59 -81 61 -2 -48 -91 -14 60 -5 -37 -38 -18 54 -22 1 74 -12 -61 -77 68 -29 -84 -40 -11 -17 -5 -33 -100 -6 3 -45 53 -2 43 58 -33 20 89 48 -31 -10 -88 -47 -14 -91 40 -24 43 92 
-34 -69 82 -12 62 -59 8 -2 -57 -49 -55 -72 49 89 18 93 -32 -30 40 77 23 -40 -56 -6 -16 -29 -82 3 14 -99 -9 14 -41 -66 -31 37 -44 53 -62 46 89 -97 78 -2 -38 44 -42 25 76 -8 72 4 92 85 93 -23 -64 -5 6 2 -100 51 64 -84 -59 -38 -56 32 -3 -65 62 -56 -98 69 75 51 -1 -8 -13 92 -31 -93 5 64 79 -10 26 -47 -77 23 -68 -11 18 -26 
37 -2 55 -31 85 -17 85 -82 -12 -54 -19 15 -99 70 -11 -71 -20 83 -89 0 -33 -76 78 -91 69 -18 -13 42 -6 87 -19 41 -38 94 57 69 59 -63 -39 73 27 -34 65 86 83 -65 -34 -39 76 -61 -26 -86 57 8 -5 -2 84 -51 -20 21 21 7 -38 -23 55 -43 -54 -56 6 92 -94 -81 -9 16 53 -69 -34 -69 83 59 79 -31 6 28 54 94 68 45 -29 -58 9 -6 -96 -34 
45 -14 -5 -42 -83 -82 57 -17 62 67 -10 -55 98 61 99 13 43 95 -3 -29 -84 -80 76 -58 -18 -2 -60 -83 56 -74 -47 -26 12 71 -76 51 45 49 -49 -89 -28 -83 -52 -80 48 -25 34 -72 73 -45 -26 71 86 51 -52 -31 -85 -48 -38 59 73 78 47 86 37 -73 60 -81 -96 33 49 -80 -41 47 23 -19 62 -40 14 2 62 81 -41 67 -69 49 22 1 18 -71 80 -30 100 -69 
-37 25 -53 -52 -10 -6 -84 -15 39 74 48 93 -59 75 -80 70 -16 -33 -65 75 -21 84 -43 -10 -33 71 -27 34 -47 -26 -92 33 65 -74 -6 -56 54 -14 -75 -20 85 41 32 -17 -8 -85 -27 -84 68 61 -49 56 -14 -65 -50 -51 -50 46 -55 54 -76 -72 21 45 50 -98 51 75 -5 48 10 -84 75 17 97 -85 81 -70 -26 -49 -62 19 -25 -82 -87 49 74 -10 88 55 9 -19 -95 -93 
-2 53 16 -37 -90 -1 -5 -47 72 -61 62 62 -22 -30 89 -80 -57 2 -5 40 -12 35 -95 -50 -3 77 -56 -57 20 76 -16 -41 58 -4 43 -24 -89 37 86 -46 3 90 -51 -78 76 40 8 68 -68 -50 36 -16 63 70 60 -49 -79 -31 -49 -35 50 -49 11 57 -83 44 24 -72 -30 -54 -54 54 93 -35 16 71 52 76 67 -99 12 16 -61 -93 -26 -10 90 7 -46 -53 -36 72 85 10 
-96 39 10 48 -17 65 -16 -40 72 53 -49 -95 98 23 93 59 78 9 7 83 -67 -28 88 80 99 75 -39 68 -53 -71 -76 -59 79 -99 -34 94 32 -54 -58 -52 -29 21 82 29 2 32 97 45 -56 64 -91 30 80 -65 -32 -47 76 88 -64 95 0 -23 -54 23 -59 -37 -62 22 -40 -26 14 -70 -97 -60 60 12 -25 58 -21 -32 79 87 -61 -97 -99 -64 78 -25 50 -19 -65 19 51 29 
78 -14 28 -14 -69 -46 -74 79 -14 15 -71 -36 73 7 -93 -93 1 -71 -28 36 -24 99 66 -9 -65 -24 78 -11 -18 -53 97 -52 19 -18 36 -19 -29 -13 -32 94 29 90 58 -42 -92 -94 -9 57 -80 93 -12 75 -53 24 -94 86 24 26 23 90 41 31 -81 29 42 64 -44 -48 -63 -13 74 -25 -81 -58 -45 -96 -98 -5 -87 90 11 15 6 -38 -65 -17 68 97 -96 -97 80 -34 -46 65 
-18 -1 -24 -82 59 -13 -73 11 19 -36 34 -70 -5 -65 -55 50 7 -77 -46 32 -71 36 37 90 -72 91 -26 -77 86 26 9 27 -38 -31 76 -86 -38 35 93 19 -37 -55 -99 77 83 -70 82 78 -72 45 -45 -75 -50 -96 -6 -63 -9 55 41 60 -73 81 52 -64 65 19 -77 1 -82 26 -1 -30 -81 -3 -21 -83 -88 46 89 95 49 -12 -24 -93 37 -17 -21 -80 64 17 -16 -75 91 33 
-1 3 -85 -81 -37 -28 -71 -70 9 -90 70 90 30 30 96 -96 -20 59 -74 72 -61 75 -42 53 -54 -99 49 -69 -18 -53 43 -26 -64 45 42 87 24 27 -25 -90 47 32 16 -34 82 -43 29 -77 98 -25 82 -28 61 83 97 -5 95 -81 77 -86 -67 -96 -80 -8 60 96 30 93 -31 -45 78 14 -24 -10 73 -11 -62 65 -70 94 -23 -86 -43 -81 93 94 -4 59 -9 15 -51 -3 85 -45 
43 40 20 36 -82 37 92 -35 -28 -99 12 -64 94 3 -37 42 17 -49 100 -94 -11 -85 -54 40 -61 3 -45 34 71 -31 -44 25 37 58 95 -91 -29 -19 -28 -71 -78 -71 2 0 91 17 74 -61 -54 4 70 -6 4 76 34 13 -28 -32 -89 -58 -54 -56 -19 38 -22 18 70 62 -62 50 -52 -72 -19 -99 35 1 92 12 4 99 56 -53 28 -94 -72 60 28 70 99 33 -6 37 17 -31 
81 -87 2 -93 -53 16 88 91 -9 -31 -48 -13 18 100 -70 -46 -24 -34 9 84 45 -1 25 55 0 -89 26 -70 -28 52 -45 -98 7 96 -73 -3 -84 75 -16 50 -12 90 4 7 -11 -17 -16 44 1 5 95 30 85 -85 -10 -93 -32 78 31 69 80 -82 2 -67 -20 56 -48 -5 -5 53 -16 52 -9 44 15 26 -60 -13 -6 -32 -30 -68 83 85 18 9 -16 -92 -17 -29 -22 -95 -82 -32 
19 75 82 76 59 -18 -15 -10 -21 -39 -39 74 42 78 30 -45 71 83 45 -37 80 -72 -3 91 66 28 66 -57 52 -30 6 40 26 -53 94 52 92 -68 5 -54 9 -69 91 -91 -39 -64 -48 82 50 -91 74 29 91 -64 -23 -67 -88 48 34 -44 -51 97 53 -69 -97 34 55 -67 1 71 -21 15 14 90 -88 -93 -73 -30 50 44 24 -2 60 -6 37 21 5 7 -7 -9 38 58 -70 5 
39 -1 -68 74 -51 81 -53 -85 7 -61 -39 -36 -63 -84 63 -52 37 -82 -30 -84 -86 -47 27 -62 98 -33 76 69 -75 40 33 88 9 67 97 32 -80 -45 81 98 37 80 -30 48 37 -69 14 -26 -97 81 12 -49 50 -68 29 26 98 -77 95 100 19 -46 46 -3 -22 12 -72 10 -90 -68 32 27 23 -14 49 97 44 77 34 -73 40 -48 -26 -16 -35 -91 50 -95 61 64 -3 6 28 8 
39 -58 -52 25 -86 22 85 45 -80 -18 -63 -64 -23 -87 -100 25 -65 23 -61 -85 -80 -22 66 95 -35 -40 -80 -42 -55 -57 66 -80 -38 82 35 49 -64 71 -76 49 27 44 -89 8 -84 35 34 -4 -32 -13 -26 -67 89 -56 -16 84 -36 33 42 -33 56 -14 2 14 94 26 13 -73 83 39 3 22 44 -48 -67 -74 58 82 67 -56 19 -45 95 41 49 69 -23 -93 28 -96 41 82 -58 -88 
28 -93 -91 33 14 -55 95 -74 90 80 -80 11 -72 57 -12 70 8 69 -13 67 -46 -68 20 60 -76 -76 87 25 5 11 91 45 -2 -99 -47 74 -2 25 73 2 -74 31 -48 66 -12 -99 -43 43 89 -80 -29 -48 59 -19 -93 -29 -90 -7 10 93 -25 -87 94 26 85 -39 29 -14 19 -38 80 -44 -14 48 11 26 43 -97 -88 52 -36 81 -50 62 87 93 -9 -70 1 40 64 28 -80 -80 
-86 -36 19 -9 35 -12 28 22 99 -82 -41 19 11 -43 -76 -93 -27 -34 -83 -24 14 -23 -10 97 89 53 2 -30 -35 -4 -65 -55 13 -87 -65 63 -67 44 -41 -31 -15 -85 14 -71 27 33 -78 73 33 82 -67 81 33 26 15 -21 81 59 -28 -46 -52 81 -22 -57 -4 15 -99 76 53 -65 54 -88 82 57 86 -33 93 88 39 -60 -51 -51 -85 -54 45 -74 1 -9 -60 75 7 73 -28 40 
-22 -90 83 -24 -90 -71 27 29 26 -67 18 -43 47 50 52 -11 -74 6 -91 -33 -19 64 -88 -18 46 -46 -11 87 -65 30 -100 32 -19 -26 -51 -85 51 -23 72 -89 -44 -24 76 32 -51 -8 90 -88 -21 -99 -66 -22 91 68 5 56 7 42 -42 -71 -21 -26 13 -35 74 -22 -23 42 92 34 40 57 81 25 -52 -69 0 83 -84 29 62 -27 -42 89 16 60 62 98 67 -42 -91 -68 31 -55 
-58 -87 89 -94 41 50 -4 25 -78 71 13 -10 -47 -100 5 56 -65 7 -68 -75 1 48 -15 -71 -43 -99 81 -13 -62 91 51 -27 -47 64 -15 55 -53 98 97 -19 73 17 -97 33 -62 29 -95 21 55 58 57 7 -94 -68 -35 94 -84 66 93 100 -91 -100 15 49 -74 -25 27 39 59 -98 -48 33 -22 -87 -67 50 -96 71 25 -11 41 -37 -77 16 -19 -97 31 -66 -72 -21 -22 74 43 22 
45 -98 0 72 62 100 21 24 -31 47 -96 21 -47 45 -88 5 57 6 67 -59 39 45 1 74 -90 54 -51 12 -36 70 79 -1 -13 -92 -84 42 65 -3 -16 3 -3 -47 43 40 -2 -43 53 73 -78 28 -57 90 83 -55 -40 33 20 76 68 36 -81 -73 81 -92 25 -14 -36 78 -63 -100 -39 -52 -57 33 -33 9 -54 -65 9 -50 -92 -33 52 20 85 -15 -10 40 34 20 53 -1 -83 8 
-63 71 35 -65 -64 19 -1 68 -9 30 63 -70 56 -40 15 -37 -23 95 35 -37 60 75 18 17 82 -20 82 21 -88 71 -66 20 -9 88 -21 70 -68 -63 -46 -35 92 8 -88 33 75 -28 90 26 -69 34 95 -69 -8 -21 19 -99 9 75 -16 64 -60 -48 -43 83 -89 87 94 -29 73 -27 -3 -8 100 -16 -15 -25 58 -21 -60 85 49 26 -27 97 70 -27 -42 86 -80 68 24 18 -83 59 
76 -34 -97 51 -43 -42 -42 -38 -64 25 -21 -72 8 -91 21 -66 31 95 -80 7 -97 -63 -83 37 96 81 -19 63 -5 -4 -93 -50 98 38 12 100 12 23 -56 -32 -88 -71 40 24 -83 -50 -89 28 -95 -79 84 69 -19 -28 40 -11 -54 -49 -84 83 93 -100 -100 53 86 18 -100 57 -86 69 -90 6 -65 -56 87 -94 -50 -14 -12 -51 -28 -91 33 68 -74 14 -90 -65 -31 -43 -17 -20 -74 96 
-44 19 -32 -51 87 18 -67 -69 38 -34 8 -27 84 3 -89 -35 48 -81 -36 -56 -48 61 -44 5 79 84 -37 2 17 -76 -16 -80 97 29 -69 -70 96 -95 -19 94 -11 80 -69 -97 82 70 -95 49 -80 -42 -5 -82 -66 -14 -99 76 93 9 -3 -74 72 91 -91 82 -66 -59 75 -52 75 -21 -57 -65 -52 91 38 37 -65 -67 -99 38 -84 66 -5 42 -43 -95 -16 84 43 -60 94 28 -65 -34 
31 -21 23 13 -97 -12 22 25 -14 -22 51 -88 53 89 -41 82 -96 14 -100 8 93 4 -91 100 36 -75 -87 98 -58 57 74 -83 -41 -37 -73 -12 -19 -56 81 -99 72 -42 -13 99 98 -98 -12 -46 -90 -38 100 50 -80 82 -82 72 36 80 -88 95 -29 -3 -30 -76 -15 -70 14 -47 21 43 -10 72 -7 6 93 -11 -47 90 -23 -24 76 -47 -98 91 -27 49 -75 60 31 22 4 -10 -3 23 
-69 -80 97 -7 -24 -100 43 -21 10 33 17 99 -47 -25 83 -76 42 11 -89 100 39 16 39 -68 72 -48 30 72 74 -29 29 90 92 51 -15 -7 -87 -83 -94 -86 49 -10 -49 8 7 92 2 -30 -45 89 94 -14 -4 83 75 16 68 55 77 -90 43 -35 11 49 -74 39 37 -13 1 -65 19 -70 -88 -78 19 -59 -89 -73 -36 5 77 6 5 69 75 -75 -85 -3 86 -18 -100 33 -34 93 
60 -1 -19 -26 62 77 -76 47 -83 -98 14 93 58 -82 96 58 43 39 88 -88 -66 -14 -30 -44 80 -63 -70 30 49 14 34 54 40 -37 46 46 40 57 -15 85 -73 78 45 53 15 81 -9 0 -76 -27 -46 -97 10 -41 2 -81 93 -35 32 29 -14 74 46 94 95 93 95 -87 -25 -35 -67 -27 -58 -84 -88 -9 -16 57 -59 97 6 97 -89 -40 -55 -10 -36 -100 65 73 73 32 -67 -11 
-49 12 -50 65 79 15 64 49 -25 92 80 42 -60 -22 35 97 40 -97 100 37 13 97 64 -98 -20 92 -1 69 26 32 -77 -38 55 -54 90 38 78 -45 57 74 90 1 12 9 -19 100 -84 65 -52 26 39 85 100 -58 -68 -69 -84 -97 39 71 90 12 -54 -9 39 3 -10 -41 -38 -53 -51 8 -59 92 -31 73 -58 -13 -24 -46 93 97 -55 -65 93 44 36 56 14 36 93 -44 75 -31 
-93 -13 6 -44 30 -15 54 -21 -39 -98 93 -5 19 30 -68 -4 97 -92 42 -91 49 49 -48 -50 0 79 -30 99 -88 -99 -59 38 80 -46 30 -2 70 94 1 19 46 40 -96 60 -81 60 55 18 86 -37 -43 -59 -91 17 8 -88 -42 0 -10 91 93 -71 -62 -79 -34 4 84 -88 -61 -81 -39 -35 36 22 54 -57 -100 -62 -14 -3 -3 44 84 72 -94 68 -90 -84 16 40 -55 23 69 47 
46 26 5 89 74 36 -92 21 -62 29 -33 95 23 22 58 1 -3 87 1 -59 4 -39 65 -34 -4 -14 -40 49 -16 7 92 39 9 -90 92 -75 50 -95 -40 -75 72 -49 49 1 -38 -33 38 -71 5 -56 -14 -12 44 9 61 -4 -69 69 -78 -25 72 36 2 4 -62 -21 87 78 -74 -9 -6 -90 -3 20 49 -36 -15 80 -17 86 -23 85 59 7 -73 -77 8 4 67 -15 24 68 -33 -74 
24 96 -6 -55 -60 86 -30 5 -11 -45 100 6 -16 -38 -86 56 12 72 3 6 22 -33 94 -74 -79 -89 70 65 -19 -70 -65 7 -34 3 -14 -11 -89 50 8 -88 -5 83 -17 7 -76 -20 -72 -54 -86 37 -72 33 61 -85 -89 -81 20 -55 71 48 -54 15 -7 68 -59 93 -34 80 91 65 -3 -98 -72 70 -58 -37 47 -56 6 -93 -22 -91 -95 -66 -2 9 1 -20 98 -17 81 24 7 -78 
40 7 37 86 23 -49 29 -92 -86 -31 -50 51 -4 69 60 41 -39 44 -63 -78 -99 -100 -90 74 64 22 -10 70 81 -72 66 32 -71 83 -90 -58 80 -14 15 -26 -85 60 -49 -13 -79 71 76 -77 40 35 97 -28 30 48 -39 -86 0 -15 -46 -52 -73 -67 34 -5 -81 -82 87 -57 41 -3 -45 -81 50 -36 -39 -73 -94 -47 1 89 98 66 74 68 -71 -65 -48 6 8 -7 100 6 -18 100 
-46 -95 15 14 -81 70 -59 -15 15 -99 -43 84 76 -59 -7 55 78 -95 -8 33 -71 57 27 11 -17 29 -43 -67 -73 0 5 -41 -15 -66 83 6 -80 -72 95 -22 -8 -26 16 98 -1 -11 -53 -60 90 -95 58 -46 6 47 94 -42 -69 -11 -57 -39 -79 29 77 -75 -84 91 72 32 43 -21 48 -51 19 79 71 96 5 63 16 -64 -29 25 92 -41 -48 -41 -68 88 -53 -67 -29 -76 -98 45 
78 75 99 47 49 0 -22 63 25 -27 -53 -53 65 11 -77 -37 11 -72 32 -85 -72 30 18 69 11 -31 60 -3 64 -40 -22 -36 -48 -53 3 93 85 -36 -78 71 -11 -96 -57 98 -96 78 78 -43 34 22 34 54 16 24 23 29 -19 56 -97 -2 63 -87 -91 10 76 -56 35 100 -37 42 43 -79 36 100 33 -65 -82 -19 66 -86 -32 -82 -64 60 -11 46 -1 90 32 -39 -48 -40 -13 -72 
-31 -88 -92 -79 -58 16 39 4 -36 79 -94 -44 -93 -47 -91 78 30 -36 -77 -50 82 80 -7 -50 -36 -16 -11 74 -23 41 96 64 22 -20 -95 -67 -27 24 14 -57 -34 -27 38 46 -84 -8 -5 -74 -76 3 -60 -75 -86 22 -1 47 -43 30 -54 -40 13 82 2 -77 99 -14 4 82 24 -26 22 73 -60 -81 -29 -28 80 -13 -57 21 -26 60 99 50 -14 -54 -27 37 -36 84 -61 -24 44 -90 
47 -32 -70 79 -24 62 -10 -18 19 -47 8 -16 8 10 -64 -64 -51 36 24 -45 -61 90 -62 76 -59 45 50 -42 7 -91 -51 -75 73 93 -17 -2 6 9 55 -93 -59 97 58 -50 -81 -21 -87 100 99 39 36 -14 -67 69 -74 47 -98 -10 -69 14 89 70 -79 -27 -51 30 12 -26 -69 90 88 -59 -82 48 -17 84 54 100 -71 -81 -20 -2 -23 -11 -29 8 18 -11 -11 -49 67 86 15 -20 
-12 60 -39 -81 3 -74 9 60 72 24 -2 47 92 -6 -99 72 14 -76 -17 14 4 37 94 52 39 42 -75 -83 -82 -54 -19 -54 15 62 -62 8 34 -4 -51 99 -7 -29 -66 70 -78 96 -52 -100 -28 54 -8 -49 29 62 47 79 -65 -55 -20 83 -7 -82 65 -11 -44 12 -44 -86 82 -68 -34 17 -84 40 -71 41 76 -30 -53 84 -94 65 19 83 -3 57 -20 98 -63 80 -70 -69 5 -3 
-25 5 -16 -8 70 -28 -4 -90 54 -53 14 91 -6 90 -99 75 -79 53 -14 7 -71 -57 -10 70 -39 -2 -8 -30 0 66 15 -14 -48 -71 75 94 -80 37 -84 47 -71 45 80 44 -91 -91 -92 49 38 74 75 -62 55 -4 -13 -46 41 62 42 -11 74 -33 -8 49 37 92 -85 91 37 25 56 -42 40 -17 -42 -64 10 -74 73 18 -85 45 3 -98 10 -98 2 -77 -19 37 74 31 -68 13 
52 -86 100 -86 68 80 -55 -87 81 -89 3 -94 99 -34 63 -83 -27 55 96 18 54 45 84 -44 -13 21 87 -17 70 -22 10 15 16 -2 -10 51 10 31 -79 -23 5 -37 53 21 21 -9 -74 31 -31 -76 -44 58 90 -7 39 -26 2 -76 96 14 -80 -60 24 -37 -52 79 90 -69 -72 -44 70 -71 -70 95 -36 100 -29 -86 45 62 66 -56 -18 -78 92 -69 85 -49 5 27 -25 70 95 -8 
29 -93 65 -53 -14 33 87 38 -19 -99 -42 -61 -8 -74 -25 -26 31 -70 -37 -73 -68 -61 43 -67 -86 -33 -41 -94 -70 -12 -34 -27 50 -26 19 -98 7 14 -49 27 -85 -20 31 -45 -62 0 -63 -30 -21 -84 92 -62 -90 46 73 37 -90 62 -93 12 -92 46 -42 44 20 82 -37 73 23 73 -9 0 22 -70 61 -74 24 -25 -66 -5 -80 -11 -59 -15 38 -21 93 30 14 62 67 -7 -75 -87 
85 51 13 39 75 -17 54 -82 -22 86 -23 29 -63 30 96 70 -88 49 9 -50 18 -29 72 -21 50 -67 61 -75 91 0 37 -86 -94 49 81 41 72 0 99 22 73 98 -82 30 -95 -28 -55 8 -30 -35 -10 24 -6 -65 -18 -56 16 -62 84 87 99 -82 25 58 1 -17 -71 54 39 -29 70 20 -99 94 85 -11 -54 82 -99 77 -5 -32 15 -97 43 -50 -79 -5 95 -9 -9 69 -26 28 
83 -75 27 -24 54 -13 41 -58 52 6 74 38 -44 -70 10 40 -68 66 -4 -16 -25 46 12 61 -97 91 -34 -65 41 -52 83 2 73 79 -34 -74 53 -87 97 67 -89 -30 87 -67 -87 -92 -94 -46 35 -23 26 -10 89 -22 28 29 28 58 1 51 58 92 -48 -25 71 69 5 11 -84 16 38 -2 -16 31 -24 64 -21 21 7 71 27 -81 12 21 -91 -3 99 19 -45 70 -88 99 -60 83 
80 47 -15 69 -7 51 -63 -50 -60 -78 59 62 51 9 -21 69 -60 42 -30 -39 17 -41 -74 -65 -61 -58 38 -10 17 61 60 -22 0 15 -28 -35 94 29 -12 18 -24 -80 90 -42 69 61 -98 -95 -97 63 56 28 -86 76 50 15 97 -66 96 12 -4 44 -97 62 29 -61 69 -93 -43 73 -68 55 -9 -30 13 -92 -43 20 -31 0 27 80 -34 9 -58 18 -22 68 -47 2 99 -36 69 -29 
-98 10 -89 30 67 32 41 35 -54 -4 -88 -14 -13 43 -82 38 -8 -27 93 61 99 99 -83 89 -45 -49 23 -1 -56 65 -54 -63 -89 69 -43 -26 66 -20 1 -55 76 92 72 -4 -22 95 -76 -6 -93 57 56 -65 -80 10 37 -24 13 71 -24 12 96 -9 15 53 17 -8 76 -16 9 -98 32 -91 -94 100 8 -59 -69 36 -41 -35 48 77 -67 55 -73 15 83 -28 -12 -46 68 93 4 96 
3 56 -45 31 -55 31 51 -47 18 -79 62 -60 47 -63 38 -73 42 82 -26 -96 -68 -85 -60 51 -86 46 95 83 26 -65 -46 87 56 -89 48 98 37 56 11 -85 97 -72 18 -35 -2 -55 26 -9 -56 76 -92 -68 -4 -48 3 -78 -33 -49 14 16 8 -92 -12 -42 -36 73 6 -32 -86 66 -51 73 79 -35 56 -6 30 -6 -42 52 52 65 -20 21 -99 -6 -83 3 38 39 -22 38 20 -17 
-51 -13 -1 83 49 -31 -48 45 -60 -91 -76 -20 -85 -81 24 -63 50 94 56 81 12 21 -88 99 85 -65 -21 13 -66 31 34 -99 65 20 -63 95 41 51 68 70 10 -89 -14 87 -8 -31 -58 -9 -58 -11 -54 -23 72 -92 -14 -12 -26 -15 19 26 -48 -69 38 -90 34 36 -96 23 -57 -64 -78 -74 75 -64 -54 -42 92 99 -16 13 48 47 84 -8 -79 -91 43 -30 7 94 53 -72 59 63 
29 81 -34 -1 -96 19 -16 73 98 36 -5 -59 -67 38 -35 31 47 -85 -97 24 21 -16 78 -29 81 59 15 82 -92 -44 62 -5 84 -22 -78 81 -29 75 -4 -6 -23 -70 75 31 76 -41 70 31 38 11 88 -83 -43 19 -35 34 58 -73 -39 46 77 74 58 -16 26 87 -48 74 -100 52 -36 -10 -42 -61 -17 -41 -70 16 -7 -21 -17 -43 -49 -38 43 -66 87 100 -35 18 94 23 70 -53 
-70 38 -79 -25 42 81 4 -11 50 -57 -75 76 -35 -99 -88 97 -94 25 32 16 -33 -94 55 10 -65 -9 -74 -73 -52 32 43 29 71 -34 -33 -36 47 92 3 86 25 -38 -55 31 -19 82 88 80 92 -5 -78 71 85 1 36 -40 -78 -28 27 51 -54 -65 100 -24 2 98 -36 50 97 81 32 -88 24 -8 -27 -29 79 -27 -86 -76 -12 27 29 17 3 -36 -94 -73 51 -53 -26 -47 -14 -62 
53 23 22 -9 -72 -93 78 0 89 -56 10 -35 91 -58 51 -4 64 37 -88 -93 -69 -58 6 -43 -77 -95 -56 -27 94 -2 -21 -5 -29 91 93 -95 34 66 -11 -60 -55 -19 19 -22 -56 -23 -33 -100 -77 27 -97 90 7 -9 63 -65 26 15 -65 7 97 -46 -17 -40 88 -46 60 -30 5 -40 -68 -14 100 83 100 64 -28 -95 -1 32 82 36 40 -89 1 -80 -62 64 -19 52 0 -40 -65 -96 
-76 48 34 -14 8 -38 -24 -47 62 88 92 90 -56 -60 -26 -24 -31 42 -93 -36 -76 48 -82 -66 -29 -47 -52 42 53 -8 -12 44 -26 29 -6 18 -50 79 -38 85 -70 -20 15 -39 -85 97 -20 -22 81 33 -3 17 4 8 38 63 -90 70 -40 69 45 -43 -78 73 -91 43 30 30 -87 -23 42 37 43 72 -67 -95 3 -87 -44 67 -59 -8 70 92 -54 -32 -40 17 -76 -96 24 53 -40 -9 
88 22 -77 -3 -24 46 -14 1 -52 39 -99 -81 -1 -32 39 -30 -47 -5 56 -42 -64 -10 5 52 64 -8 -43 18 70 67 27 -97 -3 -62 33 -73 15 -83 81 -25 81 22 -40 -14 75 14 87 32 -43 -95 -92 84 11 28 -6 -54 -43 95 -30 3 -12 -66 -81 11 78 96 27 46 7 -40 55 -60 -34 -77 -72 28 3 -31 38 75 -80 16 75 29 -53 8 47 63 -18 67 -26 -34 -87 24 
29 -32 -87 -95 10 4 -42 28 38 4 47 -11 -31 57 42 -91 87 -6 -55 23 66 95 -36 -3 -61 -68 11 36 96 -72 -66 36 -28 99 5 73 43 -8 -54 91 -73 -66 -86 76 -44 53 29 55 -43 50 58 98 -91 99 57 65 -60 1 -96 12 91 89 58 65 -26 21 80 37 75 -49 -68 -3 34 66 20 -98 82 84 81 60 66 -58 25 -53 -46 25 -16 27 84 -46 -45 -41 83 22 
1 67 -70 -28 8 63 74 -29 75 -52 0 -3 -68 -5 -93 24 59 -87 76 -75 62 23 12 82 98 -100 63 99 -56 15 -94 76 -62 54 49 -23 24 17 47 55 37 49 65 -44 29 89 77 -1 19 29 -5 -47 90 -60 86 -23 2 -38 48 -86 31 -16 22 55 -79 91 -25 16 8 43 65 -31 -10 70 53 -95 -84 -32 -83 -39 45 6 -32 -86 -22 -55 -29 -4 -7 -29 -20 67 14 -18 
35 6 -99 -41 34 42 63 22 -36 55 19 45 -37 -87 1 19 56 -56 -62 -35 -48 -7 87 47 49 8 93 89 80 -57 -33 -4 -60 -55 87 93 -81 36 -37 34 -33 29 -86 -79 24 -86 -61 -89 -27 -92 65 14 -60 75 98 -8 -54 68 -96 -74 -12 -1 46 56 -85 -73 -59 68 95 -24 -62 54 72 -51 18 -54 -46 88 18 54 -31 52 54 94 -75 -71 92 -93 -95 -9 60 23 21 19 
-73 69 94 -46 73 59 -14 -70 87 -58 -92 11 64 12 40 24 -9 23 -79 71 -62 91 -40 82 -86 86 50 94 46 59 -94 -52 15 53 -17 46 62 70 43 22 68 84 -24 17 62 81 -35 -88 80 9 -47 87 -84 -14 -5 -37 -55 -68 -82 -66 20 -42 87 -58 22 4 68 -73 -22 61 93 18 26 59 -19 23 -16 22 62 64 29 0 -61 68 -100 26 -76 60 -56 -82 -98 -72 -47 -43 
-5 67 31 -49 -47 88 92 -45 -95 39 51 -34 -35 -48 -63 -71 7 -100 88 74 82 15 -27 25 10 72 59 -64 33 70 -36 -70 60 -13 -25 37 94 -39 69 -44 6 -12 3 29 88 -98 -6 -55 -54 -10 -64 -79 13 50 -53 84 63 -65 59 54 45 -82 76 75 -26 -52 42 -97 -83 66 -84 72 53 7 44 -96 88 4 9 22 -40 40 89 -3 -75 -34 33 -2 92 -94 26 -11 -31 -100 
73 -56 45 98 60 -8 78 27 -50 -91 52 52 69 -26 -95 -74 94 39 -88 90 -52 -17 -20 -75 40 -65 74 44 78 -26 66 63 70 -90 -38 -5 97 53 5 57 -25 91 -4 -13 97 87 -11 38 -32 50 -18 -39 30 -13 31 -27 57 41 89 -86 95 31 -18 -41 -7 -94 -12 63 -3 14 -11 9 -67 64 41 64 19 36 -96 66 35 -6 -20 -94 -10 7 -60 50 13 20 -85 100 -23 3 
-59 75 -88 5 -74 87 26 -34 54 -1 -37 48 96 -1 98 85 -75 5 26 36 64 15 76 -81 -46 66 5 -51 55 14 61 90 -21 87 37 -71 -45 -9 -40 55 17 50 29 -22 10 -47 77 -22 -12 -29 -42 62 12 -81 -75 -98 19 29 15 -40 -43 83 11 35 35 -86 -76 96 93 -78 -21 80 94 47 -45 80 -24 5 -63 58 -78 22 32 17 -86 10 -9 62 -89 -19 94 -96 30 35 
-30 23 57 60 84 -59 -75 6 51 -79 82 -31 -7 -14 20 -81 79 51 -10 -47 31 41 -28 94 17 1 -98 -63 -64 92 47 40 91 78 -39 81 57 34 19 64 29 55 43 -11 33 41 -39 -84 -21 25 -90 20 -47 93 50 -33 33 -96 -57 -64 -83 -92 -12 77 24 17 -56 -52 94 15 96 51 -71 97 14 85 -5 2 18 36 36 14 35 39 61 -66 -100 83 -96 -55 -71 -59 -27 -94 
88 -62 -17 -92 -88 11 92 71 35 -48 34 -3 18 30 30 16 18 -49 -6 -99 -88 -99 57 -13 41 80 5 -34 -13 -93 -63 -71 100 18 66 94 8 68 43 99 0 -45 -39 -45 98 98 -63 -48 -84 -27 45 35 59 83 17 15 -7 4 -63 91 -55 -58 36 4 -67 -61 62 -7 50 -45 -4 -7 -13 78 70 -12 56 82 -59 57 -37 12 62 -56 4 6 -84 -84 81 97 30 -4 17 -16 
24 -32 2 2 10 -58 76 6 15 -76 41 68 -21 -38 -31 -55 -54 64 28 -25 -83 87 51 -4 8 2 47 20 79 -27 26 -22 83 65 89 -13 36 -89 51 -49 -93 -10 -46 -33 68 -15 0 -77 -11 78 31 -27 28 -95 21 98 -72 27 -37 -44 -26 50 41 -80 68 -24 -67 -78 -50 -1 69 -41 -46 -37 29 94 -100 -35 88 -88 73 -86 69 10 27 61 -54 -20 32 -47 -78 -65 64 43 
54 91 -94 74 -73 3 -77 -92 -73 -85 -93 -38 -31 -66 67 71 -9 -87 -97 62 -92 83 78 -88 1 57 84 87 21 41 48 79 15 -89 -46 -3 35 -72 -32 53 45 -71 34 -44 90 -43 13 -88 -95 6 53 99 20 21 56 47 -11 -15 34 -33 14 -99 -76 48 13 -2 -7 15 -80 -57 -48 -7 -51 -1 80 -42 4 90 28 -74 82 -72 71 -16 78 24 23 -7 15 90 60 -98 -24 -7 
5 71 -34 -74 -55 -91 -46 -8 -37 1 -42 -15 -15 -53 -19 -38 72 78 -82 42 84 -47 2 -2 19 76 57 -35 -25 -50 -73 44 80 -56 48 -6 29 -20 76 -73 -87 -92 -67 55 15 -81 24 -86 -37 15 -92 100 36 39 -79 39 98 77 79 -53 -79 88 9 40 -87 12 83 4 27 42 -25 86 -62 78 -23 -18 -8 -65 -75 -74 56 48 60 -55 -87 95 67 61 -15 66 43 64 -85 -60 
84 -13 82 -43 -23 -60 91 -71 -55 67 -66 13 -3 -34 91 33 94 -1 26 -76 -81 22 -78 43 -4 -28 71 51 15 8 -14 -57 -19 -70 88 -36 -38 -88 -30 -56 -54 74 -100 -61 -30 55 94 -13 100 73 43 26 71 10 -12 76 -55 -50 28 -58 -40 -6 -88 -95 72 60 -23 -35 80 42 -76 23 38 65 58 -77 -31 -61 -49 -51 -97 -63 62 -28 82 73 -35 36 10 -36 -83 84 88 74 
-98 13 -22 44 79 47 75 22 52 27 82 -37 -22 -37 -3 -93 -97 63 -7 -16 -10 -11 -71 80 68 -57 -91 -13 71 61 94 -55 76 -61 -77 -56 87 -60 -15 16 -92 -84 1 27 -60 19 -29 -94 -40 -31 8 -56 -74 -19 29 92 56 5 71 69 -46 58 90 24 -66 35 11 -50 -69 -69 36 34 91 53 21 -24 43 12 -79 -71 -12 -51 24 73 81 -78 -15 -74 99 70 53 -59 -41 -99 
85 95 88 31 94 -98 35 48 -21 89 -88 -86 10 33 -97 12 98 96 -39 35 -29 24 -40 -96 93 -25 -58 17 40 -71 87 12 51 -62 -84 68 -22 36 -47 59 45 86 93 -94 -99 -79 -49 52 -25 -84 62 68 -82 -41 -15 -100 18 -93 -49 40 73 -40 -9 71 5 35 -10 -59 9 -42 58 17 -24 -56 82 -67 71 -80 -37 -77 79 4 -100 82 82 9 -21 -23 80 -21 6 13 -98 -37 
-26 8 3 82 20 -77 98 -2 46 56 37 51 11 -40 92 90 -6 -2 -52 -93 36 79 7 -88 81 41 52 -27 75 -47 -24 69 51 61 64 9 -25 -54 75 93 5 21 47 -7 72 -12 91 85 1 -17 84 98 -37 -34 -76 -41 -71 -84 24 -57 -61 67 -49 -38 96 43 -41 43 26 -84 93 41 44 -77 -9 69 -30 -33 92 -95 -41 -94 -26 81 -5 -40 76 61 84 -83 82 -56 54 -11 
-61 71 72 -65 67 -82 49 88 46 0 -25 64 -89 45 59 -21 2 -67 17 79 -46 -91 74 89 -33 -27 -51 -4 43 -35 91 -44 -73 60 41 41 -94 47 16 -32 -56 44 -75 34 -40 72 -53 -98 40 45 59 38 -1 -33 -32 -51 38 4 0 -64 65 -3 37 29 84 -30 -51 63 33 -21 -57 37 -91 65 43 89 100 -95 -54 99 6 67 -65 -74 -58 59 54 -59 12 -89 -50 -73 8 -100 
19 92 -69 -47 -45 -8 -90 24 74 87 60 -62 78 91 -96 86 -77 80 -61 12 18 36 -9 -81 78 34 -89 46 30 74 -78 -35 25 -48 67 54 70 -79 -58 5 61 -20 33 -64 65 -11 -36 23 5 49 77 55 20 -98 -43 -70 51 -36 -96 -19 -46 51 -67 13 65 69 90 41 -100 -84 -15 -61 100 -59 -6 46 -71 -98 -9 39 -11 72 90 31 -74 -92 82 -98 -11 23 -88 -13 43 -22 
-93 48 19 -19 30 34 -99 65 72 -10 -42 1 73 -66 90 -5 -33 -41 53 -80 76 39 -89 -66 -16 17 -31 65 8 -10 -3 48 18 46 -18 19 37 26 29 -18 15 43 -10 -80 -5 82 42 65 -40 80 68 -1 -16 -49 -100 -22 4 38 34 -86 12 -71 -92 29 -17 -60 36 -99 -89 -45 -48 -2 15 -36 13 88 -58 -52 83 -91 20 63 15 37 -16 -10 -79 58 60 -28 21 -6 92 -49 
93 9 -42 -97 30 -16 60 76 20 -59 -46 74 -80 -69 -48 16 -33 13 46 -83 2 -27 -77 -91 -91 -54 57 -35 35 40 2 -56 43 71 -43 16 -19 33 -75 16 -68 -34 50 55 -58 -100 -52 63 -39 -88 -11 61 -13 4 -13 83 88 -16 -40 29 39 99 28 -36 63 -88 68 91 32 49 56 49 22 -28 80 -21 53 28 -38 7 15 27 -84 -39 100 66 34 11 -87 -83 -81 -34 50 -89 
76 2 71 43 -5 28 -14 72 -55 -5 -66 62 29 -86 -20 96 -17 -60 96 28 -82 -87 66 -65 38 -23 -56 -21 -99 76 46 22 56 -56 27 -27 11 25 -7 -16 53 -16 -81 -56 -95 50 49 -58 5 -67 83 -91 73 -13 41 73 -43 73 17 -19 -14 0 29 32 23 -34 94 -66 75 -79 12 -57 9 -48 27 -68 75 -44 -67 -81 -11 68 -79 -44 -94 -25 36 -26 -37 71 55 -42 -94 4 
-53 72 -97 -24 3 -54 3 -52 -19 58 39 49 54 83 65 -88 45 35 -14 1 -52 16 -40 -49 56 -91 -60 22 -71 -32 -37 -100 78 -27 83 95 -27 -99 73 59 -42 -90 29 30 -93 -84 90 -89 29 7 73 -91 13 -40 51 -73 -21 90 49 51 -94 -57 29 -94 71 -45 -76 24 23 -47 16 -36 -78 -98 -93 -46 -93 6 -51 -11 43 -52 38 -44 -21 56 -57 -70 54 -99 6 -34 -56 -44 
74 88 42 -37 -90 -90 32 -68 100 5 -8 -92 19 -77 17 -25 84 85 43 -95 -6 88 22 -27 -43 67 -18 31 -70 -24 21 27 -9 98 -62 -80 -1 3 -40 53 -100 -24 -94 51 -37 27 -98 -29 17 16 10 -64 -67 -38 -1 2 -5 65 23 0 -35 21 -77 99 -70 -9 97 85 13 35 6 97 -94 -70 30 29 30 -83 74 50 55 -11 -23 -57 -41 55 -77 11 -97 -45 -75 95 -5 54 
-34 -45 -10 42 80 64 44 71 73 -4 -27 96 57 -73 45 53 -40 -18 -40 -24 -54 -59 -87 -11 -87 61 -3 -31 91 -45 9 -53 -96 -93 16 -67 -100 39 35 -78 -78 -10 49 17 47 -80 -43 71 -91 75 42 28 -90 -71 -22 49 -67 -94 -25 89 63 54 -2 91 46 -30 -93 -4 -75 98 -15 -78 50 -71 -41 -90 11 59 -48 -30 76 11 -22 -4 11 -52 -74 -84 -87 63 -52 -96 93 -2 
-99 13 -95 -94 79 80 -33 71 -30 -77 29 -49 63 -9 -71 6 45 32 -71 57 -17 100 3 -51 -11 45 25 99 56 -75 -66 51 -59 -48 -8 17 -65 -36 -46 84 99 2 34 -89 -94 16 14 -54 46 41 55 32 76 -51 -94 88 31 -53 71 54 -57 8 62 45 95 100 59 41 -58 1 -8 56 76 -6 91 -17 9 54 -93 -42 -32 54 74 -40 88 -41 -84 -66 -61 -72 -24 -67 -67 73 
76 -47 17 -15 22 -93 -81 -90 51 -78 55 -73 -7 52 50 -42 -73 -56 50 18 -95 68 67 -72 -61 61 -37 83 -38 -38 7 97 72 -45 -5 -61 47 49 -77 -8 94 49 -99 -15 -99 -56 -26 84 -8 38 -83 28 49 -84 -74 99 -100 40 81 -71 -92 -16 -79 94 51 16 58 2 57 7 6 46 -18 16 -66 -23 -88 -2 -95 -10 97 9 72 -11 55 96 -11 -69 -25 74 -93 67 -2 15 
98 -81 -3 -46 -45 50 53 -95 -86 -40 23 51 -12 -21 -97 2 -66 99 20 -54 -47 -76 -30 84 76 -22 85 -15 31 17 7 31 -12 17 -60 -31 -43 77 57 -29 -41 11 -14 31 -1 -12 49 -52 -43 88 -20 52 37 -25 -81 74 35 0 -78 86 -59 -67 -83 -23 16 83 88 -81 66 -60 23 -35 82 74 -24 79 -35 -56 -31 -60 -63 30 -79 40 12 -48 64 75 79 37 90 7 91 56 
-11 99 99 72 45 3 45 59 14 -43 86 -60 -85 -69 79 68 -8 -32 23 33 100 -34 80 -60 -59 19 -55 81 68 -87 89 23 92 48 33 -67 50 -68 68 28 -4 -24 69 19 -72 -44 -24 59 -48 -61 89 -90 46 6 -8 30 -14 -52 -28 47 -5 -27 82 -18 -3 -87 25 74 -98 -74 -22 90 8 -13 22 20 -50 77 -78 18 -53 -76 -76 10 39 7 5 -26 35 7 58 46 80 -90 
27 60 -8 21 -75 -95 48 85 -26 16 -11 55 -80 80 -26 13 54 83 42 -87 -42 -77 -4 0 -19 12 0 -89 -32 49 -26 -34 -62 30 -8 67 -90 -23 16 -67 99 45 81 -20 -60 73 25 22 -42 -79 71 28 71 5 -79 33 -1 72 -4 -21 -16 -29 -27 -56 -75 92 -26 59 -76 29 -41 5 57 86 48 -78 -87 -86 31 98 64 56 88 9 -56 -85 81 3 14 38 19 -67 54 83 
37 66 -83 35 -31 -2 5 -8 -56 83 -56 -77 64 97 58 -52 -90 88 67 -12 -26 -7 5 29 81 -29 -77 42 -70 15 28 -63 -17 -50 74 -62 68 74 -18 51 100 92 -6 46 -36 -96 51 -36 10 -99 12 -48 31 74 -1 69 -75 -72 -66 -66 -93 74 3 -7 95 -39 72 85 -18 -66 5 62 -95 91 84 64 75 -57 -32 -75 -37 46 -30 -28 40 -98 -87 -54 68 -18 -3 -87 -68 -35 
89 -16 9 -66 93 12 -18 -69 92 72 -96 -85 -24 6 -3 92 -28 -96 -6 -1 -89 -3 -99 75 -26 -60 -100 -97 19 90 3 -27 -52 43 21 9 29 -6 -73 -58 61 3 92 33 52 -38 76 88 -78 -17 -60 -40 -72 90 48 -3 -1 72 45 44 -89 -36 88 -55 -45 28 -88 -51 -7 -9 -72 -45 -72 88 -70 -21 -17 -52 67 16 -78 -78 -71 93 10 95 -72 96 20 -36 9 -93 -34 -68 
-7 -49 -32 -11 94 16 92 -11 -52 46 -54 -42 0 68 -45 12 -59 46 -59 -72 -82 40 54 -92 -32 12 63 -81 -88 -52 100 -42 -70 50 81 99 -68 -72 58 58 45 55 48 2 -88 88 18 22 48 34 83 -48 -17 32 -62 77 -41 29 -100 8 -20 -28 -54 75 52 80 -67 69 85 79 -6 48 43 -91 -11 -89 -79 -91 42 94 -57 17 -82 85 82 -85 -68 47 -90 90 4 81 -11 -40 
-39 -54 -80 17 -43 32 -87 31 78 -47 -55 -95 98 50 -14 -63 54 46 94 -72 69 24 -93 83 -39 -50 94 -5 75 52 -6 -2 -85 70 55 -49 -29 -44 19 34 -28 -86 -62 22 13 17 -7 24 76 -57 93 -53 -47 -50 -28 63 61 -16 40 47 -75 46 -96 32 14 -71 71 -31 -38 28 44 -46 4 -59 -29 50 -58 -24 72 -34 -58 -25 51 -27 -64 -30 74 18 45 23 32 -85 -64 -79 
-56 -74 44 85 -16 75 83 70 99 80 98 68 -68 57 -53 -65 18 33 -22 -82 -3 91 -60 14 48 -49 48 86 -46 -43 -90 53 -95 -5 -1 31 -94 -98 -41 21 -93 1 67 -66 10 58 53 36 -79 60 92 30 -95 -100 -97 -46 -42 68 41 -24 -19 53 -38 94 -15 36 97 -75 66 -25 34 55 31 50 75 2 -12 33 -59 94 -11 -19 -65 85 -16 44 -35 -16 -91 49 24 -65 -23 98 
50 44 -75 -4 99 41 -36 100 66 -89 -51 -80 -3 -66 -72 -5 -95 -47 31 -21 -8 36 -67 -7 81 -46 -94 30 -72 62 -20 -90 -16 -96 26 -65 -59 -63 7 10 54 17 -22 -46 50 -25 97 0 -51 93 34 -85 -90 -34 80 -13 -27 -70 35 -59 14 -8 -44 0 -6 31 -33 -36 68 59 -77 -50 85 -38 -1 49 -29 -16 63 16 93 -10 -42 -58 -76 -24 -90 -68 -34 -42 41 -3 65 -44 
-71 95 -38 74 -52 37 -41 56 -47 -4 93 -75 -37 84 28 19 -96 77 -28 91 15 -72 77 0 53 43 96 39 77 -39 78 92 32 79 63 25 -55 23 -19 -86 86 -18 -55 -97 65 72 -91 32 -72 -98 -51 35 63 -72 -37 12 -9 7 -93 28 98 -56 58 -22 -62 -56 79 -58 78 75 20 -19 53 0 95 28 40 25 -91 5 -3 -48 12 -60 97 -88 51 -37 -73 -63 -64 29 77 86 
-96 -70 13 4 14 -15 44 28 -12 -14 78 -39 -95 4 -69 97 -8 -93 31 83 -62 94 48 86 0 5 -6 -57 67 71 -84 25 48 -81 88 -35 88 -75 -28 -52 70 8 -65 -63 -62 76 -22 -11 38 -68 -48 6 45 94 75 75 59 53 46 40 24 29 -14 -9 -71 -57 -85 6 -73 -28 34 61 82 94 -92 -1 -77 7 76 -14 -63 12 -43 47 -96 5 -28 53 79 66 59 35 55 26 
47 41 -57 -16 -55 83 34 -81 -25 74 82 -32 7 -57 81 60 57 52 -46 -82 45 -12 -2 -85 66 72 -10 -12 57 -52 -23 76 56 -31 -97 -93 -81 73 -45 -88 8 88 -18 -54 42 -29 -68 -31 -55 55 -10 -27 -42 86 82 56 -77 98 96 50 -98 100 79 12 -88 -91 33 50 -97 5 -72 30 75 -52 20 -63 -49 -5 -83 19 -25 7 -82 63 32 56 -56 -87 10 -3 -17 -81 -94 -3 
80 11 -22 62 31 3 -71 -25 79 -13 19 30 31 -95 35 -97 37 72 -6 81 -27 55 -39 -62 -28 -31 0 68 5 80 2 34 -4 89 -57 7 -99 -71 26 49 90 59 -21 73 18 -41 46 -47 -39 45 -80 84 -3 -85 79 -68 61 -26 40 -12 17 97 -4 79 19 -98 58 -47 71 -67 56 -2 -22 68 -60 -57 95 -88 -68 -32 65 91 -12 -28 -95 -64 88 -99 -69 100 -38 -4 -4 -83 
-22 92 -11 26 69 -85 -41 -46 -98 78 -5 50 -42 48 9 70 -57 66 72 -84 51 -82 -96 59 66 68 94 -78 55 -7 -89 -93 -46 19 -61 23 76 -23 96 68 -98 -15 22 -23 37 -80 -10 76 -70 92 -67 26 -33 60 -76 -47 -21 4 -83 92 -15 79 -25 63 48 20 91 97 74 87 -16 -84 27 4 0 59 -11 -31 84 98 -36 81 -41 83 -56 6 -38 3 -52 25 93 80 -34 -48 
-4 -76 67 23 55 41 -69 85 -34 87 -30 -58 -42 -45 92 41 -40 -32 -53 26 -68 -100 -79 -14 -20 96 96 37 -44 4 40 7 63 3 -11 -93 -61 -33 -91 -83 -20 -77 24 -52 65 69 -28 44 2 15 -55 25 -12 66 -97 43 -27 -100 81 -84 53 -4 -53 -65 36 -36 21 28 -77 -75 -58 27 -30 92 -80 15 29 -8 -49 97 74 -56 8 83 -37 -83 84 -81 -65 78 -30 9 13 88 
-81 -29 7 26 65 99 -24 13 31 -16 -58 66 100 -29 -60 -14 5 -30 67 13 12 94 -90 76 -24 48 1 -93 53 58 -81 90 100 -98 78 60 16 26 -59 65 -52 -55 -83 -19 5 62 -63 20 -65 -77 28 -37 96 -71 94 -25 28 -76 29 9 76 100 -67 -60 91 18 -48 -95 -87 -88 23 -10 87 -52 37 99 50 -45 27 33 69 22 -88 -70 -93 -47 -59 37 -9 40 -83 25 90 -62 
-90 -1 -67 69 -2 -5 -21 -9 89 -59 92 -16 -95 -12 57 3 84 17 -98 -54 -31 27 58 96 77 -45 34 97 6 91 6 -63 -63 59 -45 -77 -75 37 100 38 -88 20 23 13 -3 80 81 63 -11 -87 82 50 6 -4 -72 -46 -87 -78 52 28 63 -63 64 -5 -56 99 57 -19 -25 -46 -49 22 98 77 53 53 92 -24 -61 81 -87 82 -69 87 -23 -18 82 99 28 65 -83 -92 6 -90 
19 81 -10 13 15 80 36 -58 -76 -26 -68 90 -49 54 -24 -68 92 -8 -70 37 -91 1 -39 37 35 -40 38 -37 93 15 63 -22 73 -93 -67 -73 -22 -85 -37 77 80 98 77 -12 96 10 28 53 14 22 -25 57 18 35 5 31 -20 73 -81 -56 15 -28 64 12 93 68 18 -17 -34 47 81 88 7 98 84 60 -72 51 14 5 25 -41 -65 7 -10 42 -38 1 -84 40 -26 -98 -47 61 
67 -3 69 -100 43 26 76 28 35 -14 -26 -51 49 -50 -70 -40 -86 93 -85 -74 41 -21 28 -22 41 -41 -13 18 34 89 -11 55 -23 -30 97 -23 -99 51 87 59 73 60 69 -63 -50 91 -50 43 -80 57 20 81 75 -34 74 45 4 -17 -31 65 -32 -69 -39 66 -60 -9 -36 62 -94 -5 -80 -26 -64 -81 -70 86 -44 -23 -11 6 -43 25 46 -45 44 -70 -80 -97 24 20 71 58 29 28 
-9 -29 82 -70 64 98 26 9 -47 100 21 60 35 -43 -17 -76 -46 38 -32 98 90 -71 -33 16 71 -3 -60 -79 -13 -72 -51 -81 -78 -95 74 4 -56 67 10 55 74 38 52 27 60 -61 20 65 9 -85 -58 -72 -28 45 -28 58 25 99 -24 90 5 61 22 75 87 -26 93 -38 96 68 87 88 9 -13 80 -49 1 57 -54 -66 -10 90 -57 44 0 -3 9 83 67 57 -100 57 -81 -31 
43 -80 -15 37 5 -18 34 78 84 -75 -66 -27 85 32 83 -32 72 -5 82 -41 -74 50 97 -78 -72 6 -13 -26 -49 76 -97 -26 -73 28 49 -33 2 70 -94 -79 24 -15 1 -75 60 35 56 -15 20 -61 96 -19 18 -64 18 -35 -84 -37 -54 85 9 46 -16 15 92 -65 10 -34 -49 100 -55 -12 -44 -82 7 -39 -54 2 90 30 -16 -51 -84 -99 -70 -30 -70 88 53 -44 77 2 33 96 
21 68 63 -56 -44 25 -48 -25 -50 97 51 -88 -74 -87 0 69 -81 15 -76 -80 45 -68 -69 21 72 -99 26 -33 80 82 -68 -100 98 85 94 -11 -54 23 58 83 18 100 -72 -63 83 -77 -91 -65 -40 8 -66 95 -38 53 -95 46 34 9 -92 39 55 -100 14 63 61 -2 -33 26 8 29 -97 51 46 9 -40 -93 -61 -33 0 64 -3 75 -97 11 44 -46 -75 -60 20 53 -41 -16 76 -60 
-30 -26 69 -1 99 -85 39 -50 50 -86 87 -9 50 45 76 -97 -72 -42 -9 -96 56 -33 -58 -54 5 -44 73 30 23 -53 -46 -49 23 -12 98 72 -72 6 3 14 -20 79 -77 -11 -68 -49 -72 57 -27 -64 94 -45 17 44 -40 -72 -39 38 86 -37 -45 -45 -58 10 -24 -24 50 -39 -82 15 25 13 -87 -61 -98 67 -37 -63 29 13 -37 -70 -54 98 22 -15 -43 62 -30 15 78 39 -48 -82 
28 15 18 -56 -84 38 28 -87 76 28 -79 -42 -71 28 -37 -95 -3 58 0 75 -68 65 -51 -41 92 47 -25 27 55 -1 -95 14 65 73 -72 34 -46 100 -47 -39 -38 -40 -31 -66 -27 7 13 -60 31 30 73 25 -40 -93 -15 -92 92 -27 -18 -5 -22 -99 -98 -22 -100 17 95 -65 -95 -74 93 41 -99 -100 95 89 -8 -13 100 -43 -39 -93 -93 67 -49 -43 -21 84 16 6 18 23 32 37 
-38 -71 -64 80 -79 -21 38 -87 74 -15 -42 -99 -77 -60 9 -63 61 -95 92 -31 -30 -44 -89 83 72 22 41 -46 -29 11 -63 -96 62 97 39 39 -93 -57 -79 11 12 74 -92 -66 -27 -98 -43 -77 89 -70 -90 -18 -52 93 3 -33 65 -42 42 -76 43 -69 -35 12 100 -23 -80 -91 -37 91 87 93 73 -45 18 53 79 11 -14 -98 -31 -18 -14 64 86 -19 -49 82 6 -23 46 -1 40 75 
6 -36 48 -44 86 79 99 72 59 -70 -29 -59 -97 95 26 75 78 73 93 -48 -69 -72 -100 75 -39 -90 -66 -6 -21 13 14 -93 -73 -64 -58 55 0 25 -57 52 25 45 74 -65 51 34 -3 69 73 -35 -57 39 56 52 49 7 -98 -10 -24 -7 -9 98 54 -1 91 93 -84 84 3 74 -56 61 86 -32 -62 21 66 -27 70 -17 -82 -4 -39 -57 87 68 -71 100 -92 96 50 -23 -33 68 
-29 -32 12 73 60 28 -38 -46 -50 16 -71 81 -97 45 -10 38 -60 77 13 2 -63 7 74 38 28 -85 -91 34 -19 79 -32 37 86 80 -74 35 36 92 24 -72 62 64 -6 54 72 57 94 59 -13 -67 29 -58 73 -38 67 -46 -44 -10 -37 -5 -80 94 -34 -82 -39 -71 45 -81 15 22 35 -72 71 -55 -93 75 82 88 29 8 15 72 -71 -22 75 -66 -24 -43 -67 -3 69 -44 77 -41 
47 4 -69 -26 20 -41 68 37 78 63 -75 -16 -42 20 37 94 -79 22 -54 -45 -31 22 76 11 52 -53 99 -50 89 89 43 16 -85 -63 84 -56 53 -34 -70 -11 81 -67 79 -53 94 -80 15 36 63 79 -22 10 33 69 27 -1 1 3 34 -55 -50 -31 -6 16 -36 53 81 -95 53 66 -33 85 -30 71 -96 76 -43 -80 85 23 47 12 -3 97 7 -12 -87 -90 -75 -52 9 -30 52 -45 
-14 52 47 -32 -10 58 -2 -96 69 32 -84 25 8 -12 47 -33 9 39 -99 80 -41 -74 47 55 58 35 -60 -28 87 23 -51 -100 -88 -6 18 -12 -46 -78 94 -94 -11 -54 22 36 1 -44 63 67 46 -62 -32 -84 73 94 71 -63 37 -16 17 -51 98 89 -98 40 -38 -51 69 12 -40 25 -74 -46 20 90 -63 52 72 -94 75 -48 -56 28 83 -3 47 51 47 -24 82 28 9 19 -21 26 
44 -84 -1 -82 -14 59 -95 71 -73 17 10 -35 85 23 64 -67 -17 75 -17 -93 39 -70 99 -5 -83 -80 -51 53 -54 -2 42 -80 11 76 34 28 -95 -69 -79 96 73 53 -42 90 -98 -100 -96 -2 -47 -43 -42 -99 65 -91 27 49 -43 -1 -72 62 21 -79 -70 28 -43 -99 -38 72 -9 -37 29 84 97 61 -85 28 -100 63 99 89 29 71 -42 3 -71 -3 80 -97 -33 -90 -94 -5 -17 -39 
-20 54 16 -29 56 60 -98 -97 54 -1 -64 -45 -47 -95 -65 91 -90 -91 -70 -78 45 -94 13 -30 -99 -90 -87 -60 28 -60 -19 63 59 69 -52 1 -37 -12 43 70 -15 30 1 -63 -8 -20 91 20 11 -15 -69 66 64 -1 54 48 -71 77 -9 -56 21 -81 -33 -79 -45 50 -56 -40 15 -34 46 -45 35 -45 12 96 0 89 88 -55 -24 96 -82 25 -84 94 63 -32 52 63 39 17 2 -91 
89 72 -41 19 54 27 93 -44 -13 -53 89 22 67 50 -58 -92 94 56 -60 -27 -22 36 -88 76 -88 15 -71 -11 -27 -33 100 95 -53 -31 27 -95 -70 -38 42 32 91 -54 13 -10 -15 -83 11 98 64 -88 -51 35 68 -86 -22 80 91 -13 -76 -62 -22 41 -31 100 1 -70 48 -49 -6 -74 -89 38 -40 6 -96 43 70 -63 51 -65 28 65 74 -30 15 -78 -4 92 40 -43 -60 -85 70 42 
-32 2 -25 -33 -9 -60 10 59 -22 -24 52 17 -11 -86 96 58 15 -97 62 -94 23 -83 97 23 8 -25 95 -13 -24 10 51 -56 17 80 -34 36 -39 -24 44 59 50 93 -80 -90 14 82 -23 24 -29 -31 56 -81 14 47 -48 85 44 18 -80 34 32 14 -99 -78 -70 -62 -36 -80 -81 -71 -82 77 9 -62 -87 7 2 71 4 -1 -21 50 -34 -90 -10 -68 -25 -29 11 -31 -9 97 86 -65 
60 2 30 72 -91 85 -73 86 -87 96 24 -73 -19 -10 -16 -68 -48 69 74 32 -84 29 -94 -72 -62 78 64 -21 17 -37 20 30 -64 -10 -25 -6 16 15 -48 -39 -97 -10 11 27 92 -77 -56 -68 27 -66 27 27 71 37 -97 -18 -60 -46 -20 -63 -79 -41 -31 -83 -83 25 33 -25 89 16 -60 19 46 19 -91 -7 -42 -71 56 56 -34 -60 -98 31 -29 -45 44 -42 48 -69 -26 13 57 75 
-31 66 51 51 55 -20 -50 65 -39 -47 5 -16 57 -70 18 -67 -30 -22 36 41 -9 -40 -7 -92 2 94 53 25 -37 -3 26 8 -30 -30 -69 -85 51 65 11 11 56 -21 -26 -7 82 -44 -18 -97 45 53 -22 48 48 7 -42 -48 -90 19 -25 48 -86 -59 -13 35 -90 47 -1 -6 70 -19 4 27 -30 81 -61 -77 -12 37 30 62 -68 16 -89 70 -45 -90 22 47 51 -95 83 -51 5 -7 
23 39 50 59 55 -17 73 -65 59 15 -62 -30 87 -5 68 -24 74 91 -100 -99 -26 -15 32 93 64 59 -38 28 51 61 -41 -52 -64 78 13 22 -63 -83 69 58 93 -84 -8 14 52 -6 -4 76 -25 55 -29 -21 -30 -54 76 31 60 -81 -10 60 97 -29 -56 28 -42 0 -53 90 -50 71 -64 71 34 66 34 48 64 -44 59 99 77 85 -17 -47 -82 86 -98 24 51 -98 -99 81 -45 6 
-100 31 92 54 -70 -41 74 -89 -87 -76 78 1 27 79 -18 1 -34 60 82 4 -77 31 94 34 -90 51 92 9 47 11 17 39 -77 -83 60 -2 3 21 11 2 -80 -26 -42 -68 -53 -78 23 -31 89 8 -92 34 45 50 -28 -2 46 78 -96 -75 77 16 -84 6 86 55 90 93 -53 64 22 -45 -100 82 -93 -54 -83 68 -62 -73 -11 -1 86 -14 -63 32 -24 8 3 -97 -44 88 15 -60 
-67 98 -90 -46 59 12 -11 -16 100 28 -1 3 -61 78 -69 37 23 -44 -29 -3 22 -70 -13 91 -83 61 -44 -42 40 15 -15 96 -6 -88 -22 -80 -33 -31 -4 50 69 -22 2 58 -41 23 76 -32 85 -35 78 24 -77 8 2 -32 -14 -55 -59 83 35 6 89 -5 -16 86 89 84 -75 73 -45 -35 -5 1 -86 77 -99 66 91 -53 -16 -55 52 42 28 65 -87 74 -52 4 70 -88 69 -1 
94 36 4 72 -35 -50 -26 93 86 38 3 35 -91 77 50 -62 -82 57 -6 94 50 70 89 77 95 99 -67 79 -27 -50 -47 -4 -84 -26 -51 8 52 -61 61 -98 -61 -98 59 98 4 86 25 52 -49 75 -25 21 -80 47 -70 -50 -90 93 76 0 10 38 -19 54 -28 -91 79 88 100 -19 3 48 -11 49 65 -64 -95 -29 10 15 12 50 -86 37 -24 -76 -3 -83 31 -44 -95 3 81 64 
42 -16 63 -7 -98 -94 -36 -99 -92 69 90 95 -92 13 -55 27 98 -85 36 -88 49 -28 40 51 -72 99 80 49 -11 -63 -46 23 93 76 -14 -38 61 64 -71 -27 79 -88 -55 -77 92 0 79 -79 16 93 -68 -79 37 19 -16 41 21 15 -13 -34 -36 -94 72 63 -89 69 -68 -4 78 -98 -62 -98 -78 50 -59 -33 100 -36 14 40 35 21 -95 -3 -39 65 87 -61 -77 17 -10 76 -15 52 
96 84 -54 60 3 87 48 92 61 29 5 24 27 48 -3 61 -33 -50 -60 89 -8 -19 92 -8 33 60 73 13 78 77 53 -42 -13 -82 44 56 62 -58 -50 -50 66 -90 0 -39 21 -36 31 -92 -52 -92 -97 83 16 -4 79 -29 -56 77 -3 -87 87 21 -40 68 -67 -78 -66 -98 64 -95 -99 15 -26 26 35 -87 -87 -7 -55 89 60 83 58 72 67 67 -53 -29 41 -58 -28 -74 -52 2 
-31 -95 -93 -7 88 -83 -83 -2 77 50 -30 -38 -70 51 48 -65 -94 -84 86 -73 -83 95 -70 3 23 -88 -72 98 94 -34 69 54 59 -39 -32 -54 29 2 65 81 24 49 48 -88 44 54 -65 18 45 -69 50 -32 -32 -3 -48 -58 20 -65 -17 -80 2 -34 31 -74 99 -7 -59 -79 -25 -1 -42 -55 -50 26 61 17 -51 47 -39 100 -47 -78 -99 33 -13 -76 2 -1 54 65 53 62 20 55 
69 67 43 26 60 98 -72 -17 -2 68 93 11 57 -37 -29 -78 22 -70 55 59 -79 -90 -16 -43 19 -77 -93 89 1 61 -5 79 -37 -27 9 -68 -41 -10 45 -1 -36 -54 67 68 -84 21 11 -24 -52 64 -32 19 -84 -11 -65 -87 62 -77 86 28 26 18 8 1 12 58 67 -46 51 -3 -92 79 13 47 3 23 -25 100 20 17 18 20 -96 20 77 -79 75 88 -65 -4 19 -19 -31 81 
-24 41 -31 -66 13 -3 48 -8 29 -42 -29 -17 -98 -72 -40 -18 22 -7 -56 -94 58 83 -83 -11 80 -99 -26 -40 -49 -98 -53 -11 -64 32 69 -90 -34 34 3 -99 -4 25 86 -42 86 16 -8 -24 -76 -5 -88 92 22 20 93 73 25 48 2 65 33 3 79 -61 14 30 0 -90 -64 17 -26 38 7 11 -76 -58 60 46 15 8 86 -32 89 24 58 -56 87 -23 -31 -2 52 35 -11 89 
25 8 20 -9 -67 -54 -85 -97 87 -82 100 20 95 4 -74 51 42 -81 -30 16 26 -29 -71 54 -21 22 -89 -50 -98 -98 -44 -25 -15 85 -60 -8 90 22 52 -55 69 -21 65 50 -60 82 -85 -36 -37 11 60 -6 46 39 -99 -64 94 -29 89 33 36 72 84 36 -50 24 -49 -25 -41 86 37 -23 -54 -11 -48 -56 73 -39 -49 -98 -55 90 44 6 -88 19 47 4 -43 -5 34 64 9 -32 
-47 -31 62 10 29 84 73 -30 -72 34 59 98 71 -1 -20 -60 -6 77 18 -85 -21 -4 39 -33 -37 95 -95 -95 27 -97 -12 72 74 65 35 23 -27 -76 -91 -79 -67 -34 -77 -65 19 41 -90 -47 75 -42 66 100 74 78 -73 -94 11 -49 44 -17 12 -29 9 -15 83 -25 75 -65 -10 -81 -33 -79 36 21 -22 53 -35 -41 93 -24 -9 78 -91 93 -14 18 -3 59 52 -75 52 -20 1 -53 
-8 41 -25 -55 -83 -99 -10 -18 -35 -48 -75 -16 -18 -91 -87 -35 26 -5 -41 74 -73 -5 53 61 0 57 7 -54 -99 -99 -2 -5 -63 -69 48 43 -39 -67 76 -64 13 -52 21 -67 -22 -54 -42 3 11 -93 -82 -23 84 91 -72 55 -86 36 25 32 -92 80 -48 -81 -29 -8 10 -8 -28 63 63 -40 -96 -11 -97 50 -83 16 -16 -62 -55 36 -10 -55 -11 -97 60 7 -20 96 -90 47 4 -39 
-55 -67 -26 45 63 76 -74 -64 92 -81 32 86 -63 -54 6 -6 46 -55 -84 -29 -95 29 -86 91 16 61 -85 -45 15 -39 -11 -50 -55 33 -85 -47 1 18 37 16 -95 -26 -18 8 97 -47 -46 -8 -97 73 0 -71 12 -57 -58 41 53 -59 -71 67 -7 11 58 -97 -54 -93 57 37 -25 50 53 -60 84 -16 -58 47 -8 65 -2 -86 -19 14 16 42 69 -30 74 -30 91 66 48 -22 -37 -99 
-99 -11 -66 -31 76 40 -18 -97 -47 50 -7 -19 88 -72 -55 46 -74 52 -22 49 32 -47 -80 -91 14 -23 -83 89 -51 7 42 -36 -61 -5 78 21 -50 72 -92 -67 -33 81 29 35 -11 6 -92 -44 30 28 -87 -58 -73 10 91 -29 -29 -71 62 0 18 -97 -78 -95 -32 -53 -5 -62 65 -10 -86 -26 70 8 89 94 -3 -49 -56 27 -45 -62 -85 66 11 50 79 62 -18 74 -15 -43 47 37 
39 66 98 87 -42 39 -18 61 10 -78 -25 -32 35 69 90 37 43 -45 33 73 92 -30 -16 83 -91 -94 50 76 99 -66 8 -87 -34 -88 56 -4 62 16 -24 -38 -78 0 99 30 30 41 -95 -46 -4 -45 -48 -1 5 -56 22 -73 90 -79 -43 77 -47 -64 -70 16 -95 -3 67 90 -24 -33 -8 -39 -35 46 -43 -13 -83 -92 86 -27 -81 -25 73 -27 -29 9 -6 -66 -76 -25 46 33 42 89 
-59 33 -37 45 -33 -96 -19 -72 60 -59 35 44 -50 -93 76 58 -43 2 -27 -32 -27 -41 -85 -98 4 -31 -72 -9 -79 -26 -66 52 -89 -99 -93 9 -15 -98 -32 -95 40 -5 73 -30 -27 -98 70 84 -36 72 -71 85 -62 -21 97 64 -84 -72 61 95 66 -4 22 -57 20 97 68 -91 -48 77 31 -88 -33 69 94 33 -84 51 -33 -79 -50 26 -3 63 41 20 -54 -64 9 -35 93 -46 -14 -84 
98 95 -32 29 72 32 89 -37 -80 57 -71 28 -65 -72 -12 -11 -38 -16 -65 -7 86 45 98 69 -21 -70 -48 100 53 -95 -32 -84 91 -84 -33 -12 -85 -84 71 -90 45 -70 -50 69 -25 40 -74 -32 4 -88 43 -94 -20 -60 83 13 -98 -39 -77 -58 61 -18 -90 99 41 -2 72 -99 -80 -51 -39 6 27 0 43 56 61 -45 96 -37 94 -28 -75 -100 99 -87 10 -42 60 -11 43 97 31 -22 
16 -68 -29 60 37 -70 -65 -97 29 57 58 51 31 51 -80 75 6 -43 -22 80 -17 -30 74 66 73 69 -79 28 96 -77 -82 -44 -27 6 12 -8 27 39 61 29 40 -19 -90 -72 -13 67 23 -63 25 -20 -89 58 -66 53 6 -49 -45 -25 10 -28 -69 -10 -20 -1 -17 -25 -88 -45 37 -4 28 -66 19 -100 1 -60 -19 -32 30 -59 59 -40 -78 -24 -63 -43 -11 -69 45 -53 18 35 86 83 
-61 -48 -25 19 -97 -95 25 -3 95 -23 47 44 58 -54 57 98 90 75 88 47 90 83 -99 -16 -30 -93 -25 97 14 -7 -7 -8 -97 6 -20 82 60 36 9 -21 98 -55 -74 1 30 67 11 91 73 -49 -99 81 -76 -100 -50 -11 -80 -2 -38 83 93 -85 -33 -76 -12 -18 85 -65 -51 -7 -91 93 -71 44 -75 95 18 28 4 -29 59 -99 4 -6 70 -23 86 78 -10 100 25 2 57 82 
19 84 -49 -8 -60 -29 91 11 26 77 -44 -82 0 -57 -10 -80 -28 -11 54 -88 67 -41 -53 1 96 58 -65 31 1 88 100 -17 -1 -28 -75 60 -40 -45 93 -83 -1 90 -30 47 -63 -5 12 -3 74 81 -36 -70 36 12 71 -85 -40 10 -82 -33 -59 81 69 34 -81 67 -85 69 17 -19 8 -92 -98 -15 -18 55 -19 55 -31 90 79 -20 49 -37 -85 -27 -34 50 8 75 81 11 -50 -29 
26 39 8 -34 88 65 -73 -30 61 -2 -70 6 51 -43 -24 -17 -97 -94 3 97 34 -6 -72 -1 -100 98 67 -45 47 -11 -86 9 -7 -17 -64 -37 -70 -57 94 -77 48 -72 62 10 45 70 98 33 -59 -97 81 -58 98 -65 -84 83 20 -82 65 82 94 55 -33 -77 41 89 -19 -21 12 83 73 -76 -95 -34 13 -25 98 98 44 11 34 40 29 32 -30 -39 20 -78 -59 30 82 -48 -46 -97 
-12 85 -89 -28 -84 -62 -6 14 60 -58 -99 4 -27 -18 -6 45 -29 -18 89 92 58 81 60 67 -67 -48 -33 -75 39 75 -68 95 -49 -46 46 83 -25 91 98 46 97 86 -47 44 -65 25 47 -100 -64 -60 -82 -78 -37 21 35 -90 11 -12 89 31 0 -11 12 -3 2 82 80 -10 -46 -69 -11 65 -56 98 0 -62 46 -2 58 -54 34 74 -24 96 74 69 89 -66 -74 80 66 41 6 -8 
-85 76 79 -99 -100 53 84 73 -97 45 -20 -78 21 -30 -47 -85 -30 34 -7 -99 -41 -6 -75 -39 -96 66 -2 -68 -45 -59 -76 90 60 -91 -35 -41 -23 81 39 50 86 86 14 -55 4 -65 -14 -42 -98 0 -38 54 -53 48 -60 -60 -91 -3 -85 36 -96 -94 24 59 -29 -92 97 50 96 -21 -31 -7 30 -50 68 56 -55 -93 70 -57 74 -16 -89 16 13 96 40 13 -73 47 -30 14 94 98 
-26 -77 86 -55 -68 84 -29 49 -33 -24 85 -5 -15 -55 17 63 22 81 -38 90 18 75 -81 71 50 2 -85 -99 6 72 3 67 65 -49 -92 46 38 -90 -93 -48 -42 80 -51 42 5 14 65 92 94 -49 -99 -98 -30 77 80 -83 100 23 -95 81 12 -72 21 23 -50 -32 -28 46 40 -28 93 43 -27 88 -59 -64 -1 22 57 9 -68 19 21 52 -46 -65 -40 -24 62 -95 -73 -53 32 34 
25 -41 66 74 -60 56 -17 67 -6 -39 -52 92 57 62 45 100 -72 9 50 63 -46 -30 15 -49 -3 58 -17 -56 -18 -24 -23 80 63 -74 66 -4 10 -66 13 87 -76 -9 -90 35 -56 -24 52 -58 -70 -84 49 -3 -37 2 -13 -17 -95 -18 -40 -68 9 -27 -99 93 48 28 90 39 -27 76 -43 75 21 -64 -22 -91 -21 16 -33 -75 8 31 -39 -37 17 16 12 -66 100 -48 -4 -67 91 59 
73 16 10 13 41 -37 64 -90 33 -52 -54 4 59 42 -49 -83 -3 51 -58 72 55 -46 -12 6 -26 80 57 -3 17 38 54 43 -84 35 55 85 -100 70 14 -39 65 40 -59 -41 58 -13 -3 2 -47 9 -26 -91 35 -40 8 -97 -40 73 -6 -47 -40 -99 18 72 -100 79 -17 -41 -95 -88 58 -83 10 12 7 -62 33 -94 -51 -68 59 77 90 -95 -32 4 84 25 7 79 34 -43 -77 -82 
-23 -42 -56 -79 -76 -5 -48 -89 82 -39 -44 89 -62 -68 -37 60 33 37 84 -21 -65 35 -87 91 80 30 61 -2 -60 -68 -16 -19 -16 90 67 -39 66 -94 -30 47 75 -84 -73 5 -11 75 9 24 -30 47 48 41 -58 14 14 3 -41 -32 72 14 89 34 31 25 73 71 59 -52 -46 -80 -20 -95 -16 47 -52 -29 33 -92 -57 -74 96 -94 38 97 40 -37 -56 52 88 -66 -41 -75 -48 40 
75 -96 27 -12 -100 85 95 3 -47 4 10 77 92 22 -95 53 15 -34 18 46 53 -61 70 -20 77 35 -51 62 62 -93 -66 0 -97 56 86 15 93 30 72 -75 -81 -79 12 -92 7 60 -49 -57 92 -67 -56 24 63 36 -59 -57 -99 -9 -76 73 98 -41 -97 -71 -19 -6 54 34 -10 80 13 69 25 52 -2 -29 51 94 43 -21 -21 -73 -40 88 -62 -75 -9 22 -41 10 -73 -78 -85 79 
36 -90 85 98 41 -48 -51 40 79 -55 -21 -36 37 9 95 71 -41 -4 -77 24 -91 -51 -46 32 27 72 -70 -46 -41 -2 18 -83 -98 -58 36 -32 -92 85 24 37 -7 24 64 -58 93 99 23 55 81 -64 -8 -20 -65 32 -96 -86 -19 39 98 18 72 -44 4 26 -36 -5 25 89 -7 -75 30 -34 50 69 -76 -73 -69 60 -22 46 -47 -97 -74 54 -74 -75 -3 34 -100 -56 -54 6 -56 17 
-54 15 -26 9 20 54 -59 96 -99 -30 12 25 -77 -18 63 -51 31 -12 -39 11 87 96 -84 -74 -42 -3 -11 81 -100 51 -86 -96 40 66 -86 59 27 -59 -75 -26 23 -76 -63 79 29 -30 -8 -55 4 -59 -81 -37 62 -35 38 -78 19 -72 91 -16 -1 50 -15 -10 26 7 -40 -46 31 16 -95 1 1 -16 -57 -40 -89 -94 56 -47 14 -32 -71 84 71 71 40 66 54 66 76 -75 95 -13 
-21 19 -54 36 -73 -44 94 -77 81 -28 -93 44 1 -36 84 -43 31 22 29 -9 100 -74 86 76 -50 -55 -40 -27 13 -78 4 -75 -32 -89 -83 5 -71 29 72 -47 98 -53 16 64 -33 20 -14 -20 -86 23 -15 -24 84 -20 85 31 1 98 37 0 -96 -30 80 88 2 83 -13 61 87 15 -100 -40 33 -39 -39 -48 -57 82 75 -98 30 78 -31 20 -73 59 -17 28 -93 -41 0 -13 47 -3 
28 -47 58 -9 -40 91 93 -12 96 -55 -17 91 -8 -31 -69 15 58 -57 -39 71 -86 -26 89 36 54 -22 54 10 -94 25 56 -16 -49 50 50 6 60 77 21 30 69 93 -11 -84 -58 -17 -44 45 69 30 -47 95 -93 -26 66 -91 59 53 29 -32 -98 12 24 -37 -59 -47 99 3 -50 55 99 94 67 72 -38 -39 -3 1 37 68 -93 39 98 -66 -84 -56 -3 -81 28 65 29 -88 -60 16 
88 -76 -14 -65 12 -71 54 28 -32 22 -38 97 -7 56 79 97 -68 61 -42 3 28 -63 69 -83 69 -9 49 96 -98 14 -33 82 80 60 37 -79 34 -4 75 42 -81 -25 -68 92 -36 -13 -21 -80 27 11 70 85 -91 -86 6 -68 44 28 57 -26 -35 -7 -73 -66 81 -88 -15 -4 97 92 -84 12 -96 -1 -16 -79 -3 -25 63 51 -59 -59 -73 -42 -19 -8 -54 -14 -51 -18 32 -100 -49 35 
-53 1 70 -48 1 18 40 16 62 61 20 2 9 30 98 81 -43 -18 -59 51 -76 -81 -59 27 -89 -82 90 31 -53 -85 -3 83 -80 -43 -77 76 -68 -23 93 3 87 -48 -66 -13 100 35 93 -8 23 -100 -37 17 -74 -100 -57 80 -40 -44 -40 27 -78 -83 51 36 82 97 -53 22 -91 -79 -86 42 46 -98 -28 21 -69 -11 12 -12 -38 40 88 42 -2 -92 -22 62 2 34 -11 -7 78 29 
-37 32 -61 85 76 -96 69 -32 -3 -4 -13 -80 -4 -24 -38 -12 -43 96 -53 46 -63 75 55 -79 66 -28 5 -24 -64 -89 -46 9 -34 -77 34 72 98 -71 26 -61 35 -21 90 80 97 54 -94 -44 76 52 48 -51 -83 -25 -13 10 -59 67 32 5 63 93 -82 8 -80 100 5 51 90 62 22 79 -2 -81 -21 29 28 -77 -95 78 -41 22 -79 -96 77 48 13 17 95 -27 -71 -91 -95 94 
-57 -22 -98 -52 47 -77 -6 36 -85 -9 78 79 -79 70 -46 56 92 40 62 -19 58 -5 20 -25 88 -94 -50 28 -61 97 -16 -35 24 75 -79 -42 65 -48 40 -36 53 -81 -72 14 85 -17 42 -34 -6 41 -71 -19 -20 -61 -13 20 -39 -23 -88 65 66 -59 -47 50 59 -43 -38 -80 13 -71 -38 -13 -24 42 -5 0 37 23 58 46 -21 4 -47 -55 59 26 -72 -82 83 -6 -59 75 64 -22 
-66 6 31 -17 -39 -42 97 -68 21 -77 -83 0 -76 -67 -36 -1 69 -41 45 -52 -59 -52 73 -53 6 -50 -3 34 43 65 -70 -7 -95 32 -53 -94 18 -27 100 91 -95 61 76 56 -87 -98 62 87 -55 85 42 26 -98 16 -11 54 -65 2 54 -6 1 -8 -76 48 61 -72 23 -83 -74 -48 -30 -11 -97 99 83 83 51 91 -39 -25 12 -40 52 12 8 21 39 67 -49 99 -58 73 -88 95 
-19 -40 -25 89 85 -71 1 -100 -56 89 -57 26 3 66 -65 -59 -78 38 -88 79 42 61 61 -14 11 10 73 35 -3 13 -85 47 -41 -82 2 98 -92 66 -85 38 -83 -19 58 -91 15 60 90 10 60 -9 -89 38 28 63 41 -60 -55 -56 31 -78 -14 57 29 -87 37 50 64 99 81 94 -55 56 8 -93 17 63 -14 -57 -93 -23 -63 80 -37 89 59 21 64 -13 36 -26 -95 -63 -98 -22 
26 26 80 -31 30 17 2 -49 -85 -91 -81 -88 34 21 -78 -20 -12 -4 51 -49 -79 89 -39 -20 -87 -85 42 63 -31 33 -98 -87 24 61 67 89 86 -88 98 76 -99 4 41 -35 47 52 -34 90 55 51 69 -49 -38 54 66 17 84 -19 54 -93 89 -47 46 -22 -97 87 -15 54 45 77 82 -75 45 -27 -97 13 10 -24 14 -99 -31 57 66 -41 52 -34 28 42 -51 22 21 -16 -10 63 
-77 -70 52 16 82 -59 -4 14 -70 55 58 -1 15 -45 -81 -85 -12 -59 -81 14 -74 100 -83 -22 37 -92 -6 5 79 49 28 -25 -53 -82 -71 -29 -61 31 93 22 100 -25 -44 74 8 -5 48 55 22 93 -40 3 -82 -12 -77 25 74 34 -85 52 -5 53 -84 -51 -77 73 -42 13 -52 42 35 42 -94 80 -77 -39 64 62 -86 -19 -47 33 21 34 2 60 -46 29 51 26 94 89 8 -23 
16 -68 37 -62 43 -20 65 -54 -13 -73 -93 -7 5 86 100 15 64 -63 -66 -43 -75 -56 10 75 34 -80 4 73 29 -63 89 -35 34 -76 -30 -100 -45 -20 -43 88 -64 18 -63 -7 -68 -70 36 -80 70 -99 87 71 21 47 -48 -42 70 -5 65 -7 97 25 -8 86 -77 -62 34 -57 -99 12 -58 85 -3 88 45 -95 -72 -38 -85 -99 -36 83 90 -83 69 64 -49 -29 82 -16 37 89 26 80 
35 43 61 -23 -16 -91 -89 -23 58 91 -55 -3 -61 -31 -2 -83 16 60 84 40 57 79 -96 -17 -52 -35 -9 -34 -1 -79 -67 -45 -36 -86 -98 59 -7 -7 -100 17 -23 32 -100 17 -62 23 36 -94 7 -61 -63 -81 88 60 -6 -11 91 -89 -90 -55 -81 77 45 -62 94 -67 -14 -85 -35 -22 57 6 -94 54 48 19 -83 -35 -63 -67 0 -11 100 16 73 44 -26 -44 -62 -31 -57 -88 37 -87 
62 24 41 -48 -96 -20 -43 -88 -94 -45 78 -1 -7 16 68 40 -87 -8 -100 28 -35 -51 61 39 29 89 58 -65 65 -22 59 50 -29 -59 26 6 69 -48 -20 -71 -5 -70 -75 95 -31 37 -42 83 60 -35 41 9 92 68 84 35 -45 -45 75 14 39 -13 -70 -72 98 35 24 45 10 -99 -76 55 -95 -24 -52 -40 68 97 42 -92 90 57 -25 -63 42 -88 53 -94 14 24 73 86 -100 55 
-39 70 -53 0 -69 -26 100 -52 56 6 84 -43 22 -9 27 45 -15 46 10 -24 51 33 -82 68 44 -22 -84 -46 -2 -61 24 -65 79 10 49 -22 -24 16 -27 84 81 -17 10 6 86 53 -5 19 31 -81 68 -96 93 -8 5 14 -30 36 51 -33 60 -47 67 63 -63 25 -66 95 54 -28 -30 -33 -54 52 -28 -19 27 -8 50 22 82 -67 -17 -36 -33 -36 -13 16 38 -3 95 92 -62 42 
-14 20 -93 -71 -32 67 0 9 -27 -39 -56 64 83 -54 -100 -15 85 100 -27 -5 -87 70 -100 -97 36 69 -13 -24 -88 -20 84 47 95 -15 -34 -70 -44 8 -60 -2 -86 -55 57 69 55 93 -62 -72 -89 -54 -81 -62 -56 -68 -64 -52 -23 -21 -78 65 -57 0 -71 100 77 5 -82 38 18 36 -68 79 86 -82 14 -80 68 -58 43 19 36 68 88 47 -38 -5 41 24 14 50 -81 -98 -28 -99 
-10 22 -98 93 25 -62 83 41 74 18 -43 -26 27 21 -63 -55 -20 96 -75 9 6 22 14 73 -99 -77 -15 -97 -21 -85 -12 54 -70 -46 -52 -94 -49 81 45 5 57 -95 8 24 44 -98 -13 -98 44 100 -79 -3 -54 -5 35 -28 -79 -90 37 -43 4 -8 87 59 11 17 -87 -52 -68 -41 45 -75 -99 -67 -31 -61 -68 11 -37 39 27 2 45 50 -11 44 19 -87 59 -3 72 88 77 -73 
93 34 14 -46 99 100 -97 78 -84 99 69 18 -92 87 73 15 -48 44 -84 -41 -76 94 65 -2 -36 40 -94 1 -93 96 50 56 45 -23 -64 -41 -73 73 99 -53 0 -47 1 8 98 85 -6 20 -48 -83 88 21 39 53 76 100 0 -27 -76 22 27 -36 51 -44 89 95 -31 -79 80 -52 16 -83 77 -60 10 27 71 -40 11 -89 -67 87 24 78 -68 -54 -100 51 42 6 11 51 76 64 
92 35 84 -88 -57 27 68 29 96 -2 -82 76 -70 -89 -50 -28 -45 0 -43 -80 98 7 -77 5 68 20 35 -10 -84 96 -100 100 -59 91 -27 -98 9 14 75 35 -28 55 -93 95 66 -24 -76 78 -44 48 42 20 6 58 -94 94 20 87 18 19 62 39 -3 10 -87 -95 12 92 -12 32 34 -92 -18 6 24 1 62 -74 93 73 -32 41 76 56 -67 -17 -53 12 1 86 -75 -53 91 -85 
