-17 -33 48 -78 -84 -6 32 9 -9 0 33 33 19 91 48 69 15 -98 -85 66 25 87 91 18 64 92 29 -5 59 46 -42 15 8 23 90 93 52 84 3 35 -61 -3 63 -83 96 -74 -69 -44 9 82 72 1 -40 88 23 -53 22 -48 39 -85 
-90 64 -45 28 0 -91 -61 -59 40 7 -69 23 97 34 94 85 31 53 42 -95 -9 -39 -34 34 -76 55 -31 59 -95 92 77 94 -23 -6 58 21 -88 -22 3 56 42 -40 55 61 4 54 38 97 31 65 56 84 84 -61 -85 -70 -4 48 -17 85 
44 -29 -5 -86 -47 19 55 -81 73 -44 -1 -74 -11 -74 -48 68 -24 74 -74 99 -45 -65 -30 -25 -80 -98 -18 39 11 -68 -10 98 87 -15 -58 -65 -32 8 -80 -74 38 -25 62 62 81 36 40 -36 -37 92 98 48 -17 79 88 -26 91 40 66 -86 
-56 -97 -34 32 51 86 86 70 40 91 34 64 18 -65 47 65 -68 9 -94 -11 30 -99 42 -36 65 -76 -36 -24 -55 69 46 -40 61 67 -42 -51 -91 -8 -26 58 -95 -16 32 -34 -77 46 -59 -95 -95 32 1 -25 -73 -12 -35 -30 33 -39 90 -60 
59 95 -52 -26 -97 4 70 35 -14 70 -89 91 95 17 58 70 49 5 -29 -51 91 19 -99 26 39 10 49 -43 54 -5 40 4 -86 18 72 -75 2 53 -6 58 30 -64 7 -81 -15 20 36 -91 -79 -100 -31 -19 -81 8 -64 -95 70 -82 26 49 
79 77 53 -83 100 82 -71 -21 -31 13 -41 -3 97 -61 -7 25 91 100 -59 -3 83 2 -13 39 30 -56 46 21 3 -78 67 -24 91 35 -22 -19 -96 21 58 -2 -80 -33 78 39 17 -85 -84 68 93 -11 -47 -79 -60 -76 -78 -59 15 -10 -14 25 
1 -24 -35 -40 9 44 -43 -98 60 -59 95 -5 75 -11 98 -14 65 71 -1 95 -5 -18 -4 74 -44 -64 -24 24 67 -17 -26 -95 86 22 -52 54 76 31 14 54 -99 -35 59 17 -67 1 13 -60 68 84 27 -20 -73 32 -36 -10 95 35 91 21 
60 63 84 49 99 56 -75 84 -44 79 92 4 -62 90 -39 77 90 -71 -17 -53 62 94 47 -71 -25 -50 -8 29 61 14 65 -95 82 -55 -26 41 -61 -57 68 -80 -30 -85 -62 -52 -1 24 -85 61 -85 -41 -52 -38 -11 98 99 -45 96 -93 -1 -41 
11 56 93 74 -55 73 -80 38 -49 -42 25 77 -59 49 90 -93 -85 90 -20 -60 -18 77 -91 -68 -50 -9 -94 -27 74 -11 -65 -18 -68 -92 87 90 2 -45 -17 26 -80 -73 20 -58 -76 -16 -37 -13 57 -13 -53 12 -51 -74 61 -9 -64 69 -96 75 
59 -45 48 72 -91 46 67 -30 -60 -58 72 -95 -79 -57 -65 9 -52 92 -23 48 -64 92 -84 -17 -2 -10 78 -65 -31 -37 -28 2 -12 -48 -100 45 59 -96 -6 88 36 30 47 -90 36 86 26 -89 -62 62 -50 -72 24 55 13 -7 28 -59 58 97 
22 93 -5 -76 50 -73 71 39 -60 54 -87 7 -26 -100 -18 99 61 8 -76 70 -47 -5 25 99 -26 -65 -11 -74 -55 -79 -24 2 -43 -97 48 -53 -80 -53 86 -11 0 51 -11 90 87 8 -61 -17 -60 -16 -85 100 62 -56 -98 -47 72 -7 76 -38 
-26 35 85 -64 79 22 -50 -70 -48 -27 40 4 81 70 -94 85 -90 76 -79 -70 -57 -80 -87 -29 16 87 -74 -22 -14 -45 14 -34 -3 18 -25 87 -40 -11 89 -10 -18 80 -34 -71 17 -28 -38 39 58 -96 41 -45 -97 80 55 33 27 46 13 27 
-59 -50 -15 -81 77 -20 47 85 42 -33 16 -97 88 43 -78 33 98 99 67 39 3 -56 47 -21 -86 19 -9 -67 -15 45 80 55 99 62 -27 89 4 -80 -73 -63 -61 -23 13 11 -33 -37 81 -92 -85 52 96 26 -11 66 88 -74 -16 -19 51 68 
80 10 32 -33 -99 -57 75 -21 79 56 99 8 -12 -48 37 52 67 55 42 -90 -24 -1 -57 92 51 -49 -26 52 -7 -81 47 -88 17 10 83 -73 92 22 39 -59 -82 -62 -65 29 40 76 21 61 84 -14 -95 56 4 -80 82 45 -53 41 -24 -57 
18 59 -41 88 32 -15 94 -74 24 95 13 -1 91 -28 88 -84 95 35 -37 -53 -92 -31 97 -50 53 74 65 12 24 37 73 58 -3 -6 -90 -43 6 69 -58 -36 -92 -84 -41 -69 86 -22 -67 -81 -64 13 76 33 2 52 -37 49 -90 -45 48 58 
27 70 86 86 -27 79 -39 -92 21 -44 59 87 -90 93 78 -69 5 -94 -32 70 4 -61 -39 18 13 -75 -65 19 67 29 96 89 47 -75 65 96 -78 -50 -42 -31 77 48 -4 49 -35 48 60 19 -8 90 25 -36 -80 -19 -97 -40 -86 67 -18 49 
65 49 -99 27 -32 -72 57 8 11 -7 97 98 87 -49 -37 -84 -51 -42 34 -25 -21 -95 22 -50 -49 99 -59 -13 2 -50 56 17 24 1 -41 -33 -56 86 84 52 -11 -14 -69 76 -10 63 46 -49 81 63 -45 34 -72 -79 -9 -7 70 35 49 62 
50 4 19 -62 92 -12 -71 -45 -66 -10 -9 -4 -89 -5 13 6 1 95 -63 89 -35 26 29 100 -18 -100 -7 -54 59 18 49 -63 23 -30 -41 -17 -31 87 -28 -52 56 -63 -40 -37 98 44 -36 -28 11 42 57 96 19 -7 -74 -94 -33 -59 54 1 
-34 -95 43 -37 -37 22 -53 -26 15 41 -35 -7 7 46 -99 -70 -34 -17 80 59 -72 -12 81 17 -53 -11 -52 -24 50 28 39 -5 92 -62 64 -19 65 33 -33 49 75 88 93 96 4 40 -50 -8 5 -13 -24 70 87 -96 -90 -95 -60 -44 59 1 
99 65 56 47 -65 -72 93 73 81 48 56 5 -19 62 19 -98 -16 -59 41 -76 76 96 8 -84 76 -59 -99 -5 80 51 -65 75 2 -30 38 -3 -78 -28 -36 96 -22 -94 53 63 -10 -24 80 66 -20 -25 94 -40 99 -14 -70 -95 43 -97 -70 -51 
-35 63 87 67 -67 -46 -46 -25 -58 -19 -29 73 56 74 62 -97 -65 3 -84 38 -99 74 76 -40 67 -54 89 90 24 75 23 -93 42 100 75 70 80 -44 62 -19 62 99 8 -31 23 73 -67 29 7 -91 65 38 -5 55 -78 49 99 65 -4 -80 
-14 -72 -84 -94 7 45 16 8 -36 -29 22 87 -48 32 -24 -77 -9 -85 88 2 67 -1 52 -8 59 48 36 -53 -34 33 -8 72 61 -21 94 -52 14 83 33 -87 85 25 -35 -6 -2 -31 66 11 18 -4 -73 -100 -73 68 -14 15 -66 37 42 -35 
62 -88 -17 -2 25 25 -11 -57 -94 93 89 58 -9 48 68 32 -44 -91 -96 -25 -77 80 -60 52 -84 -48 57 46 9 56 -27 -57 40 55 26 -17 -67 -12 70 2 -100 -94 16 -87 88 -4 28 42 -94 -20 -72 24 54 0 -76 -11 58 -50 -15 -65 
-15 2 15 60 52 -46 32 -89 97 78 -2 50 -9 -49 -21 -37 12 68 9 63 4 73 30 -48 18 54 19 -67 93 -15 75 -13 -32 -46 -25 29 47 -12 14 78 56 -82 52 -9 -85 -63 -62 86 50 66 -80 -50 65 -48 -83 86 22 -44 9 93 
-93 -67 -81 -55 69 -52 14 -33 74 -8 68 35 62 -53 44 43 -65 39 89 -56 21 61 -77 -3 -95 3 -47 88 26 45 -26 -7 -95 -42 -95 -58 -76 67 -48 55 -51 -19 -23 -40 -63 -83 -63 -23 -74 -79 -44 -45 -49 -50 74 88 78 -71 -38 100 
-98 -13 -87 -73 97 -6 81 35 -13 38 37 -95 -30 97 -32 24 59 -70 -87 -25 -60 -37 63 -49 -29 -91 -8 -3 -62 -45 58 82 59 -58 78 30 -92 -55 57 -36 23 -9 -68 94 94 5 -16 -80 63 71 39 39 67 18 -42 -21 39 -48 -36 43 
76 80 -8 1 20 78 15 -26 86 90 83 38 87 73 -21 -16 -77 -29 49 0 23 22 -23 18 -24 18 63 96 3 -31 24 -92 23 -29 -71 -87 -81 87 -81 99 -47 -21 8 93 -97 23 67 -87 -55 -23 65 -29 51 81 -92 46 56 -63 76 -16 
-19 86 -35 80 -83 24 -65 -16 -97 8 9 93 63 -90 -94 39 -73 -36 77 -15 31 25 96 98 17 -99 42 -8 -18 75 4 87 -71 46 -16 -39 -92 -96 -8 -80 97 -97 -4 -73 12 45 94 -32 -46 -10 -51 55 -8 -18 -21 13 6 -100 -72 -40 
82 4 48 -99 36 -37 4 -10 55 61 34 -70 69 87 -63 90 -9 34 60 3 18 80 -97 -59 88 -93 79 84 73 74 -73 -27 -17 -2 60 -65 90 47 -21 89 21 63 1 -59 -23 -1 31 51 -95 -97 -10 -39 81 -50 49 -28 -44 -79 -40 44 
-51 85 -34 -62 -99 18 8 -15 87 -53 -66 -85 -86 -85 -79 -44 -98 6 -66 -93 72 98 1 56 -34 -57 86 -5 -22 -93 65 -75 46 69 -49 -96 -82 72 19 -84 59 31 -79 -50 72 -98 3 -87 64 -30 -57 -6 97 68 -81 -35 -18 -2 -95 92 
-26 12 3 50 -49 -52 -14 -48 48 92 21 26 -17 13 76 82 38 97 -89 78 -79 7 80 -80 -30 -16 -29 -15 86 -46 -71 51 87 -36 48 33 -16 18 -79 72 -67 84 64 98 25 -18 -65 -76 36 -99 5 96 -39 -31 -10 33 100 -62 68 -98 
93 -57 40 -69 -66 -95 -12 -10 84 43 -72 -76 -50 39 45 39 -50 -77 -94 95 89 66 -100 -22 27 55 16 -5 -98 67 46 -49 71 13 -42 -95 -35 -64 -57 57 10 -73 -54 92 -73 25 59 73 -71 39 -5 10 83 -23 57 93 -81 -54 -89 -96 
-6 -37 -40 -60 87 -61 -35 77 -26 -32 43 60 79 -8 51 16 -78 -17 50 53 -43 -85 -20 100 -81 21 31 42 45 79 34 64 -16 -82 86 11 -70 -35 12 -17 19 45 -6 -49 10 24 56 14 25 6 48 23 65 -61 60 91 -74 -21 50 -56 
43 -13 -7 43 11 98 -95 71 44 -66 -23 -73 -98 -79 -14 -47 56 38 28 41 -45 75 -53 22 -2 56 90 -99 -54 -62 17 3 -97 75 -89 57 -5 86 21 -97 -16 51 -35 -66 -99 13 82 100 43 59 37 82 50 -25 -80 -79 37 -72 33 64 
-12 -10 -28 32 -37 25 -6 67 73 -17 -54 53 30 30 97 100 -33 47 76 -49 -98 59 -30 -18 81 73 84 -1 36 98 13 100 100 36 38 -94 -6 20 -81 -95 -48 16 -76 96 -24 -24 -1 -51 18 35 -38 -98 6 27 -20 12 -82 -87 -15 -85 
-55 77 25 30 66 90 79 92 20 -39 29 32 -51 -10 -25 19 -18 -97 -75 -2 -50 4 65 -39 84 36 -52 73 86 -62 0 -89 -88 59 52 33 -81 -64 36 -74 -20 48 -57 -54 -53 14 -85 100 -56 86 90 -73 -1 92 -42 24 -86 94 34 -71 
-10 -74 -45 -36 66 59 34 92 -26 29 -73 95 -90 48 -28 100 30 18 -85 -12 23 -56 17 45 -85 -45 80 22 41 -57 84 41 57 91 49 12 68 11 -2 87 -21 -96 31 53 79 39 10 0 47 -9 20 89 -95 61 -38 22 -14 -8 -89 -40 
-53 -7 81 18 -65 -39 54 40 -43 5 89 -75 89 23 -78 86 92 34 -84 69 1 62 -40 49 -85 -54 58 20 -75 66 -93 -72 -24 48 -97 21 -83 -28 74 -66 65 -72 5 -81 11 40 -50 86 -53 26 -16 -100 -43 -5 85 91 -46 66 -96 32 
-33 -85 1 -91 100 76 -30 -11 62 -20 73 -7 16 -50 -100 -98 12 96 -79 -12 -91 74 -53 11 -60 -60 -25 3 100 76 64 20 16 100 91 -95 84 68 -48 18 -58 87 -42 -88 -55 52 -28 40 52 36 -36 -1 -64 2 72 97 94 38 -76 -70 
-25 -81 38 -84 98 -72 -28 12 -48 -16 14 52 -96 -52 48 26 -38 -93 30 31 39 51 -92 -81 75 -55 -67 80 -25 -17 -34 16 -69 34 39 24 34 41 39 58 -100 -51 23 -61 -21 85 78 68 26 11 -57 -43 -56 48 -59 11 6 3 38 12 
73 -5 -94 44 58 19 61 -77 -43 5 83 -1 52 -74 45 -50 80 -71 -50 38 -83 99 19 -38 50 43 78 16 13 39 -28 -79 48 90 6 87 36 -48 38 -21 93 -27 57 73 17 49 95 -55 -69 -76 -29 -52 75 -82 66 89 -96 -73 -40 15 
0 45 -59 14 9 -85 -31 -100 -60 36 50 67 93 -41 53 57 -99 -78 -63 21 -50 55 82 -82 66 99 -72 -3 -94 18 24 30 -25 -54 -98 -89 -50 38 -73 28 24 31 60 84 -18 -81 76 91 -46 -62 85 52 4 89 -28 44 -11 14 -85 -70 
54 17 -14 80 40 24 22 56 31 -11 39 -59 -100 68 -33 -16 -94 -100 87 -50 -30 8 -6 -48 -94 -57 -8 71 6 -8 -4 -79 -88 15 5 -24 1 24 83 41 15 66 -26 55 -31 53 81 -48 96 -51 -48 87 43 -41 17 48 -36 66 -50 49 
-57 30 -16 93 -92 4 -37 61 -28 -15 -87 -84 1 88 -82 22 -79 -100 98 46 -81 -14 100 12 -43 -48 -58 -92 -1 39 -49 30 -13 -7 -100 93 -66 29 -36 52 -91 -89 72 -30 -30 61 17 -4 4 6 -30 81 -80 91 -66 -40 84 4 -54 -16 
-86 -6 -78 -100 -57 -81 20 -59 -16 48 -37 -33 -14 -52 2 69 59 -98 -19 32 8 95 -26 -71 -64 100 -37 89 23 -61 37 70 49 -40 -13 58 40 74 91 43 93 -13 -45 -87 94 66 -66 97 -37 -37 85 -97 68 68 6 22 -9 -34 30 100 
-3 -55 49 -39 23 -36 -32 72 95 -10 45 -86 -35 5 -50 50 41 44 69 95 -35 -37 31 -41 -72 -82 -10 53 34 35 5 -91 34 57 -62 -64 62 -35 -62 42 29 65 -71 -9 -45 40 -52 -83 26 6 -1 87 37 30 2 -61 78 100 -91 38 
97 28 -6 92 -95 90 -73 91 25 -57 61 -69 89 -46 -75 34 -69 -22 -90 -53 4 -82 -78 -25 -83 -100 -23 35 -47 -94 55 -19 99 -5 35 6 -85 -43 95 -14 54 73 14 -92 -32 -45 95 -77 100 56 79 -76 81 74 85 11 24 15 -57 -88 
-96 63 -12 47 -87 69 -70 -41 -81 88 74 12 78 -100 15 -91 44 -4 -93 99 -47 23 37 43 -97 -1 61 37 25 -65 15 -26 77 24 25 -69 91 50 -36 2 20 70 -64 4 42 52 -78 3 97 16 -51 35 89 -56 -26 11 21 49 -67 -46 
6 -96 -49 36 64 34 42 -4 -60 -68 -52 3 -20 5 46 -73 87 -48 -60 87 62 45 65 23 94 -83 -65 -58 45 69 90 -39 45 -76 28 -59 27 47 -60 100 13 -36 -93 -37 -91 84 -14 -30 0 21 -98 78 -40 30 -82 77 52 -76 -17 -46 
-64 41 -81 -75 -72 -23 61 44 23 -4 38 -60 -47 98 41 7 -73 -86 -89 -6 84 72 -91 -64 -51 -40 -93 49 75 46 87 -49 85 -93 -2 60 32 -82 39 23 -40 -2 -76 -2 -58 78 31 -40 96 40 -71 58 22 7 34 40 -30 37 81 25 
90 -84 75 67 -89 -24 50 94 -65 63 95 21 13 -19 -63 -14 66 -83 18 9 23 -59 -54 -17 79 -99 93 81 -49 89 8 -82 61 -10 -28 29 -26 -7 -44 -96 53 -15 -6 64 -44 -42 51 54 74 9 75 44 -53 37 50 52 -2 27 -11 20 
-37 -11 22 55 25 44 -7 -49 40 62 -54 77 -43 -78 64 -54 -89 32 -58 47 -42 -74 -46 -70 35 23 -47 46 -81 36 2 14 89 70 87 2 -3 43 17 -9 -92 -33 72 -18 -92 90 -64 -38 24 28 -85 72 82 61 -71 -21 7 97 26 -82 
-90 -83 -85 47 -24 -28 55 85 -11 96 -21 71 -41 54 30 92 76 91 32 -57 -19 25 -96 -39 66 52 55 -28 37 -14 -13 -99 9 68 93 -66 72 66 55 -98 -36 72 -12 37 42 -91 -96 -53 23 -3 59 38 -22 -46 -21 4 37 46 -71 2 
-30 -2 -14 0 32 39 74 87 35 -14 -4 -24 45 53 5 -30 48 -8 19 76 -18 75 -1 4 73 52 92 -30 79 51 -27 -83 -80 -68 -56 76 -58 -8 87 -61 19 -1 -21 -45 -51 56 -91 81 17 79 48 53 -7 26 65 97 76 -75 -85 96 
-61 -28 9 -76 -69 64 84 10 -9 87 31 -5 4 -63 58 -3 -7 29 -33 -82 -17 45 44 -35 70 -27 38 12 -5 -28 -76 -83 56 96 -97 -48 20 -14 19 -89 4 -28 56 -67 34 -49 -93 -43 -31 -72 -9 -49 -99 68 -24 -23 0 -28 -16 -75 
9 23 -75 -76 67 -59 68 67 -64 -27 31 50 -96 -35 -70 31 2 -52 2 -97 83 -84 99 16 -38 68 -78 -16 66 2 97 91 -59 -80 67 -3 -96 80 -29 51 50 -94 -87 -63 -74 -24 58 0 55 -21 -6 95 -31 -14 15 97 -8 13 -8 -22 
87 94 64 -67 -82 -63 -88 69 -23 9 3 39 -48 -28 -7 84 -88 -24 -85 34 28 -76 56 -25 -73 58 81 -43 86 22 -10 -100 47 -16 20 -98 -72 26 -66 -24 -33 39 5 -39 -52 12 21 0 -91 -86 -97 -21 10 -67 11 92 -78 -43 90 -88 
30 74 -45 -100 -9 55 14 17 -37 98 -27 80 84 -95 51 44 -4 9 -52 77 36 18 -35 -91 -57 -59 -56 -30 -48 -86 -61 6 54 -37 7 -61 -49 -98 -29 -30 6 51 -33 24 23 24 -51 -82 -55 16 61 60 9 -1 -34 72 -64 6 -4 19 
-52 86 64 -30 76 23 5 47 -52 88 65 82 59 -88 98 18 -15 -23 89 90 -73 74 8 -53 39 45 -55 -12 79 -22 -22 90 -19 60 28 -57 -28 -69 18 -33 -84 69 29 -45 67 -64 59 -45 -100 -53 58 -39 -66 -77 33 -7 30 -39 -81 38 
-89 22 -16 65 95 -75 -100 -30 50 45 -43 -32 5 63 -60 -20 -76 -80 32 -97 9 28 -42 -85 57 5 -98 76 7 48 71 32 -54 35 -89 -95 -95 -21 -8 64 -72 62 72 -20 -37 -4 86 48 -69 66 0 86 5 -67 42 -40 -42 99 -15 -30 
-12 -68 78 24 49 -41 -12 -32 -24 96 -29 45 -64 57 -93 -95 39 23 -56 -44 -13 13 4 -73 75 -66 -9 -26 60 57 -72 -12 91 86 83 15 -87 47 5 -53 -48 -16 41 95 70 56 68 57 14 42 -85 27 32 -72 -9 -100 60 -9 -24 68 
-92 -69 -63 78 -20 89 5 -58 -96 69 50 17 80 -94 -46 85 48 -73 53 56 -98 29 -45 -88 -85 5 -88 -24 -92 67 51 -59 8 -21 2 -64 -96 88 -14 -38 -9 -83 -44 61 -76 88 -74 73 -99 -87 45 26 -52 11 -46 71 -75 64 56 82 
53 -64 78 18 -14 79 -28 23 -83 2 33 68 -56 65 47 1 34 35 99 72 -2 25 -82 -61 -82 69 -14 -24 -8 81 30 -34 -73 -75 -58 -83 15 -39 86 4 44 15 45 -50 -66 60 44 65 96 95 91 37 47 -19 52 -52 -53 71 88 44 
-50 55 -21 58 -95 -59 42 -99 -22 -89 41 83 -25 17 -60 -5 -70 -74 21 42 -65 74 4 -23 97 62 56 -62 42 83 59 94 -29 -2 12 -4 -13 -11 -77 13 89 34 21 -32 65 -14 -46 -27 -93 6 -23 -13 21 -1 23 80 -36 55 -34 53 
25 76 55 33 -89 -66 48 -99 47 32 88 92 44 27 24 -23 100 -78 -99 61 11 -94 55 -82 -57 -12 -94 67 100 -37 94 44 -62 42 87 -80 82 52 79 59 86 -75 91 -73 48 39 -26 -25 -79 -37 56 65 10 -72 -82 48 64 55 84 -39 
36 8 86 -6 93 65 67 -46 -29 66 -42 -97 100 -42 21 41 -91 22 -90 1 -21 -97 89 21 79 14 31 -83 -17 35 -16 -70 -76 -57 -43 -85 70 99 -80 -12 -96 -49 -53 -88 88 -39 17 -46 6 -38 -6 -71 -28 3 -18 -56 -92 66 54 -36 
-73 -6 -68 43 -92 68 74 69 74 5 82 -28 100 -31 90 -50 -62 -77 9 37 85 -23 91 -81 -18 91 94 -45 -8 -7 -69 -9 -89 -53 18 -93 -24 -56 -48 56 -9 -6 -39 25 -45 -85 -10 70 -47 -76 -92 -57 -35 -29 -16 -6 43 -86 -47 -89 
-55 -78 -4 16 57 21 -72 71 54 -33 -77 41 38 -34 49 -74 44 74 82 18 -3 -24 -35 71 -64 -38 -47 71 100 -69 58 66 54 83 19 28 50 75 19 43 -14 -10 -96 41 -31 -72 83 -56 31 76 40 -53 -66 -16 23 72 64 74 87 55 
4 42 -57 -84 49 -30 78 73 -3 62 35 -64 42 -52 -68 40 38 92 9 27 -46 -24 32 78 -52 13 98 70 -28 89 57 43 -45 22 16 -48 9 72 -34 -12 -77 -52 71 -62 69 -54 66 76 52 100 -91 -12 -78 -14 -79 75 -15 70 -52 -63 
-48 -69 32 -57 15 -57 52 82 4 -78 -26 81 16 -73 91 36 -81 35 38 57 27 41 -39 54 -71 13 -47 65 42 -2 -79 -13 -8 -8 2 -52 -71 -4 55 -3 -51 29 -41 -5 66 -58 27 30 -70 54 35 96 57 93 -29 46 86 62 91 -77 
-22 -14 -6 -44 72 46 40 -23 23 -55 -8 -7 52 65 -16 -80 -6 42 95 52 12 -84 19 69 -36 -7 -7 -18 -85 -4 42 -96 -92 38 -68 15 98 12 -77 23 -7 88 80 -45 32 -10 54 51 -62 -88 -20 -31 2 63 -15 98 74 97 12 19 
25 11 -18 -12 -12 56 0 -78 -8 48 -53 -36 -18 -97 95 2 77 -55 -36 -81 -32 -71 -1 44 -23 44 6 61 59 -88 -31 -46 -74 -41 -88 14 68 30 91 -54 -82 44 -56 -66 -100 -5 -54 63 -36 -43 -52 1 7 39 -68 74 -26 86 -90 18 
-77 20 -45 66 -56 44 74 92 90 60 -1 36 73 50 42 -91 76 28 -84 90 30 -66 89 77 94 -87 -80 -2 28 -66 56 -29 52 23 35 -75 71 16 40 48 10 10 74 11 50 0 -12 97 -98 -39 57 -88 96 -37 -77 21 37 -67 -7 -20 
54 -34 29 35 36 27 97 -8 54 -64 65 92 -39 -44 -48 -58 -71 20 -96 -4 16 70 -34 40 -51 -54 67 -44 -30 -63 7 -52 -86 99 90 45 -19 -46 34 71 -59 38 -33 23 -15 74 -17 17 97 35 9 7 -31 -31 -87 33 77 97 84 -86 
-5 60 -79 25 73 -99 -50 78 -15 35 -3 -33 -5 61 12 58 59 50 -16 28 13 -94 72 18 87 -80 -4 -65 -49 66 18 38 -76 83 -27 -48 -78 -34 -59 51 -5 88 -16 99 23 -68 28 -4 -51 -97 73 8 39 77 31 -15 -83 48 92 -18 
26 38 -26 68 -34 -84 -52 -31 71 -20 61 -4 -62 72 44 96 -76 73 -70 -93 46 74 97 -64 -99 -17 54 89 -85 26 97 -98 28 -4 15 33 -42 12 -54 79 83 40 -81 -44 85 79 -29 29 55 44 24 -42 83 -38 31 -18 57 -17 -2 -13 
18 -11 -87 58 64 -89 100 -26 87 -68 -52 -95 34 -60 11 1 -78 100 20 -46 9 -29 -90 -94 -61 96 78 39 9 -47 72 99 2 58 -87 -73 -86 -39 -60 -39 -38 -30 73 15 -16 -4 -17 26 28 -22 0 -8 -88 -37 -74 -61 17 47 80 73 
65 47 95 -29 44 -20 4 20 5 51 9 -37 -69 -80 -68 8 45 -19 78 10 -6 -6 43 37 92 -94 89 -71 16 21 37 28 -50 -81 -46 -9 2 -48 72 -13 -43 -69 -50 92 89 -3 -62 31 -31 -40 77 68 -2 -74 10 80 -3 0 74 -23 
-29 53 -61 93 61 22 18 -22 0 46 85 69 -83 -31 98 55 -76 4 -54 61 48 37 -27 -96 31 99 -41 -28 -42 -32 93 32 -62 -81 -53 -86 -29 59 91 -95 -63 13 61 83 64 -49 -47 41 83 4 -96 -93 -82 89 -18 -43 -75 -94 -44 -42 
-12 68 -47 95 3 9 48 -61 -63 -91 -80 79 3 6 51 -7 -8 1 -87 58 -3 -57 40 -61 -22 -28 88 -94 79 -75 53 -61 75 -33 -17 44 79 61 99 89 95 73 -42 72 59 -83 -61 -10 -60 -68 6 -55 36 64 -50 77 -33 -85 -72 60 
-15 -96 99 7 64 -23 73 49 -74 -88 -49 -36 -42 -39 63 30 -69 -60 -48 -22 -28 2 82 1 -22 -17 -15 -92 0 29 21 12 14 82 -79 12 -64 -5 29 11 -29 13 65 47 -78 85 5 28 -77 -4 -55 32 15 -89 -88 82 47 58 -19 -24 
21 57 16 -75 -11 -6 53 -47 -25 54 -89 31 -66 -60 46 57 -55 -20 -72 95 82 -25 34 -27 100 59 41 60 27 11 -73 83 8 -57 96 89 72 -46 -43 -1 24 88 22 -90 66 -51 84 29 -97 65 -56 95 -66 65 -81 48 -43 -77 -57 -90 
-11 -4 -99 14 94 89 -44 93 91 24 -89 -71 90 52 75 -14 -62 60 -1 84 72 5 -51 74 91 21 95 -20 20 -81 89 4 -7 76 -24 -57 -6 73 -25 37 79 -97 45 61 81 5 73 -72 -1 28 52 19 -84 -97 -86 -86 99 31 48 33 
-80 -24 15 -23 -98 88 96 -56 100 72 -31 55 54 18 18 92 46 97 16 46 -28 62 13 48 80 -7 0 50 -28 -69 -96 -9 5 -71 -5 59 -19 71 77 82 -78 35 -62 62 -95 21 73 31 -6 -28 10 -60 28 20 29 -44 -38 -92 -1 -51 
-67 52 -93 -55 89 -50 30 78 41 -68 -76 65 13 6 -56 87 -67 -58 -40 98 -84 26 16 68 -97 1 17 58 53 15 -4 47 10 22 -10 55 -19 -21 -77 23 -18 77 32 -64 22 -90 79 -41 -71 6 53 3 43 80 43 62 77 -85 -49 62 
-35 -42 -88 49 -96 58 83 64 -56 51 84 36 -20 72 -68 62 -9 31 -83 91 71 -63 73 -100 -58 -98 -19 -5 60 -98 -84 55 -98 74 13 -6 -29 -1 23 -11 77 71 65 55 63 75 -54 -91 36 -46 9 -89 -42 98 -93 26 -39 -94 88 -36 
88 27 66 76 -55 21 -2 -26 -90 41 38 -83 -13 82 -73 94 -8 2 -79 82 5 -49 -43 -5 1 -49 -100 -50 -85 37 -2 -82 -30 -77 -52 64 -85 72 61 67 -76 -44 32 -31 -23 92 39 -33 25 59 -77 36 36 29 28 -52 -84 17 16 21 
56 41 5 97 -52 -84 -77 -46 100 -70 -20 84 37 -92 5 -25 -22 76 50 60 -67 51 -23 -94 36 69 62 -23 -35 -53 83 67 94 -29 4 15 64 -11 61 42 17 1 24 22 25 75 18 -30 44 3 3 86 -87 74 -65 68 -97 88 0 74 
99 -16 21 -53 -3 26 -96 -81 73 -20 -73 39 -63 -65 42 -64 71 -62 -13 97 90 -66 -31 83 -10 -33 71 -55 -65 -22 24 -15 -2 65 -12 -37 56 -76 -82 -68 -14 30 48 -96 -56 91 18 -39 -37 100 36 77 -52 91 73 -82 9 -42 41 72 
16 -21 -47 44 78 -68 -94 98 -42 13 4 -90 -56 97 -90 24 47 -100 8 56 32 8 16 96 66 43 85 -82 90 -31 -85 89 44 -77 -93 -16 20 3 71 -9 -12 -92 -10 -48 74 86 97 0 87 -82 99 99 73 64 -9 53 64 77 62 97 
-44 53 -64 -61 48 -37 -70 -30 84 -54 27 -13 86 26 9 20 25 -62 -45 -1 -49 -77 -11 -46 9 82 -66 19 99 -70 47 28 -75 -41 87 -31 27 -77 -74 -41 -9 58 37 49 74 -8 -46 -98 93 -72 -2 8 -74 36 96 92 100 -67 -57 22 
-24 47 -25 11 -72 69 47 56 -60 -65 7 79 38 57 -92 -30 62 41 100 99 -77 -60 44 98 49 16 41 22 68 56 -26 -19 19 -42 84 -25 41 5 53 -52 69 99 -49 -68 32 23 71 -58 45 -6 -53 -10 43 85 75 -6 8 -47 -52 -62 
92 -82 -22 -82 -54 35 75 -23 -59 22 -54 90 23 -32 -23 29 -47 2 6 -88 97 -73 -20 84 -69 -6 -43 -41 -52 -2 -14 -72 11 -72 18 -28 95 -89 94 -56 -20 71 -75 49 -70 -77 22 -13 -99 -42 -22 16 100 24 -55 95 -82 28 62 -72 
-40 -63 -42 83 41 -67 86 -61 -99 79 -3 -96 80 -72 -65 -67 -42 -88 -9 -45 50 -56 -24 -22 -29 53 -4 48 -32 87 -2 -45 81 1 -52 -68 -91 16 51 16 93 -94 -52 66 -7 22 64 -39 -76 80 -37 -82 46 16 89 50 81 -5 57 -27 
-62 -62 -42 -82 31 75 59 82 -5 -16 -45 18 21 -73 -59 31 -7 7 25 18 -60 63 -37 -89 24 -90 61 -27 2 95 57 12 84 17 16 -23 12 36 1 14 -57 98 43 50 -42 -43 11 -94 -32 -10 96 -88 43 79 -66 -23 52 32 -81 -90 
69 -3 29 -24 -22 -84 -61 -1 -64 47 -13 45 -21 -94 35 -95 -3 -30 -32 65 -100 -93 -58 83 11 -20 -59 79 -8 -65 -14 15 58 22 77 16 -17 -33 -46 -68 75 75 -31 -94 53 9 -13 -87 50 63 68 75 -92 99 2 -11 -41 96 17 -55 
12 -73 8 -84 32 -23 -83 34 32 59 78 -5 77 -37 27 20 28 -22 47 -83 7 -77 58 -99 -95 35 97 9 -66 -10 -65 -8 -14 18 -28 47 -50 -11 -25 12 11 89 -51 -87 -37 39 -93 -49 -47 8 93 0 -58 -6 -90 79 86 47 63 79 
80 -35 35 58 -89 -25 -1 -26 98 -7 69 -9 15 8 30 -17 -99 62 63 6 -17 -70 69 -9 38 -69 84 87 26 50 2 -81 -56 -25 -38 -77 17 48 -97 -18 28 34 -12 7 39 -51 -48 68 36 -39 -17 -41 68 -2 55 72 -12 -41 4 60 
-50 -30 -90 -74 23 36 24 48 -81 -73 100 -37 -74 20 67 -29 48 -1 88 28 -92 71 92 71 -96 -14 82 -44 87 -21 -1 -97 86 74 -82 86 87 96 51 31 99 -14 -36 -54 87 97 48 28 -67 46 10 87 -64 -3 69 38 -90 -84 -22 -19 
-8 -36 -10 -18 54 -6 -43 -51 95 99 -28 100 44 -47 -55 96 -96 71 40 38 -5 31 86 74 -71 83 -99 -17 42 46 72 65 -84 66 -17 71 21 -91 -47 99 91 -86 59 17 37 64 -66 41 -58 49 -31 -4 -84 23 -97 57 -33 8 -96 29 
-53 -20 13 -81 -97 0 76 82 -16 -31 -25 61 39 61 -83 -84 2 47 27 -19 -100 83 -25 -73 -90 44 -72 52 4 88 -86 59 16 -1 54 -8 -26 98 54 -2 99 75 26 8 44 38 -94 -47 81 -11 -48 67 17 82 50 63 5 -85 -46 21 
-57 -47 67 -41 56 -95 7 8 -37 35 -32 34 64 3 -62 -33 98 51 9 -55 49 88 -65 58 -74 68 -39 94 -94 63 74 -52 94 -72 -66 13 18 -60 49 -10 72 -68 -12 56 -11 93 48 64 -70 -37 -32 15 81 -79 -67 11 -13 -86 -64 -41 
2 -61 -6 4 87 -55 -46 5 -47 -27 -85 -28 -84 73 86 78 64 -86 -14 17 76 -31 34 76 74 -80 -43 -65 22 18 -79 12 -19 50 82 -14 25 5 67 38 -34 51 -70 -92 -16 97 58 14 -35 57 -47 -22 87 -100 26 -23 -84 51 -93 41 
89 -96 49 -92 -93 -44 -58 -99 100 68 -64 -35 42 -25 30 -41 93 -83 69 61 22 48 43 67 -21 -87 -49 85 -43 96 -99 -5 -58 -73 -20 45 3 -26 29 20 85 2 -7 -25 -19 92 -71 -71 53 9 30 86 5 44 60 -2 65 -5 93 -75 
-18 1 15 -78 -56 -68 -33 100 85 99 98 -74 -3 -45 -46 1 -44 7 -34 -17 88 -88 -40 39 -16 -52 -5 -39 -89 61 96 62 -16 72 16 65 -39 -69 77 79 -86 86 -73 -62 35 -23 11 71 -81 -90 4 11 -45 -31 -26 83 -43 -50 29 -62 
-94 -35 88 33 90 -69 64 -13 -1 -13 37 23 -2 0 97 -27 92 84 50 -60 85 33 -92 -76 -80 -24 -50 89 48 -52 -2 -78 -21 -40 35 -69 30 -70 40 91 -9 52 -99 59 -53 -86 67 36 -66 56 90 -28 16 -93 74 -4 -10 -92 87 -7 
22 -14 -57 29 -13 59 34 89 26 16 -43 20 14 23 -70 -30 -99 95 -73 -53 -41 81 98 35 38 -90 82 -8 42 -83 -23 88 -76 25 22 -96 -37 -3 -4 -52 -97 56 -53 35 -42 3 -61 -97 97 -32 4 -3 -26 -58 31 55 48 -83 59 -68 
18 1 77 9 91 -18 -55 26 68 -36 -89 50 -16 -80 -78 62 -72 -26 -30 0 2 32 63 95 -53 38 -51 40 -48 79 17 -45 61 -53 94 -94 65 -95 31 5 5 61 -46 100 52 71 -81 -22 45 -78 75 15 -91 -47 87 -67 -69 99 -49 -98 
-44 57 -11 -44 19 43 -38 -75 -46 -90 39 79 54 90 -75 -100 96 54 63 -87 -19 35 21 56 -22 97 0 58 12 43 44 -98 -70 3 47 29 -15 -36 99 -95 -9 -98 -89 -100 50 -25 30 73 79 96 -80 -63 -56 97 -85 13 91 -48 -86 45 
-24 -73 69 -52 -25 24 -28 -65 -87 -17 35 49 -80 17 55 -79 -68 -99 -61 76 31 -28 14 -85 -53 50 -8 -94 62 -59 -34 -64 6 26 28 -91 65 -55 -100 -26 -81 99 -71 -97 100 -56 -29 -72 -45 -3 100 81 -25 8 -63 46 -25 64 73 79 
61 17 33 88 -54 19 5 88 -63 -30 -74 -22 96 -16 74 -83 86 -34 -20 -36 -48 -74 14 -8 -35 -43 -83 -22 37 -86 94 46 -18 -58 -12 -88 89 -44 91 -95 -86 -70 21 -35 -22 19 -40 6 -83 82 -5 100 65 28 -25 61 -34 74 86 -56 
14 -78 -46 6 86 -28 83 -48 88 -82 54 45 73 -19 -27 7 -29 -75 -57 -64 39 97 90 -46 32 17 -82 54 49 -4 54 36 -52 99 23 -100 -73 -98 -31 -64 -60 18 -38 -37 -10 -10 -64 -85 -86 48 -76 40 -23 -1 -36 -45 38 -73 -15 -81 
16 -65 77 -12 -72 -97 -24 76 17 81 -97 14 98 94 56 4 90 71 -55 -14 72 -67 30 73 -45 46 5 -51 -79 -75 -56 -46 -52 25 -59 6 51 -84 -7 61 62 -72 -68 31 93 87 67 -22 14 -93 49 -35 4 1 -56 -37 -96 93 -6 1 
-53 -48 29 -43 92 -83 -11 59 93 -45 28 33 39 27 65 81 42 -76 89 4 52 32 -47 21 19 -81 8 13 -30 78 -43 100 -68 -4 88 54 44 -54 -3 -91 -91 -77 -59 60 7 -85 78 -2 -26 -78 48 63 83 -18 -13 85 -51 -78 -34 -27 
14 -95 24 -54 90 48 -14 -59 0 -62 67 3 42 42 8 -23 -13 54 -100 21 76 -99 22 0 82 -86 -29 11 61 -21 14 -65 -95 80 -88 -3 24 19 41 -37 43 92 56 -91 -60 68 88 31 93 -54 96 1 63 -26 -46 -86 44 54 -34 -63 
-60 -50 -30 -11 20 -66 81 3 -99 -90 40 -100 -70 93 70 -85 59 -52 17 -28 73 -78 6 37 79 88 30 -73 -36 -54 -26 -23 -39 57 28 -54 -37 -30 11 -16 -40 -11 1 93 53 -89 56 -38 -35 6 65 -89 -43 48 -49 -55 -95 -53 -69 90 
89 40 13 -42 31 28 -13 -62 -88 -13 -5 -90 -1 7 18 78 9 -66 -10 -51 -37 -90 -86 -36 19 74 49 63 -91 -60 19 34 -30 32 0 91 -39 -84 -77 -29 80 19 -31 -78 68 38 39 10 21 -31 -65 -78 -11 -67 4 23 25 -79 24 -18 
-52 38 -17 -58 -99 36 -94 -12 28 -60 -76 10 -9 -85 37 3 -82 -95 89 -52 17 89 -71 -69 65 -57 -9 -92 -32 -90 46 20 -38 -99 70 79 -58 10 -82 15 -54 38 77 67 -60 80 45 34 -82 -79 -27 -85 -65 1 -5 -28 -70 -27 36 -46 
-17 20 -89 -30 -73 -82 92 -74 -70 -77 -75 -68 91 -43 59 71 -39 48 -92 -40 -24 -78 73 95 -27 -41 90 -7 29 -9 49 67 40 -61 -4 -64 -59 -59 -10 -62 -61 -83 -91 73 27 -92 -59 41 64 31 -34 -59 19 20 71 -74 -17 -62 16 51 
71 82 57 64 79 -96 -99 -48 76 -2 2 54 13 -98 -88 -81 -7 91 -8 42 -1 94 -45 53 93 -66 -29 -46 -23 61 -22 62 56 -13 -56 -94 -37 76 80 78 52 -28 -25 -80 -2 -80 -92 7 -14 -10 -15 -63 40 42 13 -71 10 -42 50 22 
