-85 97 97 29 -58 -15 83 48 3 -3 23 -90 57 -60 39 -77 95 -40 13 83 76 -92 94 -26 -56 28 80 -93 36 79 -15 -47 61 -84 58 5 7 -24 37 84 -50 
-78 -95 87 32 -23 76 83 -48 64 15 23 43 -89 21 -10 -100 -11 47 -48 80 -9 -44 74 21 -60 59 100 -68 -9 98 77 97 38 -83 -31 -26 -91 -38 -86 42 48 
-24 35 75 -44 100 74 62 36 -68 -97 26 -74 -36 -66 92 -77 20 -7 71 -72 -65 -23 18 -51 53 -32 69 -22 58 25 -76 -99 47 -12 -94 -59 -24 38 0 -23 8 
1 37 -49 97 -80 -1 -44 -36 -45 -2 -44 -44 -76 -50 -12 -49 -16 22 32 -22 -61 -27 -44 85 -59 -91 -31 86 60 21 -97 -53 9 50 -35 11 58 24 6 -85 -93 
-48 78 -36 -80 60 -45 -20 -31 74 -48 83 -71 2 45 -8 95 94 -73 88 6 28 32 74 15 89 -48 -99 -94 56 86 -93 -73 -25 -72 42 -90 -9 73 -73 71 93 
-49 44 12 -12 98 32 36 -26 61 -84 -28 -20 -99 12 78 28 -57 59 72 -25 -13 37 -9 -56 91 -98 97 63 -69 53 -12 41 -99 -66 -60 33 -87 52 -97 -57 -18 
-22 -25 61 99 85 98 -66 16 12 20 24 -98 39 -88 -95 -62 -82 -95 85 97 56 66 20 -47 58 -98 27 -67 39 -59 50 18 -77 60 76 -14 -80 88 -42 -62 -23 
77 -64 44 2 21 41 -45 -87 -56 73 22 53 45 38 -25 89 -39 34 -75 78 -78 33 91 60 -45 -87 -41 96 17 48 -94 -26 16 21 -40 53 36 39 -21 31 63 
-58 -52 14 -94 60 83 54 67 93 -74 -59 63 70 94 42 -50 -4 4 87 -51 69 78 -44 87 3 -44 -16 -21 -90 72 -27 -50 -13 32 21 17 -79 92 35 91 88 
100 38 55 21 0 -47 -39 35 87 15 15 -50 48 58 -65 11 -4 -54 -20 91 63 -90 81 97 -99 -80 -80 -15 65 -49 43 -72 93 -67 -8 97 62 11 -73 72 -53 
50 71 25 21 -49 -49 74 23 43 33 45 -33 -90 61 5 88 12 34 -93 22 -86 18 -94 -31 -60 -88 10 88 16 97 -68 -87 -52 91 5 69 -73 79 -76 52 -19 
26 -34 -18 45 -90 29 -61 73 -17 -57 -49 -28 5 -93 80 24 79 -88 -71 28 -19 19 80 8 -53 0 99 -17 84 52 -65 76 36 11 -43 8 -47 -58 -89 66 44 
-36 86 -36 91 52 64 -26 -14 62 -22 34 -90 2 8 -92 31 17 -5 -20 -3 -94 -98 -35 100 -3 90 -86 89 23 -13 -5 -20 19 71 71 -75 -13 97 6 -46 68 
-26 -17 57 58 -23 -42 49 60 25 -37 -40 -83 67 75 85 -32 88 15 -79 -92 -32 84 -71 -47 -40 77 -19 -32 51 -92 -61 -19 33 -71 53 -36 24 36 -35 51 17 
50 42 7 57 45 -4 -62 80 -67 78 -38 -42 3 89 71 -55 73 63 -24 67 -11 85 48 28 -16 31 -20 71 93 -20 11 -92 -75 -27 10 -29 -97 -63 -53 -30 -73 
71 98 9 -24 -3 -97 56 24 26 -15 86 -45 -1 -86 -56 -76 -94 81 -3 35 31 -43 61 -85 31 -49 -94 7 -52 83 99 63 66 -86 -40 79 19 -26 -86 79 96 
-37 85 96 -84 98 35 -36 -13 -61 58 -77 -49 9 -59 -38 58 72 48 27 51 -59 97 74 79 -59 -8 16 74 -75 44 41 -74 -28 -19 -1 26 -48 -99 26 -82 -40 
22 64 -56 -87 -21 78 -26 62 0 -1 -28 79 50 27 -13 -98 -30 -99 17 -75 -18 82 84 6 -64 19 -50 -91 22 -64 -89 0 82 -49 8 -72 85 -57 22 -48 -34 
17 25 -37 6 -80 -32 71 -94 -45 -84 4 57 -29 -46 -34 -69 82 82 54 61 13 -97 99 24 4 40 -74 -5 49 -40 49 74 -99 -84 20 -72 -3 99 -42 12 -96 
32 62 -38 93 82 -11 38 88 -30 -72 -30 -27 -100 -3 -86 62 78 51 80 73 -12 84 52 -46 12 64 -34 -17 -62 -5 63 10 88 0 98 81 -70 -48 60 4 -81 
77 -22 -6 56 14 6 20 25 -1 22 49 -36 8 95 -20 -71 92 2 -10 68 -70 -92 -65 -4 -60 -100 86 -30 86 -70 3 36 -39 14 88 78 11 -97 74 23 -93 
-86 79 -42 -95 89 -92 88 -47 73 -97 63 91 -54 -1 -16 -96 58 -76 -96 63 68 -8 -67 73 65 -25 -25 -41 54 2 -60 -41 -70 -27 55 -12 -32 -72 35 -17 17 
-27 -72 50 -16 24 12 85 47 47 49 91 -9 -16 -11 9 39 -66 -73 56 -61 8 -32 93 55 -98 28 16 85 -32 34 55 -50 42 -97 54 -24 55 94 25 -43 37 
62 89 100 -80 67 98 40 -11 -100 -66 52 7 -66 96 -58 14 76 -91 -92 -58 -26 9 61 85 97 -82 39 81 13 42 -52 92 37 59 55 -29 73 -3 -45 72 84 
-75 22 -88 23 82 88 9 -78 -77 92 44 38 -52 81 26 -24 -32 -59 34 47 62 -16 -76 79 -1 -23 -50 92 79 8 36 -33 68 16 21 56 15 75 -2 -68 62 
16 49 -47 -52 -62 -81 48 5 81 35 24 -56 2 -55 98 60 -51 48 6 -63 -79 84 -56 -42 -48 52 35 -34 79 -47 -9 -83 -3 -77 95 96 77 -36 89 76 -19 
8 -55 16 -40 76 46 -19 -16 33 40 -3 95 -8 -89 -38 -19 -23 0 -42 -95 41 96 45 -23 -59 16 39 -42 23 58 -99 22 5 93 -52 71 -19 61 -58 43 -76 
-14 83 -9 -35 82 59 30 13 -60 -47 -64 -90 -84 53 -77 48 -14 14 -17 -73 -16 71 -7 47 -56 97 -93 -63 5 80 -77 -27 9 -64 -57 -77 0 46 64 -56 -25 
25 47 -97 14 39 17 91 13 -61 91 -53 -44 93 -16 -33 -69 75 -94 -26 19 17 1 28 -14 8 13 75 29 -66 64 67 -63 72 -54 -76 -19 40 92 97 8 24 
-69 -68 -94 4 45 -20 -99 -51 -66 -57 -48 -33 83 -99 -33 87 -76 69 -81 45 -78 -85 -23 65 84 76 -11 -24 -31 -91 -54 -95 -79 76 -7 -6 -24 -53 71 65 49 
-31 -69 45 -35 -84 -74 -49 50 41 -78 97 97 50 67 94 67 60 -44 6 44 34 20 99 -39 49 19 40 52 17 -64 -9 -68 -33 91 -93 12 -84 -69 -33 14 -70 
21 -94 -8 -23 79 -67 19 -48 -30 -18 -91 -19 -77 -80 89 5 63 -5 68 67 -75 -1 -32 6 -59 42 -19 -6 5 -42 -93 -60 8 -81 42 -3 58 22 29 -76 -60 
62 -13 72 2 -68 -98 -91 -65 -57 -33 -31 4 60 -66 28 -40 46 17 -13 4 8 71 -22 -13 -48 -25 -80 27 -46 93 98 -2 -78 -2 -51 68 49 63 -64 -1 -85 
-55 -96 -25 27 91 -36 56 -6 100 -6 -60 -99 78 -70 -40 -32 -20 -45 82 -66 59 -52 -26 84 -63 -10 78 23 -83 89 -29 11 -17 -99 -70 -70 -12 13 -31 54 -93 
-42 71 -57 -6 -81 -47 22 98 -18 -37 -53 2 95 -73 -29 -64 77 96 44 -48 89 -71 82 62 25 51 64 -83 10 87 37 -65 -78 -73 7 -60 -1 -88 28 -28 -63 
-23 42 8 -73 55 -43 -64 -77 97 -90 65 93 55 79 97 36 -44 34 35 -87 -53 -58 72 -11 -86 -27 -24 -73 100 100 -75 -64 -9 -78 -62 29 46 30 89 -92 62 
70 -84 -31 -15 -95 62 -40 -53 46 -30 -28 -92 98 90 -31 -98 -9 -67 -73 -47 -87 36 -94 77 13 98 34 -79 37 26 -41 -22 32 61 60 -57 84 -68 -32 -46 2 
-86 21 55 -70 -4 -71 -15 81 -71 -68 99 42 -3 -42 -28 -21 89 76 -83 21 8 -100 -92 -58 -7 1 84 -19 14 -86 31 -5 94 -42 -30 -53 85 -77 -20 -40 27 
11 79 -80 27 -34 54 9 20 81 -99 15 36 48 27 -9 72 75 12 94 90 48 96 -93 -84 89 3 34 -38 79 44 -36 -29 81 77 69 61 -61 21 72 97 -6 
-16 37 39 15 -72 73 32 24 -32 -4 -42 72 23 55 -35 58 -18 70 63 -91 38 -70 -78 -52 -37 7 91 -44 -18 -26 14 4 -84 -52 35 24 95 -66 100 -3 -3 
95 37 26 88 88 4 51 94 -40 -2 46 4 36 -79 48 -60 -29 88 -72 -29 41 -12 -54 -21 3 -85 21 -57 79 4 -48 -88 -2 59 72 44 -17 -18 35 -99 86 
-59 -71 31 -52 0 -62 -56 -75 24 -71 -50 -99 -10 -40 55 -39 -7 -5 -27 -54 -5 49 -40 94 -20 -47 72 59 3 -41 -82 -31 45 -73 49 26 -35 -31 64 26 -69 
-82 51 -50 8 21 51 2 87 -89 -52 -39 -93 93 -19 -17 33 49 -92 -44 -5 -99 41 -100 42 70 52 82 -61 -59 10 75 49 16 -52 5 -75 79 0 95 -42 87 
-17 -48 -23 -33 -43 85 90 7 -67 -40 92 -72 -34 -55 35 -5 3 3 -29 -15 -8 31 64 -83 -29 -7 20 20 -42 15 95 -65 -43 -64 -100 -73 16 -63 76 79 -99 
89 12 43 85 -100 -81 74 16 -27 99 2 9 -41 -55 -26 58 -55 23 85 -67 30 -10 -46 87 34 -89 -81 22 -27 -62 -84 -75 4 -91 -52 0 -17 35 -5 -80 9 
34 96 -55 -8 15 58 -22 4 -84 59 -34 -81 71 35 -78 -13 85 14 -31 47 14 -60 52 -37 63 -94 -31 75 62 -28 -47 1 55 88 -80 -33 58 -64 14 89 76 
-77 -66 69 -32 6 -42 13 -38 -74 -87 -30 -94 -94 100 -70 -14 53 38 -63 -57 -35 -17 -45 66 -28 52 85 29 -61 11 -62 99 29 12 -98 -59 -96 61 69 9 -62 
61 -30 -42 44 76 77 -18 60 -76 -58 50 27 -36 -94 -40 88 -71 49 99 79 73 55 97 66 56 -71 97 -14 65 40 92 7 30 -60 40 -97 11 44 -31 59 -92 
-74 -34 -93 -87 24 61 -6 -16 -34 32 -31 -14 15 57 -76 35 -11 -2 54 91 91 33 87 93 20 76 -37 -72 -54 -7 -45 -23 44 -21 41 85 -16 6 -32 30 -23 
25 -5 92 97 68 -98 -96 -48 85 -74 -83 -2 -62 26 23 -84 -64 -45 72 -61 71 -92 -92 -90 87 30 -2 -6 17 40 -97 -42 -38 26 -22 -34 76 82 61 77 -24 
-14 -9 -8 -46 81 78 -42 -25 -61 23 -77 -36 -97 73 -8 97 -25 -27 31 -94 -44 72 -52 79 -12 -24 30 43 -79 -62 -32 33 4 -73 -26 93 59 88 -69 -24 60 
-24 60 31 82 -77 -75 -91 95 73 24 -28 -11 82 92 -40 -24 75 -97 -57 -79 -97 -11 -46 -55 9 99 93 71 -71 7 -52 90 -43 80 21 20 -1 44 -58 85 -55 
63 85 -85 37 -87 31 -26 -64 -17 -38 37 22 33 -16 -87 -25 -16 95 21 -92 3 -71 60 -61 4 34 -32 -33 30 -82 33 -74 -57 2 93 17 -93 -71 -87 38 48 
27 -77 34 38 6 -37 94 81 99 97 67 71 -67 32 61 1 -22 28 84 75 18 59 89 -11 84 -48 -85 -90 -9 95 -94 -46 42 83 -50 -80 -63 -94 97 -82 -8 
-47 66 -63 -82 -2 40 -95 -4 -100 32 13 -14 -32 8 63 -69 50 -73 80 98 98 32 17 -40 -60 -97 47 72 33 -70 72 -91 52 -22 -88 84 25 89 37 -21 71 
-55 -81 0 81 -79 1 -23 -78 -48 -33 -62 -2 27 33 -41 19 26 78 69 -16 79 94 -91 79 63 46 -54 84 -21 16 -40 5 -6 -79 -97 -37 3 -7 -97 55 49 
92 100 73 10 -68 94 -57 -70 43 -11 -68 97 64 -17 -23 49 -42 99 -86 -53 -71 -56 -57 13 31 83 49 -20 26 53 8 -98 -42 -47 23 39 -64 -88 0 -38 -3 
77 63 -32 20 -68 62 54 69 -66 27 61 -94 7 -97 -58 -9 -75 9 -80 29 23 50 48 -70 -27 79 -85 -19 -48 18 -42 -95 39 -81 26 -55 -21 95 -95 100 71 
-55 -81 -66 -59 -20 55 -10 19 -44 -92 -13 -48 2 -100 86 -35 -39 -58 -47 -61 60 -67 -51 26 93 -58 34 47 88 99 69 -74 29 -29 32 72 47 -41 -56 72 99 
93 96 95 40 97 -9 -91 -7 -54 -56 -82 30 13 28 50 33 -64 -80 16 74 65 19 99 39 -44 -79 61 -88 71 40 84 86 -84 -14 -73 -45 42 -45 -82 -89 62 
57 -54 -100 -1 72 63 -56 -7 -64 -45 -98 65 -70 2 88 -25 2 -16 88 -76 3 90 47 -68 51 -56 -75 62 97 -30 -78 -22 -60 -90 48 -66 -3 70 63 -34 -74 
31 51 -99 19 100 27 -20 77 57 33 48 74 -55 20 -58 83 -48 -58 -77 -11 92 15 -65 -27 -96 -96 39 -70 94 -91 -77 -52 -12 -87 -97 -26 2 69 33 74 13 
86 -76 59 -61 31 15 -39 83 -53 0 -73 73 -86 4 -26 -12 82 -88 -74 -57 -21 84 24 10 -44 -23 -28 100 52 -98 24 0 20 -25 -61 -49 7 42 -93 61 31 
-94 -76 -64 -6 -48 -85 -49 -52 -6 92 18 -43 -98 -70 44 -48 33 88 20 33 -85 -7 -28 -84 -28 57 -71 -7 -91 84 -3 84 -72 13 -71 -24 39 -43 62 -66 91 
12 63 -82 94 92 21 -81 79 -23 -77 79 -99 -47 -58 84 -26 -45 22 -3 -79 -35 -20 18 29 46 26 -51 -87 -66 -86 39 -26 95 -21 59 -56 -93 -73 -95 37 -89 
-44 -18 95 69 96 -13 47 47 -28 -50 79 5 95 28 -9 39 52 -38 -74 -22 69 -87 -21 92 18 47 73 -62 -28 18 25 80 -92 -27 -82 -82 -54 -82 -4 -60 -84 
-66 4 18 39 -17 -10 68 66 35 -49 74 -13 -48 -17 55 32 74 -17 17 -89 50 -31 -59 27 -37 89 36 70 -69 94 -10 -100 -25 42 60 -32 59 -48 -39 70 -37 
70 -97 -91 -46 83 21 -31 67 53 28 -32 4 -24 -45 23 31 -99 -15 -79 -84 -82 -45 -51 -87 -63 24 87 44 44 87 19 25 -90 92 -73 -6 49 -82 65 -54 75 
58 -44 -93 -17 97 -55 -14 -77 0 31 96 -70 -66 -3 80 -52 -61 -33 40 95 93 -87 -24 66 71 49 13 36 -86 79 4 -23 62 -6 -16 71 -42 98 33 -68 -39 
33 48 68 56 -23 3 -69 83 69 84 -46 39 42 -38 94 -51 -42 -82 67 30 -65 -83 3 9 39 -42 -42 93 -39 57 -45 -13 24 -43 75 47 -20 71 -85 84 80 
70 82 -61 2 14 -90 -41 -77 61 -39 -57 -97 95 14 -69 97 18 -43 -71 -78 -92 -50 -34 -39 50 99 -43 100 75 48 56 -33 -64 -85 -70 30 -45 18 -48 40 8 
-41 64 78 47 53 -38 54 66 55 -14 -42 17 53 -51 25 -9 26 11 -35 -42 -74 70 -13 54 83 -39 51 -2 61 70 -26 52 27 98 54 -58 -66 -25 -60 73 6 
-89 -92 -48 -55 -67 -67 32 -18 -85 -88 98 8 -59 62 -67 83 -36 -64 -53 84 65 0 17 50 -78 58 97 -58 -40 64 -31 -85 19 -24 5 -99 -50 71 9 -82 41 
-74 86 -6 -76 -31 -70 -88 -64 91 -1 -44 -42 26 -5 -23 -84 -39 33 -98 -98 20 96 67 -58 3 -79 -91 -90 12 44 17 18 36 100 -44 62 -59 69 -85 1 38 
92 57 78 74 31 -11 90 4 33 -33 52 27 -67 -57 44 80 16 7 -8 63 2 -69 -1 24 -82 31 41 80 65 26 42 93 0 15 -56 -59 42 -30 71 -42 13 
75 33 88 98 52 92 27 26 -96 -68 99 -3 43 -64 44 32 99 65 -68 -32 34 60 -24 -9 17 94 66 83 55 0 93 84 15 -39 -78 13 33 91 -95 93 -80 
-28 69 -98 -92 -68 48 -58 92 -35 -18 55 -12 99 18 64 27 27 82 -10 30 69 -72 35 -79 -10 87 47 77 25 16 -4 -55 -2 -2 12 69 45 -33 56 37 -61 
-3 30 -64 0 -45 54 9 -78 15 -66 9 -26 100 -39 -22 65 50 81 20 13 8 9 77 42 51 -43 -52 -27 20 -73 17 -16 98 -54 43 -77 -84 -29 -28 9 -18 
-58 11 66 -44 -43 47 -87 -89 80 59 22 -15 4 34 20 -2 70 18 46 51 35 29 92 -20 -30 -14 -98 53 4 66 -53 -76 -26 -85 -41 -87 0 98 86 85 -86 
36 90 -73 -18 88 -66 44 9 -51 94 -39 7 -100 44 -38 16 -97 -99 0 -90 -5 -61 -62 33 72 40 100 -88 -17 35 -38 69 -60 -88 46 4 -31 -29 6 77 83 
-85 -77 -59 59 -19 -70 -65 -2 74 -55 -35 90 36 -44 -32 -22 -63 -93 2 -1 97 100 2 87 37 -35 91 52 -51 6 -52 78 84 20 -87 9 9 58 -89 2 12 
68 97 -7 -32 -44 17 70 -17 -25 -63 93 -90 -21 -94 -92 70 38 29 58 -85 57 -6 90 -99 -64 30 11 77 -21 24 -1 2 -60 42 -2 -68 -62 -16 30 -54 -66 
