22 28 -77 -74 52 2 69 75 -79 -8 -40 -56 -98 -86 14 98 -86 -83 -15 -80 53 44 -60 48 72 -43 -37 19 -94 28 -67 -82 69 -53 29 30 89 32 -100 -62 14 -38 -93 -31 -3 62 74 -24 -9 87 -32 91 -26 -65 51 
-15 -56 -82 -10 -73 50 3 1 31 -74 53 85 91 16 52 -82 38 10 2 -34 -10 -86 -55 -20 -28 -17 -86 89 -91 -78 -42 -40 30 64 -19 12 10 17 24 -52 27 46 -81 -99 -93 75 100 -76 8 -72 -81 -62 54 15 34 
-22 60 3 22 5 53 -10 93 84 -75 71 -96 -93 -23 37 2 84 -81 -74 88 77 86 33 23 -22 33 -94 2 -69 -49 -88 -16 32 83 -11 -91 -68 -70 -19 32 90 98 60 23 -36 -14 -76 -30 21 -88 0 45 -87 71 33 
41 18 11 65 -87 -95 57 -99 22 75 29 -88 91 12 93 82 45 12 -7 -19 -52 -1 -14 -99 56 24 -34 -50 -85 61 -29 -81 -5 95 21 70 4 6 -65 -49 -78 69 1 43 54 -8 -66 -74 -73 -51 -22 -31 3 35 -76 
93 -31 56 40 93 -4 -29 -94 73 21 56 -89 -87 -33 61 -92 -11 -87 -65 82 31 -31 -3 88 -22 -8 -44 79 -13 7 51 -54 -30 81 -28 24 56 -1 -82 1 70 9 -52 44 -49 -75 -92 -13 -16 -25 86 -59 58 82 23 
-73 -91 66 -13 80 -2 53 20 -90 -31 -100 -26 -62 -29 89 -59 -98 -40 -64 61 59 43 45 91 -69 82 -81 79 -68 -48 -56 -35 6 -8 -45 30 15 1 89 33 93 -37 -42 54 32 -52 32 -58 44 -91 35 -56 -59 -40 37 
26 -43 -63 -88 86 100 -89 -59 17 97 -64 80 -68 -84 97 -20 61 63 -50 81 -50 96 75 -12 68 -20 10 -14 -81 14 -55 99 47 -74 -100 -31 -80 -47 -99 0 12 34 -2 -25 -71 54 -35 86 -57 -11 99 -91 -7 68 -98 
11 37 20 16 0 10 -72 -66 -84 -76 -59 -100 -44 76 66 62 -59 25 45 -25 -37 -91 -63 -76 9 -25 74 -87 88 -87 -32 -8 -10 59 -19 34 -85 -33 84 87 -67 -7 -90 -31 55 -12 41 79 21 23 78 -73 -66 -71 4 
-49 -37 -35 71 0 -33 -11 -87 9 -39 90 44 0 -62 -37 -59 -26 17 -25 28 83 -64 -99 -61 -23 58 31 90 33 2 -81 73 -19 72 -7 -85 60 46 57 57 -21 -1 -64 -27 54 58 -16 70 -22 35 56 -28 85 48 3 
-60 72 56 36 63 -31 27 93 -19 -31 65 88 -43 73 71 -39 -21 -73 80 -54 41 -48 39 -65 38 -53 -51 42 11 -77 10 -85 -93 35 56 57 33 35 50 34 92 90 23 -91 -53 -30 -27 16 -16 49 32 93 -84 31 -51 
50 -71 7 -99 -7 -61 -78 75 -35 83 33 -9 -86 -43 -63 3 -53 76 -66 73 93 -29 42 -81 7 51 -51 44 2 -88 2 -33 -90 -85 -57 -75 -76 63 -29 45 -55 -58 -78 -82 9 -69 28 -73 43 22 -47 11 2 -53 -23 
-8 -46 45 68 27 -84 -58 2 57 -83 -55 -75 -53 27 -87 91 56 63 -19 68 47 42 53 -49 -81 19 -26 -49 44 -54 19 -50 -10 -33 85 -72 23 -42 -22 -70 -54 80 -8 -97 -35 -75 21 25 -38 -22 5 -38 49 6 -67 
41 -18 32 -67 -33 58 54 -48 -14 52 62 -35 -88 -33 25 91 -21 9 44 68 -44 15 37 -95 -45 52 -19 0 83 -30 -34 58 79 -44 -20 -100 -38 -57 60 -62 20 12 11 -70 -80 9 -14 67 9 -2 51 46 -48 15 -26 
-66 -12 -4 57 -35 38 -79 55 -15 -47 -93 -97 -71 -5 -91 98 -96 31 64 20 -80 -6 18 -89 69 17 -54 -17 -95 13 -100 9 -55 -30 -66 85 72 -50 -93 65 5 84 42 11 68 52 52 11 -90 -71 -86 -24 2 88 -37 
55 -72 44 -49 -20 22 47 80 11 -69 -73 8 89 -19 -10 -95 49 -13 84 -73 -78 10 -40 -2 -86 74 68 -2 -76 26 94 -26 -92 16 86 87 -51 41 -23 -12 -90 50 25 -43 57 41 -17 -26 73 -79 100 96 26 40 18 
-21 -74 24 47 -76 76 -78 -34 18 25 9 30 -96 -47 -5 -9 -88 -13 36 -94 -73 21 93 75 0 73 23 38 -57 69 -15 97 8 -51 -71 -98 -6 -25 -25 -94 19 7 29 60 98 32 52 91 -44 -31 98 5 44 52 -42 
71 -3 67 -92 -92 -25 52 60 -42 -6 27 13 -16 -61 69 -25 -61 -60 54 -20 23 64 98 -96 -95 79 76 -42 -74 -13 70 80 30 -75 22 -53 18 -11 7 -35 61 65 40 81 -35 37 73 -43 -47 -47 -8 56 -30 -20 80 
47 -87 -18 61 81 -39 91 63 -54 -68 -83 20 -14 76 50 33 38 61 -36 -12 49 52 0 40 20 33 71 55 42 20 -22 85 41 18 17 47 94 21 37 72 25 7 -20 -64 -14 45 59 64 -2 -87 -23 55 -72 -92 -14 
33 22 54 76 -8 -1 20 -76 -52 -86 37 76 -80 50 94 -21 44 73 78 100 12 -50 -39 69 -9 0 17 -92 59 54 -57 -14 -59 68 -32 -95 -17 30 56 -47 -36 55 -96 24 -94 32 30 10 -11 53 -83 67 -58 -1 -54 
-67 -29 81 -46 53 95 -19 59 79 10 -34 -41 84 36 82 -97 -86 54 33 -82 -91 59 41 0 3 -40 39 -69 -86 55 42 -16 57 -56 -93 36 -35 98 -32 62 -82 3 27 -24 8 -74 87 63 -89 -97 20 12 51 89 35 
-77 6 86 66 86 22 -40 -97 1 -70 -29 -20 27 -83 10 31 36 -63 -14 82 -1 -65 80 26 -49 58 98 41 20 -78 -59 -2 -19 -96 -70 -25 -26 -75 -17 -69 1 15 -53 -23 86 -35 66 33 -24 27 97 -2 -74 -77 -49 
98 -69 27 31 -86 -30 55 74 16 -59 36 -95 -97 23 59 75 -83 -97 13 -20 -39 32 -55 -25 43 -14 41 -29 -89 -58 71 -13 -6 -69 -82 -5 -71 64 -18 -20 71 67 28 -50 10 39 38 -97 -95 47 36 39 -77 31 30 
36 -64 -68 -75 -29 -52 68 -91 -69 89 56 -83 -92 63 -15 -32 -40 48 96 80 24 -39 -100 -72 -32 -98 -67 10 23 38 52 -36 -18 -92 -78 14 63 25 -79 50 79 40 56 70 -79 -18 52 -90 -57 -34 -5 28 -85 -60 -73 
16 56 82 42 30 -49 -42 -5 -33 -34 -75 76 10 -7 -69 -17 -72 65 -12 -34 2 -96 -10 -12 84 51 17 38 1 -43 -80 5 92 -91 -15 91 0 -29 -26 -56 7 86 56 -70 -77 23 -54 -40 51 -56 -70 14 -46 -28 94 
-56 -83 -82 -80 -90 3 16 -33 -17 -92 -58 74 -44 -84 84 -44 -17 -8 -70 -79 -12 56 -47 82 3 49 -78 -58 44 -37 -17 -14 -60 47 52 -1 -65 89 82 93 34 47 16 -25 -53 5 -2 -39 -59 -62 -23 34 90 -15 64 
-42 -73 -23 -39 68 59 5 -20 36 -50 -93 -56 -78 75 -74 -15 49 78 -9 -87 -26 89 -73 -10 -71 -44 -48 14 57 -62 40 37 -33 37 20 -52 -43 -13 -15 54 41 -37 7 -17 100 59 92 68 22 -79 29 -77 -43 4 -45 
49 93 63 88 -97 -6 -1 -10 51 5 97 -61 -16 -17 -43 90 -1 -2 37 -14 6 -87 85 0 -81 -39 -85 60 20 98 -40 -33 25 -33 -11 20 -76 -33 -6 -36 54 -49 61 -7 -71 95 -3 90 39 30 73 -4 -95 97 -10 
-19 30 60 19 17 12 -9 -36 3 -85 14 97 -54 62 -51 77 -11 -40 -35 61 82 -15 -6 -48 -98 100 -69 -8 -13 -13 40 -93 -78 53 -27 43 -97 -26 37 17 95 -96 -66 17 -4 -37 5 99 2 -20 -24 -76 -82 20 -24 
69 -52 -53 21 27 0 -93 6 83 -30 -17 -60 -13 -99 -94 22 -80 10 -17 29 84 -75 -100 -17 60 40 60 41 25 87 -25 65 -57 30 76 14 -41 13 38 -83 -21 -47 49 -67 73 28 -74 87 -4 14 -68 -9 -37 -29 54 
-93 1 -52 69 50 11 2 35 -35 -51 -6 13 45 87 -92 -2 -98 -57 -56 -36 75 -47 -27 32 61 0 -4 -18 -31 -76 32 34 -71 75 -33 -9 47 -49 -16 14 85 71 74 18 21 26 -70 -93 -35 59 -88 -98 -29 -75 91 
55 -31 57 -28 32 63 69 -39 94 78 -38 -61 13 -53 -26 18 5 -57 -90 -94 0 -83 93 -31 25 -91 -85 -43 -81 12 30 -89 -19 -34 -21 -8 4 -72 90 -54 -82 12 20 87 -80 22 67 25 -46 -86 -33 89 89 59 29 
86 -12 -53 -45 27 7 4 -71 -40 -87 -17 -30 -72 49 -69 -9 -59 -42 33 67 -23 -18 -73 -80 -62 -10 -89 -73 -98 -38 -12 98 8 98 -53 -8 -15 97 1 48 49 98 -49 -48 -85 -15 53 -3 -22 -58 94 -45 90 4 4 
35 17 85 38 75 -70 28 -82 25 -74 13 28 -43 94 -16 -30 28 74 -54 5 26 27 -96 -12 9 -49 26 -38 40 -73 -88 65 -82 -20 11 -1 -26 -57 72 38 17 -94 -79 91 20 -99 -41 -28 -2 86 -80 -9 -83 50 -5 
5 4 18 -71 -4 13 37 -91 11 -6 -76 -8 73 -85 69 -49 -20 -83 95 -68 -12 -71 55 -34 8 62 -34 14 -35 46 -8 -70 -56 -7 15 -93 1 -4 -34 -88 -18 -39 58 89 37 84 -1 58 54 -60 -99 48 47 -16 -47 
-96 86 41 -24 -9 1 28 -3 -9 28 -94 12 -45 -80 58 78 -95 86 2 -25 82 8 86 -39 -25 40 -51 -77 42 59 75 37 -39 61 51 10 80 -75 64 -21 -8 -91 43 -38 -4 -96 -23 54 85 10 98 -4 -53 41 -87 
86 58 100 55 -12 -15 -10 -52 11 98 -16 71 -27 71 74 -51 29 89 -68 3 48 68 94 -72 63 -40 -40 -6 -60 -85 88 53 39 0 -56 10 48 -31 57 -98 -46 -94 86 50 66 -37 22 20 -65 46 -19 27 24 22 -47 
73 7 -96 46 20 -82 84 -89 -69 50 -18 17 80 -13 75 62 0 -29 72 59 -96 -63 -24 -20 82 66 87 -62 74 -100 84 -86 -81 36 -96 22 -41 15 57 -83 -30 56 53 40 0 33 91 50 -88 18 -95 -19 -44 -54 51 
-76 11 -19 97 41 -4 82 76 9 89 -6 63 -62 -79 81 -57 -12 9 33 -61 -29 18 -72 28 -20 -23 -72 -16 -14 16 -48 -80 -68 -51 -98 -87 84 68 -11 90 71 96 -71 55 -100 -79 19 81 31 -48 -46 96 -71 65 9 
88 65 -6 -87 -88 22 -61 95 21 -43 62 52 21 -75 50 89 90 80 -11 89 76 -76 -45 -19 -89 -70 -23 -68 75 -27 -86 -55 20 -85 -16 -42 -62 -35 51 -86 21 -91 94 -90 79 -55 7 55 -49 -84 58 -26 -97 64 -13 
-93 97 -82 -35 34 -55 -99 -20 -73 -66 23 -19 41 40 -39 76 -30 36 25 -54 44 -97 97 22 -59 -14 12 -58 -64 -51 -20 23 -75 70 94 -51 85 24 58 33 -21 57 27 -60 7 -30 28 -58 -75 -80 -57 -63 -57 40 68 
-52 38 -50 61 -81 -26 19 77 -93 45 35 -36 -73 92 -93 -41 -83 -38 -63 -69 77 -90 71 -63 50 -48 39 -37 91 -15 -67 -67 73 -23 -64 -71 -67 -20 64 39 -96 8 -91 83 -99 10 24 75 -61 49 49 -93 -23 -95 43 
5 93 48 -85 70 -44 59 -15 65 -90 -68 -37 -29 5 88 -99 -26 97 40 95 -43 -79 -29 74 26 -100 46 -7 -62 -65 -36 -13 57 66 7 17 39 66 61 -82 -68 4 -29 -72 -6 40 59 15 -82 -80 3 -90 -42 -34 -87 
94 44 51 -67 45 -98 -92 36 -95 -92 66 78 5 -54 -89 53 -78 -31 16 89 73 84 5 -70 -81 41 20 -54 49 -51 21 71 22 48 -58 2 -47 51 8 -58 -38 -77 -75 58 -70 -25 62 0 -95 -79 -29 -45 53 77 -83 
-48 -80 11 -59 18 85 -39 93 58 68 -28 -1 -39 -69 -24 3 -90 67 75 -53 28 44 70 54 56 34 -90 -61 -61 26 88 -8 81 -16 65 39 69 72 41 -22 24 94 73 -14 94 6 15 55 -70 63 43 16 29 97 -69 
-84 -65 69 36 -28 -4 97 91 1 57 91 -14 72 65 -20 -54 -37 93 2 81 1 -26 99 -48 -74 -81 -20 68 -39 -28 13 70 -22 -61 -4 -10 26 -68 -84 57 -98 -95 60 -11 20 94 -26 -84 -72 80 -26 -67 9 92 -80 
56 63 3 -39 33 -96 -4 -56 -5 -50 59 -45 58 -9 -65 5 36 15 7 7 -95 -15 -65 -8 81 30 -56 34 1 100 -62 56 62 46 -9 86 3 100 4 3 8 99 -12 -95 -69 61 80 -80 6 -72 -6 19 38 -90 -82 
98 -100 99 -42 -62 46 -10 -57 99 89 30 -9 -30 49 58 1 -26 39 -19 59 -53 -36 -96 -58 49 -90 -53 71 66 -98 -66 46 47 1 -96 -76 -38 -25 -97 -21 -71 55 -59 55 -77 -78 -79 7 56 38 86 88 24 35 20 
-89 50 -93 -74 -44 -78 -1 18 54 -75 -76 -12 57 57 -29 -61 -36 -52 -71 65 7 26 20 15 25 34 -55 -70 -49 -14 -53 -44 32 -89 -75 -61 2 -13 -32 -42 92 -6 -63 68 100 37 24 -89 78 0 75 -62 -75 56 -7 
4 -66 -76 -15 10 64 31 -1 -91 -94 19 -37 -16 83 -97 -79 -37 34 -92 53 -46 77 -85 -65 -8 -64 56 -71 91 -68 48 1 24 34 10 -70 10 -63 56 -67 86 -62 -69 -4 83 -91 30 61 -79 64 -98 52 -9 67 -98 
78 23 -78 76 41 40 51 -2 9 -34 62 -60 -66 -41 -55 91 -47 90 -83 -82 95 51 67 68 73 35 -11 -7 28 -88 11 53 -30 15 -79 39 -81 72 70 49 30 -58 -27 -75 -56 9 67 35 -24 78 -41 12 -70 -70 -20 
-74 14 44 29 38 -22 -34 -49 -26 66 -68 -23 5 55 -10 -33 -82 11 -53 -64 46 -75 -49 35 34 100 -55 -74 -42 -51 80 42 58 63 13 33 -23 68 -46 -8 49 56 -33 86 -9 -93 94 -47 65 -41 53 36 2 22 52 
-84 54 56 18 -40 -6 -9 76 -22 73 70 -88 22 31 88 100 -43 -47 -76 -73 -31 -28 -98 28 -35 -56 -81 -99 -47 -13 -29 82 -58 98 76 80 -3 18 -88 -66 75 76 24 -94 -39 65 39 -32 55 -11 -66 87 -12 -93 -96 
9 80 -53 -64 82 91 -61 -42 -89 26 69 45 -88 -64 -13 66 84 92 -14 16 42 1 -75 -41 -77 -59 23 -43 95 -73 -60 -62 23 -21 88 73 53 37 -76 81 -42 -22 -71 -31 -88 -50 60 -69 9 -68 23 -87 -6 59 -61 
-71 32 7 -72 33 -68 78 -36 0 51 41 64 58 46 -34 50 -62 40 -43 100 82 75 43 -35 -50 96 56 25 -60 -94 62 79 -35 -40 91 96 -27 48 38 19 62 64 24 25 -61 -80 85 50 48 26 -32 -93 -95 49 49 
61 62 5 98 95 16 42 30 99 -7 -38 24 81 -52 -68 61 5 58 -1 29 13 -21 -4 7 62 77 11 52 77 63 17 87 28 44 -63 26 68 -55 30 73 -20 -35 -40 -37 -70 -31 -85 19 80 23 55 58 -1 34 -59 
-73 18 1 -24 69 -34 88 99 93 48 62 29 -41 52 -29 19 79 -96 52 -24 39 -46 -4 12 72 -94 66 -34 -3 -44 92 -68 -67 -70 32 73 -85 -50 -12 12 75 68 59 -55 22 57 -73 86 12 -72 -78 -57 -54 -43 -6 
86 45 -99 -69 -8 49 74 45 71 98 92 68 92 52 42 7 -75 30 51 63 95 8 35 3 86 59 40 -89 22 -91 -28 21 -87 -88 36 8 -55 87 -97 7 -73 -27 -36 19 14 -99 67 33 61 -13 -43 -13 -100 83 7 
12 -32 -25 -79 69 -96 77 15 -94 17 -56 66 -72 80 -92 -94 82 -64 -86 47 99 90 56 25 -87 -11 76 20 -58 -59 -4 -92 -82 -63 -64 84 -8 -37 -6 -20 -33 -5 53 89 97 -35 -35 71 59 68 -2 -86 -56 46 -83 
53 -34 -75 51 -7 91 37 32 -80 -85 67 -9 -86 -54 39 17 56 60 -33 -95 67 28 -73 36 -64 30 6 -24 -4 -97 33 -63 26 -6 17 -98 -51 -34 -32 63 12 -83 69 62 95 -84 31 -66 38 20 -18 -59 -23 -92 -84 
-72 92 15 50 -77 24 100 -60 -62 -88 -56 -22 -72 -98 -60 91 54 -28 51 60 53 31 49 -82 -53 -43 -58 -76 97 -64 -38 0 -25 -76 -31 72 19 -34 8 -46 -5 -91 -26 -74 -20 70 41 -77 14 -37 -40 -9 -95 -93 17 
-61 3 9 97 -12 33 -11 -55 31 -41 47 50 -53 76 40 -81 -13 85 -10 -90 -44 26 69 78 35 -8 100 -89 -85 10 97 -15 -7 -23 -3 -18 7 -9 -67 93 -16 -18 -81 4 -6 -59 96 9 -7 -45 -19 18 -84 40 -1 
-28 -39 -23 -4 -92 21 9 47 -53 -42 -78 73 64 42 75 -47 47 -21 10 -44 -18 -18 -33 -8 46 -41 -38 -5 -42 32 -95 -40 86 12 -5 -41 10 58 70 77 -99 -12 -41 97 -89 27 20 39 -15 -36 -88 -25 -42 4 31 
-11 55 87 -33 -53 6 -82 45 -44 -98 -89 56 -65 -37 25 91 46 13 -94 35 41 -95 -71 -46 19 -24 -68 35 79 80 64 36 -72 68 40 63 -69 9 100 -36 30 20 83 -10 49 -70 -2 -79 81 -88 37 21 -84 -49 11 
24 71 -4 -88 -40 -65 -20 27 14 38 82 -12 58 75 10 -39 -26 92 40 8 -46 6 33 -72 76 -18 -84 -5 -64 -59 12 -48 -32 2 10 30 -4 -19 -87 -9 47 -82 -94 69 33 2 -50 -33 76 22 -43 40 57 85 44 
-78 -42 -20 54 1 -95 27 -53 -13 -81 56 22 44 -83 83 -42 -87 59 3 15 -14 60 -20 94 98 21 -77 17 85 -37 -11 -53 92 27 78 4 -49 33 15 74 41 -11 37 91 -37 22 64 89 13 -44 -40 82 92 47 -81 
84 15 92 -58 -98 35 -80 -55 88 45 25 -14 90 -77 -20 -72 -74 -15 -66 16 -41 78 95 -55 9 79 53 -94 32 -60 39 12 -84 -58 -99 -60 -98 79 -43 2 -5 -11 46 -96 -65 -66 46 -80 -53 39 60 -53 -50 26 -63 
1 -24 -97 39 -84 72 31 -1 -27 -55 18 -40 42 57 58 57 -19 -100 -73 20 -61 33 -70 53 -57 18 96 -50 -80 -21 71 -49 70 13 67 81 94 34 -71 -57 13 -44 -75 24 19 -21 99 -96 -69 -80 62 83 -38 -37 81 
39 -43 -74 -59 40 -76 -16 -32 47 -56 -82 2 -77 -60 -100 -38 -94 -29 26 80 -1 -36 7 -57 -92 -72 34 53 14 -83 -18 56 -47 68 -25 -55 59 -56 -35 48 42 56 25 -39 -82 43 -59 60 -38 -69 -9 6 80 99 33 
58 -10 85 82 -77 -90 60 -81 -47 56 47 -26 -49 -31 -80 -2 72 92 90 39 -40 -99 -62 -19 -44 23 -62 62 73 -7 -45 65 -68 61 45 9 21 -21 98 -79 19 -25 84 24 83 -21 42 58 67 -81 -49 -60 74 98 11 
87 92 96 56 -9 52 33 -81 -45 -86 -99 -97 23 -67 -39 62 77 55 -33 26 78 -1 -56 -47 -89 82 60 55 64 -42 34 -78 -28 33 -34 -77 37 51 -9 79 -72 40 89 0 100 -2 -19 -14 76 74 83 38 11 75 -57 
38 22 72 62 14 -22 -68 -32 65 32 25 -11 2 82 -79 -16 79 -42 -69 -27 87 56 -70 -26 3 55 -48 36 -41 2 -81 -99 25 -24 -49 -41 -84 63 -73 -69 44 94 29 -41 74 -55 72 -25 -97 54 2 -46 -19 -81 -17 
-15 11 -18 -88 29 -72 -23 -28 83 -80 16 -22 46 32 74 94 36 95 -58 -9 31 22 -43 -77 92 95 -1 87 3 81 -39 82 4 -93 -41 -83 -15 55 68 -56 74 4 -47 56 13 -33 50 88 -6 -74 -34 -22 -21 74 -32 
72 -12 -49 -14 66 -19 -35 28 -61 20 78 32 -13 -68 7 -19 79 -57 9 30 13 -1 5 -70 -94 7 86 76 -81 -94 -82 -80 78 55 -21 -80 -35 -82 -78 93 43 1 73 14 -22 -57 -2 -16 61 46 65 12 59 3 -70 
91 51 11 -82 -54 0 -72 40 13 -28 -27 -99 57 -92 25 47 44 -69 10 28 62 91 -73 -8 -4 -58 -53 73 -16 10 -99 -2 97 96 46 42 81 10 -77 -26 -30 -8 -88 83 -93 92 -85 -88 -49 28 90 21 -31 30 -64 
-1 0 -77 37 -6 27 98 88 37 31 81 -74 -93 92 6 5 -69 61 -22 80 -88 -59 57 20 32 -80 30 -80 76 -87 -48 12 47 10 97 77 70 41 -65 8 -56 -63 58 -7 -12 -89 65 -54 45 64 2 -48 -5 95 92 
-45 -21 69 -56 -79 -95 17 -36 53 -4 60 -10 31 59 4 -69 76 15 84 -83 63 96 23 -87 -3 -23 -13 55 24 58 -72 -22 -68 97 42 -21 -95 98 -39 49 21 70 -56 82 21 -53 80 -95 -21 18 -64 -87 4 -26 -46 
-61 -12 -37 87 -29 29 9 47 62 -75 -28 4 90 85 -64 19 -95 18 -19 -18 60 -69 88 54 -3 -33 46 -76 69 16 34 60 30 34 7 82 7 -26 -31 -93 27 27 2 -31 72 30 -70 91 15 -97 38 84 -93 -73 -49 
-22 -16 78 -78 95 82 -14 94 10 50 22 -91 30 -93 -45 -2 50 93 -89 -87 -98 -86 79 13 -1 -89 30 -22 -10 28 -28 12 37 -16 -1 -73 11 -91 49 27 64 39 -100 -45 40 -22 -66 46 -91 7 42 -71 -88 -56 -51 
-2 -1 -66 19 -67 -84 -53 71 50 -31 30 -29 -68 2 -94 16 15 -48 51 -48 84 -6 -58 -7 -95 -43 -31 -20 -99 -33 90 99 -29 -7 -61 59 -62 65 8 -6 -27 70 -35 15 51 -51 90 -86 -4 97 -41 16 -87 -36 6 
1 -73 -32 99 38 21 -48 77 48 79 6 82 90 -43 -9 -64 -11 23 -56 -34 9 -96 -80 -98 -99 80 -16 15 -2 -47 87 62 66 -52 -38 -25 -67 -52 -6 46 86 -54 71 19 -91 52 -50 -44 78 39 41 43 88 -5 40 
66 75 -47 -66 -92 -77 -36 27 42 -19 75 90 -9 -6 35 -67 59 -52 -45 -27 79 -79 -73 32 26 -76 -42 35 -45 -54 0 -29 14 19 5 -84 -64 87 58 2 16 -21 -20 -30 -91 -89 4 -35 67 34 -58 9 44 96 64 
-19 16 -99 -68 -57 -89 6 -24 19 -66 44 39 -43 -69 89 57 98 -12 -85 -85 37 -63 32 -82 -83 21 28 13 92 -36 -70 25 -35 15 27 -85 -59 -12 93 21 -52 -20 -42 -96 -45 -14 18 -27 45 -68 57 -30 87 66 -32 
-83 61 50 -29 21 86 -30 -76 58 66 -25 97 -21 -89 25 -72 13 26 86 -61 -27 85 96 -28 12 -69 39 -31 -44 74 12 88 -65 -52 73 45 11 28 27 -9 -39 69 -17 80 -2 88 91 -28 50 30 -33 -71 22 2 -60 
-71 93 31 -61 36 -10 -77 -70 -90 -60 32 30 -13 92 -18 81 -53 -97 35 29 25 8 -15 -69 95 59 -24 63 -57 20 -59 41 50 82 -33 -57 41 100 76 36 -43 9 -24 56 84 -44 82 51 88 53 68 90 23 91 81 
84 -14 66 -85 66 -15 24 -32 58 -18 -33 -58 58 -72 -79 10 -16 90 9 -70 -39 87 83 51 63 25 -90 54 -86 70 -28 -31 22 3 -64 100 91 -16 64 68 -49 55 -80 -52 18 24 30 46 -84 -50 -18 5 -37 -91 97 
-36 -77 -67 59 -93 -18 -47 59 31 -33 51 16 64 -57 49 5 96 39 61 13 -52 -49 39 -89 73 -80 -38 77 -42 -31 -51 -98 -9 44 -5 -98 91 0 -20 28 -33 86 98 -54 36 -40 23 42 -43 -24 -65 73 -59 42 83 
59 -45 44 -95 -69 -63 -37 35 -24 26 51 -48 36 30 77 -73 10 -55 1 -63 -8 -48 65 68 11 -48 -26 -74 29 38 93 5 12 -78 79 -32 -86 -23 1 3 32 94 94 -36 -3 -91 -9 38 -24 -76 35 70 79 -96 82 
3 -49 -1 -17 -42 69 79 -11 -1 -19 32 -47 21 -48 -53 -6 100 -1 -92 -6 -30 50 -84 -16 32 67 23 19 34 40 -56 -77 13 -80 26 27 88 20 -89 -9 -11 58 9 -14 62 -24 26 -90 10 71 42 -61 56 51 -39 
96 -22 -29 -69 -14 19 -59 -80 94 17 61 -15 -50 -53 -60 -41 46 -80 -49 -78 -99 92 50 52 -85 13 61 53 15 72 51 -57 70 -86 56 64 33 13 5 20 -11 -96 -67 -11 -89 -60 -5 -55 27 -60 77 81 -89 -43 -31 
-39 -20 -34 -57 -73 -60 19 70 49 61 83 -64 -7 -94 85 -97 -10 92 32 84 -24 -59 68 -62 -88 79 78 10 -88 1 -80 95 -46 -77 -91 87 22 -20 19 -35 -6 57 -25 -97 -55 -33 61 -35 20 56 93 36 -22 -53 -41 
-28 53 8 16 50 69 -63 47 -53 97 -74 59 -24 29 -26 -41 77 98 56 77 -7 59 -25 77 96 3 68 83 -32 -61 33 -70 -27 24 -84 13 -12 -40 -27 28 -56 47 -69 -37 -64 86 31 -73 48 -4 -97 -72 -99 -40 49 
26 -93 -99 -31 54 -87 -24 -36 55 41 -74 -67 66 -58 69 37 14 -98 19 8 -55 -69 -93 93 17 -6 -57 35 -10 -43 11 2 -68 -76 -51 3 -37 97 -64 2 55 11 75 -54 71 55 91 -94 -16 22 -74 9 -81 23 69 
-82 67 -11 -96 -64 16 -22 -38 -47 -26 -20 56 -95 -53 88 13 -73 51 -5 -77 69 -21 -10 51 71 -25 -63 54 43 85 -97 -47 33 26 42 -22 -50 85 -59 79 12 -23 -96 42 88 53 0 36 -15 -54 83 40 71 1 51 
-94 -18 -50 60 -82 -65 -61 -12 -43 -54 59 50 -36 -47 41 -66 -71 -20 -91 -52 89 11 39 56 -66 74 11 73 -71 85 -55 2 67 -61 -25 30 -98 52 -63 80 -44 -9 -34 41 -87 33 -10 -27 -4 -7 0 45 -44 -6 86 
86 -23 -6 42 -39 58 -19 22 60 -46 -88 -68 -93 25 -83 0 94 77 27 50 -6 -30 30 -89 96 -63 20 -46 -34 -83 18 -73 -98 73 -43 40 -37 78 -87 72 -22 31 -98 -3 28 39 -4 78 11 -16 -36 -6 -61 49 -15 
-41 78 38 -48 -6 5 -76 64 -61 -82 -45 -7 -47 94 -100 88 5 -88 -36 -11 -53 48 18 -36 15 79 -29 -45 -10 -56 -100 -2 -3 -79 -3 3 -4 -87 73 -98 98 16 33 -87 39 75 27 5 -76 82 61 -89 -63 -52 -34 
-56 -85 0 70 2 -23 86 14 -11 -30 67 -39 91 55 9 -95 -43 93 78 -86 -60 -10 3 16 -33 57 95 -61 -6 53 -19 14 -68 13 22 4 -64 77 43 -93 -22 47 79 49 45 94 -61 18 76 -78 -81 -50 28 -21 57 
-36 -36 69 34 -27 0 86 84 93 -10 -16 -51 -79 14 -57 86 -40 -34 -89 49 10 -66 -4 -29 -49 20 -18 21 6 -54 80 -54 28 -80 31 -89 18 -23 36 -34 44 -24 -22 -28 67 -68 9 81 73 -72 22 32 82 -32 -6 
75 32 71 86 69 96 23 -15 -96 54 29 -18 13 58 91 -20 -17 59 40 -66 65 -18 -45 -56 50 25 14 -85 93 -68 30 73 -8 -98 1 84 -99 -48 -65 65 37 0 91 -64 -22 43 -10 22 26 48 -37 -91 -61 1 -29 
-42 34 70 59 -14 37 0 75 -29 51 -49 -46 -86 -94 -96 -92 -23 0 -85 -67 -71 69 95 14 11 -11 -8 58 3 -65 14 -45 25 19 -95 98 -44 8 12 58 70 56 -20 -1 50 69 -63 -74 -99 -15 -38 -50 -80 64 96 
-14 -64 -81 -22 -94 35 1 35 63 -7 67 1 52 -83 8 -87 88 63 -16 74 93 25 82 -85 -12 -13 40 50 62 87 2 52 -12 -5 -16 -91 -76 78 -85 -66 77 18 47 -58 52 18 93 61 100 58 -100 3 -93 -38 6 
-59 -23 73 92 -50 -57 -93 48 92 -67 36 -30 -91 -49 90 62 77 -65 81 94 83 99 -79 -62 35 5 -68 26 -18 83 -20 33 -31 -16 -29 -93 -63 83 100 53 82 -87 -85 -96 -59 -87 -59 22 22 73 -65 -7 66 51 -87 
32 71 -79 100 90 -40 28 -5 4 -44 -15 -80 60 3 -54 51 -8 36 92 50 -41 75 -21 -89 -12 80 78 -66 -42 -100 50 68 -14 43 -37 88 -82 70 50 -41 83 -27 74 52 -80 45 34 -13 -49 -63 -74 13 -33 68 72 
-87 -7 83 69 -16 83 -39 86 -74 -29 85 25 -21 62 -51 -56 -8 -20 48 55 -19 -80 -68 -14 2 -73 -50 92 -67 34 -51 77 -56 0 -91 -55 36 -79 83 -23 29 28 -96 -83 -38 16 -14 49 43 41 73 85 -43 32 -5 
78 15 -64 51 -82 98 -46 62 67 -85 15 28 97 -8 -27 -10 -39 -41 -6 79 -50 -8 -76 26 15 5 -30 41 79 -10 -84 44 -77 88 92 99 92 35 24 5 60 5 18 -16 -66 -85 -88 -80 -58 41 -35 10 -76 -90 74 
-55 -62 -96 -20 46 -42 33 -3 -99 -38 -22 78 21 -83 -76 -87 97 -1 -58 53 17 -4 92 -59 73 -4 -4 64 -2 -47 -10 -76 63 -83 -6 26 -37 -24 -4 -51 79 -99 -54 48 -10 -12 -75 -25 -25 -82 64 -62 16 -40 -6 
92 -37 89 -84 -50 27 7 66 -12 41 9 -29 -38 97 21 -36 -44 -43 -51 -52 21 67 30 28 23 -26 -76 51 99 6 -18 17 79 92 44 -22 83 -31 -66 53 28 31 16 98 33 52 1 91 -7 64 50 -13 -51 82 -62 
36 -60 87 68 87 -46 75 -98 -60 78 -24 36 84 76 -46 7 -45 -88 -25 -73 46 -14 25 68 55 -26 1 -96 -12 86 39 -52 -35 63 -46 33 -98 -16 22 -85 -78 -8 98 -30 -58 -44 -90 87 -45 -47 -70 84 -99 -22 -27 
-95 42 18 -75 -44 2 -27 52 -2 19 36 -7 63 -13 -48 -41 -35 -66 89 -46 -55 -75 68 -46 20 -10 -76 -42 95 35 -7 -55 -36 -21 -7 29 49 66 31 52 17 84 -97 49 -48 33 1 83 -54 53 32 85 -1 67 24 
-81 6 14 -19 43 40 -68 -51 -100 -32 56 -80 16 2 46 68 33 20 57 63 84 81 100 62 -67 43 -45 -11 -51 89 84 54 82 36 -48 -39 -89 14 -52 -15 -71 -96 39 55 -66 -80 -6 -66 -82 15 87 57 -62 57 17 
