-5 -37 -10 -16 -49 49 -76 -31 24 37 -78 -47 89 -39 -31 3 4 87 -47 -45 38 -21 -84 -36 43 -94 -59 77 24 98 73 2 37 14 1 -22 85 45 -67 -2 49 -15 -90 -34 -55 40 99 -53 -57 79 99 7 38 56 -23 -97 83 -15 -45 81 12 82 82 -98 -33 43 -18 -9 65 -41 36 97 57 -38 42 
30 54 -72 100 71 23 2 -12 -60 -86 15 -12 -27 7 -3 45 -7 -14 -63 -76 -96 100 39 -47 3 -83 35 13 -13 -2 -32 -12 -64 1 -51 -36 97 -30 -44 51 40 51 66 2 18 4 48 -13 7 -49 -7 -12 3 5 -96 -34 -45 56 64 -66 -46 -19 18 -2 -28 35 91 -42 -13 33 -49 -85 68 44 -16 
-56 26 79 41 -6 -57 59 -30 -98 -77 43 -20 -67 -35 -27 -78 -39 41 -66 -47 -7 39 -64 -23 -90 -30 -66 47 -91 56 44 25 -22 -28 -83 -8 -26 55 -50 -63 26 19 -68 -47 -71 32 -82 40 5 -57 -99 -62 40 10 -80 12 -70 65 -50 -61 58 -14 -48 27 86 -83 -57 17 -13 8 -12 -57 79 28 53 
-69 17 -39 46 36 -36 74 37 -74 -88 26 74 -46 43 37 -90 -76 58 -38 -51 14 -55 44 37 -65 -1 36 -57 8 60 -64 -12 -51 55 83 96 35 -32 23 -59 18 76 33 74 36 60 59 -28 4 56 36 66 69 15 0 61 33 -76 71 70 2 100 -10 -94 89 24 90 46 67 -59 96 93 36 -40 -54 
49 1 1 -5 27 75 -50 8 -7 13 22 -20 -13 -39 72 1 -19 -78 -10 11 -76 28 -13 -30 54 -71 -65 89 14 43 -31 18 9 -60 -34 -3 65 57 97 52 -17 -35 3 67 -19 28 -26 49 71 -32 69 -26 58 17 -33 60 59 -59 -25 50 97 78 -42 -73 -25 -54 3 69 87 -49 -15 -5 -61 -55 52 
-53 -4 -16 78 83 -23 -41 -89 -30 -84 -78 -88 32 -73 -34 73 -27 -99 32 -91 22 77 -92 -81 89 65 -56 72 33 -49 -39 22 -46 -36 -51 56 -10 2 -57 37 44 25 44 -81 16 67 -41 -40 -77 -31 -55 82 -19 52 46 2 62 -47 -64 33 2 -92 -5 -78 -68 1 78 40 -6 65 -85 28 -34 92 -87 
55 0 -80 -53 83 55 -45 94 -14 -14 -40 8 73 76 49 66 -25 23 18 -36 -62 10 14 -20 -73 77 61 12 -49 74 52 -98 33 -35 36 87 -34 5 -73 43 15 57 0 -23 53 -23 -2 14 20 -29 -52 36 -68 -82 -87 -36 95 95 -85 21 -4 100 -89 25 -17 -3 21 87 -57 -19 94 -56 -24 100 41 
-13 14 -87 -93 53 83 -97 -21 -79 -78 -91 31 -7 46 -49 -21 -83 -80 73 19 41 31 -68 62 24 6 -79 -72 4 80 -82 4 -14 -10 93 3 -36 -62 -87 73 16 -60 63 -3 -36 70 65 -23 16 11 2 76 99 74 -13 -17 -27 -39 -47 -16 36 46 86 18 78 -75 -47 35 68 -69 1 4 69 -84 -50 
-32 -99 26 -7 -57 96 95 82 84 -54 5 12 -23 -27 -78 22 -87 -63 -95 30 -86 47 -24 60 38 -92 -40 63 14 -91 5 -10 13 -33 -10 -54 -35 43 -78 -67 81 -85 47 -12 15 -92 -59 -30 -36 -97 17 -65 -1 66 60 97 -15 -42 -30 -99 66 -61 -34 51 -95 -63 30 -34 62 -30 52 -83 64 31 -73 
42 -22 80 88 -65 -69 17 -15 -97 17 -9 3 -48 -57 -75 -37 56 34 -65 -44 0 -29 -97 88 40 -79 99 -50 35 45 42 -90 -95 82 92 -38 -55 44 67 -59 -30 42 26 -72 98 84 -72 17 -62 -67 -21 -85 -40 -13 -21 50 -23 -34 -34 -49 42 -1 29 79 -59 -44 -25 -91 -14 54 49 27 -44 11 94 
-42 91 -75 -23 -29 66 -3 31 66 -10 97 -13 -31 -76 37 1 23 8 47 -18 64 -31 75 -22 68 71 58 50 38 52 75 -91 -6 -5 5 70 79 79 80 -63 -89 -60 66 1 19 44 2 75 100 38 71 -44 82 2 95 42 8 22 72 -3 -75 91 54 73 -40 -34 65 -3 62 -44 -87 89 39 82 -39 
17 58 -72 82 -86 -81 39 -76 -4 66 35 36 46 -77 -91 40 12 -1 -86 -89 4 -62 97 67 -44 40 83 99 -97 -72 49 16 81 75 29 51 -4 -25 48 -25 -16 2 -53 31 36 48 -95 44 -34 46 -28 17 3 100 87 -63 -12 -78 -9 34 -87 -39 -83 -78 43 40 21 -47 46 -22 -98 -16 74 68 51 
-48 -76 29 -63 1 -10 51 58 -58 3 85 -27 -74 53 -95 -28 -10 74 44 -61 57 -29 92 -68 -48 -71 72 -72 -27 75 -87 8 -25 23 85 66 -41 50 -80 85 48 40 40 81 51 41 91 58 -84 82 -33 16 81 42 -25 12 83 92 71 -86 -20 -66 -94 39 57 -10 -98 -45 78 -95 -72 -50 -66 -68 -17 
-72 -98 80 63 -90 0 -37 -11 77 84 -16 -81 4 -53 -64 -54 60 96 26 19 55 50 -26 -71 19 -86 -52 -50 35 -96 -42 91 -33 -60 -93 35 -96 -51 70 9 -6 43 -41 69 68 58 58 -17 -96 -52 72 63 -22 44 -86 -88 61 87 78 -81 94 -14 2 -90 -35 98 3 -99 48 31 44 51 -89 -78 36 
-7 -43 -75 -89 86 30 -92 34 39 91 82 -17 16 92 0 -11 81 -21 100 100 -12 -70 -77 -13 -89 -55 -62 44 -1 47 2 58 10 85 -100 -14 -90 -51 4 -21 -77 -86 1 40 -6 85 45 12 -39 -93 -94 -47 -69 76 39 21 -53 -28 -43 89 -58 68 -66 -45 -9 -44 45 -84 86 -33 -6 18 -87 -33 63 
82 -59 65 6 11 34 -93 98 -61 -19 -31 76 -70 -72 15 -40 61 12 -61 82 89 -82 81 69 96 19 20 -92 -29 69 -32 -4 2 3 84 -48 -66 -43 66 -49 37 -78 -61 84 -74 62 35 8 29 88 94 91 -96 77 -92 1 -72 88 -4 98 1 -89 -51 -24 -16 6 -73 30 -30 -99 -7 -58 -43 98 49 
-36 -99 26 98 21 -69 94 19 -14 -88 55 -7 12 -64 64 35 -58 79 65 -80 82 -76 -98 -93 -63 -95 -98 3 -82 36 -88 35 -69 74 -52 76 -88 77 -89 -76 10 68 -72 74 77 -52 31 -49 -71 -90 -92 53 -76 -22 -67 -9 -93 -4 -97 2 28 -73 0 17 -58 54 14 64 -13 -50 -12 -72 -29 43 96 
44 42 1 -76 39 -63 53 68 49 -37 -73 -98 13 -85 -69 -79 -15 -39 -86 -27 -37 -97 12 -76 68 -46 2 2 -41 -98 90 52 -68 33 71 -29 -46 33 38 72 -9 -67 91 -68 71 49 -33 -43 14 48 -32 -24 87 -92 -32 -22 -84 64 29 -72 42 20 98 -33 -31 63 61 0 78 32 -69 -57 79 -27 40 
-38 -94 -97 -2 22 83 -38 23 -62 36 -68 30 59 -23 -8 37 72 -56 -15 -61 47 70 -70 -26 -48 -98 70 -41 60 -17 -44 -91 91 23 -62 100 -88 14 -56 54 -76 -23 -73 6 43 61 8 -96 34 57 86 -36 98 53 -27 48 16 -49 -17 -36 -3 -49 -33 28 57 86 -43 63 6 -87 19 -84 -24 70 -38 
63 -87 -25 91 -75 0 -70 50 -21 31 -80 6 -39 1 -78 58 75 88 74 99 71 66 3 52 -56 97 34 -69 91 -86 21 66 -34 49 -81 -72 -52 74 53 45 77 -31 80 -32 -88 -1 -84 84 -38 70 51 23 -6 56 -99 -85 12 -99 2 -9 -13 -76 -49 -32 59 -93 -76 13 -2 18 80 -50 1 37 23 
57 -78 -74 34 -72 4 99 71 1 53 51 77 -72 1 -83 -84 20 -46 -98 -21 90 -30 -53 79 -31 45 -55 -94 -84 6 -46 50 12 42 6 -90 10 -58 -56 -56 -94 -73 -84 32 -45 -26 92 -58 -85 -96 89 -87 -19 68 -14 -33 81 54 -30 44 -48 67 17 46 -54 57 -66 74 -2 95 4 -60 39 96 -58 
51 13 -12 -11 38 65 -63 -90 -26 -34 93 49 -70 47 -69 59 -20 -9 63 89 6 73 -18 25 -67 62 -48 -91 -15 -46 -82 35 62 -88 -42 29 26 -24 -72 58 -35 77 -21 55 -62 40 -45 86 53 92 -25 8 -87 -30 -95 -97 -8 -7 -53 82 14 81 -86 -72 68 -46 36 14 44 -37 -83 22 28 -7 -35 
-10 -11 95 -2 41 58 -34 10 27 17 15 -70 76 96 30 -7 -55 -73 10 46 -36 87 14 -63 87 -11 41 20 22 -5 32 83 -74 -25 -58 -64 -47 63 -4 76 61 56 29 1 83 98 49 -100 -12 -88 60 -55 -66 53 19 -20 72 -4 -22 -24 85 74 80 -60 -36 15 -69 4 -4 -91 -89 92 -97 37 -41 
-8 -58 71 -32 -36 17 -45 29 -89 -7 70 23 64 44 61 13 29 -83 32 87 -13 -69 7 93 75 -28 23 75 -96 83 63 69 75 -19 76 -89 -73 -17 79 -91 -65 84 -66 -81 -74 -13 -14 68 -10 32 -33 42 -84 57 2 86 50 -19 -45 74 26 53 -90 53 -57 -56 -75 -18 66 79 -31 46 100 34 62 
99 -21 -27 -66 -12 -16 66 -82 72 -98 90 42 51 -31 -43 -6 -89 -66 -7 7 -17 27 -57 -86 -44 98 -82 25 -42 59 69 22 -50 -26 -60 2 24 -20 6 20 62 -74 54 -26 32 -77 98 -52 65 2 46 -93 5 -93 91 -8 -73 17 93 -5 51 93 -68 88 8 49 87 -56 -18 -99 -4 96 1 86 -7 
-75 -45 -7 -93 -54 -71 -22 -8 25 79 68 -29 46 -29 48 -62 92 94 89 -62 95 -61 -47 57 -27 30 -76 61 -8 -42 38 -47 -47 41 44 38 20 -53 -1 89 55 76 -49 38 25 -30 -19 -91 -6 -17 -50 78 98 -31 55 55 -91 -36 -98 -41 56 -79 93 -97 9 -99 45 37 50 -90 10 -17 -41 52 -44 
-37 93 48 70 -61 -81 -71 -16 -54 -91 -37 24 -53 60 29 -18 -93 97 -77 -32 -6 28 -58 -17 -51 87 95 -91 35 -60 -60 -18 -96 100 -85 -87 15 -58 -22 5 -64 72 87 1 34 -64 -44 -56 72 50 -19 -44 10 -20 87 72 22 -6 82 3 -78 -78 -26 -35 70 40 -14 -46 47 30 45 35 -95 62 22 
-13 -30 -33 1 -16 89 67 -32 7 99 -54 -49 -64 -37 66 2 -66 -44 -23 -40 17 62 39 -60 57 -15 -78 44 -40 91 -59 64 79 1 -12 96 -34 9 63 -46 -40 -97 7 65 3 -94 61 15 -26 21 -40 -51 -100 -92 -92 -84 -47 -50 29 -72 -71 -85 -30 -24 61 47 22 -94 -73 -42 -62 -23 7 -28 -40 
58 -36 78 13 18 33 -19 -20 -42 10 -23 96 -54 -33 -50 24 77 66 41 -20 -80 -48 -44 59 56 42 -27 -98 -70 -10 12 94 69 -56 70 -88 86 89 11 -62 25 -63 35 -58 -75 56 -93 7 88 -29 -2 11 -100 64 -50 -98 44 92 -32 -13 -66 37 74 -9 -31 -55 -37 -40 -63 86 91 51 -75 -7 22 
-6 -31 35 -69 -90 15 -60 27 98 -73 -54 90 73 88 51 12 -5 -28 86 -10 97 -59 36 -88 43 -6 -62 -75 36 -30 -35 -62 -36 4 67 -49 -30 -26 68 92 27 -52 -34 -58 37 12 67 -16 -59 7 -11 35 -98 -15 -65 -27 -21 -47 -27 -71 -15 -82 -20 -9 -55 -97 81 84 -2 -69 -82 52 97 -1 -43 
55 82 60 62 -94 45 -77 63 -64 -93 27 -28 -3 40 -45 -32 -61 53 14 50 -55 -62 0 -41 -80 -85 14 82 12 40 72 -45 -12 -32 45 34 -7 -7 -61 -90 63 41 60 -100 68 -7 -26 20 -69 80 -12 -72 -9 -87 -8 -43 -1 91 6 3 -76 -99 0 66 7 36 81 -79 23 -36 94 -54 -88 0 -21 
-13 56 -89 -8 -73 77 -70 -4 -50 25 -52 86 84 42 84 -91 87 -25 32 -85 53 75 76 -99 -30 40 -20 -37 39 81 78 0 -47 7 -36 -97 90 2 16 57 24 -69 -52 -78 69 -73 91 2 -17 -85 -13 69 70 59 -88 -89 -36 71 57 93 -90 -27 -72 -21 96 61 71 51 -75 -22 -67 34 11 -71 86 
-8 91 32 63 -55 -55 -67 36 -81 -44 92 -44 -30 60 -83 -67 -33 52 -49 32 -92 -48 48 -15 34 5 -80 92 19 65 34 -18 -61 -6 6 57 5 -36 -80 30 46 -71 90 7 -91 -69 -73 63 -65 -59 -79 1 70 -47 8 42 -84 -96 24 -4 51 -49 -29 -98 48 -87 -89 -85 -39 40 -77 35 -27 -12 77 
30 39 20 -76 -78 84 86 55 -66 -48 -31 -44 -63 95 -76 98 -74 -5 71 -94 -59 72 -14 -96 37 -71 60 93 -34 70 -33 -27 39 26 -52 28 78 8 5 59 10 -55 30 -95 68 8 73 86 -75 8 79 34 77 90 22 77 11 37 -73 -80 87 -96 -47 -74 -6 -28 -15 -70 82 -15 -47 23 24 -17 64 
-63 57 -26 -72 99 -26 -97 -57 74 -39 16 68 84 -95 -65 97 27 -86 -14 -58 19 -86 -88 -76 60 70 44 76 -37 -75 13 -13 37 88 67 1 22 79 -37 10 82 -64 -74 -75 90 -33 40 -53 21 -57 -94 71 63 -51 5 64 57 87 38 92 48 91 -73 -26 69 72 100 -21 -68 0 96 48 -28 -26 -61 
5 56 -32 -100 -71 24 -39 -36 -22 20 -37 50 -47 78 -81 13 34 -80 -2 -43 -23 76 26 73 80 -49 -62 -16 56 41 -100 72 0 -24 18 -65 -7 67 -52 -54 2 -34 -15 -2 42 -79 49 29 -46 -53 -10 -13 68 -45 -11 -78 -74 -53 -84 -3 53 63 -50 -12 32 -77 -75 -33 -74 -54 -42 84 -47 20 -29 
-17 -63 -24 68 -73 76 -78 -17 -75 -3 -29 41 17 40 79 -89 23 -83 35 35 36 -77 -61 77 -43 100 1 -63 -26 9 24 -72 -47 68 -59 67 49 -71 40 19 -99 -95 89 60 -72 -6 91 -11 21 31 -53 62 14 -58 -28 3 -5 5 54 -72 -76 -41 38 -56 19 14 75 -73 -96 -23 -25 16 17 15 -10 
40 35 42 90 86 -44 98 -58 -40 84 21 83 -75 43 46 73 -95 3 8 -67 50 98 82 54 -54 -14 65 87 -49 -29 -31 -26 -60 -98 -38 86 45 -66 -70 -95 1 62 -4 23 -13 24 -60 43 96 26 -29 56 -33 -14 52 -29 -43 -7 -23 -80 -43 94 -51 -25 50 5 65 -47 -51 37 -33 4 83 53 27 
-1 9 29 59 -37 -15 -6 -2 -74 -55 21 -31 -7 -16 37 5 94 -11 -1 -53 -79 -72 -42 24 -86 55 94 96 89 11 -83 34 54 34 5 32 0 63 -91 23 -77 -13 -37 -93 -51 99 66 -74 72 -98 -52 -39 -87 -37 59 -32 89 76 9 -42 -94 -66 -20 -93 72 96 -35 93 -82 38 58 48 99 62 -17 
75 -14 3 26 -5 29 21 -63 93 -59 57 -74 49 67 -84 -13 -34 -73 84 70 -96 -22 -71 39 83 68 12 -94 -46 -31 55 -40 94 53 -78 74 92 58 96 86 -30 18 -70 55 64 -53 -38 -13 53 21 -80 50 46 -16 -52 -69 59 -54 8 21 43 -45 -96 -68 25 -46 13 -59 -62 -49 -97 -47 -20 60 -50 
15 -38 -49 -42 -3 -78 57 -29 87 -39 42 -81 -69 -7 -27 -36 -96 -38 -70 80 19 -40 26 42 4 -28 87 59 -36 -34 -77 -74 66 -51 -98 -53 -13 46 -98 -9 48 -13 46 5 -74 32 -20 -64 48 -50 -79 40 -16 65 86 -74 33 80 -56 41 -99 38 97 -9 -80 -20 -79 3 69 -45 45 51 51 -41 -71 
50 62 61 -79 52 -94 -26 -16 -8 76 37 58 39 -85 90 13 42 57 -52 -58 -21 -30 0 54 -29 91 21 6 -40 29 -96 -72 83 13 -44 -53 -10 -67 -12 -91 74 -89 13 64 37 -86 37 30 90 -88 84 99 8 9 -31 54 96 -58 -57 -60 -38 -92 30 27 19 -47 56 -54 -98 48 -24 -90 -69 33 44 
-53 -55 76 24 73 -75 17 -33 -17 -99 -31 -14 97 64 -54 75 66 54 47 -34 19 29 -24 -82 5 -42 1 -31 1 34 -45 -82 59 67 -59 56 -77 19 -55 28 46 62 60 3 54 86 50 -56 33 100 -17 -49 -41 45 71 -7 -71 -62 31 -97 -5 79 -5 -96 26 46 11 26 -17 -15 60 35 86 94 58 
35 99 -63 57 -26 -18 -47 1 73 -72 -53 -51 -66 91 48 -84 94 -4 -29 -64 -63 -66 15 43 -78 -32 86 -53 39 10 -40 16 99 66 -12 -80 47 -77 75 1 -4 32 -63 -77 -72 78 -18 -32 0 63 -85 71 -19 43 -63 -76 86 -51 31 59 -59 -39 59 58 -32 -5 -4 62 61 -77 66 89 6 -81 82 
-6 2 -23 54 16 13 -34 68 -63 75 64 33 -83 -12 -27 72 30 -36 -69 21 -98 -2 -10 38 -44 39 54 86 -78 -68 -14 47 28 -38 -88 -68 90 33 -85 -57 -72 68 68 5 25 64 85 -8 49 94 -99 78 19 53 91 -97 -56 -77 45 99 -27 88 93 -40 53 55 -100 -61 93 -92 -22 59 46 28 64 
-53 -8 -41 18 84 -42 -22 -41 6 8 26 -25 74 60 31 -42 98 -3 42 -32 -42 39 -43 -22 -50 -36 79 -21 8 26 -5 49 4 64 87 100 -72 -1 -46 100 92 -75 -49 -24 67 89 -68 60 -50 -82 -97 34 -93 51 92 -9 21 47 -79 -25 74 -39 -46 83 57 42 48 -84 -88 49 -26 0 16 -29 2 
15 -30 34 -50 17 91 75 96 -91 65 -13 -33 -47 -99 -70 -94 -78 -9 -7 1 -13 -85 88 -96 -57 97 92 6 -22 -89 -27 -4 62 32 16 -65 86 -88 -22 85 83 -37 -22 -94 72 -70 -47 -96 70 78 5 -9 61 -64 -73 -69 44 14 -15 -62 80 47 91 -80 58 -6 -63 47 -18 -82 28 51 72 -12 -64 
81 34 20 -10 -6 33 20 -71 11 27 -100 -94 57 -82 32 15 66 88 73 55 -24 -35 38 17 72 -9 -20 2 -88 50 -31 65 -56 20 72 -16 -14 57 -14 8 100 -6 -95 91 86 82 90 -10 -83 23 -95 37 -62 79 -35 55 52 6 82 -10 -52 4 -77 50 -25 -79 -21 70 -60 -97 -69 -31 -17 -1 28 
-31 -89 95 42 24 -79 61 -35 2 -19 -33 -8 56 -12 12 -63 7 -29 -39 -38 83 58 -12 9 97 44 29 -63 -49 11 -85 55 9 -34 -85 -11 65 13 88 100 -67 27 -81 -66 -67 -39 42 52 4 87 7 41 12 82 27 78 -15 -6 -16 -3 52 -89 -12 -87 -48 52 -97 -41 -45 -74 -19 20 52 -94 -70 
-2 33 -73 -69 -64 54 25 54 35 8 -71 38 -51 -13 87 -40 27 -32 89 -10 45 -29 -89 3 74 40 -18 19 -79 100 -60 84 -31 -27 25 -52 28 -64 -7 -83 -49 77 -80 90 -17 79 -97 99 -26 11 -4 -98 -89 16 39 25 16 60 7 -31 -91 70 32 -24 -98 -35 21 66 10 -56 -98 -11 -90 34 60 
92 -100 5 62 54 7 -36 -46 -84 -96 12 61 53 -12 -14 -99 9 -86 52 89 -54 -40 41 -100 63 -11 99 -30 3 -19 -83 37 -47 -52 -90 -35 18 1 -83 29 62 -17 -84 29 -47 -83 99 -16 21 63 28 98 80 -98 -79 -46 68 27 24 44 -24 -30 -33 -32 -63 37 73 10 46 98 -55 26 49 56 5 
-78 12 0 -6 -59 74 35 75 -70 82 79 -14 -34 33 67 -13 49 -85 69 44 60 7 26 66 46 -51 69 50 -20 48 -87 -67 6 17 -57 -53 2 71 85 65 55 22 16 -22 -15 -57 -75 -100 -89 63 -95 -35 -52 -44 -73 31 93 81 -96 -38 -33 -76 87 -78 15 -77 50 53 61 -7 88 -58 -26 95 -41 
75 4 -86 26 -70 -46 -91 -91 29 18 -7 11 28 11 -60 50 -42 9 -86 -94 -88 -73 63 -4 65 31 6 53 83 -77 -94 14 -70 77 -75 -53 -73 12 33 25 -99 97 -97 78 89 -72 35 -86 -34 -50 56 -2 -43 21 87 58 -88 2 -41 69 -29 44 73 33 88 -15 -69 -37 -46 33 25 -21 -50 21 -33 
32 6 70 41 -11 -44 83 61 25 -83 77 -49 -26 -24 -33 -99 -41 31 -37 -58 -37 19 97 -82 -55 94 34 70 -77 85 43 -43 29 -70 93 -76 -67 -29 31 -61 9 7 -52 88 8 36 59 39 73 -37 56 41 -19 26 77 90 65 0 100 -20 5 -56 47 -66 -87 -14 79 28 -41 -29 -97 21 -41 -9 -60 
-33 -48 -32 9 -89 31 -66 8 -68 89 -78 -72 -7 96 30 -11 -71 22 -4 5 -20 33 3 29 0 2 39 -64 21 -78 22 3 42 -24 -20 -96 3 13 29 -91 45 -51 -19 6 -80 26 68 -17 -20 9 -26 -47 31 100 29 62 99 -73 48 60 9 -54 -12 -18 -8 -29 -60 -64 80 49 -3 8 -21 -12 -94 
-11 -40 71 -71 83 28 -43 85 -2 39 21 -57 -79 -72 71 -28 -38 75 -43 8 34 43 85 -16 -73 -40 -1 -33 -14 25 -77 -29 -61 -83 -14 14 3 80 11 52 -58 -61 34 1 87 -33 -69 -21 74 35 58 65 -5 -64 50 29 8 59 -10 -94 -4 -47 -32 88 -84 -61 -63 28 -24 45 -2 -75 3 44 -99 
87 -14 66 -19 62 92 0 -13 4 77 80 -87 -86 32 -88 -63 50 71 -77 -85 -67 72 1 73 -88 -12 -31 94 34 87 -56 -87 47 15 -67 -22 91 -71 -75 -1 76 2 39 -51 89 19 36 -73 64 100 -30 38 -37 13 4 0 -7 -72 -70 -40 -4 -42 -62 -90 -74 -35 -92 -37 66 -87 74 -48 65 -28 16 
75 -18 7 61 -68 -14 -78 43 -29 -68 31 86 -89 -22 -25 -32 -73 26 -74 -33 -55 -60 50 -95 92 88 -55 61 71 -5 29 23 -46 30 -79 38 -61 -91 -67 36 -34 -3 60 33 -80 35 42 -65 44 -43 -93 71 -71 43 42 50 -48 -22 14 -83 -30 -96 -10 31 100 18 1 -60 58 -71 -32 -33 -75 -18 -6 
-84 94 7 60 -21 17 45 22 58 -84 39 -41 -11 33 -84 74 26 42 44 -14 22 17 87 -47 -74 -9 33 -12 -2 53 75 87 74 -57 71 -28 45 30 51 8 -46 62 -11 -87 47 -43 -71 25 -19 -81 8 -82 -83 -12 -92 -43 -1 -11 -87 4 50 38 31 -39 -37 -86 -77 65 -93 -53 99 72 45 -19 -96 
-96 42 79 91 -45 21 88 -74 64 8 -87 -77 -58 -73 -84 22 -57 -87 -41 15 -98 -81 86 -91 -98 28 -62 -40 -94 11 -73 43 29 8 95 -65 -63 -68 -68 50 61 -97 23 -4 22 -42 47 90 -90 60 -78 0 4 -23 -86 91 -36 91 -48 26 -59 4 -89 -65 -16 33 64 -26 -63 33 -66 85 -65 -57 62 
26 -96 5 -26 94 88 31 -44 47 -50 -51 -10 -60 -25 4 52 85 -28 15 10 22 -13 -13 -7 21 -74 15 49 31 -94 26 -10 42 -48 -35 53 35 80 46 -96 99 61 67 -11 90 34 -5 -5 53 6 -65 50 -88 -62 -76 -15 -19 -93 -23 28 -35 84 90 2 39 20 -88 -95 24 2 -71 26 52 -92 81 
-15 43 95 63 44 17 100 -96 32 7 100 -64 98 95 -11 14 35 -25 99 -76 70 -98 47 -73 52 -35 6 6 -17 -7 -94 77 -40 -99 95 72 2 -43 57 -93 -62 51 19 -44 17 -62 -18 -59 -50 44 26 -23 92 78 -33 -5 13 1 -96 -27 -60 63 68 37 -31 2 -17 -95 -16 -2 68 -98 -27 -67 -35 
32 45 -58 41 -14 63 -67 -21 -60 -17 19 -67 46 -63 65 35 -73 -43 36 31 35 9 -90 -62 -80 -79 -6 -36 -93 -54 30 16 49 -6 -43 21 -99 10 -84 12 89 -40 -7 61 9 -3 82 64 32 35 -73 -87 17 -57 91 4 93 -10 -76 -90 -46 72 90 -46 -95 -100 -15 86 -44 -49 -91 -65 -63 10 -91 
71 -34 55 -19 -66 31 62 -35 78 -37 -29 14 -100 26 -67 90 -90 62 26 65 -94 -34 99 70 -13 94 -60 54 34 -40 -75 -46 -32 -93 -43 -36 -87 -95 -41 90 25 -8 67 -40 -99 -44 -100 16 6 -78 -31 -18 9 -12 -44 42 -17 17 -74 44 -36 75 7 44 -88 -56 100 76 -34 -68 -25 64 50 45 47 
-4 -97 0 -17 97 -16 -40 67 7 -96 -6 20 -71 85 99 -40 14 -11 -14 30 95 -76 -70 55 78 41 -79 83 -27 80 7 71 0 -57 75 15 -44 -23 -52 -68 60 60 18 87 65 -10 -98 32 58 -1 0 -55 -43 -65 72 -9 -60 -72 -31 -25 -75 71 -89 67 18 12 -63 19 -98 -71 -51 68 -97 -18 81 
-84 -81 -1 46 50 20 69 42 -72 -36 -82 -87 89 -26 -69 35 14 39 -17 89 86 6 30 62 -21 -12 -53 -28 -23 -46 42 10 30 77 61 65 65 62 -53 51 66 -4 -77 59 -47 30 -42 32 73 -60 -81 -14 33 14 -52 -17 43 -82 67 38 75 -91 -51 -71 48 30 -45 -29 -18 52 -4 -80 98 4 85 
-43 31 -55 27 47 -14 45 -56 -16 -20 3 -78 67 -96 -79 -35 -28 65 -68 37 42 -85 -72 8 66 66 -18 93 22 37 -87 -23 -60 -92 3 96 66 95 -8 -86 93 -93 4 19 -86 -23 10 74 9 76 27 -3 -24 -33 41 36 92 -71 0 -60 -25 -98 23 -88 12 -71 -10 -2 36 46 -26 -69 89 14 -99 
-74 -69 35 56 44 11 -98 56 23 45 -81 67 29 88 -76 35 54 -56 29 -65 -29 90 -15 21 -39 80 88 13 20 28 -76 -79 -88 -65 -54 8 72 -46 12 98 -98 -98 -79 -79 -38 -57 67 75 -68 34 -71 93 -30 -86 23 -48 -24 98 -82 -74 74 -94 -99 -60 85 24 -68 68 -43 -59 -43 9 -20 65 -32 
13 44 -4 48 35 68 -30 52 34 84 40 -14 72 -53 19 -18 5 -36 -58 10 95 45 -66 62 19 -12 60 0 60 -1 84 24 -7 -61 29 -100 -11 96 -34 78 7 -18 -48 12 70 52 -1 72 17 -12 61 88 64 -56 17 70 -96 52 33 -59 -13 -26 -71 67 -95 -59 -80 -11 92 -29 -69 -92 -87 35 -76 
19 -6 -31 54 19 -75 12 92 -35 -48 35 97 -26 59 -31 -88 66 -33 51 35 -19 2 -91 -19 56 0 94 69 -36 -53 27 -18 99 32 29 -2 1 -59 62 -26 92 -3 25 -6 -4 -56 -33 8 45 50 34 36 -69 -94 99 -49 43 43 55 4 1 16 -61 -24 -56 -28 -22 -25 -67 -21 10 35 -38 -22 76 
-9 45 38 60 17 94 -78 -96 -71 32 -47 -78 85 71 54 86 -86 -3 -85 97 -44 -11 -46 -47 74 -26 55 1 56 -97 -57 55 8 53 -79 26 36 96 -71 59 37 -61 66 -1 91 46 28 -74 85 -40 29 71 -57 78 88 -59 -45 -35 -70 -65 19 3 45 -20 14 -32 -29 96 -77 32 22 88 -79 5 13 
71 63 -88 8 -54 -91 0 -21 -38 -28 -49 15 -12 -89 39 7 86 -97 53 -63 20 60 60 7 29 45 -78 -87 74 -90 -10 56 75 21 47 -9 36 30 -23 -89 -67 15 62 -12 84 -26 -38 67 68 100 -63 -9 34 -9 -35 -15 10 -83 -28 15 30 86 88 -81 26 -71 46 58 -2 -36 -41 25 64 30 -53 
-1 -85 -34 -8 50 99 -79 -17 12 -78 82 -38 7 -28 -8 -65 -23 -43 -82 74 -91 54 88 91 36 14 -36 10 -15 -40 54 -53 65 35 -99 -34 -8 61 -56 51 28 -37 -1 -68 -43 100 77 -73 68 43 21 0 -48 -100 48 -75 24 -95 -20 -69 33 98 -2 17 -86 44 23 13 46 -48 -7 -7 34 -95 89 
40 -76 -40 -98 63 40 -73 48 14 -74 75 42 54 52 -77 91 -58 80 -45 53 -63 -56 49 -54 44 62 39 -8 -44 -1 59 -5 61 96 -97 -66 33 51 -37 62 -12 73 66 54 43 -45 84 45 7 50 83 46 78 -41 78 82 59 -2 -57 76 39 -8 -16 93 76 28 -99 16 -90 73 -9 50 60 93 61 
-9 -45 40 23 -31 5 50 -85 98 -57 -57 27 19 -8 98 -5 17 4 4 25 -89 62 1 -52 -38 55 34 -42 5 83 74 -71 -3 34 -53 13 40 46 -7 -27 92 90 -91 -46 94 69 40 -95 -52 95 -96 0 74 95 -61 -48 -59 -24 79 -94 53 -51 58 -45 22 -82 70 90 11 -30 -52 -49 39 -94 85 
-88 -45 -100 58 60 -33 2 36 79 65 -92 27 98 54 64 -10 -5 51 62 85 36 34 8 -34 -21 16 15 48 97 5 -20 69 -66 23 -10 35 -66 28 -14 -61 75 73 7 80 -70 89 74 -18 4 -72 32 27 -73 81 8 77 60 78 95 13 -21 -17 -26 -72 42 -3 -71 -86 -22 -88 -50 80 -85 16 38 
13 -24 39 18 -84 67 51 29 1 -85 45 -69 -11 -40 77 53 -8 -54 -22 -68 76 18 54 4 92 -28 -2 74 -9 85 83 68 -74 34 -6 -21 77 29 -75 4 20 27 -90 19 45 -67 47 35 -81 -27 -59 -48 62 55 96 44 -42 1 98 -15 -73 41 60 66 71 42 90 63 -30 42 26 11 -81 61 55 
27 10 -12 20 -22 -73 42 59 85 -23 -92 -68 -25 -58 5 47 -92 -22 -50 73 -2 -60 82 26 83 39 85 -84 8 -67 -33 13 -71 81 30 -57 -79 93 -75 95 54 -98 80 73 72 47 38 -35 39 -52 11 66 67 93 37 -95 86 -96 -86 -11 6 85 -50 -81 36 -49 -34 54 -20 71 -5 -7 -6 17 3 
47 -43 29 -82 -32 46 46 29 -49 -80 46 -90 -62 -46 -43 98 -48 42 -25 57 -87 -26 -34 -31 76 -3 80 -72 20 23 -34 -84 -63 10 -17 23 42 -93 81 -14 33 59 60 -67 -96 97 -63 75 86 -97 -100 98 -22 41 42 3 -34 4 -89 99 82 -87 29 83 41 -87 9 -74 -20 21 84 74 61 -46 -19 
-65 -52 -78 68 -7 37 -70 4 2 -59 19 64 10 -7 -88 93 11 74 -85 98 93 -18 9 -7 42 -70 90 76 98 -91 -35 31 7 -27 -96 -37 -61 -4 13 58 5 -39 4 9 -95 7 62 -69 18 -98 -26 52 24 75 0 -84 98 -52 41 -90 63 -23 25 6 -76 -32 -33 -95 29 -95 -34 -65 19 -79 -94 
-58 -4 -3 45 4 -62 97 93 8 -23 21 -47 -75 73 -31 76 16 -23 23 -80 -77 -35 -14 20 -63 -6 -3 6 12 -66 66 -39 -69 -63 -63 -2 -14 -52 -62 44 -51 -29 -41 57 -62 -40 -72 -66 -38 30 -34 -13 74 33 53 18 -80 -7 21 -99 -94 -40 -67 -90 -48 -24 71 -35 13 -71 78 -22 85 -91 7 
18 -94 -57 56 61 -69 46 76 4 -27 86 -18 -88 -80 0 92 71 -7 -63 -57 -59 100 86 -14 -27 48 88 76 33 -5 66 -56 22 -92 55 -84 -82 -97 11 -82 54 68 -96 -38 -22 -51 22 -16 -88 -87 -2 25 -96 -66 74 22 -17 69 -69 -24 -72 53 85 -99 81 -39 -10 77 64 -3 73 -49 -72 97 -22 
59 85 88 -92 -56 79 58 -54 97 -18 -52 46 76 5 -36 68 -93 74 -26 98 -74 -5 -46 60 -87 22 38 60 -75 -50 -3 -73 -18 -4 10 20 -50 -77 95 81 -56 89 15 31 -68 40 7 -91 12 10 -44 13 -36 49 -1 92 55 -40 -79 -14 79 43 -28 -6 73 6 -55 48 -15 62 -83 38 -57 21 47 
-33 -99 -24 -75 0 -96 -93 40 -89 64 -77 -88 -25 5 -73 99 -36 -12 66 -45 15 7 -92 -6 -5 13 -11 92 89 85 38 41 -46 -76 -77 -46 49 15 -49 -99 27 -53 45 5 7 9 80 17 -44 68 98 -22 64 -41 -42 17 -42 21 -41 72 94 90 -7 46 -94 -17 100 -6 85 99 -66 -64 -24 56 -54 
-92 -31 -52 26 -18 36 -76 -69 45 85 94 99 41 64 52 42 -36 -37 36 0 -100 81 -60 -56 -14 69 -10 -9 7 17 -43 14 -98 -23 23 13 -81 -65 53 -27 -50 -18 59 -50 35 57 65 -33 -90 -64 -36 43 -1 50 -29 52 4 -21 73 28 89 21 -65 52 42 -61 -76 -25 11 6 -53 49 11 -90 -87 
-95 54 56 86 8 -80 46 -46 -79 30 -47 31 -29 -93 99 -9 -97 -74 -37 31 30 71 46 -19 -20 -22 -89 97 -33 -10 17 7 34 48 -4 -76 -43 -79 73 -28 48 38 44 68 -82 -38 -70 24 -94 -6 -70 24 98 -9 -21 6 -69 -53 -14 -51 41 36 84 -18 4 -6 94 97 -23 60 -27 94 70 66 -41 
-90 -22 -18 -85 -40 -23 -82 44 17 -71 -73 -16 -88 -80 -47 -75 60 -97 -97 -75 -57 -4 -7 -100 -48 6 68 -51 -48 -48 -38 -8 14 -55 21 -76 78 78 90 54 51 -58 -23 21 81 -12 27 42 -47 56 4 85 91 50 -68 -23 -39 -14 -20 94 99 -19 -79 -19 21 64 45 1 77 60 -50 47 -22 94 26 
-70 49 31 78 0 -70 -10 -18 -67 -79 49 77 8 9 -63 21 -29 -48 73 -60 -93 84 -41 7 39 72 -18 69 -75 -24 43 38 75 45 24 0 24 -74 -55 -32 21 -49 81 -91 84 44 -31 39 39 -95 -37 -37 58 -42 17 52 -1 24 -35 -60 50 0 -97 13 -5 -52 -71 34 79 71 -48 13 30 43 44 
-83 -74 41 27 -41 34 -83 51 -21 -11 46 50 16 -84 -51 61 19 99 39 7 72 -58 -1 -76 -61 73 2 95 90 25 -37 29 64 -71 -92 -79 89 -85 -35 14 18 15 -83 13 14 -54 58 94 32 5 64 3 -100 -24 -25 -27 -63 -65 74 -30 -60 -34 96 -7 -43 47 20 65 -17 18 87 -65 98 -54 33 
-88 21 48 -32 79 -28 -7 -90 71 -14 88 73 -46 6 72 22 67 -19 62 30 8 -32 -59 35 16 19 4 23 -98 -81 -1 91 -45 85 -40 5 59 73 100 -18 75 46 -63 -99 93 91 -66 76 -67 99 31 57 56 78 32 93 93 -66 92 -44 -88 67 51 -74 -100 -61 -35 70 -37 62 -51 -40 -27 62 -79 
-9 -4 82 74 -23 18 17 60 -5 -55 85 -50 -98 44 -91 18 -45 7 -59 30 -63 43 -98 -9 -97 -11 -50 12 100 27 -51 -1 -44 -13 91 -87 93 -46 -2 -28 -37 30 -65 -49 97 88 -67 83 -97 -43 -34 38 5 -49 64 -98 -92 55 96 7 35 -44 -68 49 -79 55 -41 88 33 -37 -92 90 -57 -60 -77 
83 88 11 48 83 36 28 -79 14 -45 93 -88 -64 23 -72 -99 47 -48 100 -90 40 58 -15 -96 74 -85 99 -19 47 -14 -30 -97 -6 -65 74 29 -89 -29 -4 -55 29 -48 -91 9 65 -1 -31 95 31 -100 -29 71 -72 75 22 3 73 92 -37 -16 66 56 -20 -77 27 68 -54 59 -30 -58 -53 65 71 31 27 
-12 -36 36 58 30 -31 91 72 52 66 37 -92 60 85 8 -80 39 69 73 4 81 30 -34 -68 -39 81 -80 77 1 -87 27 75 -35 8 70 75 -64 12 100 -3 -7 92 -83 -49 -35 -53 87 -80 -60 -93 -64 18 88 7 -5 31 100 -95 -56 65 47 70 33 25 18 9 -41 -73 31 -91 15 45 -2 -68 89 
66 -61 -1 -64 23 -64 -20 -97 -33 12 95 -45 36 80 33 -61 59 -80 41 -99 -44 20 -9 37 -75 -29 75 -33 -74 22 83 -100 50 -38 -82 84 -62 -51 63 45 -39 34 -82 27 76 -89 -83 42 37 93 -67 -68 30 58 65 -99 100 -66 -72 -27 -26 -75 94 -18 89 45 35 -10 66 58 -69 54 7 -31 31 
-12 -62 85 -28 17 -88 -67 -18 4 -59 88 -23 32 19 -64 98 -44 5 -89 50 99 -71 -24 12 -66 -7 81 43 93 82 -39 28 -30 -22 -60 76 24 -16 -51 -54 33 -69 -10 8 -69 -44 -38 44 25 76 -33 97 24 -5 -77 -90 83 48 6 69 78 -17 -55 -4 46 28 -78 90 33 -75 -27 -53 32 -23 -97 
57 100 -98 2 99 35 46 -9 8 -88 -32 -98 69 14 -86 87 -28 -93 -27 23 -15 -8 25 13 -28 85 8 -55 -63 4 -5 54 67 94 70 -59 72 -40 -14 -67 54 -1 -41 51 58 -47 96 -81 -54 -9 -3 15 75 97 47 51 14 -98 -69 58 15 20 -88 -20 33 2 -48 -40 27 40 94 -38 10 -64 45 
-77 11 -54 -61 -51 47 -49 39 68 98 -12 -81 -66 20 2 -79 -63 62 91 -34 -69 64 10 -72 33 25 -60 -57 48 -33 65 95 -14 -20 -61 -84 -98 86 -63 -79 100 -33 -2 71 -43 -89 42 -56 83 81 -74 56 78 -37 39 -90 -61 -21 42 -41 69 31 79 69 -14 -92 62 13 -8 -88 -40 25 39 -85 14 
17 35 -79 -66 -62 43 -96 -74 32 93 -83 -32 40 -23 85 -59 18 -11 -29 -43 0 -25 36 -97 65 14 63 42 53 55 75 55 -4 0 -89 90 8 65 61 -23 40 36 16 -70 35 29 -89 -25 -34 -36 65 7 -59 98 68 -45 -35 99 -4 84 78 -13 82 84 72 49 38 22 -15 63 47 12 95 -82 -94 
43 -20 -6 -80 -84 -26 -48 36 -86 -85 37 29 -18 66 20 -56 98 19 11 -38 52 -52 -46 31 -57 7 66 -32 -18 59 66 -4 -91 -86 -40 -18 -17 -95 14 86 -49 13 -71 -72 65 -57 49 56 -44 60 50 47 74 -51 83 29 60 12 -13 -63 -98 9 15 43 -34 -34 -99 86 -28 -77 18 29 -43 -52 -12 
12 84 63 64 96 56 49 82 70 89 -50 73 -78 61 -59 -33 -16 -3 -96 57 76 -67 39 8 40 -85 58 85 65 -89 -36 35 74 6 59 -35 -7 -42 28 87 39 98 -5 16 54 -31 26 98 -71 -83 -66 -41 -83 -80 -63 -5 17 49 10 33 -50 38 -1 -100 55 -32 -38 89 47 78 61 86 -3 -15 48 
-40 29 -30 -88 -41 12 -85 28 -4 87 -56 -5 98 -63 56 -26 67 -38 45 -5 83 -46 72 -55 25 25 60 -76 -20 -99 -19 78 2 -18 53 84 -57 -62 -4 -59 -55 96 86 49 88 -50 -26 93 11 67 -1 -85 63 -79 17 57 -16 -27 -49 59 76 -54 91 -50 -40 -97 93 -81 -7 82 62 -96 -49 81 -38 
10 31 2 39 -27 -3 -33 -55 73 -53 -82 -3 -18 -72 20 12 -72 -47 46 69 -71 -63 -30 88 -4 72 -100 87 94 -1 33 52 29 67 -2 21 99 -13 17 92 -57 -100 10 -65 96 -14 -12 -30 92 -15 74 -86 -59 -45 41 -18 27 -51 65 -50 67 62 -98 20 -84 73 -85 56 -55 51 -89 4 -97 -35 69 
31 -23 38 -1 -88 78 41 -44 69 -90 41 49 1 46 -25 98 79 -72 -98 -44 -52 100 8 -10 80 88 88 82 -90 52 17 -88 -48 80 42 94 27 77 35 -36 -88 92 74 -83 72 32 62 15 59 -53 49 17 -76 82 -58 -85 -4 -26 -9 -11 68 53 -95 12 -22 12 -29 -60 73 -10 80 73 83 -68 95 
70 0 -82 2 98 -91 -90 -70 97 79 53 -95 -28 98 29 67 -45 -12 15 -61 25 44 63 -8 55 -38 83 -44 -93 -12 -65 -33 55 -63 -47 -42 -96 -36 -18 -20 59 79 40 -20 -98 -26 -78 -14 43 -79 40 -54 -8 -9 -48 62 -89 -93 -41 -90 -81 85 93 -98 75 -42 -9 76 -93 -73 43 54 92 74 -47 
-36 27 -76 -15 49 -63 7 9 34 -71 -90 68 9 73 -63 80 16 41 60 -30 44 31 -30 -18 -84 -64 33 35 -43 90 55 44 70 58 -98 -29 -20 -41 -76 -14 -27 -34 94 72 84 -2 -21 -43 -57 62 -34 -78 54 64 -19 -5 -72 -69 23 -59 100 -46 -48 37 53 96 -78 -79 -63 41 -34 16 -19 -15 -75 
11 -1 29 -93 95 18 5 81 3 -30 -34 -88 -10 25 62 -14 -80 -99 -86 0 -69 21 -70 39 -70 -58 -20 63 81 81 8 94 -69 -18 56 9 0 77 -39 45 -1 -94 88 13 76 50 0 16 22 -24 -54 48 34 72 -79 94 11 36 -96 -31 -98 7 83 32 -1 -78 95 -86 40 57 -34 86 -79 30 66 
-90 57 62 63 72 6 68 73 -17 -51 -82 -17 37 -90 8 -80 16 59 91 -83 -21 80 -75 -30 49 -74 -8 4 -18 -35 -73 -55 -24 26 -7 9 -38 -99 -87 -35 48 54 -69 51 -89 -31 -17 -32 66 -6 38 60 -76 24 17 -9 43 92 -61 -60 38 23 -1 26 72 0 36 -3 -59 10 -40 -77 21 87 -68 
50 64 49 51 59 32 90 -13 89 17 -40 -43 -69 68 89 -44 -64 19 -80 97 -53 58 82 -1 16 -35 56 -90 -49 -7 20 44 48 -30 85 -7 -30 -89 -71 -88 -69 -33 86 -7 71 83 -59 16 92 -7 -95 -19 3 91 34 -9 56 8 25 -35 -87 6 84 42 -43 -68 12 5 29 19 -20 54 -97 -41 82 
29 19 50 8 77 64 -28 13 28 -9 -30 -78 78 11 -45 -49 0 97 90 -64 -24 23 47 26 -33 -56 42 -39 0 78 -53 -87 -66 -36 12 4 -23 -69 -75 -78 -95 95 36 -30 -35 79 -5 98 -8 90 54 87 -28 9 -59 -100 -92 82 -4 -15 -64 -80 75 57 -77 52 0 87 -62 14 86 54 -54 -1 -36 
-62 -46 34 83 -75 23 -76 38 -49 69 -78 26 53 -33 -12 -99 82 48 -46 75 11 -87 -19 35 91 -45 -6 -30 -50 -60 -66 -100 -99 -27 -56 -36 69 -66 35 -42 -22 -64 82 78 -85 0 57 -43 -8 -49 93 85 42 10 95 -79 -11 -18 -43 -94 92 80 -86 11 66 -19 -80 17 90 -35 27 67 -8 65 28 
-21 -56 91 42 -59 -47 -81 -98 -96 6 23 -24 36 -6 54 14 20 -36 -35 -55 9 80 48 -94 -53 86 -65 65 60 64 2 81 -62 -5 -62 -84 -99 2 29 -16 61 -97 53 90 99 86 -87 -50 -33 -6 17 22 98 -74 -94 98 -87 -59 10 69 -62 -96 -50 28 70 -17 -78 -73 80 58 15 32 66 69 64 
-17 -2 -65 70 -85 -57 87 -45 11 -4 70 85 56 95 -84 -81 83 31 22 64 -83 -95 -92 -24 94 -80 87 95 -41 -12 -67 77 -16 -5 -100 -40 28 -22 -54 -28 -36 77 -19 -93 49 -57 38 100 99 -42 64 -42 -13 13 14 93 -97 -32 -52 91 60 -92 -16 99 -47 -70 -79 95 -28 -42 35 84 -92 40 61 
19 -62 32 -71 90 -47 17 -82 72 87 -58 13 -1 1 49 54 82 -22 42 -14 63 -16 -88 82 -46 69 37 -85 68 85 41 -1 -60 41 81 -66 59 79 -50 45 86 92 43 100 -5 78 -19 28 100 -83 -48 -100 -30 -89 -93 -27 -79 -74 -80 42 -68 -52 15 -65 -9 88 84 -60 -21 31 44 -22 -60 16 95 
-26 28 0 34 21 0 -42 73 75 -66 -87 -87 29 -35 -29 97 -79 74 26 -52 -60 -56 10 -41 34 -14 -81 49 99 24 -99 59 -97 -81 40 7 76 38 14 -34 -26 26 24 -73 4 -91 -85 79 -16 -39 83 49 -88 -4 -80 -43 66 76 11 39 -21 -52 -26 58 -52 -66 -59 8 -46 61 -53 6 -71 -76 38 
7 82 3 37 -48 -29 13 43 67 -6 68 -34 35 -55 1 -63 46 -99 -2 64 -88 -76 51 -3 -43 -1 -43 69 -62 38 -87 -23 -77 71 73 -86 84 -26 100 -75 52 94 80 -11 39 -58 -52 -18 64 46 19 92 -41 -22 69 6 -69 75 25 5 58 -29 -57 -100 -51 -21 -17 -32 -68 57 -68 78 -72 -14 49 
-50 64 -34 -41 -37 -97 -93 -26 87 78 49 -76 -17 41 -14 -58 -54 78 83 80 22 98 83 72 98 -30 -85 -59 -71 -4 -29 59 9 55 8 -7 100 53 70 51 46 -2 48 -57 67 -7 -29 -92 -43 6 91 67 22 -56 69 100 87 59 -29 -22 -56 100 -53 62 69 46 -89 -24 72 -16 22 -27 37 -83 -35 
96 18 -58 80 94 20 66 41 38 -77 -96 -77 71 -100 -62 16 9 87 -76 -44 45 -68 40 45 -59 -83 -73 78 -31 -98 -1 -96 91 -87 75 -27 -1 99 28 2 -70 57 -21 -8 67 -48 15 -26 -10 36 -90 -10 -22 23 23 17 64 -80 -67 -19 50 -12 24 -60 77 90 -77 60 -20 29 -22 -56 -2 86 -34 
88 -42 -96 -86 -27 75 -74 52 -36 -15 -100 24 -14 -74 85 -91 -77 -17 -18 83 -56 -75 -20 30 48 -64 73 53 -55 39 -76 47 -81 -32 50 83 32 8 78 97 -94 87 16 51 56 -16 51 -15 -5 -63 84 15 -45 -72 45 -23 41 50 13 -38 35 -44 74 27 -77 -23 -25 -44 -41 99 44 -53 -38 -83 95 
79 81 65 1 -92 90 -37 -78 41 -50 -79 99 -78 -5 6 1 24 62 92 -63 -48 58 -31 93 79 16 36 62 5 -33 -25 -87 -32 2 -92 -97 21 -96 -51 16 -57 -88 -78 39 51 -25 53 -99 -14 -2 -4 -90 -62 50 -77 -78 84 83 -74 72 -35 -18 -69 8 -24 31 -98 41 -90 45 -82 -80 33 55 -50 
-95 28 16 -4 -66 -82 -74 -37 5 -32 -36 -3 29 -26 -92 27 -74 -39 46 -19 -80 98 79 47 91 -3 -45 -5 -80 24 -59 5 56 78 -69 -18 69 36 -50 9 -68 -99 -30 52 66 -30 -2 0 80 49 94 1 -21 -91 -21 71 -70 -10 -24 -95 -79 -13 -41 -68 -36 -100 38 -35 63 -60 46 -95 -58 60 -74 
75 70 -46 34 -33 -39 -99 -7 47 -31 -11 52 29 -7 35 72 12 -30 -35 84 -11 -15 -25 -81 70 -51 -4 90 68 -97 17 -34 -8 -34 -64 -60 82 -20 -63 41 -33 86 -20 18 52 -100 27 74 29 32 18 -88 54 -52 -52 6 23 -16 21 66 99 44 -32 54 -26 -26 -93 85 93 -83 -87 -18 -57 20 -9 
-55 -87 -48 18 58 -93 -54 22 -76 -9 60 -46 -6 49 19 19 -36 22 44 53 -63 -14 19 -29 15 41 -55 -55 90 -49 98 91 -94 -35 88 87 -71 20 -60 -42 12 44 -62 -75 -16 72 98 74 -57 -15 70 7 -23 31 -1 -84 -21 45 -65 -56 -36 -98 76 29 -88 42 -6 6 98 7 65 2 -53 45 -38 
34 -44 81 -19 77 48 -52 27 -78 -35 82 -42 57 -50 -47 -9 -9 -7 8 55 -41 -98 -89 -42 -82 -48 -81 47 99 58 8 -14 -22 -84 13 -9 77 -68 -57 -55 -74 -79 18 -38 -30 -86 8 77 15 86 13 -46 -10 -26 -31 -3 -37 31 78 62 -8 47 -79 -61 35 28 -62 -72 -88 86 16 83 79 -16 88 
-73 -96 19 -90 66 7 -40 -89 -59 -17 -94 73 40 60 -56 -73 -35 -9 -29 -64 -71 70 -89 -82 12 -42 26 41 -32 32 -22 85 62 -70 -7 -100 -18 -98 -35 82 80 82 23 53 87 93 32 -44 -46 41 -94 -43 31 -86 35 10 52 63 -14 69 60 13 -32 96 -46 59 -86 45 14 40 46 45 84 34 -37 
-63 18 -95 -14 -88 -71 21 -71 -84 -18 47 -26 -95 31 45 69 45 88 -31 100 9 -80 -86 -42 78 26 84 44 -98 35 -54 78 -4 -65 -10 52 86 -4 61 -67 59 -41 -16 -98 7 -76 85 -53 -38 14 27 23 -91 2 -39 92 -37 39 83 -52 -55 -91 -57 37 83 43 92 -61 -17 62 81 -40 -42 -25 87 
12 -64 82 74 81 -63 -15 -75 -99 12 78 44 92 -50 -1 -63 -20 -60 -30 -13 15 67 25 55 -24 -26 -37 -12 -35 50 84 -26 -90 41 41 -46 30 -33 -58 7 -97 45 68 26 -27 -50 86 -43 -79 -69 13 -31 -64 -90 100 -12 -41 78 -41 16 100 85 74 97 -52 -31 -92 -30 85 -93 -74 -16 30 79 6 
-3 75 -36 -61 -33 -72 -20 -17 10 50 -28 -23 66 -1 63 -63 -46 28 -49 16 -28 -80 58 72 -35 -5 -11 93 -34 80 -66 54 28 15 25 87 16 -52 18 -60 17 -40 -85 43 -45 20 -44 91 -72 -40 -69 44 -21 -50 77 25 -68 -92 46 -30 -47 39 2 33 35 9 -57 86 27 60 82 -98 25 -8 -56 
41 -79 97 -50 -89 -78 68 8 96 15 52 -9 80 58 -87 42 -21 -100 23 -58 48 -94 91 18 16 -50 75 16 31 71 -44 94 -11 66 -49 -33 53 -58 -34 15 -13 -42 -33 31 38 31 -58 53 94 -55 82 34 29 -71 7 97 -9 66 -91 55 -56 64 55 92 91 -62 -22 -14 55 -65 -65 39 37 -2 -16 
73 -50 -61 75 -57 -88 52 8 -93 -85 -72 23 -95 -41 -81 65 -72 79 42 85 30 76 -17 -11 -35 43 -14 -53 59 -12 -31 83 -59 -17 25 -43 11 77 -74 66 92 57 59 85 -71 43 -18 -69 41 -27 -41 -23 10 96 -87 87 -73 40 79 39 42 -25 99 -90 6 -72 36 68 65 -7 40 -85 -73 -44 -38 
48 -43 -56 -71 -97 -29 100 -23 -51 -11 35 -91 43 99 93 -18 44 -73 -23 -37 31 63 70 33 95 22 -98 79 -35 -5 -68 -82 25 -21 57 44 15 8 75 -22 68 10 -7 -96 -26 53 80 -100 8 64 -14 57 60 3 -20 43 -29 -53 12 1 60 -28 -78 71 79 -49 -14 92 81 46 -88 -17 96 76 71 
-10 15 -42 14 52 29 -66 97 18 -80 -35 -57 -80 -90 -99 -86 20 2 45 -100 39 -100 7 74 68 -83 -86 -100 36 -3 7 80 -89 -19 91 -14 -49 -30 -12 -36 -29 32 34 1 -2 6 -67 24 42 19 1 -55 9 -19 95 -60 76 -33 -19 85 -94 -36 100 -41 -68 -59 -64 -45 85 44 5 40 -81 -76 -39 
61 -48 82 39 -4 -12 90 30 69 -84 10 0 21 11 51 76 -88 -100 -36 63 11 84 -73 -86 -73 79 37 75 12 -90 39 -10 -100 59 50 -96 22 59 38 -3 -65 -8 22 -42 -76 -10 21 -12 -60 35 -95 58 -49 91 -57 99 -22 14 -13 -99 -7 -53 88 -48 -81 56 31 71 50 93 31 37 -92 64 24 
41 -62 28 96 99 50 79 -80 60 67 -72 22 45 64 39 60 23 95 -20 69 -90 -9 -50 -33 -66 32 13 35 -40 31 68 -32 -19 -100 -87 -4 -30 28 -48 18 82 -1 7 36 -27 85 14 -75 -88 52 32 84 83 10 39 -41 -86 51 -81 -63 81 -80 62 -1 36 19 86 -90 -70 4 -49 7 16 -72 88 
-15 64 79 22 -62 89 52 10 -47 -39 -7 14 95 8 18 -28 23 14 -30 6 56 25 15 99 -86 8 54 66 35 89 -15 -79 -91 -56 18 -51 -36 -42 89 -39 46 7 -25 -15 44 65 -95 -41 9 39 1 -66 96 11 -45 -2 -84 15 -42 -70 -49 -20 -86 28 -27 -51 38 35 -98 19 33 98 -100 43 51 
87 1 -4 48 -32 96 -72 71 54 -31 -47 -93 30 57 -61 -24 -70 -67 -44 67 -61 -86 -84 -31 95 -24 -53 85 69 -93 74 29 -49 96 -96 26 -13 -80 -47 36 79 70 62 50 -85 -61 -84 -66 22 86 77 -12 39 78 62 1 -47 -4 46 -19 16 91 51 -88 -79 -4 100 24 -43 76 99 22 44 -17 -36 
31 52 -92 74 -37 60 -47 -50 -62 13 60 85 49 -36 -49 65 -16 13 50 -35 49 26 32 29 -85 62 82 -3 -54 59 -34 76 97 82 14 1 -39 -47 64 23 15 -54 -69 2 -50 79 -20 47 -62 88 89 -57 68 -62 -89 -100 -25 6 -27 -60 92 78 -34 -61 77 98 21 -54 9 21 26 -32 97 -64 -71 
70 -29 -47 53 -52 -3 87 -79 7 19 -92 8 23 -82 -12 -4 -55 -51 18 81 -42 16 -99 2 33 49 17 -94 -49 95 91 -76 -75 81 -37 -3 16 65 15 -42 40 -42 -24 91 28 63 73 59 1 -6 -46 0 -93 -72 -50 86 53 22 17 70 49 -74 3 56 -31 -3 95 34 54 74 77 -87 -20 39 -53 
19 -33 77 36 -53 19 -63 -5 -13 80 0 19 -27 36 -26 21 -56 -53 -54 -39 -59 72 49 97 -53 44 -38 30 1 59 89 65 41 -62 94 -27 -2 -27 67 -65 3 -35 -93 92 -80 39 63 -36 96 -61 46 77 59 -86 -1 -81 74 57 -61 -4 -3 -90 0 86 -48 41 61 79 -17 -18 -42 -43 -87 -27 84 
-86 -6 -37 35 53 -17 -99 -87 -50 100 -43 -6 -48 24 -86 -36 -5 -4 89 57 2 50 -96 -44 87 -51 -17 -29 96 -70 66 52 35 23 -4 56 -6 -27 -75 -86 67 45 -56 75 47 -29 89 -8 70 -23 53 19 -25 -88 -52 48 35 -27 7 -29 -2 0 8 12 -45 -10 -21 -39 63 28 72 -24 14 -89 -72 
-90 100 -79 63 45 86 65 -95 47 3 -87 69 -43 90 -29 -19 -10 58 -79 16 -62 -40 22 89 57 59 -37 -21 -50 -18 72 -58 38 66 3 20 -43 37 -93 53 -15 -46 -42 -50 -75 -62 -77 -2 3 -59 -46 70 32 -83 6 60 43 99 22 5 -24 49 49 80 39 27 -60 -2 -20 -38 39 -34 32 -53 -28 
-39 -71 48 50 50 -50 31 70 -63 -17 -42 11 -32 -64 -97 -36 62 19 80 -77 -18 -92 47 -58 -33 68 19 67 15 -79 31 44 65 51 49 -45 34 25 -35 77 99 -59 14 91 -2 17 13 41 32 61 -23 -23 81 -81 78 23 33 -75 73 42 3 91 -91 21 25 98 17 -22 26 -98 6 52 -60 -56 -53 
81 -76 73 -47 63 -7 -79 89 45 -60 75 55 43 3 -11 -7 -2 78 -93 34 28 -78 -26 -4 -2 17 -61 -18 43 46 2 -64 -13 28 69 -74 13 -91 28 6 100 -81 -94 97 34 32 -90 -89 -15 37 -63 -72 -83 -40 59 61 -94 -20 -37 76 19 -40 93 47 -85 -70 -39 -95 5 86 10 -10 99 68 -86 
32 34 -66 76 35 -88 63 -36 -73 -50 -9 -75 -78 -13 -14 -21 -67 -96 95 -37 -36 90 56 -7 -96 -15 91 -2 -72 14 -46 45 -57 -85 69 38 -66 82 4 -41 9 -86 -75 26 -72 2 -38 21 10 3 9 93 12 11 63 31 -6 -22 -62 52 -37 22 -77 -26 -14 75 -7 -28 69 -1 -71 -50 83 13 11 
-88 46 39 43 -31 50 -49 -65 -98 -21 -40 58 25 -48 19 95 -17 -91 -21 34 -88 -84 -49 45 1 -2 -92 -61 28 24 -2 2 -73 -2 20 -90 6 43 29 -22 -7 84 92 26 -23 57 50 -12 -86 -9 -45 -23 74 0 -74 -64 40 -69 59 -9 23 67 -77 -60 80 -21 -80 -11 99 20 -20 59 70 -5 59 
90 73 13 -18 -55 -70 18 52 26 -83 -67 42 26 -88 55 97 -20 -42 86 41 -23 33 28 -61 68 15 24 0 -26 40 -2 0 43 -39 21 30 84 63 -72 80 -35 -96 -9 39 -40 90 -47 37 96 65 93 -89 65 -13 -31 46 82 -88 22 83 65 -43 -96 -63 7 72 -15 16 -25 -78 29 -76 3 20 35 
-59 -66 -6 59 21 74 -9 -77 -32 81 -76 76 -89 -82 13 -65 34 -7 -62 -35 -54 60 60 2 -14 -83 64 38 67 65 -89 51 88 -71 31 44 82 -27 12 -17 93 -79 -60 41 29 -59 6 -29 -5 75 19 -69 -59 98 47 51 58 -16 -57 -63 -61 -93 -97 -55 64 -90 -19 38 65 4 -15 83 35 -62 44 
-76 15 -71 81 65 -77 -73 -62 -97 -82 58 -11 61 23 17 -40 29 44 -19 -33 -74 37 63 -74 96 53 -17 -43 41 57 -18 -8 -42 48 33 38 25 54 66 -90 -3 30 32 -11 -82 29 -86 100 -64 -100 6 -82 -11 -60 80 -16 -21 -13 80 19 -28 14 42 96 24 86 7 37 -5 47 73 -24 -15 6 35 
87 -77 -73 -99 -1 -29 -37 -58 74 -67 8 89 -80 0 2 -57 -92 40 -87 50 -97 -54 25 100 8 -43 -75 -40 -11 56 -92 -33 43 -31 -15 -57 68 48 10 29 33 -62 -48 37 -26 22 5 -19 9 -56 55 72 65 98 -57 72 18 58 -100 -96 83 53 -12 -11 5 -79 -76 -99 -68 5 100 13 -81 -30 10 
7 -84 22 13 2 9 77 -99 20 -34 78 19 70 -11 -67 35 81 -25 32 67 -27 -43 80 -76 -74 -62 80 -40 -96 -2 99 -36 44 -85 17 -9 -27 39 -36 -9 -57 47 -46 96 85 71 -55 93 -38 -50 -8 80 31 -83 -68 46 93 -80 -66 92 65 -50 -6 -11 16 32 -8 99 36 78 26 61 1 -61 -29 
74 12 27 -34 -79 -30 79 -70 -14 13 1 95 -81 -83 -17 -62 93 19 26 -21 28 85 26 100 -70 32 -54 -37 -76 -44 39 -29 -57 95 -91 -14 -9 -3 -35 -83 -57 38 -8 42 -90 85 -46 11 9 -88 54 18 83 -97 -51 -93 23 -49 -97 22 63 -49 99 -54 -59 -31 56 -88 -8 70 -13 -51 -95 39 -16 
