53 -58 -60 27 51 -87 -73 74 55 -62 93 52 99 -97 -42 -17 -19 62 -58 -45 -79 15 -63 17 19 -75 -40 -18 64 -94 -36 38 34 
-27 77 -12 -67 30 97 86 -89 -14 65 -75 80 -95 69 57 28 26 -19 53 2 -53 -42 -49 -92 68 -61 -69 -42 -54 -60 -65 -56 -96 
65 -85 -12 0 -39 27 56 71 53 63 -31 52 48 -8 -6 -88 -36 -87 21 2 43 75 -77 -15 -84 -96 -45 -78 -19 -14 81 94 -58 
99 54 10 58 -34 34 75 -86 -25 -58 -32 19 76 -26 24 -57 93 -1 64 30 79 -64 -70 -27 -12 -47 -54 78 -73 36 -87 -81 72 
-95 81 15 84 -80 -94 -87 20 -43 16 72 -37 26 -67 64 92 -78 24 36 52 6 43 -6 -46 -54 78 -90 39 -40 66 88 -77 100 
-89 78 87 33 41 -29 77 -19 61 -80 -31 71 -67 -35 -7 67 -2 -4 95 -86 -52 82 74 89 9 98 -35 -78 68 -59 -30 -68 83 
-9 76 58 24 66 87 68 -80 -34 80 -3 -41 -35 24 17 -70 -23 29 30 82 -68 93 63 34 -52 -9 -11 -31 -41 -85 87 10 -24 
-88 97 -17 64 89 -54 -83 -24 3 98 -83 -86 -34 75 -53 -55 -58 -48 -68 -41 29 -74 26 1 -87 -90 0 -45 15 -14 -87 75 39 
30 4 -33 -82 13 -7 14 -41 27 43 25 43 -55 98 15 -70 -62 19 28 86 -26 -39 -30 -42 66 96 -75 -12 -51 32 -23 0 91 
57 29 -97 90 -14 34 36 82 61 22 97 79 2 -6 -91 -52 -84 -6 28 23 100 30 -67 -28 -56 -70 33 44 52 20 12 15 46 
78 24 -28 79 30 -52 4 -27 -74 2 -17 -30 13 49 -66 -19 -1 -61 -38 51 -50 -3 -49 74 13 25 92 -8 -26 -5 48 0 27 
-84 8 42 99 13 -44 -99 54 20 -57 95 100 56 94 -24 67 76 33 -36 25 98 -94 -93 -99 38 30 90 45 94 77 45 -13 -59 
59 -89 2 -32 17 -44 -8 -29 -96 6 38 -64 -86 83 -86 -42 61 -8 -51 -18 -35 -48 7 40 -90 -52 12 -92 -80 66 57 52 -10 
-89 -96 -80 -89 -90 4 73 75 52 74 -38 42 -78 -91 64 -21 -27 89 30 71 63 -4 4 -83 41 -60 -28 100 -11 -76 -29 -47 -99 
-55 77 94 54 -48 30 36 41 4 4 -76 68 88 54 1 -42 -96 -54 48 -58 64 -40 -29 15 24 89 -49 73 92 -37 -16 -76 -100 
-44 27 45 48 46 -82 11 16 86 -57 -100 78 -54 -21 87 11 -53 15 -97 81 98 93 65 97 57 39 -95 -84 28 52 32 70 -6 
-91 -55 29 86 -58 -38 47 -63 -33 -81 -22 79 73 -88 93 -65 -25 -69 87 -34 8 -57 87 17 98 -37 -29 82 72 59 -98 13 -48 
-93 -96 -94 -33 58 10 -17 -64 50 90 19 -10 33 -93 -25 -59 53 -36 -24 22 50 -68 -73 77 -20 68 -96 -82 20 59 44 53 -62 
-66 98 14 99 -14 23 81 -18 59 10 100 -34 97 70 -52 51 -43 -54 21 57 -63 63 -27 75 59 89 -44 -88 100 68 12 20 -82 
-21 87 -89 76 94 7 85 19 -83 11 -71 -24 17 -92 -57 -34 -49 -3 9 -55 46 100 37 46 -59 -39 -12 -85 49 59 54 27 17 
21 64 73 35 78 87 47 -44 73 11 -9 -21 -14 -43 91 13 5 61 49 -51 56 -25 14 -56 69 -69 -68 -60 61 62 -7 90 91 
87 -7 29 -94 80 -40 76 -1 -40 53 -66 -29 -93 50 5 -16 -10 -30 30 -21 -76 -18 16 -40 55 -37 -58 -2 -84 86 -67 28 77 
34 92 -56 99 93 -30 -100 -48 -65 37 -68 -70 47 -18 -28 52 75 85 -2 11 22 -19 25 -48 27 14 -86 18 -98 -26 1 9 30 
-61 84 69 99 98 -47 -73 100 2 9 -75 -38 -18 30 48 -96 -62 70 -73 40 94 64 76 67 49 87 10 92 -6 71 -22 -11 -86 
2 -25 37 77 19 13 35 66 -19 -16 -51 -39 1 48 -51 -47 -38 -33 39 -40 -40 -95 42 -39 28 89 97 45 -6 -53 36 27 -22 
9 -6 -10 52 56 32 -40 86 -55 95 35 93 -77 -64 21 73 -27 34 84 99 59 59 69 100 96 74 27 51 76 -77 -42 88 -70 
-25 64 63 -53 10 -44 -45 32 -68 61 39 -71 54 72 53 -12 51 -62 -93 -16 -67 -55 -96 15 -14 28 81 -94 53 -68 30 58 85 
-93 -39 10 83 90 -41 58 92 -69 79 -51 -2 25 -97 70 25 22 -13 -61 87 75 2 -8 -29 27 -16 -14 24 -2 -14 -77 -14 81 
56 17 -21 91 -42 -26 -71 2 -26 41 -53 52 -68 -87 -59 -54 -89 -82 -25 69 98 14 -19 2 -14 -16 30 29 99 -92 -59 65 -4 
-19 55 97 14 -68 95 -70 -60 -1 21 26 -68 39 -33 49 80 -43 -39 -68 46 -85 -49 9 68 -48 85 -68 -14 -55 -23 61 -95 -23 
54 33 74 -11 -7 2 64 -44 55 89 -75 -74 26 -62 31 -75 -2 100 -59 -68 39 -91 -100 87 5 82 90 43 93 -98 -41 30 -43 
59 96 74 -77 67 38 -86 -38 -93 74 75 -28 17 4 -36 -21 -33 -31 -60 94 -78 60 -34 -86 -53 -10 -67 84 40 14 34 -4 88 
-2 48 65 -38 31 8 21 -57 5 9 45 -60 22 56 -14 -55 37 48 -63 75 85 -39 -98 64 -92 -58 -38 78 -77 -56 38 33 -86 
35 38 48 -32 91 85 -38 57 7 35 96 -33 30 53 57 -81 61 -11 -76 17 -93 14 90 -60 33 40 53 54 50 93 -89 -88 -19 
-34 24 64 -77 -22 -96 83 -78 -80 22 27 -35 -62 -98 46 -97 -6 35 -8 44 -14 47 -43 65 -37 -47 93 10 -10 -69 -87 94 8 
-86 -2 69 -92 -98 38 32 -27 -1 -69 16 -100 -71 -70 -26 -5 70 -50 -62 -35 12 -45 -66 6 -18 52 -72 -67 40 -64 -39 95 84 
96 -66 22 -48 -90 -17 -71 27 21 92 -58 60 8 90 13 88 -94 57 -72 37 -38 80 63 -40 -35 42 65 -49 91 -58 37 -36 -86 
94 -83 -66 -57 -98 80 -27 42 -90 -100 77 -35 74 11 -38 39 24 -22 -32 -12 -86 -41 -25 -14 -4 -90 -67 -15 100 -15 74 74 -15 
5 90 -2 -34 83 65 -20 99 11 -32 64 39 32 -55 -16 -67 44 -8 50 24 -50 -81 -33 81 -5 77 93 -59 11 -14 -60 93 31 
-7 -90 29 33 -57 24 26 -37 -21 74 -98 8 14 -43 -52 -93 34 -72 46 -2 20 -50 -43 -76 25 36 -43 90 -51 12 -35 88 -66 
91 -88 19 17 58 -21 -67 23 90 -3 93 -45 -33 48 84 85 -4 59 -24 71 90 48 -9 83 -86 79 -46 -44 56 54 42 -8 -46 
-49 -26 -73 -58 -86 -94 -56 9 72 -74 79 -82 -41 -25 -74 -64 61 61 -63 -74 57 -96 -62 16 62 -93 0 92 -3 -46 -29 -88 52 
17 -94 72 70 -72 3 47 37 -86 -19 -48 4 37 -62 -21 -1 49 -24 100 -84 37 -39 65 5 -55 51 -14 22 61 -19 84 11 96 
58 19 -66 99 -98 -44 91 88 32 25 -89 58 49 78 91 -45 28 -85 -93 44 67 -1 93 91 59 -67 41 44 -26 -32 -63 60 -77 
-45 -14 30 -15 94 1 -15 52 -25 -1 5 -78 51 50 -5 21 -3 98 -44 -46 95 -36 47 -81 3 13 -25 76 -9 97 94 -28 15 
-11 -84 -23 -21 10 -89 78 -67 83 -61 -11 -27 -98 44 96 92 75 92 -88 -90 24 52 -66 -75 -93 39 -69 -39 95 71 -75 74 -43 
-39 5 -40 99 -85 62 10 -13 33 -40 -31 -43 82 -58 58 79 91 51 35 -46 -97 17 -12 -71 -75 37 98 46 79 9 -20 77 59 
2 -28 25 1 -92 85 -3 -78 87 -36 -38 -42 -34 13 -16 66 -9 -1 -12 -11 3 72 40 -83 40 -29 -74 7 -64 49 88 -58 93 
37 -34 -99 96 26 9 0 100 -10 -28 54 6 13 -65 87 -56 49 84 40 -97 -48 -2 -15 -27 -87 11 -95 70 -45 45 -20 -87 -72 
44 -59 -67 -4 63 2 -47 90 99 56 -67 38 -21 -31 -6 23 -6 -74 12 -61 97 -77 10 -57 93 -35 68 47 17 -4 -35 -84 94 
-44 -42 -42 -11 -22 43 -71 -28 -21 -93 61 -49 0 10 -1 54 -12 -95 -22 65 -41 51 10 -61 -93 -53 98 -28 -70 -1 73 -29 55 
65 57 -28 7 -79 -33 -13 56 -42 -79 53 24 -78 93 -93 9 -5 -11 14 -10 -18 98 38 55 -51 33 4 -75 84 -88 -92 93 -29 
-54 39 -50 -2 -27 -45 -88 -73 34 47 -42 -19 -29 -3 -38 34 -29 -95 97 17 -95 13 -48 -93 -44 96 -41 60 51 46 76 70 -48 
10 -4 37 52 -55 -23 -15 3 81 -31 71 80 -50 67 -46 46 63 -66 57 89 -7 -23 71 33 -32 47 -29 83 25 86 75 27 -74 
-6 -70 22 35 -35 -45 73 80 -14 6 18 26 53 -25 -36 97 -43 -14 -35 -100 -1 -11 -73 -85 -63 -14 89 99 32 85 36 36 75 
27 -55 -62 -5 -82 76 77 -84 -12 41 57 40 -55 -2 -19 -41 -63 -10 -16 -29 39 9 90 -11 -56 -89 -45 -22 -45 44 58 22 87 
73 -96 -8 -29 24 50 -51 98 7 -97 82 -13 -100 -54 52 90 -96 28 30 19 52 -49 83 96 -95 -83 91 38 74 13 -83 -21 72 
96 57 -86 53 55 -30 36 -2 -1 -87 -10 2 13 -33 -66 -18 54 -28 -8 -99 32 8 59 63 -13 -36 -81 21 -82 -8 27 -66 17 
37 -6 -57 -84 -98 -39 -63 -36 74 6 -32 98 36 82 -33 1 88 35 -59 66 3 30 -50 32 71 90 94 13 -45 27 67 99 8 
-21 10 6 64 21 -66 -89 -80 86 -99 -39 -57 -19 56 -52 79 -63 27 -81 -45 61 -11 14 -20 -4 -2 83 24 70 96 17 100 36 
-89 -15 54 -22 68 59 33 73 -1 -70 69 -79 61 4 25 -82 61 -98 -46 23 87 3 -90 36 55 77 -21 100 -75 18 91 -61 -72 
35 52 -14 -45 95 50 -13 57 4 -58 15 -19 -40 -62 35 -55 -24 17 -40 7 89 -1 37 21 -75 -20 -100 -99 92 50 30 -37 0 
-6 2 -95 1 91 67 -69 88 89 51 50 -5 18 52 -79 32 54 20 5 -74 2 17 -78 39 49 42 -81 27 -9 65 57 -85 19 
-92 7 -81 73 98 -58 18 93 -78 -66 -5 40 -38 -66 84 64 13 87 32 -93 90 -93 -38 64 -8 -46 -62 -30 57 81 53 -67 -34 
-44 87 -44 54 36 7 -56 47 -31 29 45 -28 39 14 64 -81 89 -95 -10 -55 60 -35 73 89 -78 15 9 -40 -63 49 -99 73 62 
-100 -70 -77 96 77 14 -12 -62 -14 20 76 -73 -5 8 -40 43 60 73 -70 68 -65 19 85 -32 -63 50 96 -53 1 56 61 -56 -33 
