-77 30 -45 -58 94 -41 -97 -44 70 -26 9 -24 -64 -43 94 34 4 31 20 79 -81 -16 48 -76 -59 18 51 -2 -26 -26 -7 98 -7 60 70 -97 -37 24 19 13 -14 -43 52 79 52 -46 58 55 49 -8 -66 -62 86 37 -43 -94 96 53 22 -66 -18 80 -88 -14 27 62 -63 -56 -40 0 18 -52 -39 -46 57 -53 -58 -31 -59 52 67 -12 -67 -51 -8 39 -1 30 25 70 -82 38 9 84 49 55 -87 78 -60 68 -52 
16 -42 7 -14 -98 -97 -97 -17 42 28 -89 53 -7 22 -66 98 -65 51 17 -33 85 72 46 -42 49 58 79 -57 -48 -96 -76 -40 -76 36 63 1 58 -69 -54 88 27 -60 89 99 -16 71 42 -3 -21 58 52 -95 51 0 14 32 -22 -4 22 -56 -7 84 18 -96 -87 17 -3 91 30 -6 -74 18 -83 19 -63 14 -45 -96 44 -80 15 69 -64 -90 -87 75 -57 13 -94 -85 -41 40 47 90 41 85 78 94 -8 -57 -26 
23 30 72 -4 98 -74 15 1 46 -29 90 -8 43 -79 -1 58 66 59 90 20 -88 -26 29 3 72 72 31 82 37 97 52 34 -70 -84 -23 86 -80 82 13 59 -31 -23 67 -10 83 -72 -100 1 -13 65 45 82 -20 66 -72 -81 36 -94 35 43 28 -34 27 6 -71 95 10 62 -90 6 58 70 7 39 -100 -92 92 -99 -2 -74 20 6 44 -99 -20 -18 -56 83 -34 -8 -95 100 -10 -17 -57 -61 93 -80 -81 76 14 
92 -1 90 -71 -64 74 -26 8 -44 -78 -86 -9 49 -75 -41 -58 62 -43 -73 90 -49 -77 -99 37 -59 -42 62 -20 26 38 90 -46 41 45 33 13 -79 -51 20 -93 55 65 14 -25 71 1 -40 -96 3 -76 100 37 -44 -33 35 26 61 -88 44 100 66 -20 12 72 88 82 -94 -13 -41 3 61 88 -29 51 -86 51 71 -46 -90 -20 35 -37 80 -51 -56 38 67 -10 -31 -5 -8 91 56 -61 8 -90 -13 99 -78 76 17 
-25 -37 71 91 31 2 -12 -63 -4 -89 95 -72 91 -10 -60 -67 60 -73 -89 69 -99 21 41 73 -26 1 88 39 28 -83 6 -27 47 -47 -18 -50 29 18 82 37 78 80 -74 51 43 22 -68 78 -80 16 -80 62 47 59 22 93 -70 1 24 -64 76 38 -32 14 -17 62 -94 -42 64 -42 -86 -89 -3 -10 -49 -93 56 95 71 75 45 34 -51 -36 -74 -65 64 -7 16 78 49 -95 -19 -23 96 16 59 68 65 -43 -31 
-37 -21 94 24 84 -9 82 78 81 0 63 56 -3 56 81 -15 99 -55 51 55 -44 64 60 11 -3 -12 -91 -5 -73 -80 15 97 -91 -33 -16 15 60 23 16 35 65 -83 -82 18 -16 -2 -87 -26 -83 27 -6 45 -38 37 47 84 -15 -38 19 -65 -6 -52 -39 -40 89 68 47 95 -23 90 83 31 -80 48 -8 -78 -6 83 35 -78 -90 -12 -47 -55 -15 -99 -80 27 -51 42 -49 -79 -70 46 50 66 81 -7 -91 80 -16 
-79 50 -39 21 83 1 -54 -93 64 -5 2 60 -30 68 -84 40 -15 91 -34 7 23 -3 19 -84 -49 -82 88 -71 -98 93 -79 24 -99 42 -53 -86 55 -44 61 -100 -87 40 47 53 -80 -60 -5 52 -3 -97 -49 98 84 -64 89 -18 -50 73 -33 -5 12 -61 -69 3 54 -70 -16 -66 -85 -58 62 -41 96 67 66 64 -13 -3 10 -13 94 60 52 -99 -80 57 6 55 46 19 72 -28 -8 -82 -13 -60 71 39 -78 -24 2 
-65 97 -92 62 -9 71 1 -79 45 95 59 -100 -55 -97 -20 71 74 -17 23 -91 -84 69 82 65 -18 18 82 10 -86 5 61 -91 -22 -31 73 98 -5 91 -93 22 -65 -11 -76 66 15 16 64 69 -34 -25 -89 6 -62 -40 24 78 -46 -91 90 36 -86 -67 -44 99 -61 -67 66 92 -54 47 -80 -2 -74 -20 -91 68 -16 87 73 -17 10 -95 30 40 -5 89 -93 79 61 58 12 72 -79 47 -56 -41 72 21 -38 -43 94 
73 77 18 0 -13 -25 -98 66 -82 -71 -55 83 67 31 26 65 92 -8 -74 98 29 2 -90 -94 79 46 66 -30 4 37 22 -71 -60 47 73 23 -13 -86 33 77 98 50 52 -87 -10 -15 93 88 39 58 -60 -59 -82 -62 25 -72 -78 81 -21 -28 -5 97 78 -17 81 -2 -15 -27 90 87 59 -67 -17 -11 7 52 42 25 -55 -77 -37 79 -9 -6 -78 93 -65 -59 -68 50 -5 -2 83 28 93 -67 -34 -61 -23 -45 -67 
-21 51 19 -6 54 0 -69 86 52 -83 -31 74 -12 84 -27 52 -14 -61 -81 74 -56 91 -53 -54 83 -19 1 -73 -51 30 -75 -1 67 13 35 12 73 60 -42 34 -91 39 29 -84 37 -74 -66 68 -96 35 0 15 -29 -90 -15 17 32 -54 100 40 33 63 10 93 38 -5 -19 -68 84 52 -57 -4 -27 31 -85 61 -59 -8 40 -3 -47 14 99 18 -77 13 73 -39 -90 -83 35 -3 -84 95 -61 -60 -73 99 -29 -14 -66 
48 -100 -70 4 -28 -65 86 36 71 -90 -20 59 95 31 18 51 95 -57 64 25 -79 -2 93 64 -75 -34 1 61 -79 12 4 43 -5 96 37 72 -52 -35 51 -89 -42 -77 93 20 -23 19 -93 -22 -23 83 81 59 -60 63 -5 -70 -91 -97 47 -49 1 38 1 -85 51 -34 54 91 -88 -41 55 -53 92 -62 52 -38 39 92 -50 -72 78 38 -8 -16 59 27 38 52 -64 0 62 69 47 96 5 97 17 -19 -49 72 -15 
97 79 42 64 -72 0 20 54 26 -43 -55 38 -59 31 -28 -55 -44 95 -48 -38 -28 50 56 16 40 -96 -47 45 -21 16 -60 62 62 29 -16 -9 86 -37 -9 40 38 90 13 -61 12 100 64 20 -76 68 99 -57 94 21 -37 -15 28 45 51 38 94 -5 75 -39 65 -44 -32 -91 77 -54 17 -4 54 75 24 18 17 23 37 67 99 17 -25 -78 76 31 36 -87 -26 42 -36 76 6 -76 -51 89 44 72 -42 74 -75 
100 -26 67 37 -50 61 -25 -32 -63 -16 67 -13 100 -56 -77 58 -100 -83 -2 -46 -64 -19 -23 89 -27 56 -75 3 -56 85 26 -48 -79 3 27 44 -86 -94 -8 22 -39 84 91 -37 2 -8 -14 51 39 55 -25 71 -24 -63 47 -27 12 -17 42 99 48 -51 -20 36 -18 42 67 -13 -86 -74 -78 67 -47 36 -46 -39 -66 42 16 20 -5 76 62 67 -63 -12 11 -90 -99 17 -63 88 -70 -87 26 -28 91 -49 -63 -78 -66 
34 -47 -32 58 90 -69 -99 59 72 -24 -12 -32 8 -61 0 -86 83 -82 1 -85 -53 4 39 88 85 -18 25 17 -8 45 50 -78 -83 97 -62 37 -11 -63 84 88 -11 -5 22 36 -74 -61 69 -39 -49 7 -75 70 -95 -37 -41 64 97 -64 -43 24 -10 9 87 20 -92 32 82 77 -97 -86 -96 68 4 59 34 -48 -57 5 91 -57 -45 16 -8 -65 -49 -73 72 -50 -66 -67 -88 97 15 -83 -51 -74 -88 -4 -50 45 79 
40 -1 75 25 -75 28 9 -25 -30 44 -6 -95 68 -72 -78 -8 38 15 64 96 -65 -26 30 83 95 14 -80 -29 23 -69 19 77 81 -39 -48 43 74 -46 14 -52 4 6 31 -19 -45 -55 -13 -99 -78 47 70 -87 -56 -75 72 81 18 80 -40 -54 68 -55 17 86 -68 77 9 -62 20 -96 41 88 -78 -50 -22 77 83 -52 -95 -32 33 11 -65 0 -2 -12 11 18 -99 69 -53 36 42 -31 -61 61 -56 93 57 81 -27 
-29 -65 93 31 45 94 48 78 18 32 -53 -46 65 90 -44 13 56 -66 39 -30 24 67 -96 -20 85 74 94 -71 -2 -86 -6 -42 0 50 94 58 -87 -91 -72 97 80 -34 -6 -9 -80 94 6 -36 22 -28 -29 -46 -63 -64 99 72 -67 -39 -89 70 -9 -56 -77 -76 -1 84 45 91 40 71 10 52 10 10 94 69 93 -70 -59 -37 81 61 -67 -73 -60 -9 80 -85 -89 -34 -48 -8 -95 -46 -90 25 -54 0 -48 -49 91 
-59 -75 -11 -35 76 -76 25 -36 -44 -52 12 -11 48 -76 8 12 69 42 -8 -85 66 -33 -95 76 46 27 80 2 53 -62 57 29 61 -44 -20 -93 -8 75 9 0 59 -13 -39 97 -84 -73 -35 7 85 43 69 -78 -10 55 -4 11 -37 10 -93 -81 -20 82 -14 96 59 -100 -32 -2 7 -18 72 -57 46 57 -55 81 -58 43 -73 47 -43 20 -43 34 -17 73 -12 7 -62 7 -51 -39 70 -92 84 35 -21 43 28 -11 -12 
88 -87 -1 -79 -89 24 -89 -20 -11 -3 -18 21 75 65 98 63 -74 -85 19 -51 78 -98 -37 -16 99 -96 -66 -92 100 27 -65 -23 54 -31 48 6 15 44 13 -22 -76 27 71 -56 91 95 -68 2 85 2 69 -84 48 -53 -96 -43 -57 -100 -91 16 -26 55 45 -75 -53 13 57 42 95 8 55 -79 -57 -7 -77 -22 63 -64 51 63 -73 -37 -37 -92 -71 90 75 -92 -26 64 5 94 -80 -46 69 3 44 87 15 82 -69 
75 97 59 -100 -71 -33 -35 -81 -39 -75 -7 -79 -47 54 -57 34 -59 99 66 -63 95 88 65 70 15 57 -72 41 1 -88 29 60 0 -50 -52 -12 67 73 -72 55 7 -8 35 18 97 -99 -54 52 -84 -47 -84 -54 -76 59 34 29 -28 -32 21 94 20 -47 52 -66 -80 -39 97 12 78 10 18 94 -37 -82 -10 89 57 26 -99 -12 70 1 63 19 77 7 -37 -76 -30 -6 -23 8 7 58 1 -27 76 -56 -89 -86 24 
53 93 -69 -1 43 50 -68 -12 27 16 96 96 -91 -44 51 77 -24 85 30 -25 -21 16 61 55 38 44 65 68 45 -52 -12 -34 -29 52 -52 43 85 85 -38 -15 -71 -34 77 71 -16 -65 -71 46 -66 41 -64 -89 17 -41 72 -63 33 -33 95 -84 -46 75 -3 -28 -78 -91 -59 -3 76 -63 71 -47 -56 69 83 -38 -7 -3 -86 0 -100 67 54 35 33 64 9 85 3 -12 92 100 45 19 -13 34 30 65 -99 69 6 
39 -20 33 -29 82 22 -78 -43 11 -73 26 66 -13 -95 -6 97 -99 91 81 -65 -73 45 41 23 48 46 93 4 13 -10 -28 -94 20 -97 -54 100 -81 -70 0 -26 -21 -97 72 39 -33 55 68 74 37 70 94 -39 3 36 -80 33 -79 -43 66 -44 12 -87 -51 27 -99 7 -59 12 60 84 -55 64 32 -5 57 -75 -76 -70 91 0 -99 -80 -82 -64 78 -8 -49 44 29 -86 79 10 76 -48 22 60 72 -70 -36 31 -37 
-15 23 -56 -81 -6 -54 77 42 -29 -36 -51 21 53 -93 -73 -18 9 -81 -18 54 57 60 -5 84 -10 50 17 -4 -100 30 -30 80 -7 -80 -67 -54 59 -48 37 48 30 47 78 30 34 9 66 87 -61 -63 -58 64 32 -71 -6 13 91 -75 -63 24 11 -86 -71 -30 69 72 77 -11 -51 -8 47 -11 96 84 56 -2 31 98 -93 -1 58 17 3 -62 31 -92 -28 -64 -81 76 -96 -37 -5 1 38 15 -86 -85 -49 17 26 
-78 3 -72 71 -40 74 -61 63 68 -96 -28 -66 -2 67 64 88 65 8 -2 35 -100 50 -97 -45 48 -43 35 37 26 0 -6 -43 41 20 81 -33 6 -50 37 -70 -45 -54 -78 35 -92 -50 71 10 -12 8 -5 -48 -82 -89 -31 47 -47 62 56 -99 -73 -13 -69 -17 53 -51 24 10 13 45 -7 -6 32 44 -41 36 20 -47 -13 29 -55 73 -4 -17 41 71 12 70 50 90 83 -98 -23 35 -76 92 56 -47 5 13 3 
-69 50 88 25 46 -9 14 84 82 -68 66 -86 45 -39 -93 65 60 -70 47 -2 -71 -91 82 -65 36 -64 54 50 -72 60 -1 71 -63 -58 80 -86 1 28 -4 -78 41 -67 -22 -94 13 -100 -95 44 -11 36 80 99 59 0 15 7 -8 66 20 53 49 81 -90 14 -27 60 15 -52 -11 10 86 96 -12 70 -24 -42 89 -14 -66 17 89 42 -65 7 81 52 93 -36 26 -79 -78 0 91 61 -99 -54 89 39 63 89 -43 
93 53 -34 56 2 7 -89 -100 45 63 -77 35 -45 -98 78 63 -78 65 93 -70 -32 -61 93 -65 -80 67 93 73 -21 34 -73 -24 -1 -50 -99 -69 28 -35 24 -44 -41 -59 25 -21 -71 90 -99 -83 50 -63 -33 31 -67 18 -13 9 12 -82 20 75 -68 -88 28 -54 -18 37 -31 -42 13 74 7 18 9 92 65 -38 -74 -65 -34 -60 -20 -16 -41 87 87 11 80 96 -84 -8 57 -82 57 12 93 -73 -42 34 64 46 5 
-62 -6 -52 -46 79 82 -6 49 -85 -78 87 89 48 64 -44 -18 -37 -73 -70 -37 88 -21 88 5 -73 2 16 40 -12 39 -51 31 -77 47 74 -38 -2 8 -1 -83 -41 -29 -94 -88 -78 -42 -95 -80 -82 -24 -76 37 -92 -91 -40 -22 76 36 47 50 -39 11 -46 -37 -53 80 -82 -11 48 -69 37 19 10 -51 70 -30 -35 -58 -25 25 -71 -39 -27 12 -70 -86 59 -96 -13 -48 45 -70 -13 69 39 -29 53 30 -58 -7 -84 
83 100 -89 -46 -59 49 -56 84 47 -59 34 -19 -23 -66 30 57 70 100 -12 -29 62 47 84 96 63 -11 -96 2 -10 19 -98 -93 42 13 -7 32 -9 -62 -89 75 30 -13 -92 -33 62 50 92 23 -18 -42 91 37 59 26 61 -48 42 -66 -4 -16 45 4 72 78 -36 26 -27 -25 84 -12 -29 67 39 -83 18 85 -99 -18 99 -81 63 -12 -83 48 -10 -13 -26 -68 20 -60 58 7 11 50 -13 -43 35 57 13 80 33 
19 74 16 66 84 -81 83 -95 -4 18 24 -75 -1 100 -82 -12 -89 18 40 -51 29 41 1 34 -93 -88 -58 85 -77 -78 -59 90 2 59 25 -38 52 -17 -29 92 56 -71 -96 -27 42 77 51 -17 27 -96 70 12 98 -15 54 -5 -24 -63 69 -66 78 -84 92 99 -26 -17 -58 47 -71 -98 -60 54 -86 -42 18 -86 -95 -81 17 92 70 12 -34 25 16 93 -45 -88 -9 7 -3 -41 -75 -21 40 -67 60 8 94 81 -10 
-48 91 77 -27 39 46 -32 15 13 -25 25 -17 2 25 63 73 -14 -21 -84 -97 63 -8 -78 -43 -48 57 -23 39 82 51 -73 -47 -13 -30 -54 -21 7 -82 -5 47 74 30 -77 2 -12 -62 -61 55 -14 -28 56 -88 -37 9 -21 56 -40 -14 27 -83 28 -31 -19 58 75 -28 99 96 -18 -34 -28 39 27 34 19 -86 34 29 13 70 31 -20 -12 -30 -39 68 -91 -82 21 -72 6 33 -71 -78 -64 1 33 -8 62 56 23 
83 93 26 -29 -18 16 78 -3 -6 -100 5 -90 -19 -2 1 -37 47 11 5 -54 -43 87 31 -28 -96 69 66 -6 -53 100 -3 73 -56 10 -83 -50 -12 -51 2 56 20 59 78 45 53 44 45 50 -96 21 53 68 -87 25 19 76 -25 7 -92 29 -52 84 -74 -70 -3 98 -57 -33 18 70 81 28 13 -71 73 -74 52 -9 60 24 -33 9 14 61 75 -37 81 -9 74 75 91 38 94 -24 59 63 -96 66 -2 45 -9 
49 -46 28 -92 3 -29 -92 28 -29 -52 19 -37 -63 62 -60 -37 35 87 -13 29 -35 25 -37 54 36 42 -65 -39 40 -92 -61 99 59 -40 8 83 -61 17 52 95 -73 -57 -64 -97 -53 71 57 -88 -11 -49 45 88 84 -45 12 -12 40 61 43 -85 -6 89 52 -61 -17 -81 45 -48 68 -75 -27 -64 -73 -76 93 66 -42 -91 10 -13 -79 42 46 34 34 59 -50 -100 76 -32 1 -100 -54 -25 25 13 92 -94 -40 -73 -71 
73 53 -25 -23 -65 -2 -23 -97 -33 -30 7 27 83 73 -19 -37 -21 -39 -77 96 98 -56 96 -94 49 -89 94 -100 11 27 93 67 -61 -63 21 -55 -66 45 -100 -82 87 7 -80 97 -89 48 -43 51 -69 -80 89 -50 60 85 -75 -4 85 -86 2 -56 -71 74 -96 41 28 -46 35 -16 -2 -27 -83 -85 78 -65 -14 47 82 36 -92 63 90 -59 -15 77 55 -84 95 -91 -10 -54 10 -14 47 -33 55 -52 -19 79 -28 -31 -94 
-3 -94 -79 93 -36 6 44 -40 83 44 43 45 -22 -49 -81 89 -8 15 -1 -79 69 -54 93 55 41 59 -25 -73 3 37 78 31 -90 -10 42 -66 11 -41 0 39 -32 54 75 46 6 -55 -99 41 99 -31 -91 88 -51 -71 -13 -51 55 7 -10 33 -89 -79 94 3 5 -45 38 -79 76 43 30 -81 -98 -28 -28 11 63 60 -15 -13 91 60 -22 83 42 11 75 29 -48 92 -71 -78 -42 59 -5 40 -84 49 -61 34 21 
16 66 72 -69 -49 54 -27 5 12 80 37 -72 92 84 -95 -7 85 -56 -91 -54 42 67 -42 98 -1 -81 -4 27 -44 -39 -30 -30 -58 -16 -75 26 39 -15 -6 83 -72 -64 5 -17 10 -31 59 67 11 -4 -7 5 42 -15 -4 78 -92 -84 -27 -97 -11 -95 89 6 -54 -47 -33 97 18 55 -36 -62 51 94 -38 -63 51 -94 -65 45 66 38 61 -39 6 22 82 21 -2 -82 -41 -7 69 -23 0 92 54 29 -20 87 96 
79 67 -47 -60 59 -27 51 51 34 29 4 86 64 59 77 79 -81 -5 -71 -47 -90 -33 44 -34 -24 -98 -13 11 76 -8 -19 -96 27 35 35 7 87 -53 -22 -69 43 -8 -100 54 100 -82 -69 -96 56 -28 -74 15 63 66 -56 -20 1 16 96 88 35 -90 -93 4 82 23 100 81 52 91 52 27 -69 64 3 -70 77 10 -90 59 -79 24 12 -48 -47 -99 -67 -19 -9 -95 96 89 25 -33 -5 -51 24 -95 -64 54 62 
67 -43 47 5 34 -79 -88 -70 34 19 61 -72 46 70 35 69 61 -22 -60 -31 60 -40 72 -71 -99 27 0 -57 -89 27 82 13 -90 87 83 54 97 -72 100 -29 -97 -95 -59 73 -96 -70 -43 90 27 24 74 -77 -100 -40 -81 -81 2 55 -47 79 29 43 -11 -55 45 -74 -62 17 -20 -56 89 -65 -48 -57 -7 69 84 82 -55 49 -19 -91 19 48 -93 -47 -96 21 37 -2 19 -14 -70 -54 -62 82 3 24 71 -72 -93 
47 17 47 -8 84 75 45 -54 97 30 -23 92 -88 -19 14 -31 10 -24 -93 43 -40 63 -17 44 -77 7 16 -89 -58 -13 -53 -48 -100 -12 -78 -59 -80 -50 -46 -94 46 0 78 100 47 63 5 -58 70 -23 -11 -98 37 -58 74 76 -35 -77 45 67 -62 65 25 11 21 100 -67 57 -42 34 -48 -75 -66 -35 81 93 100 -93 -21 -100 91 38 85 -18 -71 16 92 85 -62 -80 40 80 -64 -19 0 -76 -59 -2 57 81 17 
-88 42 -90 -20 4 24 -24 -27 29 -5 29 75 4 -19 54 1 93 -63 62 95 80 11 -88 15 -4 -18 67 26 92 -12 -2 -83 -20 -26 -13 99 -25 -69 32 56 6 70 -32 -61 -70 78 32 99 -48 25 55 76 -41 -78 32 48 61 -82 34 34 -16 -13 8 -34 -100 -23 -75 44 -94 42 -27 -50 16 -2 -98 62 22 74 -6 -90 57 -31 3 11 61 88 -44 9 -67 93 -2 -77 69 45 98 22 -22 85 97 55 -2 
-47 39 96 75 50 85 75 -21 85 10 -64 -66 -5 -38 50 20 24 69 -29 7 56 -41 -84 -56 26 -10 98 6 99 73 49 59 -80 33 -76 21 34 25 77 -3 -100 -36 50 57 73 51 -59 45 -69 25 77 99 0 -81 46 94 82 -14 63 27 -5 -88 29 2 -2 4 77 12 -12 -47 -100 20 -19 33 18 -69 -62 20 -96 -21 33 -28 -93 -92 -98 2 66 -23 -4 90 -29 -78 -83 -5 35 -21 57 16 2 -100 33 
-51 99 96 -64 1 -83 94 31 4 95 56 -3 -29 -89 -21 -36 37 -4 43 -4 73 -14 55 -36 74 -41 67 -12 -29 -99 38 -94 96 22 33 -9 -66 -91 65 -36 -48 -4 29 -93 -75 91 -18 -22 -55 26 9 -58 13 37 -52 -93 45 -94 -58 30 57 84 -1 -88 99 -65 67 -54 -51 -50 -50 81 -26 -23 -1 69 60 -55 -46 81 97 -92 45 45 -58 24 71 65 85 67 69 -68 4 -16 -71 45 -17 -34 75 -87 80 
-77 68 16 -75 -32 -89 -29 -93 68 59 -10 -93 55 93 50 2 -2 -51 -2 -64 -65 15 47 -26 15 83 -71 5 34 90 0 43 51 -44 -38 -38 -1 55 31 54 63 44 -80 -89 -75 26 -50 -38 95 40 64 83 -10 33 99 -51 -21 60 -9 86 -72 -17 -81 -45 76 -40 -61 77 57 26 35 -16 -5 32 96 -25 26 -46 -72 4 39 -69 -7 -41 -78 71 93 -99 -3 48 36 -35 3 -19 47 46 -70 -37 -88 55 -92 
-5 -29 -23 79 6 -24 -64 84 20 -90 -46 -42 -44 21 55 -74 46 -4 74 -76 10 16 81 -27 -4 -45 67 -86 -73 19 -84 -5 94 -37 75 94 -31 89 -66 47 71 61 -6 -37 80 -5 6 -23 52 51 -72 58 -23 100 -45 -61 -37 -3 -44 19 -60 -63 27 -18 -52 83 27 79 8 74 -86 8 98 -18 -31 -10 -5 90 21 89 -73 -25 13 -4 -62 -72 22 -54 22 61 47 -45 -31 25 -11 -10 38 -30 -25 71 31 
83 74 -9 -60 59 -86 -98 7 92 58 -2 56 80 99 39 24 35 -44 82 -97 -73 -27 30 -29 -63 10 78 41 88 -44 -88 4 96 -17 -21 -50 13 40 16 -90 -58 78 78 76 37 -25 -73 -91 -62 31 55 -70 -48 81 -20 -90 -76 96 5 -29 69 95 -46 13 -73 -53 42 -69 38 27 26 -86 6 93 -20 -73 -46 79 -58 43 3 48 -36 -97 -58 26 -6 25 -49 -29 51 -11 -85 -33 -80 -73 -82 -57 57 36 5 
85 -94 -92 43 -94 -90 61 7 16 -69 -5 -18 86 3 8 -88 37 3 -83 -50 31 -94 -46 32 55 -66 89 15 -1 42 -15 48 -79 -80 -79 9 42 -24 18 23 -69 -4 46 16 63 91 -89 -58 62 -99 79 3 56 -68 12 -98 68 -53 -5 64 -59 -37 -4 69 -26 -61 -72 2 -1 -82 40 -27 68 -47 28 -35 86 -100 -29 51 72 -9 40 40 -22 -73 -91 71 52 75 71 17 -53 -84 -66 -81 49 -67 -4 -4 -28 
-79 99 -79 11 71 -35 58 -2 14 92 22 7 57 11 -72 -7 -77 4 -55 85 41 25 -50 -92 85 -25 58 -80 -32 31 -77 83 1 -64 77 -8 65 21 -89 22 -29 -11 -36 -18 56 99 29 -73 37 -53 -79 -69 -71 -10 26 -58 5 -67 27 -98 22 -41 27 23 -28 -100 -99 12 72 -20 -80 47 38 57 -93 -24 1 5 -59 -40 95 -85 -79 -48 97 -88 31 75 -19 -92 59 -86 -93 -39 79 20 -55 -28 28 82 -62 
-49 77 62 -16 -69 -22 34 50 3 -39 -10 75 -40 -1 -78 30 20 -42 -81 -4 98 -96 -77 20 46 -83 -43 -45 -50 -74 34 83 -99 -5 -13 -31 -84 -23 5 40 -41 -17 14 -94 -44 72 -4 -74 -73 66 80 13 -79 -13 -64 -69 -86 89 -33 61 -28 30 89 -78 56 29 96 91 -39 29 94 29 -85 -87 -57 52 -24 -93 39 23 -65 22 -67 41 -85 -68 12 68 -72 -36 -72 85 -15 -29 59 -22 81 -65 -13 -7 -17 
31 42 37 -78 -26 -64 -65 -48 96 98 33 -87 -20 59 -23 91 -37 -75 -20 13 -86 -60 20 73 -90 -100 37 37 34 -3 -70 56 27 -72 31 -10 77 -28 58 23 -81 -57 -12 68 -3 38 68 59 85 4 99 -95 59 51 -68 -36 -60 -5 -2 -86 20 -84 -47 41 82 0 -27 -21 78 -17 -36 -34 61 -96 97 -43 71 89 -98 68 -72 62 33 -45 -34 -96 69 4 22 -58 -25 -16 10 92 -11 -19 -76 -35 -92 -84 56 
84 35 -92 -89 67 -2 -20 79 -60 -88 17 -66 9 -3 -48 -17 48 -79 56 99 74 81 -20 -3 31 51 86 -100 25 62 2 -71 -45 -10 -65 16 16 82 68 83 86 -85 67 -56 60 43 69 20 62 44 20 -51 32 71 5 91 47 -65 -18 -10 -37 31 81 -72 30 -38 12 16 -52 59 -50 -67 -36 -40 89 80 63 -91 -23 -45 -56 -28 29 60 -33 14 -34 68 7 -47 13 -20 -25 -18 69 27 -72 -65 66 80 -77 
46 18 -7 83 -87 -91 -11 28 -18 79 -47 -83 -46 57 -12 53 -20 23 51 14 51 86 9 1 98 37 16 -6 2 -17 -14 35 100 -30 61 -80 -97 37 23 -15 74 56 96 39 20 11 95 17 -5 -72 -98 99 -91 81 62 -93 72 -58 -14 -60 -69 -1 -16 69 18 0 60 7 51 91 27 83 54 -60 84 -58 -24 39 24 -63 -79 30 -52 40 -11 -40 -14 19 11 -13 -82 87 -37 67 20 39 35 -90 80 50 8 
-43 70 -36 62 9 49 74 84 -93 94 69 -49 -98 -40 1 -58 -21 -33 91 -69 56 -43 5 -43 23 30 -44 -11 38 85 -75 87 2 -67 -11 61 31 31 -90 -40 8 35 -87 80 59 -26 39 -14 -100 -87 38 64 -65 13 -89 71 22 1 -31 32 -14 70 -29 92 -93 88 -63 -21 -43 -77 -73 14 -70 -53 -17 31 -70 -34 81 36 -36 54 -88 -53 70 47 -31 -59 -33 -43 -58 -40 -26 -64 97 -53 -35 -66 48 -10 -94 
-20 94 -48 -90 99 -90 26 -30 66 -74 42 61 -49 74 -59 -61 15 33 -100 19 48 61 -58 98 20 42 22 -52 27 45 -68 -15 -58 -33 -67 -2 -9 -9 -3 97 67 65 100 -48 -78 14 -31 33 66 52 -17 46 -73 70 60 54 -16 47 52 -67 -38 5 63 68 -80 19 73 -2 20 -17 -57 90 -63 67 -95 9 -78 -23 31 -64 43 -32 30 -57 77 -70 1 28 7 34 66 -47 -47 96 -93 8 55 -92 58 87 -97 
-20 -11 -66 -23 -6 -14 -70 -58 -20 -97 66 -70 29 78 66 19 -23 -83 -64 51 -6 49 52 -33 23 40 -54 80 37 62 41 -93 -54 -27 70 -35 -17 -71 42 17 30 -51 76 64 31 -6 -92 30 -67 -20 50 -86 76 13 -29 98 90 -42 67 -90 -3 16 -99 30 -73 100 34 61 41 78 -27 -9 -58 73 98 -22 -59 -94 -97 -64 20 -97 -95 70 47 -90 83 -51 11 95 93 39 59 -65 -51 84 -33 -34 11 -58 -25 
-15 -39 9 56 -72 -85 -71 -6 -38 -17 -87 -60 -38 5 83 -55 -1 9 -40 -96 63 75 51 47 43 -41 53 -45 -95 74 56 82 -21 -68 51 -3 30 -32 95 63 -5 36 -78 -56 -68 3 63 -42 -50 -12 41 71 49 -16 49 -50 58 -81 -67 -23 0 -11 -8 11 -12 64 42 94 -36 -18 -56 -37 -31 89 46 -77 21 -17 9 -62 -92 75 -13 3 -15 -70 55 37 76 -69 -56 -54 18 55 26 -54 -23 -75 -80 -67 95 
95 -45 -22 76 39 53 36 -78 71 73 -4 95 35 -30 -50 -83 45 -90 -14 -81 25 -15 -9 -89 56 93 17 91 -8 67 79 83 -9 83 -36 -36 -52 -24 6 -85 27 19 -63 -82 31 0 -59 55 40 -44 82 -28 1 -91 71 -56 55 15 13 13 49 -58 -78 92 -52 80 -23 19 48 -83 70 78 100 -88 71 19 50 -35 70 -83 24 -82 -76 -65 -12 92 -7 35 -56 -80 41 81 -48 -1 -3 60 83 -24 37 -28 -99 
-44 75 52 86 44 -94 -25 -87 43 -6 -92 -45 -35 54 -22 33 -90 -28 -88 91 -33 79 64 -3 -13 -23 9 0 100 -95 20 80 -62 35 73 4 -71 -66 -4 -4 -62 -4 -59 -8 -80 -12 49 -52 31 79 -42 -63 -51 -27 -53 35 -60 -10 -86 15 10 3 14 39 -21 0 -1 -58 -38 -12 73 13 -56 -52 41 -22 -94 25 77 -49 -5 -72 1 46 64 36 -62 46 -45 -88 69 62 80 -12 61 67 83 -39 55 98 75 
85 -38 13 77 -5 -7 -8 -16 10 -50 54 -36 -31 42 -49 14 -19 61 -38 4 -71 -97 25 -20 -18 -5 -65 33 81 -27 100 9 -38 40 -38 35 98 74 15 23 -84 -73 92 32 7 -7 -95 -86 -37 -62 -2 87 78 5 64 -34 -48 67 57 50 -39 58 -68 94 31 -68 59 -63 -18 28 -35 -73 42 -36 63 -88 78 -56 -69 -10 56 59 -67 13 -48 86 -97 -30 -65 46 60 -86 -16 85 76 -63 77 56 49 -18 -91 
26 -93 -66 65 -62 -1 22 51 -13 -36 19 -70 26 -57 -15 -53 -93 -74 88 26 42 -33 13 37 -20 58 21 -21 -52 -24 24 45 -32 -76 16 74 87 -49 35 -6 19 59 80 73 -1 93 2 -41 -52 -27 -69 -43 92 -62 50 64 -59 -33 -96 32 -43 -74 -11 0 -34 65 -37 -3 87 53 13 -89 -36 -68 -15 -92 10 24 -41 25 31 -1 20 -12 -91 65 26 51 24 -66 -6 75 16 63 -48 -25 25 51 66 15 -51 
46 34 -15 65 -80 -83 -91 27 56 -64 -27 42 -12 35 40 -34 85 89 -66 -76 69 -41 -69 27 -53 49 24 54 -83 -24 -32 9 -54 -73 56 -67 19 -88 -94 -60 26 -33 -41 10 19 -35 -13 -87 -56 -3 1 -9 -35 -26 8 -72 13 0 -36 25 53 -84 45 -20 7 -37 -53 -57 42 81 -63 -52 50 46 64 31 -6 73 97 2 87 -45 -46 -84 -36 -52 -55 -19 58 -29 -80 -39 -21 -21 18 -99 31 -97 -22 70 -85 
38 -97 -85 68 -71 -26 -7 -31 42 23 -64 79 17 -31 57 -14 -14 34 -21 10 -98 56 -31 -20 -41 15 -4 -71 50 -21 -88 -68 -33 11 74 -38 14 -18 -93 46 42 48 -75 -84 -45 25 -53 19 -64 84 79 49 -38 34 53 18 -16 80 -69 74 3 -70 33 49 44 -91 -94 -89 7 -91 -66 12 -11 84 26 29 5 20 -15 21 -84 4 7 -56 -27 -78 80 3 31 22 37 6 -72 19 -36 41 -12 83 18 60 -66 
56 15 -3 68 16 69 44 -38 8 -96 -57 -18 -64 -64 23 21 32 19 -5 -68 59 67 27 -26 -90 -14 46 81 -76 -13 -16 34 24 -51 -24 86 8 -10 -85 18 77 27 100 -31 6 -61 -69 27 92 -70 -88 -77 41 79 4 94 -12 -71 -74 14 -79 14 -86 -19 5 -16 -60 -93 -56 90 -89 96 -55 51 -34 83 19 -91 31 -99 -99 -16 -82 82 -27 59 56 -69 -88 85 -91 97 -30 34 60 18 -88 -64 -89 -30 -56 
-53 -47 17 98 15 32 -1 -73 60 1 22 -59 77 22 -100 70 3 -48 -95 97 99 95 96 0 91 -11 40 59 87 -77 -40 -90 -40 30 -71 -6 -94 -31 -21 42 37 9 -69 43 -27 49 59 3 49 40 50 -3 -28 -46 35 32 27 56 54 -65 -46 -98 90 -11 96 -100 -47 -33 83 -42 38 -33 -77 97 -87 63 55 -67 -22 -63 73 41 -36 22 -54 -14 82 -11 -33 44 96 44 93 64 -68 73 61 -70 1 83 98 
36 72 -22 -58 85 -5 -13 86 -73 70 7 77 73 -34 -37 92 -87 40 56 -68 -8 -1 13 -83 99 0 71 39 -35 60 -45 -63 -4 0 -30 54 -15 66 -79 89 -25 73 25 87 -65 48 85 -72 -62 -80 70 47 -1 -5 -18 -100 37 -17 -91 42 -70 92 15 60 62 -97 6 -42 -6 33 70 37 -36 -72 -6 57 -16 46 41 -40 46 -68 -77 24 -43 5 -80 -97 100 -68 9 -72 80 -41 33 49 11 40 -77 -66 32 
-16 -4 12 -63 -98 45 -75 53 56 -51 -68 -95 -1 51 89 12 -90 100 21 72 -91 36 45 12 -40 99 12 26 99 -43 -3 -84 98 -79 66 -17 -12 -80 -30 23 65 94 3 -81 -13 -80 -64 0 22 -36 18 66 20 -18 -81 -13 86 -46 -46 -56 29 -92 74 88 51 -83 -45 34 60 -57 -21 -4 74 82 96 87 17 -91 -19 -33 -27 -49 77 -91 16 75 90 -86 97 32 -13 31 69 -71 -95 -40 -23 17 91 92 51 
83 61 -51 47 83 54 94 -68 87 -26 67 60 -45 -70 -75 -10 -45 -17 -65 -35 -52 19 6 -62 19 -24 -67 80 81 89 -83 -9 50 24 -43 43 20 37 -23 -93 -68 -18 -23 64 -48 -83 -24 80 45 -78 34 -14 52 -24 46 33 12 -92 -78 -72 -13 -52 -54 -30 40 -51 42 73 -6 -87 -77 -44 -90 26 -86 62 4 -36 -92 -83 -26 40 -12 -91 76 -88 79 -11 98 -67 49 30 -87 -66 12 95 -45 21 -17 47 9 
-4 23 -70 -73 -78 -51 -79 -69 92 -87 91 -45 -29 46 -67 -3 -11 70 44 74 35 6 -80 100 28 49 -66 83 -89 -32 43 81 -76 -77 -24 -100 54 -20 -9 70 3 -67 -57 16 47 -2 77 -54 -50 35 -86 -23 69 -21 -15 5 87 57 19 39 70 -56 61 -4 -62 89 21 50 -28 -41 10 86 -13 31 -56 -28 22 27 -47 29 -78 -46 -19 -91 46 -4 100 42 -76 -11 -99 28 13 13 -43 60 54 -56 25 -39 -61 
15 -20 81 12 62 46 64 -98 92 -13 97 45 -87 -18 33 -48 76 95 -46 -55 -92 90 -83 -73 -73 60 89 -76 -8 58 -24 -39 -8 98 5 -22 9 -98 86 -96 0 20 -26 42 90 -91 -41 -24 60 -96 -76 -96 -40 97 18 13 28 -41 35 50 -43 -7 35 89 -22 45 -39 16 63 38 78 66 -87 -91 -10 -85 -33 80 60 23 44 -28 75 15 -85 90 49 95 35 92 25 86 -50 -17 -38 76 48 -99 -39 -12 -77 
-32 -97 88 37 80 -82 -71 -49 -9 77 -10 -7 53 45 -13 33 28 -14 -75 -68 37 -34 -9 -87 40 3 -46 -52 -44 -22 44 -8 70 96 81 92 -98 15 -81 -39 66 -55 75 -97 -86 -34 -88 -58 -54 58 -95 99 65 -88 -29 -15 2 97 -92 100 94 51 18 -69 16 42 90 -76 31 -80 39 -38 -30 71 49 97 89 12 80 94 64 -21 -57 87 42 -35 -31 -2 62 55 72 39 30 -66 -64 79 42 -70 70 -47 73 
-44 -12 -7 29 68 58 -85 76 -56 38 -30 50 -84 36 1 -7 -32 48 -57 -26 75 -28 -25 21 -97 -75 -86 -9 41 0 43 -42 37 -81 16 -38 -97 -57 49 89 86 35 90 -85 -97 -69 72 68 -55 20 16 25 62 -49 89 23 96 -38 -67 -15 -7 -12 17 97 76 81 -28 -87 -98 -62 -38 11 88 62 -54 10 87 -27 21 -41 -71 -82 81 35 -70 28 -55 -20 13 -65 87 20 -63 -33 -44 -15 58 -59 10 61 55 
34 2 86 -74 65 -51 91 -80 -78 -66 91 -64 -79 -78 -36 -81 38 -100 100 -36 -49 59 1 -84 -62 83 -50 55 -5 60 4 -10 73 5 -24 44 68 56 -54 34 51 76 36 -24 -96 56 18 -65 73 -77 -84 -85 45 -29 -17 1 46 19 -11 -43 1 -56 1 -55 8 -63 2 -90 66 98 4 -88 31 94 24 -37 9 -21 38 5 34 -96 100 23 -63 -71 66 -46 -48 -54 54 50 48 -24 73 65 96 -12 46 46 -34 
-98 78 -8 36 90 19 14 34 -64 49 -90 -4 86 -22 88 50 82 -56 30 -100 -64 -75 54 19 -13 99 26 97 -67 94 53 15 52 -95 -88 -18 11 36 -64 -58 -34 -52 -14 -70 -24 31 36 -38 -18 -2 -68 -75 -79 -18 -89 61 63 -55 -46 16 65 38 -99 -37 50 -19 49 42 17 82 -83 -54 -30 42 -58 -61 91 84 12 -18 -85 -47 68 -61 98 66 -14 -34 91 -19 -75 4 -59 13 -54 -31 14 -83 -61 96 -83 
-21 -1 -53 10 78 -47 53 71 -32 16 -51 19 -69 63 -19 -80 31 61 12 -32 -81 -18 84 88 4 -70 -56 81 -91 92 -2 -19 -72 45 13 -80 -30 73 -72 77 1 43 62 70 6 -31 88 -83 -50 48 46 -20 -49 -87 3 -65 -73 17 80 38 -71 99 90 16 81 -100 60 -83 31 -40 -78 -81 63 -42 30 21 -39 -69 -24 58 -49 90 -100 83 55 36 8 51 -65 -75 -28 14 -28 65 -74 -26 -80 -98 66 -95 85 
41 8 57 -4 -4 55 56 10 -5 94 36 -97 37 -64 4 -50 -20 88 60 -48 -70 74 1 -29 1 -58 30 97 67 91 -66 -56 74 73 -66 67 25 38 29 47 -68 36 6 -6 59 -27 100 70 50 47 57 23 -29 -54 -67 32 -63 91 -80 13 -68 84 60 13 48 0 -63 83 -5 -97 38 76 52 -17 37 -97 22 -100 -62 -63 17 -7 -96 51 22 -59 -56 -23 88 -84 -23 78 -9 43 -99 -94 45 38 86 74 -97 
18 80 -78 77 46 18 65 -80 -86 77 -98 -1 7 86 -60 -75 76 -16 8 -8 2 -98 -51 -91 -95 4 -98 -74 -40 -6 -58 32 10 78 -89 -92 -13 78 -24 60 5 -82 35 71 25 -22 90 35 42 -83 -18 65 51 50 52 93 -98 -12 -6 -16 -5 77 -36 70 92 10 85 -91 52 -39 98 98 -54 68 35 -45 4 -63 80 -35 -90 27 49 -87 -62 -55 -75 -53 -60 -27 -11 -27 12 -39 -92 -10 36 -56 33 -82 -28 
-25 -3 87 -47 -85 -66 55 -99 -96 -88 -83 17 -4 66 63 -93 -91 -39 -77 -63 24 -90 0 23 -52 19 21 -9 -23 -27 -62 79 71 34 -74 -9 16 80 56 -15 -27 56 -57 -60 -43 10 -98 -76 -77 -91 68 -99 69 -74 -53 -15 -15 -45 -24 -83 -14 -17 56 39 -33 98 67 -16 43 57 -74 -91 -23 -78 43 68 55 21 94 -14 94 72 -2 -96 5 0 6 76 80 45 66 -50 79 33 28 -94 52 71 13 -51 3 
30 -65 -31 86 -80 6 2 86 -1 -59 80 -33 78 90 -4 -39 -83 -17 66 -16 4 75 88 61 72 61 -65 20 -99 -100 21 -40 90 19 -78 -74 -73 78 99 52 25 -19 -49 35 35 37 74 -95 -82 34 64 -87 -41 -75 61 -53 73 100 -84 3 62 1 91 73 -86 -84 93 -86 -9 -74 -47 82 35 -71 73 -58 -86 -77 82 -40 23 6 11 -17 95 51 -84 90 69 7 -75 15 -47 -94 0 0 -22 -51 -18 1 -98 
-23 17 -70 27 -1 17 -10 18 -84 17 -95 10 -87 -1 -63 43 -98 44 3 0 -94 90 57 -54 100 -50 -93 82 -28 -77 88 -8 2 -42 81 13 28 -61 87 21 -75 78 -2 75 -28 80 46 12 -74 58 -92 13 68 -76 -67 77 99 -49 -98 -22 -78 89 7 -92 -70 53 33 2 73 2 91 99 32 -47 -75 -41 -89 -44 82 -2 63 78 69 57 -95 -23 -28 -28 -18 -1 -33 75 -62 34 -82 55 7 -22 48 38 -83 
19 -40 -13 76 56 75 -50 60 -32 -21 33 -82 63 95 -11 9 -50 -88 -17 -56 91 -87 74 -35 7 69 75 -74 79 22 10 44 39 -58 -35 -74 9 85 -52 87 44 -27 25 -80 -8 -5 27 -47 27 44 -53 -65 -86 48 -12 -2 36 -82 -17 64 -64 16 -31 -30 96 60 -20 56 19 66 64 35 -87 52 -71 -69 5 98 58 32 28 -88 -98 -30 30 46 -43 -95 -66 -10 -51 30 62 -30 -28 47 -50 99 -63 85 96 
-94 24 55 -68 -38 60 98 -23 -94 -54 -37 74 -72 -7 -69 -79 -4 75 28 -17 -31 -19 26 -60 -77 -24 78 4 -10 89 99 67 -9 16 21 10 16 87 17 -83 89 -97 37 68 43 -83 -12 -4 100 75 -73 -17 90 54 -81 -45 -40 -90 45 -60 -9 39 78 -61 -97 33 14 -93 50 22 35 -53 -53 40 69 97 76 17 -93 -4 -61 73 -51 31 -89 -55 73 9 72 6 4 -48 -42 -13 96 5 -52 61 79 -16 -4 
37 -47 -56 68 97 47 96 57 -85 -67 -85 3 76 -68 69 -60 59 -12 72 -8 -56 38 -59 -26 99 -15 -64 8 -82 42 -28 39 -74 78 -73 3 -47 1 31 77 -59 -42 -25 -22 -12 48 -92 -11 -87 -88 -71 95 -83 -14 51 69 56 18 -19 -92 -67 62 -14 47 -1 -75 51 36 -38 -57 2 99 5 62 57 55 36 -85 71 -74 -87 55 -91 -85 58 71 78 -69 95 -35 5 -72 77 92 23 -12 61 -87 -8 74 13 
-61 -99 -25 -97 42 -12 -11 96 9 60 18 34 -41 7 89 -75 -42 9 37 -34 52 71 20 -67 -83 41 14 -15 71 -52 27 -32 12 -46 79 -63 -36 -9 -62 83 -2 97 -91 44 96 39 10 21 63 95 46 -22 -98 -81 11 77 -38 29 -16 68 24 -77 -34 -12 -41 -40 -62 5 -1 38 94 -50 -41 -12 2 40 7 -7 -94 53 35 41 -81 79 40 -13 82 -68 65 -89 -92 -30 47 32 60 -81 -40 -34 -57 -51 36 
9 94 42 -14 -89 61 -37 -75 -90 -11 -72 46 92 -73 -49 6 -15 -83 -54 -25 -69 -24 -100 4 -69 47 -28 0 41 42 -59 -71 -37 -67 60 70 22 25 90 32 -85 -39 -97 4 33 -53 8 -3 -55 78 88 -25 -70 -47 74 -4 -18 -61 68 32 -67 -29 62 -80 -42 3 36 -25 -14 100 -9 -97 -31 10 -98 17 -23 14 55 -28 -6 -90 -86 65 -50 21 -24 -7 32 -43 70 -51 -74 19 75 -9 -59 -31 -30 81 86 
97 -28 -58 -21 -1 45 37 30 -76 -12 -26 42 16 67 -27 -65 -22 -53 86 -76 37 37 -48 83 -25 -7 -99 31 40 -39 -22 96 5 87 95 -70 50 -98 -98 -20 -28 76 -32 -65 -40 23 -67 -96 -62 -89 11 -59 -11 56 29 -73 -35 85 -50 22 -23 68 78 -14 -85 -32 -98 72 24 -52 -92 25 -3 64 99 -54 91 -63 40 -28 38 88 -97 57 16 -48 -81 80 -82 35 -81 -19 -21 58 -34 93 77 -52 46 -28 -59 
-50 -19 -77 -81 -35 66 -39 52 -10 -38 -4 38 -2 -33 35 -20 33 54 -29 69 -24 2 -35 -29 -65 38 -35 -57 82 -85 36 -52 98 77 21 -74 36 -36 8 -49 -81 -58 12 -11 99 70 -15 85 44 69 -46 -57 93 46 -65 17 59 13 35 19 19 -26 87 -75 21 -20 67 55 15 47 85 -82 5 -3 -94 95 -90 -79 -89 -41 -80 -52 -41 -63 93 -100 39 81 -69 36 8 -13 -73 12 6 93 6 34 96 -28 71 
95 24 -18 50 61 75 79 27 -92 73 -48 -49 96 33 -88 -64 -83 -17 -37 -8 -39 -23 -17 -40 -31 -3 -93 39 -82 3 -47 -2 18 16 -27 11 -69 57 -47 -35 19 -72 -29 -15 76 80 0 5 -48 36 92 -28 -87 67 -95 -67 -35 52 57 52 -41 36 52 26 -39 12 52 62 43 -28 98 -49 -19 5 100 97 93 -14 -88 12 35 -34 83 50 -6 31 -29 85 52 38 40 -5 -21 -27 -27 -23 -62 82 15 -79 63 
-25 79 -56 -71 43 45 -49 -69 41 -84 55 -29 52 2 81 -43 51 -89 -94 -44 91 -99 68 -8 -70 45 86 70 -41 19 -34 -95 59 -9 42 40 12 17 -79 94 -59 -32 19 -72 91 10 -84 28 -23 5 51 7 37 52 -82 -71 93 -75 18 -94 -57 -60 40 62 -18 -69 84 -52 17 40 13 94 55 -2 60 -53 71 -61 51 -2 -79 5 61 -96 57 89 52 -87 29 -27 54 2 -24 -50 62 -38 -5 43 -25 80 58 
-55 -18 -58 2 -78 48 -19 45 71 11 60 99 -45 26 -85 -70 54 65 63 -13 -49 68 -32 87 -79 87 44 -15 49 -30 -34 -10 48 -85 48 -99 44 85 25 -84 36 -33 14 -93 2 -92 16 -65 -8 -18 43 61 38 20 31 60 55 -54 -95 -24 7 -84 20 89 -8 -42 7 87 -70 -17 -40 31 68 45 27 -26 36 -46 -43 -83 -53 19 -49 -54 -26 51 25 -33 -10 55 66 -60 -7 -42 -51 -43 -96 -7 10 35 -62 
73 48 -30 -23 97 -52 77 -63 -40 87 12 -90 -100 -6 -34 70 -20 -65 -24 -21 -7 -45 -79 65 62 32 46 46 28 76 19 -93 14 -24 64 80 35 -14 83 5 -60 -71 -5 -99 54 6 35 99 19 -32 71 -54 -42 22 -31 -96 89 -24 -39 -27 26 -29 18 -43 -59 -84 -6 -50 -73 -8 -79 26 -60 29 80 -46 -93 48 91 93 -28 -13 1 -36 40 -87 -22 38 -55 -9 90 14 -50 46 -1 99 14 -15 24 -30 -62 
0 -31 87 99 -89 -56 -12 11 59 -82 -67 19 -37 -10 65 -92 -31 -54 -20 31 -54 -47 -68 50 -47 63 -3 -8 2 19 64 94 79 62 -17 15 43 60 -17 66 -67 -60 -4 -27 47 -25 -35 -60 -56 84 15 59 -64 89 -31 -39 41 65 -43 -75 68 83 -37 -59 -64 80 -99 8 -87 88 84 -20 49 100 26 -77 4 -94 -23 -56 -4 92 -52 -22 -59 -43 -75 -57 25 84 53 -27 29 100 -24 -14 39 54 -84 -16 -30 
-61 -35 -27 -77 -44 79 -91 22 24 85 81 50 -7 92 -25 40 20 58 88 -67 84 83 66 66 -19 26 -36 31 -52 -95 -62 23 -100 -23 61 72 26 98 20 -21 93 -44 31 -29 -20 -28 -87 61 -46 30 10 -69 63 -31 18 -32 -75 89 -54 20 -37 -78 -70 49 65 -55 -9 -9 91 -8 -69 38 80 68 57 -26 -31 -78 -97 99 29 72 -36 -74 98 -70 -67 31 76 67 82 -37 -42 99 -20 69 40 52 63 -2 -57 
-40 -32 49 -31 19 -86 -61 -36 52 28 59 -77 36 -62 -63 29 100 -61 43 98 49 -35 69 -95 45 89 -22 4 -75 38 -65 5 -90 50 73 31 -93 7 8 -65 -64 -68 -26 5 -70 -28 59 85 70 -60 -13 -2 -49 -50 -56 -44 88 -60 96 88 65 -10 -53 -71 80 14 31 29 -60 -7 -58 6 -1 67 -52 49 -18 63 83 -99 -72 -16 94 70 66 88 -30 -60 2 -31 -92 -37 8 100 58 -24 -100 78 -98 -26 -85 
-76 -38 -8 -41 57 61 -81 -18 -16 -88 29 21 -51 1 -27 -82 -100 13 82 74 -44 -48 -100 -49 78 78 26 10 -32 60 76 81 53 -5 -29 18 -31 -83 -61 -87 -54 -56 40 57 54 -86 -4 94 43 -39 38 73 0 29 29 -48 95 62 -37 -38 -3 8 -69 9 11 -47 -12 -39 -46 52 26 58 74 85 60 -61 74 77 2 -81 -6 -45 -36 -10 62 48 76 -64 36 -12 96 -66 2 48 -31 20 -91 -24 -8 -46 38 
64 9 -10 -32 -25 65 96 -62 -61 -1 -32 -71 -7 -1 95 -70 -22 -95 42 -44 56 44 -21 30 1 27 99 -89 -51 66 1 32 -22 71 -55 -61 75 -56 -28 90 46 -42 -33 39 73 -77 5 -78 7 -69 58 19 82 77 75 46 11 36 16 20 -17 -66 -53 58 77 -82 23 78 -13 -68 83 10 4 94 -83 12 -86 94 -75 43 -37 32 -86 -21 31 -46 29 -27 -99 -65 -50 99 -73 63 45 28 55 71 -77 -64 -13 
-49 75 -34 -14 -56 42 -79 24 42 -3 85 -100 -6 5 50 94 70 -38 -89 12 -55 -40 -50 93 -67 9 89 50 36 -41 -38 62 -23 98 79 59 -76 22 82 20 60 -33 35 92 51 -89 22 -11 1 64 -4 -61 78 -45 28 51 -79 -8 82 42 -52 -43 78 -15 -80 38 0 93 -37 -29 -3 74 42 77 80 -66 -96 -83 56 -24 -36 -86 -83 -90 94 -88 -90 47 39 49 -91 -61 0 35 23 15 68 -47 -34 52 -28 
-52 -16 -1 -35 -97 -95 -35 -59 -25 81 -14 -78 92 0 9 49 59 50 -54 -75 16 -84 -83 81 59 -10 -80 0 81 -83 65 50 -42 95 -96 -72 -66 50 46 31 -1 69 -93 47 34 -69 -20 50 82 -4 -14 -79 -73 83 -99 -44 42 18 28 -81 -63 -66 72 12 41 52 -93 30 -6 -41 40 18 -77 64 -3 32 -16 96 -57 86 -40 -64 -41 79 12 -21 -40 -35 57 -63 13 -4 0 -10 -44 15 -12 -13 -57 -53 -56 
80 -77 -3 -62 -62 49 -87 10 -77 -67 -28 32 5 59 99 -42 80 29 -3 55 14 90 -23 -25 -70 -97 46 22 -48 -99 -85 44 -80 89 37 78 -55 29 51 -17 -18 47 -80 -82 73 56 67 -33 -3 52 41 -67 55 -44 -75 -57 -43 87 -43 30 19 -1 -50 -18 91 -75 25 -1 59 -76 93 44 36 65 26 45 48 -69 12 -69 65 -96 -32 22 52 98 53 52 -3 44 83 15 -46 30 -79 19 12 94 -28 -92 62 
-43 -28 -71 -100 -62 -75 -81 7 -2 65 36 -52 -19 29 16 97 25 45 81 -31 -84 -21 -85 97 59 -75 -98 5 -74 -65 72 -94 -90 35 -23 -89 -53 73 -3 88 -80 80 -52 -52 -82 90 68 78 83 -70 48 -11 37 -99 -29 -55 -64 -51 -12 97 31 46 -63 -63 72 -19 50 -10 -34 -13 12 65 79 20 -75 90 -76 -20 -10 -53 97 85 49 -70 31 20 23 -51 57 -58 88 -88 10 -87 -70 -65 87 62 85 -71 -94 
67 -6 -67 -68 -51 12 -54 51 -66 58 -19 31 85 82 -93 -90 -96 58 -79 -64 75 20 -24 -66 -73 62 65 84 -21 58 -85 -28 31 51 77 68 -63 -48 52 23 -62 22 -59 -61 45 55 -76 -9 4 77 -60 44 -45 45 -95 88 89 -88 99 -50 -68 33 -80 -12 -32 -20 -4 -87 22 93 -97 -94 -28 78 99 31 6 28 -6 -61 49 68 -65 91 34 94 59 -39 41 -21 47 43 36 68 -5 82 17 -95 -33 72 -67 
56 44 35 64 89 98 14 54 42 28 -51 -55 3 53 28 -30 -18 -23 72 -75 50 14 -60 18 -49 -29 -96 -89 -8 -86 72 -17 -6 -15 25 -73 20 -69 -24 94 82 87 56 38 34 7 -47 -25 -75 35 77 90 84 55 -22 45 -35 59 45 93 -21 7 3 -48 74 71 47 -78 -24 17 28 47 -83 -43 -84 -81 60 -77 -27 -22 -19 27 -85 -79 -24 -91 -18 -64 -41 64 85 -4 45 82 1 2 -64 -79 -59 46 -7 
-79 -16 -40 46 -58 35 15 -42 -52 77 -32 100 -30 -52 -65 75 -55 84 90 54 99 -53 58 -59 27 71 -11 -67 -33 40 37 -9 -56 65 -59 -4 -32 -97 46 -31 10 63 -53 95 -14 -36 -21 -16 -32 -68 -94 -86 -41 -61 -16 63 97 -80 40 2 22 -79 -73 30 -5 -26 96 -67 -83 -14 84 5 -52 32 -23 25 -45 49 100 -30 46 -65 -73 96 -52 -17 100 -76 -7 71 -15 53 87 85 -55 -74 87 65 45 98 -84 
21 81 -37 96 -26 75 -1 48 -36 -71 0 96 50 -38 -85 -41 39 -92 35 69 31 -35 -1 -50 -51 18 20 -36 -90 -50 69 -39 -91 -17 -46 21 36 -99 -62 -27 -16 73 -12 -6 -46 -65 -67 66 83 80 -73 50 49 25 6 -88 -21 -22 -48 -99 29 59 22 37 -15 -71 -2 28 67 58 -87 -36 -54 75 -29 -59 -34 -76 -75 -84 -97 -53 27 -63 79 94 -26 60 -19 16 48 -9 -42 -32 17 -73 -90 -74 -81 -81 51 
-30 -14 25 -35 83 -56 -52 -57 -36 -92 32 16 -61 -62 19 22 53 -2 68 -83 -6 -94 92 -22 52 -82 -22 52 63 25 -92 29 -24 -20 8 57 -60 -30 -13 79 42 -48 66 52 12 -90 -91 35 -68 52 -5 -89 -7 97 21 -54 52 63 -62 37 -51 74 -44 -63 -43 -97 -81 -37 81 56 -47 82 59 53 11 48 -30 -81 13 -38 -48 -45 57 -95 -17 -41 -36 -77 45 -65 60 93 100 -73 -53 -3 28 -97 41 12 92 
-51 100 -50 39 -10 69 -27 -58 -5 -50 35 -63 -76 100 57 -28 -87 19 4 68 64 -27 -36 -21 -3 94 73 54 -32 -21 7 90 6 -75 -18 42 40 22 -43 89 97 16 95 -18 -19 48 51 -75 -21 6 -96 11 -84 -21 54 -45 -32 -20 24 41 62 97 -39 -90 -29 -59 -75 -68 28 -87 48 -32 39 -5 -68 -67 -33 -3 -60 72 88 -26 -3 -69 58 58 -94 -42 26 -15 33 53 61 -99 9 61 83 -9 -87 -44 93 
-23 24 83 -30 18 -44 80 -36 -14 8 69 71 14 92 -69 72 -7 -90 -55 1 48 20 90 -32 -69 -38 86 -6 -56 2 -43 22 33 -60 85 -48 -83 66 -100 -44 21 -99 65 37 -32 35 99 83 74 -66 -69 -28 -3 -63 -47 35 -11 45 96 64 -52 -21 21 16 26 -77 -88 36 22 66 -72 10 -90 40 -86 -30 98 90 -78 52 -98 -5 61 -10 -9 52 -77 -46 79 70 66 69 -48 79 -1 -79 85 -99 35 34 12 
-18 -32 -2 19 -44 93 68 -1 -62 -84 -86 80 52 52 -98 -79 -46 -83 -90 89 -1 -17 29 -15 -82 55 -19 -30 86 -21 62 -97 -37 -20 -21 81 -9 16 4 -70 -83 -83 94 -46 -17 -8 -48 -44 -94 10 -88 74 -13 -74 -43 66 98 0 -83 95 84 -38 -49 -7 -65 -78 -71 -86 -17 -99 84 77 70 -9 13 -59 43 -9 80 -31 -81 45 18 -57 69 93 75 -92 59 -48 -26 33 -84 56 91 -61 1 100 87 -77 19 
-55 12 83 -12 64 -78 57 -8 -14 -52 -44 66 43 -100 85 -75 49 100 -91 -87 -78 96 -46 67 -86 -4 -51 32 -20 -23 79 -89 82 16 74 21 65 -17 -24 -27 -84 17 19 -31 13 -91 7 -10 36 98 39 -11 -16 12 44 -70 77 -56 99 -43 -87 23 40 -52 13 -23 46 14 -14 -36 -98 -56 93 98 57 -10 -44 10 -91 37 55 -92 -96 22 -80 -91 -56 -51 27 48 -35 -100 20 -77 -81 22 -76 -86 40 -76 11 
96 64 13 -19 97 -28 -21 21 -16 75 63 -63 87 20 93 0 -84 -59 -1 43 41 -59 -44 -75 -78 -30 -26 61 -21 36 65 -44 31 11 -12 41 -50 18 -24 6 46 37 45 15 63 56 44 -69 11 13 52 98 -51 6 70 78 -56 -21 -80 -7 50 85 -83 84 -28 61 -85 -26 -5 -18 29 -44 75 -29 99 18 77 34 -9 48 -97 79 -96 91 -20 -16 -47 -55 62 26 42 4 46 -97 -62 -22 5 76 -60 -28 -28 
98 62 -35 -84 66 -98 65 -77 56 -73 -77 42 12 28 93 -57 61 8 8 0 -52 10 52 78 15 20 88 -65 39 -43 36 -72 41 -88 15 96 3 30 -6 23 -67 54 -41 -69 98 19 -82 -61 29 -19 77 -46 83 25 54 29 -1 -1 38 -53 79 -21 83 -6 -32 -43 76 96 38 100 79 -94 94 67 63 42 -94 95 6 80 1 -72 -99 -51 42 -14 59 19 38 29 4 62 25 -54 33 58 74 23 -11 55 -26 
76 85 75 38 18 90 -34 16 80 -68 78 48 61 69 19 36 -22 32 -10 -83 80 -41 11 -82 9 -19 -29 -2 78 -83 -18 -12 43 -89 22 -19 26 -15 22 -9 -76 81 21 -48 -100 -28 17 -21 90 25 96 -70 74 -68 64 9 -58 -4 2 52 0 68 -23 -89 76 -68 -75 88 -82 29 -44 73 90 -53 9 41 70 -66 -95 73 -4 15 -7 86 36 83 -29 -53 88 10 8 -56 -54 -61 -15 99 90 55 -31 93 -26 
88 -61 -33 93 -4 27 -72 -66 -51 76 -9 24 80 -10 13 32 -4 -35 -33 -18 -74 -81 69 31 47 -58 60 83 -59 -37 -86 -11 18 -33 42 77 55 -17 45 83 -78 -65 44 -67 84 -38 -21 -26 94 67 20 58 -22 -60 56 6 4 15 75 -46 -2 6 12 -4 26 -4 -67 96 14 87 -28 -85 38 95 80 31 -96 4 45 -41 -94 5 -10 -23 -98 0 -27 -32 52 -21 -21 -77 -80 -58 73 15 -69 89 -99 12 5 
31 12 62 14 -47 18 95 29 9 40 85 -27 -51 -38 47 -42 -14 -57 -5 87 39 -25 -81 -92 66 -1 -53 82 -5 -56 -75 94 -27 -83 -40 41 -5 -63 -62 -25 90 -26 -68 -57 -6 -21 64 65 70 68 68 -72 -15 64 -33 -7 64 -69 -46 -26 -9 71 -53 -4 21 52 -30 -86 39 78 30 -13 64 -36 44 60 -43 93 -17 -12 8 -94 82 49 -52 -41 -43 -78 -99 62 86 81 -44 -27 14 61 -44 -89 35 -11 -23 
95 -94 -84 40 -96 55 -55 -12 -46 28 -6 -46 -77 -22 -63 92 68 54 70 66 -66 -74 -18 -96 9 -45 -22 -71 -21 -7 -69 -61 94 93 17 69 -53 73 69 -64 12 -83 47 -19 -20 -30 -81 -62 48 77 98 -20 -6 -41 92 -46 -9 -17 -54 -70 -10 79 43 -8 58 -48 -76 40 -25 20 -38 23 -75 -18 -75 65 0 45 -31 -45 44 -7 85 35 16 -4 -50 -95 -75 46 24 77 80 -29 -11 -98 -98 -35 7 94 93 
60 77 36 -45 57 36 -67 -18 57 30 3 -8 16 -24 -3 -71 -42 -34 -95 -38 -43 84 48 -66 -56 92 49 80 -29 45 -16 0 -6 -25 63 -31 -94 -50 -19 33 86 67 6 0 -31 86 -79 84 93 59 -32 100 30 -46 16 -62 49 -24 -14 -98 44 33 -49 88 47 24 10 7 -80 -77 92 -9 -43 -20 -14 -93 60 18 1 -1 29 10 32 44 -57 68 29 -83 57 36 67 29 -17 66 -50 -80 -90 -29 -45 80 58 
51 -84 -67 -35 61 -93 -90 -38 50 19 -87 -26 18 -23 -29 -41 34 45 26 -66 47 15 7 -65 -64 85 -66 83 -32 85 -29 96 -98 40 16 49 97 -100 -27 -35 35 -69 62 -100 -47 -76 55 23 32 -34 -16 25 -90 -52 81 85 78 -4 74 20 36 62 72 -15 -63 -76 -3 -58 -79 84 97 -22 54 60 -46 -37 -25 0 34 68 23 -25 -46 67 -68 -37 63 -32 -40 63 98 26 13 86 66 -36 60 -1 -54 -88 70 
-37 86 -50 0 -36 86 22 -8 -23 -45 49 30 -91 -73 -83 37 -40 63 17 -13 -46 69 -91 -91 34 54 65 95 34 -69 -75 19 -1 -36 -55 -94 21 47 89 -63 32 -1 83 -6 -89 38 -42 -29 -61 -18 14 -3 -9 16 76 -62 -69 -27 90 11 -46 -99 -99 -59 -71 -14 -59 8 -69 -94 -82 37 82 37 65 38 -3 -61 -90 -69 81 -31 -9 -47 6 -71 -66 -51 67 7 -66 55 41 -62 -57 -55 16 57 71 -4 -59 
-43 -55 48 -62 -84 -4 -35 2 70 -66 46 -7 -14 -75 5 -72 75 -100 -1 82 98 66 44 -39 -97 -89 -85 -96 90 -9 5 88 -68 -100 79 -66 29 -69 -88 11 -35 84 71 8 -65 86 27 -49 96 -45 12 -95 -66 8 -86 8 64 71 -45 -2 23 7 -51 -46 72 -82 86 -27 -41 45 89 -6 15 97 -62 -22 7 30 80 -23 -15 -56 -63 -39 -49 -70 -73 -51 -98 24 72 -44 32 -97 81 55 74 94 8 52 13 
-87 14 -60 75 40 -19 31 -27 -57 -43 4 90 99 93 20 -40 40 31 39 -90 -71 -39 41 -9 -59 -45 29 -3 -91 19 53 25 -88 55 50 -91 -7 -55 -75 -38 -9 -56 -73 -13 34 -99 31 83 34 80 100 -30 -48 -4 51 -18 -32 -82 -85 -18 26 64 9 2 89 95 -42 98 32 34 -89 23 -55 64 93 47 22 -22 -12 -89 2 68 -98 -41 92 -52 -98 10 32 -4 -71 -64 86 -25 43 93 35 13 34 73 -46 
100 -10 29 -64 -6 63 9 0 -14 32 -65 85 -45 -72 57 -46 27 42 -41 -35 -89 28 -56 81 22 26 35 4 45 56 -85 -46 0 -19 13 83 14 -23 -47 91 65 92 -12 85 65 75 -41 -55 -4 -94 54 -80 98 27 -81 -12 25 -90 46 19 -53 57 -61 -11 15 -55 93 85 -83 -14 34 17 21 -7 -44 -60 82 37 6 -42 -94 -76 -32 -23 44 -99 51 11 18 32 -74 -88 -97 -49 -26 -4 24 -50 -66 53 -33 
-27 0 -26 -64 81 -85 -6 -41 95 19 -70 -86 52 -16 50 -65 90 91 -2 -28 -14 12 31 72 -19 44 -55 40 -98 -51 99 11 52 -11 49 -58 41 76 -76 79 -32 -63 0 53 -96 -3 66 76 -18 71 -88 17 -72 89 55 84 96 -2 -97 -42 24 30 11 -17 99 -49 49 -93 -10 1 -25 -74 81 78 81 -4 85 -22 -54 -94 -83 -75 77 18 -10 -96 89 32 44 26 -73 64 -64 74 45 -26 13 -6 66 5 28 
-7 99 -83 86 87 77 -67 82 24 -92 52 54 37 -81 56 -76 3 16 -94 6 32 65 54 94 42 40 88 18 19 -35 -26 -70 -1 -59 33 -90 70 -21 -75 39 21 15 -83 54 90 3 70 -83 89 -77 73 87 93 89 6 -76 3 -88 58 80 17 57 25 -20 -72 50 11 -45 -40 -100 18 -14 -60 2 13 47 97 99 -60 29 -78 -10 -51 99 27 -7 -74 -76 23 -28 -44 68 58 -72 82 30 -52 66 -52 -38 66 
29 52 -67 -45 97 26 51 -72 -62 -65 44 51 99 -80 53 44 20 -56 50 77 55 71 -8 97 -24 21 -54 -63 -10 -46 -7 6 -17 73 88 -17 71 -76 -31 -25 -30 9 60 -36 58 -43 -57 -45 37 -28 -82 -36 41 57 -76 15 40 -99 47 15 -11 -29 69 -27 84 30 31 -1 -16 -46 2 -46 92 56 -68 -16 -56 71 42 -84 -87 -75 63 96 83 15 -50 -70 -13 -20 -38 -65 18 -64 78 40 -31 36 -37 -69 0 
70 -14 -49 -71 62 -42 -16 22 69 26 -71 40 -48 -16 -22 24 3 1 -53 -47 -73 42 -50 -63 -29 -65 90 -12 -36 15 72 59 -42 -14 -41 -46 20 -37 -11 -95 -2 31 82 -63 24 13 34 75 -88 68 19 25 -75 -66 38 -7 57 22 89 -17 -2 -77 -84 -33 -52 -75 -3 -12 -57 28 5 -32 -5 -24 34 22 -12 70 52 20 79 98 1 -11 -78 -87 -92 -2 -14 -84 -66 42 25 25 -18 -15 -38 69 30 -54 -17 
-80 -69 -56 66 11 60 -39 -26 -16 -20 -49 -88 -78 -76 -84 -45 -24 -90 -29 59 10 -53 100 -63 -89 -8 -54 48 -13 20 -74 49 -80 -48 71 75 -48 72 21 22 8 56 19 -87 68 51 15 -8 -59 -70 -79 41 63 -68 -41 69 56 -13 -87 -43 -73 -72 -26 93 -8 14 -80 -86 -25 -50 -88 -94 -3 -81 60 50 87 -53 -30 -63 -36 31 55 78 -56 94 11 86 -49 -83 -29 -88 -32 38 4 33 51 -82 -72 -17 -1 
20 91 -65 78 70 -52 -22 -7 3 93 -94 53 -62 68 19 -81 -39 -41 -24 18 -51 -97 8 -73 41 47 -8 -16 17 -34 46 81 -84 31 50 -71 -4 72 22 3 -94 22 20 -47 69 7 44 -93 -30 -82 87 22 -94 10 -4 51 43 92 -14 9 -82 98 2 -47 56 74 86 -83 -82 77 94 -71 64 -24 -1 89 97 -70 54 -3 12 52 -48 -37 -29 5 -75 -35 79 66 -31 -8 40 -12 83 -32 42 43 -51 -68 82 
-7 -75 88 -13 52 54 57 21 72 -93 82 -24 -68 83 -69 83 5 -98 2 97 7 -24 47 28 -53 -41 -72 84 26 -1 69 -77 -21 -6 -47 -86 -68 11 41 73 -36 -19 -51 -33 50 86 20 -19 3 -48 -70 52 -84 31 97 -32 73 83 -9 92 92 -61 -71 -50 -13 55 33 54 97 79 -17 63 -37 68 91 -30 -17 -97 14 -96 -78 -41 -18 -24 66 95 19 69 -25 77 -54 86 -45 79 -88 65 15 -87 -70 -95 72 
-85 53 -73 80 0 66 -18 -68 77 90 -14 -78 -43 66 98 -76 32 -95 -63 -91 71 -34 39 88 -63 65 -23 61 -33 35 -33 -4 22 96 14 15 -32 -9 42 -53 -75 -68 97 17 -56 27 40 -53 21 -7 68 -67 30 42 26 78 80 33 3 -77 26 46 -93 86 94 73 8 48 53 25 -15 32 -34 -86 90 -98 98 -46 75 -21 -28 21 -20 75 78 -23 57 71 93 -82 -56 59 55 76 24 89 3 25 -88 39 -42 
88 89 -64 86 49 46 -96 73 -74 -100 -29 51 -37 -80 -30 20 27 -28 83 -62 -64 -32 22 -99 -12 27 -92 26 -18 54 19 11 14 91 76 -4 45 -84 73 88 58 -28 65 -99 -33 12 -27 -50 95 -82 25 2 -20 5 -24 36 -85 -50 17 11 97 53 55 -42 -46 58 -8 -37 49 63 -97 -98 81 -37 86 30 -11 -81 78 64 66 -19 -90 19 35 -43 79 28 -42 -13 78 -57 -26 15 0 79 -47 -80 39 -42 -72 
-97 4 -66 29 -75 -94 -12 24 -97 5 9 -41 10 -81 39 46 67 85 -3 -91 62 61 40 -76 -12 21 45 -30 55 6 75 92 51 37 -48 -92 -23 70 -41 -17 -100 -86 88 -89 -10 43 -26 92 -1 -14 -62 29 17 20 -51 8 -10 54 -97 -9 -60 70 -71 60 54 -40 -68 -28 99 -22 -96 -74 -8 78 90 78 -40 -1 91 12 87 -90 -83 -78 -62 -86 -68 -37 -4 -10 97 -82 -94 -62 -25 -39 39 92 25 -76 -3 
47 5 -27 -8 -25 40 -87 79 -43 -34 81 79 56 -44 -22 3 -63 -57 -35 -88 -52 -43 -40 -90 -86 -50 -10 100 -80 30 83 -70 -27 68 84 -75 48 -77 29 -70 1 61 -56 70 -63 81 66 55 91 -8 75 -52 65 100 96 97 -42 -70 33 -18 -4 -51 74 58 13 24 67 33 36 66 23 88 -58 -55 -97 -81 71 -48 78 10 67 -87 -30 18 -73 24 41 94 -35 -71 54 -20 12 90 -17 39 -16 -53 -100 -94 11 
50 85 61 -78 -64 55 98 66 21 -56 83 79 58 57 -46 -25 -30 -64 49 45 -56 -95 16 11 87 35 -36 -29 55 86 4 3 40 -73 0 -78 -99 29 88 -97 -39 -58 -47 -6 -58 78 3 42 96 41 83 65 -49 49 85 100 83 -68 -11 -46 86 -37 2 -36 -68 92 91 -96 -89 90 -49 -68 -78 65 -55 -31 -18 -66 64 66 -14 -54 -56 47 52 -7 -19 -26 -12 27 -61 -9 -85 -41 -84 -19 -31 83 42 56 70 
-18 55 92 66 49 -55 -64 -30 70 -31 42 -4 -61 84 76 -46 95 50 51 30 95 -73 -71 -18 46 69 -24 33 -83 82 80 -70 -17 58 51 -26 8 92 -60 39 10 -28 43 -20 1 27 11 -76 31 -95 -79 -67 41 -11 65 17 -68 19 48 97 17 -65 30 53 58 -35 -15 -13 15 96 33 27 15 7 -69 -53 91 14 13 61 84 -20 -50 62 18 -24 -69 30 68 90 68 -41 -95 -91 -15 38 -82 43 -94 -94 -41 
33 -94 -76 37 -93 40 52 62 -9 68 90 -8 -51 56 -37 20 76 89 -59 -20 -38 -54 84 46 -30 -18 53 88 34 -58 92 -64 26 48 71 -9 -90 90 66 37 68 33 86 -35 23 -69 92 -70 85 -60 -70 -29 -35 -86 69 97 64 -22 93 -90 -46 65 67 -88 37 -75 -66 -11 -41 -65 -16 -10 73 29 -90 70 -32 -59 35 -36 -95 -50 -74 98 28 -17 87 97 -10 26 -31 -24 85 6 -38 -62 -98 93 -7 70 93 
45 -41 -55 -66 -3 38 73 -44 73 2 -55 -47 -10 -89 -40 31 51 34 -86 65 -74 -2 40 37 47 28 71 88 29 -54 59 36 48 -24 39 52 57 78 -36 -20 -1 -13 -10 -69 82 70 -16 73 100 12 -55 85 42 6 95 71 -77 -24 97 -27 100 -17 -36 72 26 95 -7 -60 -66 2 -72 47 4 84 77 15 -75 -96 49 78 -9 -78 55 -66 49 -11 58 31 64 -55 -27 61 2 71 7 -26 77 42 -50 22 -18 
65 97 -100 -27 20 57 -87 -28 39 10 -71 -57 -25 24 98 -68 -8 -9 94 -58 -1 10 72 -80 -41 37 -88 -39 -30 74 90 -75 71 -48 -91 -70 -98 -78 -74 25 -57 -73 37 14 38 47 46 -69 -66 100 -26 14 36 78 -96 -15 57 81 19 -28 63 -38 68 -4 96 69 41 -94 -18 2 94 94 98 28 27 -39 -28 -74 -50 -68 -35 -93 -56 65 -6 -5 86 -75 -90 -24 34 100 -43 17 86 -4 -4 -62 -60 4 70 
-89 -74 78 -29 -18 28 -40 27 73 64 -54 54 63 -30 44 -38 -94 88 34 19 91 -92 53 63 -62 61 -2 78 47 64 -72 28 -8 -64 -6 -54 -42 -34 51 17 -8 -29 -55 -82 -82 50 -37 86 -67 -19 -27 -3 -74 32 90 -99 14 45 74 -1 86 2 30 21 2 -98 88 -93 -9 -32 89 -3 47 -33 84 -9 -5 -78 71 83 7 61 -57 -81 3 -74 47 -12 96 -36 -40 91 -96 -42 7 -21 86 76 -7 71 -68 
-36 -24 -62 39 45 77 11 72 -15 7 -4 92 48 -8 -31 -62 -92 -26 -14 62 -11 -95 98 -45 78 -83 -79 -95 -23 -78 -70 16 -52 100 -60 67 -79 -46 -40 48 24 68 -84 72 77 33 -86 44 17 -64 -49 61 -4 -99 -55 77 71 58 54 -46 81 53 3 0 -45 -6 -57 -33 -33 90 -69 100 -100 9 -66 47 100 -33 44 28 -84 45 -94 -87 -56 -59 -15 -77 89 48 -33 16 -4 42 24 24 68 -84 -69 -34 21 
-7 88 91 -37 -41 66 24 -24 47 19 12 8 -75 -7 74 -38 23 50 27 51 -73 9 24 79 99 3 99 11 96 -63 -77 -34 -26 92 89 -96 -77 4 28 -61 -48 -1 -52 -30 61 -37 -48 -54 -27 -9 -40 -82 -37 -38 -46 -60 24 -19 5 -23 -15 -20 86 -13 -15 -61 -65 -4 -13 53 -39 35 61 75 60 53 62 -51 64 2 -37 -62 -20 -86 -26 92 72 -57 61 91 82 19 -46 -37 77 38 -30 13 13 -83 19 
74 -32 -59 -21 -76 -25 -90 26 -38 -34 -81 99 -19 -33 4 -96 -51 70 41 65 -76 65 -55 -24 99 5 -62 48 -64 28 -29 -24 -78 -84 71 12 -14 87 79 -31 33 36 -16 -96 18 10 -90 74 -98 92 97 27 -50 19 -78 -52 47 4 38 59 -8 -70 31 1 5 -30 -11 -54 -60 -45 92 89 -76 -12 13 -69 -11 -28 -60 -79 60 -84 -39 -68 -10 -26 -71 -85 -71 -61 8 81 52 -97 -22 -26 -46 -68 -80 -21 -30 
-63 1 5 33 19 86 4 -81 -49 -95 30 29 66 -82 5 -58 48 76 -70 58 -2 -7 69 -84 -59 31 58 -3 35 28 2 24 -89 23 -60 -32 -96 -3 -59 100 -60 -7 42 -80 -74 -57 -58 70 -71 -90 -42 89 -54 -55 19 -89 -56 50 48 -68 90 -81 84 13 22 -51 65 -83 72 61 -74 -81 -90 84 53 -70 100 -74 -2 -22 45 -41 -29 36 -27 70 41 -98 56 39 -88 -5 -53 35 -95 54 73 -74 -13 44 70 
-26 40 100 3 -24 54 -25 58 -89 88 17 -67 41 42 71 -55 -45 -87 -42 -89 31 -57 39 -43 -47 -100 -4 44 56 60 -91 13 92 -4 68 -51 -50 -5 96 79 -44 49 -90 -43 -38 -35 23 -51 57 -98 -62 83 -92 -9 55 88 92 -59 -42 -99 -92 80 -62 -14 5 -7 37 92 44 0 72 -52 94 -19 -30 26 54 41 68 0 -28 -93 78 84 -39 -40 -98 -99 14 82 -72 -13 -92 -97 -39 54 -62 -40 30 -70 -42 
-46 -46 -75 73 35 83 -3 -80 36 15 -66 -87 66 -8 20 87 98 -22 -12 -68 0 87 -5 -60 57 -14 -55 -57 34 49 33 41 -64 55 -15 -49 -80 80 43 -60 41 42 -85 31 91 89 56 -85 83 57 4 74 -8 -57 78 -39 -90 60 -7 60 -37 -55 14 38 84 7 -26 71 86 90 98 24 -77 -31 29 25 -28 36 -84 41 -39 -47 -85 -63 21 88 95 2 -50 49 34 -17 -100 92 -83 71 -54 -71 -65 -27 52 
-93 71 -21 -30 -23 -9 -91 -99 -3 -91 13 33 -31 52 68 59 13 40 62 -91 25 32 -60 -18 43 -16 95 -28 67 -92 -92 12 9 84 -70 19 29 39 73 14 -24 41 -57 -66 -90 -90 -90 44 -2 -93 -7 -49 -49 -1 23 -74 -1 67 -30 -69 29 -11 34 56 -71 28 -10 -5 25 44 -22 -96 -89 -14 -21 -74 29 27 -56 78 -34 -15 89 -87 86 -55 -16 32 -80 24 19 79 59 -35 -55 41 -17 -51 96 -81 -39 
-98 71 -39 -100 16 -77 -85 -55 -10 -54 -69 -53 43 -52 46 -66 -24 38 -56 85 74 100 48 -100 67 61 43 56 -51 39 -68 -73 43 17 -28 14 26 -14 -53 -57 23 23 -55 75 -6 5 -37 -39 68 71 21 92 -89 -43 -16 41 -11 -66 66 25 -91 -34 90 -98 -24 -92 51 -63 -87 -23 72 -56 13 82 -6 -75 -45 24 0 68 -64 14 -39 -28 50 -2 68 -97 33 -85 -89 66 -61 -84 -85 93 99 -61 84 -94 72 
-65 33 -99 -41 -84 -64 3 25 70 -80 -95 92 70 -66 37 -80 43 8 24 14 44 -33 28 49 -18 91 -81 -59 8 93 75 -86 -59 84 31 -92 89 84 -90 61 90 -25 -23 -66 -49 -67 79 -63 96 99 -84 35 -60 -86 -2 33 16 -67 41 25 84 80 63 -68 21 -79 52 -31 65 -43 65 79 -86 -18 15 -72 -76 14 -28 -10 48 30 -28 -6 79 -65 41 96 -54 74 -66 -89 -3 30 -54 -25 34 100 23 63 49 
-99 8 -48 85 -13 36 -72 -80 -36 16 -17 -7 64 9 39 11 50 -89 -78 -9 -28 -95 -42 62 93 86 -39 -3 12 -15 47 -18 5 49 28 82 -45 -52 78 92 12 32 -91 36 -23 97 10 18 -44 -40 -99 -4 -74 -40 65 -7 -75 26 17 50 52 48 79 -24 62 -91 42 43 92 -39 10 40 9 0 -25 1 100 -72 90 -39 97 -99 -57 6 26 -49 87 28 -29 96 44 -98 38 87 -97 -31 -8 -99 58 78 -58 
10 71 46 55 -92 -48 -61 81 -24 -73 16 21 -23 88 7 -58 46 -23 43 -7 34 67 -27 32 78 84 -88 19 -97 -100 70 76 32 -5 -90 -57 78 -11 -9 -93 93 -22 -45 32 -17 26 -34 -32 5 -50 -96 -13 -91 2 11 2 0 43 32 -19 -76 -84 -19 42 48 60 -50 -88 -90 89 89 36 87 -31 -37 -18 91 -1 -15 -6 42 -73 -64 60 -37 67 56 -11 -80 -38 -76 18 59 -27 -62 15 -89 -22 -88 -3 -90 
2 -86 31 -96 23 -7 44 -66 11 49 83 -4 -4 17 -64 -49 -46 -66 -79 -1 -11 69 86 37 -12 24 59 54 35 84 -6 -72 -54 -91 25 35 60 -86 -15 36 76 41 -73 22 -41 78 -26 -43 47 -51 27 -76 95 -22 43 63 -1 -51 -13 42 -50 21 -58 -25 -32 77 80 16 13 7 -32 -46 71 -96 -35 -90 -4 50 -35 -40 -1 -60 94 76 42 -84 -25 -5 -86 -21 -19 91 44 33 -57 -36 99 -66 -88 -83 17 
77 -45 -31 -69 -83 -87 66 -42 -40 -62 62 6 56 77 2 60 -42 84 -75 -2 97 60 40 26 -25 58 24 51 77 -69 73 12 36 -67 -16 -52 15 75 -39 83 12 -46 -77 -53 -68 63 -59 -23 -42 -42 -69 90 -90 63 -27 -71 -100 -1 -72 -99 21 39 86 19 3 -100 22 53 28 8 10 89 25 -1 -76 9 42 70 56 51 -85 -79 -54 13 -46 25 65 86 -31 -60 -90 -27 -36 84 100 -19 57 68 86 61 -85 
63 13 92 60 16 -88 82 46 -41 41 -27 50 -41 95 63 -15 75 -89 -74 18 24 40 -52 -14 89 21 -73 -84 75 -39 1 -86 -13 -38 -52 55 46 28 95 13 -67 -77 54 18 -36 -7 -22 17 -37 -7 85 -57 -10 78 -19 -100 -75 18 -46 -23 21 -13 -44 -66 50 -21 -79 89 50 85 15 -100 96 21 -6 50 22 70 54 53 -29 20 -27 -70 43 99 93 55 64 27 -24 -77 56 65 84 14 30 16 78 -44 -65 
62 95 -4 94 87 84 17 6 95 -68 9 -46 -44 -87 6 -97 -100 -34 -14 -31 -85 -12 -59 -57 -11 -54 35 -25 73 -99 83 72 -49 -81 -30 -23 -77 -65 71 -31 -59 -17 32 -95 36 85 86 -61 63 -28 -85 -76 81 -34 10 81 -88 86 86 -25 -57 42 -65 -90 75 69 94 92 35 -6 -26 42 42 -38 -45 -89 -55 -20 -54 -71 -46 49 -96 97 -72 11 100 38 37 -60 -18 -45 74 -74 32 91 -99 -82 -86 -24 -65 
-16 86 -74 -15 -39 -91 74 6 -65 89 -32 -59 -95 45 -15 -49 -65 38 54 -66 -86 -99 -66 -58 13 98 -52 -16 -48 -4 -90 -99 -14 3 -1 55 42 11 -76 -28 -98 -73 -12 -64 34 70 -39 40 -54 -59 -90 -52 95 -90 4 -89 -51 10 -38 45 83 -80 62 -5 90 1 8 -90 95 -91 11 -74 -90 73 85 -47 -5 -11 35 78 75 9 54 74 -45 56 -29 96 26 -47 -42 91 10 0 -78 -46 40 -26 -71 -89 98 
11 15 96 13 35 -97 2 -35 47 -35 88 93 37 -4 -38 -73 -39 -83 -97 -61 7 43 11 2 -93 56 -77 -52 -9 16 76 -53 -88 52 -95 68 26 -21 41 98 -40 -95 53 74 91 66 65 -8 -74 87 44 -10 39 0 -33 10 -46 85 -100 -47 31 -40 -9 80 -32 51 13 -29 33 93 -36 53 25 35 -11 -88 -54 89 -58 95 82 70 11 -99 38 15 -86 6 -1 86 -90 -3 97 98 5 -27 -99 -92 -21 56 34 
-25 -99 -1 -2 68 -13 -87 -50 67 68 35 5 -72 -26 -33 1 62 55 56 1 15 60 -4 13 69 74 44 56 -16 -39 -50 -8 -71 54 -89 -92 -33 21 97 -65 88 47 76 34 -82 -93 -37 55 -81 35 -91 -51 61 62 29 85 76 -72 -42 -47 -94 -1 -46 88 -2 83 14 88 -25 -36 32 62 -20 -26 22 -59 99 16 -44 40 0 -32 84 -7 -38 92 -26 3 4 62 -47 78 86 -24 -78 -74 -95 96 56 73 41 
-29 -24 62 55 -38 77 -34 -67 -45 -38 23 -96 -97 8 40 58 63 -43 15 28 -24 70 -87 30 -81 -33 97 -7 -16 84 -6 82 25 48 12 -62 -38 18 -55 -12 1 -49 72 -57 17 -34 -35 3 89 -45 -72 -66 -47 87 -29 -92 -26 -85 -61 69 -54 60 74 -21 -58 -96 -89 -63 96 -59 -47 -29 -99 -41 61 -16 -45 -3 -17 -84 55 -96 -65 -62 90 -75 -88 38 -34 39 73 -83 -23 -49 12 15 4 50 29 -93 -67 
89 -48 10 91 47 41 9 -58 41 75 -6 -64 66 76 52 -11 58 60 100 -9 33 85 -39 -63 88 -69 -12 81 52 -88 -55 35 78 -62 28 -21 -93 40 58 -3 -2 40 52 -29 -3 17 9 -58 -78 9 37 -55 -25 71 89 -66 -66 19 -83 38 -60 -30 32 39 80 6 6 -94 73 65 -22 10 85 47 90 28 -16 -30 -13 50 -46 -24 -17 -72 78 -7 30 -7 26 -85 -56 50 61 -98 54 -90 -7 -51 45 75 -19 
2 -50 81 97 -97 -75 86 -25 73 -69 -22 74 -58 18 85 25 92 48 -74 -27 53 -4 75 -94 71 -72 -62 -87 -4 -40 35 -24 68 -12 -32 18 -12 -84 48 -34 15 -62 77 -19 42 5 22 49 -94 90 -48 -20 49 10 91 -86 -43 5 -11 -50 17 -70 10 26 88 3 -55 97 -60 -18 -22 -89 -76 -76 59 -31 -8 -95 73 36 -96 34 69 -68 91 -69 5 36 9 9 11 -7 67 -73 79 26 -54 39 -28 -44 -37 
73 -86 65 -53 18 1 28 -36 -17 -82 40 -75 -38 55 -58 -25 -52 -32 68 36 82 6 -76 -89 -5 32 64 17 -64 -31 -19 95 -6 -43 -50 91 -18 18 34 -44 -80 -29 -93 -78 -27 47 -29 97 63 -97 -39 -71 49 -70 75 29 -31 -58 -75 39 3 14 -16 -22 -77 35 24 -96 -45 33 29 -8 -18 62 -87 74 16 90 59 84 -97 2 41 90 -61 80 32 -7 -58 67 62 -100 -29 -68 45 -90 -73 47 51 -69 83 
-60 -86 -62 -100 33 19 96 75 47 -28 33 -84 -71 -96 -71 -69 -48 -57 -59 -38 56 -60 -94 -43 70 88 33 -25 -74 -19 97 10 64 9 -14 91 -6 -24 -31 19 -43 70 -51 -51 -55 -75 -22 -49 -19 -83 19 -64 40 66 -50 63 -53 -22 8 -42 -12 95 -42 16 45 13 -99 -56 -18 -37 -82 100 -9 -18 28 -87 -58 92 64 99 -35 16 54 -40 31 -17 30 73 59 2 82 48 46 -67 4 9 38 -73 100 12 24 
19 10 -35 -56 58 -12 44 -65 100 -49 -83 59 -96 -33 64 -99 -54 -95 99 46 -29 31 12 3 11 -42 -34 -19 -6 78 1 -85 -54 -55 80 -50 -78 11 30 -68 -73 -47 -39 55 40 -93 -31 20 71 66 69 -87 65 -44 -30 82 -39 -21 -18 26 -67 -24 -28 99 25 26 100 -38 59 -81 0 50 66 -55 33 -60 -41 24 -28 -27 -46 -28 58 -69 -69 100 9 -37 -42 26 -89 39 -49 99 -58 -47 -57 19 9 -40 -50 
11 74 -42 -19 -39 32 32 66 -44 -60 89 -69 -29 -76 14 44 57 -17 -86 76 60 71 18 -4 -43 -59 -7 -16 36 14 -61 36 94 -83 -21 37 36 74 38 -38 -22 -32 99 93 28 30 97 -44 78 27 -67 72 -87 35 -26 85 -70 79 -85 -72 -34 -58 -50 -57 62 -28 -98 -11 33 -39 -88 30 93 -79 51 38 -18 -36 -67 -37 48 -44 -20 -37 100 -7 29 -68 -54 57 -85 74 76 -96 -61 68 35 -73 63 47 -89 
-62 -35 -47 36 71 11 99 80 56 47 22 -92 -28 -80 72 -15 -52 -13 93 -76 -50 -50 7 -47 -92 36 -60 77 74 -66 61 -58 87 -74 -54 40 -28 -83 -61 -87 42 95 6 20 -36 -44 59 -43 -75 -89 -42 97 73 -84 0 -70 89 -67 -59 90 50 83 -33 51 7 70 24 40 37 16 85 50 -33 92 41 -49 63 -19 -13 -3 -23 29 73 -15 73 -21 -89 -3 35 77 -53 30 12 -11 -88 -41 -50 -72 15 -95 41 
-41 -33 13 -54 45 -84 -32 34 -48 17 -98 95 -61 48 6 -91 67 -99 -66 89 36 23 47 10 76 -62 68 -84 -20 -64 5 -10 30 4 55 -49 -3 23 -57 -69 52 -16 -26 12 -45 -7 91 4 59 66 -49 -65 42 4 3 -72 -91 -4 -79 75 22 42 0 56 -23 -53 84 -83 -64 74 -26 -9 65 -44 32 -22 -6 55 -29 -72 -1 69 -66 -80 54 73 61 27 -47 -36 -30 86 -90 96 20 -76 35 12 69 21 52 
100 64 81 -15 72 -89 -37 0 66 36 16 47 -44 -52 8 -10 -84 -54 -38 -53 3 -79 1 -2 -85 -34 -77 41 27 18 75 22 -75 -91 -16 -100 61 -8 80 21 -2 -92 -42 -46 -33 61 -92 47 37 -58 1 -65 -37 77 16 79 -11 -97 -96 99 56 26 99 40 20 -85 57 99 1 36 -7 61 -10 31 -72 -65 -82 -99 -97 16 -6 48 -45 -22 26 -39 92 36 -91 18 -50 35 -40 91 6 16 33 46 7 54 46 
77 1 -6 10 -14 -12 -49 39 13 96 -46 -6 65 -24 50 96 -53 96 -8 87 -73 44 0 14 -94 -36 34 -3 -32 90 -65 93 71 44 -3 -44 64 14 99 -16 24 -57 -49 13 66 -42 -69 -68 -40 -57 67 -69 47 -87 -81 16 20 -78 66 27 78 95 100 33 28 -12 -3 92 -30 74 -92 -53 62 -21 33 18 74 -94 89 35 82 74 39 -47 -94 84 26 -94 -80 15 -2 75 65 84 94 -79 -23 41 -11 -39 -20 
-45 -53 94 57 11 -16 26 30 -89 -18 3 35 -84 52 97 -14 55 6 -17 -14 25 79 -16 14 24 54 -54 1 36 14 43 83 5 -66 -51 9 -96 -52 -49 -81 40 -70 -34 -30 93 -56 -75 -60 91 21 -85 64 -16 -100 55 -8 80 10 60 51 -48 62 -13 69 21 52 -86 16 2 90 -53 95 83 -53 82 30 68 13 58 -56 -69 -10 -95 -37 -73 -24 -97 74 84 -64 9 44 -46 82 90 15 -9 -70 -26 8 -80 
45 89 95 -38 -74 -56 -34 -72 -56 -55 29 16 -44 64 -72 81 -59 86 4 -69 10 35 78 -88 -82 93 -89 -98 73 85 42 36 -75 -7 -35 64 -41 34 79 61 91 -100 -8 31 -98 -37 -31 5 -3 -41 -53 51 8 61 -64 -2 -44 -15 -29 -57 -98 64 -97 -2 -34 -68 -15 -45 -55 -93 67 -94 -38 -82 93 -84 11 16 -69 -19 91 -34 -28 -62 23 57 8 58 88 67 -99 -37 56 3 -29 32 -20 38 29 92 88 
-22 -46 73 -45 -51 -80 0 18 -22 -81 91 21 2 76 81 60 -61 -4 -90 -58 -31 1 91 41 -22 -18 -37 -58 47 40 13 -68 -93 -41 65 -93 69 7 88 12 -71 55 42 95 56 -61 -10 4 -1 43 27 36 43 15 -99 -8 -6 -87 43 97 -69 100 -85 35 66 -97 -76 -69 88 -96 -67 -22 -24 -2 44 0 85 83 17 -81 14 -56 -23 35 91 66 44 2 -37 76 37 38 35 95 77 32 -41 21 41 30 -81 
-46 11 -12 -70 -4 21 37 -92 -64 34 72 42 29 -33 88 29 0 71 86 -20 -53 63 54 79 -18 94 85 86 -17 -82 -64 -14 33 74 30 15 -56 29 57 -7 76 -50 73 95 -20 -60 72 41 -98 -77 -29 27 93 -3 -37 -22 12 31 24 43 95 66 -62 -22 30 -41 -11 -9 32 11 -33 5 -37 40 -40 -12 68 -86 61 -49 -20 -28 -64 17 -82 -20 -49 -16 -62 87 71 75 55 42 30 53 52 -68 72 -32 -56 
-96 -9 -6 -92 3 -58 -60 26 86 -49 -97 62 -42 -36 83 2 41 -49 -21 -63 -94 15 -81 70 24 -64 -61 -84 74 16 28 48 38 -60 -41 85 -9 79 -22 91 24 66 -98 18 -1 88 42 -83 -88 26 -97 23 -25 54 -58 3 30 80 -66 -84 11 -37 -16 90 29 -99 -61 8 68 81 -5 -71 27 -91 -89 98 -64 -38 58 -19 74 44 28 61 -98 52 19 70 -32 -88 -54 72 41 58 -42 -27 20 -80 -18 -68 -21 
89 28 91 71 -88 12 36 -49 30 34 -1 86 -41 -37 -70 -65 -90 8 -90 -61 88 -63 -92 -56 53 -59 1 21 -83 -58 4 63 29 73 -21 -35 -86 70 76 -26 0 53 27 -5 -15 21 -56 -32 44 -24 19 -90 -50 -36 72 -57 53 -81 89 -64 40 58 25 -35 -10 75 -81 -90 88 -80 -90 -42 26 89 -18 89 -36 44 53 26 88 -99 44 95 73 11 66 2 59 83 57 -55 98 -45 -15 -2 -68 -90 83 5 -36 
-6 46 99 61 -24 79 -40 40 55 65 -2 44 -9 1 9 46 24 78 -33 50 4 -15 19 36 -17 100 -97 -30 -15 50 -46 -66 26 -77 -84 89 -100 -100 -16 76 67 -48 91 -82 -28 -47 -69 -24 90 -75 -46 70 -3 -7 97 -61 21 10 -96 -74 85 -94 34 59 -98 72 -62 98 35 57 48 -34 16 67 36 -3 -54 99 34 39 16 50 73 -7 49 -58 41 -20 71 54 -78 -82 79 -3 52 -48 -65 68 39 -22 63 
-77 -64 57 -97 -6 -83 -49 -82 -64 -32 -74 0 73 -53 5 25 -42 55 -58 26 30 23 -79 38 -68 66 77 -21 -25 -20 7 -11 -39 38 -1 52 22 100 99 -12 32 -69 -40 7 44 -21 9 1 71 82 -11 -37 -50 29 49 -43 -51 94 9 27 -65 -85 -89 31 -17 93 66 40 -59 -28 -65 -80 64 27 6 32 -87 96 41 71 -16 55 3 -27 76 13 -30 75 -30 -9 67 -5 47 38 -83 -85 -70 12 2 36 63 
-43 69 19 -31 -91 -64 67 -52 -43 67 29 -41 -3 83 -92 -62 -88 40 -91 70 16 10 86 -56 -60 80 40 -84 -8 86 61 18 -22 29 42 69 75 52 -85 -48 -67 90 -20 -79 -93 -100 -33 -93 65 75 53 -11 53 -51 44 -89 79 -10 94 -34 53 -23 -91 -28 -72 32 56 -57 33 8 2 -49 95 -64 -87 -59 -97 -84 0 -19 -30 82 -89 6 33 34 88 -2 -57 -20 96 -26 69 -30 40 -74 -27 13 -8 -60 -24 
95 -78 -71 78 -47 75 -18 -3 -89 5 29 -20 80 60 -96 -33 37 -64 65 23 86 91 69 -31 -60 79 81 35 -31 94 -68 -19 -85 -93 -37 60 -70 -15 74 -75 -32 -18 2 96 39 -47 -43 -86 -68 8 94 -57 67 16 -17 -65 95 -7 32 -81 -81 -100 97 57 80 -35 -20 -43 86 61 0 -73 27 -10 -43 64 4 -14 88 71 10 66 65 -7 38 69 89 22 10 77 37 -77 -77 41 8 20 40 33 100 39 84 
36 -79 -95 90 -41 38 -30 79 72 14 -11 87 -65 -99 12 -50 0 -70 65 -21 -99 61 82 19 -47 50 27 -12 -80 51 -95 -93 34 -50 96 -10 -50 16 -73 6 -37 22 24 -93 -27 -11 -14 42 5 34 71 -52 87 -66 99 21 13 36 -21 -91 -45 -70 -65 17 90 -86 73 -26 -24 -94 25 54 97 -96 4 -66 -100 -48 42 -23 46 54 -8 -89 -15 -43 64 -21 45 -49 -23 -72 -37 -75 -94 54 -86 -19 -88 89 70 
-22 -95 -4 22 -7 -21 -66 -61 -42 52 -90 -86 -53 -20 85 -71 -100 -87 -41 -15 1 6 74 65 89 73 -2 -20 59 34 31 58 -8 -83 54 -40 -98 99 -100 69 -14 88 -100 -66 -55 -72 50 -100 57 -89 26 86 -13 23 33 -98 18 -34 -39 -22 -38 51 -37 36 35 37 -77 2 -31 -41 23 -74 64 87 -68 98 -10 -63 78 59 -53 -18 100 12 -16 -34 29 -79 -4 66 77 53 63 -88 -23 57 -17 14 70 19 49 
90 46 -11 -30 -35 40 85 -28 32 -83 -7 18 72 -29 -67 -56 -78 -23 47 80 -17 87 -38 -9 -59 32 51 12 -51 12 84 -89 -100 -84 -60 -86 -11 -49 39 91 -65 -90 80 -59 -54 80 10 -43 -83 69 -39 -51 -40 -30 65 80 14 89 -75 -20 85 16 88 40 -78 -21 68 71 9 -25 56 -46 -49 -22 -33 -82 25 -43 24 -16 -96 96 -31 12 96 75 28 -88 -58 70 -54 64 -77 -74 -24 36 8 -43 54 96 -71 
-45 -20 58 63 35 -86 -23 56 -67 50 43 42 -14 26 12 25 -25 -88 57 -5 -37 -63 -86 70 -32 -67 21 -24 -23 -61 -55 54 75 77 56 -28 16 -89 -83 17 -94 74 79 55 33 -60 96 30 50 87 -96 -32 56 72 20 -50 80 72 95 20 41 -63 -65 -26 77 47 53 -84 -13 95 -83 16 -76 -91 -72 91 95 100 31 -93 29 -43 50 -1 -48 27 31 97 -35 -13 -4 -55 73 -38 41 -34 78 28 -57 79 21 
49 -27 -38 87 -55 -35 -34 82 20 36 -86 59 87 72 28 34 -15 98 -85 -25 -91 64 -10 83 62 -60 89 58 88 75 -36 -45 7 50 93 46 100 -50 -7 -39 9 -43 13 41 -26 -99 -48 97 94 -26 -32 -32 68 -47 -32 96 21 -43 -6 -14 93 0 80 56 34 -23 12 -59 13 5 8 55 16 14 -92 -67 70 3 30 80 68 -26 -62 -9 56 51 32 97 56 38 84 26 -18 11 -21 25 -44 47 37 -24 87 
-11 27 -1 88 -69 -70 -16 -42 79 24 79 -85 -48 -41 -11 60 97 80 93 92 -74 -71 -76 13 -92 100 -88 -73 -97 69 -73 -91 9 50 56 56 53 -5 16 27 44 -2 -12 -60 -72 -23 -58 -11 4 68 -62 -74 84 -62 -69 -94 -50 33 -82 40 46 -94 53 -9 -27 48 27 98 31 -68 -99 46 77 49 -10 76 -51 78 -75 -86 42 -79 -10 -28 98 -67 8 69 -9 73 51 71 14 87 22 -30 -22 98 -80 -88 -51 
-73 92 -16 31 -3 -34 97 -65 -55 46 -40 50 -50 56 -5 84 -21 -98 13 100 -98 17 -71 -61 -28 -44 -8 49 92 -68 24 -70 -67 74 96 -69 -42 56 -97 61 88 -41 -92 31 -36 -64 23 89 72 28 -43 14 -40 36 82 83 -35 34 -52 -100 2 -35 -46 13 48 90 -18 31 75 -58 -1 81 40 -95 -99 -26 -58 -93 -2 24 74 55 -79 -73 -12 24 28 -21 -82 56 96 -38 75 64 -83 -75 -90 93 -68 96 -20 
27 -75 82 -60 74 12 49 -4 -6 -34 -98 65 98 -53 -42 -29 48 -41 -73 66 83 36 -83 -34 50 96 23 -35 93 -67 -45 69 39 -9 -65 82 99 7 -67 4 -11 -8 -85 -65 23 74 8 -5 60 72 36 -89 71 66 -95 68 -36 15 -30 -13 -41 59 82 -50 80 77 -33 80 73 -72 -88 -31 -96 61 -100 100 4 -66 47 55 46 -49 -94 -66 -9 -98 -55 -25 6 73 -8 91 -91 33 -20 16 -98 62 41 -77 93 
73 -35 -95 -72 -75 -97 -7 -8 2 -14 -22 6 -87 32 39 -60 68 -33 82 35 9 19 81 -62 70 -90 -21 31 86 48 44 23 35 15 59 -44 -79 40 -49 -16 -34 87 -2 0 32 -21 92 87 -51 65 86 22 -28 -54 -3 -39 -63 -27 -66 4 -16 -89 62 52 50 -80 39 35 -21 -65 -83 59 54 -54 46 -30 -99 32 -5 -43 -75 57 8 55 89 42 7 -28 -9 -25 -60 -82 -46 10 46 1 98 -65 -7 -27 65 
78 76 -44 -71 -74 87 86 99 -75 87 -35 -87 72 26 -54 -77 19 77 -70 49 100 65 44 -45 -6 68 -20 9 -49 48 -80 10 -56 -30 -14 91 4 80 -92 82 -61 45 68 85 35 77 -95 -10 -1 55 -89 -82 21 64 -14 69 -60 2 -45 -13 64 -18 61 65 36 -49 -37 -5 21 33 -15 76 29 5 -77 -51 -61 -39 -1 7 -100 75 -78 23 69 -82 -77 62 -59 -71 -46 -81 18 -28 -77 -42 -57 -46 85 -15 51 
20 -90 60 -83 40 -73 53 -94 31 -74 57 68 72 57 29 -69 50 -12 57 82 -16 -17 16 -19 20 -85 -36 -81 -52 82 33 -86 -89 60 80 77 -53 -6 10 -58 -80 97 77 -39 -76 -13 25 -36 0 -72 -4 53 -96 -13 86 -2 1 -45 -74 -70 -16 -47 -57 16 -98 -48 21 -85 -48 -77 -17 -23 8 11 69 2 4 -86 50 -17 -11 -45 -31 2 29 17 35 62 96 47 -97 13 -3 91 28 77 -90 -23 -99 14 -82 
-46 -48 98 -18 -7 86 -26 -99 -96 -87 -30 -68 -74 39 -29 88 -7 -44 -25 -9 47 -93 64 -84 24 31 91 70 -96 -28 58 -32 62 37 72 32 84 -71 82 -90 -85 -62 -43 95 -81 -82 -80 57 73 -9 -72 66 15 16 -70 29 7 -25 -32 44 -45 -1 -31 25 -13 -53 60 -68 -22 -65 -90 90 -67 -27 72 45 -24 -44 44 -11 19 34 -82 -55 22 36 38 93 -19 17 -36 39 -43 -62 -55 -3 61 99 19 -77 78 
-37 44 31 -12 84 -33 -100 -46 -73 59 65 -85 52 -24 -60 28 29 72 -30 -73 -81 -4 76 16 -98 -15 44 -41 51 -10 -78 40 -73 -59 -93 74 -31 10 80 93 -39 -100 24 -11 5 45 6 -27 97 -16 44 -12 78 75 -71 9 21 -26 -65 -91 59 91 -77 32 -69 -38 -78 -94 -45 50 -25 -73 0 38 -35 82 -68 -42 84 -3 27 -90 -39 -11 -80 2 -41 56 81 66 -9 66 -52 77 49 -57 -62 57 -4 -63 -91 
3 -43 -64 -71 37 -79 -87 -19 -71 -40 3 -3 -29 -89 -27 11 -84 -36 -39 26 61 -93 44 7 13 -30 -54 7 51 -50 -6 82 65 36 -82 92 -47 5 16 -98 -69 -31 -86 -13 -29 77 37 -76 -47 -67 -75 74 87 69 -22 47 73 92 -35 -51 -4 77 37 23 31 -97 -92 32 -83 36 99 100 38 4 -74 53 -17 -28 32 21 16 -83 -65 -2 31 -98 79 35 -68 48 0 -88 -32 -46 89 76 -92 90 -12 -45 1 
-70 -25 36 15 -88 88 63 38 9 -90 -50 96 92 21 -20 15 8 -86 -8 50 -34 48 -64 -68 -42 31 -56 -73 91 8 87 82 28 37 -60 -87 -26 -10 85 44 39 -58 3 -84 92 -58 21 -75 -15 51 -90 -54 -5 88 -30 47 63 22 -16 95 -26 -75 37 -25 77 85 -13 -84 48 -66 -8 13 -24 -19 38 -29 50 -60 21 -8 36 -40 -59 58 39 -91 -69 37 24 86 -29 94 41 -100 -38 -23 57 -3 55 35 -7 
100 25 -33 -92 -60 6 30 42 -30 -23 64 65 -16 2 -49 -29 9 -35 70 79 -35 43 89 24 -2 95 70 15 19 24 -38 -18 -7 12 -53 -76 21 -43 99 39 0 -2 -67 52 70 52 3 -52 21 -7 -64 12 0 -80 -87 -58 -93 1 88 -17 -20 -100 26 69 -42 48 11 85 -42 42 -57 23 36 -77 -81 27 -41 29 95 -4 -73 72 -70 30 77 48 -36 -62 -85 24 -53 62 36 -76 96 55 -50 89 76 -92 -88 
35 -34 3 -82 30 84 -36 -43 -74 -21 -48 95 -68 49 -77 -11 -88 39 -76 -3 -51 38 86 88 -47 -61 14 77 96 50 -94 -73 -82 -2 -54 94 -74 -87 80 44 -90 -2 37 -60 -12 -19 72 29 -62 14 65 7 98 -77 4 25 36 39 61 -85 -97 -83 -24 38 -16 -61 12 4 93 41 94 -30 83 -21 -79 34 -88 -30 -14 -16 -97 34 54 -7 -95 -95 -9 2 13 47 -22 -68 31 -97 43 92 32 72 -3 9 9 
18 56 48 89 86 25 -38 -10 14 59 26 38 -74 -3 -90 18 56 -72 25 -4 12 88 -70 -36 -56 -83 71 57 70 37 16 -25 89 -19 -83 20 -55 -89 -54 100 -67 -19 -58 -61 -65 32 0 -72 94 12 -67 88 -60 -16 -46 -5 87 -53 82 -80 77 -83 -1 -82 -86 -60 -78 -41 78 69 14 -55 42 33 59 -82 -21 -11 -73 79 0 28 43 18 71 -40 22 -34 -100 79 -14 6 34 -12 78 -3 42 -79 53 14 3 
32 71 90 -79 85 70 -31 73 65 82 57 -83 -43 -76 81 -2 -61 11 31 -89 -27 -92 78 76 46 27 43 -72 -6 -60 -90 51 -60 84 -67 -50 -33 98 -87 -14 -82 34 -2 -68 -98 -54 85 51 59 -25 71 47 81 30 -97 23 -88 58 -61 59 95 -66 -91 -53 -10 63 35 -54 -85 59 73 50 -62 59 94 5 92 -35 96 66 -100 14 -33 -40 61 60 90 -49 -19 17 51 -32 -95 25 36 4 -30 -52 -12 4 -29 
67 -44 -37 -73 11 51 -26 -59 10 -92 78 -16 -81 98 58 15 99 -70 -55 61 16 -17 -92 -80 90 88 -62 43 -51 -12 95 58 -65 95 -60 -89 -31 -49 10 19 29 0 95 51 85 17 -35 73 18 -32 92 43 27 -59 23 -58 100 -52 -11 56 -2 48 21 69 21 -80 -43 18 32 75 -60 -51 -72 7 -59 -99 -23 -72 87 34 -60 -30 97 58 -96 22 -94 -29 41 -13 69 56 38 60 27 -19 -82 53 -54 19 36 
-39 -17 73 -35 -98 95 -5 34 35 56 -94 -16 -90 -7 -92 -67 -97 -68 -26 -54 61 -41 79 38 64 -91 -25 39 80 -18 8 18 87 -58 0 43 31 -73 -17 71 23 -60 68 57 -25 -63 43 39 -78 12 47 -5 -55 90 87 43 -9 -54 34 47 -56 -80 -17 -97 91 -37 19 -97 97 3 14 4 91 17 57 67 -34 -80 -96 85 92 65 54 -25 31 70 42 92 -68 14 47 77 -22 -77 -40 46 55 6 46 77 -87 
-82 -29 49 47 -31 -3 -73 -64 -11 -31 27 -93 -16 64 53 92 -6 21 27 -71 79 -55 -39 80 46 49 82 32 -28 -76 -77 8 10 31 71 -43 -47 49 86 64 76 -87 9 -42 -47 63 63 -33 -47 64 72 30 -73 90 85 -91 51 9 -65 90 -96 36 -15 81 100 -98 -32 -86 20 91 -10 67 -66 -84 -39 -48 7 57 -37 18 -80 22 48 77 -85 -10 4 -87 86 -82 54 -58 33 35 85 -34 -99 92 59 53 -23 
-69 83 4 -60 94 39 60 51 14 -5 47 94 33 -41 10 12 -71 -62 68 95 64 29 49 -51 59 -30 -82 -18 -6 92 -62 45 -47 -65 56 -61 -84 74 -70 -80 38 14 45 -87 98 -78 -55 -39 -84 81 -99 -13 -44 0 -94 -66 14 22 27 62 8 22 3 -49 83 -49 -88 -80 58 0 -41 46 -21 80 -3 29 -18 2 -79 -65 96 80 98 88 -87 51 50 -1 -68 -48 63 38 38 -100 -49 -20 39 18 24 -71 -13 
6 -10 16 -20 64 -34 -50 -24 -46 75 59 86 -16 -38 -97 -42 -72 55 31 -98 -47 15 88 59 86 -36 46 -76 -27 61 -90 -29 -93 9 -62 64 66 88 -51 -30 69 81 20 19 -80 23 -87 51 -83 -56 71 22 -92 93 -3 70 65 -71 34 75 73 48 86 -11 -61 31 100 97 98 -57 -19 -5 19 69 -89 -29 76 -97 -71 25 24 48 -71 -20 -59 -74 -80 -88 98 58 -92 -91 -30 93 64 -98 30 -71 80 54 27 
-11 -29 -74 -83 11 -99 -64 62 -30 76 7 -32 -37 -69 -45 -76 88 -41 33 -23 -15 -62 -4 -52 -3 -7 -19 86 48 59 50 -59 70 -79 3 68 83 81 -69 -62 9 93 -98 50 -28 61 46 32 -55 -16 -49 48 -86 -5 7 -83 65 82 96 62 63 -73 -74 -88 36 -31 60 82 43 52 -35 71 -30 16 -52 -47 -37 -20 -37 -97 -98 62 24 -96 -75 -39 -3 -45 32 -32 -48 -7 -18 98 9 -58 -5 26 24 89 -63 
-66 -72 88 45 -35 -10 30 99 -2 61 45 -83 38 19 -7 40 -33 66 -28 -47 -39 -47 -41 -17 9 64 -48 65 67 -21 61 -24 67 -62 26 62 16 33 -67 -5 -38 75 -55 -50 17 84 -6 7 -15 -5 -31 -40 -21 -98 -86 -57 86 29 -44 13 2 85 -70 32 -82 23 -12 -34 83 53 -30 0 48 0 30 97 -54 21 -47 81 0 -25 63 -80 -45 -74 43 18 98 90 -71 2 -56 -27 -23 7 -40 96 -81 14 87 
39 51 28 -19 -22 30 48 -93 -89 -52 -24 92 100 -95 -82 94 98 -62 -60 -38 86 54 11 7 -1 -54 29 84 76 -100 1 -24 48 13 91 -53 21 -15 91 -48 -57 9 -35 97 0 84 -7 -54 -28 5 89 -95 -41 17 72 58 -39 -1 -38 -71 -54 73 -92 41 -60 -51 92 -15 -56 -33 77 100 -62 59 -97 -33 -98 -52 -3 -18 -71 -70 19 63 81 -67 -21 93 79 39 48 76 -89 -82 -18 -30 71 44 16 -25 92 
-13 -16 23 85 -78 -4 -25 -28 -80 -95 -16 25 36 58 87 22 71 -86 -28 -54 68 6 -27 -62 -80 81 16 14 -30 77 -96 11 64 -97 60 64 -98 -60 -39 -72 -54 -1 -64 -7 -60 71 99 4 100 -59 -79 88 25 23 -6 -2 -13 -48 40 -48 58 64 -20 80 -63 -41 100 -8 16 -38 14 -3 15 -48 35 72 -90 -62 97 39 93 18 2 88 -54 -54 29 -56 -1 84 -34 -11 -50 98 13 80 -58 62 45 -100 6 
82 -34 -60 -27 -8 -52 70 -82 -49 4 55 5 -65 -11 75 14 -32 52 -65 -78 27 29 28 48 85 63 62 -82 -10 13 -75 62 12 6 -32 -88 -93 40 -46 -64 -30 26 -39 -1 11 -79 33 74 64 -28 -48 51 52 11 -24 -63 75 92 -24 34 -96 -4 -8 -87 -54 -44 73 -5 -64 -99 -66 -5 55 -2 38 2 -83 -87 11 92 16 -38 -45 0 72 88 66 51 25 -20 -16 -43 -5 -84 14 -66 84 29 -46 -93 -50 
