18 -60 62 -72 62 -80 30 10 80 -97 -48 19 -53 -53 -95 -100 77 -66 84 81 -61 8 -83 96 -10 72 32 0 -92 -8 -94 55 72 -96 -67 85 76 42 35 96 -22 -70 19 30 -64 -74 20 25 -65 -1 50 -59 55 11 47 -57 47 51 -73 98 -77 58 39 
-52 50 50 -18 -6 -41 17 -80 29 -9 -68 21 -64 -44 -76 70 -40 19 -2 -15 -90 -79 -88 -77 -94 -91 -70 -44 -24 -88 18 -26 -64 -13 -69 48 -36 76 -84 18 -69 15 -3 -56 -96 3 94 26 90 3 -62 33 -16 -40 84 -22 -68 -27 48 17 -61 -79 -60 
-50 -21 -76 9 95 97 98 -17 34 -71 -53 -6 29 -23 65 -14 -94 -31 93 51 29 -68 22 -49 35 51 2 10 -12 -64 -14 -18 85 -33 -60 -8 57 79 57 -17 -71 -25 -29 -33 0 -53 -96 36 32 53 -60 -47 -38 16 10 14 -87 -36 -82 -83 -33 -57 -90 
37 53 -55 86 -65 -42 -89 -22 34 28 -84 25 -59 11 45 -80 -16 50 -86 -70 90 -16 -4 25 -54 -69 48 43 -39 90 -4 -61 36 -11 -58 -45 76 -21 -33 100 -98 97 -68 -7 14 3 -68 13 62 -46 7 -32 -85 14 26 82 40 42 -75 -92 -34 25 -38 
51 -18 -1 -51 -28 69 -56 70 -12 36 -90 -87 29 18 33 -42 -18 75 -80 52 89 -99 93 100 -96 84 4 -90 30 -23 3 26 -10 -64 6 3 -53 -33 -90 -88 -26 -95 -21 57 -49 68 17 20 -23 5 -10 76 1 83 87 18 94 -29 -49 -82 3 26 -31 
-4 -80 -18 -46 58 -46 99 -70 -5 -51 31 63 64 -77 22 91 -12 37 47 -26 31 76 77 -67 74 -85 -40 41 -3 -50 92 -82 90 -79 52 39 -27 -63 -17 -47 90 72 -27 59 100 -49 88 -62 -59 21 69 98 99 -49 3 95 -51 -76 97 -6 27 -1 6 
61 -15 1 77 -99 -13 76 4 64 -54 -68 -42 -85 -3 20 34 -19 -96 -15 -37 19 -59 88 70 -55 82 -6 -5 26 -14 -89 34 -41 -56 -46 90 -47 53 82 17 3 -40 -3 -35 -86 -14 48 49 45 -95 -45 67 90 80 47 -52 23 -59 96 42 62 41 -60 
11 58 -83 -13 -82 -98 10 -38 60 27 31 32 49 -56 58 -70 -38 -22 -67 -16 -83 -12 68 55 -65 12 80 -77 93 45 0 -63 -98 -77 -46 87 74 -78 75 58 51 -49 -8 26 -78 -15 1 41 -5 -47 -36 -41 90 -7 -53 -91 95 -7 -8 -29 100 27 -57 
-57 -34 -12 53 -47 -84 17 63 95 -55 76 22 47 -71 78 41 36 47 73 35 -47 56 81 2 -47 -26 -85 -9 11 29 8 -94 23 94 -7 67 -63 43 -72 -74 -81 23 53 -17 75 -25 14 82 12 43 -55 41 -36 31 67 30 52 76 -54 59 64 -37 48 
58 -63 2 -59 97 -20 -19 92 79 -59 -18 -18 41 88 -10 62 -98 -38 -24 -19 32 -52 -50 -87 -74 31 84 -7 44 31 -58 -64 -34 -45 -99 -49 -5 -41 -90 -20 31 -41 -31 -51 -47 24 -36 100 26 -59 10 -51 73 55 -81 -13 -64 -73 96 -63 0 8 -17 
82 15 61 64 -35 -1 97 96 -45 -30 100 17 -57 55 -14 8 -55 68 23 -33 6 -39 -10 49 -67 4 -9 28 13 66 -78 -4 -44 -43 93 -28 -86 28 11 -16 45 43 -67 -88 13 46 -28 80 50 69 -75 -53 89 -40 -64 -32 -6 8 -99 -97 84 32 -58 
78 12 -79 -22 68 -67 12 -64 -13 85 84 8 77 4 34 -86 -53 -29 -88 -29 58 -80 -68 9 -27 -3 85 -59 74 63 2 10 45 -93 -46 59 -25 -70 34 -9 -49 -63 54 -44 27 -58 -62 -69 8 18 64 -35 42 -57 40 -43 -8 -58 -19 -72 29 -61 44 
56 5 -57 -96 2 33 64 -97 53 -26 -78 -88 69 39 88 -74 83 54 -69 -98 15 62 -96 50 5 46 -97 17 -93 -70 96 33 -23 -86 19 69 -98 -60 -74 92 39 71 26 -87 98 59 37 -23 -48 -62 -20 77 61 -24 -29 6 48 -23 -72 -96 98 87 25 
80 49 -40 100 4 -69 69 68 47 97 -36 17 -76 22 -47 97 -18 -23 -70 90 47 -52 84 -50 98 68 15 -46 86 54 -46 -6 -37 -94 51 -9 -40 -37 94 91 26 93 -62 0 16 -3 -91 13 -42 1 -11 -8 51 -30 -51 -59 -44 23 17 21 29 82 84 
-36 32 53 17 41 89 54 76 -11 -94 -89 68 -82 -55 -97 34 -38 -92 30 59 8 -87 40 51 -19 -12 -97 97 -92 -56 -30 -76 -57 72 36 -76 -61 -47 -98 -25 -56 -41 62 -50 98 38 -5 85 -99 88 -95 93 97 22 86 -36 86 -7 97 -84 -95 -45 -36 
-53 100 -58 -38 -54 44 31 -45 -39 -25 -97 85 -73 -61 19 92 -84 28 23 90 95 93 -47 86 58 -74 68 36 84 -35 -21 73 -34 16 -80 69 -50 8 -36 1 -46 91 -25 16 -55 -100 50 67 3 99 89 59 -9 3 7 64 -70 -96 -9 53 99 42 91 
59 -35 -51 23 36 -59 88 -57 0 66 -52 -74 14 61 -20 -39 -65 71 20 27 61 -30 -50 -53 78 -85 14 46 60 61 2 -83 62 -51 -25 -19 6 -79 41 -1 63 -36 19 -61 -72 93 -14 -63 79 -35 -22 34 -13 -51 -80 99 -26 68 -57 75 39 -69 84 
-71 9 80 46 -62 -100 6 63 -75 60 99 -53 -32 -60 57 62 -5 -68 -74 -48 35 -49 -37 56 2 -21 -78 -24 -27 13 -60 71 62 100 -7 -68 -83 34 1 64 -42 33 95 -72 -5 -10 -45 95 79 50 44 -80 -20 33 25 -91 25 10 -14 -76 -40 17 14 
65 -20 40 55 24 -7 77 2 31 -17 -24 97 75 19 -16 45 -73 83 80 71 84 -26 -66 -30 85 22 -31 45 -38 43 -44 -54 71 31 43 -63 -28 40 -25 33 -68 -96 -68 52 -96 7 81 62 61 96 -72 76 -50 26 97 -44 -5 69 -39 65 45 -94 21 
27 -61 22 -73 -3 -21 -60 -41 69 5 94 11 81 -87 -77 5 72 -49 -71 -23 -6 -68 92 26 56 5 -70 93 54 -29 99 73 -22 16 62 92 18 92 -40 8 -95 91 44 52 -69 69 -23 53 85 54 58 -16 -78 -58 -27 -60 -94 -10 6 -6 9 39 -14 
-7 43 44 8 -74 49 84 47 -87 96 -58 3 80 -63 97 97 14 -12 -40 -2 -1 -40 68 74 67 99 84 65 -75 -63 40 -42 -34 -24 -70 -70 4 -83 45 -27 41 92 -56 -81 -47 46 -19 20 84 -57 32 2 57 -56 35 -99 11 26 35 100 53 -44 -53 
-92 11 49 64 -8 64 85 -35 -74 -12 -42 94 -84 -62 56 -96 62 54 -93 -26 -66 30 -17 2 -19 27 66 57 27 -92 -87 99 -1 -7 99 46 30 15 19 60 35 2 86 94 -82 44 74 -89 0 -18 -91 -89 16 -29 -18 53 64 66 -73 42 7 71 -2 
-94 14 99 39 -30 65 -6 23 55 82 -68 23 -31 67 29 -20 -44 88 93 -37 -100 54 6 -32 100 -6 15 -66 9 -100 -18 9 -66 -100 -67 -29 -32 -91 29 -79 58 -33 -5 15 81 -14 -42 -84 22 83 -89 77 94 -67 17 56 -98 -68 70 16 67 -96 -15 
-30 -62 29 82 7 -42 -50 66 -47 87 -44 -70 8 70 36 -54 75 -21 52 25 94 -5 -53 -22 15 -54 -29 51 88 -33 -76 -58 54 -26 -89 42 -64 -98 82 -42 76 41 68 -89 -92 49 -37 96 17 10 97 79 -4 -91 91 83 24 -76 17 -52 -10 -77 20 
79 -53 22 -72 21 12 15 -35 3 -28 -29 -46 0 11 -27 94 -36 46 -70 -46 -57 -75 39 40 75 -69 -63 16 8 17 -92 90 58 -15 -76 65 56 -75 -9 -62 48 -74 -56 81 -42 29 -38 24 -14 -3 68 -39 27 -78 22 48 13 2 -50 -60 6 -48 28 
30 -25 -90 4 64 -55 52 29 -4 -54 38 68 24 -1 96 -59 -3 20 89 39 2 -42 -70 70 22 46 16 -85 -32 -93 41 -25 -15 -55 15 -77 -30 -41 87 68 81 -14 68 95 39 -50 -84 95 85 -100 -54 -5 -31 -49 22 -7 20 -31 4 92 79 10 28 
-1 68 -53 60 -8 -91 4 -51 80 83 57 -77 -62 94 49 -6 -68 -50 -34 -70 53 3 -48 88 -18 33 47 -7 -11 92 83 78 61 -81 14 -41 -92 -97 -30 -20 -31 60 99 -87 33 60 -41 -2 -30 21 -12 -63 42 45 68 45 -84 -26 57 -68 -32 -87 29 
-95 -38 -3 89 -90 -2 -88 -67 53 80 -86 -13 -99 92 82 66 -33 -72 -16 -68 -97 3 -77 73 64 -62 -34 5 -28 -54 37 -97 97 100 44 -34 30 44 -28 -15 32 -89 -68 -3 -22 -94 4 34 -47 -71 50 -84 -10 -8 -50 49 7 -96 -67 67 90 -31 94 
44 83 -13 92 -99 87 51 7 -73 -4 -15 -7 -93 -73 58 64 -42 -14 30 -12 2 13 -69 3 -96 -52 -56 -19 88 58 -60 -90 -38 62 23 44 13 -58 -36 35 85 4 31 -23 -66 18 62 54 -28 -52 45 -77 -68 57 26 64 25 89 50 48 25 5 11 
-33 -92 -77 63 -12 -9 -66 -85 -2 -18 -25 13 -45 0 -13 70 99 -12 64 -46 13 52 32 25 94 51 12 -72 31 84 81 -66 -41 26 -43 82 -7 -45 77 -24 39 -98 -80 33 22 -16 -7 -39 47 64 -16 8 81 -74 -32 -59 -83 -59 39 82 -68 -44 -91 
-80 -34 -9 -66 -95 38 -76 92 -68 98 -8 32 74 -92 14 66 98 28 -62 -90 56 -18 -6 52 21 -55 -84 66 46 -3 -50 40 14 65 95 -41 73 -31 23 63 -74 62 -91 -84 -41 41 -24 79 4 77 -56 -3 -23 -27 -84 42 78 -2 -69 -48 9 3 -35 
41 20 10 -44 49 17 87 -44 78 12 -20 -85 4 -31 79 82 -84 -85 24 48 46 -4 -34 -99 93 -34 72 -27 44 -10 48 -30 50 2 -97 78 -69 -16 -74 77 23 -22 80 8 -11 -39 -98 93 55 -88 -48 -94 83 -16 89 93 48 21 10 54 48 50 41 
70 0 31 75 28 24 -38 1 -90 90 -56 100 51 -59 98 22 51 2 -91 -86 -40 -26 -4 71 71 -14 44 -39 -84 -62 -41 94 75 -86 -52 -37 30 -73 54 95 -23 22 -44 82 -9 17 89 41 -71 -58 34 -27 83 -74 -43 -2 -29 99 -100 98 89 -83 95 
10 8 -26 -60 -91 -93 52 -45 70 27 18 -78 -83 -75 -77 26 94 75 -7 64 56 -72 -77 77 36 18 -89 13 64 1 5 99 -29 -27 0 21 -17 -48 -41 -17 -77 -90 88 -56 -92 -94 -59 45 -17 -77 15 -51 -33 -70 50 -44 -87 67 -10 -34 -61 -50 -66 
18 -13 50 68 25 -13 -1 82 -43 9 75 61 -72 41 94 0 21 41 -33 -69 -100 -70 -59 46 83 -4 25 -5 8 33 29 -23 98 76 2 76 66 94 -46 -79 -77 -48 -18 -59 58 -99 45 59 -4 -8 35 63 1 84 -64 13 -33 52 -79 -91 -86 42 -96 
-77 -38 -38 73 -48 -6 100 -43 -44 -7 89 19 19 32 31 -45 -59 -57 -56 -28 -46 -62 0 -98 32 -91 10 5 27 -50 -66 -44 -58 99 66 81 69 80 -74 -74 90 66 -11 -33 86 -30 8 33 -75 -99 -80 47 -71 -28 -87 -66 92 14 -31 -52 -94 88 -95 
64 -3 -75 43 5 28 90 -75 -57 -94 -79 -87 62 -59 -6 -33 28 45 -41 -69 -8 -16 -44 -76 29 -16 39 -59 -75 38 28 61 -42 -15 20 -74 -19 29 -59 87 -72 67 98 47 77 66 -97 -43 -61 -72 51 28 -22 3 -54 -45 79 51 29 51 -59 -74 -73 
-47 23 46 -29 73 -26 -60 -50 3 -9 -87 -72 18 -67 32 97 24 86 -34 57 0 29 74 26 89 61 6 97 -87 46 37 -72 71 -93 34 96 96 65 -93 -93 85 -13 -93 74 -1 89 30 82 -59 95 -40 -36 -92 6 -81 59 5 -15 -2 36 73 41 56 
45 -37 -18 6 88 -34 -29 19 42 77 -63 -16 -83 -20 -46 -19 -25 63 -89 50 -21 -98 93 -75 56 100 81 7 -32 69 -80 14 -55 24 19 -68 -31 50 74 48 -78 -18 -90 40 95 -8 87 16 50 -83 77 70 7 34 0 38 -23 6 -63 83 97 -37 -35 
79 54 19 59 71 -23 -97 80 20 -6 -9 -82 -69 35 -12 -41 45 -35 -13 63 -16 73 96 65 -90 -57 -10 -2 -91 -77 45 -92 -97 37 48 -49 12 -94 -89 -8 88 91 52 14 -89 -50 78 -38 37 50 16 -52 -40 18 11 -75 66 -15 8 -3 -81 -24 91 
-42 50 14 78 -70 83 89 87 -35 92 2 61 20 75 82 -23 78 96 -38 58 -60 8 -60 -51 84 -41 -54 -67 -53 -72 59 11 -51 -88 2 -2 -78 -16 -81 56 -85 77 55 -7 0 41 80 51 -66 -10 62 -41 -75 63 49 -58 50 6 -17 -7 -17 22 5 
1 -58 23 37 -7 -21 74 79 11 23 42 96 46 -98 0 -41 76 -65 -66 98 20 34 -13 16 -79 28 11 61 -23 -57 10 -98 69 3 55 72 95 94 92 -50 94 32 -50 -53 74 65 -63 -16 50 74 23 61 1 34 13 8 10 -80 -38 48 -92 -36 -9 
21 27 -63 2 -93 100 52 -24 78 97 47 -78 -90 -9 -73 81 69 13 61 13 66 48 73 2 -6 41 -17 -74 14 34 7 -22 23 61 47 11 56 -85 5 -76 -27 -97 72 78 95 -33 60 74 -87 -76 47 -37 -21 72 -45 -53 37 -84 -52 -42 -40 72 57 
30 -88 -45 -56 94 67 -30 85 45 15 85 -47 -23 34 -21 -100 66 -84 -56 -93 -30 -68 -58 32 -55 25 58 -52 -88 20 -13 -55 55 -33 1 -59 -16 8 54 86 47 98 -62 -89 -43 93 -84 -92 -14 -94 67 18 -39 89 -12 -91 -44 25 -11 -45 70 -66 24 
96 -41 27 59 91 31 51 22 -60 -13 -85 42 73 4 2 42 -22 77 0 28 92 31 37 -96 -81 36 -25 -45 -28 61 48 -92 -1 -72 43 57 4 82 -48 -67 66 -63 53 -14 97 -63 85 52 6 -31 -54 -5 14 42 -60 -24 -80 54 -95 44 -60 64 -73 
-38 57 -2 -55 -12 -71 -96 -98 -4 -51 64 4 83 49 72 16 -58 -13 15 34 31 -15 -36 -34 58 4 -62 95 -81 -55 -6 3 90 -98 -51 75 -49 -55 2 -32 -53 6 -62 -38 48 -76 -8 -37 -24 56 1 -17 -92 -45 28 17 -94 81 55 -97 -79 98 -37 
91 -81 99 -89 67 30 67 -91 93 95 -24 96 20 54 -93 8 72 -91 -98 -63 -42 -70 -73 -37 41 42 24 7 -50 -24 -98 86 -82 -21 -46 -76 -32 75 23 -12 -4 94 94 78 -51 -77 40 -87 24 -41 91 15 -39 56 45 12 51 91 -62 -76 53 -28 58 
-93 51 -35 -83 65 -51 22 90 52 44 81 -58 -68 48 25 -25 -7 -4 -7 94 -59 96 89 -2 -27 13 17 96 78 73 92 42 27 60 97 49 -16 41 9 52 -60 -55 -59 41 89 97 68 -9 -86 -12 48 92 -55 14 60 21 -43 52 -11 88 -74 70 13 
30 89 93 19 8 49 -24 36 60 -80 33 -58 8 90 9 -52 29 -26 50 -73 -72 61 30 37 -50 -4 -26 78 44 -64 61 -24 3 -30 -7 -58 78 57 59 66 -72 -59 -78 -59 6 54 68 -2 -46 -9 -65 -69 80 -21 -29 -40 76 45 -49 -11 -23 96 42 
98 -78 -57 -90 -28 -55 -98 -24 -77 -30 66 45 65 73 43 -33 30 39 -66 45 -93 40 -72 -59 21 -93 -2 31 -16 -64 -13 56 68 12 26 -32 -19 33 8 -7 85 22 0 -81 12 20 -43 94 28 -88 8 -99 34 -39 76 25 12 30 -56 52 -67 33 67 
83 40 6 -91 68 -27 73 66 1 67 -87 -98 42 24 84 38 -3 -43 89 -26 68 -70 -39 -53 5 -89 76 35 88 -50 87 95 71 -44 -13 27 57 35 -67 -59 -17 48 21 -3 -36 34 -71 -52 -30 48 55 31 88 1 -9 -61 -36 -45 -72 95 46 -29 -64 
69 42 61 -93 46 24 81 -48 -66 85 -50 67 -91 94 31 11 -40 8 -49 48 66 24 -55 -35 77 -93 75 11 88 -7 51 -82 77 86 -58 -50 -97 12 87 5 59 64 -100 100 -95 32 -96 -52 20 72 -68 -18 -66 -76 64 -51 70 -85 91 -11 -8 -8 -84 
20 79 33 87 7 63 -35 -30 -15 26 39 42 -70 7 -74 -50 84 20 -9 70 66 5 -68 -80 -30 77 -32 7 -40 -39 4 -17 -11 -77 -92 -62 63 -33 34 -1 78 43 -91 42 40 -89 74 -40 78 -51 71 51 27 -31 16 -43 -26 -94 100 -80 20 -99 -89 
21 78 42 73 -26 -55 -37 13 60 85 -32 86 -65 -10 -16 76 21 83 -2 75 76 69 88 -99 16 -39 25 27 30 53 42 -96 98 -18 -32 42 -52 18 68 -1 -55 -4 -63 -16 -28 70 57 -99 -98 -65 -4 -23 -4 40 87 -24 54 -85 -96 52 -99 0 66 
-65 -41 -20 -52 -15 85 52 6 25 -1 68 88 -66 4 82 -52 6 -3 -45 52 87 23 80 -58 -6 77 -33 83 -5 -1 62 -72 -9 -58 -46 21 -84 0 90 -52 57 -3 -61 -46 6 -41 66 -11 43 0 44 74 -66 -82 -69 28 -57 -91 -56 -45 -99 -91 17 
94 -74 -24 -39 -18 58 25 30 -85 78 15 59 20 -66 -25 23 -22 46 48 90 -58 38 -50 87 -71 76 -65 7 33 -81 -69 -22 60 23 61 51 -25 -62 46 -91 -23 30 38 54 -67 80 -42 13 -22 50 89 -63 -79 29 34 -67 84 -53 74 27 -68 15 69 
-79 45 -97 -7 -90 71 -24 -46 55 -28 -53 21 3 -71 -21 -96 -39 -50 -21 18 46 -39 61 -62 -57 45 -86 74 -57 -21 52 -70 93 -82 79 11 -20 12 93 18 -64 -71 -63 73 3 71 82 49 -67 -63 26 43 26 -55 -32 -70 -34 5 -3 4 -36 96 -46 
-62 95 -61 -12 -63 29 6 -42 51 -67 -51 -87 97 44 40 30 23 75 -82 -49 -92 56 82 68 30 10 51 45 -50 51 53 -9 39 45 41 -69 -55 5 79 -81 -92 -43 -59 21 -39 -28 -96 -83 39 18 -80 16 -92 -72 -74 61 -49 24 81 -78 59 -61 -94 
43 -29 -77 73 -100 70 -98 25 8 -60 -69 -27 66 72 16 30 -49 -8 97 -94 -7 -42 -17 -86 -83 -88 -25 -49 -5 -7 99 40 -67 -54 -18 90 83 46 43 25 -12 52 37 20 89 -85 94 69 85 -75 -65 -34 -95 -54 -40 74 -81 -22 -30 33 34 34 29 
55 -1 74 -54 97 -18 -14 33 2 27 38 7 -12 -16 72 -57 -59 -95 23 43 -77 -53 1 98 81 90 -36 -72 47 -24 -5 41 10 -71 -93 31 91 -42 37 -23 51 -97 71 -62 -79 72 -57 -73 2 -100 -85 86 65 -68 88 -9 -87 70 85 45 15 46 -74 
81 6 79 86 -52 11 24 -74 -21 -45 94 3 59 93 67 86 9 -57 65 -45 57 76 68 22 -92 45 -65 -42 53 -13 -64 36 -23 72 64 84 -19 -69 72 42 -65 -79 -48 90 52 -17 92 -73 9 30 -55 -34 82 -12 -85 6 59 73 -29 50 -66 -20 57 
4 96 99 -71 21 -12 67 55 46 21 -89 51 -43 91 82 90 -67 80 74 -71 3 68 -95 -78 38 -86 59 -77 85 73 -3 26 6 -88 -74 93 80 36 -81 45 70 26 -65 -20 57 -15 -69 -62 100 -92 47 62 38 -13 24 90 -6 -2 85 59 -64 -43 -92 
97 -63 84 -84 -87 -80 15 -63 -54 -48 73 -8 56 59 -69 99 -42 6 -5 -76 64 10 -42 84 14 -18 62 26 63 -14 -77 -90 70 44 -52 -6 41 63 -81 12 -59 0 92 20 -26 -20 73 86 -83 36 -99 -81 75 49 -90 -23 -40 65 -64 -51 -65 -27 -93 
99 86 -53 20 13 -15 16 20 -56 31 99 20 -50 96 -98 -78 62 -11 64 -76 54 95 -36 44 20 14 58 -80 15 79 47 73 -83 -39 91 -34 48 -86 76 -1 95 68 90 -30 72 -45 76 -11 92 52 59 -99 54 12 -44 24 89 -38 -99 -8 14 -65 66 
12 -29 -96 63 -29 55 -66 -90 81 -100 -72 100 -38 83 64 16 -32 -12 41 -53 -23 55 68 -64 22 28 -47 98 64 -49 9 -97 -87 70 67 54 40 62 29 76 -81 85 30 88 -76 75 37 28 -18 2 -1 6 10 15 -45 88 -63 -91 88 31 -52 -84 -52 
-100 3 -70 29 -12 35 26 47 64 83 -32 -13 -4 19 -9 0 -69 -6 42 18 -99 -16 -63 -81 -34 -27 67 -68 43 -76 -94 -46 67 13 -40 -69 85 -98 -29 -7 -71 50 -60 59 15 -75 21 -5 -90 -37 -20 87 -86 71 -34 -68 -3 35 37 -76 3 -78 80 
-97 -71 3 50 75 -6 86 95 67 -99 45 22 91 -1 3 -33 -61 14 -77 -11 -22 -87 -65 23 65 22 -65 -24 90 78 -3 11 46 98 -71 -51 -83 68 74 -55 -92 -28 -5 85 -7 -95 -41 100 -49 78 62 -37 99 -43 -55 75 -10 24 -25 -27 56 -63 -81 
-17 -32 2 -37 -46 55 -45 38 -62 34 -25 -36 28 -31 28 0 34 -23 -98 -89 17 61 57 32 100 -62 68 28 -56 -69 -20 -34 -26 -22 -91 -60 19 85 -27 6 73 -64 31 16 92 -74 56 85 95 21 -45 96 83 86 -48 44 -29 -29 -86 -47 -69 -77 -73 
75 -65 -41 20 -72 32 54 13 -28 43 73 -58 11 -59 -16 26 -88 3 45 15 -57 66 -81 -43 5 97 11 46 -45 -30 -72 -10 -61 -85 48 -27 -75 -24 99 68 -59 -94 -83 -97 16 35 71 99 13 -3 13 57 -2 8 81 26 -28 75 -1 -34 29 18 -46 
12 79 -82 -82 -100 -43 42 58 45 -30 97 -1 57 7 -93 65 81 71 -12 1 -84 49 -82 -27 -83 90 -41 1 69 -96 -100 22 -73 -54 17 8 -16 -76 -72 91 -52 -23 -70 11 63 -14 -4 24 74 -53 31 -43 -97 61 -6 28 50 -8 35 -62 21 -87 -31 
-53 53 -96 -11 -59 -47 -2 98 -46 49 14 -83 93 -29 -9 -73 64 -40 99 93 80 44 -79 -35 -34 49 65 52 -79 23 19 25 96 85 99 -27 89 98 -50 -33 91 75 -54 -26 46 8 -86 44 61 74 81 36 86 -89 41 91 30 -72 -9 79 57 80 -35 
4 26 -15 95 -11 -17 15 46 -44 84 88 100 23 23 52 69 -57 -78 -94 100 -56 -93 -48 61 -87 95 74 -91 7 65 44 31 -68 53 -74 -89 22 22 -77 65 66 -89 78 14 -46 84 -59 -89 64 22 -54 10 -81 76 -11 75 -29 98 54 66 -24 -97 -22 
-89 -63 49 -82 21 -70 68 58 -11 19 -30 49 -38 76 -5 8 13 74 51 52 -52 10 -22 70 11 -26 -7 86 65 0 19 -62 2 -67 -36 0 -58 -81 -12 -67 -33 85 -97 -32 30 -81 89 50 91 -40 -65 -40 65 71 59 48 12 72 -77 -73 -80 -85 -1 
23 -37 8 87 9 50 -72 6 -55 89 3 -4 63 -42 38 -93 -72 -21 -77 20 -67 -52 -45 -10 10 86 5 -21 25 11 80 -11 87 82 90 73 15 85 -9 68 81 -3 51 20 68 -3 -90 -81 3 -82 68 27 84 43 -20 90 -74 5 87 -93 36 74 43 
-12 -11 62 64 -39 -10 -30 -93 88 66 55 12 52 37 -30 37 -83 -10 -66 -51 63 -14 55 -71 52 -45 -72 -85 -30 -90 -39 -37 29 91 -26 -86 66 -71 33 39 58 -18 49 84 -8 -3 5 86 -70 11 -77 22 15 -24 -89 79 32 73 64 82 -49 96 82 
8 -94 -63 73 70 45 -83 85 -35 -73 -35 -52 -66 -53 56 -82 -59 -25 -83 97 89 42 -17 -48 8 -8 -54 -43 -13 56 96 -91 -60 -62 47 -76 76 -47 98 -99 -37 55 66 51 -50 -79 26 71 0 -73 -54 -84 99 -49 42 74 38 -1 -55 -24 73 66 -42 
-80 37 -40 33 -97 -34 73 25 16 1 -75 52 -16 -60 -75 -68 -72 -91 66 14 41 -96 27 49 5 99 -63 -11 -88 -96 84 -78 0 -1 73 -73 7 -32 -84 37 11 96 94 -27 98 18 30 43 43 62 99 -21 -74 -40 36 -6 -60 -72 -84 -75 35 62 -65 
79 82 47 10 -12 -75 -52 -79 45 22 52 -11 8 3 -50 1 -17 -71 85 -37 -99 -35 -65 90 -18 -44 5 -99 -84 -88 46 -42 50 2 -49 16 69 87 -3 11 51 39 -54 -48 -17 9 30 75 -75 25 34 0 20 99 66 -15 85 74 -52 -63 -15 -70 33 
100 -9 85 -56 -17 -93 -89 55 94 86 -76 52 -77 -81 -94 -87 -93 60 93 -80 5 -78 -86 19 -98 87 -92 -35 -61 -75 -17 96 3 91 100 -70 63 -16 34 23 -13 18 -24 -41 22 -54 42 38 -23 87 -100 12 6 35 5 -52 72 -2 -20 -92 31 -73 8 
-28 -2 59 -6 19 -20 53 -61 -81 73 34 53 -12 -76 -92 50 98 52 -53 -49 52 -83 7 -75 16 60 -76 -55 -14 -47 -39 43 57 -15 -93 -3 51 -83 -21 11 69 -26 93 52 -61 32 -76 -34 1 61 -29 31 8 18 11 -40 97 18 -50 86 30 18 80 
-18 -14 -77 -29 5 -90 -91 16 1 -14 -71 3 -4 -62 -9 -58 -47 42 -65 67 -31 -9 -90 46 -70 -96 -99 73 34 57 -73 -25 50 -12 -97 74 -19 22 -100 30 59 -58 21 67 -81 30 -54 1 55 45 53 73 -92 99 -5 -6 -34 6 57 7 -51 7 42 
10 70 43 -62 20 92 -17 -27 9 29 -69 57 57 70 -49 -48 -11 -34 75 -8 4 84 31 37 -62 71 39 -89 94 -23 60 -86 95 -38 93 -69 -99 -100 -65 25 -70 -40 -36 -93 -53 -98 -88 -85 -47 -66 29 -48 61 -77 34 88 84 -51 39 5 -36 -90 -68 
26 -53 80 71 8 -79 -39 65 -26 8 86 61 99 40 -3 -96 47 -98 61 38 -71 -66 50 -89 -94 -63 -24 10 -89 73 38 -95 -17 96 16 78 -65 -24 -95 4 22 -54 7 -29 -94 -61 8 -36 -57 -72 1 -61 3 20 -1 62 87 -6 27 -52 48 33 88 
33 65 -36 68 72 45 64 -69 48 79 -77 61 2 57 -78 48 18 78 -98 16 30 38 27 -97 46 -79 -79 55 27 36 -36 67 26 87 -50 -93 20 47 1 -2 26 -1 85 30 -34 27 55 -3 30 -82 96 0 79 37 -48 -19 13 -11 21 -75 -87 -11 2 
-10 19 -36 -69 8 46 7 -90 59 50 94 16 -63 28 -98 57 -5 83 -85 -69 33 62 15 -5 -61 68 -83 -33 -52 -37 58 -95 -49 -76 89 -74 92 -99 -53 17 52 50 39 74 43 93 97 17 19 56 -45 -100 -44 78 74 -61 44 96 21 82 -32 -10 -45 
45 46 98 4 -78 18 -70 22 19 -63 -5 -39 93 -36 25 52 97 -20 46 -69 -84 -96 67 -55 -78 93 -72 -32 -8 99 9 -21 80 20 52 50 -91 -3 52 -82 69 -65 -94 -22 -94 52 -33 -75 -60 64 -69 -3 -67 -15 -82 36 -26 61 62 -27 -91 20 -84 
23 6 88 -58 53 -61 -48 -5 18 71 -92 97 8 48 -6 -13 -48 -24 -59 -80 23 97 -3 83 -54 -57 94 20 59 57 21 35 -16 -40 -88 -68 -70 80 47 50 -98 45 54 -45 -13 49 21 -26 27 -82 -82 -44 -14 64 53 -83 -72 -55 32 -77 -46 60 -3 
-56 -47 -64 -42 -63 3 -1 61 -38 -91 10 -19 11 61 82 -14 -33 35 -90 58 96 -31 -93 -55 -59 81 -9 76 -52 13 -18 50 29 59 -46 63 56 56 -49 -7 51 -72 -74 -48 -10 -80 52 55 24 42 -27 41 54 91 -15 54 23 25 42 81 42 3 -66 
-59 18 -12 -1 20 -82 18 -70 52 -76 60 -93 14 0 77 22 66 -63 -73 -5 -100 64 90 40 -39 -77 72 2 -100 -72 -64 72 93 32 -34 60 -57 -16 -10 -19 71 10 0 48 -70 -40 73 92 95 -77 -10 -31 97 57 99 -78 99 25 -29 -81 -94 24 59 
-35 -49 27 9 36 34 -7 86 -68 -77 37 97 69 -85 58 82 62 51 21 83 80 -97 -89 -84 -55 -44 69 43 -58 -52 37 77 -40 92 96 -62 -6 26 23 -24 -68 -47 31 88 71 18 1 52 -96 -30 59 76 -65 -96 -42 -29 52 -81 24 52 -26 54 -68 
53 -89 85 15 65 -55 -55 7 93 -98 -94 -35 -59 -31 49 98 -25 -40 92 -21 -41 -52 -62 -27 82 70 -79 13 -92 85 -88 80 -13 -93 -95 50 33 23 -7 46 89 56 31 20 47 72 69 80 14 48 -25 40 -96 60 -50 13 9 84 78 -79 15 -70 95 
10 60 -84 60 55 -53 -76 -14 -13 -96 -81 -78 -1 -99 47 -93 4 -56 -49 67 11 29 -36 -42 -56 63 -14 -75 -30 -16 -90 -36 17 -88 22 98 -69 -56 61 -72 43 96 31 44 6 92 87 9 52 -92 -84 93 58 17 33 -94 64 -66 -46 51 61 62 -51 
-82 -90 3 33 38 -67 0 19 40 85 10 -61 -58 -74 -71 -95 -55 -4 41 74 51 -31 89 -25 -100 59 48 -1 22 91 -41 12 -73 62 -21 -69 -8 -22 89 80 -41 -30 -15 -30 31 22 -72 -20 -43 29 40 -26 -59 10 -17 -86 68 -80 -19 -60 10 90 -100 
89 -8 3 37 -50 -52 52 21 46 65 94 -17 -91 -25 23 -64 34 74 -99 -25 -47 86 -63 34 36 5 31 5 8 -83 -75 -72 -83 64 -25 -49 -72 -60 29 -11 32 -89 -25 57 37 94 45 56 11 98 66 -64 99 34 -24 -91 9 2 63 49 -30 84 82 
-88 29 -26 -75 31 -100 -9 -19 -64 15 -15 72 99 -61 -93 -3 23 -14 -28 96 16 55 -31 -33 -2 -17 95 -47 -29 84 10 -46 -64 73 75 93 -98 -81 94 98 34 -65 82 73 19 71 67 10 -74 -77 71 -51 -15 -69 -57 -81 6 52 58 41 72 15 61 
71 -77 -83 48 61 -31 -41 98 -5 -65 75 91 -76 -35 -12 58 -90 -24 -30 -92 56 -44 44 58 83 53 -11 63 -82 -52 -97 -72 77 90 -63 -39 -7 95 -56 0 98 -11 20 68 -63 -93 -64 55 -29 -79 45 -21 -92 -19 -44 35 -62 -78 -39 -13 55 47 -24 
77 -53 -52 -85 62 24 63 -81 96 97 -80 -37 -51 -39 -75 -39 -7 46 20 -90 -29 19 93 -38 -25 -9 21 60 -70 -11 -37 60 -54 -86 -73 41 -2 98 -81 98 7 -65 -70 36 15 -39 -42 -29 83 87 90 -53 49 34 84 -30 62 -57 -11 -100 84 -69 27 
98 46 70 44 66 -11 6 77 -20 -99 -28 -37 -74 87 100 6 22 -40 -53 -16 59 -31 -39 17 64 -57 64 -44 59 11 -7 -55 65 48 -21 0 -42 -77 70 10 77 -26 17 34 -19 -75 -30 97 -95 58 13 -11 22 -41 -41 -62 32 71 -63 -77 55 -23 -77 
25 -66 69 32 20 18 -4 -17 65 -64 15 -100 82 -56 -80 95 96 12 -71 -79 87 -23 37 -14 64 66 -39 -32 23 -63 93 74 -94 -14 -88 46 71 37 86 -17 4 -72 -46 13 29 -20 -80 59 92 42 -63 -91 6 62 83 -94 14 -81 -32 -43 -97 65 98 
18 -72 -67 -58 4 69 -81 -84 -55 20 90 -23 27 -80 -76 63 -77 -29 -8 -55 99 -23 -70 9 22 -68 7 67 -71 -47 30 -25 -46 -55 27 -38 51 -30 -1 -95 -49 -21 66 82 40 14 85 -17 25 16 96 -79 -92 27 -83 -15 43 -54 -56 7 40 45 -16 
-56 8 -66 -18 38 74 53 -83 1 28 89 -27 43 -51 51 4 -14 36 46 35 0 9 -14 -59 2 -9 10 -21 -12 -15 -40 9 30 -83 -97 33 -83 88 21 95 -97 66 -7 50 -72 51 -15 33 -7 -17 -23 -50 51 97 -27 52 45 49 -53 -18 79 34 -1 
86 -27 75 87 -89 -58 8 11 70 23 -94 -7 84 -32 67 -19 15 47 16 28 38 -43 67 -51 -92 -90 -21 16 58 -74 17 -40 -44 -89 -6 90 3 17 27 67 -26 33 -45 -59 24 -29 -7 -20 22 92 -20 -1 -75 12 56 2 -84 -73 -49 -21 -29 -35 88 
8 91 96 86 31 72 8 26 18 -22 93 14 19 25 54 88 79 64 -78 -98 39 -53 -100 -24 -13 35 -82 80 51 -96 -7 -11 63 -59 38 -88 -82 -82 55 94 -78 -78 31 -3 27 -80 13 70 79 42 96 -78 34 52 -82 25 -34 -59 25 21 39 65 -86 
-57 -27 -45 -13 -1 -16 58 -34 -19 17 23 90 -43 68 -27 -44 59 53 25 16 84 96 -58 -20 -63 42 24 -83 40 -34 30 -96 49 20 -80 -65 -80 55 -74 -79 8 -20 -96 -19 -51 -11 73 -19 -23 72 75 35 -25 15 17 -6 -88 -60 -23 63 -76 50 98 
-30 -54 -10 -28 10 93 15 60 57 -40 4 66 58 -46 -85 -58 62 -54 -94 -61 20 38 -92 -67 -59 -72 -8 -21 92 -24 -11 67 0 93 42 -62 39 55 -74 49 -87 89 -70 -80 40 -60 -2 98 79 -10 -13 -99 -7 62 -10 21 -30 -16 -92 63 -90 47 -74 
73 -90 -40 -61 -67 -49 39 -71 -82 -86 43 86 -34 -91 -67 92 22 18 -14 -8 86 87 -49 -65 -27 94 -14 62 26 -85 -50 -86 -42 -83 -12 -28 51 -41 87 -2 -63 -44 -85 -55 -68 -84 25 12 33 -2 21 -15 26 66 35 62 -62 49 1 -43 93 10 23 
95 49 -86 58 47 -98 -33 -44 33 95 24 19 87 -94 -58 -59 63 -78 -19 -55 88 2 22 -11 6 -19 -90 -40 -44 -7 61 7 -95 -43 27 21 -28 55 -86 22 56 -42 33 -86 -25 91 30 -52 -57 39 -99 85 -44 -38 -68 7 -20 1 -26 79 44 12 68 
34 -25 -51 71 -92 -100 9 -52 -84 -59 -46 -69 31 -14 83 -77 18 -17 34 79 -55 -71 86 -13 34 1 -76 81 25 2 0 -31 -74 -88 87 85 88 -75 -17 -29 16 55 -26 84 91 10 37 -32 78 45 -35 61 80 -8 -23 -64 -57 -35 -11 21 7 18 6 
58 59 -20 -20 -84 94 33 92 85 16 -34 58 21 -87 99 5 -20 -22 10 -51 81 -3 59 92 -45 -66 -53 70 28 55 55 68 36 -18 52 -82 42 -33 -48 62 45 52 -18 49 -38 -15 -9 -95 12 90 94 79 12 -19 -36 -98 -71 -84 -69 -64 44 27 7 
20 32 2 22 61 -24 -81 -84 -35 -89 10 -49 76 -43 -94 82 -35 -96 -86 24 -56 30 52 -65 -54 -2 67 29 -54 39 59 -35 -71 -47 76 -11 -44 -26 43 78 -22 -30 29 -19 10 5 94 8 99 -28 -20 10 -44 70 41 13 -42 82 26 24 93 -14 -19 
-33 -24 52 -33 88 -83 -77 56 -30 -2 -53 5 33 50 35 -23 -52 9 26 -98 21 81 -6 7 7 84 63 -90 -46 63 -95 36 -42 69 -75 17 0 37 20 43 81 11 32 -82 31 27 -33 89 31 19 -62 75 -37 80 58 12 -49 -64 98 75 21 -39 4 
13 42 -86 -20 10 -31 -10 -55 28 27 -4 -91 25 -2 -16 92 -98 -4 79 37 -75 -42 -93 26 38 95 28 33 -18 -62 48 -17 32 -71 -92 -16 79 33 -57 73 -8 -66 -70 50 73 -49 45 -35 -36 -71 -89 44 -39 15 10 -54 22 34 -4 -48 -31 51 33 
53 -58 90 -61 -73 38 15 -2 -25 -74 19 -99 39 24 77 33 -62 -32 45 17 -60 -38 18 -11 -21 75 42 53 35 -14 -99 94 -47 71 47 12 -26 -40 87 -72 5 28 26 48 -11 -94 13 -7 -62 36 87 -72 -14 81 -99 11 -39 -32 -17 -21 34 -82 64 
43 88 -9 -29 -18 72 34 35 22 -62 78 -81 63 30 -76 71 62 -55 78 -12 -74 3 31 34 -15 49 -43 73 -5 -81 30 -78 22 58 -65 73 9 2 -39 -51 52 -16 21 29 88 -75 -11 54 41 16 62 38 -54 68 -70 -2 -13 91 -78 -20 -25 100 -46 
23 92 21 30 91 -76 87 89 -28 52 -44 73 50 -95 -68 -35 18 68 -53 71 -38 51 23 -2 -74 -51 68 44 16 -16 -54 -8 64 -96 -11 -28 87 69 92 -28 -95 -69 66 73 -57 74 73 -9 -24 82 -100 -37 13 98 92 -19 83 -57 25 98 22 13 -51 
-37 58 18 -100 84 70 -14 79 91 -8 86 68 20 -100 -32 -41 6 4 58 -46 -35 18 13 -37 7 -48 -13 65 -16 40 34 -65 -37 -3 -4 94 -47 -61 -55 -93 -76 -52 51 -60 10 45 -37 25 -97 84 -35 -83 24 45 18 -72 7 -79 93 37 78 -67 -97 
55 -73 -76 46 -58 1 -41 69 -10 -60 -78 -99 9 96 61 -41 62 48 95 -49 -20 46 -35 65 -58 -90 -81 -22 -15 7 97 42 84 -55 8 -12 44 48 -4 33 -62 1 7 -59 -100 -49 0 -37 -88 -89 -50 2 18 36 -57 8 34 -78 -95 -62 93 -91 0 
1 4 -69 84 83 29 -14 -66 -24 67 15 69 90 -44 -32 16 -87 67 -28 76 79 -68 -72 -29 -95 91 -36 -91 11 30 -83 88 -38 -13 9 44 -86 64 -35 13 -66 42 -32 -9 -88 62 -13 87 -55 -84 39 89 -74 52 -32 -74 -2 42 94 67 -87 -88 60 
6 77 -38 31 41 -6 -76 -12 -61 29 33 51 -69 94 -64 31 52 71 67 -67 10 -91 -37 -19 27 59 69 -56 -85 -74 -51 -94 -69 -72 -17 -76 41 77 -78 -48 -34 87 -44 58 -10 54 51 64 91 79 48 -2 -11 74 2 -4 15 36 12 98 35 84 -47 
-23 -61 -1 -63 -21 -55 29 -56 15 -48 57 -19 89 42 -85 -58 -54 -77 -37 -62 66 -48 79 83 8 -75 -94 -49 -86 94 -22 52 -21 -47 -3 48 95 55 29 92 4 38 -39 20 20 89 -99 -91 35 -3 -79 -9 -97 67 15 28 90 45 28 41 56 -69 -89 
-4 77 -43 -12 -35 27 7 -91 43 -5 -97 -55 79 81 10 -11 -86 -46 -60 67 13 60 -71 85 -62 -54 100 47 13 13 72 9 -20 85 -25 1 -39 -98 55 28 -42 40 -17 11 54 -8 48 -47 4 31 -39 80 -93 -50 20 16 -78 -32 34 54 86 24 1 
87 3 -18 -34 71 54 21 20 -62 62 13 -29 48 78 -37 32 -46 -62 44 58 13 -40 -60 82 97 2 -24 24 -44 -59 1 -21 77 -7 19 -14 -35 85 -23 33 89 -90 46 36 -55 62 13 92 -35 50 -18 79 -71 -51 -43 -42 -9 87 -84 -81 33 -96 46 
-24 61 27 -73 64 2 -63 -74 52 66 -56 1 70 -91 -55 -19 62 55 -53 -19 37 -88 88 -84 69 -27 -77 -7 33 -84 -50 -78 81 6 -39 -66 -96 36 -3 15 21 -85 75 67 -52 54 -15 22 -86 -54 53 56 -23 -8 94 64 -16 90 11 10 1 7 53 
71 -60 59 49 -24 -60 2 -48 56 48 67 -98 -3 22 51 -97 -10 98 94 42 13 7 99 -1 -12 89 -53 -7 40 -57 5 65 -23 76 -53 31 -37 -29 -79 97 18 -22 28 -28 25 -73 3 78 5 -8 23 56 -37 66 85 29 48 -56 26 -33 58 99 -63 
-5 32 -85 36 -91 -49 -54 -95 14 -38 -9 35 -91 -88 24 -27 -16 11 76 0 -27 67 -41 71 -30 -82 -50 67 69 5 -2 97 -41 -48 14 94 -8 54 -60 -57 15 42 -66 -31 89 -10 46 -10 88 -41 -89 61 4 69 -4 -81 -86 -96 -12 -65 72 -42 27 
16 83 36 46 60 -30 -25 20 68 -37 46 -67 86 44 -37 -12 -89 -63 -4 83 -39 -12 -26 79 14 -15 17 -78 8 -83 -65 -34 76 -31 28 -33 -78 -34 -81 -4 8 94 -90 -56 -93 52 -78 5 -89 52 67 -88 53 -81 -32 -58 32 93 81 42 37 5 -91 
