-12 36 94 57 -46 -20 -66 76 -47 22 33 41 -69 61 47 -15 18 79 30 -56 -85 41 78 11 57 28 59 28 -53 10 68 -66 -65 -29 -75 15 18 3 -32 67 -35 29 -75 27 55 36 -3 -72 13 -75 -86 95 -83 -77 86 53 100 -72 5 72 36 27 -36 -61 -55 79 47 -67 -28 6 19 -53 1 -86 -73 97 -100 -10 -27 11 82 -25 87 27 -42 -1 27 62 -93 -77 -71 -47 95 -98 -38 2 86 -49 100 61 96 74 47 -43 94 -9 44 -99 -61 61 74 -57 30 -20 14 -79 
-39 34 -85 -10 70 73 -29 -89 99 19 60 -7 2 34 89 38 -49 -13 14 81 -13 -18 -34 88 26 -63 35 -35 -67 55 -6 -56 80 -62 -22 56 -89 -100 4 -68 -47 -35 23 -92 -80 -95 13 -15 2 -10 -59 7 87 -65 48 -46 -37 30 -60 1 23 75 98 50 51 -20 57 -92 34 4 49 -66 -87 3 24 9 -25 -24 -83 2 -37 -64 -39 88 -19 -44 -82 -100 -61 -7 -16 -99 21 -55 48 -93 -23 37 18 -43 -61 -88 49 49 34 36 -76 -5 46 -95 -83 -51 59 83 -18 18 
-59 -73 -80 -75 95 85 -52 37 81 63 38 -82 97 10 -17 88 -56 -73 22 -10 -80 -22 -40 -2 23 -61 -93 34 -30 2 52 -82 -61 -51 -16 91 63 72 32 25 -67 94 -59 8 28 21 67 43 77 -93 72 -32 7 87 73 -75 27 73 -67 -62 80 44 73 -59 -10 50 28 22 -8 -29 -99 -43 -11 9 -52 16 -42 -26 46 33 6 85 27 85 -65 85 80 59 60 19 0 -47 -85 -76 23 -28 28 -64 -99 -27 39 -12 -13 -81 -58 25 6 2 -45 95 23 66 -76 27 -9 -22 
-87 -98 -42 61 9 -88 46 89 79 8 37 -34 -64 -94 91 -60 -57 39 -45 51 33 -5 -70 53 -80 -15 -21 -44 -10 81 -79 -54 -81 65 7 36 33 25 -51 5 82 62 70 20 23 0 81 23 -77 26 -79 98 -42 -28 68 9 64 18 23 -41 79 -87 -34 27 -12 -70 -29 -55 2 -98 -93 -28 -30 62 -8 -21 51 -40 -82 -50 -42 94 -10 -34 -48 -34 -65 88 27 -68 68 73 -43 -22 78 -2 99 94 -99 -68 14 -34 91 -69 -1 68 60 42 56 -63 -9 -58 -64 -64 40 -46 
100 -35 59 25 -24 -83 69 -79 -48 36 91 -66 -65 -69 -79 -1 24 -3 -85 -47 -4 -98 67 81 -69 57 54 94 -12 -19 -67 -2 75 -41 88 20 -64 63 -73 11 49 97 26 -55 -44 -39 34 40 -54 -25 -89 -3 -72 94 -29 27 -13 -27 65 -10 -64 -13 17 -13 -31 80 55 -7 -51 -64 62 55 -72 69 0 -43 -69 -99 -20 -17 65 -52 38 3 -42 -29 -52 15 -19 -15 -17 -6 -61 11 -97 -7 93 -68 20 -2 -21 -24 95 34 -11 29 21 -21 -65 80 -12 -67 -32 64 98 -54 
1 39 34 -14 -20 -4 63 22 -58 -17 91 79 54 -96 -92 -5 84 -33 3 16 -90 94 36 -29 -75 6 30 73 -100 30 12 -27 67 88 -22 -37 -14 33 -89 78 20 62 13 8 22 -90 72 32 85 27 88 -80 -57 20 -86 86 -48 -10 11 -29 32 82 29 100 69 -18 94 -76 95 2 52 -8 -17 41 -73 93 -27 15 59 91 -40 -18 -46 33 -4 5 83 68 17 -30 75 -60 35 35 -100 37 99 -97 21 2 -83 66 -10 58 79 87 -15 -10 57 -8 -50 78 -28 45 18 -34 
48 -91 44 -76 70 -59 35 13 -1 40 94 32 25 -96 -21 -69 -60 -2 93 -28 -4 32 90 -18 -48 -38 49 91 33 88 11 -20 -42 -15 -95 -44 -65 -60 -80 -46 -12 -24 -38 -61 68 -81 -61 71 -8 13 -33 32 -79 40 -69 63 -54 20 0 -23 45 -86 24 88 -52 -22 32 61 -7 -71 -41 -100 -60 -55 65 -99 30 -58 -66 76 96 -28 49 -23 48 -63 22 -97 50 -22 1 20 -66 31 41 -77 -63 -67 -40 38 83 97 10 38 60 54 35 -86 -36 -91 -16 -52 -10 -35 98 94 
33 -92 94 -74 83 -86 96 -38 -93 -85 13 -3 -4 -80 45 25 65 45 44 -3 52 -51 93 100 50 -5 17 74 30 -78 -5 8 14 -39 52 -45 -48 -67 -38 10 -5 -71 -22 -84 -48 -83 9 -17 -53 -56 -28 -5 50 88 77 62 -4 63 -3 -100 -53 -59 -92 1 -86 -91 -53 76 -52 71 -18 26 86 33 -85 -15 -31 -33 75 15 -69 -13 -34 -57 82 -39 50 4 -38 41 54 -95 -96 -46 49 4 68 14 -6 -30 -21 70 -96 98 -25 -51 -58 22 19 -18 -97 77 -82 -52 -13 -54 
39 56 -20 31 -49 -66 22 -14 100 -41 -7 -35 78 54 16 20 -71 60 -10 49 71 -29 4 65 -61 31 -82 29 24 93 92 74 21 -83 -50 52 -79 76 68 59 18 36 10 -93 -9 -1 78 73 -49 -65 -3 30 8 16 55 85 -71 -31 -23 76 23 47 61 -29 -11 51 36 -72 20 60 38 -28 -10 -23 97 -55 13 65 -49 78 87 -96 58 42 -85 85 -27 -15 -81 -97 -17 -1 -61 -32 -50 43 53 -79 70 23 -64 9 50 27 80 12 64 96 -15 -83 25 48 69 87 -17 -5 
55 -37 79 -28 -51 -49 -1 -23 -31 -30 13 -77 51 -53 18 -18 78 -66 92 16 -3 37 35 6 5 -36 -74 23 49 -88 67 54 -4 -78 -21 99 56 27 -55 -5 -51 -3 40 -28 -27 -11 -59 -66 -89 19 -34 -82 -68 -60 96 68 56 88 -44 24 -41 52 -31 -44 -76 -84 68 -70 -26 -18 -2 99 6 68 -72 5 -69 30 29 -86 33 -100 54 -41 66 86 -42 -5 -74 -28 85 100 4 -33 -61 35 -12 33 51 96 -53 18 -23 83 -43 -2 23 100 12 -41 -47 0 -1 -75 -89 83 
48 85 70 50 -49 -30 -4 -32 28 -91 33 -51 59 78 -23 45 -51 -48 37 -75 -61 7 -82 -56 32 37 7 -66 88 0 -15 33 -43 92 -60 -78 80 -88 59 51 -34 -11 -100 -79 55 -21 -99 53 -82 59 33 54 -67 -49 3 0 27 20 11 -51 -83 -79 27 49 -71 69 -84 -88 -81 10 93 -54 29 78 -61 -7 19 69 89 22 52 -90 59 13 72 -19 99 5 -58 -36 -55 -13 -96 92 9 -26 -91 -64 22 63 -39 -9 50 -47 1 -98 -100 -26 100 24 -89 -11 -91 50 -51 10 
-55 -61 -48 -42 5 41 65 -89 -77 -28 91 73 30 -55 91 -55 -76 -8 57 -67 45 -41 69 -34 98 -51 43 26 -16 -98 97 61 40 -26 72 85 50 31 76 -30 -51 74 1 -40 58 17 -28 7 -15 -24 -86 70 8 73 -2 84 20 68 -77 -60 77 78 -46 -35 -83 -55 -42 -80 77 25 -99 -41 -39 -27 6 99 -74 -73 -19 -48 -74 56 7 -41 30 -84 10 -59 -65 -60 -56 -17 34 12 86 -64 81 45 -14 47 -90 62 -87 13 -20 29 96 49 23 -1 60 96 -81 -4 25 -36 
20 97 -39 -9 93 -42 -7 -10 -48 -58 99 57 89 -85 -71 38 44 16 -59 -81 59 -82 -86 87 -32 -17 42 -99 75 23 85 41 16 -65 -86 83 51 -43 67 -5 38 25 -5 80 95 -77 -60 -49 -18 77 -39 7 -39 23 -2 -16 -45 4 -68 -58 31 -47 28 75 20 -36 30 -86 6 5 57 -34 78 -57 36 72 -58 89 -86 40 -29 23 4 94 46 36 65 -4 -77 93 -19 92 9 -9 -86 48 -23 25 -87 10 89 -89 83 -31 22 -53 26 -1 32 15 -86 55 23 46 -64 70 
84 70 -42 68 -53 86 -78 38 -48 -7 30 57 12 -75 33 42 -92 -90 66 3 34 -62 76 -63 45 79 -68 14 -67 58 -18 -11 83 32 -54 -11 -47 -89 15 33 83 39 2 68 -83 11 44 21 20 -30 45 -42 39 41 65 97 88 -81 -95 69 44 -42 46 48 -51 7 -33 85 58 37 -3 -91 49 89 -68 77 -45 -73 80 -12 78 15 27 59 98 -43 96 -86 97 -19 21 90 -12 31 -66 15 -100 53 86 -62 -16 7 82 -65 -64 -65 -25 -8 -45 -94 47 -25 -32 -17 88 -90 
-22 -29 48 100 -41 -34 28 87 -11 99 36 52 19 -6 -99 2 94 48 -16 -13 -89 -59 -61 35 -80 -99 -48 10 -63 -52 -45 50 2 -22 66 16 -53 -68 89 4 -4 63 -15 -10 -95 -49 -96 53 -48 -49 -29 62 -7 26 -9 -93 87 83 16 98 -67 -82 39 -13 87 -35 0 -99 -32 -95 79 -89 -39 93 -53 -60 72 2 -7 71 59 -66 56 -53 -1 38 -79 -68 94 32 -78 90 51 -99 -56 51 14 -32 -65 -19 -78 85 -64 -43 14 59 -15 -85 90 25 -63 17 58 25 11 -54 
15 -78 -34 -46 98 60 -84 85 -10 -42 91 -13 48 -18 -29 -80 89 -85 -93 -36 72 -41 37 -74 -77 38 54 -57 -85 73 25 -49 -98 -25 -55 -85 -95 15 72 70 -32 55 98 -2 22 90 -67 -38 59 -52 89 50 98 94 -60 -96 -33 59 72 -62 82 -63 -24 -80 -83 -100 4 -53 -53 -90 -35 -18 43 -86 40 -8 80 1 -55 -84 -51 -76 63 -16 99 77 -91 38 18 17 -34 -41 -93 100 -97 61 -32 94 66 -23 68 -100 24 -81 -60 -81 -33 -84 -13 -39 -22 74 -37 -61 -12 -31 
66 58 -98 32 8 33 -14 8 -90 -44 -53 -45 -3 27 96 58 -90 -29 72 -31 -5 2 86 -87 40 -86 59 -24 -65 -62 84 9 58 16 -40 -5 67 -47 36 84 -60 77 25 -44 84 24 -76 13 70 31 0 -10 -57 97 62 99 -97 -12 -94 8 -81 -59 2 98 -73 -28 67 39 -7 -53 -37 29 86 3 -7 -86 -71 -23 -21 -45 -66 -82 94 56 81 -76 38 -38 -7 38 81 53 12 -60 -82 -95 38 -22 -12 -98 13 -87 -49 13 -63 12 -72 -25 -77 -100 24 -41 95 3 73 -47 
67 42 14 53 31 -47 57 9 19 36 42 -24 22 -89 -63 -47 84 2 -91 -52 48 11 8 -82 72 85 12 21 2 -40 -51 -53 -46 -28 -5 74 -1 33 -94 27 57 -7 49 72 92 -96 -91 99 52 -68 70 -3 42 -48 -97 -44 67 31 49 -81 87 36 -8 -59 -40 -54 -93 -87 -25 -81 70 -92 49 -15 42 -66 73 -67 -49 77 45 44 88 -87 -37 -64 -83 26 -75 -61 56 -40 71 35 55 15 -45 -65 28 47 -99 -57 15 22 -96 60 -24 -57 -99 -65 -56 -32 -85 -16 -53 -32 
-56 -25 -51 49 12 -70 61 74 47 3 21 -100 -98 82 -74 61 94 43 2 -71 44 -13 -91 -67 99 85 72 75 -65 26 13 24 -56 -53 92 -27 -76 59 -26 -59 6 77 -43 -14 18 -72 -70 51 -63 85 34 -14 -95 -63 75 -32 96 0 60 -76 -81 -22 -53 81 17 62 -49 38 22 -28 1 -63 25 31 -16 -40 -80 2 52 -47 60 5 100 -54 51 -14 -24 -82 -6 -91 37 -10 -84 77 13 -32 -4 -36 21 -25 70 -88 39 37 -4 -8 -53 35 59 -73 -71 -65 -43 -90 22 -61 
97 49 -99 -57 32 -51 79 43 74 -40 2 72 -40 11 -43 -25 15 48 -94 -9 -16 52 25 -40 79 -87 -13 -22 86 100 85 61 52 48 -31 -15 71 -81 21 60 -86 36 44 -1 -83 -34 63 97 -63 15 -41 -21 62 -4 19 -45 67 -86 -91 63 -44 -16 -34 -75 -20 -99 26 -41 99 -84 -52 -33 100 -25 91 -24 65 34 -71 -69 29 -16 89 16 76 79 -15 47 -19 -96 -17 56 -42 89 -93 41 -90 1 -7 -89 -45 83 -87 98 -55 49 30 91 -79 9 36 -76 97 -70 10 36 
93 -32 53 -27 63 44 0 -6 -81 5 -69 -65 -23 -94 -90 -35 67 -20 74 -79 -28 45 -22 -40 -68 3 -98 -3 96 35 -25 45 25 35 32 28 32 -59 -68 65 -2 15 3 -82 -86 -16 24 46 8 -27 60 44 -87 -77 -97 -52 -43 56 -56 -36 -63 -13 -68 37 37 62 7 39 -85 -34 20 45 -24 67 -17 36 -74 -42 21 -13 67 98 64 86 -40 58 -32 11 13 -41 -99 -34 26 74 10 -21 -70 -1 66 -66 10 -34 75 -27 -34 -69 -76 -44 -51 10 66 -36 97 29 -43 -31 
57 5 -84 83 61 -77 -52 -10 -85 -92 -7 71 -40 85 23 -73 -26 13 97 -54 76 -44 -83 -37 -91 83 81 -85 66 93 84 -61 -62 73 -83 46 -1 96 -68 60 -95 58 -75 10 -74 66 -28 -94 -91 -79 15 -66 -10 43 -79 19 16 43 -80 -65 -60 25 74 97 67 6 61 -4 -1 -15 7 -91 52 -98 -94 -57 8 85 -63 93 14 -5 32 -73 -39 32 -49 83 37 92 -100 4 -28 16 83 -41 -91 81 60 -72 -9 35 -76 80 12 -4 14 -38 -43 13 100 36 85 -20 50 0 
7 57 -6 -39 -24 84 -84 -52 -89 -89 -32 86 -34 5 51 -18 -54 93 33 -4 8 -86 -80 -55 94 -98 -81 -54 88 -85 -57 -47 23 4 -66 -96 84 1 16 79 86 53 20 -66 89 36 -99 -51 -35 88 38 69 31 -60 77 -60 12 -16 44 -87 69 83 -33 87 59 49 -92 -18 2 24 9 -42 96 -89 87 -74 49 -98 -81 -10 -46 -47 -45 -23 58 -3 -91 -63 -17 35 -45 -55 98 -56 62 -23 98 86 -36 66 -94 17 -13 -41 26 15 -88 -55 100 -59 68 70 -39 -92 89 77 
50 -77 19 -6 -25 37 47 -92 94 -2 94 61 8 -6 -89 -17 88 57 -20 87 -24 -21 59 -53 -66 44 -73 -5 49 -72 97 -64 33 86 -58 -58 -41 62 55 -64 -21 56 42 -95 -7 -53 65 27 -40 77 -37 49 10 21 -8 0 -65 -45 -30 27 -21 -24 -69 -100 -51 -19 24 -54 -59 97 57 -13 -20 -9 69 -12 15 -48 -22 45 81 -99 62 -60 -32 27 61 -13 30 -50 -20 -10 83 83 -83 -17 -69 -10 -55 2 32 38 73 68 40 23 39 -76 68 -60 34 75 -68 55 -97 -73 
-98 -43 26 -61 -73 -50 -68 -94 91 77 -45 31 -32 -37 -27 -72 34 81 -1 12 38 0 -30 -62 -76 77 -44 67 69 -55 -84 40 -26 -93 44 80 65 17 18 81 -48 62 -37 78 -72 1 46 -100 -27 86 81 67 69 84 39 -6 28 -67 47 95 -66 37 73 66 -78 97 99 -52 -66 46 -18 63 11 -96 44 60 -24 -24 -4 -68 -4 -73 -33 94 27 30 59 60 15 25 30 64 30 -59 -18 61 48 -83 25 43 74 -26 -96 -49 -77 14 -64 24 -93 -98 62 44 9 21 65 -79 
-46 14 -34 -55 80 -95 -74 50 -37 -4 34 -4 -35 -30 -96 33 35 -54 98 76 -18 27 -53 -48 61 -71 -31 -74 89 93 15 -39 35 61 -67 -39 67 88 42 -67 -52 -80 -73 37 23 -51 -68 -7 58 -1 90 -66 -71 42 17 -78 57 -48 -84 3 76 19 25 -69 64 64 -64 1 6 59 72 -24 74 -7 65 -3 86 -34 62 -88 -62 -58 -72 44 -24 5 63 85 -79 91 -71 78 50 59 71 -11 -91 -88 -52 -43 32 32 33 -73 91 -79 -77 80 -52 76 25 16 43 -39 -22 2 
17 -99 8 34 21 -26 60 77 -16 60 48 -81 43 56 88 49 92 88 54 -63 -45 28 -14 95 -55 -16 25 69 61 75 21 12 -52 87 37 38 -12 -87 60 -8 -25 -47 9 -10 -84 25 95 -69 -72 -100 -57 40 -55 -76 -30 -44 99 -75 12 93 -88 -93 -86 -35 -29 -73 -63 12 66 -88 -98 5 7 76 -68 -46 -87 -4 -90 32 71 13 71 -54 32 -39 45 -81 -83 99 22 -91 0 15 -97 96 -35 -3 19 8 -14 22 74 16 -54 -70 -63 -28 -57 54 -12 3 -64 -18 -80 10 
-26 5 49 30 -20 -13 0 52 48 79 27 33 -64 59 -81 91 -86 -7 -38 57 -85 69 31 36 2 -49 51 -96 87 -19 -37 -54 70 -52 -36 30 65 -60 48 -51 93 2 -57 -22 -63 64 85 -20 31 -95 22 52 -11 20 43 -97 -17 -77 -68 -88 13 31 98 32 -75 -55 -80 -35 -84 -30 -11 -73 77 25 -12 -63 63 -13 -11 -12 -67 58 28 71 87 35 5 97 62 -66 21 44 -94 72 2 -47 94 -21 -89 -100 -84 88 22 44 -83 44 9 -85 68 -71 -26 12 69 31 -92 -73 
-73 31 54 -55 65 44 29 19 -31 69 -24 84 63 -41 49 -57 -69 26 36 76 -54 -7 -19 74 9 -95 38 75 -10 5 25 14 76 -48 43 60 -78 100 -30 30 7 68 24 13 76 91 21 16 68 -28 -42 -4 71 87 98 52 62 97 -68 29 -58 63 -82 -10 63 75 64 -9 -44 44 -39 -43 -43 -74 -69 -43 0 84 -65 -6 56 84 -20 60 48 -80 90 -4 9 -62 -34 48 71 38 -42 3 -11 -15 88 -34 45 59 -24 -66 65 -57 -7 -81 -75 -19 79 35 -12 48 -52 -82 
46 86 75 -46 -50 27 -82 -64 -38 1 -40 -91 58 47 -87 73 28 14 87 11 -78 -83 72 21 -41 -75 55 -16 -10 49 -11 -53 4 43 -13 31 48 61 0 27 58 -10 -48 84 85 96 -21 8 -11 5 -59 23 -30 -93 -84 -1 -98 95 80 11 -58 64 56 8 -16 -49 76 -46 25 98 -17 94 -4 -21 -35 32 -12 -81 92 -71 77 57 41 -55 -88 -36 -89 -81 -72 26 -30 75 -15 16 -50 -85 -23 -32 49 -98 60 50 72 54 26 45 15 -71 70 -80 60 77 48 -3 -48 20 
-11 -35 -74 -100 -68 14 -66 77 -76 -88 72 -10 -14 47 22 51 -67 -14 -2 -59 10 18 11 -82 -47 -96 -52 -14 11 60 -43 2 61 84 -91 -42 -59 -12 -52 -15 25 -11 41 73 -67 -43 72 -33 74 -13 54 -92 -10 -67 -40 42 77 -90 40 28 86 -41 57 38 -98 89 -26 -44 42 -81 98 96 51 -17 -10 67 -72 54 -56 85 -5 98 -49 -95 -61 -42 43 -27 -2 19 62 -56 7 27 -55 62 17 -4 -78 -14 17 -89 -58 73 -11 71 0 43 -31 20 58 17 39 30 68 -10 
32 34 -62 31 90 85 -75 51 2 -8 49 68 -55 -50 32 96 4 -91 -45 -31 76 -73 34 -20 -49 -99 75 12 -83 72 12 57 54 -15 -82 -100 -45 69 -71 -8 -87 -88 -18 63 3 40 -90 -1 10 -52 -16 -74 -93 57 22 -92 -46 -24 59 -63 46 -11 -7 -45 -29 92 -61 36 37 -64 -85 -91 94 49 -83 29 -35 20 69 33 -53 75 -24 10 -96 -11 4 -6 3 55 -99 4 -65 41 45 -74 -4 -67 -90 -35 -11 97 -40 -85 35 90 22 84 24 -4 -34 -1 25 7 -7 68 
-3 -52 -95 73 34 73 88 33 22 78 53 72 -88 -5 0 -21 -4 69 50 -67 90 -28 59 -14 -6 -75 73 -96 -29 -96 74 -71 -69 96 -65 -22 3 65 -73 99 -43 -42 -51 97 35 -7 74 -29 9 -15 43 -17 62 56 9 -6 45 32 52 74 -56 91 94 -28 -57 28 15 23 -56 -79 -68 67 85 -42 -52 -14 49 17 -26 -33 -83 -24 30 -61 44 -62 -1 -75 -73 -76 53 80 -65 -68 -71 83 38 65 -32 -37 13 -12 1 -82 -24 -17 -46 -2 -32 35 -28 -52 98 -68 14 -64 
75 -29 -40 9 -72 -99 -56 -19 65 73 1 40 -42 40 59 74 90 92 -51 -43 59 24 63 0 -21 21 20 -35 -3 -98 98 -55 -8 74 -18 -53 71 87 88 81 2 -37 -13 82 47 -28 -21 -46 17 9 6 -45 43 30 27 66 53 94 72 -98 92 -73 42 94 -43 -3 7 -37 -13 -87 -95 0 0 6 -40 -51 94 95 31 -99 -64 -82 -1 90 -99 -84 78 13 88 -26 99 76 76 99 -24 62 20 79 -85 16 97 42 48 -40 93 0 95 67 -7 -26 25 -45 73 -67 -91 -92 
-3 84 46 62 35 -36 -10 33 83 5 31 -80 17 5 1 94 96 -41 -52 43 49 -67 53 -51 68 75 -94 -39 -88 -23 -39 44 -99 30 99 -26 36 80 -69 86 -12 54 -24 -8 95 -89 37 27 11 38 -23 -53 -41 93 -24 91 13 61 55 13 22 -62 83 97 -28 -78 81 14 5 16 -31 -98 -68 93 -24 -43 -22 -9 82 85 15 1 81 83 -36 -88 -79 84 7 -41 -40 -96 25 13 -98 77 -27 61 2 48 20 65 -30 73 -62 -18 -42 87 60 38 -68 84 92 64 32 -95 
69 -8 -51 20 -64 50 24 -35 -93 -13 71 -84 99 54 -4 8 -45 -89 98 33 -56 -62 40 -39 -20 57 5 -20 33 27 51 91 -1 4 48 -31 95 -38 38 -43 -12 -60 -40 78 83 30 -74 45 -19 35 -12 25 -74 24 70 -27 -62 47 -74 86 -74 -14 -58 100 -54 -82 -32 -58 -7 61 -19 55 13 -44 -10 -14 -71 -83 53 -51 -49 92 -47 -100 48 -58 -15 -36 87 5 90 -48 67 -37 61 -68 -97 73 96 -17 -9 -22 -50 26 64 -55 89 22 70 11 -52 60 96 -7 74 -28 
-10 9 28 -9 -46 -35 30 86 -77 -11 79 -24 85 48 23 -10 41 -10 -39 -40 -47 -24 74 26 29 -52 85 36 71 -74 12 1 -96 -1 77 37 64 91 -84 85 -79 8 42 -65 43 -100 -82 -29 57 -8 23 95 -35 67 68 6 42 -72 -44 76 7 65 38 -67 63 36 -68 90 66 -93 1 -51 81 -10 80 62 -36 -99 -51 -73 -8 -93 -57 -20 92 -66 -62 -27 -36 -5 -70 42 -47 -30 6 78 -88 -43 87 21 -30 44 50 -28 -80 16 42 63 69 15 33 65 44 7 -44 53 
-80 -32 -80 -77 -21 -95 -13 -69 37 -60 43 -77 -11 9 76 -13 -47 -39 21 -62 -33 11 -51 15 33 55 11 -5 -87 -94 -80 -61 -43 38 -38 95 17 -36 -70 -37 -43 -11 5 -43 35 -62 -26 -29 -99 43 -80 -25 -11 56 -29 51 -35 71 -57 7 -2 76 -46 -25 55 92 2 22 -50 44 88 98 -100 31 -20 -31 62 -60 -24 -50 81 -39 25 -54 -32 -45 -89 49 58 7 29 76 -66 23 -68 51 28 91 -77 -79 10 -31 -64 82 -13 -7 11 52 36 21 -86 58 55 -84 -39 -4 
61 -28 72 -43 -56 56 -8 46 25 -51 -83 -31 77 16 -10 14 88 44 -80 20 -14 83 -28 96 54 12 -32 22 13 -48 60 -48 93 67 28 -40 27 -85 41 59 -83 66 -89 -9 33 84 3 89 90 37 32 -69 25 -18 -42 74 -71 38 -47 89 56 40 -82 9 88 -35 -67 79 -38 54 10 -61 -85 -60 36 -69 33 -29 -5 49 37 6 -2 21 49 54 31 -80 34 -97 -92 -21 95 85 36 36 41 -74 -70 -27 -78 33 6 -64 -58 58 36 -6 56 -53 -4 45 71 -61 69 89 
-66 11 28 -91 -58 -74 11 -15 46 -92 14 -44 14 -18 -10 -29 -1 -82 93 21 38 47 -91 68 -73 -22 -18 -99 1 83 -80 -36 61 -91 -71 10 -70 33 39 88 49 -94 -40 6 -13 -67 13 -52 -47 -80 36 -9 3 89 57 -51 -40 70 -55 17 4 -72 59 16 19 -43 -68 59 85 -94 -90 -75 -22 69 81 11 71 -32 11 -10 93 12 28 28 36 32 -81 -71 95 -56 -98 -30 -83 -1 29 38 -64 77 -12 -51 60 54 72 -72 28 -68 65 -59 29 -67 -61 0 -100 -32 30 63 
-37 -64 -26 -35 -26 65 73 -8 -59 -65 37 21 -6 -93 50 -63 94 -40 11 -99 37 -97 -47 45 70 83 -82 41 44 -46 -10 46 1 29 -29 4 40 -31 92 -9 77 -18 71 91 -47 -98 -28 73 -25 -26 26 -69 -12 8 -91 41 -64 20 7 -74 75 70 77 -80 -20 -59 35 51 87 -30 -11 10 75 -68 -67 82 -26 7 82 -13 75 -74 -44 -16 56 49 70 -39 71 -72 60 91 -23 39 -4 10 -58 51 45 -71 48 -35 -28 -37 21 59 -72 -14 -100 -9 -3 -88 -34 -21 -67 -22 
-85 -93 44 90 27 40 86 7 -12 73 67 46 -60 4 -10 100 -47 -1 -48 21 34 10 -46 -22 -26 66 -83 -94 19 -41 -64 -47 -41 -50 -4 97 57 -61 47 43 -77 60 -71 -28 30 -93 5 -92 45 -55 -67 -71 -5 -98 -95 -79 -19 94 9 -45 -20 -80 -41 59 -28 -78 30 86 -4 16 -47 -94 -18 86 69 -68 50 -15 65 46 -74 -3 49 -96 96 63 80 93 -85 36 15 85 -75 97 -44 -59 -38 52 -1 23 23 88 -49 28 51 -58 -85 83 48 -98 -20 96 25 -86 -46 -68 
64 -85 -13 -49 80 -95 -89 6 2 -30 76 0 -47 -17 -74 -17 13 84 56 -7 82 95 15 95 98 -27 41 26 81 -69 -72 -7 -42 88 -76 -85 3 93 -13 -43 -62 46 80 -10 82 84 -6 25 24 -55 -28 100 -75 -49 20 -73 58 -30 4 -10 -4 80 -91 -24 -9 -54 47 -67 92 -6 -33 81 -3 32 -93 -53 -96 -27 -57 41 -77 34 75 73 -6 95 3 93 25 -83 -1 5 -33 -82 -89 27 22 -50 5 70 8 32 -90 13 96 -24 -82 -89 -38 -80 48 80 -8 63 59 52 
17 2 -99 -63 77 -6 61 -54 78 -28 19 -6 79 -57 -20 29 -34 15 -93 91 -33 -83 83 65 55 -27 -3 -9 77 -24 59 -67 -67 38 -88 19 -90 66 33 70 68 -15 2 48 -56 -94 81 97 71 85 -10 77 92 29 -52 -26 -35 48 -53 -97 62 -38 -6 -60 81 -66 -13 1 18 26 54 45 70 -71 -27 -55 26 -46 93 -33 -38 -37 3 -94 -32 -63 -96 -52 -94 -95 37 -86 100 58 67 -4 -44 -12 74 91 -38 71 61 -74 19 -72 -40 -74 -7 -60 92 -3 9 34 35 -55 
-99 -66 -19 -6 13 92 77 64 55 87 -1 -79 95 52 -51 44 -11 75 -23 -78 80 -10 -34 -95 40 -50 3 29 -89 -80 -100 25 39 4 29 -53 -2 50 85 30 -52 47 21 90 -98 -12 -40 65 -17 -42 -86 -35 -3 -55 -51 -63 72 -36 -24 51 -9 53 -49 88 -34 -51 -51 39 61 -37 -34 98 34 -30 -57 -96 62 72 0 -77 65 53 -91 -31 64 56 -9 35 -32 -48 59 -68 51 26 -31 -97 -2 89 53 0 16 13 79 -50 -91 -16 82 -68 2 -54 -11 -89 86 -96 -69 -60 
65 -79 -19 56 8 85 -64 -70 21 1 48 8 42 -56 -45 -6 63 63 90 -56 -84 8 19 12 -77 -11 -52 29 -44 86 13 87 81 -42 -55 -1 -61 -71 -86 -63 68 2 -91 53 -4 54 -28 -66 31 -83 -16 44 -77 -13 21 -82 -49 28 80 97 -73 81 -88 -92 78 -19 -16 62 47 -82 -26 39 93 89 49 -25 -84 72 -18 -56 -35 99 40 97 99 -92 29 -96 -12 -46 -78 2 55 90 -55 9 -47 -54 7 -92 -84 -3 -32 -86 -51 -4 76 94 -66 94 49 -70 -11 52 -77 65 
16 73 -30 -64 93 -40 -15 81 -89 55 -58 -24 -88 -93 -21 7 -91 -11 -12 56 -7 91 -76 8 27 -24 13 -33 4 67 -49 -46 -55 -16 -13 72 -35 -95 47 -87 87 52 -63 -16 4 -71 63 17 -36 48 -79 19 2 -64 -86 30 97 -23 38 -62 -81 -70 -41 92 90 95 28 -74 7 58 -73 -72 -11 60 22 -30 -57 -87 70 49 73 -77 83 50 82 -61 32 76 -100 34 24 -65 69 -7 -2 50 -60 76 -24 29 -76 74 -12 5 -77 85 -16 23 38 86 -42 -69 29 -81 -13 -13 
84 95 57 79 91 -30 -69 -80 3 -84 39 30 36 -14 -77 20 76 48 -4 85 32 -76 -36 -41 98 87 -6 -59 50 61 -61 -4 71 68 -34 66 -97 94 -77 37 26 89 97 79 -53 -25 30 83 3 98 14 43 -92 -19 -58 53 -48 -65 2 -9 -25 -2 22 31 -61 19 -70 13 5 60 -39 46 -98 -88 15 -74 -48 -27 48 -72 -49 20 13 6 -81 64 48 99 7 -62 37 90 36 -69 99 16 31 -78 32 -46 50 -12 -29 -99 -91 -31 -26 -53 92 -30 63 -46 36 -59 -43 87 
4 -9 -54 -60 -53 -27 -61 100 98 19 15 -85 14 22 -68 -26 27 -60 -32 56 -92 -45 -40 -1 -28 -10 -98 55 -64 29 59 -38 -68 33 -7 76 -15 -32 62 -78 -25 -55 62 -80 -2 33 -35 0 -19 51 -55 49 16 86 -51 33 92 93 24 17 44 94 -96 18 -63 56 -69 -24 57 -89 84 28 80 89 91 -25 -85 85 -36 87 20 -33 77 83 43 31 60 -23 -37 23 -48 -92 -68 16 -42 43 -91 98 -61 32 -91 -6 -5 18 26 -12 44 20 -5 -49 -21 42 97 0 31 -16 
-27 -36 -79 -47 14 89 -92 -51 86 -93 33 81 -84 -94 -73 -84 -10 -7 -86 -75 -23 -38 75 -84 43 76 -25 -6 -78 72 -7 -10 -22 96 -43 51 32 -4 40 37 47 -59 84 -15 -26 -92 -58 -21 20 -61 -19 -49 -100 34 -1 50 20 92 16 -88 -91 35 65 28 10 64 32 -51 36 94 32 94 22 -78 24 -65 -42 28 58 -55 80 12 -69 -8 59 93 72 -90 82 77 30 -99 48 -15 -46 -81 -77 14 -33 89 45 89 25 -27 61 -74 65 52 12 -1 -69 2 -26 35 -54 -53 
-38 -77 -97 50 48 -49 64 15 3 -9 -49 -17 -54 42 -75 -14 -80 73 67 -64 90 83 77 76 82 27 0 93 5 -9 -69 -31 9 28 -97 17 -43 24 -79 33 -45 78 -2 -99 -39 -41 -1 13 9 -96 -81 38 68 64 68 -11 -80 36 -71 -53 77 -64 25 99 -16 49 -48 67 -15 -28 34 -38 7 -87 83 38 -57 -62 34 -44 56 75 -56 -62 47 82 43 10 -97 21 66 -84 13 86 85 -14 46 91 64 -42 -48 66 -35 -98 -20 63 -10 29 -42 -78 94 -56 -82 -95 49 63 
-39 34 -73 77 67 36 86 97 -45 98 -100 -51 -26 -98 18 60 -2 -17 3 -22 85 37 72 64 -35 -36 68 56 55 -3 -38 -5 16 -93 70 100 8 -65 -10 52 -85 -65 88 -78 -50 -51 35 10 87 74 -12 -54 -24 59 -82 -5 -67 37 20 99 10 8 -32 -82 1 38 56 9 -91 -1 -83 -62 -35 15 -94 -66 -94 43 22 -76 -56 97 -33 -91 -18 -20 -94 88 56 -39 -79 15 21 -83 16 40 58 -39 9 66 75 16 80 16 86 -9 -35 85 -97 -82 -88 58 -41 24 -6 -35 
-79 64 97 42 87 -83 -12 7 -69 -8 44 -41 77 41 -53 75 -19 -53 75 -89 43 76 92 91 -76 -84 71 26 -23 64 -95 -98 91 -42 -46 -32 -79 16 -59 45 70 75 80 -75 -11 -25 -70 -96 -88 100 -22 29 -21 -7 -56 90 -2 61 47 12 -46 39 85 36 38 -51 -73 70 98 5 -24 40 28 -24 -53 82 -57 -19 -92 -41 -14 -71 -48 -48 -70 23 94 16 96 -55 98 -2 3 2 -41 -59 -34 -2 39 -10 39 41 6 -52 70 -15 -92 -93 -74 -90 62 -85 21 53 41 -51 
9 21 -63 -32 98 9 47 -18 55 -8 91 26 -84 6 39 12 -24 84 61 -52 82 -54 58 -9 -33 39 -55 -49 6 91 -23 -86 -90 36 36 -38 87 -22 76 3 4 30 -22 -100 -75 72 -76 -81 9 -81 66 40 46 -55 -49 -51 -12 49 -26 97 97 -32 -74 -33 -62 50 -12 -77 69 -6 95 73 -25 69 76 -19 19 -87 69 70 -63 50 70 18 22 -42 -13 34 83 -33 -38 -30 -27 -52 -49 38 2 67 -79 -84 52 -96 -60 52 -75 12 -34 -95 -15 -5 -35 -31 -60 -42 54 78 
38 19 -76 80 4 -89 98 -56 -83 -76 -3 -89 -68 -28 -74 -43 -77 -58 21 -65 -95 51 -8 67 -76 62 26 14 -23 -50 93 -69 -56 42 -47 43 14 36 79 -56 -94 -12 61 -2 -79 -58 -48 -36 24 23 -81 -11 24 70 2 -37 80 -20 -38 -69 80 -92 -2 -86 -72 -79 -51 -27 99 32 -68 72 -73 -87 -71 -77 -25 -21 46 -45 21 75 -49 -17 -89 -93 -48 75 3 92 -99 43 -31 -67 56 99 -59 78 -70 91 -96 39 -53 16 -98 -35 44 -52 50 83 -45 8 31 -65 32 -10 
-18 4 18 -4 -14 61 43 69 66 43 -46 -49 -67 79 -48 84 26 -54 85 89 -9 21 -7 40 -55 10 79 89 86 86 -100 -80 -96 43 15 -54 45 -2 51 -42 71 8 -46 -55 100 75 50 14 -82 16 2 -51 98 22 -75 40 25 23 -79 41 12 46 -2 23 73 81 37 95 -43 -29 89 -33 -9 50 48 64 -53 -63 24 97 -30 -9 11 -55 -41 80 -8 84 -92 11 0 -24 -64 14 -53 -69 -28 22 -15 2 53 -59 -15 1 91 18 8 65 5 -27 20 87 -59 -70 49 -48 
-12 70 -39 100 82 -91 9 -3 -89 17 -44 -84 -46 -70 83 -18 -80 -8 -59 -92 -22 -13 30 32 -87 -6 50 -10 -37 71 -26 79 96 77 -40 27 23 99 29 7 74 44 4 -13 66 -60 -31 -65 48 -23 -74 48 23 81 -34 86 -90 2 10 -26 6 68 35 -38 65 -23 -58 63 -87 94 54 -95 67 -99 5 100 -35 1 -62 -61 -56 -90 57 -5 63 -44 -7 88 94 -11 -9 -88 -92 -74 10 88 -36 -23 80 -89 50 -45 -47 28 92 -95 -39 61 12 -29 -100 24 -11 -12 21 76 
-65 -17 34 -53 24 100 87 81 23 -61 -29 96 -95 -20 -28 -70 46 6 54 57 -22 29 -60 -56 -14 91 -68 -6 -90 -63 32 95 -50 -78 -96 25 62 56 38 21 -78 -70 -35 -41 38 13 53 -23 86 -37 -39 -8 87 -51 -61 51 -74 -85 -80 -5 0 97 -25 -67 34 97 12 40 -54 47 28 -77 26 53 72 -44 91 91 -9 -16 -82 -75 1 -66 -27 -49 74 -74 -40 73 -27 -29 97 90 -11 46 -28 67 -57 -80 -50 36 21 -24 84 86 -67 -93 -95 -23 46 -89 -49 72 40 74 
-10 72 -95 -22 -59 -78 83 -38 65 17 91 -73 -27 99 -60 9 83 18 38 64 81 45 -97 -92 -84 -14 -24 -41 -16 23 88 -93 -3 -42 96 0 -67 51 7 -95 -67 90 -26 24 67 86 -37 -85 -85 61 86 10 -51 -14 -30 81 -43 87 38 9 -54 63 27 42 -91 -87 -54 -62 -99 14 -46 16 -15 -11 71 72 93 59 60 69 10 87 25 50 55 -77 100 65 85 43 98 -64 68 -86 -81 -12 8 3 65 -72 -51 -87 82 71 -92 68 69 -27 -89 -40 3 66 14 39 80 1 
31 -6 56 29 -33 -44 -68 -63 61 38 91 94 83 -41 -34 -86 -83 -73 -54 -18 -6 68 42 1 -91 42 -60 -72 61 -54 50 23 -52 -71 85 30 44 97 -62 41 -16 74 94 100 -61 -63 3 -64 16 62 -24 -35 -54 -64 8 -54 -24 -11 70 -3 90 -90 2 -91 -70 -21 -71 30 51 -17 36 -28 -40 12 55 -43 43 16 82 58 -18 21 -8 -56 90 -33 -75 89 75 65 66 -13 -33 100 79 -14 45 -53 61 16 6 55 78 -90 31 59 -13 55 21 62 4 -90 20 -10 93 63 
-59 -80 -25 -90 -14 27 34 -21 -24 -88 -83 28 99 18 -16 -68 -73 -56 -52 96 -30 22 -52 6 0 -17 -56 -73 -48 -13 -2 -28 -74 -68 36 -12 -59 -28 28 -70 65 -1 53 39 13 48 13 11 -95 -69 83 -27 -23 3 9 52 -38 -10 -94 85 71 34 6 -71 10 -98 91 17 42 44 -70 -92 -94 55 -74 -54 -58 6 23 -39 -52 10 60 -51 82 -51 -85 75 28 55 -38 45 -10 -66 53 71 -27 63 -21 -72 47 25 -4 -100 69 12 19 -84 -20 -27 67 16 94 84 -79 79 
-23 -83 -84 77 6 -28 24 11 -4 -67 -64 -5 52 -68 28 -22 -86 41 76 -98 -55 15 56 -25 5 -64 -25 -68 38 -33 69 8 68 -99 82 8 -76 -80 44 62 -86 -74 -1 -70 26 -100 -74 -72 57 -54 34 -79 -1 -12 -27 -49 15 99 66 95 -70 72 28 -92 92 -93 -62 26 -19 -20 48 -84 -47 -98 72 -53 70 96 35 10 -59 -21 53 63 20 -13 -90 33 -46 85 85 32 -59 50 -98 -37 10 9 -9 -52 -28 -12 1 32 76 86 19 -93 -4 -69 37 -33 18 -14 39 88 
-19 94 17 38 23 -97 -90 81 41 69 -64 38 -79 -57 17 33 -68 63 51 -90 51 14 -39 -76 15 -5 -30 -60 -63 77 1 94 27 48 30 -52 -66 -88 -55 10 48 -57 13 66 -9 34 -2 -94 -30 61 60 8 -24 -39 82 -55 95 52 -45 -77 -16 -57 42 -30 98 -88 -28 -85 -47 -4 8 -99 43 50 27 -90 56 57 -88 65 50 -48 9 -49 -13 -50 20 -60 -72 -50 51 -29 72 60 -81 -16 42 87 68 22 -20 -72 68 33 -92 -55 25 -11 96 -61 30 31 -75 -68 45 -6 
-78 -43 -100 -23 47 42 -89 -29 40 -99 -34 79 -89 51 -81 -36 70 65 -65 -34 23 75 -18 30 81 -58 12 76 70 -56 -8 -9 48 59 -57 -2 6 100 64 -85 -42 84 -14 60 -53 47 -26 0 -6 14 39 -1 -67 31 -54 41 79 -74 57 -52 6 -55 67 10 -80 72 -90 28 -48 55 -10 -7 49 -69 54 -59 97 -91 -17 -93 35 -67 62 60 88 -1 -43 -91 49 -35 -90 25 -15 82 -99 -88 -84 79 87 88 23 -74 85 30 0 -39 -59 36 -30 -78 -99 -35 83 -87 10 72 
91 1 -52 58 40 -74 21 61 -92 -95 -79 -81 -1 -96 48 -61 -30 -29 -41 -99 8 -1 -49 -6 34 -79 -7 -14 -48 -21 -7 -94 -80 -63 -37 39 -30 -50 0 -40 -36 -96 33 -5 -1 -77 -45 34 -80 -16 22 82 -94 55 24 -7 84 -69 13 -16 -90 33 -12 -85 72 -31 56 -10 -81 10 -14 -43 37 17 60 -79 -12 -30 0 47 -90 -91 12 28 70 91 55 81 -36 -55 51 -65 -75 -87 16 -9 -97 96 11 -89 52 -91 -82 58 93 66 -51 -66 -92 28 60 -41 -46 1 55 -46 
64 -15 -19 -42 -84 88 -95 -28 67 52 45 -44 -81 -71 93 -84 -4 -40 -3 41 -60 74 -34 -46 8 27 -35 -71 41 54 21 21 16 -49 -21 -78 65 -26 10 -20 33 31 63 94 -49 -40 -33 9 -39 53 70 -71 -87 51 15 -72 66 61 29 -90 -44 -72 -97 -65 -73 46 86 52 -14 -54 -51 68 36 54 31 -57 19 -75 -99 65 -44 3 -4 -38 75 -86 95 -87 81 20 -76 -40 51 -57 -94 6 -38 81 -26 -7 75 -90 -78 -57 -47 -89 -60 -10 4 6 80 -43 48 -52 -6 92 
-5 -29 37 24 -45 96 91 97 -89 -34 45 -93 -79 34 12 -53 80 -48 91 -82 -59 -92 66 29 -5 91 -87 -13 71 -42 10 -27 -89 -5 -76 -77 -62 -14 77 36 90 -78 -39 -91 -97 99 15 58 92 100 39 63 -33 -59 14 -40 -8 -90 3 92 27 -98 65 -56 -53 -41 -68 24 57 44 15 92 90 -4 2 -49 46 -55 86 -8 58 10 -94 -15 96 78 -28 -87 86 -58 -56 -82 36 39 92 -15 -80 -34 23 -66 63 64 87 99 0 57 0 -56 -8 -35 -50 -72 -67 72 -66 23 
9 47 -94 -40 -50 34 -52 -20 -24 -53 -67 17 10 -19 93 -86 74 -43 -88 -55 48 24 -61 -87 8 78 -19 -10 -29 58 -65 -99 15 25 -58 -55 10 44 92 -79 -73 34 84 94 11 -33 -73 -25 19 -22 41 -13 -17 58 -94 62 62 19 -87 28 0 7 -18 -100 94 36 -34 62 8 -89 89 65 48 93 -52 21 0 -85 71 -5 -15 -68 -96 -87 45 89 78 -64 -44 -2 47 1 32 -40 -37 -51 -7 -59 50 41 -35 30 47 -84 63 -70 -64 69 86 86 -17 67 65 -68 -23 -55 
59 71 -47 -93 -75 -23 -53 15 62 6 -47 -82 97 -95 41 -56 -70 -42 -20 62 -16 44 81 19 22 87 -73 77 -94 -62 1 92 -41 81 14 2 -18 76 -22 46 -100 -91 -82 99 97 87 85 -89 -75 -12 -77 9 -15 -33 -11 51 -44 -30 -6 2 17 -46 12 -66 50 80 -18 -49 81 46 37 -71 48 -28 -83 68 96 63 61 -39 -21 39 -56 -72 61 75 -36 8 91 -85 -8 43 -87 48 -62 -82 -19 -72 6 39 -69 -79 15 -19 93 43 -57 -45 -41 87 47 -44 8 13 100 90 
-53 -58 18 -87 24 -32 -9 -15 81 74 93 23 75 -33 95 -32 -72 -57 -35 -61 62 9 -86 37 87 58 -53 9 35 40 10 -60 76 -29 -53 8 14 -67 -22 -77 77 35 -11 -10 10 42 -25 -19 -70 -53 95 31 -61 -78 58 -24 -50 97 -46 -86 0 -39 11 89 -28 -72 -53 40 -33 -36 9 87 -7 90 5 29 54 -4 7 89 -45 90 17 61 42 29 35 -44 -54 22 69 -88 76 -32 77 -25 -37 -19 5 -26 46 6 -75 22 12 89 -80 -16 13 -84 -89 -93 -77 29 -29 -68 
60 -82 7 -7 53 -71 8 -16 -50 -72 73 97 62 -88 64 7 -98 -13 -74 62 24 -80 97 76 -27 90 -86 -89 23 -99 57 83 -99 78 -40 4 69 82 -31 26 -20 -46 -71 -30 -36 -72 -79 -95 40 19 92 20 88 -69 -69 -100 6 59 0 -70 -81 43 92 99 -94 -31 -98 -52 -3 -9 29 -97 67 -18 -2 1 79 40 5 38 94 32 69 71 -51 -48 12 -87 -78 45 -74 26 -68 -92 17 -44 -33 -86 -75 -74 11 74 -44 -60 -17 -82 73 36 -89 -7 -78 88 -21 82 11 -14 
-46 -45 36 -40 -14 67 -44 0 -89 51 -5 35 -91 -5 90 -50 18 -67 -100 34 89 -37 44 -73 38 -28 51 61 34 -64 -27 -73 -76 59 -14 50 30 85 -50 -54 85 74 -8 51 -11 64 29 -30 -100 -21 1 -94 -6 -51 77 30 -75 49 85 -76 55 35 -32 43 -76 -80 -80 70 -20 75 -77 -78 -5 -89 -90 -25 94 -76 70 31 -37 66 -28 -24 7 96 -41 -49 5 -94 87 86 39 -23 -82 2 -17 28 12 -54 -25 92 5 14 16 -70 54 65 -40 -31 22 -76 -98 -84 -99 74 
34 -53 84 98 26 -36 -6 1 18 -70 81 56 24 67 -40 48 -42 -39 32 -12 59 98 32 80 -48 -66 -61 -75 78 -21 32 26 59 59 -53 66 -81 14 72 -12 98 -24 10 -71 -65 2 -97 -23 1 -53 -21 -41 45 84 -30 8 98 18 -55 77 -41 0 -95 -68 81 79 28 27 49 21 -74 2 -11 -35 97 31 54 80 -54 -37 8 18 77 -32 -16 -26 41 40 89 7 -65 54 -67 90 38 61 78 24 -58 66 -36 -20 -80 -34 41 -33 -10 50 -11 -65 -61 -7 -2 76 16 -32 
19 70 -100 88 38 -24 -62 -17 78 -43 -46 -70 28 96 -82 -45 89 87 87 86 78 31 -98 -28 -89 -67 79 35 71 -64 -54 -35 -42 -59 5 -96 61 41 55 30 91 84 -90 77 -41 1 53 93 15 66 -100 -58 -80 -20 47 -13 -20 -94 53 9 -53 -31 -47 77 94 80 -67 -89 95 -68 58 -49 -55 -39 -25 -59 -45 -92 -15 -43 -63 9 -94 34 23 -21 -3 3 29 -68 15 -2 -59 98 -72 34 -2 42 -70 -40 -47 -70 21 -85 -97 32 92 -4 -11 -47 -95 -6 36 -71 91 -55 
-3 -19 -56 -89 -41 -100 -4 -1 -79 53 -22 -36 8 49 9 -44 -26 -90 -44 -69 94 -23 -47 -99 -37 85 32 21 -2 -35 -33 -94 89 -7 20 -96 -30 76 -56 28 -70 85 -86 58 90 -23 -71 -73 -56 -93 -22 -49 -48 69 63 83 31 -85 -85 95 50 8 54 45 -50 -20 64 100 -45 -53 61 0 -41 83 -8 -32 82 2 -16 92 -35 39 29 76 -16 67 49 -44 -31 -99 -87 -87 -91 76 18 8 21 28 -94 59 -10 -25 9 78 85 -51 75 46 -16 88 53 -28 2 44 86 -59 
30 76 74 -82 32 85 6 27 65 64 -37 99 40 -49 5 67 -67 26 15 33 -57 91 95 55 66 70 73 -30 -75 -16 -33 54 -46 7 -60 -24 63 -89 62 33 72 35 -78 67 -25 -42 38 60 64 -4 99 -18 31 99 -55 81 -84 47 -23 76 -72 -36 -18 -44 -56 36 94 51 -67 -85 54 -22 65 -56 -44 -82 -14 -39 -48 5 -67 33 45 38 91 54 -30 8 70 -93 45 -66 43 -49 77 90 -26 -24 24 72 84 73 -67 -6 2 -52 -95 84 -52 91 21 -63 -35 -54 -47 72 
-33 -68 24 46 25 66 -32 -34 -23 79 -89 93 83 95 -90 -9 1 80 38 97 64 -50 90 45 13 63 -47 -60 55 9 -77 -38 10 -33 -6 76 -66 -66 37 77 -45 40 8 -52 18 -6 23 35 48 43 18 -89 -60 84 20 -18 79 -60 -35 -61 -29 -3 -21 -58 83 13 84 96 -59 60 -10 -30 -73 69 9 2 39 35 55 -16 -84 -6 0 -84 -79 23 -94 -23 50 55 55 -60 15 -20 -76 -24 -26 -18 -47 83 32 -16 76 -32 31 -35 5 -2 -57 -71 69 85 -51 -22 -44 57 
22 -10 -76 -72 -96 68 84 79 -30 -5 -72 1 75 73 91 4 41 81 41 16 -77 95 98 -25 -52 68 80 -64 -75 -49 24 36 -32 37 -23 81 100 -55 63 55 -84 64 10 -63 93 12 -81 -99 19 64 67 2 65 -4 54 -21 43 -78 87 76 66 -42 25 -31 -90 -30 -29 65 -63 -75 1 -55 36 54 -12 -85 41 -45 -54 67 -46 61 -57 60 -25 7 -93 95 47 82 5 -39 6 -78 -23 -34 -51 -42 38 98 68 88 51 -56 -74 -68 83 -77 61 42 46 -7 -43 -73 -12 -59 
85 98 -96 32 -54 -38 44 25 31 61 -23 32 -5 -26 60 99 -52 -24 -78 -24 -87 -49 -13 -79 73 -94 81 71 44 13 -50 66 -82 26 43 95 28 4 25 -25 -8 65 5 -62 -71 -81 -98 -36 100 21 92 -7 69 -58 -63 -73 10 56 -84 54 -9 17 9 89 70 -6 -47 -58 94 86 -86 -3 19 54 -94 -85 -96 -54 -2 60 63 -37 -77 -59 -31 85 7 10 -26 86 -36 73 -13 -47 62 54 98 84 -24 40 23 81 -73 23 -31 95 51 -28 53 98 33 10 -58 -24 -54 -32 
-24 -73 90 67 -68 28 -81 72 -53 -95 57 10 83 88 84 1 -83 31 6 -54 -14 100 61 26 72 99 -65 71 22 -2 90 -10 -53 -2 -36 4 83 -69 82 -60 -66 32 -43 9 -54 -76 -59 14 -10 -91 -79 -100 -27 -73 26 13 26 -34 22 45 -97 98 18 53 -36 53 5 -1 -43 21 -30 -40 88 -86 58 26 -31 -56 72 -82 39 57 -5 84 -13 76 -72 69 24 27 96 74 -40 -37 82 -91 50 -84 -97 -32 -98 47 -83 -90 -88 70 -17 3 -57 21 -100 13 -86 -55 40 -49 
-97 -29 -45 74 58 -5 -61 30 -66 71 -85 33 -47 76 3 10 43 53 59 -67 77 84 -16 -84 58 88 -92 58 74 28 -71 48 -12 -51 82 80 75 -91 -69 28 32 -29 53 0 17 42 45 -33 -89 -5 3 -97 8 71 66 25 24 -46 -84 -86 25 -40 37 -34 3 39 -25 -55 9 33 41 97 70 -84 -67 -44 65 31 64 3 -16 72 100 -37 -85 -42 -84 82 -67 -85 77 -70 -44 -45 -10 39 8 -76 -66 9 -11 57 -7 -89 -85 -58 34 -44 28 64 -44 96 -35 -45 -21 56 
-52 -64 -79 33 -44 -49 91 -98 -35 19 -37 55 -100 -26 -55 66 64 -71 35 88 -17 100 89 -11 78 -80 47 58 -20 43 0 85 -66 41 -83 25 70 12 45 100 66 -44 69 18 -93 42 13 -72 2 74 -51 -59 72 -61 -19 17 63 -19 76 14 -74 -5 65 -40 5 -3 91 -93 -71 91 -87 -98 -59 20 46 20 -94 84 -74 -47 55 39 73 54 2 44 -22 -44 -58 12 82 3 18 5 41 -26 -51 50 15 88 73 39 27 -47 81 -28 51 -35 -98 -2 -63 -59 52 39 27 55 
64 -32 34 23 24 39 -42 99 100 -49 50 -80 56 2 80 28 55 66 23 82 -36 -7 32 -49 84 -14 73 -47 52 -76 88 -35 39 -33 40 -29 -92 65 62 45 57 -21 -84 -17 -19 94 58 -46 -65 80 47 82 -72 -50 20 -94 -66 26 18 60 29 94 19 52 98 93 88 -11 -77 -74 -22 60 31 24 -14 -28 -90 30 -84 -48 -71 -37 86 65 -78 -37 46 82 -78 75 27 -5 -82 32 57 40 78 72 33 97 -76 -52 -45 13 -7 -51 91 86 -63 -90 -81 19 -36 -3 -33 -28 
9 -63 73 48 -100 -65 59 48 37 45 -6 -1 -83 -96 -26 -59 83 -69 -60 12 -30 89 -50 -41 95 -48 -33 -36 60 -45 27 -94 51 -22 10 0 -72 41 -12 12 -74 71 72 76 35 50 27 -44 87 -9 28 -31 -26 -52 -88 -57 52 -37 29 10 -98 -92 -60 -81 82 89 89 69 5 17 -66 69 -90 31 23 -98 63 67 -36 -90 38 -78 -84 -82 93 -38 -29 -74 -44 -86 67 -15 52 50 36 80 -75 -7 72 32 -70 -95 85 77 33 12 20 -97 -30 -94 -95 67 56 80 -74 -25 
-73 10 44 26 -52 -96 -49 81 83 -30 59 -11 1 -62 -79 -62 -34 -38 66 51 -97 95 73 33 46 58 -79 -57 -78 -77 -21 -13 -9 36 10 -23 21 31 -88 -9 14 -90 -76 -23 -37 -24 4 33 89 72 17 -56 -27 -54 83 -52 68 -63 82 24 -58 79 28 27 -43 -17 -43 -3 53 49 90 65 -22 -32 22 52 -66 75 51 87 -66 39 69 -34 -69 -74 3 74 84 -13 -75 -24 -56 19 -41 -65 -81 -77 58 -13 75 -63 -84 -1 -84 26 -47 73 -67 14 57 -60 -21 87 58 -39 
12 -47 93 1 -73 -79 -78 63 -8 -94 -55 98 -3 -92 83 67 77 -42 -53 38 75 -67 24 79 77 45 90 89 29 -13 -90 -84 -64 -82 35 74 98 70 -94 -83 40 -41 62 -31 -43 66 -99 39 -57 63 -25 -37 19 -88 70 -54 -61 98 79 91 -73 7 -89 36 61 -65 52 10 -81 81 -4 -37 96 -73 7 45 29 10 -21 48 65 95 -3 -4 -46 -36 90 -55 36 1 -84 13 -67 22 -20 89 -94 -79 26 -35 -78 -87 -8 -56 -68 -63 93 18 -16 53 -6 -91 49 52 -99 -17 
60 -95 56 24 -45 49 -52 100 64 47 -4 -76 -98 16 -80 -23 100 45 66 42 -97 57 34 33 -87 88 13 84 -55 29 -77 -52 -66 -48 -15 51 76 -73 61 -19 -96 99 -79 -34 -93 33 60 48 -20 67 15 16 7 20 53 36 16 6 -13 -73 19 70 64 26 -97 82 90 -25 -25 84 -82 -48 39 64 78 -81 89 47 -93 70 90 37 -36 -21 -44 75 92 12 34 44 50 -18 0 14 70 15 -18 -59 85 51 -76 -82 0 -6 43 -54 -76 56 -65 -24 100 -23 65 85 86 -60 
-4 46 87 69 4 21 -14 42 14 45 93 -41 60 88 -76 -72 81 -37 -78 -41 0 -72 -23 -86 85 -22 -69 -2 -35 -38 64 84 -22 -92 -1 14 -100 99 9 -37 -1 -75 96 -53 30 -75 -49 -97 -51 76 -73 -38 -74 57 -11 -20 71 10 49 -75 38 -49 -24 65 28 89 -45 26 -3 80 3 100 -90 -55 -54 -3 -98 74 -80 -6 -34 -22 95 -79 29 -58 -25 -26 42 -58 91 99 -84 -34 -29 -100 -73 70 0 62 -80 86 28 24 44 56 -95 2 -44 78 32 19 33 12 25 59 
8 -11 -61 -74 53 -11 -16 96 -9 -84 -85 18 86 -24 8 -30 17 68 -15 -12 58 -93 -54 11 -35 -97 -53 -48 -22 83 -52 9 0 -22 -3 -89 -28 99 -54 -64 57 -45 79 45 21 -40 -1 85 23 -51 97 8 -83 -20 -67 81 33 81 -41 85 -28 72 -49 76 20 90 59 -40 65 45 39 -46 21 99 -1 21 -65 -75 -73 -80 -9 -95 48 43 34 74 66 -51 36 18 -54 -44 -84 45 -24 -95 38 25 97 -61 91 -55 19 16 -93 75 81 -10 6 -61 9 -44 11 13 94 -55 
64 -22 -59 -14 -19 77 77 47 -13 15 44 -49 -98 -83 85 -44 80 22 9 -27 59 -57 64 -88 -43 94 83 -85 5 -52 -25 62 24 57 33 -30 23 62 4 -9 49 12 1 59 -48 -2 10 78 18 -13 47 -97 87 -98 98 -30 7 -50 -93 35 59 -49 -4 99 -92 -31 -69 84 -59 -27 -39 -2 87 59 80 -53 -71 -60 16 33 68 81 66 37 22 53 16 -72 47 -67 44 35 -33 -12 76 -12 -91 99 -46 42 -19 24 91 0 -62 88 98 -99 -29 -33 16 72 44 -80 53 19 
-87 -41 73 -51 32 -38 -85 -29 -66 -70 42 75 60 66 70 -69 -96 -34 -75 -6 8 -66 -47 -41 -41 -64 -68 8 -77 -86 84 62 75 -82 -18 54 25 -30 -88 93 76 -21 12 98 -86 -94 -10 -4 0 -9 -91 -25 29 63 -76 -76 -3 -14 66 -75 -39 -21 -65 31 -75 71 -32 -4 -15 26 76 81 -22 -89 -39 -2 -89 31 23 -31 8 26 66 -89 -45 59 60 -36 93 62 78 61 44 -77 80 72 46 73 18 29 12 -67 -38 -61 -39 -83 -20 62 -80 94 99 -45 -96 14 56 3 
-48 -27 18 -74 -29 -54 -32 50 -51 -9 6 -31 -43 -95 87 -72 -3 -63 -97 74 -53 12 -32 -2 -36 -97 4 -31 43 41 -15 89 -36 -33 53 53 -7 -69 -95 -92 -18 8 65 47 -79 -47 -75 73 13 -96 90 69 -66 35 64 -94 39 35 -9 62 -85 86 -52 82 38 62 -52 -91 -100 35 -2 -32 32 2 -47 -48 29 -37 43 -87 72 67 -4 50 -80 82 16 10 52 -64 -10 -95 19 -71 -76 13 -34 -99 -100 59 22 -90 -68 -2 -50 18 10 -23 88 -26 -56 67 18 30 -65 0 
45 11 89 -53 53 -15 -49 -25 -18 -70 -41 -7 -9 -99 41 -99 -1 -93 -52 37 -7 58 -90 72 7 83 -42 85 -63 52 -46 57 16 -5 10 -73 92 93 -61 -72 5 -40 51 -68 75 -77 65 -89 -70 17 -85 -95 46 17 -80 31 91 -83 91 -47 -42 -10 58 66 61 40 -50 32 -35 -93 60 -67 -87 7 18 91 32 35 2 36 -65 25 67 30 -97 -52 -9 91 13 12 12 -29 -88 2 -81 62 71 49 -6 89 38 11 32 54 16 86 -80 72 30 84 88 -58 76 93 27 0 
34 13 -24 -17 11 -71 -77 -4 -63 -15 -24 -90 3 -88 47 43 -91 70 -55 72 83 74 -78 -48 48 74 73 37 -95 2 90 83 -92 20 -18 8 -93 -63 -42 88 41 -91 -35 -73 -63 -71 35 -100 -2 26 17 -81 -77 -59 44 -88 -43 98 43 12 33 -22 54 -76 97 -55 -12 13 -51 85 -91 0 10 -65 77 4 -8 15 -71 -35 26 -55 -19 -94 90 69 14 40 56 14 -24 -20 -97 69 -5 4 38 93 6 -15 -71 -74 99 87 -73 -17 16 14 -15 -14 30 -4 -83 -95 -25 -3 
75 -98 -86 -58 85 -54 -51 40 -62 60 -96 -21 37 -64 56 7 -28 9 62 -54 34 -64 -26 -29 13 83 -89 17 51 86 -40 34 88 48 -87 -21 -18 63 -8 8 64 -58 64 38 -83 97 35 25 -99 -12 -70 28 98 -60 -41 81 -80 -29 77 -10 -28 3 -8 -81 -75 -94 5 -95 -20 82 92 7 -73 70 -22 -21 -41 59 -52 76 74 -30 34 -11 31 87 -9 -23 -11 -25 40 -58 -36 -53 -81 -65 20 40 -78 39 97 20 -63 6 14 63 -42 9 46 -34 83 29 45 36 43 52 
63 -97 91 -90 -83 43 -2 -43 25 64 42 -26 33 -62 -27 -24 -5 45 17 66 -53 55 -52 15 95 -40 45 39 -52 -74 -20 18 -41 19 -48 -73 -32 0 86 -83 -97 36 86 3 74 10 85 93 17 -65 -41 -54 -61 -59 -91 -44 -10 98 93 7 61 74 84 26 50 28 -98 38 -91 -24 33 65 -56 -45 -58 -49 15 76 79 -62 70 -54 -74 -39 -21 58 -96 -21 56 -95 82 -86 -25 -63 78 -74 51 -2 87 -14 -79 21 -13 13 89 60 -71 70 -63 -12 9 -80 27 -80 94 -57 
-90 -27 -78 49 -17 -27 -100 51 -33 37 42 -57 96 -82 49 -1 97 -7 -4 22 87 -55 -41 -87 66 -100 66 78 57 -85 93 16 -84 -44 66 9 -60 77 73 26 65 -60 57 50 -41 -67 40 97 -43 52 -38 -21 10 -100 33 -94 85 -39 -42 93 45 73 84 18 -77 -93 82 5 94 91 54 71 -91 98 -20 -60 -54 -71 -85 81 13 99 93 -7 -14 -38 37 20 95 -85 -45 -57 -98 53 37 82 -82 69 -56 -65 -44 -13 -16 -29 23 -65 -97 60 -82 99 10 -76 -9 87 83 89 
-75 -57 72 -17 -95 -26 52 -99 -82 -37 9 -24 99 -63 -15 20 2 -37 45 46 -30 87 -56 77 -68 -87 -43 -50 -46 83 -57 -81 -32 95 79 -84 63 -13 2 -89 44 -50 -37 45 -36 -28 -69 97 -96 13 21 -99 -81 -10 13 74 -79 20 -69 -95 -62 29 -42 84 79 -33 -48 38 -90 -55 72 16 -76 -62 -15 55 3 -56 80 22 -8 -25 7 -13 53 72 -78 74 -9 42 -10 -21 -73 -67 -16 55 -39 -25 49 92 46 -18 10 -81 14 76 8 -98 -77 81 -58 -82 79 78 -67 18 
25 96 -37 31 51 17 -68 -39 7 36 -15 6 68 2 -75 10 46 97 92 91 -66 -67 -35 72 20 60 14 -82 -45 54 74 -41 71 51 -21 -32 -37 80 59 93 -1 16 13 67 -20 10 -15 -13 52 -16 69 60 -35 -36 -42 48 42 -62 -78 0 -82 57 -21 23 -41 48 -48 -29 30 74 -50 72 -84 78 -92 -36 88 45 -55 -60 -85 41 11 -5 37 100 -39 93 -7 91 -52 26 52 -49 -5 21 52 -89 -7 -70 96 78 -49 -73 68 61 -39 45 25 -16 68 30 -98 14 91 86 
-2 -25 -26 66 87 23 -82 -82 91 43 -100 41 51 80 -61 39 85 -1 -39 18 -85 5 90 -15 -23 -57 -45 25 -81 -62 -42 98 84 -14 -24 -87 -72 -48 35 97 46 -7 -72 71 -95 96 57 -61 10 -72 38 -54 -7 -37 72 -73 80 17 62 69 81 -38 -29 33 12 65 24 97 6 63 -40 41 -37 -78 65 -51 -90 -88 55 -67 -36 -80 67 83 -77 -15 -50 64 84 -66 28 -9 -42 10 52 68 85 98 -53 48 -42 -81 4 -81 89 -63 -23 13 -48 84 -55 -74 -69 -71 -30 -24 
-61 99 91 -65 -67 -58 14 78 31 -64 56 44 8 14 91 57 49 68 7 52 63 -87 16 71 -38 21 76 43 -20 27 -97 61 -26 98 -87 84 37 -46 -79 -72 -5 14 72 -63 74 6 -47 86 70 35 71 -26 29 91 -48 27 -40 87 46 -73 -19 -35 86 -100 81 -53 72 71 65 -13 -90 -27 -62 -31 -80 -27 -38 26 -71 23 100 19 -100 44 -76 -29 87 28 100 -47 -93 -83 -97 32 7 88 -65 86 16 -55 -63 -48 97 85 -22 -60 -51 -22 91 -30 35 6 -6 33 88 -48 
-27 -55 43 59 58 51 93 47 -18 96 85 -84 -81 -63 -56 30 85 82 56 -11 -99 -56 -33 -68 -43 -19 96 34 75 28 -8 -82 -30 -98 -19 -36 -14 -27 -73 74 -27 43 37 76 28 83 36 58 54 -28 48 -23 32 60 70 -10 12 85 71 7 7 27 32 93 -85 27 100 20 42 81 -26 -60 23 10 -90 55 -86 91 39 25 -13 59 56 -33 -65 -25 25 -84 -21 -44 -68 48 -23 -5 -82 -52 -10 -62 57 75 -15 -43 -50 54 -25 -51 -28 -81 11 -6 -28 97 41 -53 -58 -88 
-90 44 -22 46 9 69 -69 0 -1 -44 -61 74 -70 49 79 -53 11 -85 95 2 43 -54 -98 11 29 -58 35 73 78 88 19 -89 -29 7 -75 -16 -77 -41 72 15 -75 -50 51 59 -9 -22 35 -56 42 -94 -7 -9 23 -82 -37 54 88 40 94 -83 -42 52 32 19 5 35 9 9 56 -11 -24 -91 -54 46 6 -25 71 84 4 28 -44 75 -44 18 69 -34 -47 -58 81 -37 60 91 96 -96 16 -48 30 71 27 -51 -33 69 -3 66 -71 -15 -50 12 6 42 7 -91 31 23 -87 -95 
9 55 -2 -15 60 14 3 -60 -38 23 -87 -53 24 48 69 60 -36 79 78 -5 4 33 1 96 90 51 -69 -12 15 15 98 -65 74 -53 -22 26 63 49 -92 9 -88 66 -46 -79 -46 -90 61 90 99 -54 -35 -95 91 64 39 64 -88 33 -83 -78 69 46 -96 90 66 -77 81 -24 57 -98 9 38 55 -62 -87 74 81 -38 -9 -21 64 -20 -95 76 12 100 -56 -64 66 58 40 -9 37 -3 44 -64 92 90 54 23 75 -76 22 -56 89 56 66 97 -98 61 -10 -36 -32 -98 -48 -72 
-90 36 83 74 24 -85 -99 86 34 -46 -95 -74 -13 35 23 47 -80 -80 58 42 -55 -91 -21 27 91 -5 97 0 62 42 -88 74 -50 72 44 -54 -58 -91 -30 99 65 69 -75 33 -51 -22 65 -84 64 55 80 -14 91 66 -49 -97 4 -99 23 -53 41 79 -56 -13 -90 -30 33 83 29 54 -67 90 -46 76 69 57 17 46 -5 -8 5 -98 88 -38 -74 -14 34 -82 42 75 64 -28 -50 -14 -1 18 -24 -19 -49 -18 83 -18 38 98 71 -43 -96 -82 58 63 62 5 -18 72 -96 -53 
-30 22 49 -75 -17 -91 -3 19 68 -8 10 -22 -83 43 -10 -95 6 68 -51 -25 -49 63 0 67 -3 -89 48 -48 40 -36 34 -85 -88 27 -5 38 63 85 74 36 -13 27 30 62 -41 -10 -33 -22 -15 -47 -49 84 19 74 -85 -69 14 -100 36 9 -99 65 -75 -31 64 -3 -100 87 -14 86 19 76 -77 -57 18 -6 -95 46 -33 28 -57 42 -36 -54 6 -71 -98 -67 24 65 -16 57 -51 19 55 -35 37 28 55 67 18 -88 -98 8 84 -31 -85 62 -65 -29 76 -22 62 -1 -3 15 
-77 87 -83 -61 -76 61 -48 90 0 83 14 -96 96 9 44 93 -22 -15 77 -4 96 -14 -21 29 12 47 -74 -74 74 9 -79 54 -24 -47 -17 -67 81 -50 54 -29 -54 -86 17 32 -35 66 -82 -5 53 -30 -13 87 56 -2 -96 -31 -31 11 79 82 78 -47 85 21 82 -2 60 -26 -21 36 49 -68 47 43 69 -56 95 -96 58 27 -97 -82 -50 -28 94 8 -53 -48 -50 80 -78 37 -79 -16 87 -15 -67 85 -23 -32 -36 70 60 62 26 22 -6 -45 25 -49 -33 6 -40 68 0 -91 
-61 -50 -57 84 -67 -78 -51 51 56 27 -48 -24 -35 -62 11 88 -4 -25 -59 92 -84 -88 -24 23 79 90 26 -79 49 7 1 -43 -78 -26 -73 -2 1 76 -90 55 -88 72 -85 -25 -88 -75 82 45 -61 43 -34 -26 -71 2 -27 -72 87 -51 18 -75 -44 -44 -64 81 17 -66 -7 69 51 59 -58 34 93 -6 -6 -9 74 -75 45 -82 -24 77 -46 51 0 -2 73 26 -3 84 -90 -66 31 56 7 17 -86 -65 9 -43 53 -76 -84 -74 93 24 82 73 -31 -88 52 -72 48 80 -15 -32 
19 67 -15 -13 -33 -41 -40 26 67 -72 60 -90 -47 24 -35 -15 -8 63 24 -5 83 85 -66 -42 -100 79 0 -32 71 -67 -53 84 -62 41 -75 -34 88 -24 85 -64 -15 -11 -77 4 21 -2 -55 93 63 -59 69 21 19 77 15 -34 56 19 -91 43 -18 16 -87 70 13 18 83 66 42 -44 43 53 -69 -13 22 -39 -47 3 11 -23 95 2 58 63 -85 -6 84 -36 64 54 89 96 60 62 67 99 66 -64 -75 -32 -5 56 89 15 81 45 51 35 -77 54 12 60 -21 -9 -6 -99 
50 30 -46 84 1 -32 17 -96 21 -37 -12 -63 -63 -61 96 16 71 -52 -16 55 -39 -77 -71 -85 20 85 78 -18 -65 -61 -39 -14 23 57 38 -84 -57 35 78 16 96 18 5 72 65 10 -59 -34 -98 40 33 -8 82 87 -86 -65 56 78 -37 -9 71 86 -78 20 8 -43 -92 97 -85 -95 -95 -54 30 -39 50 -67 35 6 85 -65 -69 -7 -67 -20 73 1 88 -54 -66 29 84 -7 77 50 60 -96 99 -76 -97 79 -59 -11 29 69 -92 -2 -28 -38 32 -96 -17 -82 23 84 81 98 
37 23 59 -51 -68 31 -39 -3 -72 38 -88 64 -49 66 -9 36 95 -61 30 21 -33 -39 73 -32 -58 54 -81 -92 -23 27 9 39 18 70 -5 -93 45 92 -54 88 -85 11 73 84 -26 19 31 19 -58 89 -49 48 70 -14 -69 -72 64 81 38 -72 -39 -70 77 -39 18 42 -96 -96 97 32 -38 -76 72 77 -73 -25 -92 27 -49 74 -5 88 70 11 65 -50 -41 -7 -77 -40 -89 16 -10 11 -65 21 91 70 8 -16 -84 64 24 24 96 99 47 58 -90 -69 60 -76 -4 90 -85 -11 
75 -75 -53 62 43 34 -95 30 26 -55 100 -84 -70 -41 13 -56 -22 90 -82 78 67 -23 -66 71 24 64 30 18 20 -58 7 95 7 -44 -13 -25 71 -56 14 -3 -85 33 -1 -71 88 -32 -85 4 -52 -57 76 90 92 47 -91 -9 53 -96 -76 -74 58 -76 85 -25 -63 -57 41 -20 -49 69 5 -61 -86 -55 75 64 -69 -23 70 25 -39 -5 41 59 14 52 -90 91 -80 -98 27 -33 15 42 -44 -13 34 4 80 11 19 -32 82 -16 92 -22 66 -69 -15 -6 -74 -37 -55 -45 -68 -76 
-8 -25 -70 46 -10 55 -70 32 -8 -89 99 3 -11 -7 20 86 -70 -63 -5 64 -41 -48 93 98 63 4 -69 68 23 83 21 61 -7 -43 -87 -60 65 41 23 77 -20 -89 13 36 50 91 -66 -76 -35 -87 42 42 4 -42 15 11 -74 -55 66 15 -36 -56 -77 -10 6 19 100 65 -7 -74 31 78 90 20 -16 -92 -100 10 6 -15 -83 44 -2 77 -21 -48 -48 49 -5 42 75 -18 71 92 26 -18 21 -88 64 63 -39 21 -81 -6 42 -88 10 29 -2 -32 10 14 8 9 -65 72 
-3 52 -24 -4 -26 2 44 18 57 22 25 -76 -74 84 -36 -80 96 -2 30 94 -4 5 15 12 -40 75 -14 -28 86 -96 -8 3 -2 -29 57 38 -64 80 -31 44 -92 59 41 -7 74 -79 -13 60 -60 -78 45 48 89 3 -57 -84 47 91 -13 -84 -52 -23 -42 84 50 15 89 -62 -78 -47 -78 -99 -7 80 12 -17 -41 -50 86 -31 52 100 -67 -78 4 -53 -9 18 -87 -56 72 70 52 76 -30 -84 32 -40 -78 -66 47 58 -43 41 51 -48 40 82 70 -28 28 86 -78 -37 17 4 
66 64 -96 99 88 -73 76 -17 -55 45 27 72 10 45 17 -40 22 -9 -40 -11 -20 68 34 15 -92 -48 93 -27 5 -50 -26 10 5 -90 -71 31 74 43 21 92 90 95 4 55 -22 -5 56 -60 -22 81 -52 -73 -42 36 4 89 17 40 63 95 39 -38 -34 -63 92 -66 -77 70 -57 -67 53 -33 -2 59 49 -43 -50 10 -70 66 -82 11 56 -15 5 30 -58 -11 -64 57 68 35 -90 -46 45 -48 -42 -88 -84 88 -65 63 74 58 -32 27 71 89 21 37 39 -70 -89 13 -79 47 
-68 37 14 -19 18 52 -64 10 -84 -29 83 58 24 66 -66 28 99 32 96 -22 29 -80 10 -54 75 47 -51 10 -42 77 13 79 -13 7 85 -18 70 22 -70 41 76 57 43 -90 17 -48 -77 94 -48 36 -4 31 -14 35 -99 62 55 8 -21 -52 -32 -35 50 -39 -26 22 0 64 98 68 6 -3 74 -90 -39 -93 -1 80 91 -50 28 68 39 41 81 33 -79 95 -4 -39 -56 -68 44 1 66 52 -12 98 61 38 86 97 -59 -81 -81 66 -74 83 77 -95 35 78 84 -42 97 58 
-65 51 29 38 61 80 19 -72 29 -41 75 95 55 -47 1 -28 -21 22 100 54 -18 72 69 -86 -22 -54 3 -26 100 -39 -59 76 82 55 -69 -63 -73 -53 -89 -94 -34 -17 -87 -90 94 84 -3 33 -56 -99 12 -88 -16 38 -8 -57 -33 83 -65 -40 -54 82 -60 27 -88 66 7 11 3 -35 61 72 -86 50 54 40 95 -17 -4 68 -14 -72 84 -89 84 35 22 -41 58 -31 -66 95 -16 -64 63 85 -82 -76 -5 33 -76 70 -5 94 -63 -85 -26 64 -100 -79 -79 -47 -5 12 85 11 
-90 18 -52 -61 -20 93 -31 28 -67 -80 -58 -9 -48 -16 92 30 -15 -63 -46 84 32 57 14 -73 15 -19 -61 -54 -52 100 -2 -49 83 -58 26 -40 -57 -65 -91 76 79 1 57 52 -27 90 -85 -30 -96 -98 -66 70 47 45 -10 -15 -34 -61 -38 88 -9 -45 19 -7 36 57 72 -43 -7 30 48 28 43 15 -43 47 -28 -67 30 85 -32 -99 92 -22 82 12 26 9 91 13 -42 -35 -77 -31 -100 -18 35 -8 77 -88 31 30 88 -26 -56 46 -80 -91 -78 53 87 -72 -34 40 18 -45 
-27 2 11 -86 76 -99 -100 -18 17 -25 48 -11 -10 25 -94 -60 12 -87 -17 -31 71 -91 44 -21 73 96 -84 58 -50 81 75 -56 -26 -82 24 98 -28 87 20 -73 32 95 21 -77 62 37 73 -5 -39 -43 -8 -33 100 7 67 -89 0 -19 56 65 33 9 2 62 6 45 24 -59 -34 -65 95 -44 75 -100 -69 2 -85 99 90 32 -27 -6 76 38 16 47 86 -29 12 -62 -40 78 15 65 33 -29 65 75 60 79 -31 -93 55 -75 -1 -100 -13 -87 -80 -1 -52 -11 23 -16 -37 57 
89 -65 -3 -26 68 -25 50 -46 50 52 37 4 -9 -93 -94 37 -82 -84 9 31 43 86 94 -16 94 4 -67 -27 -88 -76 -83 -72 96 22 -23 72 83 -73 -40 53 -66 -29 -87 89 100 55 -96 75 96 48 46 6 -80 55 2 -78 -61 -100 -44 62 29 -20 63 -22 48 82 96 26 -92 50 -44 94 -56 20 -35 -83 75 67 -12 -41 6 -27 7 -78 88 5 5 89 36 80 -28 -36 -8 -61 59 32 -75 93 17 29 -97 79 54 99 -13 22 29 22 69 -91 -36 -69 -24 81 -73 44 
-24 -8 92 -23 -36 -50 24 -99 4 -58 46 16 99 -3 -18 -31 18 -17 -80 -81 -96 77 -76 -57 -29 72 76 12 11 -54 59 -55 89 65 37 27 -12 -8 -34 -13 -54 -3 82 39 -84 -36 -25 -16 -73 -57 65 42 -59 -70 -31 -96 -72 21 -83 -45 20 -28 0 73 -83 60 11 -48 -31 -5 -34 -68 -73 8 98 -4 89 89 28 61 -76 -80 12 37 14 19 -88 -23 87 85 -61 -78 -100 -35 14 28 -69 -22 72 88 -58 25 -20 -53 -23 -10 -53 9 -78 31 -94 29 11 45 -26 79 
99 -56 76 6 -68 -70 2 26 98 -12 55 -13 -84 -30 66 -31 74 89 -87 -24 94 -100 -23 -70 -42 -53 -16 47 -45 -2 -5 66 58 -47 -80 -27 -91 -21 -87 28 -87 -11 27 95 -41 99 82 18 -79 20 7 69 -71 9 -60 45 62 -78 -56 77 -10 76 -52 -99 100 -87 74 -78 28 64 -76 64 44 -35 10 49 -83 68 44 -36 -15 15 -50 -63 40 27 28 -75 12 28 24 -87 -70 23 61 91 -76 -60 -76 -79 7 12 -95 26 -84 4 57 -47 -12 -80 67 75 12 88 -77 -43 
-35 78 -7 87 98 82 -60 -7 28 -84 30 83 93 -37 29 -68 8 -14 -22 -91 -91 -56 13 -36 -86 -90 -93 16 38 29 -32 -7 28 86 99 3 -45 99 46 4 4 18 -72 -17 41 2 -9 -24 44 46 -23 86 14 -14 18 -96 34 88 60 27 76 79 -10 -74 -93 -6 -95 -37 75 32 -22 -10 -86 -88 -5 22 67 -72 51 -97 39 9 -77 -81 -16 -42 -95 19 -21 10 8 -73 7 -92 30 -99 90 1 -22 -60 40 2 37 -58 -65 83 -92 27 -94 -13 95 -46 6 95 75 -74 
77 -19 6 -47 -98 -33 -70 -72 -93 17 26 -18 -60 -14 -61 -93 33 26 -54 37 -58 9 15 12 41 54 -77 79 -67 10 -18 -78 -71 97 -6 -29 -87 -14 -53 -65 80 -77 44 -32 43 -51 -60 -39 31 -75 4 70 -43 60 -80 16 90 1 -2 -4 -14 71 32 -95 -70 88 -23 41 -10 88 22 -98 19 94 -58 -76 -22 -67 -29 38 -85 96 19 -25 -68 -46 93 9 78 55 -64 -87 -96 68 -60 -62 74 -31 -59 -84 2 86 -34 -27 89 -97 -91 -23 59 -82 3 -2 -27 -10 68 -51 
62 -81 31 1 98 -99 93 34 89 7 83 -88 8 -39 -13 -64 -47 -67 -16 34 -73 -72 -63 8 98 -55 -43 -4 6 22 -92 -95 -24 65 -4 68 -5 43 86 -25 -36 -90 23 -42 -80 42 16 -39 -11 -91 37 95 10 -64 63 -67 100 63 -46 66 -66 -60 9 31 -95 56 -97 -32 -56 2 8 76 -60 30 -16 89 -37 -74 -93 90 30 8 -73 -18 6 -59 2 16 -28 55 -42 -100 66 60 -27 80 -58 51 22 -56 50 -36 -64 -38 98 24 67 92 -33 -22 56 -45 7 8 -29 16 
22 -33 -5 -80 16 34 30 -7 -53 15 41 -81 -86 92 -46 58 -8 -12 76 5 68 51 55 50 48 -100 -64 0 84 8 83 -6 -45 -20 47 100 33 -74 -65 66 -10 81 -13 57 99 3 -46 3 86 -59 46 -19 96 21 -79 69 42 -1 -10 91 -25 -68 -10 15 -22 63 -72 70 58 -86 -37 -29 -76 9 35 71 63 -50 32 65 -100 51 -90 35 35 70 25 74 99 86 34 44 -96 -95 31 98 -72 -77 79 75 -23 23 -3 -75 27 -22 -73 27 -64 49 -2 -6 84 -8 97 -65 
-6 -19 50 -86 -8 -51 85 -89 -42 -99 -43 49 -11 39 -94 -16 97 68 -55 -86 -20 -34 -90 93 8 -62 -4 39 40 -20 54 -16 45 -9 95 -51 -60 -84 -84 -85 25 2 -10 86 -31 84 100 -66 -94 89 -80 29 -46 -19 -29 90 15 62 -79 -14 -69 -48 -98 27 39 -9 49 26 -52 30 84 90 -13 -65 -27 31 -29 -52 -8 93 -93 -47 42 -70 69 -78 94 51 41 43 -78 56 -86 -36 28 -43 -1 -97 66 93 53 -28 64 -68 -5 31 21 -17 -31 83 -83 -24 -37 41 73 -10 
25 -64 59 -98 71 -11 6 -34 9 -41 63 75 0 60 31 16 -6 -55 79 6 93 -57 -70 14 -92 -12 89 94 -26 -53 -16 57 -23 18 26 -95 -53 33 -43 -6 53 -37 -96 42 -69 64 -79 19 93 7 -16 -48 -24 -59 -69 65 -18 31 11 -16 83 -75 -44 5 -33 -4 -44 -18 82 -57 19 -47 81 -97 39 90 55 36 14 -76 96 -93 32 53 -98 29 -11 49 -31 -92 13 -67 -9 36 8 -94 -5 18 1 41 -71 -65 -57 -22 -98 40 85 70 -63 -94 81 31 -16 33 53 54 
-13 -27 12 87 52 -23 69 85 -88 -11 59 31 -42 -78 -49 -67 1 -1 -60 -33 47 -62 94 -36 32 -58 -68 83 100 -96 -36 -61 -54 10 4 47 -55 -6 34 30 91 6 -30 27 29 -50 -52 72 -51 17 -94 -15 51 -4 -62 35 31 -92 59 22 -78 -26 -1 72 -23 13 70 -68 -98 -36 -72 50 -57 57 -79 26 97 -94 96 -79 45 62 -98 -29 -80 6 -64 -22 -30 77 3 96 -62 -14 56 -80 84 44 -28 -45 -6 1 -74 71 80 -31 -87 -75 -4 51 -9 -47 20 -73 -49 -91 
92 85 16 -72 -95 14 -8 85 87 -21 20 -39 -54 4 32 22 -7 51 -58 -18 -55 -24 11 -48 2 -6 -89 -76 -47 41 97 62 2 76 83 -40 -63 67 54 -12 -96 56 -41 -26 -20 24 90 98 3 63 -65 -34 34 26 5 -51 67 23 -39 -89 -77 58 -76 -4 -82 75 -91 -13 61 26 26 88 -87 -57 43 -97 39 63 -94 -68 33 44 45 -8 77 26 18 -56 -87 -23 -78 -65 -45 -12 92 91 -24 -14 34 -33 62 42 -30 -91 -68 -75 -75 -41 8 81 22 -77 -90 -53 -47 67 
-94 -92 81 38 -21 -39 -73 78 32 -40 -17 -20 -79 -68 -65 99 40 11 -87 66 94 -47 62 44 45 -25 -39 -21 6 97 -17 3 -5 -20 -98 84 -90 0 -71 -13 -100 -47 -40 -72 -83 13 -39 24 27 -29 51 2 89 -60 38 -84 -96 -51 -13 26 36 -5 59 47 -43 33 -45 -22 61 -64 38 40 -55 82 38 92 -48 -89 31 26 -69 14 77 66 -86 82 29 78 66 36 -40 -35 19 -82 66 -87 -58 45 -38 -7 92 -77 13 79 2 93 -81 7 -39 -7 0 -22 81 -43 -76 -66 
-12 -45 71 48 92 -99 -3 -81 -70 49 -82 -4 34 -48 -56 28 -33 96 20 10 -9 11 -57 -24 -3 13 50 40 -17 -67 85 14 -20 -98 -86 -92 -10 -36 -80 -15 48 38 -27 -32 34 -3 -87 -62 -35 53 -58 26 92 -49 -60 -82 79 58 -30 -91 -51 44 -18 -54 58 84 43 -52 -39 -15 -29 21 89 62 -46 -77 -84 -56 -56 51 25 65 -98 95 35 -70 13 -28 -84 -51 90 14 25 67 87 38 89 19 -30 -38 86 75 -85 -54 -44 -2 23 98 -91 -59 -76 -6 -42 -19 47 65 
39 -6 -89 70 -72 -17 -59 13 -73 92 -30 50 -28 -49 0 -94 18 -72 51 14 14 -41 65 80 36 -14 87 64 -50 -22 -12 39 7 -59 92 -48 41 -75 67 -13 9 -91 13 4 -34 -54 19 -35 51 66 -89 56 -77 91 -93 15 -48 -18 -25 70 28 -5 -99 22 28 17 67 -87 -91 -49 -77 89 66 -38 47 -97 99 66 -1 -37 44 10 34 51 60 69 69 34 -12 64 -11 47 65 63 -53 23 35 -53 -60 -68 -10 -17 -89 -19 14 71 -9 21 -27 -31 40 91 -73 -85 -99 60 
86 -77 -14 -18 -29 1 -35 59 -2 -67 -75 47 7 -99 32 -18 28 26 -34 -11 -69 -41 -3 45 6 51 -90 84 13 -65 -80 -12 -31 7 60 70 75 78 82 65 -62 -18 -28 -73 46 -8 -15 35 42 -46 -81 -15 52 55 65 -50 -36 -1 -66 -93 81 -58 58 -42 39 -65 -3 30 -65 51 50 -19 95 -77 87 58 -63 98 74 -15 81 90 18 -61 -73 -57 -30 -74 -69 -12 81 96 -72 31 -31 -79 -8 -18 -87 90 -52 74 -11 51 -68 -51 -58 -90 -20 -22 -72 -79 73 -18 22 -95 
-2 -3 -69 30 21 -99 -12 100 91 31 43 -80 -49 -66 78 49 84 64 25 7 -96 21 -68 51 -85 -89 -80 -30 -1 88 2 15 -26 4 67 -67 -31 -74 5 85 -80 98 -32 -10 -47 -39 71 82 24 -25 -72 54 -37 -3 -48 -5 11 -24 -83 34 58 95 -82 -31 30 21 97 -34 33 -63 -95 -6 100 -86 -61 19 99 -10 94 85 87 -83 -70 31 93 58 67 63 2 53 -61 100 -96 -5 -48 -72 54 -63 98 93 9 -1 -29 -94 -49 -74 -84 -61 -65 44 -25 4 52 85 -33 1 
-25 -85 54 -82 -16 66 38 49 -68 -93 14 -50 -77 51 84 -20 8 59 4 7 32 27 -14 28 -3 43 38 -45 -70 -81 15 67 -71 -31 1 -40 15 53 30 -17 -22 -10 10 -17 -31 53 2 -90 -99 -94 4 9 35 83 71 -4 -23 56 72 -26 -1 -52 -5 15 -22 50 10 50 -33 75 -96 -53 -31 69 -22 -100 -27 90 -95 -77 -21 -76 72 39 -34 -90 -16 -72 -89 77 -8 -33 6 -53 69 44 87 61 -86 33 -65 92 77 28 -58 88 37 41 59 -78 -72 -87 72 60 31 66 
-73 -58 -52 -88 -14 -3 -21 -21 -46 27 59 4 41 55 -42 63 -42 -8 75 -58 11 -66 9 -55 11 12 55 1 -65 -74 -18 49 -19 -11 1 -22 -82 -49 -60 14 61 -45 -43 -67 37 -92 75 -1 77 84 -32 -99 -100 -59 92 96 86 -91 29 -43 -45 -11 -41 79 69 100 -46 -36 -95 59 58 87 -20 -62 56 -96 60 77 -9 -26 -85 84 -76 22 78 -3 -32 -4 -49 66 -95 -91 -92 26 -17 -67 -45 58 -43 -1 -11 46 58 -36 -33 96 -25 15 27 -43 74 26 -40 -71 -28 3 
1 2 -89 16 -75 -1 61 44 -56 -35 -39 84 89 35 -43 65 -100 -49 -93 -15 -7 100 -52 -8 -26 -22 50 97 -60 29 -21 -45 -29 -77 -79 -32 -65 -65 71 39 77 -93 -67 62 -21 -24 -92 -32 71 73 2 31 -96 -3 -84 80 52 91 25 12 -34 33 -16 -51 -53 -55 64 48 -73 -3 12 -98 94 23 23 25 -65 -9 -62 45 58 -8 63 -32 -58 -1 -71 5 61 -57 -78 54 77 -91 62 8 59 -81 40 -35 -51 -26 -20 83 -23 -15 16 87 36 32 51 27 -1 -58 27 93 
95 -42 99 -79 53 58 -28 -68 32 75 -76 -24 -12 59 -94 29 83 89 -75 87 43 -33 63 43 -99 -81 97 -12 89 -93 61 -55 12 12 -39 77 24 84 65 50 -27 27 -92 -25 3 -12 25 -24 98 41 14 18 -66 -12 -48 60 93 -86 30 -46 -90 -98 100 -68 -40 -94 0 63 16 -37 -89 -2 74 -100 60 -54 53 -17 -36 -86 57 -43 96 27 46 -31 -97 68 25 -69 72 -63 9 -50 -82 -39 80 -6 -82 86 -38 13 74 14 -92 -88 -12 71 16 -84 -69 -63 43 56 -93 -16 
-5 38 -64 8 -52 100 21 -55 17 -20 -17 36 38 13 -80 -73 45 -25 81 -82 -34 -74 -19 77 14 -64 -41 -29 -15 -76 -74 -47 -79 -7 -42 -16 -4 -35 71 55 -34 74 71 -30 -13 31 1 -38 90 -19 -66 -99 -23 -33 37 34 21 -35 15 46 6 -36 -89 96 37 -40 -72 77 1 97 -85 -89 54 90 -66 53 61 -23 89 -69 35 -64 50 95 36 49 46 -29 -49 -75 -82 79 -25 -59 -55 75 -94 74 -64 -99 79 69 71 -50 -57 24 -26 -65 31 -6 0 62 23 -30 -79 2 
39 -48 -43 -5 -22 77 85 51 -23 -37 12 -58 -25 -12 63 -15 78 13 -23 -65 -24 8 -90 -77 99 68 -56 -10 -79 48 86 53 -84 72 83 -80 -63 92 77 91 85 -49 -66 72 28 -36 -100 39 -6 38 -29 72 -39 -10 68 84 -47 -24 88 99 27 58 -40 -80 82 51 -68 -42 19 -61 23 96 -2 97 27 24 -56 44 63 42 17 23 46 92 28 3 -56 -87 10 -71 -23 -68 82 -44 -78 61 68 48 5 65 -20 -46 -96 17 95 10 -72 -43 37 91 46 -75 18 75 -86 6 
56 -30 56 -29 9 -82 62 45 -19 88 65 15 92 -15 -7 93 -48 70 11 30 -8 53 46 -19 35 -76 30 -78 82 58 23 -18 -81 35 18 66 9 3 31 76 99 -41 -53 91 52 -23 47 -86 -25 78 -3 -86 -89 69 68 42 -99 -30 -13 -41 -64 -52 -31 92 60 -5 92 -34 33 17 2 41 -4 -98 20 -54 -3 -51 7 -13 -80 7 29 77 -79 36 49 -48 46 -98 -21 -86 -87 50 7 28 -82 -44 19 60 -51 -45 -34 -29 -52 23 -55 7 34 74 47 -59 -18 37 -82 84 
69 -76 14 -35 18 98 -42 79 -32 -66 -25 -1 52 77 -18 -60 -23 82 -5 11 -43 -3 40 -9 60 57 -73 -84 27 65 2 -78 -3 35 79 80 0 -10 55 70 19 -52 45 -68 -47 -5 44 87 8 21 42 6 85 8 14 58 -20 -11 -40 -82 99 -35 -88 -61 -1 26 38 44 -72 85 -73 52 -48 -4 51 67 12 -51 -45 77 -41 64 67 -42 -84 -78 -17 -30 -6 -55 -1 73 -23 -47 78 54 57 26 79 40 16 -84 92 19 3 86 -57 -3 26 -75 16 89 96 13 50 19 
99 -88 80 -18 30 -48 20 -57 8 -59 32 -63 -34 96 5 -78 53 72 68 -30 -12 -53 13 56 -51 -8 32 89 -28 41 -21 -99 -94 -88 31 -65 86 100 39 58 73 -98 -53 -72 1 -86 40 -21 4 -91 -49 6 -76 70 -51 56 96 -28 -24 -95 -34 -64 25 78 34 -74 89 32 76 -77 -82 50 -15 -37 72 -88 10 67 37 49 39 -10 -98 -38 -53 -87 -91 62 80 53 -85 -56 -43 17 -60 -8 65 17 79 -30 81 -18 13 40 79 16 44 86 98 7 69 -87 61 -47 65 74 
11 30 -66 73 13 -32 -29 -13 -96 74 54 70 67 97 -52 -48 55 -97 0 -99 -86 61 -35 32 0 26 78 -3 -35 4 48 15 -6 17 15 92 81 38 -1 71 36 88 76 82 -32 -2 -63 5 36 -22 -57 66 94 -36 45 -63 89 39 -96 91 91 99 41 -77 36 -23 53 48 30 -30 66 -81 -38 26 6 8 0 -46 42 77 57 -85 62 -59 23 41 52 -38 12 -74 25 -78 63 45 33 58 71 -37 -65 56 93 -85 27 -53 65 -39 8 -40 -70 -56 -46 92 -74 -95 11 -5 
-57 61 92 60 24 60 14 18 25 -12 -69 -22 -95 -23 95 -13 60 98 -37 60 -39 18 -26 47 -38 60 99 86 -9 -11 26 45 70 -70 95 -56 -48 -93 -27 7 -98 -26 -81 14 39 52 -70 68 -54 32 18 -67 37 -3 12 -49 17 -11 87 43 77 83 84 -57 -73 -9 69 6 94 -58 35 51 -34 -55 -83 11 -32 -12 72 -11 -93 -23 88 88 -89 -30 76 -95 34 56 -24 -77 14 -86 66 -99 9 94 -80 34 -44 79 -79 36 -19 54 -8 8 -55 -16 -2 -44 45 33 -37 -57 
-37 -43 66 20 13 -4 45 33 90 62 -51 -66 81 -50 94 -76 -70 46 -9 87 -11 -77 3 -59 21 7 2 37 63 51 -20 16 -57 -73 -82 -87 69 79 -87 85 -22 55 97 -51 -48 -99 -32 57 -2 16 -63 77 38 21 11 -11 -64 -95 -86 -52 13 59 70 95 51 -81 75 -51 -34 -40 -54 11 3 25 -35 68 -51 -43 29 -54 77 -57 67 -67 -50 71 -33 -67 95 -20 12 -44 47 -5 -42 -85 93 2 -70 65 -61 -58 88 -45 -68 24 31 -79 -97 69 49 70 -95 -77 92 -77 
-29 40 -82 -32 -56 -66 -5 -49 1 97 30 -92 -46 -4 -40 -30 -72 13 32 -24 46 -10 70 -51 32 -87 42 -76 55 -88 45 35 -79 -43 -12 -31 -13 -21 -52 39 87 -42 33 -100 60 -68 -56 -20 95 81 34 71 -8 -73 -51 58 -48 7 -29 94 -9 54 3 -99 -78 -44 -27 64 87 77 -36 61 -85 -59 -53 31 86 28 -1 -86 71 -51 -58 18 65 34 50 36 75 -61 -60 -47 57 -63 52 56 -25 8 73 69 -30 -17 -44 -25 85 -47 -53 31 72 49 -41 -63 -27 -7 -17 38 
20 -95 74 81 -21 -69 78 45 -47 -8 -61 89 -31 -85 -71 64 -81 -64 -66 -79 94 26 26 64 34 -67 85 15 -95 -41 -88 68 -39 22 86 86 -67 -86 12 -21 48 77 28 -69 -15 58 -49 43 53 32 -84 -55 17 16 -83 74 16 7 98 61 32 -28 62 65 -32 10 -40 80 76 37 -10 50 79 -98 39 -54 -16 95 -55 -52 -91 50 -44 -47 -90 -42 -77 57 6 -85 1 -60 -76 -74 -80 -40 91 3 91 -70 54 -66 32 -58 -21 41 -7 -66 -58 -36 -66 -13 -42 79 2 32 
81 80 -57 -24 30 31 87 77 43 -78 -4 -45 -14 68 -42 -42 -25 36 28 48 -90 87 -59 -38 -41 -1 -11 23 -29 -26 24 95 -21 78 -39 13 -82 -8 7 17 -8 90 -41 60 -77 -79 -75 -99 -94 -73 -72 68 59 -69 42 97 -19 -69 -68 -96 16 -26 -69 -59 -88 -96 -71 53 52 16 100 -70 47 8 -65 70 33 79 -77 50 95 4 25 27 36 58 -69 9 -68 -33 -82 -80 -89 95 -7 -50 -22 15 -91 -92 -87 33 -74 -15 -36 -38 61 99 -32 -68 22 -24 -17 84 -85 -22 
-52 44 -63 97 69 -51 34 -15 -41 42 -96 -70 -34 75 -84 35 91 -97 57 -42 -85 2 92 -61 -85 -38 -55 88 96 47 20 -88 -25 -25 -59 12 87 -61 68 8 -16 -61 65 7 85 -77 -32 -79 26 -94 17 -44 53 -78 37 -19 13 86 -84 -24 17 52 30 12 56 -67 26 -37 6 43 6 91 47 33 37 61 -97 -92 -21 -17 -44 57 41 35 90 58 -17 -96 -26 -76 -55 -10 -3 19 -97 15 -59 86 -75 -21 58 43 98 -40 19 -40 32 -89 71 -35 -76 -23 22 44 33 30 
-29 2 -11 -58 69 74 0 95 0 90 45 -39 54 -5 62 -15 42 -13 -5 -81 85 -13 -87 49 -3 -74 34 -86 47 56 77 -25 -87 -68 -8 -95 46 -68 75 -86 64 -89 82 54 60 -11 -15 -52 52 -17 59 98 98 74 35 -43 -36 -32 -35 -98 -54 65 14 -11 24 -93 17 79 35 -15 79 66 -25 -64 80 61 -47 -100 -7 -64 52 -66 -1 -88 18 -1 98 92 -3 89 -94 83 -45 6 17 49 -6 31 -6 -11 -26 -48 -66 -38 -58 -96 48 25 0 -92 -85 91 -17 -49 -32 30 
54 -84 82 40 -33 84 -96 -7 -18 64 -70 -15 74 -68 -1 34 -28 29 43 66 -15 -61 85 -43 -6 55 -86 67 72 46 -1 40 34 15 12 -3 7 87 72 83 -14 -98 -48 59 -83 -40 -66 83 96 -46 -96 -93 -76 76 18 100 -30 -31 61 83 -37 96 -6 73 -18 65 -69 18 -54 19 -27 -53 -76 -42 -58 57 12 -1 -64 99 -60 -36 60 -89 35 -51 32 20 -9 9 -27 98 57 99 -48 89 -24 -80 75 82 -75 53 43 -36 31 16 69 -69 -73 -57 -69 23 -20 74 36 -20 
9 23 85 -30 75 -95 32 -65 -84 50 8 11 -43 -43 90 -9 -77 -73 -80 5 -89 56 -28 97 -3 -48 -95 79 97 95 66 33 -84 23 71 -68 -46 -62 2 -60 -61 98 50 -81 -78 -92 5 -23 53 35 33 -52 16 83 -70 73 20 1 84 0 -62 -64 -97 65 90 56 22 -29 -19 59 -62 88 -58 32 -49 -4 -31 -57 12 -10 39 -43 80 -91 -70 -26 -15 40 -52 73 20 16 -43 81 -73 -51 -2 44 -55 85 58 -65 -1 -84 -92 49 87 -69 75 48 -22 -50 -100 -76 25 -75 
-51 -90 69 -16 94 41 -57 19 36 52 -24 64 -54 -61 -88 53 8 58 -69 -34 -97 -3 -46 -17 20 36 28 -72 -28 68 -59 67 -33 -71 42 -42 14 -55 16 -19 -26 -45 -79 13 70 52 -75 -66 -16 10 -69 47 -51 50 39 91 -92 74 -40 -12 -76 -96 56 44 44 1 -66 -65 -77 -40 -50 65 80 10 -61 69 -2 -40 37 -80 63 -2 -40 -99 70 -42 78 -53 -72 -22 25 14 -23 -93 -51 37 -60 -62 -100 -30 -13 99 38 22 -34 -43 -92 -35 -37 86 -1 76 -30 -45 46 -46 
-7 -13 65 -75 95 32 -56 92 -88 -40 11 30 -10 78 15 61 -16 -34 31 -62 -46 100 97 -100 -21 -2 66 -8 3 -59 88 9 77 20 -36 57 55 72 38 31 28 3 97 -33 -74 -19 44 -35 -1 -1 94 -24 -24 29 92 -49 70 87 -25 -73 24 28 95 -77 33 5 56 -24 -32 91 -53 87 41 -1 -16 -43 52 -72 7 13 -4 1 54 50 35 -20 -35 100 -38 61 78 58 -45 74 -74 -64 -58 19 97 -45 -64 20 10 74 30 -91 93 -46 -87 -30 10 86 11 -88 -79 2 
-25 72 -28 -46 -69 -32 3 21 48 -65 -29 -74 0 75 -42 14 -25 66 32 -63 -66 30 95 38 -82 16 -35 25 29 33 59 -77 48 -27 98 -51 58 -12 -74 -38 -4 -25 -23 16 6 36 -21 -38 78 33 -36 -47 -63 30 91 -37 10 94 41 75 80 -25 19 -89 -59 -85 75 -67 -60 -53 -45 -79 -21 -8 -88 -88 51 -12 -46 21 -29 54 25 -9 -48 -35 -74 -32 -27 92 46 -9 -31 -36 35 73 -44 15 60 38 69 9 -65 89 -1 -41 88 38 -30 61 -77 -70 14 -54 -71 59 
96 -14 77 -50 65 -35 90 87 -71 -20 80 74 96 3 -71 -70 52 34 -85 37 91 -68 -95 -95 20 -46 -93 29 38 33 -40 11 -79 -76 -83 -8 17 81 30 6 -51 43 22 27 51 17 23 -99 -42 -33 -62 -30 37 -87 70 28 -93 26 -55 -78 30 45 -6 -67 30 -35 19 -86 58 31 -6 -39 36 78 -97 -71 -99 -63 73 89 59 91 87 -40 -100 89 20 -30 -63 16 17 27 -91 72 -71 -7 -6 60 73 27 18 23 -5 -30 41 93 -81 32 -43 46 19 24 34 59 -2 -5 
-42 14 81 44 -68 50 -18 -4 46 60 -42 68 -91 67 -12 -50 44 -51 60 52 -71 27 9 -86 -27 83 10 81 30 97 -45 -39 -46 -66 38 34 50 20 -60 26 15 2 -5 85 12 85 83 98 -94 -71 -41 7 60 -95 58 49 0 10 -47 -10 -14 -21 75 -59 62 -56 -32 -21 -66 -4 17 -3 -42 73 3 -2 -82 68 80 66 -88 -22 55 -73 53 77 -90 3 -95 90 34 1 7 29 77 -52 -93 -67 8 -25 63 14 70 87 75 -42 17 15 -15 74 -43 -61 1 53 -68 -15 
-21 97 35 86 90 12 41 -33 52 37 14 67 99 -22 -79 36 -77 42 16 -26 -93 -19 26 71 -10 54 -46 -89 63 -28 -30 -66 34 48 62 100 59 79 63 24 23 8 15 -63 -21 10 6 27 -59 37 83 15 74 -79 42 -57 32 -81 -29 -93 -72 -84 33 -86 17 15 -38 -33 -93 -90 41 -61 -74 77 -53 54 -27 -69 97 -46 87 9 -21 3 40 78 -66 -79 -97 55 40 29 87 46 -5 11 -28 79 9 65 -46 -68 -61 -85 -79 99 -4 39 -35 70 10 34 77 91 -57 -38 
-69 82 -49 15 -68 -98 24 1 -30 -93 -39 -99 -80 -73 -77 -61 21 0 18 54 49 -86 52 87 66 -34 40 -44 -90 -92 -47 68 -4 -55 3 62 45 -53 98 98 19 -50 -6 29 -58 38 -44 -20 91 4 88 20 47 32 -23 48 -87 0 37 85 6 60 75 -5 -5 -37 -19 85 -5 -75 -95 3 -85 -64 -53 -44 -75 11 1 20 92 -1 53 -67 95 90 -76 -83 64 64 -11 -48 -40 47 59 -90 56 56 -56 -16 75 23 47 -37 -55 -42 8 -12 -54 44 45 -7 16 -13 42 -3 
-56 33 -70 -38 -88 -38 44 91 -89 -96 39 73 -5 -93 92 46 -69 60 38 -23 29 1 -5 -18 72 -2 -95 24 -88 100 76 -99 82 -26 -81 14 8 -39 23 -41 -70 -2 23 -59 1 -56 -9 73 69 11 6 -38 26 65 -37 26 95 3 95 -33 -85 -51 76 -22 -78 -37 29 45 -58 -34 86 97 -37 -94 -68 -62 -49 -28 -40 31 3 -44 -88 -21 -26 73 -94 57 -16 -95 77 -10 -51 82 -93 -33 40 -3 44 58 -5 96 82 -65 48 -18 88 -88 77 34 -9 -69 -91 73 -56 -34 
82 -100 39 39 -65 -43 4 -6 -40 80 57 -14 79 80 56 -37 39 92 -53 34 -64 38 -58 -77 -91 -58 82 -35 68 58 -47 -65 14 -15 52 42 -36 51 -58 -18 93 90 -90 22 43 -18 75 13 -96 -85 -100 70 -56 13 66 55 -65 29 64 25 -52 -54 47 87 39 -95 58 19 10 89 -27 70 -30 90 -49 -88 33 48 73 33 16 -67 -27 -98 92 28 66 66 -24 57 81 -62 50 45 -64 -26 -95 93 -37 96 43 -48 -60 38 -68 24 62 5 48 -55 -74 -49 -28 -3 -3 -7 
90 -48 -31 -30 28 -32 -30 29 -74 73 39 -4 92 66 -75 50 61 51 75 33 -66 -11 1 10 35 -26 -5 79 -93 1 72 4 -43 -37 -11 -62 74 -64 -10 90 -84 -30 -27 81 -76 90 39 54 -48 28 -46 49 -16 -63 -22 -26 59 -92 42 -59 -57 39 -66 -7 -64 -21 -2 -53 -39 46 50 93 -40 61 -23 56 -74 65 47 65 -99 95 49 -32 4 20 -43 0 19 1 42 -97 -31 -13 25 -54 -13 -24 38 40 52 -62 39 -50 -81 25 -44 56 -63 -10 -47 -33 -100 15 -93 83 
-69 -96 58 -59 -63 72 89 55 -78 97 86 50 78 75 39 -15 24 -65 -42 -81 -13 -15 -45 62 3 -53 91 -28 -93 -77 -90 67 -65 -58 -71 37 87 -42 84 -24 -13 -7 -85 2 18 -33 27 -51 -34 -32 -50 -45 -52 -46 18 -10 47 -79 42 10 -83 96 -71 35 -68 -6 36 75 -7 -1 73 -73 -3 0 -37 24 69 63 30 -80 15 -12 30 56 77 -14 62 48 5 -62 28 38 65 47 -45 55 58 6 -3 -59 -13 -68 -34 -31 -93 -30 62 38 55 25 -67 92 -27 46 -88 -40 
-58 -54 -2 51 -55 -68 37 -12 -43 -61 -30 -65 -9 59 51 5 18 71 -90 -59 20 24 16 -82 -44 -29 -18 -12 43 32 48 38 -52 34 -89 -46 -50 87 77 32 77 59 -2 -20 -8 -93 28 37 -79 49 -14 31 -26 72 -31 49 51 18 -22 -81 -26 -2 -53 76 26 -77 -16 37 31 8 20 27 -33 59 93 13 32 39 78 -96 -50 -58 -36 8 -1 -81 -68 -3 -71 95 -76 19 84 91 21 -88 63 56 -15 -39 -40 -37 -88 91 92 19 9 64 41 81 -29 14 -96 -89 86 93 
77 71 -11 -40 -33 -57 19 -48 -63 -95 -47 65 93 -99 -51 82 -66 -45 -12 -47 67 -28 64 -17 -2 23 -40 20 37 -82 96 -70 11 13 61 -87 -79 -65 -54 22 -49 -35 37 59 62 -25 -74 -72 50 20 39 -15 -16 50 70 -86 88 39 49 38 -60 -89 7 -87 -81 -62 -1 90 -69 -62 58 83 -82 62 6 48 10 64 65 85 66 94 -15 -45 -61 36 68 42 -99 -75 26 70 71 42 -81 -42 -32 14 -11 -45 87 89 66 -87 34 -27 65 -18 -18 -35 65 -99 -27 18 70 -40 
10 0 34 3 -45 -16 -81 -16 -94 -8 12 20 41 28 -16 -78 66 11 61 -9 58 46 22 25 40 -9 -80 96 -39 -90 -15 -6 -11 -67 -73 -79 47 77 98 -40 82 39 -63 22 48 89 39 54 27 55 3 -30 -16 -47 -26 -89 76 66 -17 34 -68 16 -70 -22 13 65 65 3 -64 25 51 82 -40 80 -93 -81 8 39 -11 -98 27 73 -14 25 -21 -38 34 60 -91 -92 -43 63 58 -67 -99 -65 3 -72 -60 -90 60 76 21 4 -10 36 -86 -77 -10 92 72 0 92 -40 -31 -65 
36 86 -30 69 95 3 17 12 -49 -83 62 79 -53 69 18 40 23 14 6 14 44 29 44 67 12 -80 35 26 -93 -57 35 -7 52 -65 82 -27 -43 -55 13 98 65 58 97 -13 -62 -66 -28 -64 -23 98 63 -89 83 -72 -66 31 -96 -34 4 -75 -19 82 -34 46 -33 -34 -12 37 38 87 48 53 -89 -18 95 3 66 19 49 4 63 34 40 39 -84 74 17 4 -16 9 83 9 -51 -39 -49 -85 -76 71 -42 -49 -69 4 -18 0 9 41 65 58 -42 90 73 10 55 78 8 82 
-64 70 -91 5 89 -51 45 0 -78 -100 -51 10 92 5 100 12 -89 61 -28 -93 -1 -95 -67 -24 -80 9 -72 -20 15 -33 -88 17 37 0 -15 49 72 12 -69 63 -28 -41 -55 46 -91 -20 -18 -82 -88 46 -68 -11 89 -90 71 -87 -11 0 -8 -64 89 45 32 -76 -34 72 -99 -84 -39 -52 -18 -66 0 1 -96 -83 98 25 84 93 98 -88 -22 -71 -85 52 2 -94 18 -54 23 -18 -73 -45 -93 6 15 73 -50 -37 26 -84 -88 80 -42 56 74 -8 -63 -85 15 68 -17 35 -56 -41 
90 -20 0 -32 -62 -56 18 77 90 -23 -74 -78 31 64 -37 43 56 69 43 2 47 96 32 -13 -89 -69 59 -98 -6 -40 -66 -94 100 -96 -47 44 99 85 30 55 74 39 24 -33 26 -72 1 -35 3 0 -46 83 10 -48 34 19 73 -30 -96 -42 -73 46 -100 -59 -89 -17 -73 -37 24 -12 77 88 -70 -38 94 76 -99 -84 85 67 80 -34 10 19 -90 2 -47 99 -32 93 29 12 -95 -19 -7 2 -36 -69 91 50 16 20 -61 40 1 48 -82 -75 -19 -67 -83 -31 -25 -90 -98 92 
-41 96 -79 92 -60 -67 86 -78 -74 39 49 21 -85 -86 -58 79 64 -88 -14 -36 48 -74 100 49 94 -68 -48 95 -72 5 -46 -63 66 -57 18 -27 -60 81 -62 -68 -43 73 -100 -35 41 7 2 -13 43 56 -8 50 -6 -37 19 7 21 -51 -62 29 62 58 11 45 46 -42 49 -51 -87 73 44 35 28 38 -30 -65 -80 -14 -56 -6 -15 -43 -17 -54 15 -28 -8 -73 -43 90 77 -68 26 79 28 4 -99 100 -68 75 -8 -76 43 63 65 -38 -69 40 92 99 6 -88 29 -80 -34 -45 
45 35 -100 -19 -88 63 43 -51 62 -86 94 38 57 72 -76 -67 -29 11 41 100 -26 82 -37 13 -23 99 -65 -29 40 26 -46 -13 70 80 26 -54 -10 -42 77 74 12 -8 -84 -22 66 -21 47 18 -68 -70 -4 60 -31 37 20 8 -65 21 -91 88 -29 -97 -40 89 46 -87 62 -43 10 -19 89 -97 58 -18 30 76 28 -20 54 75 7 80 55 -9 -58 28 91 -7 91 70 97 91 32 -55 -62 39 56 70 62 -74 -51 -29 29 -43 -48 64 -86 62 24 2 -44 -9 -64 -42 -63 56 
-16 32 20 21 77 -7 85 -48 3 56 -98 9 84 99 84 65 82 -65 -26 -27 -21 -80 -55 34 8 -48 88 53 -88 -71 -23 -34 -53 -23 34 45 -35 -73 -40 -40 -88 1 33 96 -19 -68 -36 71 -63 -39 80 77 -92 -20 50 -54 -25 -58 64 44 -19 67 55 -40 55 32 -38 63 -43 18 -54 8 96 -55 -36 21 -97 -7 -17 21 -100 -2 50 35 -73 36 -6 82 83 56 47 11 12 -48 85 82 8 53 20 -92 -42 -31 -52 23 84 -72 -35 99 -15 16 -29 -76 44 62 -83 14 
19 -32 79 -33 -58 85 -48 -69 40 65 -97 50 31 89 -63 -33 -33 -84 -48 64 -38 -16 -61 71 84 -24 41 82 38 -36 -49 -69 -86 37 -37 75 70 -1 53 85 68 -84 6 -22 -76 -49 -53 42 -54 27 82 -4 -85 -41 -70 11 68 26 74 -47 2 17 -89 -79 -56 33 -54 -78 -91 96 -71 -71 -58 -71 86 90 -52 95 -21 -6 -38 78 -38 50 88 10 -14 46 -80 -66 31 -8 82 -3 92 32 -36 -53 33 -100 63 -72 71 93 44 16 68 -73 68 -50 40 83 -99 53 -62 -99 
77 -51 -64 96 -15 91 7 -24 59 5 -94 -16 75 -1 100 -45 38 -94 21 54 45 38 50 -40 -21 -24 23 78 -95 -77 -95 -16 -92 -16 27 83 80 56 -27 -94 6 26 16 23 23 -16 -1 45 -46 -59 17 94 86 32 -59 -62 89 74 -53 -25 89 55 36 -74 -25 46 15 61 -98 36 56 13 4 28 91 26 -4 -25 17 51 -72 2 37 -55 14 -44 -3 -59 -62 44 -83 31 -37 -70 -78 13 68 -46 21 -48 -94 -9 -54 66 15 21 20 -50 41 51 -89 15 3 66 -71 51 
-46 4 60 77 -75 -69 -29 4 12 -87 70 -65 16 87 -6 70 -35 -73 68 -50 17 6 -88 -58 29 22 9 35 -40 -67 50 -29 24 95 48 19 61 5 49 -38 -39 -30 -48 -97 23 -78 -64 -11 -98 -80 54 44 -61 23 80 -68 -96 88 -22 -24 -20 43 -5 10 -64 -81 -59 -48 38 -86 46 47 -10 -10 17 51 -37 -1 -69 57 24 -82 -11 -90 19 95 -79 92 -34 87 19 0 -17 87 78 -68 -39 27 78 49 80 -54 -64 57 -38 7 51 -46 -83 36 45 50 -94 87 -35 -54 
98 30 42 77 90 -64 -30 6 18 83 -50 96 -96 -93 -19 -40 46 -49 36 -16 27 -33 -100 43 74 21 -36 -86 -15 -33 -1 -61 -56 54 66 -10 -16 3 -10 37 27 -91 85 -64 3 -34 62 -19 -76 -31 -72 21 99 -91 -96 20 -31 77 24 71 -48 93 13 -67 -77 -91 -16 -82 -21 73 -100 -97 -28 -76 -68 -40 -56 -99 -53 -10 -70 78 -10 -27 7 84 -31 82 41 25 -36 -67 60 60 -79 -44 -26 -64 54 -12 60 -3 -98 71 -79 -89 -2 36 -7 -39 -19 2 34 92 -80 -63 
-79 29 -32 42 71 -69 24 -51 23 -95 -51 99 53 -36 -73 61 29 41 62 -86 3 -39 -100 53 46 65 2 -2 54 -75 20 38 100 98 33 -44 -56 -39 -33 -39 35 -50 36 -37 25 39 -21 87 56 59 10 -71 -23 -30 -68 -78 -58 48 -6 -68 -24 -83 31 -19 60 34 12 -51 96 -96 -54 79 29 -69 -23 -40 74 -89 18 -8 66 -88 -29 -78 -38 -68 -82 -51 56 22 71 91 -14 63 74 -35 76 100 23 -1 71 63 51 75 -97 15 -41 21 -42 -90 -98 36 63 30 100 1 
36 98 73 -60 -13 65 68 96 -69 58 -9 -96 94 59 -72 -34 -24 60 84 -51 -56 94 77 -35 89 -25 -76 -2 34 48 91 45 93 70 98 42 42 62 -15 -86 43 5 41 -32 -68 50 -100 31 -57 9 36 -41 58 -39 -61 -18 0 -23 58 82 5 -53 9 -26 -28 23 -67 8 59 39 -26 -5 -61 76 -52 27 -10 -29 -44 -16 -66 -37 -75 15 6 29 -89 -40 40 -6 -68 53 -41 74 92 100 45 12 4 46 21 -56 33 -29 -58 -13 -97 62 42 -37 88 -89 61 8 -5 3 
44 60 4 92 -83 31 56 -14 -85 -48 -92 76 -82 40 13 -99 -30 21 -55 -53 13 -65 -25 91 98 42 61 -54 -13 -2 21 15 -27 -2 33 18 -2 88 23 -90 -77 -22 53 78 3 -18 -23 14 -1 -75 -79 36 -82 -56 61 -3 -53 -74 -93 55 -93 -66 -25 -42 -69 26 85 -1 20 76 16 51 -40 -87 94 32 96 -40 24 -93 6 -57 44 90 54 -84 -45 -18 12 -67 86 96 -47 32 -91 17 56 -98 57 81 8 -65 -53 -32 -47 58 51 30 24 -27 -37 15 71 -6 -96 36 
-100 -92 11 14 -13 -46 -14 61 -32 84 33 -44 -10 81 -58 29 -43 -8 45 58 42 -36 89 35 -91 -67 81 -72 -60 88 -50 -6 92 -5 65 59 -6 52 -43 86 76 -44 -36 15 100 -83 48 67 -42 73 21 -17 25 -62 27 -28 -11 51 -94 -21 -10 -82 -28 5 4 70 49 51 -83 -67 19 -47 -96 -9 -19 44 -61 5 7 -28 97 -42 41 75 -52 41 71 -27 58 -19 48 7 48 -39 -100 92 -24 29 -72 96 -44 57 7 0 10 82 -60 42 -17 -60 -83 -15 -51 -6 27 11 
21 -50 -39 42 18 -85 8 98 -9 57 47 32 32 -58 -81 -32 57 -96 -52 33 -48 58 -53 76 -53 23 87 27 47 38 54 -34 77 -51 -56 80 2 -11 6 -36 -3 -57 48 -38 43 11 83 89 -89 38 10 88 -79 -53 45 0 32 94 87 -82 -65 20 -66 96 11 -32 -91 80 -54 27 -57 94 33 84 -45 -62 94 -47 96 90 90 77 -100 47 -77 -59 -50 -30 -98 40 80 -81 6 -70 -95 26 66 36 -60 -17 -54 14 23 -57 -12 -64 -17 37 -69 87 -46 73 -68 2 26 10 
0 -6 -35 -55 -58 -51 -97 -87 23 29 -68 37 -11 65 1 59 61 45 49 -2 100 -78 -3 57 -73 85 4 -3 -67 -10 -4 -38 74 14 30 -16 94 -12 -89 -82 -33 -19 33 -91 -11 -82 18 32 40 -45 98 24 17 -67 13 -88 -32 -23 98 56 76 -30 -93 -98 -25 -100 6 40 -32 9 87 -65 33 -47 16 -47 71 27 -45 -4 8 -72 60 93 -35 -57 -13 81 -51 -68 -72 -56 -86 4 6 12 -17 74 98 -60 -49 -2 65 78 -64 -46 -18 -53 61 -65 -66 -78 -23 84 -97 -59 
45 100 11 31 16 74 -52 8 12 96 79 94 61 -18 -50 -84 -30 -1 67 -62 78 76 46 22 64 -14 0 4 52 47 68 13 23 -23 -93 69 99 30 61 -68 -86 -70 -64 44 -53 -25 -5 -27 -94 -79 45 34 -34 -27 20 -1 60 -47 -23 43 23 -61 9 24 -21 62 -79 11 -15 -18 -12 69 83 -18 -87 93 -1 -6 17 3 28 81 100 42 47 56 -85 71 86 -49 67 -26 53 -90 95 17 -77 39 69 67 -43 78 26 96 -31 -48 -35 88 -16 -29 17 -61 -44 -30 -8 13 
-56 -35 -41 -62 -94 -9 -47 -18 95 -65 -4 92 -25 67 79 58 -50 99 18 -84 -50 -73 -69 35 -77 -89 48 -89 -89 -33 40 -26 -95 58 78 -59 10 19 -18 -41 -93 -97 -29 15 -25 58 38 -8 -72 -56 15 50 -10 80 97 36 97 19 47 -68 -8 67 58 -41 7 27 95 -58 -91 2 -49 98 56 -22 53 -35 -59 41 41 24 89 76 -96 47 -72 -31 63 40 -71 62 91 -61 -26 -43 26 30 63 89 -56 6 -40 88 -15 78 0 89 80 5 -85 -19 -73 26 -75 17 -20 57 
89 -7 -75 32 56 -61 100 70 0 62 -46 71 2 46 2 38 -24 22 -44 45 26 1 -78 -62 -41 81 36 -13 77 19 -25 19 -87 -3 63 38 13 -79 -42 -15 94 83 -22 -17 40 13 -68 -94 -73 -17 0 23 -35 -83 -89 -13 -19 36 -7 26 27 83 41 100 20 26 67 23 -4 2 39 85 8 -44 1 -55 -78 -14 49 -23 -74 78 29 25 -50 -95 64 66 -81 -17 67 -12 97 39 -14 -92 -17 -69 0 -51 -32 -24 93 -32 -58 63 10 -79 12 -90 -59 43 -6 100 26 92 
67 7 -59 70 -98 -55 -97 43 -62 2 -40 13 -13 79 -8 80 13 67 -58 33 -41 -58 -4 -57 -50 42 -31 -96 -74 -93 2 -11 33 22 -68 58 17 10 -67 -18 -37 12 100 -25 57 -44 -48 38 49 43 -57 74 -45 25 98 86 58 14 -76 -7 24 -45 30 -81 -66 -71 -50 -95 4 71 11 5 -23 11 71 -10 58 -68 -65 -81 -15 80 93 -84 91 56 -6 -88 13 -56 -50 55 -14 -1 86 6 30 -24 -39 -56 -40 -53 14 6 -48 61 72 -2 -82 -29 -35 62 41 57 -40 53 
69 40 -28 75 20 -3 -13 23 -88 5 68 -69 15 -91 -23 -70 20 -91 93 13 -44 30 79 43 -61 -65 -90 -98 54 -99 -82 -39 -24 -12 99 22 -99 -13 -73 0 15 -69 85 -53 -41 22 70 45 -59 -9 -39 5 55 -59 7 -37 -48 -96 -76 -94 49 -81 43 81 22 16 12 -35 34 -16 90 79 47 -32 4 -46 43 40 -31 -81 -28 53 -49 -1 41 79 64 -27 78 88 83 31 61 -26 -41 14 83 63 -34 -39 2 -35 53 70 -63 -61 31 30 -77 34 68 54 21 -66 57 -84 
29 -2 68 24 -64 37 37 59 -54 52 13 -11 13 3 -45 -10 -91 -86 -34 78 39 73 -2 94 7 -93 58 1 -92 -40 80 -1 16 15 -95 -87 53 9 -36 66 -39 -79 -65 100 39 77 -26 4 -9 20 -88 -76 33 -70 76 -81 -63 18 -63 42 -26 27 84 -22 77 29 -42 -34 -90 88 83 61 -19 -22 -64 -98 -19 -33 -77 -21 39 23 52 -29 56 -46 -44 22 -53 -72 -14 88 58 -3 -64 -69 11 31 15 73 -47 -54 65 8 -69 46 -16 93 -89 99 -4 79 88 55 66 97 
73 -29 -54 -47 28 -70 68 63 46 -16 -39 -60 77 -43 -42 -60 92 68 -32 70 7 0 69 -62 86 23 -94 -82 51 86 81 63 26 72 43 -76 3 -47 53 -83 -60 31 -66 46 39 -42 81 3 -52 -89 -42 86 -93 51 -97 -6 -95 -65 -50 5 26 -94 -56 -55 -69 -65 -38 -29 37 -47 -93 -74 -21 -72 -16 42 33 27 28 -98 13 89 2 -78 13 52 7 -30 62 26 11 -36 -57 72 34 96 50 -11 -45 66 79 -24 -31 59 99 42 91 -21 -95 -10 -26 69 84 75 7 -92 
-30 -35 19 83 -38 -43 -2 -5 -63 82 -88 69 -45 -90 21 -92 48 -51 26 -63 91 -82 -16 99 -21 -46 -29 24 -80 91 -74 32 24 -96 6 -44 78 -68 -79 -28 -35 -35 16 42 78 11 -39 -34 67 62 33 -76 -61 -52 -6 29 -78 -83 -23 -11 -67 -33 -42 -14 -96 -15 -52 17 -68 -65 -87 62 91 -42 94 34 -56 -30 36 2 -85 -92 -60 89 73 63 50 60 -92 -13 14 -92 -67 -73 -85 73 -37 -56 7 -24 -40 68 -78 -7 -81 89 -24 73 96 -60 49 86 94 -18 -48 -97 
-20 90 -73 33 -70 -32 7 33 -82 -98 90 -99 -36 -20 -61 9 -96 -3 -38 -56 50 -5 -50 -85 -53 11 45 -91 -42 -25 1 -23 -1 86 -45 64 50 92 -58 -82 18 -34 -17 49 -77 -47 -21 -70 -17 -39 84 78 -26 5 -44 -83 80 -10 -15 76 -36 -27 -4 -96 19 -71 8 -32 -51 75 -83 82 -69 -45 -18 -42 -47 57 -29 4 99 -15 -57 -56 -55 -95 -8 -52 -31 95 -71 -57 23 -76 -57 19 -53 -50 -40 76 -78 31 5 -27 69 2 6 11 5 57 -27 8 -36 93 8 -11 
-60 65 95 -94 4 12 48 -57 -21 89 96 3 58 -93 -62 -94 -78 89 58 57 -16 58 41 -72 -82 -61 -43 78 73 -61 -5 -79 -51 -54 -22 92 -63 12 44 -90 -52 -39 4 95 83 -42 -84 69 89 77 80 4 63 -20 54 95 64 -63 -15 8 -71 43 -54 38 54 28 44 -88 -27 90 -95 25 14 -67 -31 -36 -54 -25 -29 35 -63 15 -62 -48 5 56 39 20 -51 10 73 -12 -14 -72 57 -40 78 14 -1 -41 -10 52 11 23 -48 24 -10 88 51 -99 -17 29 80 -83 46 21 
13 -64 -8 15 -32 -47 87 83 83 72 -86 74 83 -4 -99 -88 -97 -62 71 -27 3 48 -99 73 -16 69 -16 92 53 59 20 39 -38 23 -80 7 4 -89 -66 55 38 -90 56 88 38 -91 57 9 -86 -15 23 -86 -25 54 -79 -50 -7 79 15 -83 -21 41 -24 -8 96 -6 34 76 -69 -76 -31 -66 50 -1 -18 89 -68 98 49 -44 -18 21 62 -40 46 58 -65 -83 31 -34 70 -93 -11 -15 -48 -79 37 -54 -85 -81 30 17 -96 30 1 38 42 16 6 -91 -84 44 -93 61 18 -79 
-10 30 31 27 60 25 4 -49 21 -81 -7 -59 -18 27 19 95 -12 -18 -59 -19 -80 -57 72 35 79 -46 -37 -46 22 -72 -23 -12 -35 91 30 -98 88 97 -17 -82 32 -63 -60 16 17 70 65 44 -87 5 -4 -99 -63 90 -2 32 1 53 69 27 -56 -79 -49 30 68 9 23 36 -99 -98 -62 -62 -56 13 76 -50 -57 86 92 -65 -52 76 -51 31 -86 -59 -86 5 -3 88 79 17 -57 -33 -68 13 -58 -99 34 62 39 61 63 -68 96 -27 11 -13 -99 98 16 45 -71 -99 -55 100 
-94 10 2 -30 32 -57 100 10 11 -35 -1 28 68 -62 56 -30 -91 9 72 33 -27 37 -59 -74 99 34 -51 -96 -43 -52 -45 23 -46 -45 31 75 69 58 70 -27 8 15 -89 37 -3 5 11 -13 49 -32 100 13 -44 -92 -56 96 18 15 -30 -13 -90 -13 48 10 -48 5 -42 76 4 6 32 -76 100 38 5 29 -26 -34 76 -45 -24 -57 -95 47 -7 -15 -15 -63 -52 -53 -46 12 -82 70 24 -72 -98 16 8 10 -59 51 -57 -18 -76 -67 -76 -47 98 33 -62 20 -19 -15 79 28 
36 76 -78 61 97 -33 -47 33 79 -42 -45 -88 -7 62 -59 -54 -63 -83 -78 -69 11 -24 4 -100 14 -15 16 75 -32 81 -14 78 55 23 -22 -100 -94 29 -1 97 30 33 -16 11 61 11 56 28 1 39 44 -26 -91 -53 39 -36 68 45 -41 58 -25 -2 82 54 13 -3 39 -13 -31 -45 38 -61 32 8 -65 -24 -70 -77 -6 82 -52 34 -30 -10 -18 -85 -47 -93 18 -85 -38 -94 -45 -30 58 49 78 88 -63 -62 44 31 48 2 -67 18 -14 56 32 -3 -90 33 16 94 71 -58 
61 37 -40 2 -33 -47 -93 18 83 32 -2 47 -19 67 65 48 -35 44 -13 -73 -44 19 95 12 -90 27 53 39 41 51 -6 33 -91 66 -80 72 -92 -31 -73 15 -88 38 86 -90 -25 2 -100 -99 -94 42 -24 -18 72 62 -12 -45 -56 -34 12 9 83 -32 60 -45 -99 87 -64 68 81 12 87 -33 77 92 3 29 -18 95 87 38 36 -27 8 61 87 -33 -38 -54 14 54 22 62 69 4 -83 55 -48 45 -2 39 95 69 40 68 -75 53 -60 -48 -11 -45 -88 -57 -20 -10 -64 9 
-81 -59 -9 14 86 84 -12 18 88 92 -79 25 -25 -94 17 -16 18 -85 61 -34 -91 6 -3 -20 95 19 98 -67 -24 -4 62 -15 42 -17 -61 50 40 -53 65 -34 -3 -98 -82 -31 32 -30 -38 9 79 24 93 56 -40 57 -62 -66 87 -61 -69 -32 31 2 74 40 -39 -74 -5 58 9 26 3 -73 -17 21 3 -56 12 2 30 5 29 65 69 21 97 -61 2 47 -65 -77 -90 -35 71 -29 49 31 -88 36 54 -14 -82 -64 -90 37 89 58 -61 70 6 24 64 84 -72 -19 8 -21 
100 56 2 72 -35 -99 -59 -16 -50 -70 13 58 45 -16 16 -86 -13 94 -32 30 29 13 50 -23 -45 25 17 -9 82 94 -65 -2 0 -33 -67 -85 -20 75 27 -90 97 -34 -5 -68 -83 -75 -60 19 24 -27 -81 -12 -4 90 -38 61 -51 75 -88 69 56 -70 13 -56 38 26 -20 -10 -68 -39 30 21 67 39 55 17 91 6 -88 -52 41 32 63 94 36 -49 89 -23 -52 16 36 -50 -54 -100 -42 9 -65 -92 -32 -9 89 14 18 88 -60 79 3 53 -28 -72 -82 77 58 -11 -36 92 
-82 -69 96 -55 49 -46 -62 99 -31 22 23 -26 -60 -68 -74 89 86 85 -23 14 -31 -48 85 -49 -35 40 79 -38 -75 61 75 12 -17 -60 -31 48 -67 -24 -83 -66 55 6 51 -54 -15 28 -62 -3 -57 -33 -29 69 -77 15 -31 27 17 -25 43 -61 41 55 -81 -45 70 61 69 28 -42 66 8 9 -26 -2 0 -17 64 -99 51 65 -93 27 -41 44 88 72 -5 97 -82 -13 -56 -37 -20 -31 43 25 89 -91 -80 -65 -80 47 98 -45 7 64 99 92 -23 -7 -69 30 -95 18 -97 -43 
-50 36 65 65 -40 -31 13 34 20 -44 17 -19 10 27 -49 -71 23 -18 7 -58 48 -59 -42 63 -10 -77 73 -43 79 -68 -42 43 48 -5 66 77 31 -84 47 35 -14 78 71 97 -98 -67 67 -31 -41 -8 98 -93 -48 -65 -74 31 71 99 53 -67 -70 -63 75 -28 -96 -35 20 14 81 85 -55 39 33 38 65 20 91 12 -31 16 6 -75 82 -7 -29 -73 94 -26 74 -54 -9 -4 49 49 97 -35 -25 59 -83 -51 23 82 -97 -70 -53 -97 0 -94 -46 -39 -41 75 -74 59 -23 6 
27 -72 -14 -69 -85 -96 54 26 -55 84 76 47 74 -50 32 -6 -51 -35 58 4 -6 49 -80 -54 58 81 -55 40 -65 -54 -53 -66 -26 -55 -30 65 -4 -49 68 15 70 8 69 18 -80 35 14 65 -67 62 -94 20 -27 -56 -56 59 13 -41 69 92 -71 41 97 -61 6 47 -8 -62 9 82 -81 -99 -61 -92 70 43 -30 51 -26 -68 -46 46 -32 -64 31 -39 41 -5 -78 -88 98 39 -36 -26 -49 98 -7 82 72 -10 -6 -74 -28 -68 -6 62 51 -1 -53 44 37 -59 0 51 25 54 
27 -23 89 -55 -35 15 88 -89 18 5 91 -72 69 56 -13 -77 82 -28 -83 87 68 -23 7 -74 -72 -70 32 19 -5 27 51 -12 47 -56 -20 -89 -55 -17 50 54 85 75 63 -86 43 63 -86 -6 -64 13 -10 -64 35 35 58 -41 75 -72 -81 47 -39 29 -28 43 90 60 -100 -72 3 -44 -50 -33 11 83 -44 -94 -80 -92 -46 58 -20 66 18 -91 -32 3 -59 49 6 11 38 -77 40 -84 -36 23 -17 52 60 -41 75 69 -43 -46 -36 -81 -43 76 95 -40 -81 -85 -77 8 -9 -60 
33 -8 76 -84 39 94 -7 96 -34 -27 -68 93 34 -93 -1 -18 72 83 16 2 -66 22 -49 100 -11 28 -48 32 73 84 13 -18 85 -56 -88 -99 51 -7 24 22 -11 -14 -20 26 52 -22 47 49 56 52 39 82 36 26 -23 -53 80 -85 -44 -11 96 80 -37 -5 50 -38 100 39 19 6 -4 -90 -2 -49 -96 5 -40 71 98 46 -16 5 55 -20 -78 4 9 37 -31 64 59 60 14 25 59 50 -35 14 44 78 82 -66 -11 90 4 -66 -15 47 -71 67 -54 -82 -49 -49 32 48 
11 98 -50 -94 39 65 -62 77 4 -100 -42 -86 56 32 83 -14 71 -46 -5 46 -90 14 -49 95 47 82 45 -55 -55 56 9 -21 28 -76 -42 3 -7 55 28 -30 73 -19 27 -4 59 43 0 -6 -25 47 -24 -48 54 -82 -12 -17 12 42 5 86 67 51 98 55 -4 89 69 31 -53 91 -12 46 -5 88 96 -82 45 -60 -93 17 -80 75 -30 -35 27 -42 -79 -39 62 64 -11 -81 91 2 -46 30 55 74 14 -79 52 52 -44 -68 -29 -41 -83 12 34 -75 -39 80 -24 -47 63 -98 
19 -57 44 47 -70 -57 -20 9 -98 -41 1 19 23 -78 35 9 0 -77 -88 -77 53 5 35 -69 -45 55 55 -44 -18 -62 9 98 98 98 -29 83 34 50 -49 63 32 27 37 31 89 -97 -21 -64 87 -43 -80 -67 -65 -88 85 -66 -44 4 -3 24 8 100 63 80 3 65 38 -22 37 80 14 -90 -48 10 -59 10 -55 76 13 6 -2 62 -10 -49 65 -65 -89 98 -47 37 51 -25 74 3 17 -11 -71 -1 -37 8 -4 14 60 33 78 -25 63 65 53 -20 51 -32 42 25 -36 -36 
-35 44 78 -64 30 35 -27 -59 56 42 93 -41 22 59 -70 -18 42 41 83 -90 29 -5 -45 -41 97 78 4 -1 16 -43 73 65 -66 5 -25 -41 81 -61 -37 35 6 -78 92 83 -84 79 -37 -68 77 -80 -2 15 0 -96 -100 88 -30 71 -50 71 75 -24 -38 -67 -94 -33 88 -64 51 5 54 -58 -45 -60 -50 -45 -13 98 -27 -80 72 -74 94 29 39 95 76 -33 58 -83 20 -85 -33 5 -3 -82 -77 80 -99 -7 -85 57 -82 93 -21 -26 -48 45 -60 13 -40 12 -31 27 -84 55 
78 -93 -46 67 89 -21 5 -88 -63 -80 84 75 -57 74 -33 21 18 19 21 24 99 -39 -100 40 -85 -59 74 -82 -10 36 -43 -2 31 -19 -42 39 41 15 -70 -56 90 54 12 98 91 67 -88 66 39 90 -22 73 -7 95 39 70 -68 60 -9 9 0 -42 6 -2 -7 39 39 51 70 52 54 -41 64 100 -74 82 51 -72 -99 28 -80 42 64 66 100 49 -65 67 -55 94 -13 -62 73 13 -36 -71 51 78 13 -33 -68 -42 21 55 87 24 -38 -35 55 -69 54 -5 28 20 -21 39 
72 29 -79 -15 -5 45 -13 -58 -32 -13 30 97 -53 8 75 -70 -61 -59 7 27 -31 82 -90 -3 9 -43 50 -13 -31 -92 18 46 24 53 33 67 16 16 8 -42 -45 20 78 -94 10 85 -90 40 -48 -54 -93 76 -12 -12 46 95 -35 -20 -53 -73 -6 -47 -14 99 43 46 18 23 -10 -89 25 -1 46 -72 -25 77 83 -12 94 -72 3 -16 18 -58 -84 -18 -63 69 81 67 46 -17 -46 -4 -73 10 -23 27 88 49 61 -95 84 17 -67 -46 -62 -20 -32 61 -65 1 -31 -97 66 90 
-77 67 20 99 -18 49 -56 29 48 70 -99 -1 -6 9 -15 9 36 24 -61 11 -65 -50 15 -82 -27 80 -95 47 67 94 -77 21 -7 29 -98 -86 -48 -39 -39 27 -88 56 -36 -38 -35 -67 1 64 59 -61 35 24 -63 95 28 32 73 32 15 -68 39 43 -19 42 -52 36 -70 32 79 8 -6 -65 -31 42 -100 52 76 -82 7 56 16 96 -42 -58 -100 41 27 -4 70 -8 -74 -31 -21 11 -55 -95 49 13 -64 1 -68 84 83 -69 -48 -42 -88 16 -97 7 84 -12 -93 -72 -58 26 
-41 47 -45 45 -78 42 57 93 -7 -89 51 7 44 -54 49 -1 -55 83 29 -85 92 5 63 9 26 57 -88 73 59 74 -62 95 -55 92 -19 -13 70 39 77 -62 -66 -31 47 -40 -52 -73 -61 -62 -27 60 -49 68 93 5 63 52 -100 -58 71 -90 98 79 90 42 -56 -37 90 94 -21 35 94 -83 100 77 -1 20 25 -46 23 -74 -89 78 59 -99 100 -97 -22 -89 60 3 89 -9 67 -66 21 -36 22 -5 40 86 -15 -10 -21 -62 -70 -75 62 90 -66 39 -3 -69 -9 10 59 -37 
22 -55 23 -7 99 -15 51 35 -95 -76 -20 -94 -2 -35 -26 -11 3 -14 44 -13 82 42 66 24 -44 16 -10 -49 80 74 -22 25 39 -59 64 -10 -89 -44 70 -5 -31 94 -2 25 -16 -52 13 36 -16 -10 84 91 47 -53 -69 63 -43 58 -8 46 11 25 20 -21 -89 14 -67 46 26 38 2 51 4 21 -98 26 -93 32 -16 -58 96 -44 -8 2 99 67 -58 21 -58 95 100 65 22 -71 87 71 -66 -58 86 85 -56 -75 33 -30 82 -71 42 -39 17 -73 -61 -79 -60 41 92 -89 
36 69 100 99 7 -69 90 -60 17 98 -60 -11 -11 -26 -92 -56 66 28 -48 6 73 41 69 1 -35 -45 -38 86 -45 48 21 26 93 -50 -69 -53 15 -69 -94 78 89 48 -30 -10 82 -14 49 78 -71 -22 6 65 -20 18 -9 71 22 -83 63 -78 45 -59 1 -66 -33 4 33 17 -25 39 -69 8 68 -75 10 -72 -12 -25 -76 -86 -16 39 37 53 78 51 -37 -43 -32 0 -92 12 47 -67 57 -16 95 29 -35 50 99 -76 -34 90 79 9 -1 77 37 38 -46 85 -24 53 42 8 
-14 -68 62 30 66 8 39 80 82 96 62 95 -1 75 -64 54 -41 11 -58 -75 24 -32 3 49 -58 78 83 -50 69 56 -70 -53 20 -70 -52 89 -82 -69 -68 -78 -17 -10 40 34 -59 -17 86 82 -26 77 100 74 -26 -91 30 59 80 59 -40 9 79 83 -54 50 -33 -4 9 17 44 49 -61 -69 -34 29 -7 -73 96 3 100 -17 -5 -3 97 -74 89 23 -8 91 -43 -18 28 97 -11 72 87 -34 -14 20 -60 69 -5 6 24 -64 69 -1 -11 -63 64 -87 89 -90 -34 0 22 29 
-64 -84 30 99 85 65 6 65 -68 83 -16 54 -7 -34 55 -97 -50 28 -22 98 -8 17 14 -80 -26 -38 -12 6 -6 -87 6 -25 -44 57 -27 -84 36 -20 -17 54 6 1 41 88 63 71 40 -85 35 70 32 16 4 5 -6 3 -76 71 77 -65 36 35 -75 -14 12 -63 11 6 -44 -92 -41 -99 -1 -47 -22 7 -34 -43 81 -98 22 -7 -4 91 -4 -17 33 91 -52 -5 -39 2 96 -15 56 -37 -16 10 -43 55 70 5 -6 86 -45 -84 25 29 24 14 -15 -22 -80 76 -99 1 
6 95 12 91 30 6 -67 -33 42 34 80 -68 60 47 -31 19 -76 66 10 3 -53 38 37 46 52 47 32 -17 30 56 60 30 -14 48 59 68 -5 -65 -6 91 80 -36 -30 8 -37 -96 16 -90 -57 13 90 94 -13 41 97 -50 -85 88 -92 80 -60 57 -66 61 -8 32 80 22 98 77 48 -73 5 54 -100 -2 78 31 46 -12 -94 -12 90 -61 -2 -49 39 -15 29 -70 32 -2 97 95 22 -28 -28 -48 -88 89 81 59 -84 -95 -4 -98 24 -25 -40 -84 3 84 -54 57 47 -42 
-29 -98 -25 74 14 77 -43 -78 -45 16 52 1 -82 -48 -64 -37 -62 -78 14 100 48 17 21 1 -47 -10 -2 -17 -77 -31 47 85 -65 -35 -24 -29 -49 49 -38 -30 17 -25 -8 55 72 -66 11 7 48 75 9 -65 50 44 -73 4 -75 12 -77 53 7 88 84 34 -89 4 -48 7 -57 -79 -69 12 -68 30 -75 -58 40 81 -38 12 3 42 -19 100 37 22 -23 12 72 6 27 4 93 20 -63 -48 -20 -93 -38 -13 -80 69 -97 -57 48 86 78 -48 -31 73 58 -37 18 -50 -29 -80 
55 -81 22 99 96 -4 26 70 27 -36 45 -38 79 -48 -1 -10 55 -73 28 37 29 59 70 -98 29 3 -76 50 35 -100 26 59 39 -13 16 -27 -15 23 -22 -93 -83 11 77 -68 -79 78 59 -24 22 -19 -14 -52 -45 -69 26 -12 -56 44 100 -29 51 -17 -11 -31 51 -87 85 87 -67 -76 -47 70 91 -83 17 -52 -5 5 -2 90 19 -100 -43 62 -42 27 -56 96 3 -48 39 58 -5 -72 -17 19 94 -66 50 -16 50 89 -3 50 51 -79 -50 -47 -80 -83 -43 -25 75 65 12 27 
77 89 -12 70 4 -63 -57 -86 77 -55 -20 81 -26 -9 -4 28 61 -26 -44 92 -25 40 -4 95 47 -24 34 -23 -73 34 4 -61 -47 9 24 -4 -75 -42 99 45 39 -50 85 -17 -4 52 88 -47 -34 7 -54 -15 -35 -45 49 -58 14 2 -79 15 -12 4 -73 -81 47 -72 -58 -19 -10 87 37 0 29 33 -15 82 1 -19 -23 -97 -86 -67 -81 -91 32 31 -28 -96 -6 51 -6 -6 -33 12 -77 -25 44 32 73 60 -47 7 4 89 67 65 -78 40 -59 -36 -30 4 96 60 -59 30 
-62 -30 49 -84 94 88 -96 28 -58 26 66 -82 30 -50 28 35 84 15 8 -65 -3 86 86 81 48 -17 -23 -50 57 96 -99 29 -23 -98 24 38 52 70 -64 -45 -7 80 -17 -86 -43 38 43 -41 -36 -82 65 -14 75 45 63 96 33 -93 22 -51 -76 31 95 -7 -51 14 20 -35 -15 75 63 -81 68 -1 56 83 26 -76 45 91 89 -64 77 -39 -60 -39 77 -73 37 25 -14 17 6 22 -18 94 42 -49 -71 95 33 -76 13 42 -27 -82 21 -67 -34 13 -78 -65 32 84 -89 69 
28 -6 -24 11 -96 -16 14 -22 -50 3 -78 61 -12 -22 89 14 50 81 -6 54 -54 -60 31 58 76 0 -36 -16 11 -25 -85 -54 -37 78 -45 38 68 41 -1 -20 79 66 32 60 -58 -6 31 92 100 -41 17 74 95 88 -27 47 -89 -23 -44 -41 22 -94 -31 -70 94 69 -67 -82 -2 -41 -14 1 31 -41 66 3 29 15 14 38 -56 31 -17 -1 23 -59 9 70 89 -75 -52 24 65 47 34 46 4 64 16 35 -86 -90 51 -24 -14 -44 -67 75 6 -89 -23 -31 82 -8 27 -66 
-72 -70 -96 -70 -19 -72 -26 100 99 -27 -59 -31 -20 15 10 -19 16 -13 42 64 -12 100 -78 84 -39 60 -72 -55 -60 -43 -38 41 -72 -50 38 -73 80 82 -8 90 32 -47 20 24 -64 79 -30 -5 -80 8 59 -11 -96 -51 -78 -74 11 5 11 2 6 45 -19 16 11 38 -94 50 -47 68 -18 16 -7 -26 14 -63 -49 -39 5 81 -27 40 90 -83 -68 24 -58 89 90 -24 -61 -82 -85 60 -73 100 -35 -30 46 -22 -83 80 -35 56 39 81 -56 88 28 -11 -88 15 -36 -86 -70 8 
47 36 -12 -52 40 -77 -19 -79 -67 -63 -2 -86 -65 78 -92 60 52 65 -32 53 -14 39 -89 9 -8 -19 -28 58 -30 -97 66 -47 -58 -30 -17 -33 92 4 94 -78 44 81 30 20 57 -80 -45 -56 35 -89 -74 67 41 -76 -70 -15 25 54 -84 34 -10 47 84 92 60 -35 -12 41 -53 91 -87 -97 -30 -4 -30 58 58 37 50 -97 -35 4 -82 -96 -3 -14 73 56 -61 64 13 72 76 -16 -100 55 -32 74 -19 -70 -57 25 -97 -30 -36 93 69 14 -45 58 -83 52 -44 -24 96 -16 
78 -31 -18 9 82 37 -74 71 41 42 23 -53 72 84 -77 -94 86 3 43 -83 78 -84 16 -79 -40 -23 63 -6 -26 83 -5 35 -2 -16 91 36 79 96 -67 17 72 -75 13 -97 -19 26 88 20 99 -58 -64 -96 96 50 49 -28 -79 10 98 39 -16 13 -11 -16 30 25 26 22 66 63 -76 28 65 -40 93 25 -95 30 -72 -59 -53 -9 -91 91 55 -51 97 -73 37 45 -27 85 50 77 29 -33 76 -23 56 1 53 -38 9 -46 -89 45 8 4 -46 -85 -93 78 37 17 21 -60 
26 99 -97 87 4 -22 -19 -36 -6 39 18 -15 98 90 -80 92 -77 -98 -47 0 -76 99 25 -32 13 -4 -82 48 17 -65 -32 29 79 -6 -11 -3 81 -95 -45 72 -97 66 78 31 -35 73 69 -44 79 54 22 -93 -9 -26 89 70 -13 9 -40 95 -74 72 5 -78 10 -97 -20 84 -59 41 -10 -63 -100 -32 49 68 -11 65 18 84 1 8 -46 -46 -20 -88 64 -65 -43 -47 -40 2 39 55 -45 8 -92 -98 -16 13 91 86 -90 98 -42 -29 36 22 45 85 68 93 -73 87 -2 -83 
-73 67 35 19 8 -87 51 3 -56 6 87 45 -72 -16 85 74 73 -69 -89 4 31 21 78 -76 -33 85 48 -79 -67 -80 -83 -41 -29 60 46 -80 -81 -15 -59 -64 42 100 -72 69 2 49 -70 -49 -11 -31 46 -76 29 -89 -81 -73 -59 -49 -88 73 75 -10 67 -88 62 -31 40 39 30 -62 98 -52 8 -27 4 -77 12 -87 -59 58 11 -80 -65 -3 -90 -87 -88 10 65 -92 12 -93 -52 82 40 -53 26 -3 -56 -94 -88 36 -88 89 -19 59 -45 33 -4 9 -42 -82 -100 75 76 62 
-86 62 -45 -88 99 58 81 -64 5 52 28 -11 9 -97 8 -46 -78 -20 -17 -90 75 -83 -17 52 23 34 66 52 -22 -38 15 -47 13 -1 74 -38 6 80 -66 -92 -71 -88 57 -34 -32 -7 -25 -42 -91 -27 -62 57 97 -15 77 -28 -7 7 -100 59 -4 -27 -71 -85 54 -69 -63 70 -91 -80 35 13 79 -25 -67 -45 86 6 72 -86 96 8 -91 -2 4 -70 -42 45 59 -73 -57 19 -44 9 -26 -65 22 80 -43 80 50 -11 80 53 -14 -94 -27 62 -52 -93 -32 -54 -70 12 61 -31 
70 -75 -25 -97 -28 -28 -64 21 43 38 25 -58 95 4 90 -73 -40 -62 -59 52 19 54 81 90 -14 -60 -36 43 -54 -24 65 -55 -27 65 46 -85 56 9 -15 70 43 -72 96 -76 -44 72 2 -87 87 7 88 -17 -99 30 66 -40 -19 25 45 25 50 95 25 22 8 66 -41 -71 100 51 43 -21 29 42 -47 21 -30 41 -99 -75 34 2 9 -38 2 -43 -85 -93 34 -34 59 96 14 31 10 -18 17 7 -68 100 -31 68 77 72 83 44 53 -83 54 94 29 -24 99 -22 -37 -66 
-76 -13 96 -26 98 60 68 70 -45 96 20 20 84 -7 -92 -43 -90 44 63 -69 -14 -21 23 -18 50 -12 -37 50 31 -80 88 64 17 -80 -43 -7 -68 66 19 -67 -43 2 73 52 70 -78 -71 -96 -100 -60 -41 -35 -55 -26 -31 42 -28 55 -60 -97 89 74 79 16 88 -100 -19 -91 -92 -35 93 -14 32 -69 75 -15 38 -84 -67 18 0 0 -74 -99 36 -60 77 7 36 60 77 84 -46 -41 -21 -98 34 61 73 96 -57 -56 -39 11 -18 -67 4 13 -70 -94 -64 11 1 75 -45 9 
80 55 -17 34 4 -32 75 -10 15 10 -5 6 32 -1 -13 -4 -17 -39 40 76 96 28 30 -70 -58 44 41 -92 -73 -31 0 2 94 -46 -96 34 -63 -77 66 -34 46 -18 -38 -22 -13 -3 -79 33 -35 35 82 70 92 46 99 79 82 -3 19 41 -70 25 72 16 -79 49 -25 -26 46 -80 89 28 47 80 -57 -38 97 74 24 -29 -67 -27 76 -37 100 66 -44 42 -15 37 -74 -63 -69 -79 81 -85 -15 94 89 -77 49 -97 -40 69 48 20 -72 -64 -82 -68 17 -39 -23 -83 -60 4 
