-74 76 -45 -23 -55 70 73 23 -62 36 -56 44 -61 -7 81 -41 -34 -28 -12 -31 -94 25 -30 49 52 0 -10 33 10 -52 -20 50 -68 -95 99 -79 15 -29 -51 95 -100 -86 -3 65 -85 76 -25 -12 -94 -69 22 28 7 -68 15 76 -80 -17 -23 75 -74 75 -1 49 76 -5 27 71 -27 -13 -81 -18 -2 10 52 44 -89 70 -100 -24 3 11 82 -37 0 73 -38 31 -91 61 -77 -54 -4 76 -13 39 -87 71 -30 -74 43 93 -6 80 -52 
33 78 -37 -14 55 -80 47 -96 28 80 -1 -52 -33 12 57 -98 -46 -4 54 -50 42 83 95 -50 19 13 -41 -37 -79 48 90 76 -97 -9 37 37 -10 13 -80 58 -98 19 32 -7 95 22 97 79 -41 -4 44 -44 -7 36 -50 37 -68 49 75 -42 -100 -59 -33 8 45 1 -88 -19 -61 -35 8 -8 -6 78 62 52 67 74 -91 -19 50 -4 20 65 71 -2 77 -84 83 -86 -88 57 -28 67 67 -4 -85 99 99 63 34 -67 18 60 76 
-83 19 1 61 16 -40 -27 -3 73 -54 -83 -8 -90 22 -60 10 -89 -2 52 28 68 28 80 63 23 63 34 14 38 97 97 -63 51 -55 -67 12 -3 2 47 12 -70 39 25 -78 -30 -85 -36 44 -1 26 7 -18 -35 -37 -23 9 -72 -37 69 2 -14 -58 100 -18 -11 80 -94 -81 71 -67 69 83 91 -55 0 66 99 41 -76 -18 24 -58 -39 9 -74 -65 22 59 22 -11 -11 60 19 -100 74 51 -58 10 -82 -79 53 -6 -57 56 -33 
55 -37 -17 40 15 -3 62 -70 69 18 14 88 -15 76 45 -46 -7 -63 24 -14 -73 84 32 55 -42 -89 -80 92 87 3 60 100 -50 2 12 -92 -60 -78 28 99 -81 -8 -31 9 -50 31 -56 -70 -76 0 -31 -98 -57 -58 8 -53 93 22 -14 -57 93 -88 59 73 -56 56 77 -85 -36 -69 98 13 56 40 90 -60 85 -53 29 -24 -41 84 -82 27 -54 95 37 31 79 -4 58 6 -89 8 12 60 49 -52 -52 0 7 77 77 -83 38 
43 64 21 -83 28 82 -77 86 -10 62 -80 -29 85 -85 88 97 -1 -82 66 -66 -4 -38 84 -68 -48 -11 -16 -99 62 -36 42 69 81 37 -11 65 -32 -85 98 -73 -53 78 -66 -95 76 78 71 2 0 25 -98 56 92 -78 61 -30 98 50 -19 -49 -62 -32 -80 78 -50 -62 -28 26 11 -10 80 27 32 -29 -28 -99 3 -71 76 58 -3 -41 -4 16 7 97 12 -87 13 -46 87 93 -13 0 -25 48 31 12 -13 41 14 86 -37 -83 -97 
3 34 0 73 -31 22 -52 12 32 53 19 -60 49 0 19 14 87 63 88 -27 -17 49 91 -8 -51 -73 -23 -78 29 46 -51 -70 92 28 88 -4 34 -89 22 31 -43 79 -51 -93 -96 48 -10 16 -43 -93 65 94 -2 -96 48 48 67 -97 -75 61 22 7 14 -25 8 -23 -21 80 -53 -1 -29 -85 -16 26 4 27 -45 20 -77 -97 -18 76 -14 -20 -72 11 -41 -47 93 73 -74 -27 -69 71 69 24 -65 -67 83 90 82 32 -24 -42 98 
31 -78 52 -63 88 78 69 -61 -78 -84 -90 -48 -93 -2 53 93 73 -88 -10 63 -37 2 20 85 36 27 -83 -29 -87 -49 -93 -26 30 -63 -10 69 -90 -60 -93 -18 -44 24 72 36 -50 17 -41 5 93 73 35 -37 -55 60 -52 58 84 -65 -64 99 72 -2 86 57 14 22 42 -41 -93 16 88 -68 14 74 23 63 -59 80 96 20 -51 85 -37 -97 45 55 -30 -20 49 55 -50 75 17 57 76 87 11 3 -88 -67 28 71 -34 -16 40 
-92 22 78 84 -68 63 65 -97 -28 -60 -17 11 -6 10 -66 7 84 -23 98 -8 73 -86 7 60 26 96 16 -27 -59 90 -63 44 21 -5 56 67 -30 74 33 -71 -24 51 21 -25 -14 -61 -58 98 6 36 46 64 7 84 15 60 35 -70 88 69 100 -14 -18 12 -39 21 -9 -55 -48 55 18 16 59 -2 -32 -24 -92 22 67 -87 18 -40 -92 -34 64 -81 -57 -88 51 79 -90 85 -68 -57 79 92 -11 -91 13 -74 94 -29 -56 -65 -94 
32 -95 93 -81 93 -38 23 -79 -77 -45 -76 56 -27 89 39 -30 86 53 -91 34 -23 -78 -67 61 -7 -84 -44 17 23 -45 88 -71 -79 -41 98 -78 8 84 5 1 81 -78 -15 98 79 68 -12 -38 -56 -97 61 -97 85 15 57 58 67 21 31 33 -96 37 59 -39 -49 -92 -92 18 -74 49 79 71 75 10 -27 81 31 70 70 -26 -44 -73 64 -38 -5 20 21 -98 83 -53 -65 23 -59 -90 9 -10 67 6 22 75 -40 -34 -5 8 -80 
39 66 69 68 38 -64 -98 -60 -91 62 -28 -3 -36 70 68 -100 22 69 59 -13 59 -29 55 40 46 33 -28 -39 -97 -27 -54 -11 -90 -20 42 12 -99 -21 -35 -11 49 93 75 10 -10 -15 -32 -55 -57 95 -85 -97 67 87 -84 -66 87 95 22 -32 82 45 21 20 87 -18 46 -82 28 -75 -20 76 -77 44 34 -2 91 -85 -100 -96 87 73 -26 97 46 43 -58 98 26 13 58 0 -93 -57 -36 46 -80 17 49 -21 30 -91 63 -99 22 
-67 45 -84 97 -2 10 -46 -93 -70 -74 83 -23 -100 -78 88 -68 -73 -52 3 -71 9 -53 38 51 0 -1 -12 -2 82 65 3 -7 62 52 -53 55 76 64 14 45 -4 -92 -85 90 26 -5 -9 26 81 97 95 31 -71 -16 -41 5 -69 -59 -44 -70 -4 -59 -9 -98 -9 -77 27 0 0 93 24 -81 -63 39 -5 98 61 51 -76 -83 -26 -61 -83 -50 -2 -69 46 -38 79 36 -7 88 94 -46 59 -34 98 3 -93 -27 -76 94 63 80 -96 
90 -21 -19 100 48 -86 -7 -86 -57 -21 -59 -35 39 -8 77 -25 -68 40 51 1 2 -88 93 -8 -53 63 31 -60 -97 -14 93 30 6 -16 78 -57 -37 23 63 84 -38 62 -2 -3 52 70 6 87 -100 -44 55 -68 -5 -28 -56 84 -51 74 99 -55 -26 96 -66 84 -35 -15 -40 -71 45 1 49 -34 72 62 -14 34 -77 89 56 0 -87 -24 -34 -90 -51 -93 60 44 -96 66 71 66 26 40 -70 -19 -18 -94 -24 -77 -46 -14 -55 -56 -28 
53 -26 4 -36 -96 -20 -26 -63 8 -7 -70 -25 -21 0 -88 55 16 -100 -98 6 -59 83 -48 -52 15 80 39 10 -81 -39 45 -22 30 81 35 -94 62 -58 17 -77 -49 -8 -51 40 65 -97 -33 74 70 91 81 -34 -96 -94 13 75 94 72 29 22 67 -67 -39 -87 68 72 74 62 -68 83 -84 10 63 -99 72 -28 4 -41 82 -68 -72 -32 -20 -100 2 -95 42 -83 -76 -69 40 -26 -42 29 71 -50 -78 -88 56 -11 98 -100 -38 -75 41 
71 53 -13 70 96 38 -89 -63 -86 64 -97 90 -50 14 50 -91 -46 3 52 -17 18 -19 100 -61 36 78 53 -38 45 -91 46 -50 -79 -100 63 4 -62 29 -13 -100 -74 -66 -20 -47 -6 41 -22 38 -64 79 65 -58 77 79 -3 -93 5 -30 -7 -76 8 34 7 76 55 -49 -23 88 -22 32 14 50 33 -1 -7 29 49 -90 51 92 -38 86 -36 -83 -32 40 94 -81 40 -71 -58 23 90 87 28 9 85 -65 -49 -29 8 53 -66 36 -100 
53 -7 9 98 46 48 60 92 -56 61 -52 10 5 -14 -24 98 -11 -4 39 61 84 28 -33 -31 23 -47 -56 25 48 -66 -78 -17 74 43 -78 9 100 -14 83 45 97 -75 -85 -50 -35 -93 -47 61 14 83 -24 46 45 -39 45 73 -97 -94 5 2 -81 24 -46 -37 -16 87 -3 -53 79 38 -50 -60 -9 55 43 44 -38 -99 2 -69 75 90 -4 53 24 -57 45 73 -100 60 30 15 -68 16 77 96 79 43 -55 -19 -1 23 -59 -69 -7 
14 50 44 -5 64 -31 82 -8 35 36 -23 32 96 50 43 -25 -39 -12 53 -86 29 -16 -71 69 53 -57 -63 18 61 58 -58 -32 88 75 -24 46 9 -96 59 71 47 -32 -46 -50 82 -39 39 -1 -4 6 -30 69 38 17 48 84 -43 66 2 -44 -3 57 10 31 -87 48 -59 11 -87 27 51 100 41 7 25 97 12 89 9 -71 25 -70 -18 -80 47 -66 -80 -52 -77 -74 19 -63 -7 -29 -34 19 -70 -66 93 46 82 36 -98 92 51 
56 62 -79 -61 52 -1 -51 88 85 -99 -71 67 -12 34 -86 91 76 -61 73 34 -71 -71 40 2 -69 46 -22 -72 30 98 32 -40 84 56 -44 -27 -11 94 -89 9 77 -43 -8 -91 -28 -65 -30 -64 93 57 -37 5 -77 -11 86 47 77 18 18 -51 20 -14 28 89 18 59 -97 -15 17 -4 96 -83 -93 22 -56 -15 25 95 -2 100 40 -92 92 31 62 -1 -83 -35 19 -13 2 95 100 -75 68 -30 2 37 -32 84 54 89 69 15 72 
-93 -36 -34 8 41 68 16 23 49 -62 96 -24 -39 81 52 52 41 -77 -58 -41 -76 -87 1 15 -14 81 30 -99 -2 -89 -85 -45 -27 -25 14 -70 11 -30 81 98 97 38 -94 -86 -34 78 68 44 -56 99 21 63 -1 72 21 -30 -44 20 17 -23 -75 93 -19 91 56 48 14 5 73 96 -44 33 5 -49 2 94 -19 73 43 -48 45 76 -82 57 -74 -53 -92 13 -72 -30 -48 59 -15 18 73 49 -94 -45 -34 -45 12 94 65 84 -49 
-14 -97 -28 -8 -36 38 -77 -7 72 15 54 -38 6 68 -99 68 31 -53 -69 64 71 -49 85 -43 -36 -97 42 -57 -69 -74 -38 -2 -19 -43 -2 -64 -23 91 -28 -43 -94 -17 43 -41 41 -19 -5 -89 60 100 52 83 -75 52 -21 86 46 -3 -51 38 -12 -25 13 -20 -68 68 23 0 -19 -87 56 50 -91 68 -27 -49 -56 100 -40 -56 68 -98 6 35 7 44 -67 62 17 -50 -60 -30 88 -19 97 63 -53 -26 -20 -50 70 90 -24 -49 -65 
-65 71 -22 71 -10 45 8 99 -14 -62 -30 -26 73 46 47 98 26 68 -72 -73 -5 -79 -86 27 24 -100 -17 -22 -47 -79 -9 89 -50 -33 35 17 91 -29 94 64 28 24 9 99 -8 -88 24 98 12 -44 -41 -63 43 -64 -31 30 80 70 3 -48 29 -14 -75 62 21 74 -88 -9 55 -12 18 55 -36 9 51 57 9 -52 -77 79 20 92 -91 -6 6 -27 -15 -27 -73 39 -27 6 5 -59 79 -60 -26 -90 8 49 62 -3 37 -36 5 
53 15 -18 -56 78 88 88 -25 82 9 -48 88 -9 4 -53 -30 -27 50 38 -36 -27 28 -91 50 -19 -25 -35 -36 91 95 38 56 -68 74 81 89 -96 -21 -34 -63 67 -97 -3 77 33 57 88 -80 93 25 -22 96 -85 50 -14 -85 -93 1 75 -98 15 -50 27 -8 -6 22 -12 76 -48 -23 -64 -93 -39 21 -99 95 -76 -36 47 77 70 15 -3 65 -32 -90 45 -80 -48 -79 3 57 -67 48 28 43 26 -68 -90 -87 -77 -87 -50 32 95 
96 -95 28 94 -65 -25 -47 -42 -44 48 22 -100 -30 76 49 -93 54 -42 59 74 -35 -22 -77 75 46 -47 64 -12 -47 -14 -29 -27 -28 -86 14 23 14 60 91 26 -59 15 -90 34 -71 -59 -81 -32 30 69 -42 -68 -99 -26 25 30 -37 -82 -5 -10 66 -57 79 98 15 95 97 76 24 -89 20 -76 -37 -1 14 21 -57 49 94 -76 94 30 -20 47 42 51 -33 -43 53 -94 27 -21 80 80 -4 61 4 -42 -59 64 -96 -32 -95 -85 4 
11 12 96 -29 -21 67 88 -57 96 -56 87 -84 96 88 -4 18 38 96 65 93 -88 50 36 -20 45 -29 -21 -48 -57 -51 24 82 -53 -41 28 -54 -6 -74 80 91 81 -71 8 88 -89 -94 8 -65 61 20 -8 -45 -43 20 98 -76 -75 -42 64 -48 37 -34 -93 -13 -76 37 91 -16 84 90 17 -31 10 -52 -73 26 -40 79 88 -9 -56 32 -5 -94 -79 62 -57 0 -32 -62 -95 13 97 -29 49 -72 -48 28 82 -39 92 -95 -52 -42 73 
-90 64 9 69 69 -71 98 -89 -46 63 -99 -61 -58 -59 65 -71 83 -82 90 47 -11 -37 73 8 51 -80 75 94 96 -9 -3 -23 -100 -62 -71 8 -42 47 -92 90 100 91 -30 -75 -15 -75 -51 -12 39 -10 -87 3 -70 82 -12 49 30 37 31 96 51 22 30 63 100 55 -95 -17 82 -42 -96 -36 66 -4 -24 -50 83 71 59 -78 -17 -26 65 -90 -67 -54 39 35 -80 82 -88 33 68 -36 -24 -46 63 -19 -92 52 98 69 36 99 -1 
61 11 44 9 17 42 79 40 -56 39 -72 74 -64 26 31 -81 96 -27 96 -55 84 92 -15 -4 12 -57 46 80 -81 38 -45 6 40 -18 22 9 70 79 -30 -93 -52 -35 28 46 49 80 -28 -19 39 8 0 17 -29 -47 54 37 -13 93 -69 -100 39 -6 -69 -68 9 -59 35 27 -47 -69 80 -37 -85 23 31 -52 65 6 -41 68 -25 58 -14 46 -4 28 -49 84 -18 -24 15 -19 50 27 0 42 -90 2 -2 74 -15 -69 -63 67 -79 
-52 24 10 -27 25 -36 -90 27 -62 15 0 -9 77 -77 -69 64 -50 -14 -66 -11 -62 59 -41 49 -99 36 78 -93 -39 -44 89 -97 -56 -90 5 74 -79 71 -54 31 -55 41 51 -98 -18 54 -47 -89 95 -34 -76 -22 -74 95 -33 -64 -7 -40 19 -61 -72 38 -6 -67 35 84 -87 -65 83 23 -28 10 -54 -19 -56 32 -85 -15 91 57 -19 84 71 -93 -100 -54 66 78 51 64 -43 -17 87 -62 54 -56 70 91 24 50 46 -94 25 100 90 
62 -58 -14 -23 98 89 -9 -25 60 -84 -80 21 36 29 16 -63 -97 -63 58 -100 52 -48 -48 67 -88 -77 71 -11 -9 72 -3 -99 63 97 -28 81 -9 -61 -17 28 -82 43 -85 93 -98 -8 -89 36 35 -64 -22 -46 -42 -21 52 -32 98 -6 58 32 54 -17 100 -97 34 81 -53 -50 75 -33 -28 45 -38 -53 40 31 99 15 -67 -91 -5 -5 63 96 -58 -86 43 26 -2 29 -91 -27 -37 -84 -71 -85 69 18 -34 20 -9 -69 -31 49 -34 
14 -41 26 -57 84 -66 9 89 40 -51 -6 -37 100 29 93 63 -35 42 91 -5 28 95 -18 92 62 38 98 18 15 34 65 -62 8 65 -63 -18 -99 88 12 -31 -74 -77 69 -46 1 -90 64 -60 -12 14 82 63 -53 -22 29 4 10 -84 -31 -47 26 -45 -97 5 4 7 -65 12 -58 10 -32 -23 95 57 -21 -71 -91 86 9 80 -51 94 16 72 -18 -76 -55 -50 -6 66 34 -90 -61 69 -85 -50 87 71 -82 59 -33 -11 -36 12 79 
21 100 56 83 -50 51 -54 1 -76 20 -57 79 99 -46 81 -65 1 -32 13 -92 13 46 46 -11 68 -72 17 -6 -94 4 73 86 -100 42 -5 72 -85 -100 31 100 -21 -16 14 -74 92 92 99 32 3 18 -48 -44 84 5 71 59 -71 -4 97 -79 -38 -94 -17 -72 80 17 55 95 60 27 30 -71 20 49 -54 -48 52 -12 42 -87 -83 36 74 -12 -27 -9 30 51 64 -17 82 24 -15 12 78 -75 86 -98 -44 -13 -100 33 17 37 87 
10 -73 15 -87 -93 56 74 14 -70 -100 44 56 -68 -39 54 -39 99 -61 87 -38 -82 -79 7 4 35 22 -91 13 25 31 41 95 -96 19 50 -8 80 -50 74 42 16 -79 3 66 30 87 48 20 -82 3 18 43 -34 3 87 44 -84 -30 76 -43 78 -40 0 22 17 97 95 90 -2 -8 -79 -10 75 -85 -49 -42 -82 -92 81 61 -21 46 51 -42 54 48 -10 -66 50 83 -16 2 -50 94 10 -60 -31 98 77 8 -88 -63 -27 94 23 
54 -66 -74 -79 48 -55 19 22 -22 20 80 7 11 96 -85 79 78 77 -37 -53 65 4 -64 21 99 36 -75 77 -100 -96 100 35 19 74 -57 93 25 11 25 -92 -55 30 27 -25 -9 94 -39 9 12 -99 -15 -74 -89 -66 -5 13 -45 -3 33 -49 -88 71 20 65 -80 -15 62 -67 -65 58 -41 -57 89 100 22 35 18 -9 -3 -9 82 1 -65 -98 36 -91 -1 -30 28 -16 26 -37 -47 65 -47 45 -35 -13 -11 2 -34 -23 50 67 -42 
95 52 65 -32 44 1 -72 2 95 -51 -100 -26 60 -95 94 -41 -10 17 4 -8 -24 38 64 -22 28 25 6 -95 -94 -12 -2 -52 86 -93 80 -47 -60 50 46 -8 4 -73 8 67 -42 -10 11 91 -80 45 54 -56 2 25 -73 -71 -2 63 25 -98 -60 40 -94 23 -48 -53 41 -19 50 92 86 -16 65 40 64 -60 -27 2 72 39 65 9 -64 -18 97 -62 1 -43 -44 -38 75 4 33 -68 -19 -83 -95 85 68 44 -73 24 66 -16 -29 
-67 -88 -61 -81 56 -51 -49 -23 49 96 -33 36 43 85 52 51 -10 -53 -92 -90 26 -74 -63 -45 -62 85 79 -10 -10 65 17 76 93 -18 -33 -100 -23 86 23 89 52 60 83 -41 -91 18 85 -1 15 100 87 -65 -40 54 -27 -2 24 -89 3 91 -11 -87 15 9 -42 35 81 95 -23 41 -1 -71 -52 74 -60 -69 -14 -36 97 58 91 -43 -34 31 48 6 69 55 -52 90 75 16 44 -79 -11 -96 41 -10 96 78 -59 -59 -19 78 44 
-28 42 -65 14 33 81 -43 32 21 51 56 85 26 -50 26 93 -93 -22 -16 36 56 5 -98 52 15 -63 95 -54 79 76 -66 84 -84 -97 79 100 74 78 29 78 97 -72 -66 2 4 65 85 9 59 -69 -86 10 -94 -71 -98 -26 -52 -90 22 33 -40 -63 -100 -95 73 -59 -66 83 65 61 -61 53 14 32 42 46 20 -69 -41 -6 -2 -79 47 -71 50 35 91 -100 78 -38 -82 62 -94 -38 49 -22 -91 -79 -6 -85 -82 41 -27 -85 28 
-60 -2 96 70 -61 -9 -21 80 10 34 -43 -96 82 -24 -87 -39 -43 76 -15 50 -19 -57 -32 79 22 -43 -26 30 0 70 100 10 -88 59 -48 30 20 -77 -91 97 16 -67 38 -69 -2 -4 -66 -46 60 52 31 -64 35 47 -96 72 2 31 -56 48 9 -91 44 -38 83 -29 21 -88 -89 -13 71 -1 -76 22 8 -71 96 76 -46 15 -33 -43 69 -28 -87 87 -35 -42 -60 64 89 38 -38 55 -26 85 34 -77 74 -46 -48 100 -34 69 -86 
-91 58 -27 25 19 98 -73 -51 75 87 29 -25 -48 -91 45 -21 48 25 14 -4 90 12 -48 -77 -39 85 44 60 64 94 -33 -84 78 -89 -58 -27 93 -38 60 -100 27 -61 88 -71 0 92 -74 81 -52 -47 -37 -10 -87 35 -98 -60 97 -38 89 -9 -57 61 -61 -8 -40 69 4 6 46 -68 -77 -64 -67 -81 -6 -3 41 -43 48 54 50 84 44 -22 35 -75 -60 26 -67 53 -82 43 -33 63 95 -12 11 -84 -77 36 78 37 28 54 13 
45 4 -15 91 -73 -43 26 37 -87 -32 11 70 -36 -68 12 39 -72 79 -76 72 93 -4 -87 5 -60 -12 -3 -76 -83 33 -4 75 -33 -59 91 -5 -76 -65 100 -67 -90 70 -77 -66 8 -67 -21 -27 12 -49 78 81 -37 18 -54 -75 17 -93 96 -85 -9 98 72 2 0 -59 -84 22 -31 99 -54 -66 -62 96 -51 -47 -82 59 -69 76 77 85 -30 -97 15 -33 58 -13 -48 -30 65 -11 30 -20 -24 -12 -81 -93 19 28 -75 84 -67 95 -54 
-17 95 -97 22 23 -13 6 -14 35 80 33 -19 -21 -35 -51 100 -65 -57 -82 -16 26 -72 94 -25 -43 67 41 -76 -90 48 -52 42 -29 59 -76 -24 -22 97 -66 -93 18 6 13 96 10 60 -40 79 78 -38 11 -35 14 -98 21 87 32 84 68 79 71 -7 55 35 36 -41 64 7 80 -84 -58 -81 30 23 3 49 -29 -95 40 -86 -84 53 69 27 42 71 10 41 -63 -8 -32 73 5 87 11 12 -33 -91 -4 59 -9 -41 79 -66 24 
5 -96 93 -46 -87 52 -63 96 -40 -44 -87 -91 -97 -57 -73 6 -46 5 54 37 -67 95 -69 -85 5 71 -80 -90 11 19 -76 -93 2 99 -3 42 97 -50 49 3 -11 92 92 -48 -30 -23 -71 92 9 54 -12 12 94 75 54 -17 96 30 -95 -41 65 23 -43 42 82 39 -9 -82 86 29 -3 41 89 1 9 -75 98 85 43 29 -47 -1 72 -8 -70 52 32 -19 31 -32 7 -31 -80 65 -65 -84 17 97 -27 -91 -13 -55 -30 77 35 
29 -12 -33 89 -33 -40 -74 -27 37 16 -5 -95 -85 -52 36 44 -7 -34 -15 11 -7 -49 -78 -47 29 48 -72 46 83 -2 8 94 23 37 88 -63 -68 29 -72 -37 6 69 98 48 82 -44 -43 -7 98 -89 -16 86 -26 -66 -97 -89 -64 -26 45 50 51 -74 50 -21 25 -46 73 -89 45 73 12 7 -68 -24 -66 72 100 -83 -42 -98 -29 6 -61 -81 61 21 3 -83 97 58 -40 0 72 40 -21 57 37 100 19 -76 85 94 94 36 56 
74 54 -28 -71 100 90 -38 21 22 -94 -61 95 -26 45 80 -11 39 -36 6 -53 15 -27 70 -66 -46 32 35 -64 79 -73 -51 -36 67 25 14 -92 -91 18 -28 -53 20 13 -34 -65 12 -47 84 92 78 86 55 27 -26 87 79 -38 0 98 -72 77 -11 16 -29 56 -3 51 -49 -84 47 25 47 -93 11 -92 -26 -26 87 -98 85 76 -52 -67 -43 -62 -90 69 19 81 -59 -14 24 54 -85 8 -90 -29 -12 32 -4 89 89 47 66 0 -87 
25 76 -29 -64 25 74 -31 60 -69 19 78 68 94 69 86 88 12 23 -91 1 55 58 96 35 -13 -45 -16 -57 -11 -21 83 1 48 63 -25 78 78 -64 -38 100 86 -69 -30 -51 -93 -64 -65 -64 80 76 -11 81 12 -57 76 -27 68 -30 46 42 -74 20 5 -8 45 31 81 66 -75 34 40 -47 7 -59 -75 21 44 -44 98 -37 43 37 3 -98 48 -77 21 35 -9 87 -39 -13 -67 61 86 -69 3 52 -2 -45 87 -66 -45 86 -97 
44 75 93 16 62 57 -38 -11 100 15 56 -6 -72 -44 -63 -86 16 -80 51 96 -22 99 15 79 40 -28 -73 -10 -42 23 64 39 48 46 -47 -37 6 88 48 47 -90 -4 -75 -98 48 -83 68 -34 72 29 75 48 -29 -1 -51 7 59 16 -40 47 25 14 82 -94 -83 -79 -69 35 -82 42 -52 -35 -39 47 13 98 -84 -57 -67 81 -90 -41 69 -91 77 15 64 66 21 -15 -77 -70 22 63 -71 -81 -11 41 1 76 53 2 -32 -91 -30 
77 -66 -67 94 -41 72 -62 94 11 65 -22 44 -71 -48 -95 88 26 11 76 15 -23 11 -87 -86 -24 -78 96 -27 -10 91 42 83 22 -77 100 -61 -84 24 -97 -52 61 -85 -75 3 22 -82 -65 -4 54 53 33 86 -37 9 70 16 60 25 -59 -10 11 -53 -93 -35 58 74 25 41 -86 -44 -28 -96 70 3 12 97 -43 51 -29 -97 63 61 -4 57 -51 -48 -97 37 -20 74 -44 -86 81 78 58 14 -57 30 33 79 -72 64 69 -19 29 
86 -62 -46 79 -51 87 -54 68 -48 -71 0 -69 -75 -89 46 -17 -18 93 -68 98 -89 -16 12 78 19 -51 -57 23 -41 -1 -57 -34 -40 -75 -20 50 39 -16 -28 69 17 -32 83 5 78 0 82 88 1 53 38 -91 -19 83 -96 -75 -68 55 50 24 -53 -50 15 -11 -87 83 -24 -98 -78 -36 36 6 -52 75 36 -18 -69 -44 61 -88 12 44 83 100 14 86 -91 8 -6 47 90 74 -16 -96 -89 85 -17 -8 40 -68 -19 68 -37 -17 27 
-35 21 93 40 12 -35 15 -9 -93 47 42 4 66 6 -37 -64 -10 -56 -61 -32 48 73 -86 8 50 -7 49 -36 12 41 32 -81 90 66 -92 35 99 -45 -16 -19 60 62 -85 11 63 58 74 53 -23 -20 60 -70 -67 -29 -88 -100 55 84 -25 12 51 9 -58 -78 -19 -99 18 -67 40 -46 -42 -71 -41 -35 -20 -57 89 65 10 16 -19 -54 49 87 1 -30 -77 94 66 -31 54 -61 31 -6 -58 -76 -86 -37 -37 82 -14 56 85 -8 -15 
53 -72 11 37 95 89 -81 69 19 -20 -98 49 51 47 -41 -44 -79 -57 -11 -26 -16 37 73 -67 -56 29 7 42 -37 -87 -7 46 -87 85 -31 -61 -54 12 34 -49 -8 -17 -85 -43 -100 77 -34 31 20 -15 -6 51 96 -7 -60 78 17 -1 56 85 -6 32 -43 -10 11 -13 -21 20 45 51 -8 -54 12 -84 -30 -84 11 -55 100 93 -92 53 -79 -22 41 94 -40 -10 -51 12 46 67 65 21 -99 -95 -2 66 -92 -59 -87 -81 30 -69 12 
-43 14 57 -13 -100 65 23 -7 17 -89 16 28 -74 63 -30 0 31 95 20 49 21 34 21 29 2 -95 -95 -20 -1 -37 58 -64 -85 49 88 26 -45 -87 -85 6 1 -96 -64 15 -97 12 55 -50 -38 -84 -9 59 -90 -69 90 -95 -15 0 -54 -88 -58 68 50 21 -38 0 27 92 9 -51 -38 7 -48 -79 33 -7 -39 21 45 -38 -1 55 -25 0 35 15 -73 18 -48 91 20 39 -14 -5 -79 -41 88 -63 54 -75 96 53 7 55 -53 
65 13 84 -71 -7 14 83 51 -82 -18 -94 -32 -52 87 -29 -79 54 -58 -64 36 -5 29 28 16 16 -58 -10 -100 95 40 -92 69 -65 28 54 -49 -96 64 -81 -98 10 -98 -60 9 -56 84 -44 -42 -64 31 -83 -86 16 -16 88 -88 70 14 4 57 -44 64 7 -87 20 -72 -3 -39 15 -50 -87 67 57 -92 29 11 43 9 54 42 28 -25 -18 -66 70 -94 58 32 68 -9 12 -91 -51 5 -70 73 -13 -80 -9 -44 4 19 -24 97 38 
47 -92 -38 88 91 -60 -91 -45 29 -38 -22 -29 40 10 -33 83 98 38 9 -14 -8 -23 95 -44 -63 -38 -57 -45 -41 -66 16 65 -78 63 26 37 95 -30 99 -32 -24 37 -44 -59 5 32 94 -84 -85 -64 24 51 75 82 67 81 12 -74 -85 56 -39 -61 -57 94 80 -80 -2 -86 25 -42 68 39 63 86 -27 41 -87 -83 -97 39 53 13 -24 -24 -32 -52 33 4 -29 46 -90 -7 -6 -82 34 7 -93 85 21 98 65 -3 74 -43 -91 
-35 19 5 -27 17 -3 -63 0 55 -39 60 -60 -24 29 -84 26 -48 47 -85 -9 -41 81 74 -96 83 8 46 -39 -32 67 -11 37 31 70 22 53 77 -98 21 54 -79 72 98 -90 -56 53 97 37 -11 38 0 -95 -18 61 -75 -27 -7 35 14 -96 87 -4 27 75 67 -84 -94 88 80 -43 44 -15 -2 66 1 2 -5 5 -91 73 -75 -3 -75 65 81 9 9 60 98 -13 63 53 44 -62 12 -72 -31 -55 -33 92 23 -24 30 -87 -86 
-8 31 59 -31 62 -78 92 31 -47 52 -44 -81 80 62 -68 4 70 -59 96 34 -29 87 -69 -60 -44 -82 66 8 68 -83 -15 19 -95 -30 -44 -3 -35 -61 21 -72 -85 10 7 97 32 -90 51 -53 -25 81 -29 28 -8 -73 11 -66 -22 41 63 -43 95 -49 -95 74 85 -44 -21 95 56 0 12 0 7 45 -6 97 63 -61 27 13 -78 -100 67 25 14 -42 79 13 -32 -23 93 98 -68 -46 -78 47 46 4 99 1 16 -3 -18 -16 82 
-78 -53 78 9 -66 80 -67 -58 30 -82 9 13 -13 43 46 62 -64 -63 -84 -31 84 63 -11 -88 98 64 -19 1 -89 92 13 67 -67 37 48 -9 -51 72 13 90 -6 -93 -20 -45 -20 96 34 11 -22 60 -59 -43 77 74 96 22 10 -10 -26 -63 -43 56 -57 -4 -37 54 9 -18 100 -2 -77 -99 -44 42 -57 -33 56 -33 71 -81 -46 -86 -8 49 77 -80 -96 -6 94 -89 43 62 4 -59 -63 -92 68 -30 5 -28 -35 58 -71 -70 87 
92 -32 -49 -83 -45 -74 8 38 13 -56 -52 -1 78 -11 -66 -92 35 -66 69 -47 -56 26 -11 3 -5 35 100 -17 -32 26 -24 78 -37 5 -76 -95 -75 -33 92 -3 -19 -71 81 32 -14 22 -50 14 -97 -17 -46 95 -43 22 -68 -39 -40 -33 -18 2 -80 18 41 92 65 31 67 38 -13 5 -20 19 -27 -11 34 -84 54 47 -99 -57 17 71 67 -32 19 78 90 22 -49 -29 14 -88 83 58 33 5 -75 -9 90 23 -17 28 -17 -29 33 
20 -22 -78 -85 -82 64 -99 -95 42 5 98 -52 31 90 51 -79 100 14 -48 24 71 44 -72 -7 24 9 53 -38 -44 53 -36 -45 -31 -10 98 91 40 -23 45 61 16 22 -59 -89 -6 -98 13 -4 32 -63 30 -43 -58 -75 -70 -53 -62 -53 80 -86 41 -81 -47 -48 73 13 -36 51 -69 -47 -26 26 8 26 -44 -23 -5 14 -63 10 84 41 -75 -3 91 90 -66 28 -37 81 65 87 -23 18 -57 11 39 79 -8 -14 -7 -24 -84 88 43 
89 -69 5 98 -49 95 89 12 -39 -86 27 57 -47 19 -9 58 -80 12 -41 -36 16 24 -90 -14 54 -90 25 97 -45 -72 -68 37 100 40 15 -71 21 -25 64 40 -9 7 94 23 -84 94 77 -59 44 81 -41 -17 -36 17 -71 -84 54 -95 59 -33 72 -26 -1 64 28 49 48 38 38 86 28 -64 84 -28 -46 -100 78 -78 -55 30 94 69 -21 13 67 -96 -33 42 81 -49 -79 6 -73 -74 -55 -11 28 8 -95 -46 76 35 -30 -97 -14 
-78 5 1 32 80 42 -51 -53 -10 87 -78 15 -90 -50 -94 77 -72 -32 93 -58 -97 16 -3 8 94 76 -59 7 -52 -84 -77 -41 -19 -93 -29 9 49 -84 4 91 -86 87 0 89 18 -1 2 5 -22 -41 78 53 72 -26 76 91 79 94 89 63 -31 34 -83 87 -32 97 59 -5 55 74 16 -85 51 22 54 -21 -6 40 -66 94 -64 98 -33 46 -20 -70 98 80 -91 -58 -59 29 35 -4 7 2 7 -5 -97 -4 95 -14 25 -26 50 
83 -47 -24 -54 -77 78 56 13 -77 -17 16 -83 35 16 75 14 -29 94 71 47 66 90 -37 -42 97 99 -27 -61 27 9 50 42 -99 -8 -79 -14 82 -10 77 -5 -50 73 -9 49 72 -4 98 -97 -27 0 90 56 -17 -79 53 -77 15 26 87 -54 -24 -88 -1 46 57 -63 80 73 -51 53 -26 47 74 -56 38 74 16 -36 4 71 74 98 99 50 27 -43 13 -77 50 75 50 -13 40 47 -58 72 9 -92 -17 66 23 -65 77 -67 -42 
48 -66 -33 -15 51 -33 -79 72 61 49 -47 -75 -47 -37 0 16 -30 46 36 -14 -100 89 -16 51 37 -68 62 -68 -26 76 91 -95 -14 -27 86 14 -61 92 56 -100 60 -91 78 -5 -30 52 -15 40 94 5 -24 -34 -78 -96 12 -63 -49 77 38 -4 27 -60 -26 -51 71 -19 64 -82 -83 -1 -62 91 0 57 40 23 100 89 53 -29 6 -62 13 80 53 -36 -81 31 6 -50 72 -4 -47 17 -57 79 5 20 -31 32 -74 49 4 44 67 
61 -29 -66 31 -37 32 -86 -82 -2 -89 -18 -56 52 -24 25 21 87 -23 37 -50 -16 -67 -63 14 4 -47 81 -27 25 67 68 2 36 -97 50 -6 44 4 -34 -79 24 31 45 22 -62 41 -69 77 90 -83 14 31 -62 66 6 -98 -57 10 -65 -17 -40 8 -25 -68 38 93 79 99 -39 13 31 -6 76 -8 44 -17 -39 -70 -1 64 84 24 78 59 42 80 -39 -44 -82 -28 -99 12 -22 69 -74 37 73 17 2 -59 -27 6 -7 87 61 
-9 -90 89 -72 -86 100 -66 -82 -47 2 -94 3 -79 -44 -76 -39 -72 -73 13 19 -32 6 -41 55 20 86 -40 16 -57 11 28 81 40 -39 -62 81 -54 -17 75 54 -57 48 89 -39 48 -4 -50 -71 -82 -38 -56 36 -15 -19 59 24 -83 -53 -85 -19 30 -31 9 -69 -45 79 0 21 -34 -89 -96 0 61 -69 -30 -40 29 18 -79 88 -49 -73 49 76 54 -54 -35 16 -92 -9 -93 88 23 8 37 26 35 87 -90 7 35 -89 -84 38 49 
-63 29 23 -20 75 71 -71 58 36 -37 -76 -71 9 10 35 45 48 -77 24 12 -96 17 68 -36 68 32 -42 -53 98 -6 90 -42 42 -38 17 80 -75 -91 1 54 25 -98 -54 -27 41 -28 38 58 -14 29 -17 67 86 -42 -10 23 68 89 -24 30 19 -2 30 -60 23 -53 69 -30 -31 52 -79 96 -61 -24 -66 41 90 -57 -33 92 32 -24 -29 68 41 0 3 22 -86 -48 -68 2 29 -93 41 -36 -18 -16 72 7 49 12 59 52 -19 
-27 93 9 -98 -92 -59 94 1 68 11 -3 -86 19 -91 -19 3 54 -36 90 27 -36 50 -100 8 98 41 -81 38 9 42 -45 100 42 51 -54 -50 52 -53 -33 -6 28 -82 15 51 5 -79 97 -100 5 95 -56 70 20 -72 28 97 -75 62 34 100 91 87 24 56 -31 0 -82 72 70 -5 68 -95 86 14 98 -29 -31 -2 44 22 89 -99 -90 7 -49 14 5 -31 -85 88 59 84 7 5 21 -22 75 51 95 -79 -85 -34 76 43 69 
-28 8 49 -39 -67 -76 -26 56 -29 59 -62 60 35 -80 89 3 24 -78 -11 -91 77 27 89 -58 32 -61 80 -52 30 -41 -36 47 -50 83 -36 -19 70 43 20 53 47 -45 -5 3 -73 -52 78 99 -77 84 -79 51 57 98 18 64 -51 -53 17 11 -100 -44 -80 96 -5 -8 66 98 55 -16 2 95 -46 55 -65 57 -60 -9 39 -88 -39 38 -91 53 -55 90 47 -16 38 67 -23 69 -87 1 67 -43 -3 -22 -45 -96 -21 13 -44 73 -18 
-66 -76 52 -13 -74 19 33 16 49 -32 33 -8 -76 -63 96 -27 76 12 24 -7 78 32 -25 59 60 82 91 3 32 -32 -41 38 36 76 -47 36 86 -66 -57 -14 76 74 -1 -41 62 34 -11 -22 -16 28 39 -13 8 57 19 62 63 -43 -59 69 -45 22 93 7 -88 72 57 -4 90 -16 44 18 25 -69 -5 -71 62 -45 -100 89 -12 94 38 45 63 -13 -63 -89 77 -69 -88 -49 -4 97 -87 -66 -70 -52 29 -57 -30 -79 -42 59 -99 
12 -79 65 71 -39 73 -41 63 57 17 13 -78 -14 -99 -41 25 89 78 -13 15 6 82 61 -30 63 12 91 -55 -29 -50 75 -76 -28 -45 -41 80 -40 -47 -59 -52 20 -22 -79 -97 -46 74 15 -30 8 49 3 -13 -69 91 -12 -61 20 32 -51 79 -97 -75 1 55 95 -9 -6 57 33 -91 -16 -78 74 -68 39 76 20 -82 -6 30 -10 79 -38 24 42 66 -59 80 -12 -40 -69 93 99 36 92 -20 -77 -9 -9 66 -45 -13 16 -77 -7 
67 21 9 79 93 36 -25 -5 -25 -81 -81 -73 54 12 40 -34 82 49 -34 20 77 -82 -39 -97 -5 -83 -1 -61 -23 8 2 -56 30 21 54 13 70 -82 48 6 -99 88 -48 100 10 -51 41 -58 22 52 -54 31 -16 59 -8 25 43 -74 45 -40 27 -50 34 43 -57 52 1 58 -1 -53 99 -55 -55 15 49 12 12 -18 -45 58 -76 -41 75 72 -80 83 12 22 65 19 -26 -32 -83 70 -2 -14 66 59 -69 -56 100 -13 2 -77 -87 
-23 -28 -49 -26 39 34 60 -10 -70 -57 70 71 -60 -61 68 -77 -69 -91 -23 77 -36 73 76 97 32 83 -61 -20 -94 -59 -16 48 -82 11 -54 -50 95 -11 -40 12 86 64 20 -33 -20 52 38 75 -15 -37 30 -91 71 55 -80 23 97 69 66 60 36 18 84 -25 76 -10 96 -80 -22 -18 29 80 60 -99 -1 77 -17 -4 4 -59 -68 12 -36 22 54 83 -70 11 -13 -90 20 1 28 85 -30 17 -64 -11 -37 -22 39 -83 100 79 57 
0 43 70 -79 34 -42 -57 48 81 84 -99 77 -15 -62 -11 -63 17 13 -56 22 -54 -57 91 -64 33 46 43 -18 30 -45 -50 -59 42 -42 -100 80 20 14 -8 69 -27 -16 100 -5 96 8 -76 24 -65 -35 -84 -69 -58 67 15 91 -17 55 33 -76 -55 -18 100 75 16 55 73 60 28 -14 52 94 58 -10 13 -21 -68 -71 93 62 41 25 -22 -32 41 -92 62 -42 -46 75 52 48 75 97 77 91 -26 -41 -48 43 44 46 -97 -41 -52 
-3 -28 12 41 -52 -7 -42 55 38 49 98 -82 -68 15 -94 -11 -19 98 85 78 91 92 18 -74 -9 81 -18 58 -91 28 -8 45 19 86 67 62 -27 3 69 99 87 -27 -70 -51 26 14 -62 48 -15 26 -45 73 -44 -99 -8 96 81 -12 -46 86 4 99 -18 -89 36 73 6 7 -18 29 -41 -75 40 -85 37 -17 68 -87 28 -95 -61 86 -73 53 77 43 -37 2 98 -15 -1 81 55 -64 -22 24 -33 67 -87 -42 43 99 -26 38 70 
-6 -33 24 89 -74 31 -25 25 -77 -67 -98 91 29 -13 3 17 76 -41 -79 -88 -78 63 -54 -25 -46 98 -76 -60 -6 54 89 -82 39 -29 60 75 -65 -18 -18 93 86 -92 -19 78 -7 -27 -82 -4 -53 9 -3 48 34 -4 31 50 -67 77 -19 -31 -12 -30 6 -3 -5 -66 85 3 -71 30 9 34 -41 -65 88 25 -53 -92 64 -7 -37 88 65 34 -75 34 -99 27 7 -68 -47 25 -45 97 62 28 49 -26 73 84 68 61 50 -86 61 
15 58 -56 -13 -9 59 -4 57 18 60 -54 -9 -83 -52 -62 -4 4 -9 71 -100 -46 -84 66 -99 -19 -100 -80 65 -49 33 35 -6 -68 36 -9 -41 -15 -46 -60 -89 81 -32 3 -84 46 -87 -9 39 46 -12 96 4 96 91 66 60 34 61 -12 -100 17 -51 -4 -75 -41 -72 -26 -70 -56 -71 -15 95 75 -94 -27 19 57 -54 -22 58 -85 86 48 37 10 33 -69 -76 11 -66 76 56 87 -93 1 -72 5 -11 15 17 3 -94 86 89 -69 
-77 -28 22 -1 -16 -27 64 95 77 -34 93 13 57 -92 5 -34 -1 -56 -28 -78 -68 11 76 38 -26 62 13 -76 40 17 58 -33 -55 25 66 10 6 53 -70 -70 -57 -20 -14 13 -34 -93 73 -91 97 -51 -61 -84 51 79 -29 -32 -62 30 -18 -14 68 100 -21 39 -57 71 11 35 74 7 55 -49 -5 -38 -76 -87 62 -29 -11 48 -14 -18 -5 -15 68 99 -74 -99 -48 67 48 63 -56 -78 49 84 -93 31 -30 2 -66 22 29 -79 87 
47 44 87 79 76 84 -70 -89 -73 -33 86 -75 -24 -86 -57 -100 -61 -8 -12 77 -84 -94 -30 -16 -78 34 -11 -90 2 -88 -96 -60 -1 63 36 -90 -30 95 11 45 -21 -27 -67 63 60 29 -14 7 -64 14 -19 48 -70 82 30 15 -18 30 97 -43 -33 9 74 -49 -45 -93 -71 59 -94 67 0 52 -63 59 92 95 -41 69 -6 -50 3 87 -11 -54 54 62 -55 99 -16 -80 9 -44 -61 41 -72 -14 10 -48 73 -33 -97 -91 49 82 -52 
99 -91 1 58 -21 13 87 -10 -28 -1 75 46 -13 -79 -97 23 84 -81 -80 1 -17 -42 75 28 -73 -99 -54 0 -40 71 77 -63 -22 -15 -15 -81 64 35 -23 80 -51 16 16 -45 4 70 45 -14 -10 -68 -61 -7 -10 64 -54 48 -1 14 65 45 -89 -16 11 32 51 -23 -65 40 57 41 -77 -73 34 5 41 51 -98 -28 17 -53 54 91 95 89 -11 20 -6 -88 -37 -77 -62 29 93 -46 -59 74 -36 -65 -85 93 64 90 48 85 -85 
64 -92 91 15 -4 -50 94 81 26 -3 -48 9 56 -97 -57 -35 -99 -15 46 65 2 -56 -29 -86 39 100 -83 -36 -10 34 -67 97 41 7 -95 -53 -42 -45 22 50 -72 58 -71 -73 21 0 41 21 90 36 -50 -32 58 -38 -54 27 52 90 2 -13 70 76 -95 -65 -58 -47 19 20 32 -98 -74 32 46 31 16 -41 -86 -47 28 -21 -1 96 1 -64 -60 -15 22 5 -27 29 61 -63 -76 20 59 -5 95 72 76 37 -57 91 -97 -59 3 
81 -41 -44 -41 -84 -85 -70 -63 21 -17 8 -72 97 -9 9 25 45 -48 52 65 -31 40 -47 -24 77 16 -77 -77 -58 93 35 47 29 44 48 80 58 19 -49 68 -49 34 -35 51 95 -4 8 -77 -57 0 62 46 -60 56 -41 66 47 -93 88 -98 -54 -63 -67 62 -76 53 1 -16 -68 -58 54 42 89 -62 -46 -26 89 72 5 -20 -77 -5 -30 42 73 33 -48 65 96 -37 -50 -56 -28 -15 96 -34 -58 -81 14 98 6 14 -90 -83 -93 
81 -1 63 -87 -92 -15 58 98 -48 -47 54 94 30 -14 -22 -68 -23 100 -70 -66 -98 65 -33 54 49 79 -61 -51 -10 96 58 -61 -84 -13 -68 -79 -18 95 -65 42 3 13 12 -14 41 -45 -82 79 45 9 -4 -24 86 62 63 -19 -67 34 68 100 -94 -55 -46 -51 -52 -55 -81 -53 -61 85 -11 -13 -57 -44 14 -89 -47 79 22 12 -3 42 95 -93 80 60 91 -36 86 -70 -44 41 4 -19 85 39 -76 5 60 -12 -33 -59 -20 -58 57 
34 -95 -14 44 -8 41 24 19 8 -21 57 -7 2 73 -29 -81 38 95 -57 51 -38 -98 -72 -65 83 -83 -31 -42 25 -44 -30 -44 45 -57 -86 -15 90 -58 -46 -14 -92 -91 -74 27 -3 72 -84 -56 -82 -33 -23 35 43 -57 -14 44 19 33 19 -96 -51 -36 36 -5 -41 10 69 -69 -70 -15 -11 87 -10 19 -26 48 -88 74 21 58 -14 57 42 55 -43 85 65 -46 79 -84 79 57 -24 69 5 -62 -3 -99 -66 -82 -14 3 -19 -98 30 
19 84 -80 94 -4 87 57 37 79 -92 82 21 8 -1 -85 4 -91 -76 -8 -14 -55 -27 24 37 -28 96 46 -85 68 -58 85 80 -97 -36 87 78 -33 -46 40 63 36 -73 70 47 -36 10 75 34 -97 -75 55 -77 -86 -58 16 -78 -48 43 -79 -81 -94 49 -14 99 44 47 -94 43 -22 -69 -68 86 -92 -89 40 81 6 -41 -57 21 -45 -46 58 16 -93 -77 98 -51 17 12 -12 -24 -3 74 36 38 -10 2 43 -58 -36 -98 -100 -23 9 
27 -95 -40 53 24 83 75 30 -52 3 72 -24 -62 75 -44 -16 49 59 61 -76 -13 71 -88 -55 58 -38 -25 55 -91 40 -51 30 3 -75 33 34 66 -2 42 -70 -89 -28 -56 -19 -92 -51 -11 -34 -86 -61 90 60 -31 12 -66 70 -63 -28 -100 -53 11 52 -22 -99 62 0 -98 23 -85 44 69 53 -79 16 -71 20 -26 -92 70 91 3 9 -100 99 -95 -52 74 -60 98 -71 74 4 20 49 -51 40 -41 -54 79 -71 9 -5 -3 37 -68 
85 -70 38 13 44 -5 33 -50 88 11 29 92 -89 -18 -4 91 -16 93 -21 9 -9 88 59 47 57 18 -54 -60 81 95 88 70 0 100 33 41 -29 -66 -83 -83 -92 -42 -2 -39 -42 -98 -9 67 48 -46 59 53 -52 -96 24 -100 -3 -45 -96 -96 28 -77 88 84 63 56 35 47 40 -45 -28 7 -21 67 -28 34 -2 31 25 -88 39 -79 -14 -11 11 36 70 -91 87 28 -21 70 20 32 -66 89 8 75 34 -66 94 56 18 50 -50 
54 88 36 25 17 -3 -79 59 -41 -2 -47 -41 -54 -99 -8 -38 51 52 -16 -32 92 75 13 97 58 -18 73 -36 18 95 -17 -82 -45 -64 31 48 -76 18 53 -99 -28 49 -100 84 -83 67 17 26 -28 -25 -88 -8 -43 -98 -68 -52 13 -7 -32 20 -32 78 -6 -7 96 64 -19 71 69 -90 -74 -26 15 93 91 74 -40 16 51 31 33 0 -94 72 25 11 69 -34 29 -33 47 99 66 41 -41 -9 69 -69 -76 -29 -26 -40 97 71 54 
-95 8 47 -42 73 67 51 -85 97 5 -50 -44 7 65 7 5 13 -57 46 -11 45 -59 -5 26 -49 -30 -66 49 -45 22 -53 50 15 51 -50 -69 0 20 -23 35 -59 -76 -41 1 79 31 77 22 44 72 31 7 27 -60 45 17 35 11 -20 90 83 8 -48 45 19 -94 -94 91 23 43 16 -79 49 -35 100 -4 -75 69 -11 22 -76 -18 -24 92 23 -3 42 -66 -90 66 -50 -52 -41 49 -87 -80 64 -63 -77 -98 49 53 1 -95 68 
-28 -57 -100 -58 5 -56 75 84 63 63 -29 -12 52 33 -78 -93 29 -67 26 11 -12 -86 56 -44 57 4 48 95 -71 54 -69 -78 53 -62 -87 66 70 -86 -88 90 -75 45 29 36 62 -94 -23 -41 -100 51 -14 -97 37 46 -40 95 27 72 46 -44 60 28 77 20 6 -66 29 74 73 5 92 -15 -23 42 -73 -53 -93 -28 22 -79 27 85 40 62 49 89 -94 -74 -25 -58 -35 -5 -58 80 59 0 0 -37 -86 -1 -25 27 -27 -21 -60 
-57 -61 40 27 5 14 -44 69 65 50 34 61 -83 84 -76 50 -93 51 10 -80 32 36 -50 15 -5 94 41 14 83 90 57 49 92 -46 -56 79 -38 -15 -55 -18 97 -39 -39 44 -57 -91 -9 -60 78 -55 74 18 -83 -51 70 -7 87 -68 -1 71 -28 22 96 95 -33 41 -38 83 -25 8 99 79 46 97 28 -46 -75 -97 85 28 71 -32 59 5 -43 15 -57 39 67 -4 53 -62 -86 -40 99 -50 -86 80 68 -59 63 -5 3 41 -82 
-23 74 -86 -32 -78 24 14 -79 -61 81 67 -69 -2 63 35 12 -48 56 -16 31 -12 76 -59 -84 8 -6 -63 -36 -67 -25 -26 99 -35 -16 -68 -63 61 -49 71 36 -81 -22 7 66 -7 -41 -96 -46 -60 31 -79 52 -63 57 -1 -96 33 64 17 46 87 86 63 24 25 -59 0 -82 -42 -56 71 56 -65 -95 43 -73 85 39 47 -68 -2 37 58 -26 19 -9 -40 72 -48 -50 95 -71 -2 -3 9 77 8 -87 -64 -14 -29 23 -11 36 -78 
-85 46 -16 11 26 63 -76 46 -25 -84 -94 32 -65 -8 -80 5 -7 44 96 -99 -73 -68 10 54 -62 7 72 59 7 90 -38 -89 -89 -31 62 -36 -51 -47 79 -18 -27 -16 -88 40 73 -28 67 64 86 -44 0 83 -79 44 -61 -26 55 -15 89 -73 -78 -28 -54 -78 -71 -29 -24 -59 -45 59 -84 -69 -43 -79 -24 -70 74 93 74 -27 -35 47 80 -95 98 86 -34 -58 84 -56 -47 -65 6 65 8 -46 95 -71 -91 27 -52 71 90 -37 2 
-41 83 -64 -10 12 91 69 -16 -30 -96 -67 -46 97 -28 -33 44 89 21 -32 -42 22 -19 90 57 41 14 -17 66 90 -38 55 69 6 -32 -100 83 36 79 92 -27 30 -18 -32 -48 -10 -55 -69 -76 -83 -87 65 42 19 -44 85 -100 -26 4 19 78 -49 91 75 22 -11 -73 -59 96 -46 86 48 -3 -94 56 28 6 -39 -81 -45 -55 25 10 62 92 4 -99 -69 -16 52 -23 13 -80 -5 79 -32 -67 -44 -4 66 99 93 -89 92 45 -26 
-4 -47 50 100 -96 -77 -79 -14 30 -49 51 -61 -27 0 -47 35 -68 -28 8 -45 -65 7 64 -34 -7 -12 -66 -28 20 71 8 -65 -48 -6 64 39 77 -2 6 80 84 -55 -71 11 40 11 85 -12 2 -8 -76 99 8 88 -16 -69 33 -64 -9 -54 91 40 -42 -100 82 -76 27 -91 -43 -14 4 -61 -41 4 93 -32 11 -22 49 52 45 -51 46 -76 11 -44 71 -93 47 -25 13 36 -81 -65 98 -26 -55 96 -24 -23 53 40 -43 -49 -67 
-69 -86 87 -23 86 13 84 46 49 -62 69 -16 -80 -4 80 81 -94 -54 -63 -42 19 18 -2 35 10 -9 84 -65 -76 -61 24 -88 -29 -39 -92 -3 -10 -94 18 -22 3 -52 20 -49 -11 40 100 45 45 28 91 6 29 29 43 -42 33 -6 -25 -66 -93 -59 61 98 -71 -58 -39 -51 -50 -77 93 21 16 -48 -14 -98 8 -7 -32 97 15 99 -38 -17 61 45 9 16 83 -82 87 -84 66 -45 95 -14 -9 45 -55 36 -68 -8 -67 40 -54 
59 74 -77 13 -16 65 -29 -26 64 -12 -91 -57 93 82 78 1 -62 3 25 25 45 -66 -6 -29 79 -45 47 49 85 73 30 80 21 -75 -43 83 -47 29 -9 65 84 -61 22 52 -74 83 51 53 -76 86 -37 3 -69 20 60 -47 -92 25 25 -34 -60 66 57 -71 -6 5 61 63 95 -68 87 26 52 86 34 11 -86 38 -96 12 11 78 33 43 -4 -12 26 10 -3 -9 94 -53 -76 88 23 43 64 55 39 83 42 -40 -20 55 -44 
41 44 40 32 -14 -20 71 -64 -39 -80 -48 57 -47 -100 22 -16 48 -16 19 5 -15 -70 41 -94 -56 -75 0 78 75 -10 13 -14 3 86 92 -23 -95 13 -67 88 59 84 75 71 35 45 21 -74 -88 26 66 21 -39 -88 -45 -71 -61 96 -66 91 -54 1 -18 59 -23 18 15 -61 -21 -67 93 -65 28 -64 -25 43 -84 90 77 25 -23 -60 -46 57 55 -34 11 45 -79 -81 27 -56 9 42 77 4 95 -30 36 99 -67 -69 32 -43 51 
39 2 21 94 -71 -29 -39 -72 -8 79 -33 6 -98 98 66 -36 3 94 -97 -62 -55 -56 12 -44 63 44 -79 6 -42 -88 -41 71 31 64 -1 -53 49 -93 -28 55 -11 46 4 -72 -48 34 -60 -29 -34 -97 -81 57 -49 -21 87 -15 -53 2 35 96 28 90 -16 19 -75 -65 -48 71 -28 3 35 63 8 -28 95 3 30 33 59 -85 6 -52 -33 -2 51 -84 -31 -6 -41 -30 -98 93 16 54 -84 -6 90 -21 -71 8 94 79 -66 -15 -49 
-78 -27 -23 -40 -53 47 43 -98 40 57 17 -77 -99 -37 -36 -52 -64 81 -75 -92 -32 -72 23 -13 -59 -73 50 85 -77 1 -91 -17 16 59 1 -36 24 33 -26 -90 -59 -73 -2 -94 -70 -23 -56 -78 78 -32 10 38 -32 -87 34 -88 -34 80 51 35 -96 -25 -74 6 -32 46 8 3 32 49 78 -16 91 76 -44 21 14 77 49 -92 17 94 53 -17 5 -23 5 -66 36 19 92 -40 61 -62 -35 3 -50 35 -21 31 -46 9 -72 97 96 
73 -5 70 -27 -51 -10 -59 -34 -7 3 95 59 -54 -73 -21 -26 -94 -89 53 -16 -76 47 30 -11 -78 -89 9 60 24 -50 -3 71 -99 -46 -8 100 24 -49 60 63 -24 -83 40 1 96 -55 -28 -69 -64 99 99 34 53 65 -28 31 -65 -36 83 -79 -16 -61 -6 -43 41 10 48 97 60 95 81 -9 82 24 -25 58 49 -97 24 82 -45 44 -70 -99 -63 -55 99 -57 -21 -88 -95 77 -68 67 46 74 21 18 -100 -56 -58 65 37 -50 72 
89 -67 88 83 -69 25 -48 8 96 52 86 -42 79 -71 39 -25 -78 45 -16 -38 74 -35 4 -26 16 87 -13 -61 -30 -13 -93 -83 88 -13 -37 14 -73 -24 55 100 88 49 38 28 31 54 30 8 89 -83 72 1 -69 37 63 -96 4 79 94 -79 -38 94 -56 21 91 -66 -2 -9 84 87 -36 -20 -85 -31 68 55 -24 64 -46 -34 -2 -83 78 10 -97 -50 -43 -48 98 -17 -51 -60 0 -81 -11 -20 -69 57 -51 -86 62 -43 -7 -54 33 
43 99 -92 -35 -70 92 100 -53 -77 81 84 21 -13 -84 -16 -96 38 12 -79 3 89 96 -15 -47 94 52 -88 52 -24 10 -79 53 -34 -45 -20 53 52 90 -42 -66 -8 -62 12 58 -66 -82 -28 -81 95 55 -87 -63 31 -99 17 41 -48 81 -3 -58 -49 -92 -53 -92 28 44 95 -28 -56 34 -46 -84 85 42 -70 -77 43 -60 49 0 43 16 5 4 -77 43 73 18 18 -98 -26 -84 8 -36 -98 -20 -50 -91 20 -36 53 -65 55 -65 -71 
95 50 48 18 3 3 55 75 98 -54 100 -77 -61 39 41 64 92 34 11 -76 3 -66 75 -74 43 -29 -98 1 0 47 -99 73 61 -37 -58 54 -60 51 67 95 -90 -68 -73 52 -64 44 -96 -46 49 97 56 25 -4 -78 -28 -39 62 27 78 -82 24 -66 -43 -48 -83 -14 -53 48 -95 -52 26 -87 -31 -91 -10 -92 76 65 -7 99 76 37 67 68 19 -99 -69 -33 -13 -78 19 55 65 -94 -3 -79 99 24 7 67 61 24 52 87 43 
-31 24 47 -85 60 44 47 7 15 28 91 -5 -37 -51 -81 -46 63 -15 65 47 89 -93 -56 32 16 -14 75 -93 17 -35 -7 90 -72 73 -21 29 -57 -91 -63 95 -65 -26 -3 94 -33 93 96 61 69 -14 -61 -65 -90 71 -65 65 24 -47 83 -18 67 12 8 66 -49 -55 -68 55 7 25 43 100 63 10 52 -87 -8 -74 96 48 -63 77 3 94 -34 47 74 95 -23 62 54 -37 17 79 6 -47 -50 15 99 80 73 31 4 -10 16 
37 -33 -71 32 -34 -11 -71 -21 -22 -42 69 35 0 -38 -77 -81 -45 22 -69 31 10 22 69 76 -40 27 68 33 99 23 -4 -31 -94 2 -85 -62 -73 -14 39 78 28 93 -4 91 69 65 -19 -27 7 25 92 2 26 35 -59 -10 88 54 -81 -7 -40 94 15 -74 36 -53 31 -40 -100 -55 39 29 -52 -63 47 78 -73 -22 14 38 37 -100 -94 -14 -72 -97 -84 86 48 -4 33 86 97 -13 80 -37 59 72 92 76 -84 -51 40 -57 -100 
-58 88 77 34 41 -10 15 72 95 -71 33 -33 93 40 -75 -16 -39 -7 89 69 -26 -74 37 75 -89 96 -77 96 73 80 34 9 91 -75 84 29 -69 82 70 76 79 -39 31 42 85 51 -16 -16 -73 66 23 68 6 -31 53 86 -35 -12 -29 -67 -39 -78 66 -43 -12 29 23 65 -17 2 -87 21 37 49 54 -37 33 -27 13 -55 46 64 -52 55 -15 -63 -81 -9 -14 27 96 20 55 -93 91 24 -56 78 -63 90 10 25 -25 -65 58 
-94 78 -97 -35 -45 1 -92 5 70 -64 18 34 -48 50 -86 -26 -8 40 98 29 -76 95 -71 -77 88 55 -93 -61 -40 46 90 -1 88 33 -51 -88 55 -87 2 75 -13 98 20 62 -67 -59 -68 -31 98 -72 48 -32 35 80 -32 85 67 -78 46 -46 -46 6 -95 -48 19 47 97 -8 -67 -75 94 -45 -10 -68 68 31 -16 22 44 -55 38 -77 -27 -33 -81 -42 11 -52 91 -12 -98 54 56 -70 56 82 -8 8 7 -27 90 31 25 -39 -48 
85 61 15 -45 61 89 -49 43 -26 53 -87 -75 83 -8 52 -80 -17 41 -99 -96 80 -54 67 67 -29 94 92 51 -49 -72 6 32 25 -76 -93 -2 -1 5 -40 -32 -32 45 -62 41 -63 -42 -24 80 53 -78 63 -21 61 71 -33 75 -2 18 -11 52 63 44 -75 78 -20 -35 -24 86 -53 41 -43 96 25 16 13 62 -88 57 -37 -24 4 39 75 -76 -23 -91 -11 -6 17 30 67 -67 31 66 -1 -6 -55 -90 -82 79 96 46 -63 11 -22 
60 4 -15 47 -4 7 -15 29 -81 96 36 -97 54 -76 74 35 59 61 -86 61 -74 -86 -72 45 77 -47 8 -96 -26 -54 -50 70 50 73 -38 0 25 86 -23 -43 -47 98 70 -56 -38 94 20 64 44 65 88 -100 30 26 14 -35 11 28 -51 94 -31 81 21 69 78 -9 -93 -11 -51 -89 9 42 81 -13 -31 -35 3 -87 91 -55 75 -56 46 13 -89 -52 -12 -47 22 -99 70 15 -99 27 35 -93 -23 -4 -75 6 -84 78 99 -45 41 
-35 -92 -86 25 10 1 97 71 44 -26 56 93 -34 18 -75 -72 39 -36 -14 42 59 30 42 -64 -35 -53 7 28 75 25 -20 56 14 -98 -36 -37 63 31 1 -39 -75 72 76 20 -40 -4 -62 97 51 12 -10 94 -19 -11 -23 -17 -78 -74 -21 30 43 -36 -87 -45 30 42 88 -77 -53 -46 -33 10 -86 -52 53 2 1 97 -18 -99 -25 -26 93 54 -71 60 -30 -74 -78 -96 -85 -24 58 37 10 -59 28 -13 -36 -43 -98 57 86 -51 -36 
43 -73 -83 66 52 -17 68 57 -37 -67 84 -94 63 -54 15 19 -22 -60 -29 45 100 88 58 -5 -62 70 -46 95 41 -94 -5 -14 -85 60 84 73 36 68 91 33 100 22 59 -62 -48 -7 89 -56 -64 28 -66 21 50 -79 26 64 16 -70 -65 14 6 -36 -79 48 -30 82 -9 84 74 45 86 51 41 -31 78 -89 -28 -84 -87 43 6 -27 98 83 24 -91 -98 -69 23 83 9 67 69 -88 30 -71 93 29 97 24 55 -95 -33 -3 59 
64 -95 27 -95 28 6 -94 -90 -41 -84 54 5 -33 51 -96 3 34 28 91 71 -76 69 -91 -27 -87 40 76 25 77 -41 -87 71 87 21 37 -76 38 -13 61 87 -74 25 -64 24 96 -23 -8 -8 81 -37 76 4 -62 -58 100 90 -21 9 -16 -28 50 -24 -35 -22 28 99 1 29 -63 -75 -91 73 36 -55 -27 77 30 35 11 18 81 -29 7 -7 -75 30 -89 35 -54 -69 92 54 66 -54 -46 -37 -16 95 -75 -55 86 -37 80 46 32 
95 -37 79 -38 0 -99 29 81 31 -41 89 -98 91 -76 96 -60 -24 30 65 74 -100 -18 -61 58 67 65 -96 72 -17 -32 -19 64 -49 35 34 43 -94 -92 38 -3 -68 -38 -85 -90 -73 83 77 4 -88 -11 -60 90 -48 -94 7 -60 -97 14 80 -98 -53 -56 -81 -16 57 70 -50 -94 98 -46 85 -95 75 73 34 -47 40 -51 -16 58 93 -49 7 -66 96 97 -38 100 85 12 64 7 -8 -40 -54 -30 -62 -1 -91 -72 -48 97 -37 -21 -36 
-81 -98 -68 79 27 41 -25 90 -51 -38 25 -58 -16 21 91 -56 84 -4 55 88 -52 -19 -73 12 84 39 100 71 71 -75 -11 84 44 -87 -44 -51 -49 76 17 -49 -66 10 -13 82 18 34 34 -27 -10 30 11 -3 47 -64 49 -44 -28 88 42 -22 -38 41 55 54 -28 -83 -59 60 41 85 -66 20 73 -32 27 71 52 74 -38 -76 24 58 42 15 100 76 -83 18 -3 0 -64 -54 -28 -10 47 -87 36 -71 -16 -81 -85 69 -80 62 53 
82 72 54 96 -89 -23 -50 12 -84 62 -9 -58 -1 17 -13 -4 -1 89 -70 -44 -94 55 48 -85 -82 82 -14 -10 -56 -15 13 72 -35 69 65 -99 13 86 1 59 -92 79 38 8 72 -71 -94 -31 67 -90 24 63 -43 0 -65 85 -69 21 -95 -34 28 -16 36 76 -57 -94 100 -45 28 37 49 -53 96 33 -65 62 38 -8 49 -87 -20 92 81 38 28 57 -65 82 -93 61 8 -92 -99 -39 46 87 -79 42 -71 56 -49 49 -23 -64 14 
85 -52 -24 -79 43 -29 -58 47 37 98 31 -19 -23 3 31 -94 -63 41 19 -13 -52 -63 -67 61 99 81 51 20 31 95 -91 67 92 56 -35 10 -75 53 34 48 -17 25 26 -20 -74 91 -62 53 68 12 -4 69 36 -57 60 -74 71 -43 -85 -70 -65 62 26 24 -61 43 -36 35 81 -100 -35 -26 -53 -70 8 -16 63 77 -66 -24 16 -79 41 13 91 87 50 91 -92 78 -24 -44 -25 -1 18 -42 -43 44 -23 78 0 -67 -79 81 -2 
-59 -33 -40 -16 32 0 -81 -86 94 44 -13 1 -35 73 -34 91 -46 85 -24 -45 -3 -61 40 -7 -41 7 70 -87 44 -9 24 48 97 -63 -88 18 -89 -18 -94 -3 -41 -74 84 13 -66 -62 35 40 45 89 -5 27 66 -33 67 -80 -31 12 -22 41 83 90 71 88 -85 -38 82 28 -60 48 58 35 33 -93 -17 2 13 43 63 -67 -69 -51 38 -98 39 -1 -2 -99 20 96 -73 77 73 -78 -59 -70 88 12 -90 62 -88 23 83 -14 -11 
29 -70 -18 -53 -97 11 -18 85 -98 35 45 7 57 -70 -16 -92 -37 56 38 49 -89 25 -7 -77 60 -74 -30 45 21 60 98 -10 -47 42 -6 93 -8 -24 -19 1 -27 23 18 -40 83 -82 11 -61 26 16 -1 69 -20 31 4 -75 72 100 13 44 59 97 -29 -52 -33 87 -59 -48 11 -67 16 74 34 -6 10 -31 92 -50 54 -67 -43 -48 82 3 41 -51 -19 28 5 -96 -63 -32 59 29 81 59 -37 90 -99 42 64 -40 -67 92 -96 
-45 -81 -42 -80 -92 -86 49 -45 27 92 58 -66 -37 -9 -6 -37 -28 -55 11 -56 46 -95 5 79 58 -72 -2 -81 -45 -64 -88 65 43 -92 -71 -18 34 -50 66 -37 -33 -42 -41 -57 21 -10 93 13 83 31 -21 64 -93 -90 36 53 -11 -8 -26 18 -5 78 25 -57 91 -65 29 -38 -65 -84 -74 -73 18 8 -22 38 91 -72 -72 -90 53 8 41 12 39 -52 68 -2 -56 55 -25 -76 79 -15 -22 23 -97 -70 0 23 93 -69 39 -73 68 
-39 16 50 -57 -54 -49 -10 71 54 -83 -22 18 -43 -98 98 52 22 -21 23 -30 83 -49 77 -7 16 2 1 -90 11 -7 47 18 -97 -13 35 70 84 -82 -48 -36 1 45 46 29 26 87 -5 84 3 100 60 21 96 45 14 9 -28 43 67 -39 76 -72 -45 31 -82 -47 8 -95 -18 42 80 76 93 -23 14 73 -95 -86 -68 -44 79 37 -27 39 49 -46 68 -68 90 41 -36 -67 -77 75 84 -69 69 3 71 9 90 -73 -12 -38 -25 
-79 73 90 -4 -14 -81 54 34 -38 -27 -4 -49 18 76 -25 67 -100 25 -33 30 -12 -83 76 20 -55 8 -53 74 -92 -87 12 -80 48 -99 86 -29 8 100 32 -1 0 -89 26 -77 57 -84 33 48 -47 -40 49 12 68 -22 22 70 -61 -75 -80 31 69 -15 29 31 -10 69 -28 -19 -56 -39 -64 5 -64 1 -89 -44 75 87 40 -41 37 23 30 -31 57 16 77 20 37 16 55 -57 -94 29 -19 61 -25 -45 -43 94 68 73 8 -5 -71 
-33 8 -27 57 27 -59 -72 -87 -51 71 -65 28 59 41 52 -33 2 84 -48 -54 58 -21 -9 -21 -22 10 -88 49 31 -54 -47 48 -36 21 -85 -24 -52 6 57 44 -29 53 -35 66 57 -23 98 80 70 -3 64 -71 97 -43 56 29 93 14 35 59 -69 -31 41 52 6 -2 -20 -46 94 -92 -78 48 63 -89 -23 -38 82 -69 -94 -70 -24 76 -25 12 45 -16 -72 21 39 48 36 2 -8 21 90 -37 -76 -5 35 29 66 -44 88 9 -3 
-56 -23 -77 90 24 25 31 39 93 87 -10 -88 88 -93 89 -31 -38 92 17 -93 -20 -79 22 39 -4 -13 13 36 -20 37 -17 96 -19 93 89 -80 -9 51 31 14 -91 77 79 11 -1 -39 -73 -77 -76 -20 -99 -43 22 -44 -67 52 54 75 -74 -45 74 20 -60 -63 41 -8 -48 15 -94 -91 -82 -55 78 25 70 -49 -40 -74 -65 -22 -40 -79 7 39 17 52 -50 -47 -49 -87 64 -36 -3 -77 60 -43 -9 -95 -42 78 94 -35 64 3 -9 
34 99 56 10 -94 -97 49 -79 -61 -32 -44 0 94 -48 6 61 22 35 -50 76 -1 13 -98 -51 38 -60 95 -33 87 -36 49 -6 5 -71 -70 75 40 -37 13 -57 27 88 37 -37 49 -3 43 90 -64 37 95 17 18 1 -66 81 28 -63 55 27 -96 36 37 -65 -77 -43 -64 -58 0 97 40 27 67 6 -97 75 -72 -19 -20 76 24 5 82 -34 88 73 -63 45 -96 55 27 -85 -20 -81 -61 34 -23 81 40 86 -77 -55 -64 -32 12 
42 -32 -79 69 21 -38 52 -28 47 33 -60 -60 -97 18 -58 37 53 86 92 7 21 -82 39 47 -73 51 28 74 -60 -44 57 -22 4 -12 24 -89 -66 -94 -73 82 -8 64 93 -18 -48 -37 -59 29 -27 93 -40 -74 -31 -47 -52 85 -81 -63 -50 -21 21 69 -31 -64 -27 -7 83 -91 100 -63 -12 -66 -7 65 55 -35 82 93 74 65 52 82 16 28 -97 31 26 -48 -70 -12 -60 -97 -25 91 91 24 16 72 -65 79 -32 -28 -54 -91 -19 
-5 69 26 -50 15 -92 -9 -31 100 -98 60 -10 -12 24 54 28 -56 42 93 34 -65 73 50 7 -73 59 25 -51 -60 27 92 25 -85 36 -7 79 34 34 5 25 42 -74 29 -39 61 52 82 70 -17 -63 10 70 67 74 -79 -6 50 72 20 -52 -44 52 -96 93 23 63 1 -24 -98 74 75 -34 -48 -8 59 29 40 62 -6 80 -83 80 39 -50 76 31 21 11 -97 83 -51 -23 27 -1 52 -32 -79 -83 94 -57 79 -37 22 33 19 
89 34 -21 87 17 24 23 -54 68 29 -90 -41 74 -6 -59 76 98 11 20 67 69 81 77 -37 -8 -84 -52 -69 62 -15 3 27 -53 -93 -63 -1 -69 4 66 -74 -88 9 18 -30 61 43 25 4 -37 36 73 87 -77 97 -93 -44 18 -93 -89 45 66 -63 -40 60 -98 -7 -37 -12 -5 32 -11 41 -56 -8 -44 23 -92 -69 -82 -52 -77 8 86 100 36 11 43 98 87 -78 71 30 -84 -9 9 -39 -21 -32 22 61 -80 -1 -22 -59 -28 
-2 -93 71 0 94 2 54 60 9 80 1 7 32 43 80 32 -39 -42 -26 7 12 -83 95 20 -35 -74 -45 24 3 -36 -66 -77 19 -1 35 -71 -43 -26 -44 -48 6 13 -93 96 38 -15 14 -91 30 55 3 28 -86 -54 7 -56 -33 59 42 -81 -58 -95 93 38 52 1 5 26 63 65 75 -36 -77 -25 -75 -88 55 52 -11 -63 45 -95 32 -30 8 17 -52 10 3 24 69 -90 71 61 59 -1 23 -60 -3 -80 8 73 97 -100 -97 
-67 -71 -68 -4 -19 -72 -58 41 14 30 -35 94 -40 -8 92 90 -35 -79 -56 -100 48 30 11 82 -44 81 -16 35 -26 -97 -54 97 54 70 -76 -21 -38 -4 -41 -99 -4 71 -74 97 3 11 59 66 21 -60 98 61 56 30 64 81 84 -44 -39 -67 -96 42 72 43 -80 -65 -66 -61 -55 -47 36 51 -33 -57 -66 -46 43 -98 -14 -59 91 -66 -9 50 34 59 2 -16 -79 -38 80 -4 -90 -27 16 41 -14 1 48 25 -57 -48 49 78 -69 
-43 71 -10 50 -29 56 78 -51 -35 37 -47 91 37 74 58 -20 -22 48 -7 87 -70 47 47 71 -21 58 92 0 -61 -83 54 -91 55 -8 94 -36 16 -13 -75 -37 -73 -55 100 -89 -77 35 84 69 6 -65 40 -87 -49 -59 -34 84 5 -100 -81 54 -5 28 44 18 -39 -36 -16 -31 11 66 62 50 -63 85 72 -10 -18 -14 -91 -51 97 83 36 45 14 -10 -20 3 23 60 -52 8 -74 14 -38 -14 -48 70 -22 -92 -93 -7 71 -47 -15 
-52 28 -13 66 61 27 -57 8 -95 99 -61 52 -17 -1 -26 -89 -21 62 57 -47 -60 15 -23 54 43 55 -70 66 -54 -21 -95 79 56 66 -61 -50 50 79 50 61 -81 -78 95 70 -41 18 66 10 95 5 66 -99 41 93 90 9 65 54 76 14 97 34 -51 12 -63 36 -3 90 -72 96 -35 -85 -40 -25 27 -4 -7 97 94 -20 32 50 98 -79 19 -5 22 77 -11 33 -56 41 91 -16 -45 -76 36 -79 -26 72 -87 -32 20 -44 -74 
-77 -55 24 -62 28 -42 -33 -34 -65 -91 -69 -56 -89 62 1 -10 -88 -50 -91 -50 8 95 -21 93 0 -32 40 -22 35 -95 46 -80 -54 82 -53 -30 -4 -60 -98 51 -34 -65 34 -84 -22 -10 63 -33 -27 61 -48 23 -10 9 84 62 27 -62 66 -53 21 -19 33 59 -75 -43 36 24 16 18 -48 -48 34 87 -54 68 44 -91 93 42 -14 -76 46 53 -53 35 -67 94 -48 -89 94 44 85 -86 30 74 26 64 -49 -16 10 39 -41 67 37 
100 -35 45 63 -59 78 -89 -97 -73 -86 61 100 -72 98 11 -98 -4 -20 -78 -89 -51 98 -4 -52 20 -48 79 -21 -37 28 -19 82 39 -61 -30 -6 38 26 -74 -66 42 -96 -13 98 -65 20 43 61 -83 61 -92 -21 17 -48 -20 -15 48 43 8 -8 17 -48 -84 37 -48 -69 -18 30 -79 -29 -59 21 55 3 -8 -59 -28 71 -93 -57 -87 6 -40 53 13 69 43 -71 -68 63 46 32 6 92 -74 -92 -60 -68 63 30 90 -14 -57 -43 -8 
62 -73 51 52 -38 2 84 12 6 42 -87 -76 -34 -90 -3 -62 -89 -87 10 0 85 16 23 -39 65 37 -16 -65 -10 -69 11 9 -25 -92 32 -96 11 38 71 49 -52 82 65 -79 -61 -18 62 -89 -24 -21 -19 -28 -85 -33 31 62 -51 -92 -21 -51 64 -56 73 -63 -88 -40 -51 -83 -85 37 28 34 -28 28 15 50 16 36 33 99 34 -17 35 -40 -36 46 20 40 94 77 1 -22 55 88 -75 100 -99 -41 -15 56 32 -26 -44 55 12 
-63 -49 86 -37 61 8 -57 -40 32 78 -67 58 53 96 -66 56 81 -15 63 -57 -55 -11 -73 -35 -40 11 98 69 -74 -80 -31 23 -27 77 -8 -28 83 -78 98 66 -72 -54 83 -35 -93 -27 -3 83 -77 0 -62 49 -47 -78 -58 -37 59 -6 -39 18 71 94 -2 -55 -20 47 -8 40 -36 -88 65 -16 -42 -33 9 -71 86 89 87 -92 -15 -67 14 44 -98 -87 47 89 89 -35 -55 -81 39 -4 -3 -53 -84 -36 34 -71 49 32 11 -56 24 
39 -55 -98 -20 14 1 -6 3 -86 9 16 -93 71 -72 -40 13 23 -48 -97 68 47 -15 -94 -33 -27 81 75 -77 -14 -1 35 29 -37 21 71 -84 -48 -17 18 49 -20 20 80 -49 -45 -84 -71 45 -1 33 61 12 99 -51 -76 8 70 95 69 35 4 -7 -92 57 52 -93 69 -52 -69 57 -93 -33 -16 -46 82 -8 -36 10 -71 58 60 12 -91 -51 52 -46 -71 62 -48 35 92 20 -1 -51 87 59 80 16 -50 -1 24 38 26 -36 1 
83 76 8 0 -45 38 36 -32 85 -78 -49 -13 -16 -47 -5 -59 -45 77 -13 52 -46 -18 -70 59 -36 -15 91 19 89 47 -86 12 6 -29 -9 50 44 -68 6 -67 44 52 -16 -15 81 61 8 41 26 -87 66 88 16 44 -52 21 3 -82 12 -26 28 -61 -98 -1 -44 -44 -64 -8 60 59 -92 70 -23 -20 -9 13 -29 93 -27 -83 -12 87 -97 -74 53 -41 92 63 11 -91 78 -83 -4 80 -7 70 1 -47 -21 18 -51 -3 -91 -6 -99 
-99 -46 -7 42 -39 -42 72 88 -94 -66 -28 71 82 84 -55 96 26 84 -78 27 -67 -15 -74 -21 -64 -26 -18 -59 -18 -60 -22 55 83 -32 52 41 -84 53 -23 -49 72 46 38 -96 -85 -91 -83 -30 -32 88 89 16 18 -56 -67 100 40 -73 10 83 28 87 -51 -65 15 -84 -67 -6 -42 23 -89 33 79 11 -10 90 -84 -96 82 25 -96 47 -100 53 -33 -83 -82 64 -73 -32 -10 32 -44 99 39 0 82 100 7 39 -24 -19 -98 0 57 
25 47 -53 21 24 -5 -65 36 -71 33 -3 95 76 -30 -46 50 -27 -23 -32 77 55 -74 -1 -76 14 33 -83 -76 -77 74 49 -46 -95 38 4 -79 80 -41 -41 -89 34 39 -30 -97 41 86 -100 -88 81 -29 48 70 52 36 26 -24 87 -31 -97 -68 -16 -51 -97 46 94 -87 71 25 -95 33 -29 39 -21 34 -12 -10 90 92 50 -65 -93 13 -58 25 86 -19 -38 -61 -92 -1 -30 -44 -36 -94 95 99 24 -73 -39 -83 -3 -46 -62 -65 -47 
62 11 0 -60 30 78 -77 3 -45 -37 85 -39 57 -79 -72 -77 -14 51 98 66 90 -73 52 -6 -43 -38 97 75 -24 29 -31 -15 -41 38 -24 21 -84 -53 72 -86 95 17 81 -42 31 98 -37 -84 4 -52 29 -37 -23 69 -92 -96 -46 -50 -29 -82 -50 69 61 70 45 59 -91 16 -42 58 39 81 39 -97 -7 12 -17 15 -22 -36 -99 -31 35 -30 -95 33 -56 -63 85 -40 -23 86 -4 77 -45 -24 -29 -89 78 45 99 47 -96 36 31 
-5 -13 -5 -5 -77 72 18 29 71 -49 -1 -13 83 -81 -81 34 -61 57 -9 -98 -10 -94 46 86 -60 -57 -78 20 23 -9 54 -100 50 -20 -73 36 2 -19 -87 7 -20 -23 -38 -46 29 67 71 -24 -80 4 76 15 87 99 -13 9 -89 -65 -6 -29 62 20 87 85 -91 -11 88 -1 58 -2 15 -38 21 -63 69 -69 100 -76 -69 -62 70 -72 -20 20 -14 -89 -100 -66 83 94 -37 55 -24 -65 -93 -81 -6 51 36 -14 -71 54 72 96 -87 
-94 62 41 98 -96 -71 87 51 34 -81 44 -58 -22 -51 -25 71 42 -65 43 52 -36 40 98 -36 -26 -97 91 -62 95 -81 72 -57 -56 -98 34 39 99 22 57 22 9 54 15 78 -5 -24 -6 85 77 55 97 -91 -66 -62 -42 -20 70 -54 -21 -56 -17 -57 42 -11 91 -56 6 -77 20 36 57 99 -10 -95 -66 0 -90 41 -66 99 -66 -39 -83 25 -63 -29 30 -56 -90 -54 20 52 -61 -15 84 -30 67 1 -11 -63 91 75 -36 -10 85 
89 7 15 25 74 -27 -54 28 43 49 -65 49 32 12 30 -88 48 -35 -39 49 9 82 65 -57 -91 -25 -62 -48 22 -61 -89 -85 16 -11 18 -29 -56 32 49 -98 -3 -34 96 -9 -31 -86 39 60 -71 -73 -70 -81 67 -79 -10 -98 30 -31 -25 -17 -77 -51 16 73 -68 91 -13 -54 -8 59 66 -82 -53 -87 -24 -49 -4 -30 5 33 -88 -46 83 54 13 -83 -1 33 2 19 -68 81 -96 -63 -49 93 -27 43 -52 -15 28 -33 38 54 -35 
74 8 -5 5 -26 -29 -54 -88 -47 -92 -82 -68 16 47 -86 -76 -13 17 56 67 65 39 -61 -63 -78 46 79 -61 100 94 29 -100 -56 19 40 -28 -17 -84 35 64 -31 -64 77 -43 26 21 -31 52 81 -29 -9 -71 100 -76 69 -99 -55 38 -72 -21 38 94 52 -37 88 -28 -89 65 -53 -1 -9 -99 -51 -15 -29 46 71 89 -25 -90 35 -36 62 -12 25 -94 -11 -8 10 -10 -35 47 50 3 -12 14 47 86 24 40 1 55 -85 -43 -78 
30 25 -89 -21 -86 37 26 8 -22 -33 28 -60 78 -45 -54 15 -53 -66 59 -18 45 53 -91 81 -37 -15 -56 -70 -34 7 -89 60 -39 29 -48 88 37 -39 -14 -32 -37 -74 95 -66 1 13 31 -77 58 -100 -94 -22 24 23 -50 59 7 21 -49 16 28 19 73 -100 6 -91 -63 -67 -30 -98 -7 -45 -17 -63 -19 -42 -50 -24 -43 -98 -79 -26 -41 3 43 -80 -6 34 -18 -59 -92 -70 -68 8 -8 -38 -18 83 38 15 -36 -92 18 -80 89 
-55 -36 -90 77 51 46 12 -10 53 58 -61 83 -79 57 -25 -79 -40 15 78 63 46 22 62 75 -21 21 30 40 82 45 -52 76 -69 -46 27 95 93 -63 15 -9 -12 -66 -11 -19 -63 45 21 79 56 13 82 -52 -74 60 23 -58 62 -13 -52 34 43 0 13 -23 4 -93 -18 -98 65 63 -62 4 -89 -51 52 15 10 14 100 74 2 54 62 -27 -67 -83 46 -5 15 20 1 -87 15 39 53 81 11 35 95 -46 76 -2 56 65 42 
-16 -97 -61 42 -40 -36 -65 74 34 -81 -44 -48 -49 -89 -97 -73 22 -50 -93 -43 66 40 -17 -93 -61 45 -20 22 -14 -79 69 -5 -93 -49 30 -14 96 1 34 -25 -91 -48 -17 -4 -100 -53 77 92 -75 44 -48 -38 -100 64 32 97 89 -4 57 -96 -65 26 51 -66 -45 40 28 20 97 48 68 -97 -83 79 -100 -27 38 -69 27 -53 83 -72 57 63 82 -40 -12 21 19 -21 -83 -99 97 -54 14 -85 67 91 45 -74 43 -14 -21 20 82 
44 70 -78 -65 1 -56 -53 81 -39 85 -100 -70 57 -20 25 -21 -72 72 69 9 -68 -14 22 -97 -19 -43 14 77 -3 36 -34 85 -61 -60 86 -60 -92 67 15 38 -22 97 99 -69 -45 82 -25 98 -67 -89 -54 71 28 -72 -42 62 15 -73 93 1 82 -17 91 -42 -54 -87 -3 15 27 -92 19 70 -44 20 -52 36 -6 -12 1 46 89 76 -62 91 23 70 60 21 80 5 38 -98 -37 15 60 53 47 -9 -35 -21 0 -72 -5 -54 89 
-27 3 -20 -60 98 34 -26 14 51 -4 55 51 -12 -69 89 94 5 61 -38 -18 70 -16 20 59 -88 -30 81 -55 8 -13 11 -5 -32 87 70 7 8 -24 -55 -29 -68 90 -26 65 -27 -54 75 95 16 -36 -14 -16 85 -16 -30 38 69 0 62 56 -19 25 -11 57 18 -51 91 5 -35 69 -71 -3 -26 -34 -95 -93 88 68 -81 -36 -65 -92 30 55 -66 -85 4 54 63 54 -50 -55 -45 35 -83 -73 25 -97 28 24 64 -68 -90 86 39 
-98 -5 -97 3 89 -100 45 -60 13 42 91 -26 -68 59 83 -55 36 -98 -50 -5 30 6 -81 -34 43 -92 97 -77 59 1 -8 -3 -100 -55 59 90 92 86 -58 81 -35 -7 67 -32 66 84 -75 95 -32 -86 22 1 -76 22 76 21 48 64 -22 44 -70 -88 77 -73 15 -87 71 79 -74 -78 -78 -44 -36 39 -59 74 -63 -75 -12 -29 36 43 -77 -67 -51 55 98 -66 28 -46 81 49 88 40 -74 -100 84 -77 -48 -70 5 73 41 64 -24 
58 13 5 89 53 45 75 -91 90 73 7 74 57 -19 -71 -56 67 -38 -91 21 46 14 -16 -64 -86 64 -78 20 77 20 90 21 -30 -94 -40 -8 -70 10 11 98 42 -66 -94 -69 -32 97 9 -83 31 -39 94 -36 68 -13 -78 9 -2 -96 44 -75 -76 -97 -87 74 97 66 23 32 -17 -62 75 76 -14 60 -64 -43 -95 -80 -58 -78 -52 -94 15 65 -83 -58 30 -18 12 79 -37 -4 -3 17 -44 95 -71 24 29 -81 -81 88 -64 -58 72 
28 -58 -21 44 -75 56 19 96 5 -13 51 -47 80 76 -77 -78 -53 -4 45 -35 48 43 -28 59 82 61 69 -66 -36 44 -94 43 32 53 16 -40 69 -99 59 -7 -86 -9 -26 52 94 66 65 -76 -32 52 17 16 34 60 -1 -97 -88 97 -86 73 28 85 -46 -18 -37 -85 -76 24 79 -69 -12 -9 -10 -52 56 46 -6 -28 21 -52 80 -20 48 79 -75 -76 -38 -56 -26 -100 -60 -19 69 2 -64 -85 56 31 -77 -57 46 -3 -24 24 63 
-8 -45 -90 -38 21 -1 56 52 -59 47 -70 -2 -96 -43 -24 1 -92 -5 -40 62 83 44 25 -43 -6 47 57 23 -88 -65 -12 56 -37 38 -76 38 6 -97 -57 -55 -22 92 53 44 -60 25 -60 47 -94 70 -44 87 91 5 34 -28 -17 -22 -8 -91 30 67 -74 13 47 -29 -80 -7 -23 20 42 88 71 98 -31 66 25 67 -5 65 62 66 12 -38 -23 66 90 35 -5 -81 -43 60 -61 -50 47 27 76 70 62 81 -46 8 -84 56 81 
1 84 45 -15 -88 64 87 84 25 -2 -82 -15 91 -27 47 -6 41 7 -32 82 13 -11 -17 -15 -35 66 80 50 63 12 19 -22 71 42 -86 -82 89 -47 -68 95 93 54 18 -69 -98 -96 -2 -52 -40 -61 -66 -80 -14 -67 92 35 -26 95 57 -12 91 -43 -6 -30 23 -48 54 36 -21 -74 79 -63 54 16 64 -23 -58 80 49 -75 3 -88 53 -51 -14 -98 91 -30 -4 45 -73 -27 -47 7 -33 -45 24 30 -57 1 34 77 49 -19 45 
-100 -77 -65 13 98 54 84 99 -96 -27 -7 -47 4 -8 64 58 -40 37 98 76 92 -86 22 95 -54 -64 36 83 -91 21 -87 -17 20 -32 -40 -10 -82 -14 -27 0 -24 -97 96 -57 -26 44 -60 86 -65 83 13 -82 14 100 -66 45 -97 39 67 27 81 -50 43 -9 64 38 -26 85 70 -91 -78 48 -6 -31 57 -64 -51 -18 32 -77 -52 62 30 69 95 -85 -92 24 11 -85 87 -98 91 61 30 -80 5 -20 -18 52 -24 -50 -54 50 45 
-81 -95 49 53 -92 69 32 -73 64 83 -52 15 4 -78 -11 -5 -3 14 -81 -65 58 24 -30 25 98 14 -89 86 18 83 -96 -41 -59 -34 59 -51 -2 -55 -70 -93 30 33 79 -33 -79 74 88 53 62 -92 62 54 -6 -62 74 -42 29 -88 -36 -71 26 -48 -52 40 -82 63 -4 69 -66 32 76 -38 65 -79 79 -8 29 60 76 39 -30 -64 25 -3 -73 24 10 -85 -9 -4 -80 19 -97 -2 43 85 50 -23 -76 98 84 -51 77 74 59 
72 -45 80 28 -83 -70 57 30 53 62 38 -83 -63 -11 -81 -99 -84 23 78 -82 96 79 -79 61 -69 7 36 -14 -54 46 89 18 89 -16 2 -72 -20 -94 -81 -40 -30 12 -53 67 0 21 66 57 -5 -76 16 -15 -2 33 -67 -24 24 60 81 -13 91 -58 53 53 -98 -15 70 5 41 88 -78 -75 -6 -60 18 5 5 94 8 97 99 -20 34 86 94 -67 -96 -15 -97 -19 -38 94 59 -52 -18 -31 -81 83 59 -67 -59 33 -64 -63 -93 
63 -51 -40 72 96 -42 29 93 74 72 21 -96 -28 98 17 -13 -24 -79 -37 -6 39 20 -70 7 -41 13 74 -42 -85 -94 -83 14 -73 36 87 -63 -2 -35 29 98 -34 84 34 -52 45 50 8 12 -92 28 -32 58 31 73 62 -8 -48 -73 24 17 -100 78 -82 -25 -13 13 12 -98 -27 55 -93 7 -70 -87 9 37 -81 64 -16 -8 -59 -9 -4 -98 82 33 76 -58 -10 96 -69 -88 32 25 76 15 24 2 -99 -43 -75 3 53 -88 -42 
47 34 -14 -12 -45 -19 0 -44 -79 -26 91 10 37 43 -93 -36 -62 65 97 93 57 1 69 12 74 94 27 -36 72 -14 44 51 4 6 -74 -48 -55 -72 60 -34 74 27 -21 18 -48 -14 -99 52 6 -52 70 -23 77 65 40 90 -99 -52 78 -14 19 -53 -83 -72 68 37 -95 -66 -82 -79 -41 52 -55 13 51 -4 -95 69 34 20 4 -40 2 46 67 69 7 68 87 15 55 -58 31 -59 47 -68 51 -95 3 -72 69 63 -76 -3 3 
-5 -33 65 32 50 40 -22 40 -21 -46 -71 -74 3 -53 -57 22 -86 83 26 25 14 10 -62 49 -86 41 -76 -91 -60 -79 -9 74 28 -86 2 79 -12 10 -37 -97 66 18 -77 39 2 -8 52 -73 -54 32 40 -32 -63 -20 -32 -19 -17 -63 18 29 -89 11 33 4 -3 20 68 14 -31 -38 -26 -90 76 -84 -66 91 80 -88 -74 82 3 -32 84 83 -19 -39 8 63 -46 35 -97 53 -4 28 3 -66 -39 -40 99 5 -79 -84 -8 32 -36 
-73 -97 -31 60 86 -8 13 -39 57 -31 51 -62 100 24 -22 41 45 92 -44 -42 -24 40 -100 52 92 15 92 -41 -34 41 32 74 -48 51 -95 -57 -17 -26 38 -18 100 -40 61 -16 29 91 -80 71 30 17 28 54 42 -72 93 30 -23 -61 27 16 49 41 -46 -46 71 -72 58 65 -51 -18 74 38 78 -8 61 93 57 14 -65 -66 6 72 -8 67 15 44 38 87 -19 22 -19 53 -40 -93 55 -67 86 6 85 91 47 -89 -14 -56 28 
-47 -56 41 -15 -36 46 79 16 -81 26 9 90 12 -47 14 6 94 86 7 -79 76 83 -49 56 -36 6 -45 93 -26 -95 -26 -72 62 94 -84 57 -96 -90 -4 -54 100 -17 62 -28 71 -89 -30 54 -87 61 69 36 -63 -31 52 -84 -86 9 31 12 -5 92 -25 15 47 13 -93 6 83 -25 25 -8 -54 23 74 -41 52 77 3 -20 -54 -17 -56 11 -55 55 99 38 31 84 0 -14 37 63 66 100 -26 13 -97 24 15 57 -22 31 -88 
82 16 -23 10 13 -22 -35 -63 70 96 2 -69 -27 80 -22 8 66 -50 7 84 19 -11 -70 -74 83 -20 25 -63 -88 -8 -8 -51 -87 -25 -47 73 -99 62 86 -89 -32 25 -18 49 -68 98 12 34 100 -75 90 21 83 -55 4 81 -28 36 -60 -7 -44 -45 -27 88 -88 63 80 -62 39 -94 49 78 -87 30 87 -90 97 1 -36 -71 58 49 33 -43 85 -75 -94 -58 -96 21 49 -10 -56 -98 71 39 10 -86 69 -3 36 -2 80 0 78 
-100 -32 70 12 -8 63 -84 41 54 38 -53 64 33 -81 -35 99 14 -9 47 20 41 -54 -14 53 -96 -45 99 8 0 -83 -69 47 -60 -4 -57 -58 32 56 90 22 -16 83 9 65 -46 1 -56 29 42 -21 -93 -29 44 6 -54 -98 45 80 41 -43 58 -78 -42 -11 84 -45 67 43 -80 34 73 -75 55 93 94 2 -94 -19 -17 -12 99 -79 41 -50 21 71 -23 -29 -49 75 4 97 2 -20 57 -100 -71 91 -49 -60 75 -76 -18 8 80 
-74 -5 -84 -50 81 -70 36 -49 -93 14 -95 -93 -41 -2 -25 53 -17 -85 24 17 26 67 90 75 -50 26 12 30 49 70 -88 61 55 -92 -100 23 -5 9 -89 60 -93 2 -32 -12 57 13 30 56 78 96 -20 2 65 71 -13 -82 24 69 -39 40 37 71 -73 46 -97 -6 68 78 9 -52 -30 -86 18 10 -32 -70 2 -57 -50 59 61 -56 56 48 -43 97 -96 -98 37 -69 43 -49 12 37 77 93 40 -26 -65 -39 -38 7 -62 -2 40 
-55 43 52 -42 -35 -95 21 17 11 92 59 -92 20 -43 41 -67 12 -57 -24 -19 26 55 -41 -72 90 11 -18 -95 17 -54 72 95 95 -33 -44 52 55 26 29 0 -9 19 41 13 -10 -7 -30 -86 -53 -50 88 51 66 -52 47 -82 93 -17 75 -89 -100 -80 -30 71 51 98 99 -57 -15 11 -82 63 23 -7 -20 11 -41 -22 48 -37 -26 35 16 -56 85 52 65 13 50 -33 -98 63 -38 -39 80 10 -46 -79 63 -80 38 -58 97 -70 -99 
77 43 -52 -13 -51 70 -65 -95 -35 -35 -61 -33 -85 2 -37 -23 -38 56 52 -36 -19 28 23 16 -78 78 -27 -89 93 16 -34 -12 -96 -36 46 -7 -35 28 -22 -82 -6 -67 15 -82 95 -74 -5 86 56 -9 19 -40 -30 51 54 -30 6 44 82 -2 0 0 -27 4 -94 6 -27 33 -27 5 64 14 17 -53 71 -95 29 -22 -86 11 -61 13 30 25 -71 -27 -42 8 -10 40 -2 3 29 73 -7 -47 4 7 87 30 83 88 7 -11 7 
60 -58 -37 69 -99 37 58 -20 49 -93 41 -21 -83 -7 80 -94 4 90 -19 98 -69 45 -19 72 -51 62 30 97 33 -58 -26 28 8 53 -24 -64 -85 6 -84 45 11 -47 -25 -69 -26 63 -12 6 -62 -35 27 48 38 -44 -74 -24 20 -51 51 -95 97 -63 38 -37 -27 -46 15 -72 -77 -72 55 29 -34 -40 66 44 -98 -19 -50 -9 27 72 -34 -24 -7 35 93 -85 84 71 16 -69 12 -30 -92 77 -79 -45 -90 -87 -37 51 -18 50 24 
-71 100 -65 -58 41 44 45 -52 -70 -88 -44 27 -69 -83 -7 -93 39 -17 93 91 -18 -41 -5 -15 -57 30 12 96 7 -69 33 -60 -79 53 -16 54 40 76 86 -61 25 74 -71 -72 92 69 3 46 -29 -1 66 -88 51 59 -85 -84 -69 87 -81 82 46 -85 63 98 11 64 -72 -27 27 36 -29 98 -55 -35 30 -8 12 82 -64 16 -82 52 -80 -7 96 90 -67 2 65 2 24 -100 -8 -43 38 -12 -71 -75 -37 -59 -4 72 73 -49 80 
-62 28 52 -85 67 47 -50 -3 -46 -8 -56 92 -67 -96 -67 -9 55 5 -94 -19 92 29 80 -94 -38 -16 51 53 2 -91 54 51 -53 -85 23 -56 -73 -51 -17 82 -26 -13 -2 71 -32 19 -56 -56 -16 -18 71 26 -17 -7 -17 -43 70 24 17 -67 95 94 -98 73 -56 -50 100 21 -68 72 -47 -51 87 -23 -7 -72 -67 62 -46 -57 74 92 -28 16 -74 -52 -43 -94 90 91 -88 -15 86 85 82 80 -38 100 -56 19 -5 39 10 92 33 
18 -91 26 -39 -67 78 -51 91 -80 -33 85 60 46 -45 19 3 -57 -67 -40 66 66 23 -63 70 -65 41 11 -22 60 -29 -82 100 12 72 -54 -75 -34 -9 98 -89 -94 7 -80 -43 -43 14 67 -92 -72 -76 17 -91 -32 -95 78 -35 -16 -12 22 35 50 90 -64 -48 -57 -100 -70 -51 88 -92 -75 96 59 33 -57 35 -96 -7 -62 9 -5 -16 33 -87 18 -44 53 47 84 -49 -91 80 -100 -29 -84 88 62 -19 -66 89 35 -18 -68 -97 -66 
78 -78 -12 66 -11 6 94 21 29 29 -69 91 -56 -17 22 80 19 -49 -93 -57 51 -63 93 83 83 -86 73 73 -9 40 -45 86 42 61 45 -90 -84 -29 -73 26 -5 -1 74 -21 91 -96 -16 40 -2 8 76 -47 -29 -80 -23 37 37 -71 -32 53 -87 23 85 28 -89 21 -5 -34 6 71 31 -62 -60 60 -56 69 -1 22 -61 -94 81 -54 95 96 64 -18 -98 93 -17 -84 49 29 -57 -5 -61 -97 -26 -79 -65 -29 15 -43 19 98 37 
48 52 35 -36 11 47 68 91 -20 82 -27 -3 -67 42 -80 6 42 -6 70 -15 77 -81 -14 -35 15 47 -3 -85 -98 32 19 65 -10 51 -62 56 -85 -44 -39 -50 31 -81 -99 -92 -46 -15 81 96 26 -61 -80 37 -54 20 30 -99 -55 -70 -38 90 66 -22 -14 -4 23 57 99 18 59 10 3 -64 0 -75 -1 13 2 24 -90 -45 84 8 -89 9 -9 5 93 -32 -13 33 -79 47 81 -91 -45 -22 36 97 -92 3 93 -5 47 -50 13 
-68 46 2 -4 -19 -24 -22 -1 92 25 84 37 -66 21 -74 6 74 36 10 69 -81 -4 60 55 83 -12 -29 56 -90 14 -78 78 -20 -43 55 49 71 -72 -32 10 12 -1 52 70 33 60 25 9 64 -28 -81 -87 -82 85 -35 -39 -35 70 -85 -73 77 -39 -64 -95 -41 85 -53 -38 -45 -30 31 -71 35 40 97 98 49 -96 92 -88 80 -9 -58 -84 -76 90 12 -55 -85 -78 -40 -60 22 16 -7 59 24 72 -22 -80 -19 31 66 -25 66 
82 -48 47 -37 48 -26 51 -78 2 23 -44 -99 53 76 95 -15 -82 88 -19 -49 1 33 2 -43 -58 -67 -48 -43 7 -81 86 43 44 60 -48 -11 -34 -96 -98 -59 15 -25 -67 -56 -77 45 72 -54 26 -70 -41 -9 -83 -46 -68 -98 44 73 92 19 -4 -55 0 13 87 -53 79 -88 39 22 -94 35 54 -91 -23 11 80 84 -33 5 98 -57 7 -18 80 91 18 44 19 -95 50 82 -44 73 63 -92 24 9 -9 -64 17 17 0 64 75 
-80 -81 71 -98 26 53 -52 -6 -3 2 -20 -45 32 56 61 -63 86 39 -69 -90 32 -96 54 -77 -42 49 -97 73 -22 87 54 -63 -59 98 28 -55 -25 -46 -81 -58 48 19 7 2 4 47 -25 5 47 18 2 25 -61 41 26 -30 -22 56 -69 -49 70 37 47 83 -30 -83 -79 -57 -10 -77 17 30 23 -99 -75 -87 96 37 -72 30 8 -80 41 -74 -11 -53 -9 61 -6 31 -76 47 -96 64 -50 -79 8 -59 -46 33 -70 36 -76 43 42 
-78 -54 9 -10 -27 -54 19 19 -81 -38 -49 55 59 -4 73 52 -65 -56 87 -50 -70 35 -34 19 -5 -15 -51 29 -73 -30 -19 100 -1 14 90 96 -68 81 30 -76 -79 -13 81 -55 -16 -14 5 11 -83 -41 84 -66 -63 72 88 5 93 -37 90 -71 -32 16 21 81 60 34 29 -68 -45 -99 -99 70 92 -24 -47 -25 55 -19 42 93 -77 4 -98 19 83 -18 3 -54 -16 73 -97 -46 -33 -34 52 44 -86 14 -67 -89 -90 -100 48 76 -86 
91 72 82 34 -26 99 -6 12 19 -53 95 -89 62 98 -81 69 64 97 73 66 -33 -87 36 -33 -43 -58 -19 63 -95 71 -100 84 -48 34 -34 -40 86 82 14 44 93 51 -17 84 28 -78 -86 86 97 -82 20 18 -24 -88 -87 90 -81 -9 9 70 56 39 29 27 -21 3 28 -93 -53 81 -61 -71 -6 92 -49 80 -62 -75 -11 10 76 1 -98 99 10 26 -87 38 -90 64 28 -69 29 43 -6 -42 -82 10 -84 -84 36 82 -16 -66 2 
-79 -2 81 -17 -38 -26 39 96 -2 55 -42 -25 -8 -27 -21 -35 -85 -79 25 43 52 22 23 -36 -60 -68 5 42 6 9 -88 70 -47 1 -22 -56 -10 -41 -76 -30 -89 45 0 78 41 37 8 59 -71 -22 -69 96 13 64 58 12 -1 0 -5 33 -30 76 -12 -52 -25 -76 14 33 92 -13 -52 33 -80 11 -94 49 -91 85 75 -58 -10 -23 7 39 41 -97 3 -52 -76 -20 -34 -99 79 -58 11 -58 67 45 -2 -3 72 69 99 17 6 
16 -13 69 -7 -19 51 -33 1 -54 -57 -60 3 52 -22 38 65 -90 -16 14 28 39 -82 -40 39 -5 6 47 0 -37 78 54 -80 -77 24 -100 -64 2 69 -15 11 -46 70 -31 47 54 -94 31 57 34 93 -13 1 -67 -30 65 88 61 10 63 68 -18 -77 4 5 88 -6 15 59 -18 80 38 34 64 -50 84 -31 -98 -42 -68 78 5 92 -28 17 -67 81 14 9 -97 -76 58 91 -100 54 -45 98 28 81 -17 -84 -17 -2 68 -15 -12 
-35 -66 -19 52 87 -67 -13 34 75 -39 -21 18 -14 -8 -15 -10 2 -15 -72 47 -23 -42 -50 -91 19 -38 3 -1 -83 19 -48 -59 94 -32 65 91 -17 49 94 60 -98 100 -80 -80 -98 -55 25 94 -58 96 45 -2 -69 -31 26 -47 -70 38 -62 63 45 -88 40 97 27 -47 77 -84 -14 -18 20 60 36 30 48 76 -31 -55 37 47 -65 -18 -5 6 78 38 -45 59 35 69 -60 -2 28 -37 44 -52 -15 51 -17 -86 -4 38 -15 39 4 
-69 -7 24 34 15 97 23 -68 90 43 76 -73 -97 32 -40 5 93 -13 -67 91 63 -2 15 -84 12 -95 -49 43 -42 34 56 37 -53 52 90 72 -67 46 -78 50 -50 -93 28 -65 -69 -41 -65 -98 -34 14 92 10 -40 9 10 42 -84 43 -48 -26 -37 -59 -74 -26 -93 -70 -52 3 -59 -52 28 -1 -15 48 59 -91 -94 86 -45 -93 -17 -54 -49 -97 -38 56 47 -13 -13 -49 -38 -64 61 59 -31 96 -67 41 29 -69 -8 -37 -81 45 87 
-83 -59 -12 23 99 -68 15 24 78 40 6 -76 79 10 69 100 -49 81 -29 -87 82 -30 28 -2 93 -42 -7 -7 80 -91 44 -38 -93 -80 100 -70 -51 12 39 -75 17 -13 -87 -40 -15 -31 -47 18 48 29 -35 -26 19 98 67 6 -67 81 -29 87 26 -13 16 -35 -82 45 -75 -33 -58 12 33 89 98 -81 63 -51 -6 -97 73 -31 -30 51 64 -71 -74 86 82 39 96 -75 -29 -58 -20 29 83 -72 -89 -3 -55 66 -3 55 -36 -96 46 
-43 -29 -89 95 -86 75 100 -69 -62 -72 -92 -10 6 -67 18 84 53 -85 -32 59 -26 4 39 90 -36 94 81 34 48 1 73 64 -95 71 73 46 55 -31 -77 -98 -11 -30 52 33 -74 25 -70 66 -12 90 -10 -39 14 23 17 65 3 -5 -60 83 -94 -41 80 -27 3 4 -97 95 49 8 -60 57 -9 -81 97 63 -53 64 71 16 41 -81 -47 -64 -57 -90 89 48 -13 7 -13 3 -73 64 -29 18 57 -96 1 26 72 -33 5 33 -5 
24 -81 48 69 -43 0 -48 -34 42 -11 -97 82 -33 -48 75 -34 94 -79 40 48 61 -54 35 -10 47 -62 -12 -76 -88 70 16 56 -67 51 79 -98 -74 -77 24 -1 8 6 -44 48 25 -53 -37 -3 -36 -11 -66 -35 -98 28 -68 25 79 57 -52 66 -91 67 86 -36 -89 -10 -37 50 -61 -26 55 -57 35 -59 59 66 -90 70 -54 -72 -16 36 75 37 -70 -35 31 -79 24 -70 68 91 26 24 -67 -52 -12 94 13 -20 -25 79 25 -72 -20 
-7 31 -32 6 -20 -59 -22 -5 38 99 -13 80 -84 -33 -35 16 73 -29 -84 -76 -37 48 -84 79 18 96 -74 -48 -33 -34 16 -25 -44 74 21 -34 -88 -3 -2 -25 -94 -14 99 83 50 9 -97 1 -87 -28 -35 98 -65 -84 67 -94 85 -8 29 37 23 87 -68 74 95 84 -85 -61 -72 -35 31 -53 25 2 -87 -55 -61 80 -27 79 -85 -6 53 44 -8 -2 -60 -62 47 18 -4 72 76 72 -2 -88 -86 65 72 95 23 -29 72 23 46 
-62 -84 -27 21 -46 -60 0 15 -42 -77 35 35 63 41 15 -73 -1 13 22 -18 6 -73 -59 75 -35 -1 48 -84 94 -2 -95 33 43 -81 13 -12 -52 21 -37 -44 -44 -55 -71 -93 -99 -52 -47 -37 9 -28 -44 -3 -32 -13 -47 -1 -79 -62 50 -89 38 -78 21 -41 -46 94 -47 -84 46 -28 -82 89 40 -56 17 -83 -4 95 44 72 -39 -3 -63 39 58 -34 46 -78 26 97 68 -78 84 -94 -40 49 -21 45 -11 59 -41 11 -42 66 -96 
-43 69 -8 20 92 67 65 17 -14 -5 46 -13 54 -22 43 3 18 34 -71 26 94 -97 73 64 -71 35 -75 -73 -6 -26 -41 31 -30 13 -29 -5 17 3 93 91 52 69 64 4 32 -93 3 -46 -53 -15 55 -80 65 97 -59 -33 -75 69 -11 6 -7 56 -36 -28 -81 -27 89 78 48 -86 36 -20 35 -30 95 37 -21 -73 83 -86 80 -83 58 43 54 17 7 -28 -6 -37 -31 85 -79 96 -17 -45 86 22 -28 -99 56 66 -27 38 -91 
-25 -93 -86 -17 26 -35 29 -48 -12 -96 52 86 -10 -1 -98 -66 98 -100 -97 98 90 -10 -81 52 0 -48 98 -45 79 -4 67 59 -70 22 7 16 0 -77 86 23 -27 8 -4 -75 -6 29 29 -65 -39 -88 -9 80 45 -27 22 47 63 32 -21 9 -91 54 -40 97 41 4 100 -30 -1 -81 -21 41 -20 45 100 -94 -32 79 -21 -70 -11 62 -91 -30 28 22 -65 10 77 -92 44 27 -30 -53 17 -36 -24 -77 -21 -94 10 -23 15 -1 68 
84 -24 -39 -99 -45 29 -18 -68 70 63 50 -67 -74 -94 35 -56 -84 -57 92 -75 43 -100 14 -3 -61 9 -39 25 -26 -40 -9 7 -47 74 -17 -65 76 11 -70 -89 -94 -36 81 -24 -74 -44 90 93 22 78 -89 18 -5 14 23 -38 87 -91 -34 59 49 26 90 69 8 -44 -6 90 -76 53 70 -83 -13 -76 -70 -86 25 99 -86 -72 27 -3 8 -62 37 82 -58 -1 36 -12 -70 -6 -67 -7 -22 -10 94 -49 91 55 43 17 -16 -70 15 
-62 85 -2 -47 92 94 -44 -15 -19 78 -86 77 98 27 -44 74 -85 -74 -29 47 86 59 66 8 1 -55 11 80 39 71 85 81 45 -91 34 45 -36 -42 -30 -66 32 -61 -59 -38 -88 52 19 88 52 5 -89 14 65 17 31 -91 67 39 -98 -16 10 63 18 13 44 -41 45 58 18 61 7 -33 -64 -94 -14 -47 -44 57 -88 27 28 -6 -11 49 89 -96 -97 71 42 -55 2 -41 -45 94 6 -14 26 47 -65 -27 -36 -68 67 42 -6 
43 -63 -84 -1 80 55 72 -84 -64 25 -37 87 -19 -75 -19 -81 100 73 -97 61 66 -74 27 -89 40 1 23 -21 -91 48 -82 -30 -3 -83 15 78 14 12 -78 10 16 -66 -15 -53 33 21 50 -37 -32 -78 12 94 96 -31 29 9 79 46 0 -8 -54 -90 -8 7 13 -100 -17 -19 63 95 -91 46 17 59 4 25 -19 -64 96 38 98 -47 -30 -31 -66 -32 61 75 -26 42 2 -98 42 34 98 -86 -68 -11 94 -99 62 -43 -99 31 69 
-22 81 -98 -61 -38 46 -56 75 60 -41 16 -52 87 44 -54 19 53 6 -31 60 -32 54 64 -43 94 54 -27 -55 -54 4 -88 27 24 -73 -15 98 33 -76 8 9 63 94 41 -19 -85 19 -78 -62 96 -77 -70 59 77 1 -29 -36 29 49 -99 87 38 1 57 -4 74 -92 -61 -95 48 42 76 -24 -51 -69 24 -73 27 22 77 92 -39 -70 -97 63 65 6 -76 30 -97 -87 17 -16 -15 -71 67 -72 32 -42 15 89 90 25 68 33 97 
-37 -12 30 2 12 -93 -29 81 100 58 -5 -89 18 50 -100 79 3 -32 -38 -99 -45 -95 20 -93 15 19 -45 0 4 -19 50 50 15 82 -46 1 -94 -77 7 1 85 -35 -95 79 -55 81 33 -20 -11 -100 -74 -46 32 -30 32 -30 30 14 49 -98 90 -91 12 -62 -3 -12 -82 55 60 -78 8 -1 -88 -65 -95 76 -18 -92 18 -83 53 8 -17 41 -44 10 9 5 42 25 26 -7 97 1 -72 -11 5 -93 12 15 -39 48 15 57 -60 
-33 50 53 52 -16 -19 55 -40 -63 51 -67 6 96 -28 -6 -79 -38 -9 -35 70 96 77 35 11 -49 -84 -85 -86 89 -60 36 51 -61 24 -2 -49 -89 -28 -99 79 3 -93 -5 30 94 -90 2 -22 16 53 9 -98 -59 -59 -34 -24 -77 -37 -63 96 -85 -86 51 -24 66 30 67 16 32 -30 99 80 11 -39 -78 -84 -70 46 32 -97 -95 84 -49 -95 -60 46 80 -12 -97 99 95 91 2 -23 89 60 45 -22 -44 36 52 34 -83 29 88 
15 -92 -33 -35 47 -17 -91 50 -90 55 -32 83 -25 18 -31 72 -67 73 55 82 -28 44 -65 -32 -75 -78 33 -32 -83 -36 14 -74 -96 80 96 54 -37 -56 -42 -95 49 20 -79 99 -58 -89 -28 -15 -8 -71 14 -53 -20 88 -41 -79 21 -61 0 -70 80 -57 -39 -68 24 6 -70 70 -33 -77 -60 10 73 -5 48 -95 -54 -99 -17 -7 -40 55 23 -71 -35 -50 -1 4 48 -6 50 100 -89 75 37 32 40 31 -3 -84 -92 61 45 54 -19 
-20 -19 23 70 -24 18 57 -76 -51 -72 73 -99 -3 24 83 23 31 -80 -99 -51 26 -7 -8 -27 -70 -43 50 -25 -51 -26 -99 87 -1 18 27 -70 -67 80 60 -46 -54 84 81 -80 9 -34 63 -11 82 91 70 -31 87 42 44 84 86 65 87 -29 14 -55 -54 72 12 -41 79 -46 -48 -47 -32 -59 -86 -33 75 -65 -84 -82 53 73 43 -42 -18 9 -79 -76 -80 -83 39 -62 -23 -98 -38 54 -91 -51 -56 58 42 64 47 -90 84 17 -47 
3 60 -68 26 7 89 30 39 77 -54 17 -94 16 -55 5 -85 8 -37 79 95 7 24 49 58 18 21 -58 80 -43 97 -66 -39 -14 -99 -59 54 -46 -52 -98 -20 45 -32 -61 95 -86 91 80 69 -44 -5 62 23 23 15 -43 -14 -20 90 50 -97 93 79 -22 -45 -87 26 80 65 65 -11 19 8 22 -25 -77 23 24 83 -63 -99 -47 93 -50 -85 59 -34 -22 70 9 -59 -78 -86 -51 86 -68 9 -41 11 -34 1 51 65 9 -5 -21 
-29 -80 85 21 31 -28 -43 -71 -88 -4 93 -9 -73 -90 93 84 27 78 32 7 -13 40 -58 -32 -34 64 -28 82 62 3 -86 36 -56 -2 -95 7 -7 -44 -15 39 4 -90 43 85 -90 -73 -72 23 17 -4 90 -65 11 -96 -70 88 46 90 35 -82 -70 -99 -25 34 -41 -55 30 58 -23 82 -20 23 27 -97 99 -87 -20 -12 36 19 57 60 60 -45 -82 -60 67 -92 2 -95 -10 -18 -77 -72 -22 90 54 -96 9 94 -25 65 -11 -58 -93 
-37 33 -38 -25 45 12 -38 -68 21 -68 -70 41 -27 38 67 -77 -74 13 -4 -74 4 81 -15 65 81 57 11 80 -95 -49 79 -50 17 56 -13 85 29 -1 13 36 25 -75 -20 -100 -77 11 36 9 -44 51 -82 60 -99 38 94 11 85 -4 23 38 49 97 2 100 32 -62 58 97 -58 -60 73 1 13 56 -24 -69 -2 -73 77 -18 -55 -96 2 -91 74 49 40 -43 52 -17 18 81 14 -67 -53 -3 51 94 55 52 -78 -1 -48 -24 30 
-9 -52 -3 71 11 -49 -9 19 27 -19 -14 -88 -17 90 81 -55 68 -72 1 -21 42 66 -62 -41 72 -5 -22 -44 -30 -14 17 -39 56 85 -90 -40 -14 -80 -57 -58 -40 -98 -92 80 -91 37 72 -65 80 -41 98 -33 61 -65 37 -97 64 25 72 -25 13 42 -26 -73 76 -9 -67 -49 50 13 31 -64 36 -82 17 -80 -47 5 -57 -43 59 -13 17 47 71 -7 -76 72 32 -24 -42 53 -86 -21 -1 55 -29 -12 -57 70 -34 87 -61 41 64 
37 70 -54 64 -44 58 11 -1 -88 22 44 80 -27 -88 -16 39 1 8 -27 29 -41 -59 53 93 70 82 -17 57 -3 -7 34 -23 -26 -47 4 -52 -85 77 -82 48 33 98 -53 -47 74 -3 -98 50 68 27 -91 9 -60 -86 -78 -95 53 2 -22 16 19 -54 -14 33 -37 -66 8 -73 92 80 35 63 -79 84 -60 43 81 -35 38 -58 77 -97 70 98 87 -43 -82 -40 -62 -33 0 22 -28 -8 83 7 -22 -73 -83 -50 77 -57 24 -25 25 
56 26 -34 59 -54 -68 36 -98 23 54 -38 4 -43 -63 67 -45 94 -87 76 -51 -15 -30 -8 -99 -97 73 -18 -66 47 69 13 -30 -30 72 -75 10 -77 -57 -74 41 52 -72 3 -5 -76 -80 10 -72 33 -11 -23 96 -29 76 48 10 13 -79 -43 -84 90 -91 -25 36 -36 -51 -13 -1 31 -8 -53 92 79 63 -56 -59 33 78 -89 -79 64 9 89 95 34 5 100 58 93 9 44 73 -15 69 -25 -68 -83 96 96 -9 60 22 -76 44 -23 
33 97 97 98 16 78 48 64 38 -19 -92 50 -44 95 22 -1 -38 34 -66 -40 -7 -77 1 -31 22 98 -43 -38 -79 -82 98 33 81 9 -30 75 -94 58 -75 47 18 68 -36 55 16 97 100 -78 81 40 -3 -11 -56 88 69 -48 -62 -99 -5 2 -98 6 84 -22 3 -62 58 -40 -51 -67 33 77 91 74 54 76 70 44 17 72 74 68 -80 -25 45 93 -26 23 79 1 19 -46 49 -53 24 57 90 64 -79 -52 65 -41 -42 -58 24 
-66 -22 -77 46 4 -59 -56 6 50 -21 -75 -21 -60 -53 -88 42 74 -44 62 59 -51 44 35 -15 -43 71 34 -47 45 18 -79 26 92 3 44 -26 -72 -50 14 -12 46 -16 -83 -46 -26 8 25 -17 -46 -24 28 75 -98 -87 94 57 62 -74 39 -33 -12 49 94 -33 10 -43 -14 73 -97 -95 62 -26 -38 -50 56 -95 20 73 -40 20 83 61 25 47 -73 52 76 89 68 49 27 56 -8 -26 98 -66 -6 46 -21 59 67 88 -36 -92 -14 
-59 -68 -29 -40 82 76 91 -88 -31 36 -71 36 -93 5 -73 49 -99 -62 73 -12 5 38 -59 25 -90 -31 34 7 31 -72 -75 37 3 -35 -48 85 78 -74 26 -36 -58 -93 71 53 -2 63 -48 -48 -82 67 -99 94 -51 82 -78 52 -8 -73 -65 79 -27 88 96 -14 76 96 -99 37 7 -53 -77 28 -8 95 -18 10 28 -62 98 32 -87 53 7 -23 -35 -90 -10 -7 100 3 -25 8 -47 92 -61 88 49 12 -5 29 -74 -93 86 -93 -5 
63 -3 89 16 85 -43 56 40 79 87 -98 -76 61 -85 -49 -17 -39 83 -43 -30 -40 17 -66 45 84 24 -54 32 11 8 23 60 -21 -35 93 -44 -52 33 96 -5 -83 -93 -18 12 66 -23 91 -94 -92 -4 33 96 -80 -4 -80 -9 27 81 82 -16 72 -13 -99 51 -85 -64 -32 -74 9 -35 93 27 89 -50 -40 90 40 84 61 -75 -50 -46 56 100 -31 54 -69 -81 68 11 3 -83 -72 74 -28 90 37 18 -46 -62 86 -38 -98 78 -26 
-77 -37 -53 64 -88 -46 -32 -54 -75 -36 -29 -28 40 88 -39 45 55 1 -9 89 44 -50 -41 -48 -10 -20 -11 -94 -90 -82 37 31 -59 63 -81 -44 25 1 74 89 56 90 7 -30 -18 -77 65 61 -87 77 73 11 19 88 90 -46 -69 -10 45 -52 30 -68 33 17 28 -81 83 -40 -56 40 72 32 42 -34 -53 92 8 -94 -89 24 -48 95 -38 -36 -94 -7 -9 -82 57 67 -21 -18 -40 58 23 -30 -70 40 23 3 -87 -59 86 -58 27 
-100 -72 10 -100 4 0 83 -33 41 -98 -68 -18 31 71 -59 -85 -11 -54 -6 -46 3 82 -7 2 -2 -13 21 62 45 13 6 -30 -15 -24 11 -76 -65 82 50 7 -10 -67 38 -52 -8 -52 -12 52 -70 -91 13 34 51 -8 -60 2 47 99 -31 -95 51 37 1 -9 -26 26 -40 -16 -81 13 35 -54 76 -81 -88 -69 -20 -93 81 24 36 0 -37 -89 41 16 20 -83 -84 57 87 58 -64 15 25 35 47 -71 67 -96 -35 14 92 -34 -74 
34 43 58 34 89 -59 39 -44 32 65 -67 9 -63 89 44 21 -45 -5 -84 -40 -3 -53 65 -66 -65 -86 -7 96 38 -59 93 -57 63 7 -35 -93 73 -67 -7 2 1 -29 -79 24 -26 67 -57 49 35 -41 -87 -47 17 7 26 -15 59 77 73 76 96 -35 -23 57 -37 84 -55 -62 -92 -48 -75 99 -14 51 -5 -63 -32 40 -41 -1 -4 -71 -51 -8 -81 40 80 -58 -76 0 98 -31 -52 -1 51 -84 91 63 73 73 -73 -88 90 20 90 
-47 -3 -72 41 42 60 -78 55 -55 32 -40 13 -52 25 64 4 81 41 -2 49 73 70 11 34 -31 -89 -68 49 42 -30 24 73 21 40 62 -81 66 -12 -58 8 -85 49 47 44 -97 -30 -97 -35 98 -88 -64 -44 -61 -82 74 22 88 -39 31 79 -85 29 9 34 -68 -89 93 99 -98 87 33 -62 -84 98 -28 15 92 -97 27 25 -54 -99 99 45 -4 72 20 77 61 -21 90 -51 -55 100 25 -67 -50 -1 -72 56 -79 37 -68 -73 -80 
-97 -40 -40 86 17 -52 -36 28 48 -35 86 -94 58 11 0 -73 -7 -52 -6 70 99 -89 59 -9 -27 -55 -98 -84 19 63 -38 80 87 -16 22 18 19 -100 -9 -15 84 12 76 1 -26 -91 3 37 87 26 75 38 95 85 -60 -100 45 7 -98 -55 31 27 53 48 -28 13 85 76 10 -82 -84 98 65 15 -57 43 17 58 66 9 -18 -69 -65 -5 95 -49 -49 9 -31 90 -91 93 -13 -29 -18 -92 -52 -29 3 97 89 -35 -17 -25 16 
6 -61 10 57 -54 -59 14 -7 -36 -95 -77 82 -29 10 -15 -64 -90 -18 -33 -31 73 -70 -9 17 62 -51 37 24 15 -94 -43 -43 21 -86 -5 23 -40 -8 -53 -36 74 -54 -79 25 98 -30 67 58 -93 20 75 13 90 -77 40 -55 44 -56 -7 -88 -68 -91 59 -40 37 33 31 -61 57 72 -18 -52 56 -70 -9 91 74 63 -49 -73 80 -36 31 95 -12 -49 19 52 76 -41 -6 47 60 34 28 30 -54 66 -28 -26 80 -67 -41 -37 -43 
14 -78 -28 92 -79 55 -59 -79 37 -58 -5 32 -72 81 -46 -31 7 -55 18 -6 35 -57 5 -66 71 -94 81 -50 -13 -43 -24 -33 59 27 -25 19 -39 27 38 -77 80 -68 80 -98 -95 59 -3 93 99 -4 -68 25 50 -19 52 87 -91 -24 7 96 86 99 35 -29 -70 -34 -31 -12 95 -1 -60 68 38 -70 -58 72 -24 -69 37 5 -6 3 63 71 -84 -34 15 94 48 71 49 -93 -46 38 14 -18 -1 92 95 41 49 -27 -18 -19 96 
