-88 9 -54 -57 -65 -95 52 59 44 -98 -74 97 -35 -52 70 23 31 26 -73 -91 73 88 14 -42 21 21 -63 13 -6 -93 -10 -10 28 -56 -70 -24 37 -21 31 42 -79 67 -19 25 70 86 -5 96 -46 -54 65 -65 -6 45 28 45 -29 81 33 -77 39 -83 -2 75 -85 100 -7 -83 -22 59 76 -26 -43 -52 88 93 34 54 -87 29 -23 -9 31 92 -19 94 -20 18 76 -68 93 36 -89 21 85 -58 81 -89 8 45 -85 -28 21 66 76 -87 -48 -97 -24 -37 56 -65 26 -47 -59 33 -87 
-74 -30 -55 -11 -44 -33 -54 -76 -70 91 36 20 -43 -72 61 -28 80 -84 83 73 -60 -16 81 -92 -3 -51 60 51 -13 -40 22 -69 4 -11 -33 -38 44 -4 75 28 67 -48 17 -33 -7 -84 -36 -31 -10 91 3 -9 -48 -26 -27 -70 -73 -85 1 -88 -79 77 6 88 78 -88 100 -43 40 -37 79 -90 57 58 96 -49 -53 -59 -15 -69 -15 -41 -82 5 30 38 45 -66 -96 -96 -52 -92 82 -93 76 -52 -26 24 44 80 -39 -4 -85 42 56 -2 69 -43 -18 79 -83 58 68 -65 -83 71 -65 
75 5 -48 -75 62 -3 88 -44 69 -23 10 67 80 42 40 99 74 59 -90 72 -84 67 2 -37 -77 29 -24 -80 94 59 94 6 38 -25 73 -45 20 11 -81 71 -80 11 -26 -33 59 84 84 -51 41 10 95 49 94 52 -47 2 58 51 10 -69 -27 -26 99 23 -73 1 96 -55 27 -27 4 -98 77 -8 -11 -96 -49 -99 12 83 8 76 86 -37 28 17 24 94 33 56 -23 -15 94 -37 27 90 -10 47 -95 2 51 41 -32 4 51 85 35 -25 78 33 13 33 -73 31 -60 82 -85 
52 56 36 -50 20 -45 27 -43 73 -11 87 91 -66 37 -7 16 -27 29 70 50 3 -56 27 -90 -38 30 -22 54 46 43 -34 62 95 76 99 65 9 72 74 9 11 -73 91 93 -83 54 -88 75 -78 19 -38 19 41 60 14 7 73 98 -100 -38 -97 -66 11 49 14 -2 -41 84 -92 18 18 -6 -100 -96 -85 -40 49 26 34 98 -2 -57 -27 76 -94 -33 91 -92 45 11 22 -25 -67 -94 -40 -16 71 -60 -96 -62 -72 -66 -82 14 13 -58 22 17 84 13 -31 64 -55 98 4 -6 54 
79 20 -97 -50 65 -22 81 34 74 66 -99 51 -7 -10 45 -3 -81 -67 31 96 -67 96 80 -75 0 7 -92 -11 -97 -71 37 -51 -11 79 -61 99 26 26 13 -100 -57 27 -2 -4 100 -40 48 -17 14 -49 -26 -72 59 88 97 54 -56 -21 -27 -54 -19 25 29 -57 24 69 66 29 -81 67 -68 62 68 -36 24 97 38 -55 100 55 -50 -7 -5 -78 -21 -8 15 -46 61 -64 -81 -39 -38 -21 84 39 -33 -73 -29 54 -92 75 -49 56 -46 78 -99 23 21 49 70 67 86 83 74 -1 75 
69 92 25 83 -45 -14 98 56 75 66 -57 -13 -51 98 -1 -72 33 -22 -80 0 -9 54 -64 87 71 -58 -13 97 -19 -86 -90 16 -45 -55 31 -94 -83 17 60 -45 4 -86 -71 -21 -48 -99 -61 20 -29 95 75 81 -18 10 -72 65 -80 -60 51 -92 -66 -93 -57 31 -66 -51 88 -45 -49 -74 70 34 -7 98 84 -42 56 94 97 -31 -31 -99 61 70 41 -83 -60 82 -82 -54 -50 34 -8 76 5 52 29 10 50 89 -91 -8 -77 -1 -79 -26 -96 81 1 19 -88 85 -96 8 -20 -34 -30 
35 64 -59 33 -10 -94 -49 87 -20 -40 9 8 -58 24 -32 -41 -20 -47 78 -1 96 91 -96 39 -73 95 96 70 28 36 40 67 86 -86 48 54 -15 -24 85 35 -32 -19 -95 23 -76 77 -76 45 97 -36 4 84 60 36 29 5 25 46 -71 -19 -76 -20 -59 -61 -68 54 45 8 -10 85 81 -5 25 -95 90 49 -42 34 -59 27 80 -63 48 -94 -100 -2 -21 17 -88 98 -91 -89 13 52 91 -46 -89 -88 3 -93 -92 -95 -17 52 -76 -34 -99 -94 -48 18 70 92 59 -49 95 92 91 
-4 -87 -46 -29 -62 41 -41 59 -71 -91 28 55 72 -18 -7 19 7 -44 -92 -72 66 77 -4 -41 -32 24 -19 -95 64 -94 -14 72 64 -17 10 66 -51 53 98 -14 -76 -2 -58 -43 -94 -74 55 -10 46 57 48 33 82 69 -48 -56 -36 -92 -5 61 73 98 72 96 -62 56 80 60 76 -64 6 83 -11 -98 -49 79 -34 37 -1 30 79 98 9 21 61 -22 21 100 72 -38 17 -57 80 -68 -47 -98 -93 95 -28 41 10 -52 -26 11 -41 69 -83 -47 -70 90 98 75 76 -80 81 -45 -55 
57 -50 -60 -9 -48 12 35 90 90 -86 -98 87 -40 100 57 12 43 59 -81 -86 99 44 -22 -98 21 33 93 -50 -97 60 82 -56 57 2 -45 -62 -24 -4 -94 -91 -100 -40 -2 9 -44 47 70 89 75 44 60 31 -66 70 -93 -78 56 65 -48 78 30 -28 16 -71 -84 84 80 -30 -44 76 12 -76 6 -77 -98 89 -54 -76 63 11 90 58 -2 40 49 -73 -73 21 -91 -93 89 2 -10 -84 100 -73 36 99 73 89 -91 62 -75 91 -73 -45 -38 62 -22 -67 70 -8 79 -46 -56 -65 13 
-95 -16 -9 84 22 87 -31 -51 19 90 -10 -13 16 -24 -100 -56 -92 95 92 18 -67 66 -68 21 -67 55 0 -33 -16 66 -63 -32 -26 -99 54 -22 60 73 -9 -9 -99 56 60 -79 -49 70 49 36 -86 91 -83 22 52 -47 54 -96 -90 -36 -66 -29 94 -82 -100 31 -76 91 -62 0 -58 -44 -95 -16 27 -79 -94 52 -64 -92 97 -58 8 78 5 -36 83 76 71 81 -49 31 -14 -7 61 -32 -17 93 -50 52 57 100 75 47 2 69 41 10 -79 -11 -19 10 44 -74 46 -32 2 3 61 
-56 -8 37 25 -44 -40 76 100 29 9 60 66 -73 96 32 -2 59 -7 -80 -98 -63 -74 -99 80 -30 86 85 -11 -100 42 3 3 -73 -31 72 1 -23 36 -54 -81 -11 38 91 -44 34 0 -37 -18 -53 -84 36 -41 -46 35 -73 -88 81 -93 81 96 -35 -57 82 37 -50 -91 29 48 78 31 34 -68 49 34 14 -91 5 -26 -50 -99 -69 14 85 8 36 38 -37 93 78 26 76 -8 -9 -80 71 22 82 52 3 56 -65 64 58 -72 -95 39 -2 40 -94 26 -50 -44 95 49 -54 99 -23 
83 0 54 -14 -94 25 -92 76 12 1 -18 -79 16 -16 -63 95 -33 -58 54 52 -61 -95 -11 -34 -74 -73 -80 28 10 7 -21 -21 36 -59 29 -49 35 -86 -52 89 37 54 25 37 -80 -63 -88 97 -8 -84 -64 55 1 0 -82 32 -84 -29 -63 -52 37 -10 -66 -57 -14 -85 37 -92 -34 16 -87 67 98 -61 -78 90 -26 72 13 -27 18 28 -69 15 -13 -25 27 79 -29 13 -51 -89 -10 -47 -44 7 -81 -31 42 100 -77 -68 -32 -27 73 -71 83 65 -17 -15 -75 -52 61 -59 66 7 -8 
-3 65 56 71 -84 -40 91 -54 59 67 -67 -47 -39 -22 -28 -80 60 10 51 -38 -69 84 -62 -16 -44 0 -40 25 -94 91 30 16 19 69 82 26 58 96 -38 86 20 73 -48 -15 28 1 -28 -52 95 -22 2 -43 9 40 52 -57 11 -48 -15 -90 59 -63 -89 -46 9 -1 -21 4 -26 -8 3 95 -34 18 -5 -62 -98 -55 -73 -31 48 19 98 20 -57 40 72 -70 85 27 80 -38 39 40 67 -78 -8 41 53 -36 -85 -23 91 -22 -15 -83 82 -6 -84 -85 69 -70 64 85 -82 -7 100 
14 9 5 6 59 84 -27 98 96 100 50 -38 -93 -91 98 -47 41 21 -73 36 44 8 6 90 -65 -5 46 97 -54 -73 12 -31 71 14 -13 -63 -8 35 83 62 4 70 12 14 15 -69 -81 98 84 72 -60 -69 -55 -68 -2 -46 72 -30 -21 27 -64 -32 99 -70 14 -6 -16 -28 46 42 76 -4 44 99 69 29 -44 19 -31 -79 -29 -8 -86 -48 -42 -88 14 -71 72 -29 56 56 56 -45 -42 -19 -70 52 48 -2 -9 28 -72 20 71 -56 -91 -55 89 9 -87 -57 0 34 80 73 61 
-67 -24 22 -71 17 78 -72 -90 -74 -91 -14 11 42 94 67 -75 -75 -44 69 6 61 -59 -72 30 -43 -46 -89 83 53 -94 20 17 -50 -88 22 8 97 -86 81 -89 1 -86 -1 32 -96 -99 -25 -45 -59 -45 68 -51 -26 -17 -80 72 -69 93 54 90 65 -94 -4 61 15 88 -66 92 -79 -58 -75 -95 90 -6 54 -70 62 -74 -40 -26 -70 95 90 -67 -47 -83 46 32 91 -3 81 -47 -89 -98 -13 -29 15 -2 4 48 -11 -37 -91 -77 65 -7 20 88 -2 -63 96 5 81 12 -67 93 38 
-21 94 -54 60 -73 89 -7 31 54 -28 -62 100 -19 69 70 -81 29 -48 -1 83 80 -64 -98 -55 -84 -40 34 60 50 34 88 14 -36 9 88 -56 8 -63 -8 -53 -67 -65 24 -81 31 -89 -26 -11 83 -89 -88 -38 98 -91 24 -44 47 -45 61 -72 47 91 -69 -52 23 -47 77 -3 21 -33 -6 -45 -30 -32 -99 -2 -23 99 30 -48 14 88 -38 72 45 -73 26 -15 -3 93 38 7 -80 34 -21 -33 -83 83 -28 10 -19 34 59 75 1 -75 6 22 73 49 95 -90 29 -8 -11 -32 16 
-95 44 -50 51 -18 26 16 10 -50 -31 97 -26 -60 94 -74 89 -5 34 59 -82 29 -98 -37 50 3 -15 54 33 -45 -50 -56 -84 -60 -57 11 84 46 -59 10 4 -50 -30 48 96 -32 41 65 -28 63 88 64 92 62 -85 66 -75 -26 97 15 -71 11 -14 -19 -15 -62 14 -83 32 68 21 0 -70 -47 92 -39 60 85 -20 -86 -58 -54 -46 70 -66 -78 -18 67 -19 32 62 97 -19 12 87 -96 43 63 -68 -68 -87 -16 70 -92 -19 1 -60 47 -63 -76 -19 3 47 -25 37 -24 38 64 
61 34 -59 44 -38 44 89 -83 -41 47 -46 -95 -92 -71 33 3 -63 -90 0 -8 -58 84 0 4 -72 22 -63 5 39 -65 6 93 -29 -69 -76 -70 23 -42 -72 71 79 22 63 -33 52 -51 97 64 -28 -30 -96 54 15 -87 -14 -7 -80 33 81 -96 36 -33 54 -47 27 -39 43 -72 -93 5 62 92 5 -10 27 19 -34 -7 -89 -69 3 -48 -29 77 -50 0 -37 -89 -46 82 -13 26 81 -43 -42 -23 -40 -74 -72 -70 -45 -2 47 19 30 -100 51 -22 -37 -29 -64 -80 -1 80 -46 86 2 
-80 49 -61 -4 86 81 5 57 94 28 56 44 -34 -97 75 67 -60 82 54 -17 -35 0 56 -90 92 -80 -35 -92 -26 -83 78 -70 88 -25 -9 -73 86 -63 52 2 -20 -41 39 34 -74 78 -43 21 91 -5 63 -75 10 -83 -83 49 49 -49 -38 28 -15 -98 -52 51 -58 13 -40 -57 28 15 -94 -59 -61 29 -92 -69 -64 43 -2 54 -16 63 -69 52 65 76 -24 83 56 33 10 46 2 56 -74 -7 -73 92 -71 -89 -11 -99 -51 -13 -53 21 11 -45 33 -58 88 14 -72 78 73 -75 73 
-75 -7 -95 23 -78 78 -84 11 96 52 -89 96 -25 -55 -59 1 5 74 95 1 -75 -14 -12 -16 85 -25 79 -99 -50 -7 75 -57 -16 55 -14 -13 -2 9 12 -71 33 -30 61 -74 86 15 -35 68 11 55 37 20 87 -5 -72 9 -11 37 94 -17 2 -49 -78 -27 -35 17 45 -70 -9 61 5 34 40 -94 -34 -6 35 10 -77 -36 -18 -62 -62 -15 68 39 12 -41 -78 3 -71 29 -54 -60 77 -44 -39 -80 -58 0 93 37 23 -77 69 -92 10 -54 -54 -1 -36 -50 -73 -24 23 -95 -38 
86 59 77 13 43 -37 -17 -41 52 57 -80 48 -77 6 74 77 91 40 -83 -37 -72 18 -85 96 -16 -1 51 -44 80 76 -78 78 -12 -83 29 59 -78 66 84 -60 17 -76 50 -48 61 66 20 48 -75 39 -56 -76 19 -91 -93 -14 -84 24 -96 13 -32 -86 49 -86 -100 92 21 -32 21 75 -100 62 27 55 79 -99 -41 33 -43 -95 27 57 -35 75 -39 95 -76 39 15 89 -64 42 87 76 -12 -89 -8 -26 18 -58 4 21 -71 -95 -71 12 78 67 92 90 -48 -68 -19 -96 78 17 66 
87 -53 -29 20 94 -62 -25 67 63 -59 -60 68 -1 66 -23 28 -11 -50 -56 68 -34 10 96 29 13 -20 -50 22 -26 -25 -3 -47 13 19 46 38 22 77 9 12 9 92 72 17 -93 9 -71 -62 28 -41 56 25 12 74 48 -67 -34 -95 -50 80 -45 -79 -91 6 -57 88 50 82 59 -39 56 25 51 -66 -65 86 86 -93 -14 95 52 -97 82 26 -73 -24 59 5 76 94 -16 -9 -45 26 -93 -47 -42 33 -5 0 -6 94 81 54 9 -28 -5 73 7 60 -98 51 -8 -59 68 39 -61 
85 9 7 -79 -19 -54 69 75 99 57 20 43 -26 -44 48 -92 65 -47 84 -51 70 -16 92 -94 60 -54 60 -21 12 58 -66 75 -92 -26 -45 12 25 47 41 -73 1 42 -83 20 -51 -32 -97 95 -58 56 -54 82 62 91 -34 -98 78 2 75 -11 72 -91 -1 23 -31 29 -66 77 26 -66 -70 -74 21 17 94 -95 -77 70 -84 63 58 89 -20 97 74 61 89 51 12 98 -71 10 48 -86 48 -71 85 -19 74 -56 -91 20 72 13 98 -40 25 2 81 -91 -39 -15 -76 -62 4 40 57 
-50 -91 51 15 -28 77 -28 -2 93 99 0 58 -90 57 81 -3 78 -92 -7 -78 -27 71 69 30 -63 -32 14 17 96 88 -23 -87 -10 40 79 51 25 -62 63 52 44 -9 -9 70 89 83 -31 33 -81 -69 -24 35 78 13 -19 -42 15 9 -99 -28 -70 -8 43 57 63 -7 80 16 -36 -34 -13 47 -27 -26 -91 -23 52 67 -99 -61 86 49 -26 -50 -33 16 8 89 62 -35 32 -97 -79 7 27 -42 74 -25 30 46 19 28 -33 48 61 27 96 72 55 92 7 42 -98 -60 86 79 -99 
-33 88 39 19 -60 62 -8 -63 -99 53 14 -100 -74 58 -14 -38 93 2 -82 -74 4 62 -66 -71 -53 91 21 -76 53 -93 -27 -48 -63 -82 -18 -51 63 -75 -65 34 28 -13 -35 -22 7 42 46 99 90 -4 17 73 24 30 -42 24 21 16 -32 -74 21 79 79 93 -22 -54 -34 -49 -12 38 76 -63 37 47 88 -89 33 -40 18 -92 25 -44 -4 79 12 8 -85 -54 -24 46 -12 39 -61 -8 -3 47 -22 17 -75 -83 80 25 -69 -48 -56 82 -29 -19 61 -25 84 -44 -85 -84 -16 22 -49 
21 88 -17 -14 69 52 -19 -3 -1 16 -77 -38 78 -47 -49 91 43 -36 8 16 -46 -72 72 65 10 -71 55 82 -87 12 -99 -13 -68 -56 86 -54 -2 -19 87 25 -24 97 62 -42 -55 75 -75 -67 -25 -98 27 -7 1 45 -60 -30 -36 -49 2 13 3 72 -62 79 -28 43 22 -51 92 -1 80 50 -62 20 12 -9 -86 70 53 -54 -24 -14 26 -61 -60 -46 11 25 25 71 -37 -69 -74 29 72 -83 -49 60 -61 41 5 -93 -65 -90 12 -93 34 -2 96 3 53 39 -17 -22 -55 92 1 
-94 63 79 64 -66 31 37 -89 -41 49 -14 27 -52 12 -72 -38 30 8 -61 0 37 66 -17 -71 50 -79 100 -18 -2 65 11 14 -44 -63 -47 -71 -15 80 -52 -75 -13 90 -68 -27 93 -65 30 59 83 23 -12 70 -65 -26 -18 -8 -18 -48 70 38 -80 -12 52 14 -45 -5 63 24 -44 48 75 66 59 60 -9 -68 23 51 -80 30 -45 46 -62 17 22 -74 -86 -78 -100 -39 82 -23 -58 19 -71 99 55 36 -72 80 40 65 -65 -46 57 14 -38 81 75 -14 -79 56 31 25 -53 14 -28 
78 54 -61 79 60 -75 40 70 -94 99 -32 -35 -77 -47 65 87 6 4 -91 -45 94 -11 -76 20 8 -64 -66 6 -8 78 -17 -66 -4 -17 80 41 -17 61 -21 -80 -19 -10 54 -22 72 27 -55 -36 -61 -91 -19 12 4 2 -39 39 -2 -72 -21 -48 47 -87 44 -27 -4 -86 -70 18 -83 22 37 95 59 -99 -70 -10 -15 91 -29 -87 -45 5 -37 -47 -12 51 -30 -39 44 50 0 32 54 -93 1 -46 61 44 -68 82 -68 -39 8 71 37 99 -27 45 11 47 -84 -98 38 -4 -36 -46 -20 
2 -36 100 42 2 -5 49 64 -23 -55 -92 -26 81 -32 -49 -40 -14 -65 54 59 70 -4 -75 -55 68 -1 28 -89 -61 -94 44 14 -14 26 98 84 10 85 -93 -48 14 43 100 -65 48 38 87 84 -10 -56 65 -31 -55 -16 -88 -98 -3 -95 -22 85 92 35 68 46 53 8 -68 -64 70 -95 -91 -17 -97 -48 -91 44 -86 -49 45 65 18 -92 73 -61 -89 6 -6 84 56 92 72 24 92 -42 -75 0 22 -94 -80 -38 -39 94 52 88 -45 -85 -77 -88 -49 20 34 41 -18 -48 67 28 98 
-81 -58 17 -57 81 24 -81 -68 -10 -36 66 49 9 78 93 -10 26 -33 -33 93 -20 -56 91 10 -84 -77 57 10 83 31 72 53 16 39 92 -16 -93 91 -27 20 -20 94 22 37 -87 93 24 -17 -94 15 -84 56 49 -47 84 -16 21 -52 -89 -52 65 -1 7 -2 95 70 -90 23 94 21 95 -22 -55 10 65 7 -82 -4 -73 73 61 62 66 -41 -43 44 -81 91 -100 -19 -8 -63 71 17 -90 20 -66 -30 -9 -24 -82 61 63 77 88 43 55 16 -65 42 35 86 -84 70 94 68 -14 
60 -35 81 68 -63 -71 48 -73 30 40 82 -53 90 -63 -34 -16 -50 35 13 -40 -45 33 -57 -27 -7 -22 -43 -99 16 -87 -28 -65 99 45 73 -86 5 34 97 -69 -13 35 -14 69 -5 -97 66 -39 -78 -11 -74 25 27 87 60 49 -88 64 -31 -23 -77 75 -12 -1 28 -55 71 -54 51 52 -38 15 -37 58 -51 95 -91 34 -67 40 -42 52 51 10 27 50 -77 -91 -44 -57 51 -16 -26 92 4 -53 -89 -64 -8 72 57 7 28 -18 -55 15 27 88 -65 -9 54 -46 -26 64 0 2 84 
-4 -39 91 32 23 52 -26 33 83 96 4 -4 -22 -59 99 38 11 -12 96 -53 52 7 -1 -44 -38 -35 18 34 -20 7 -61 -65 15 68 -66 -51 -78 -62 59 5 -56 100 37 -84 80 -61 -62 24 7 -25 -71 80 35 44 44 -21 -96 -53 -71 -18 54 85 -55 -75 88 47 39 92 16 -49 94 -4 32 -5 -5 54 9 -1 -33 -14 -16 93 24 -53 -43 20 99 -98 -34 -6 -65 1 68 -64 -92 94 41 -81 -30 78 78 -4 73 16 71 100 100 12 -51 -41 93 -25 -26 29 10 -38 -71 
-57 -43 80 48 -54 75 -100 -18 -53 56 90 100 73 57 41 -94 36 -35 88 77 -26 -59 54 0 -94 -81 3 71 77 -19 -26 46 73 47 -99 -60 15 -84 18 -62 75 -32 -100 -33 76 -2 -94 -94 74 -38 -18 15 34 30 51 -59 16 42 -16 79 24 91 -84 34 -17 -35 77 -98 -47 -11 -42 38 62 91 46 -88 40 -50 33 45 84 -38 -76 -94 -22 -56 89 23 -78 -84 -25 87 57 -11 -71 -18 51 -31 -65 62 -22 52 -5 59 4 89 82 75 -64 28 98 20 33 -84 -21 -71 21 
-7 -54 77 15 -36 16 21 -58 41 89 45 32 36 25 12 89 100 -45 -92 95 -57 28 79 21 37 -100 55 5 66 85 -34 41 13 -77 59 -42 -41 31 -82 -96 -69 16 38 -80 -21 79 31 32 -76 -29 -32 16 0 -1 71 -44 -83 -41 -55 -43 -60 92 46 -18 94 94 55 -59 -54 22 -62 94 -45 41 -4 37 35 85 39 -80 94 16 12 63 47 17 61 -55 75 -21 93 32 -10 -12 33 80 87 -49 70 -52 -61 -79 38 -1 39 -47 29 -7 5 -82 -67 -11 -54 -48 -24 -43 -46 
-82 36 66 64 5 -18 61 42 76 -91 73 -26 46 30 10 1 -2 -65 97 -52 49 -59 -44 -33 81 -32 61 6 -84 51 99 -11 -55 33 -46 63 -98 4 -38 -27 -6 -94 57 -8 100 -76 -20 -44 9 88 -53 34 -36 -100 -24 38 -56 -98 -52 -44 68 -31 65 -10 -11 -70 5 4 25 -30 29 -76 34 -24 17 -92 62 99 -20 -18 -38 63 27 56 -85 61 8 69 66 93 16 83 -33 -26 -24 28 -95 -54 60 91 3 -41 -28 -77 8 65 -2 -55 57 -57 -14 -61 -77 17 9 46 -34 
-9 -42 79 45 7 30 -68 -69 29 -18 12 -8 -88 -35 24 -25 78 49 -4 5 73 63 72 59 -8 24 72 84 -80 77 3 100 15 -27 74 -97 -60 61 -60 -93 55 -48 38 -20 52 71 -38 -17 -14 91 91 -96 74 28 -75 61 99 54 98 22 -10 89 78 29 -7 -4 -40 69 89 29 -36 73 66 81 -13 -58 -23 47 40 -29 96 -27 89 -81 -35 47 66 30 38 20 76 -19 -33 -23 31 -48 -26 19 35 60 -69 10 -100 15 77 -82 56 22 -4 35 -74 40 -23 33 35 57 -26 
-36 -46 -54 -70 90 -89 -23 -97 92 -7 -3 -63 -39 25 48 74 -79 93 -26 12 42 100 12 94 80 -67 53 96 81 -60 56 -51 -31 8 -21 36 2 -67 36 94 -16 90 67 53 31 56 56 89 -28 -18 27 86 -32 44 -85 65 35 -80 8 -48 -48 20 -14 64 -75 -5 6 80 5 -41 8 -36 -13 17 19 35 -37 66 36 -14 45 2 25 32 4 -31 -93 -79 53 100 -97 53 61 -9 -72 42 88 36 -41 42 -33 40 9 -41 -22 41 46 -89 5 46 39 63 95 -95 25 -46 27 
12 -23 55 53 78 -84 38 -56 63 -33 55 6 10 -81 -22 -44 -65 -10 34 -59 -11 43 -16 66 -67 57 -65 26 -60 -15 85 -29 -18 66 -26 -88 -87 -14 -72 -49 -13 65 43 65 16 -67 -39 56 76 30 91 17 -78 -76 63 11 -76 -90 67 37 11 33 -46 -66 -43 -10 -56 -52 -3 52 -48 80 98 -52 42 -46 -69 34 50 -50 97 17 30 51 -59 75 85 -67 -53 61 -94 -60 -14 65 66 89 -15 12 5 15 54 94 -34 -3 -93 -81 7 -66 29 -15 -33 -63 11 92 40 68 28 
59 -97 -42 -53 -33 -17 2 39 70 -3 -41 15 -11 -65 93 21 38 -34 30 2 38 -26 23 -6 71 -72 68 63 83 -52 -93 -72 -1 24 -22 -67 -93 65 65 -63 -36 94 -79 91 -74 53 -53 42 -94 -1 -87 -61 77 28 32 1 60 -35 9 57 9 14 -67 52 -22 97 -22 -59 10 68 -25 -31 -74 -13 -97 17 58 -45 73 -64 -70 -92 23 37 -5 2 -75 -19 -72 41 -11 30 -81 88 -97 80 57 -36 -23 -43 -8 30 -43 -39 25 20 -44 94 -75 49 -39 -9 -34 76 18 77 37 
86 -21 -90 -3 -67 -42 -60 -55 4 -44 -65 51 70 -27 -96 -94 84 -18 84 100 -70 38 -81 -6 -30 3 -25 18 -99 3 -57 43 74 57 -66 -82 92 40 -47 -49 -55 68 57 95 -97 97 -64 51 -99 -61 4 96 -50 57 -43 -41 -12 -86 20 -88 37 20 78 49 56 89 4 94 -32 -61 -59 41 -12 -26 -62 -47 -71 20 61 76 81 -96 -75 35 13 -12 87 88 -41 -51 -14 -62 45 -3 -87 -65 9 76 -81 -60 -78 -1 85 -88 -30 -45 75 70 89 80 -100 -82 -44 50 -84 58 74 
-61 51 -37 9 -20 80 -72 -83 79 84 17 -71 -20 -82 21 46 -41 -16 -84 41 96 17 15 -15 94 -8 27 51 -87 -17 38 40 42 -5 -47 -90 21 67 62 72 -88 10 91 19 -46 68 40 23 64 -27 -78 31 -51 -12 22 -1 2 -76 56 54 52 87 71 -41 51 59 32 -5 -35 -13 4 2 -81 -47 -88 -48 -45 72 1 95 27 -54 -72 -43 84 -90 -31 -16 98 -86 -35 39 -41 -13 -57 -18 -40 -6 -67 65 68 -94 27 -39 -27 8 89 5 86 64 68 -34 85 -18 30 -55 79 
89 2 39 -18 -31 32 -46 -89 -55 18 -37 -76 49 -53 26 -60 -71 -44 -53 -41 -97 -51 67 37 -32 -46 -23 18 86 42 -62 2 53 -91 -87 -91 35 -39 66 80 5 -99 97 -43 27 -41 -68 -6 -56 -100 -32 -61 -3 28 5 50 -93 -96 98 -95 21 14 73 46 14 23 -7 -93 88 -77 53 -23 -81 -72 95 80 52 -27 -99 -62 -72 -35 -34 -47 74 -23 23 -77 62 -45 -5 48 -80 15 41 79 29 -73 9 -13 55 79 20 15 -32 -24 95 42 72 -72 -25 -14 89 -10 -88 -25 -8 
-5 -88 -47 86 -54 -15 21 -22 -51 69 -30 -29 -43 -8 -73 -14 29 -33 -11 -87 -51 5 51 58 12 75 59 -40 -27 -80 -51 -12 -70 -48 5 -22 99 -9 58 -26 98 -16 25 64 -11 -17 45 -3 67 -94 39 99 46 37 69 -58 94 88 48 -56 24 -23 -11 -88 -50 -46 23 3 55 -60 97 -20 -62 1 39 21 69 49 100 -88 40 52 -20 -10 37 -25 67 16 -26 96 35 -2 45 86 52 44 -8 -50 34 -37 -20 -24 68 -10 41 -19 21 54 -5 -94 78 -60 17 -45 -97 2 33 
29 54 -4 -95 -50 54 15 95 -69 28 20 -29 31 -36 80 21 98 -2 -100 49 -70 -74 -75 -66 -5 8 -10 -25 10 8 22 63 77 52 62 61 20 -79 11 -13 -86 54 54 -77 -77 -80 -24 -60 67 -61 -3 -32 -34 16 27 -62 61 63 -83 -72 51 42 -80 -15 -63 5 -39 37 -52 -40 52 -90 51 90 67 -40 -29 30 59 -61 -99 -16 -55 -34 6 71 55 95 -10 -13 25 -15 29 -64 3 -27 -10 82 -62 -45 81 -66 78 -10 -71 77 -97 50 -51 35 -91 21 78 95 -3 -41 49 
-16 -45 34 -48 65 78 -60 20 88 -98 71 -35 -92 25 47 96 -70 -23 -34 10 48 15 18 94 59 25 -9 -35 16 -62 14 -37 -36 -84 -38 -9 -40 -75 57 73 -62 70 -78 88 55 -51 81 16 -43 -92 -31 10 -73 -27 -84 49 -31 -36 85 33 -91 -90 98 73 52 86 6 -19 -96 -46 22 -71 5 86 88 -10 -64 -72 26 70 77 -35 -86 36 -66 8 73 41 -84 -7 -3 32 72 74 28 47 61 83 -66 78 -6 -74 43 38 -46 -9 -41 79 81 57 68 -27 66 40 81 7 -84 
68 49 19 16 40 -62 93 64 -15 -68 -10 -72 -70 -13 82 95 8 -22 97 31 33 85 16 8 -64 -7 72 6 36 -82 -29 92 -89 80 -36 6 99 32 -41 -69 -17 -1 89 38 92 33 1 8 -14 44 23 20 -83 -21 -38 -79 4 40 58 3 -22 41 -37 -19 -86 31 81 -94 37 89 -15 47 20 47 -3 5 18 86 72 35 19 16 -30 -21 44 97 -68 -31 -47 60 -17 36 12 -5 2 -20 14 -74 33 -10 58 40 9 -82 12 -23 98 29 57 46 -17 56 34 -93 61 46 -63 
43 4 6 97 -48 58 -20 -34 62 43 -16 16 -54 88 -34 -33 -16 53 90 -7 -3 -17 -34 15 8 10 -85 100 30 -85 12 -34 92 98 -65 19 -96 96 -30 -11 89 100 2 41 3 94 22 90 -66 98 -46 15 -67 19 -88 89 -15 92 -40 -54 43 58 -23 -45 -50 -90 -2 -9 -47 -19 -72 -42 2 -67 -34 -23 28 -98 76 -61 45 -32 0 -33 56 89 11 -52 -50 -72 41 68 86 10 18 -18 75 70 41 -99 60 0 -65 -37 100 -83 90 -70 38 53 -58 47 85 66 -19 48 -6 
50 66 -20 55 -84 67 17 40 58 -56 -22 82 31 81 -92 99 90 -30 -43 75 2 -88 -70 21 -75 -99 -11 35 50 -89 -10 -28 35 37 0 -53 -91 -87 32 -18 14 55 -1 14 62 5 -88 15 38 -16 -18 -80 -86 -100 24 -60 17 -11 -36 -63 -91 40 44 -73 -85 -68 5 35 -38 5 -44 -40 -48 95 -38 -98 59 -44 -55 39 68 -98 16 19 -36 -69 -15 -86 -9 -18 -13 62 -48 -56 72 47 53 -10 -40 -65 95 -75 -10 66 -62 5 50 -25 54 -38 -19 -24 -86 56 -5 49 -26 
-71 62 -89 -8 66 -35 85 17 13 -13 -3 -34 -100 -78 26 4 69 -10 79 -80 25 26 76 -97 2 11 5 38 -62 -51 -10 71 -3 84 76 -67 85 52 28 62 -66 66 -88 87 73 93 32 -62 -32 -60 60 -14 42 19 64 -82 3 -7 -58 79 2 76 -5 50 33 6 63 -45 -72 31 57 -75 85 -51 -69 30 93 -93 59 10 54 80 55 15 -17 23 39 -76 93 -35 -78 96 17 -39 52 2 -45 -79 56 55 -38 -24 100 7 68 -33 -14 -98 18 -87 20 -63 52 -50 59 -49 -86 
65 87 60 -79 35 45 -95 -73 3 -32 -86 -87 -93 -2 80 -72 39 67 -66 -96 -100 47 -71 73 -21 -43 65 5 -51 -55 -76 -23 -20 -2 70 87 28 28 -50 71 -72 -57 -22 92 -19 51 -93 42 17 -10 83 -71 -80 21 -88 -77 84 51 65 -12 0 35 32 -15 67 -79 15 37 14 -6 -44 -62 56 64 27 -83 -100 -37 24 21 2 -27 90 74 67 -6 -88 8 -100 78 -32 39 30 -52 -64 -47 93 26 -60 70 -4 50 88 7 58 93 29 4 -78 -20 44 53 -2 -100 31 70 -7 
-62 12 98 58 -41 -79 -62 -79 -1 -96 -61 -21 -47 64 18 -75 -3 86 55 -82 20 9 -52 -99 -100 87 -11 -18 -42 -78 -66 12 58 45 -97 89 -99 86 -90 -38 -49 75 25 91 -19 7 69 76 1 41 -97 93 14 -23 -95 -3 -74 78 -63 -76 75 -55 -25 55 -47 74 23 8 87 -54 15 18 87 63 0 50 21 -90 -74 -4 -22 -79 90 -48 84 86 -64 74 -31 -77 74 8 10 -100 -24 -23 72 14 -65 36 41 72 -41 -36 36 41 83 -42 -18 -61 66 74 40 -82 -35 42 -56 
88 -82 12 37 -100 -40 7 -79 75 -93 -19 77 66 -74 44 -30 -61 57 30 50 14 59 97 71 -84 16 -22 -32 -97 -18 22 88 -66 29 3 32 -27 -77 -41 -25 98 -42 34 52 -55 -36 47 -40 48 -44 58 59 -34 -5 -27 99 -98 -58 -44 -15 -47 96 -84 61 -31 -1 16 86 22 40 -96 -60 -49 3 5 26 -33 13 62 -55 53 -89 -76 9 99 71 6 -17 -97 -98 66 57 -15 5 -2 47 6 34 88 97 -51 -55 -88 -30 -26 88 -2 83 33 42 81 6 94 22 67 86 90 
-10 4 56 -82 -34 12 48 11 -79 -19 -98 56 -89 43 4 -91 -15 27 -31 72 89 -4 91 62 -84 92 61 -65 -75 -10 73 7 7 82 56 20 -62 17 -98 -2 -32 -95 -93 -54 -14 -65 -25 94 38 -50 -47 -36 11 -90 -29 -66 -3 69 -45 -95 -1 -36 -12 -71 88 22 46 -21 58 -9 78 56 -2 -33 -96 -70 -75 -31 67 6 -3 -55 -63 -54 -52 -63 -24 -20 -91 -33 98 -4 61 53 16 -77 25 -31 99 -39 54 44 -42 25 6 -2 -84 -62 -37 -15 6 -59 -38 -22 -34 33 -74 
22 16 -29 75 -22 -28 -38 -58 94 6 -17 -99 -24 10 -21 -91 -9 17 -10 6 -56 -4 27 66 -15 47 98 -63 -27 83 -39 70 -24 93 14 21 51 -85 -18 -45 96 -75 73 -3 29 -58 60 -41 57 -89 -4 3 -63 51 8 78 -76 -12 98 96 64 -71 90 96 -97 -19 48 -12 5 -28 -40 -78 47 -78 82 48 26 76 -85 -31 -34 22 43 -23 -35 10 37 31 -24 27 -4 51 55 37 -4 37 33 -81 39 -23 -71 -49 57 -88 41 51 -16 53 -67 -91 -62 -87 83 -69 32 -43 39 
7 81 24 -67 20 -17 90 -23 -45 71 81 -96 -9 -67 37 15 65 98 -64 -94 -2 9 24 96 8 -59 -63 46 -58 -66 -28 -40 -42 82 75 -32 -74 39 10 13 13 16 -2 19 25 -99 -5 66 -72 -42 43 -43 76 16 -63 -79 51 -78 51 -12 -16 -34 82 -23 -92 67 -63 -15 -36 31 -65 -48 -26 -70 34 -66 -69 99 84 6 -64 89 35 51 -81 -17 37 -71 29 -17 26 15 15 91 -71 -99 -83 96 46 -17 -6 100 -37 72 68 12 -14 -23 4 -87 -4 11 -9 -95 -76 -39 -6 
-6 -24 65 -59 64 -83 -38 57 66 38 57 -31 -52 68 -92 18 -94 -47 -94 19 91 -97 -48 15 -22 -51 -69 68 -22 -87 67 -37 -53 13 73 -59 -72 -18 -42 -77 29 68 33 -79 -81 -58 -36 6 56 -50 28 -40 -31 60 71 -79 20 74 41 34 -24 -31 -55 8 59 -95 -50 -16 -71 -21 -79 94 22 21 -10 74 82 -83 -35 -11 85 37 -76 -23 -39 57 70 -38 -71 -89 84 97 70 -87 -14 67 33 50 -100 -81 15 -31 63 14 -97 7 2 28 -85 -19 52 81 -74 82 90 -5 -69 
-100 -100 -77 15 -15 -11 60 38 -39 -88 -27 83 -32 -32 38 7 -64 -31 -50 -46 -41 -2 -30 -39 -63 39 53 91 -40 53 -100 -80 -94 -35 -61 21 77 40 55 -26 31 70 -86 -80 -55 73 -36 -9 -83 -8 77 14 -98 -89 39 81 -76 83 8 19 -24 -69 -97 -8 -25 19 -90 -65 -61 -45 -11 5 -5 75 -21 -60 16 -26 99 -89 -50 -29 -98 -81 -20 60 -78 -53 37 83 -52 -98 -51 -39 81 -49 5 14 13 17 4 -24 -90 60 -50 -81 -11 -24 -64 -8 -35 -16 29 -38 -57 21 36 
-65 -14 -12 -25 -54 86 -66 63 8 -94 -61 -87 -82 20 -48 19 70 -11 -6 38 -40 67 -1 -23 50 45 65 83 -7 76 -6 -64 -64 29 60 -89 40 -43 16 68 -43 33 -50 -46 -26 -33 87 -2 -66 75 73 28 -62 30 -57 -10 -73 29 83 4 36 -10 -64 -28 44 -72 -23 -72 5 -26 98 -52 -70 -67 -83 -8 -23 27 36 92 74 -40 -49 0 94 -71 -32 91 -13 -53 34 -98 100 -75 -90 38 1 0 74 -27 13 -17 77 -44 28 -96 89 -31 46 -21 -30 -36 -37 -26 -32 47 64 
59 0 23 54 -80 -69 -81 -68 -44 -36 83 -64 -89 -86 -11 27 58 32 -60 56 96 50 86 17 -54 79 -99 -95 -64 -12 66 -27 13 -39 43 30 90 -71 -52 -36 -2 -93 9 84 0 41 -96 7 49 65 51 78 -25 98 -36 80 -37 8 23 -91 82 2 78 58 65 -23 -78 100 14 89 -70 -59 -21 58 -25 -51 94 -34 -97 -73 23 15 92 -10 37 -30 31 78 -84 -19 -83 -39 -49 -69 -63 77 -13 73 -20 29 53 -77 56 -50 33 -54 -50 -23 -100 10 -39 -21 -47 52 -4 41 -60 
57 -61 -41 22 85 90 31 9 -13 -41 14 -48 90 83 55 -90 -58 29 3 88 42 85 13 -70 28 100 34 -52 -69 99 53 88 28 -1 -5 -29 -53 -64 6 -38 -65 47 -85 -79 -90 -80 -91 65 69 -99 -9 95 -64 -88 7 -51 25 57 52 -9 19 -19 52 44 -4 97 -61 -39 30 -34 20 -82 62 -17 69 -45 32 4 -51 -88 -51 64 7 -47 46 35 -20 69 -74 91 48 6 -52 16 1 81 -61 -17 57 46 3 13 53 40 -48 73 62 -21 -96 86 3 -100 96 -47 94 60 25 
35 -87 -1 -79 -64 -9 -11 30 -15 28 -23 14 47 0 -78 92 -8 -17 39 17 -3 -12 7 30 4 87 15 22 24 -55 -85 48 -42 63 -39 -28 -55 82 74 99 -12 -79 83 -81 51 2 86 60 92 55 69 26 22 -68 75 60 47 85 -38 -46 -15 -51 63 49 46 94 -53 -8 84 94 48 72 -13 -86 -57 60 3 -40 -30 59 15 -5 1 -55 -32 -47 -70 64 -7 -56 60 91 40 27 -88 -17 22 -17 91 37 64 -97 66 -21 34 85 41 -41 3 49 -38 61 4 -92 -40 85 -71 
88 -14 -10 25 87 10 -17 58 -91 14 -3 28 -91 -59 68 -71 -64 -46 13 -66 46 84 -82 13 -42 45 11 16 -95 80 41 -90 67 31 0 62 85 -53 71 -12 67 69 -34 -73 38 98 31 -27 -57 -32 -44 51 -96 31 -22 2 76 -36 -80 -21 20 -72 6 11 93 -9 49 -36 8 7 -67 7 -28 23 91 -7 7 -56 -48 -30 96 -5 -84 -20 61 -94 -29 73 38 -18 67 -99 -41 1 -80 -26 -27 66 -69 75 78 -82 97 64 72 -88 18 -83 -32 39 3 80 64 45 95 -69 -82 
86 -17 -94 -31 94 -59 65 84 -20 91 88 -14 54 -18 -93 -51 30 58 -52 -18 36 16 17 -48 -84 29 -37 -84 50 65 -76 -58 45 55 41 54 -12 -46 -41 34 -85 -98 -55 -68 59 -65 88 41 92 15 68 -50 33 70 -8 -94 -12 -1 85 -58 48 84 -63 27 68 39 -29 33 -78 -15 65 23 67 -1 -86 24 32 -59 91 -47 88 -39 41 -60 -15 -16 94 -36 -46 73 15 -94 26 7 -25 8 67 -53 -76 -61 -68 -59 -29 -15 77 2 61 16 -57 -56 71 -19 14 40 100 -20 -29 
-37 93 -83 16 82 -32 -83 95 92 41 -8 -85 9 -38 -42 -34 10 -63 -58 44 51 78 69 46 -41 50 -89 59 62 -35 -66 53 38 -51 84 -3 31 -51 86 24 6 -30 -79 44 8 -36 79 50 -77 -54 -38 37 84 -68 7 -40 22 -58 66 -69 -72 -80 -61 58 25 97 70 71 -36 28 -58 -39 20 -74 59 98 46 28 -90 21 -85 -52 98 1 -14 3 6 57 -18 88 31 -12 22 -84 19 -54 83 -86 -65 -59 -93 -75 -52 57 -93 -92 -39 49 27 53 -49 6 36 5 -81 -44 33 
-59 24 63 -86 71 -13 -38 -96 -79 -50 -26 99 23 4 80 -41 83 -90 -20 -73 -42 -77 85 59 -60 71 -94 -40 55 70 97 92 75 -35 58 -72 -49 64 40 -19 -46 20 38 24 -36 64 -80 -78 29 -58 31 17 97 56 -57 45 -61 33 -72 -88 94 -89 70 31 33 -9 -2 -1 33 5 37 -88 9 82 -82 90 2 -75 6 -69 44 84 -96 14 51 -18 75 -70 42 -51 -22 -73 -22 -43 14 84 -33 56 -68 93 31 -48 -76 10 19 46 8 -31 -33 72 -2 -81 66 -44 43 -9 -42 
-72 100 35 -25 13 45 74 39 -64 -28 -95 -14 40 40 60 92 -57 -46 16 -97 -26 -64 24 9 3 -23 27 -10 38 89 -81 15 75 42 5 8 58 -51 -31 11 -66 -81 -41 94 15 -32 78 10 30 82 -78 62 61 19 94 -49 82 -31 -99 -77 -32 36 -59 4 -47 18 -62 44 17 -14 12 -66 43 11 -20 37 55 -13 -87 -17 -99 44 73 -4 64 -31 -32 -44 30 -39 49 64 -78 73 -22 59 -96 -62 -65 -26 89 25 47 21 61 -57 12 9 70 41 -73 34 -9 -25 -98 -69 -77 
-72 -89 -71 -44 82 -38 48 16 25 46 -34 82 19 -79 -23 -45 -45 0 -19 -92 94 44 16 96 25 -95 -41 80 -8 -86 20 -69 -45 -90 50 5 -24 59 72 79 39 -2 0 -87 -38 44 72 -35 -2 48 -22 -40 14 -1 36 56 3 -22 93 -25 -98 -59 -69 -13 87 74 -68 -76 -93 -56 75 -85 24 -16 94 18 90 -7 68 17 2 -43 -12 -81 9 -67 5 -26 100 -33 -44 11 -63 -57 38 -46 4 10 12 13 -10 84 -97 -77 73 -13 -5 -29 93 95 -24 -99 -39 -94 -64 -32 -87 
-17 92 10 90 -27 64 -49 65 39 -18 58 -20 60 66 81 95 -99 -19 -45 -4 21 59 74 96 80 56 -57 -33 80 41 70 -42 -26 96 -2 -46 -17 67 68 67 85 87 -74 -27 51 9 33 -50 87 13 -60 90 -42 -74 80 28 26 24 18 80 42 -19 -20 86 81 86 61 88 -17 -38 81 53 -82 -51 76 50 -49 72 -13 -39 -72 45 -55 -41 -84 83 18 -93 -28 64 -52 34 33 79 -79 49 -63 -83 73 -75 24 25 -36 -64 -87 85 -60 -86 13 0 -6 -34 -48 8 -6 -73 32 
60 82 -7 5 83 -16 -30 52 43 -34 66 20 -21 46 65 -1 -36 -73 95 99 -63 -55 62 -99 -51 98 -82 96 -34 81 6 85 64 -98 -14 -76 65 64 43 3 -62 77 -96 -93 28 -79 59 36 57 39 -55 30 -94 77 -19 60 40 -95 -92 79 -46 -57 94 -38 53 -54 -40 -21 -10 7 -96 -69 15 -94 20 23 -98 80 60 -20 88 -4 8 -16 -12 40 -4 -23 -48 88 -50 59 58 -31 91 77 -22 45 -67 -25 38 40 -27 -29 5 62 32 10 -35 60 -22 -96 90 34 26 -44 -31 
-85 46 -23 -51 -7 69 -58 -4 -73 -14 70 88 1 -75 -93 6 -3 68 -62 -9 -76 -6 -67 38 -57 -59 -36 -72 20 -22 20 51 -89 -100 -90 -71 96 49 -81 -61 19 -82 -80 -15 -27 -98 72 12 63 82 -65 82 -74 -44 11 -94 44 24 67 30 98 50 98 -29 52 81 -18 -50 -1 -19 14 -19 61 10 -61 -45 87 56 89 -29 34 76 87 -36 -5 26 24 -83 -73 22 -56 72 14 -10 -2 -97 17 -52 -87 96 -18 -26 -49 -52 -12 11 -80 -52 83 -77 65 99 -23 55 -94 65 -1 
13 15 -51 19 -98 45 -1 45 -12 5 -42 25 -96 -2 5 -54 -39 -7 -43 39 80 27 65 75 -8 63 -15 54 -85 -12 -68 10 -75 2 77 99 42 60 10 0 -26 39 54 -47 66 1 -48 2 71 -7 17 3 71 -21 70 -89 -60 61 55 -15 79 66 -14 -84 56 -12 1 -11 45 41 -73 -17 94 13 96 -86 37 -66 -22 14 0 -42 74 60 59 87 99 -11 68 -29 42 45 -10 68 -74 7 10 87 29 -80 55 40 70 -22 64 -77 80 9 21 87 80 80 -6 -51 4 80 -34 
-28 36 -83 61 -9 100 89 63 -23 -81 -49 -72 88 -25 -54 34 42 22 43 88 -22 -5 96 -81 -70 52 73 78 -30 48 56 -18 99 48 47 92 76 29 57 -72 86 -9 -44 -95 -5 -55 -65 -58 72 -95 75 -33 2 -46 -24 -79 -23 -17 9 2 56 -56 15 29 37 -72 81 -35 -15 -57 -35 85 -33 -58 -87 94 -47 -91 12 -63 39 39 85 63 44 22 7 92 -36 10 37 -66 -3 99 -10 79 -27 50 14 88 50 43 -27 -95 -25 -68 -78 12 -8 -100 20 -79 20 -43 -54 -46 3 
72 -27 -70 -10 62 -46 63 7 -90 -13 10 29 88 -45 37 70 -16 37 41 -79 -31 -41 33 65 43 93 57 59 -32 4 -49 5 95 32 95 27 31 81 55 43 -17 9 64 -97 -12 17 5 73 10 92 81 -65 -69 -29 78 -98 -72 89 -19 -80 -84 -52 1 6 -17 -68 39 -67 76 76 -32 -54 -63 -80 -1 -64 -93 95 93 15 -35 66 63 -13 40 63 96 -91 52 42 92 8 35 8 99 -10 63 -8 -33 100 97 -43 -81 52 8 -80 88 92 -92 68 80 38 -22 -24 92 -49 13 
57 40 82 49 -30 74 78 55 -40 -55 38 55 4 3 -12 46 -42 -38 -85 -48 10 -38 59 -81 83 88 -42 -13 6 -53 -63 -28 3 -21 -40 -99 -2 59 -23 7 -100 55 -94 -12 4 -79 -99 -39 -59 63 8 -64 -32 54 -19 -53 9 75 80 -37 -89 65 -93 32 6 -30 -92 -59 -57 18 -76 -29 87 -38 -85 33 -38 -1 -38 93 -97 37 -25 80 63 83 97 10 -69 74 -23 -56 -85 96 7 -17 6 2 74 -87 17 -66 11 25 -65 -21 49 94 -7 74 100 -68 -21 -56 -86 -70 -69 
-11 56 70 -40 13 6 -89 -25 -61 34 72 25 -2 79 48 35 -83 1 -6 -47 -2 14 -31 84 31 -42 7 -11 -68 -74 0 44 20 -45 36 -66 75 34 19 90 16 79 13 63 4 -60 -12 -15 -57 93 87 -82 53 -84 -29 33 86 -77 15 47 39 21 31 -19 -7 48 72 86 -60 -3 78 -74 -51 -5 -48 -85 26 -81 76 -23 -61 -9 -2 -17 14 -9 62 -19 57 -53 -27 -61 4 55 20 98 -67 12 12 96 25 29 -66 48 -58 92 -33 -58 1 -45 44 -72 33 82 41 42 56 
48 -48 -20 -77 -95 -82 -67 -71 73 21 -50 -71 58 -54 20 43 15 59 47 21 -43 -45 2 -76 66 69 -13 9 21 -12 -81 -54 27 -88 8 -21 -45 -93 3 -96 -20 -39 67 -90 89 -46 -97 -33 -32 -26 86 10 7 -27 36 7 -51 -78 97 34 75 -94 65 61 63 46 -15 74 -81 -72 -26 22 -82 87 17 98 -6 59 -92 73 27 45 -1 35 60 57 76 84 43 92 -55 -34 -26 -59 -78 77 20 -67 -82 42 71 58 51 -79 23 10 -15 68 -99 88 86 -36 38 -87 -59 99 89 
93 46 -87 30 49 4 -45 -77 94 11 -69 72 -70 -41 -71 -6 85 0 65 83 52 -5 5 15 -61 -40 -4 -9 84 -96 -56 -98 -76 42 73 -34 76 -50 26 65 -92 74 68 -93 86 39 -54 -97 20 -73 36 32 -25 -72 -47 -95 21 -91 -25 3 -37 -74 -66 46 -96 -50 -13 90 -93 -16 32 -88 -11 -64 -9 42 18 6 -71 -21 -71 -47 -66 -53 -85 100 -90 -60 -68 -93 -1 52 -98 -77 -86 90 31 95 -32 -94 71 24 -86 -74 -65 94 -90 -13 -38 -42 -77 14 8 28 -15 -77 -90 
77 23 15 -24 -43 -9 54 79 -40 -96 34 40 25 -25 -31 36 53 80 -90 -94 46 48 85 -78 15 -31 80 62 -39 -13 -100 62 -41 22 -77 11 -60 -97 1 -4 -52 15 99 72 -63 -8 63 -28 -13 -88 -92 96 -81 28 -96 44 -20 22 -49 -4 75 93 -19 5 42 -33 -70 -65 8 84 -71 21 78 -61 29 -5 -73 -75 45 -81 -5 -24 68 47 -16 85 -5 -57 -86 -84 -48 -94 -24 65 42 -82 -48 -85 -66 -93 40 -3 -96 79 -29 -69 95 -95 -21 14 45 51 -5 52 46 -26 2 
51 -44 -38 29 62 -44 -30 60 63 -73 78 -94 -39 -71 52 -65 69 91 -56 -10 -50 50 38 42 18 64 62 50 45 93 74 -17 -36 -89 67 96 43 12 -51 23 -82 5 -2 -99 4 9 0 -17 -70 31 -57 -4 -11 76 95 86 -38 -20 98 -15 -5 -74 -65 -41 2 -98 -68 79 92 74 89 8 30 94 38 23 -27 71 17 10 83 -86 -11 -83 -18 -46 43 -5 12 8 57 -34 2 -73 2 74 -59 85 -80 88 71 4 77 65 -2 45 -72 -19 39 57 -35 -94 -31 54 90 80 -16 
-87 -26 -54 -47 -82 -18 39 4 33 80 41 -10 43 -12 40 21 -19 -94 40 -20 65 62 78 32 -95 98 -21 13 -2 86 78 34 46 32 -79 -47 -46 28 25 -32 45 -9 -91 -7 10 -4 -97 -74 33 89 78 -6 -23 14 37 49 -19 45 -16 63 11 -41 24 35 18 15 3 -73 -90 -80 -100 90 -8 -20 12 -31 55 -61 56 -52 -77 69 6 -73 30 75 -28 -90 -87 79 -60 -47 -75 24 86 31 37 -24 5 39 -91 83 -89 95 54 -39 54 7 72 -14 100 12 -87 9 35 3 -8 
-46 69 -38 19 70 -34 -73 -26 35 39 38 61 66 40 100 -58 62 -30 13 -13 73 -5 -91 95 85 -80 23 -28 -94 -18 -95 -3 54 -46 25 -65 -27 47 -34 93 34 23 -79 78 -38 -80 -95 -98 -28 59 -54 68 -33 -24 -17 52 -23 37 35 -77 -71 -35 -52 -77 66 -24 85 -69 -97 31 -13 40 6 -42 92 -39 97 90 -24 37 83 -6 -95 83 64 -26 33 -42 39 -3 -53 32 51 75 -79 -28 -19 -76 89 81 -6 57 50 6 -70 13 -24 54 -79 -4 22 41 -27 -95 -99 38 -17 
66 2 -6 63 18 -49 -23 -8 58 14 34 -70 -38 -20 68 -59 -100 29 -26 40 -20 -71 -68 12 -5 -74 65 -60 -70 -4 -87 46 -37 11 13 78 -89 8 71 61 38 -26 97 28 -53 -67 -56 35 -90 -64 -71 71 -87 -96 -12 73 37 46 24 69 -39 -36 -8 52 7 50 95 62 75 76 7 54 42 46 57 50 61 -69 -65 -74 -86 24 -30 -28 11 -81 97 20 -60 26 15 -2 20 -93 -20 78 87 17 -71 36 46 65 -41 58 -39 -15 -98 29 81 -55 82 71 10 -70 6 -83 17 
86 -96 24 56 -6 -69 60 82 37 -52 49 12 -93 -11 -46 -69 -3 -91 5 -76 -90 -89 10 61 1 -66 -26 -25 55 -25 5 -79 74 -47 -80 96 4 90 7 23 -95 -31 30 19 3 -65 -76 54 94 72 81 56 -18 74 -62 58 -43 -2 -42 -32 29 84 -25 -83 6 -85 -10 -25 -27 8 -81 -82 -95 -73 51 -29 8 13 -23 -34 10 52 97 -61 -34 19 11 57 58 -45 -81 -57 62 23 19 -28 -82 22 51 -37 58 45 97 67 -80 -80 87 96 85 80 10 36 -44 -50 96 70 -85 
-25 40 48 58 -43 68 -39 41 57 -67 -11 -86 57 21 86 -73 27 76 -35 41 87 81 16 97 72 -65 98 -88 -55 39 63 -48 36 -41 4 16 39 9 7 97 34 48 -4 80 -67 46 -1 80 58 91 -94 -72 -81 -32 -76 -17 57 -47 26 25 80 -29 100 -38 97 67 -90 -89 45 -95 -93 -23 73 20 -28 -62 96 92 -85 -4 51 -100 -20 -94 14 -3 -59 9 21 73 74 -93 -78 -41 -67 -17 57 -77 40 -13 -57 74 7 -10 73 68 96 29 -55 60 40 -55 49 -82 -54 90 46 
3 20 86 -5 14 -13 16 -19 -80 -24 -86 48 90 -70 -54 -8 -83 -58 49 -54 72 83 -90 -2 -92 67 27 -84 5 63 37 34 66 -60 -35 -87 -95 80 -24 -60 18 48 -88 -85 53 -85 96 88 52 77 36 73 98 -50 97 -86 3 42 -88 -31 55 30 -45 36 -68 -6 -33 59 65 -18 -6 7 98 -92 -34 -71 -87 49 40 75 47 -28 28 37 14 21 -87 -42 -27 -33 -82 77 -41 -54 19 -24 24 -42 68 2 70 7 7 -20 -60 -96 53 -94 -100 -12 56 90 -71 -8 81 72 -93 
-59 90 84 92 40 39 50 60 -68 -14 8 4 -38 25 -39 18 39 -19 -87 62 -10 -80 55 -59 19 86 -42 49 25 75 96 6 -97 76 -59 14 74 -45 -94 -32 -98 42 57 25 -2 -81 -35 79 -67 40 24 -85 70 -39 -25 -29 86 58 -70 43 -10 -20 -94 98 30 -20 26 -51 -44 -96 13 -60 74 81 -100 47 -90 -25 -62 21 -5 36 29 56 -85 -47 46 -6 69 63 -82 -19 76 72 12 -2 53 48 85 -26 46 22 -32 -92 -41 62 74 82 97 -50 83 48 16 -28 34 -52 -98 
91 9 76 -82 -28 75 47 44 20 -25 -19 -89 50 -87 -62 37 -100 98 -32 46 17 -30 2 -24 -42 89 3 43 -9 48 90 -32 -57 -67 -1 -73 62 -32 99 -71 26 88 -5 48 -81 -79 -84 34 -32 98 80 -75 20 -41 32 65 -95 -64 -72 -51 30 -51 -20 -7 -4 -6 -5 -33 66 56 -17 0 -58 -88 -60 67 49 -67 -59 -14 -68 94 -86 -59 -89 55 8 -12 -87 -23 -3 -7 47 32 96 7 -34 69 -13 62 -58 -2 -92 -87 29 -41 -8 43 72 -96 42 -25 -55 40 71 -10 -15 
1 -90 81 3 12 -100 80 -52 44 23 -38 -41 -57 62 -75 75 -28 29 -67 44 20 -68 -59 22 77 59 23 84 -58 -9 -97 31 53 -33 77 -87 -58 -41 50 46 21 -62 -19 96 54 -99 -68 29 -20 -7 91 30 -57 -32 93 -80 -49 66 -51 99 13 -16 20 44 27 -65 -49 -58 -79 36 89 15 46 -49 -25 25 -77 50 -42 -4 -2 -4 11 -23 67 20 -78 -12 40 69 98 87 -48 62 -60 78 4 53 -14 -42 27 71 99 -65 -86 -60 -59 20 84 26 1 -10 31 -5 -73 28 39 
-10 92 39 49 -42 59 73 -32 -25 -70 73 42 -41 41 38 86 -29 -11 -74 23 59 -83 -3 4 83 72 38 -49 -9 18 -80 -1 -46 -60 93 30 -2 69 -33 66 63 46 -72 -6 -53 -94 85 -35 29 -49 15 9 -27 77 74 -57 65 64 -84 95 11 26 66 -54 82 -18 -68 70 -48 -45 87 -75 55 13 51 -11 79 56 56 25 85 26 7 -27 80 -71 2 -34 0 -55 86 35 3 49 -40 14 -74 -27 13 -7 11 47 45 2 -67 82 -61 66 80 72 -63 81 -29 -34 31 -4 5 
58 80 27 97 -67 -30 -73 -51 -29 94 -60 -46 13 -20 53 -96 93 62 -35 -48 -22 3 69 58 -62 66 22 -46 47 -8 -14 72 -88 -45 23 -19 -72 -70 77 31 58 81 -60 81 74 -68 96 6 93 -60 4 -40 83 -84 -5 -65 53 -97 -45 -99 -86 -58 -19 -86 -7 98 -87 -19 -6 40 -92 55 -59 46 20 2 21 40 45 -20 -66 -84 -19 -60 -90 -51 64 18 87 60 -62 5 -16 -81 -35 -46 37 -44 -47 -53 43 1 -58 45 -25 24 -56 38 0 23 -73 -80 91 12 -2 -61 -39 
43 -25 21 37 62 49 26 25 45 8 68 -4 97 -45 -17 -86 62 48 -12 75 -26 4 -91 -29 14 7 36 77 -23 54 78 31 59 -57 -67 21 -74 95 40 98 -11 -45 73 -81 -23 50 6 61 24 8 46 -19 4 82 -16 61 -55 12 12 71 33 -26 92 83 -30 73 -56 -48 -67 44 11 77 7 -2 -46 22 -16 85 61 -25 5 69 -77 -45 -99 -45 -87 -92 -27 -23 -16 -17 44 -23 -44 -67 30 59 46 -76 -59 -33 18 78 -22 -58 -88 -89 28 -27 -25 29 -66 -58 -3 98 91 
-26 20 -21 8 -24 -66 -97 51 -35 47 -49 -22 -68 -40 -38 11 -60 99 16 -26 -48 -60 -95 -8 -27 -39 53 -87 49 8 6 30 3 -9 24 -47 -43 -1 33 26 -99 -81 -81 -24 72 -64 -10 -78 -52 6 70 78 -93 85 -1 -20 -74 59 70 -98 56 -92 -58 49 46 -28 59 88 89 93 -48 97 54 92 9 87 -89 -28 68 41 -28 -19 29 79 -35 -20 75 87 66 -69 -22 -82 -81 -20 -99 16 -12 -99 83 -44 -2 52 -74 -66 -11 -15 -91 22 78 -39 -17 92 -40 -66 49 29 52 
-33 67 0 -60 42 -65 23 59 96 -12 -51 18 -82 -29 -36 62 -3 -11 -37 -73 -28 -59 40 -42 -46 -23 67 -17 95 80 14 -48 -10 -37 84 -37 -57 -7 55 -63 57 -14 -40 -85 -60 -90 -85 -92 -99 15 -61 87 85 -47 -86 -46 5 15 54 38 -32 -35 88 -73 -35 69 -54 -35 93 -71 -84 82 36 -6 -15 21 26 -99 18 -94 41 -26 93 -94 70 9 97 -83 78 -61 -10 65 19 60 -24 86 92 97 -74 30 -21 -67 97 -95 -75 -45 -46 73 -41 4 75 72 96 -22 42 99 -83 
63 100 -84 38 29 37 -22 -4 55 -61 -71 -23 25 31 32 -21 90 -55 65 -98 -6 49 17 -98 -43 -9 10 32 -4 -24 -20 -21 -77 84 -59 -95 80 -59 -43 -4 48 60 -99 7 85 27 -94 27 -39 -50 22 54 54 42 4 47 39 -73 -26 89 -24 -46 36 -90 -47 -95 -65 41 99 98 44 21 51 -69 -90 -73 63 -7 -27 -48 79 92 99 -47 -4 -71 86 56 92 57 18 40 -74 -80 -95 -45 5 18 16 47 10 14 -40 60 40 -75 9 75 -71 -27 40 45 -30 -34 76 -37 86 
47 -91 -28 -50 -27 100 -31 7 95 -84 -50 -51 -58 20 95 39 79 -70 -76 -85 -85 95 13 -15 36 58 85 -51 40 37 -70 -48 19 18 19 -18 57 -62 -91 -17 -80 21 -28 -15 83 95 -75 46 -87 15 17 81 21 69 -75 91 -58 -84 86 48 -93 16 59 -20 -93 -10 45 -76 -67 80 -46 -20 -4 -11 -87 -54 14 -42 -76 85 44 -45 86 89 58 14 8 97 -32 -18 25 7 39 72 -75 -71 78 -67 -12 -14 97 49 -20 62 2 -35 -9 -16 19 -96 12 -68 59 -65 -86 16 -81 
33 -82 -26 81 -26 -25 54 83 81 -74 30 -25 23 -76 50 -76 -32 -61 1 -76 11 80 -2 41 79 17 -30 17 95 15 -60 -46 3 -68 -12 22 -63 68 -54 6 -92 9 5 -36 96 25 91 4 70 -80 -73 -82 73 -7 -55 -65 53 -87 95 61 13 -59 -45 -27 -55 45 -82 -2 8 18 -98 41 -65 -59 -69 29 83 -40 84 -46 -37 18 19 13 89 -17 -100 46 14 40 32 29 96 4 37 13 58 88 87 72 22 -20 95 -89 -78 -32 -87 -16 2 14 -11 56 51 -71 15 -34 64 
78 84 21 5 -20 34 55 -20 66 -5 -78 58 89 59 -82 56 58 -26 30 28 -8 99 -50 38 -68 26 -25 -46 -42 -16 -96 -64 48 -100 55 85 29 70 39 -6 82 27 51 1 -53 23 -29 -21 97 -80 63 64 -92 14 90 -70 43 -35 -94 -27 -58 -53 62 62 15 -54 -74 -26 22 54 -6 -66 -80 7 -29 -99 -49 90 -3 81 44 18 70 -46 7 32 -45 53 6 67 47 -75 44 22 -41 43 76 14 55 -7 91 21 11 47 86 81 96 -26 -36 5 -51 -4 -80 -98 -89 -20 -79 
-84 50 -2 86 -13 -59 -46 -94 14 79 69 22 -67 7 -84 -58 -67 11 28 9 88 -22 -66 -6 -100 -98 -72 24 38 81 34 57 99 -1 5 -99 31 -34 73 81 -79 77 56 -9 -49 -79 29 10 43 2 -74 51 47 9 23 -57 2 72 -43 93 13 -41 -50 -93 -79 -16 -63 3 19 79 -24 14 -91 -52 -53 40 -61 -20 48 77 24 37 19 20 18 -98 84 35 -81 -96 -10 92 -77 34 53 59 82 87 62 75 -49 58 -16 9 76 76 -85 -38 60 -48 89 25 69 -36 -21 -100 73 
67 64 -31 -49 14 66 22 -88 96 -70 -80 -27 -49 76 58 41 52 67 -51 93 -75 21 -69 44 86 -36 -99 -98 37 -19 53 -7 -80 69 62 20 32 81 44 56 56 19 -99 37 -54 77 -39 -10 -22 -19 -64 96 39 -80 26 31 15 6 16 -88 -37 91 -89 83 100 -3 54 -84 100 32 -75 -96 -21 69 66 19 7 90 -14 34 83 -96 52 -5 63 90 -10 -73 22 -15 0 -9 -41 -64 63 -96 99 20 -39 -14 36 -72 5 -81 -1 73 -26 67 17 87 -15 82 33 -75 -74 -18 23 
41 -26 -34 12 -2 1 96 53 -76 -73 25 -95 95 42 -36 91 16 33 -38 92 -80 -34 -5 -77 -40 88 25 88 76 86 8 -2 -99 -42 -7 -12 1 -59 -18 -14 -64 -40 -58 -20 73 -98 -98 -30 -75 -84 -19 29 -82 -84 -4 47 86 -80 -14 -50 -19 1 -39 -76 97 -44 3 -50 17 -49 -15 -35 61 55 -79 -86 43 -72 3 -96 35 -94 3 52 37 -9 -44 67 -2 74 -54 -66 97 -26 -85 8 37 9 -49 -65 -17 78 -61 -88 -85 77 7 -61 -33 -58 -61 85 98 81 22 -37 -86 
-26 -75 58 98 -72 -46 -74 -48 12 28 16 7 -5 -88 82 -28 12 39 -34 6 -3 -56 -30 2 46 -17 88 -11 17 39 45 58 -6 -63 -6 27 -71 11 10 1 1 -97 -78 14 95 19 88 12 -6 94 28 9 -55 -67 40 -86 -15 -83 -74 -75 22 99 37 -73 -79 87 67 -29 -49 -98 -72 68 65 -38 -12 90 11 -52 -5 -87 -61 -31 -83 -37 73 89 27 27 -99 -40 -58 -10 -12 32 7 78 -36 10 7 84 89 91 -86 -8 67 -77 -56 45 -50 31 -82 -86 82 69 -89 72 -13 
-21 65 68 -42 20 10 39 14 -4 -33 94 -8 -87 26 -17 -36 59 -92 -10 60 -6 57 -18 -90 -34 37 20 2 65 -46 62 -15 74 53 45 42 67 -63 -90 -100 -86 33 -88 95 -86 -32 -74 23 16 -3 47 64 -29 -5 62 70 -42 -54 -88 -36 56 92 18 19 74 97 70 -47 -71 41 68 -40 65 -62 54 -21 -27 -31 5 -3 -42 83 82 51 -54 -65 72 -60 54 -25 -41 -60 81 -23 -95 55 -58 0 10 16 8 56 -9 57 73 -65 85 -96 95 87 -92 -59 86 25 96 9 -20 
64 -96 79 2 -9 -13 -9 8 16 77 -35 -72 -72 47 -26 19 -35 -94 -52 50 -1 38 -7 65 78 29 -37 -33 -79 86 6 -26 -36 -12 -51 -80 92 -93 -60 83 6 -26 -84 -68 -64 -48 10 53 27 63 -35 -12 -77 70 -65 56 57 64 -50 -16 100 -99 -8 69 -85 70 43 -17 -16 -48 46 -54 88 -99 36 -34 66 76 -51 61 -85 -7 2 98 -32 72 -24 77 -52 -34 -95 52 -96 64 42 -20 9 9 14 54 -69 -25 73 64 -11 -50 -21 59 42 -47 -60 56 57 -20 -72 -100 94 
-40 44 77 -35 1 -70 73 96 67 38 16 28 22 -89 7 -95 -6 10 -24 -88 45 -30 3 -92 -87 -89 96 33 98 16 69 -95 41 -3 57 -64 42 -47 -76 88 7 6 -65 -39 80 -70 86 -43 -91 -12 63 36 -57 49 2 59 77 12 -75 -21 15 -53 73 80 82 -72 32 10 -80 -78 78 -46 39 -76 81 68 -34 51 -61 76 17 -5 19 -48 -49 87 1 -61 -68 31 60 47 23 -20 64 47 -30 86 -54 -46 21 -65 95 76 1 -7 61 -32 89 -88 19 -20 -59 84 -97 -92 43 
10 -80 -84 15 40 16 63 -80 -8 76 66 -70 -5 91 33 81 -71 58 -6 -67 -26 99 -49 -10 16 -14 -97 -38 88 -100 1 3 -2 -70 17 20 -79 38 -91 25 -14 60 98 -87 -51 -75 31 29 -34 -15 69 -98 -1 81 -96 69 59 76 44 13 73 -56 -33 -83 26 66 -88 97 73 -73 89 -4 78 34 -83 -33 54 -91 -44 -14 -74 -82 86 72 42 33 2 -94 -97 93 -35 78 -50 -37 69 37 -8 -58 96 -1 -55 61 -90 84 35 17 40 -43 39 -78 37 -52 -10 56 15 35 -93 
80 25 -6 27 -6 -29 2 22 38 42 -61 94 62 -50 7 99 66 28 -23 59 81 -84 -68 -80 3 97 -15 -12 0 83 -69 88 -58 31 70 -96 -92 73 58 42 -73 -75 -32 73 -92 -51 -99 -50 -70 34 -3 -90 86 6 -13 87 -70 74 21 -67 -49 -26 -8 30 22 67 54 72 -50 -74 19 -47 -45 -42 -35 21 51 7 69 92 74 -100 76 83 31 -34 64 29 68 26 30 74 73 -31 3 -64 -42 72 -52 -74 58 24 -7 -51 24 -39 82 57 69 -43 4 96 -51 44 33 -35 -61 
-38 62 99 98 71 66 -75 47 -53 -44 -44 -11 23 81 50 36 -59 13 -47 -76 77 -19 -46 -1 40 42 39 12 75 -8 -45 61 54 -71 -41 -77 9 100 27 -3 73 -83 -28 -23 -18 -38 -24 72 -97 -67 -24 -13 -44 77 -54 -55 -45 37 64 65 -28 -8 -33 8 48 11 13 -34 -3 3 -72 66 -84 -74 -76 -70 72 94 -20 -100 -2 -60 -4 24 -56 -94 -70 64 -73 27 -84 -33 48 -14 -76 56 26 -70 -23 15 -60 -68 -9 45 85 -23 -70 61 61 82 -43 -6 54 -38 -97 -41 67 
39 -48 14 47 91 -86 27 -24 -12 -86 -19 90 -18 -25 -16 -61 -46 -68 61 50 62 46 -34 25 -46 74 -44 -22 -3 -67 52 -37 -30 85 76 58 -13 -61 -93 77 10 69 -37 -18 54 -63 23 5 -21 -20 30 -59 10 -39 -42 69 -11 21 -16 -49 -65 3 59 -78 57 -11 45 -18 -53 67 7 -48 87 55 73 -78 9 -34 26 84 37 -87 49 -81 87 51 -85 -22 -14 -81 -59 27 8 90 93 15 36 72 -69 39 35 -86 13 30 53 1 -81 23 -1 -1 -52 94 58 -81 62 -24 29 
100 -23 -79 -46 -58 -6 0 77 -82 61 -21 70 -28 100 95 69 -17 27 -85 4 -77 97 -84 -61 1 25 -30 89 45 -83 -28 5 39 25 41 -51 -63 -94 -77 92 -22 7 -100 -1 49 51 15 -32 60 -89 -56 4 41 -25 -86 -40 -52 95 34 -22 44 98 29 -99 2 83 89 69 53 4 89 49 -90 86 -54 60 -11 47 46 97 -29 -42 -57 80 -59 -98 28 76 -12 -31 -99 91 86 -13 78 -17 -3 24 -92 -58 -60 48 -83 70 -80 31 -4 -2 26 -59 98 38 -10 80 -1 69 -13 
45 -32 -25 -7 23 84 -70 -91 66 -88 -61 -7 44 -94 -4 -68 -80 55 70 -91 62 -30 -80 74 84 -52 -82 -52 -76 28 46 -77 34 -43 80 -3 11 -33 -38 -78 -58 82 93 78 30 64 -100 64 -30 81 55 -65 -65 66 77 72 -15 -37 13 -43 -44 3 -45 -84 -88 -74 30 15 -83 -13 -72 -31 6 -47 99 76 -45 55 -63 -32 -17 68 -95 36 86 -23 -69 98 21 -20 95 18 22 -8 -28 -44 33 67 -17 97 84 34 -87 -27 72 65 62 39 69 34 17 -96 -54 -86 41 -62 3 
-63 22 36 -73 -95 16 -42 -83 40 20 -67 52 -83 89 -73 -90 -55 -82 61 -97 37 87 -48 -91 46 -1 -25 -5 -31 -32 28 -94 -67 -4 -78 -61 -19 43 2 -48 -30 -84 -71 26 -36 -26 47 92 -59 13 8 67 81 -56 1 -87 -46 -78 16 1 77 62 -48 9 -3 3 -65 34 58 65 6 13 81 26 88 -90 -83 -82 -36 -77 90 -42 58 -40 -84 86 -38 -5 -24 -66 80 0 27 80 -15 -83 -80 -56 -83 98 -3 -53 -53 -35 52 -60 -63 -46 1 -71 -43 -1 -85 64 28 40 -12 
-99 9 30 7 80 -68 -48 -85 -42 -70 78 -10 -65 -2 -40 22 -18 -38 68 56 65 -93 -50 78 47 -93 68 -15 -1 -24 -91 85 -58 -70 -53 -62 92 62 -11 -94 96 76 -40 -40 91 38 5 47 16 89 16 29 86 89 80 78 72 -88 93 -6 50 -39 5 61 89 16 -64 -35 -64 -15 62 68 61 -54 -63 -68 -4 26 82 63 -80 -25 -2 89 -11 88 -39 -35 -39 -2 11 -24 80 -92 3 -90 14 -80 10 98 73 -33 -46 -3 95 -48 -56 -78 -32 -40 12 96 -90 71 -65 70 15 
-73 -3 -36 -12 100 -100 12 84 71 14 -52 -34 20 27 47 47 -52 -93 23 83 89 46 43 -96 -88 -62 -33 -13 -56 -19 48 -90 95 26 14 -13 -4 100 13 44 -49 -47 85 31 -86 73 -71 -36 23 -36 -96 -26 -69 -75 73 10 -10 -39 41 -15 39 58 -57 15 -27 -38 -14 -99 10 -74 3 30 16 57 -91 -86 -81 -96 37 -3 37 11 -55 -76 -23 -19 -67 -80 -21 87 -91 95 -12 -53 54 -46 -15 -96 -13 -80 -90 -95 26 57 63 0 -72 -84 -54 -47 -77 16 -25 1 -41 -30 90 
0 4 53 -22 95 -33 38 38 72 15 59 -34 26 -85 68 91 45 6 -22 40 35 48 -39 -19 31 68 -46 73 -24 8 -55 -17 84 6 -1 23 -26 -16 69 -80 30 -99 -64 -13 -20 58 -24 -63 -29 74 -7 20 24 -82 -74 -3 -94 -7 99 -75 -94 -71 75 16 -93 61 0 -5 -68 -45 -75 -73 70 46 84 -22 42 -15 -28 75 10 50 -13 63 -68 -29 77 -84 -18 -84 -33 -91 -4 95 96 17 73 24 -89 24 15 2 64 51 74 -50 -58 -14 -86 -6 -58 -39 -72 -54 85 -53 85 
-31 -55 -44 -62 6 8 -99 45 55 78 80 -1 -7 -52 22 6 -43 87 8 22 -86 -64 -63 -27 -50 -97 -96 74 28 89 35 -40 -1 -23 73 27 13 87 21 23 -38 56 -21 -85 -63 76 67 85 -7 -47 91 -82 66 75 36 20 15 11 -27 23 83 80 2 -33 -71 3 -57 37 68 44 -36 21 37 -84 13 22 10 -26 7 -37 -63 88 55 -94 43 17 64 -74 -17 -77 85 75 -43 -96 7 55 -49 43 40 -95 54 -5 -95 -8 -93 -3 -31 -31 23 53 -23 30 30 68 20 -69 86 
-88 -80 91 -48 53 -7 -44 -46 18 -27 42 96 88 45 -43 79 96 50 74 43 38 -97 -96 -94 87 28 78 69 66 22 -47 38 -49 15 33 -94 -85 -60 -73 37 -78 -90 97 30 47 -38 81 -60 -100 -3 -86 -90 -1 -40 -23 35 -97 -33 -69 2 -91 71 -43 -11 -68 39 99 76 23 15 87 56 10 97 81 79 91 -38 -17 90 41 59 -84 27 -26 96 -82 39 40 69 70 49 52 57 2 -4 11 1 55 61 81 -68 85 72 -58 -48 88 28 -1 74 46 22 92 -9 35 82 -22 
-62 -72 74 -96 93 -62 -80 -34 22 -67 -68 -8 -58 -53 -63 64 55 -10 11 -6 -23 -52 -56 53 16 39 35 -41 69 -48 -44 -23 -38 90 -18 58 65 52 -27 90 22 -80 -79 -39 -94 -54 72 -92 -54 7 -40 -23 -78 -10 -8 47 29 49 3 6 -13 -3 -32 88 97 34 -89 -12 28 8 13 99 -95 65 -51 -27 94 100 69 80 16 -55 43 -13 -71 46 -95 75 28 -34 19 52 -100 96 -96 24 -13 35 -73 73 52 -30 23 80 86 84 55 59 73 83 -71 -98 38 97 -7 19 57 
31 5 -2 -30 -25 -90 58 -14 19 34 -34 -48 -88 31 78 -49 -32 -100 -66 -25 -89 -91 98 -24 1 46 -79 19 65 2 -38 71 -83 -67 89 -54 -82 -85 -15 52 58 -41 -77 50 -99 -36 -70 32 -29 67 -71 71 75 13 15 0 -57 43 -28 39 42 68 19 74 -34 -29 -5 31 48 -68 -63 -42 93 -57 65 17 90 -69 -99 35 28 78 -24 -60 90 -10 -61 -65 -69 -81 84 89 -48 12 36 95 24 -69 97 -100 63 32 34 95 46 35 48 -12 20 4 97 -46 -75 72 -36 -31 -16 
95 -21 -91 72 -63 86 29 -22 9 80 -83 10 -24 63 -28 82 -48 -41 66 -70 9 21 -67 -92 91 -91 11 16 4 -81 9 -67 -35 -84 9 9 100 -90 -45 65 -77 -89 -67 -22 67 -31 57 47 -63 -55 -71 73 -93 64 15 -73 -15 -63 1 66 29 -90 21 -67 96 -78 -91 -71 84 86 21 -47 -40 7 11 -80 94 -93 24 64 69 -15 53 -13 3 -94 27 -96 43 56 -9 -83 63 -60 94 23 -51 -19 -61 12 11 -76 -76 91 32 -12 54 39 21 -45 -6 77 -2 16 59 78 54 
-64 46 42 75 7 46 32 -7 31 -7 -95 -59 -7 42 -19 26 -34 55 -32 -72 29 27 10 76 -62 85 81 -44 -98 100 37 34 83 -85 42 21 -57 -50 -16 78 89 -67 17 -89 82 -64 -39 6 3 98 39 11 40 -94 22 -3 6 36 -41 80 75 -33 69 57 -60 93 -92 -53 46 65 92 -71 24 89 -11 74 82 -31 -23 31 -86 -45 66 52 23 17 54 -68 -54 -60 70 -49 -32 82 -34 -25 70 32 59 -91 -68 -77 1 -2 -58 -77 -90 -4 33 10 62 -10 83 -83 -60 53 -53 
31 -29 -60 -90 -51 -99 -38 31 -33 63 -28 37 -29 -97 9 -1 -35 -45 -70 -8 58 -65 10 -2 95 -94 43 -84 -94 94 -85 -44 -93 71 43 93 -59 -72 -56 -86 1 28 75 78 -35 87 54 56 -87 -83 89 -67 -39 92 -43 -3 -41 67 -86 63 -33 65 27 92 -8 -10 -22 -4 56 -16 -87 92 -42 -50 14 57 67 53 56 -65 79 73 38 16 -78 28 -94 9 28 -38 55 68 -18 73 50 -6 -94 -87 16 -80 -53 -14 -59 14 -28 -92 -43 48 -96 -35 95 5 -33 42 91 27 -48 
-81 -40 86 30 -10 -76 -20 84 -57 -58 -27 -95 -57 -38 85 -98 33 -69 -68 96 -29 -12 57 -87 -42 70 94 -39 75 31 -5 -87 61 -63 96 79 67 94 -96 92 -19 -31 11 -33 -80 24 -35 -74 -60 -21 66 24 55 -48 -35 -96 85 -44 76 -46 -4 -14 -82 -72 13 89 65 -21 -6 -25 44 40 61 -12 76 47 10 -72 73 -54 12 -62 83 -79 95 -96 -24 92 98 -98 26 -91 -61 -72 98 -28 -61 39 -89 48 57 63 -55 91 -100 -59 -27 -77 -68 88 41 76 100 -89 82 -88 -29 
-23 -30 -93 -68 -55 71 69 -67 82 41 -17 100 68 74 6 -17 60 -20 80 -40 -34 7 -93 11 -77 62 5 -69 4 -21 65 -32 -9 15 28 -29 49 16 -60 17 100 -74 -84 -70 61 18 -9 93 54 -61 -51 -26 -43 79 34 -81 86 -75 -53 -50 -49 49 50 68 40 -6 80 55 71 22 35 20 4 -14 12 30 -98 13 -58 60 96 -55 -80 -98 4 -56 -25 -62 -16 -41 -88 -42 12 24 -57 -68 -77 23 -35 -73 0 -48 -72 66 92 45 -40 35 87 17 45 13 13 -11 -11 75 -28 
62 86 -31 -88 71 39 22 78 -8 -57 82 -4 2 12 -68 -81 -28 -21 82 -98 -66 73 0 -79 -62 9 97 -71 42 -28 -55 70 96 67 4 37 40 96 -56 -46 60 -61 -58 19 -5 -6 87 98 69 -88 0 12 13 59 19 6 7 -94 -31 -23 -26 76 -57 -49 -91 -37 45 -33 -33 -49 -22 59 -44 -56 -46 27 -51 31 -89 97 -79 -33 -47 73 -45 -47 95 41 20 -66 -83 0 10 59 -15 55 22 29 -3 8 -32 7 73 -18 58 78 -51 -6 -11 -4 87 11 94 -42 -42 38 47 
2 -93 -34 98 39 -43 -33 -9 -23 30 -67 -9 -21 -5 -66 75 50 59 81 51 63 -26 72 100 20 -90 -24 -72 -3 2 -66 10 -98 32 -65 -37 28 44 -87 69 -37 53 -36 71 3 8 -56 -66 -29 -92 67 -34 -78 -98 -77 95 44 -12 12 62 -64 69 69 -27 -14 42 -84 -13 76 -77 98 -91 89 4 6 -55 -30 -16 44 -85 -2 43 93 4 -6 82 27 7 12 24 -80 -62 -89 -93 -24 25 -24 30 -27 -7 78 -52 86 -72 -27 -14 -74 -72 -53 -38 -51 -45 99 62 -74 73 -14 
12 -22 -73 25 -9 83 96 66 47 -92 -88 28 100 -70 -1 -2 26 -2 -14 62 76 91 43 3 83 -17 -76 -55 70 -83 79 60 32 11 -40 82 3 4 -94 68 -96 -36 -26 43 -69 -84 0 -46 82 -58 62 -96 2 -42 -26 77 63 79 -21 -96 73 15 -25 49 -85 66 26 72 17 12 37 63 -14 3 16 16 72 -64 42 68 -88 95 93 -46 78 -56 44 -12 -81 29 -26 31 -75 67 -92 -45 82 -67 37 13 36 -47 1 -29 87 59 74 6 41 79 96 -74 48 -68 38 -81 86 
97 -43 -93 56 -50 -32 45 -54 25 -75 -12 19 -67 13 -53 -54 30 52 -89 25 85 -83 0 14 52 65 -72 -44 5 8 -68 62 -80 32 -34 98 -65 46 3 86 -73 34 -83 -78 83 23 -31 -50 3 -47 25 31 -5 -9 -18 26 99 -60 40 4 -43 71 22 95 -10 -68 79 -4 18 -24 -35 -41 47 -29 -70 -57 -13 72 12 32 29 -57 -67 -30 41 48 -89 48 45 44 -85 12 -3 -80 1 8 92 55 -48 22 -13 -20 45 33 4 -35 -51 -57 -75 98 -20 25 -92 -20 -14 22 -69 
65 -53 30 -73 71 -40 -85 -93 -23 -41 22 8 5 -84 34 -47 52 -92 -24 -50 -28 52 -18 -81 -67 -20 -92 70 -74 90 -66 -12 -41 -66 -19 49 65 79 74 61 -57 28 92 40 -73 -16 87 -82 75 -35 21 75 -57 7 91 -80 -79 94 -41 -28 -32 89 49 -100 -16 92 -2 -77 -52 29 -23 68 -3 35 -26 59 40 -71 62 46 48 41 78 -82 23 4 82 56 -69 8 -73 34 -33 73 -14 -42 19 98 42 40 80 -33 7 -61 -59 45 23 -46 -51 -48 35 38 -45 -44 14 -85 25 
6 -49 -16 97 -66 -34 -14 -38 79 11 -67 -8 43 -88 17 -82 -70 46 28 34 37 61 -87 90 -94 73 -40 96 -17 99 50 -60 -57 -33 5 -97 83 -2 51 34 28 59 -51 -95 72 -81 79 70 -72 -17 27 27 -43 36 -8 34 -30 -34 22 -95 55 86 79 -26 -19 95 -65 -15 -72 68 -64 -71 59 36 37 -65 95 98 26 -69 67 32 -90 -6 26 46 -90 77 -76 -17 60 90 -41 -63 24 -38 26 -99 -69 -23 80 -7 24 -43 84 82 88 -22 -14 -77 -33 -26 -79 32 -76 -44 59 
-49 -45 97 26 69 67 -95 27 74 -63 69 63 23 89 -64 42 4 61 26 0 -91 -61 38 -47 -72 -99 76 5 64 13 1 40 10 50 -63 -18 -88 39 89 -42 16 -26 9 69 86 -21 -97 80 -34 -13 -38 33 10 -96 -51 -52 3 63 -20 -15 56 10 50 21 -55 76 -36 33 -91 -97 43 -100 57 47 15 -32 -56 -31 89 77 11 84 77 12 -79 97 -64 93 8 -85 22 82 -100 55 67 -91 34 -30 91 -73 88 -27 22 54 65 -70 60 66 -62 72 4 -53 33 -48 -50 -5 -71 
76 75 -9 -76 7 -79 30 -94 76 -82 38 84 68 37 -48 -15 30 23 -70 35 9 -66 -96 -52 83 16 36 5 5 23 27 70 -89 22 -77 6 -23 38 -84 -32 -53 24 -20 80 -27 2 -35 94 29 19 -57 57 66 86 -28 -71 -43 40 -22 -41 -8 -48 -72 67 64 -44 -86 -78 21 -50 -69 -30 -83 5 83 18 83 19 72 -60 -3 -45 -97 82 -40 49 25 47 -95 57 45 -18 -52 78 45 77 17 -54 79 8 6 -50 93 5 -88 -24 6 51 22 -26 15 50 83 40 39 -34 -89 
-50 -49 28 -12 81 49 -76 -87 46 7 64 43 57 4 -50 5 58 42 76 -1 -62 -71 40 -56 -90 1 -10 15 -10 75 -48 11 -56 -86 80 -70 -64 88 80 30 100 -50 77 -84 99 -98 -71 65 39 3 17 84 -95 54 -50 -57 43 89 44 -93 27 36 33 36 -24 29 -86 89 45 41 -20 62 -75 -39 66 62 -79 -96 -98 7 68 17 -51 -82 -56 -14 -91 26 -90 -27 -83 -31 26 7 -97 -45 83 -79 -15 -72 16 -41 -51 -13 -85 73 -49 -57 34 64 -12 -93 74 97 -1 -5 -8 
10 11 -4 88 76 -74 -82 65 27 91 -72 -89 -83 -51 -94 50 13 87 74 91 34 -79 41 -25 -91 -55 -97 -12 -54 -100 41 -18 92 30 -46 34 73 19 -54 -23 -27 -70 -58 34 65 -27 -28 -53 24 96 66 26 -70 -9 27 18 -84 -52 91 -22 6 68 -95 -96 19 85 -46 -96 94 22 -14 -46 -57 -91 53 72 93 -85 -88 75 54 -98 -96 -98 39 -9 -84 -34 61 62 38 -74 7 2 48 77 -75 51 23 42 55 -74 29 -48 -27 65 6 -79 -57 69 -77 42 90 -81 -28 56 -79 
62 28 36 93 64 97 51 -85 -94 70 91 11 -59 -52 39 52 99 54 98 49 96 12 -62 -3 -90 22 -67 -73 -9 57 44 99 -72 -42 85 60 -43 28 66 21 47 -8 -75 -25 71 14 -22 49 80 -5 -52 -38 -68 -41 -27 -85 70 32 53 98 38 -58 74 -66 -65 -21 -34 -14 45 -30 -56 15 -30 81 -60 14 -10 70 89 -27 55 -74 -1 52 -36 -79 -83 -11 -91 21 66 -2 -63 -72 43 27 11 91 -10 -52 -19 30 7 -73 9 -32 -83 -78 11 86 -19 -92 19 36 1 -56 -22 
4 95 -64 62 -5 -85 -33 0 66 29 72 85 -56 -93 -34 -14 62 18 94 -43 -81 7 -89 48 -7 7 37 -89 15 -80 26 -90 -52 20 19 39 10 -18 9 29 -27 63 -15 43 82 98 41 3 18 17 74 73 -52 6 -14 98 -30 -58 34 -12 35 59 -78 -2 52 47 -92 -56 -69 60 11 -22 -24 40 -66 -15 85 78 -53 -51 42 43 -86 46 -78 -59 -75 37 2 34 -81 -76 46 -37 -53 -95 -36 -9 -40 -40 61 83 21 46 20 7 46 67 -55 -22 -20 -36 -22 100 8 -85 25 
-51 36 -91 -10 -60 100 0 7 -94 19 40 0 38 50 -71 -83 -78 7 -86 56 -95 63 91 -6 -28 -37 -86 -76 -29 -10 -69 52 -11 -99 -20 38 -78 69 -43 -14 -54 91 49 9 -33 4 -80 -70 -74 76 -79 -94 76 24 89 -49 -72 -53 29 9 -33 93 -83 -31 69 -43 -19 -19 81 53 -90 52 -91 -49 -43 33 30 -38 39 -62 -68 -66 84 -51 -77 -48 -95 -13 80 -77 -3 50 24 -74 39 95 -50 -88 -30 0 43 -33 61 24 9 89 -67 12 -69 -84 -89 -5 -28 55 -47 28 46 
-87 -36 51 44 37 54 42 -16 78 -84 -98 62 -10 82 -76 50 -89 -84 -78 22 73 -60 -25 10 -70 -75 95 -47 26 -33 40 72 -75 37 -39 23 58 -80 84 -16 -23 -57 4 -52 25 94 -84 -60 -23 23 -80 71 55 -75 -65 -60 -92 91 -61 28 17 37 43 -41 -6 -100 -83 -45 -52 -74 -83 -83 37 93 -18 -74 -79 -62 -99 -19 44 -1 100 -51 -71 93 -35 -85 -84 -49 31 -60 26 36 -8 4 58 -57 65 45 -5 -99 76 7 -92 -3 -28 21 -27 -78 26 6 -11 28 -88 5 70 
55 -24 -89 -30 -28 -89 -88 -64 -90 -53 -81 -6 63 -58 -13 34 47 -72 3 -37 50 90 -40 44 93 -93 -64 39 49 87 -73 74 83 -68 31 -25 29 19 8 -85 -95 -45 -93 87 57 26 26 -61 8 -14 91 33 32 51 10 -48 66 -82 68 -20 74 -6 25 80 70 22 72 18 70 -7 -18 -89 56 -43 -88 68 -93 52 -86 62 -3 22 -28 33 -29 95 5 79 100 67 -59 -93 85 -40 -80 95 3 -1 90 -70 77 -45 63 50 91 73 -82 -41 -36 -3 -4 -82 -37 71 -41 -3 -88 
46 -25 18 -19 95 -71 93 63 92 33 1 0 89 -81 95 59 -73 68 -20 -35 3 -76 -11 12 80 -56 94 -48 -31 -8 80 -19 77 68 58 -47 82 -2 34 50 -14 22 -92 -58 27 97 -34 -14 27 -3 -41 36 65 11 -38 -4 -35 -78 -63 -73 23 61 -12 -45 14 -86 -49 58 77 41 -28 92 17 -73 99 -63 98 97 97 53 10 -79 51 78 43 -63 53 -23 -96 53 71 17 44 -85 -76 24 51 -4 69 -31 -79 44 48 12 50 -31 -39 20 1 -43 -76 -3 -70 -8 4 96 70 
-15 1 -61 -34 54 -52 -17 -60 22 -48 -37 -68 -1 88 100 0 -38 15 -84 -73 -66 69 30 -66 -70 -95 85 -2 36 -4 -33 -20 24 -63 41 53 88 -34 15 -38 2 30 47 71 -79 -84 31 -8 34 52 -69 -5 31 -2 -15 48 68 23 -3 60 40 -94 -63 39 28 -50 -48 18 -23 86 -64 49 25 71 -80 21 -80 5 30 -4 -47 30 19 41 -66 87 -72 58 -23 -19 54 -27 63 -44 47 -53 14 -11 50 -91 -69 98 -52 -12 88 -40 60 -66 11 90 -6 -96 -68 71 33 -73 -9 
-11 72 90 72 29 -32 56 77 -69 -48 -38 -19 -40 -7 66 -9 -94 -20 -22 86 56 49 34 50 -75 60 3 21 67 94 -19 -83 66 -92 80 -64 20 93 26 -46 -40 -12 -44 -30 56 -1 -58 30 51 -31 -52 -21 -1 90 3 -20 49 -86 18 16 -2 -46 33 -42 -29 28 -50 -17 98 58 -82 -29 -61 -75 -64 75 -21 17 -14 -17 99 67 24 3 -48 79 60 -43 33 59 37 79 0 43 -86 -60 30 98 -50 28 -76 36 -56 -39 -47 54 -99 -25 96 82 94 27 -79 -44 -35 -92 95 
66 85 79 -81 23 84 91 -23 -8 52 83 54 95 -81 -40 -74 58 -75 -16 -55 -22 -39 -29 -61 -70 60 83 -100 52 -5 17 5 -69 -12 2 46 45 -87 -30 30 -63 -33 3 1 12 -40 24 -11 55 -81 -3 90 35 -63 -66 89 -54 75 -27 -37 -87 95 93 -2 51 -68 21 0 80 9 21 -30 69 -76 34 82 6 -9 50 -85 -5 -26 89 -4 14 89 -31 -50 -40 99 -89 -14 37 -5 79 41 65 88 74 12 42 50 1 -4 88 -58 -18 96 19 -45 -52 41 7 66 63 -12 60 
-43 86 -35 -20 35 -18 -100 -29 -68 12 -68 -54 -1 -50 -65 75 34 -82 11 15 -9 47 -31 99 -94 -54 -51 89 -74 -55 -100 -22 -10 -20 13 34 42 59 -99 91 -47 87 8 -73 -12 3 57 -9 -83 94 51 -26 -92 -69 -70 -58 10 -7 52 50 48 -69 52 12 91 81 -51 -62 -68 13 7 13 -20 54 -41 6 -42 45 98 -97 -86 52 -96 -47 58 70 83 84 61 7 -74 -40 23 5 38 34 -67 -48 37 -77 -87 12 -71 -83 -75 78 -70 -69 -10 40 -52 24 59 -12 46 1 -56 
90 -97 52 -31 -60 -46 -42 23 -97 98 -95 65 -83 -93 47 22 -44 40 2 -27 63 21 -39 -60 1 85 -52 25 57 51 5 78 -60 -45 83 -28 34 -27 -27 -47 6 -90 99 21 -77 25 2 -10 -97 -97 99 1 44 78 88 77 76 -23 -90 70 25 -66 -2 48 -41 20 45 47 -55 79 -37 -51 64 -2 -65 -77 45 -31 -83 9 -13 45 26 -75 -97 -16 58 24 75 77 -24 -31 19 22 -48 -61 58 -57 -79 65 -36 96 14 -54 -49 -77 -58 96 -30 -26 -42 31 -83 -5 94 -19 -57 
-9 -6 -61 -49 -6 -98 -9 21 34 -54 11 -13 -3 -45 39 -58 42 51 49 63 87 -76 -90 -25 98 15 -93 30 -85 53 -70 90 -100 13 49 -21 -43 -59 -48 14 -91 20 70 28 -40 -4 -36 -22 64 6 15 33 -32 -1 3 83 -70 -66 -75 -39 2 49 -45 45 -21 -2 -83 62 61 -47 -34 74 -4 61 52 -85 18 -32 -98 -49 64 -82 -8 -3 -25 49 19 9 -61 2 71 81 70 -45 -72 -73 85 -79 79 -93 97 -35 -27 -38 -26 65 -47 -29 69 88 -94 -33 100 19 20 29 75 
-60 73 45 11 13 47 95 61 -72 -90 -86 -81 66 100 -71 19 -7 60 69 49 38 -36 -7 -40 -52 -8 -97 79 55 -16 -35 88 11 -4 75 19 35 71 3 -60 36 37 -89 -56 90 -5 58 49 -91 -31 -56 75 -26 -95 -15 31 5 -99 13 -77 -48 91 -40 -82 -87 51 -70 -59 76 72 -68 12 0 82 30 -75 11 40 -14 -88 -31 -14 -50 48 13 -28 -2 27 -18 -41 80 -76 18 -22 27 48 -13 -82 29 59 27 10 23 73 -25 44 -57 83 17 -18 -29 62 82 79 32 88 87 
-31 -27 27 25 72 32 -27 77 -86 -93 -49 -14 64 -44 49 22 -89 -6 84 33 31 -50 -21 46 -65 21 33 98 -97 -87 81 -67 -39 -76 -7 -72 -80 8 -17 91 34 -19 -11 -70 74 -30 -92 21 -28 -51 89 -15 -95 -90 58 -48 -59 -11 41 35 19 75 -41 -85 64 43 82 -94 -5 -71 30 35 36 96 -22 14 -28 58 -75 100 10 30 37 -87 29 -53 -80 -15 10 95 13 25 19 43 50 -58 2 31 71 39 29 77 93 85 -47 48 -30 90 56 13 80 -72 6 -56 -87 83 19 
-30 55 -45 -88 -33 -57 44 18 -89 7 96 52 7 -41 -39 -39 -81 -45 -86 -36 -19 68 8 6 -35 93 -52 -8 -49 -80 71 57 56 1 -35 -29 -47 -98 -38 -41 -19 58 -27 -45 99 27 83 -86 -95 64 68 -27 77 -46 -64 27 -73 4 31 -39 -33 -38 -81 2 -90 -28 74 -51 3 14 -14 -81 80 -59 -75 -81 99 64 -60 42 -49 92 -26 -51 -83 54 26 -47 51 -54 3 40 -23 91 63 13 31 5 -22 25 -31 -65 -84 98 96 5 -40 82 -90 -31 -61 86 -12 -87 48 -84 -50 
55 63 37 -58 48 -12 -66 -26 93 74 -73 6 72 80 -24 -72 -100 40 -60 98 -6 -7 -85 57 8 -73 22 -91 81 -17 -34 16 -84 -32 57 -11 93 18 73 -59 46 29 -63 -35 74 -84 49 -68 75 48 -99 66 -47 -37 56 32 -54 -48 -6 35 -88 -79 -38 -82 88 -19 56 4 -11 66 -14 -20 -85 59 85 -46 -12 -24 86 61 -30 87 48 -94 -35 -1 4 12 -10 -46 -3 12 -65 -71 68 -19 64 91 91 70 -37 42 36 -88 -33 -49 48 -22 53 81 34 -34 -85 32 35 -18 52 
-5 60 -89 54 -56 5 90 -62 35 24 -73 43 -3 -26 -44 -43 69 17 41 -29 96 -56 8 -48 -47 66 -80 47 41 -57 23 -78 -6 -17 46 -15 -32 -70 32 80 -67 91 -97 85 29 -25 -15 -12 63 -33 -21 -23 32 86 59 43 -51 34 46 -54 38 76 -46 -27 -27 27 -8 61 -53 -8 51 1 -96 94 25 11 -66 57 24 -13 47 2 -12 -80 38 -64 -19 -23 73 80 6 -46 -26 66 6 81 39 10 6 -50 -82 67 -72 53 84 84 66 8 -69 77 71 -25 -82 5 41 10 -23 
29 25 -33 -40 -17 31 -22 -83 1 -65 -38 28 1 -66 -8 -59 -63 -40 72 -93 -52 22 -22 81 70 19 -16 -47 -8 -19 -9 -78 -60 14 4 100 -36 90 75 -82 -98 37 -29 63 -5 37 90 -44 76 -12 -80 68 41 12 -21 -36 54 67 -90 -41 28 69 91 1 64 -55 -97 -92 23 65 33 7 77 -43 -48 70 -93 2 -75 62 39 -99 -22 25 -39 15 -71 -58 9 -98 -95 67 -24 22 -58 -31 -6 -50 -32 7 -15 66 22 19 -38 7 -6 95 53 -78 -66 -60 85 82 50 87 0 
79 91 -85 78 -15 15 -72 -57 29 -67 -10 18 -28 -77 -1 -64 -14 99 43 -88 25 36 -20 41 -89 -96 60 -3 62 15 -46 88 -22 -31 11 -1 6 93 -65 -92 82 43 8 -44 24 17 -61 58 69 -27 7 63 28 -81 53 -33 37 83 12 95 -18 54 -32 7 90 92 26 -95 41 19 62 99 9 -5 74 -87 -61 48 -80 -46 -54 -61 86 34 -20 53 5 -40 -10 -92 35 93 57 -39 84 -94 -89 51 -4 3 27 35 -30 97 -10 5 -44 -64 18 50 -11 -17 1 -87 -65 -71 42 
9 -2 74 -31 53 27 -5 -8 -64 -7 37 -41 -63 20 72 -53 44 -61 47 -82 95 -85 73 -85 15 -22 -80 -3 -72 -39 59 26 93 11 47 -46 38 78 -5 -35 -87 76 74 50 19 -38 42 74 -26 60 -55 37 90 -89 -12 22 64 -68 -11 -26 -52 -83 -41 54 -56 -52 47 46 53 -43 50 -57 -89 -57 -21 63 -77 -43 -8 -76 -99 -49 28 42 -52 -36 42 34 58 36 65 84 82 67 95 56 6 -90 -69 41 13 -32 22 30 33 67 -11 -58 14 -58 28 -19 42 -55 81 -65 66 
10 -38 67 64 -14 43 12 20 -56 97 23 25 -93 -47 -74 56 99 -11 -5 -74 0 90 72 -35 45 -74 -83 0 -64 16 -86 60 12 80 -83 -1 25 94 -41 -34 78 91 -44 26 45 24 8 -18 96 -32 22 50 -73 -73 41 40 47 -86 -63 43 58 -37 -100 87 -1 72 -93 40 -36 -82 63 95 0 -37 -85 -84 2 71 8 -9 -9 67 57 -100 65 49 91 -98 -44 10 -22 -30 -83 72 -47 81 77 51 -70 54 66 96 56 57 -20 7 -34 -91 -70 62 -4 -53 -63 42 60 -63 -17 
32 96 -53 0 -50 -29 -87 -86 -66 -66 -19 -88 -76 81 48 62 31 85 7 45 65 72 -20 -9 -37 -58 -48 6 -67 67 -71 -14 -12 -32 6 75 87 -89 -8 62 66 -52 -72 36 -60 -15 95 46 -53 63 24 60 48 -4 -62 -32 21 51 -55 45 -85 -51 92 -45 67 -32 -27 -21 5 51 34 -63 12 -67 -100 -81 62 17 -88 -13 -20 29 -34 -39 2 36 93 74 -76 66 -43 -7 65 36 46 4 -77 15 57 89 -29 -69 53 -52 -44 -72 17 -24 -77 63 -14 -30 -49 -17 -88 100 51 
-31 75 16 90 9 -3 6 93 84 -24 3 -63 62 -52 22 -100 1 -95 -80 -44 98 -18 30 65 70 35 -34 12 -54 -68 -84 90 44 49 -79 80 -10 -16 -60 7 53 50 2 -46 -68 -75 51 -46 78 -56 -1 -16 -27 52 -92 52 -51 22 -84 14 -15 2 -49 -53 -85 93 -32 -4 -52 69 -49 79 0 84 -13 17 -46 14 -8 6 -22 -55 -76 -58 9 -22 11 -81 -45 66 -94 -12 -95 44 27 -99 84 -39 -83 -100 11 -47 45 38 3 -10 -24 78 -89 -19 -95 37 -45 -57 72 -69 -99 
-12 43 53 -74 -66 3 -92 -22 -84 8 -27 -69 -36 60 -87 95 -59 92 25 13 2 -54 44 -3 1 62 52 5 -15 19 49 72 -61 -25 96 51 95 -27 67 -33 -81 -54 -38 -45 -66 60 37 18 -58 0 -70 -5 -23 -40 8 83 43 -27 -80 -29 41 -83 88 15 52 -74 -11 38 54 24 29 96 5 -7 -40 54 -43 -32 14 -99 -49 -98 77 91 -53 -77 19 -67 -74 0 -55 -75 -63 -50 60 62 -80 67 41 -83 -6 -26 -50 -77 9 56 -35 -47 -60 25 -46 34 42 -8 92 -89 -15 
-26 -84 -58 10 -97 52 -55 -8 -55 82 57 -37 -7 -71 52 99 43 24 -56 -71 14 69 -55 48 -12 -5 -70 -22 -70 86 64 63 -27 -20 17 -6 85 7 66 -24 -87 25 94 89 76 -19 70 -68 69 42 -94 24 80 -58 8 18 -1 38 49 -60 6 2 -44 -14 72 28 -74 50 -73 -100 30 24 -44 -72 -22 -6 78 -12 54 7 51 33 -92 66 27 -51 42 -2 18 -90 -48 -33 59 -63 80 -29 -82 30 -47 -33 63 -82 12 -77 -9 -65 42 -48 51 42 20 -53 -28 -82 -99 -89 52 
56 -62 72 -38 11 79 15 56 75 -23 -12 -89 32 59 -61 41 -26 -9 -45 39 -68 79 12 42 19 85 99 37 -61 29 -78 -88 -88 -38 91 -49 21 -93 -60 37 91 -69 0 -76 -73 -51 -5 35 78 47 6 49 64 38 96 -65 -27 -71 82 42 -40 -28 -94 48 -57 19 50 100 60 -68 -67 62 27 46 -69 -15 -94 7 34 -13 -83 4 36 69 -94 -7 -92 58 -21 -97 38 69 85 81 13 67 -48 -18 -22 -13 -100 81 -11 -80 79 -58 61 -69 42 -76 -94 98 -76 -48 69 55 61 
-37 -13 60 -7 -27 29 7 -100 7 -10 82 82 -90 -35 59 -23 -60 21 -99 60 -50 58 59 -95 50 90 3 9 60 -13 -68 56 7 26 -35 0 -91 66 91 -57 -24 50 -98 -55 69 -1 55 -91 -66 17 -27 -30 66 -6 56 74 -63 -33 97 71 19 -49 -4 22 -79 -18 -51 -59 68 99 -25 -70 67 55 -82 12 -54 48 82 -36 -51 89 -81 -97 0 37 79 -92 -90 -52 -14 31 -17 67 57 -78 21 -95 29 -29 -30 -61 27 -85 -82 44 -89 57 -74 -51 97 82 61 4 38 48 99 
-20 53 82 74 96 -54 98 28 -17 -77 -41 59 57 -61 -4 -89 38 -6 -81 4 44 38 25 44 44 45 -4 -29 -24 -2 -23 -4 -49 85 25 97 88 -37 94 -34 88 -51 36 87 -8 -84 93 -74 -9 54 26 78 69 -3 5 9 -81 60 68 -63 -25 60 44 -50 -94 -17 75 -8 -58 -91 67 -67 82 -5 -60 -95 42 15 6 34 64 -20 -99 -61 -54 -27 13 14 -60 -90 -98 9 -97 -6 54 -94 -50 -55 -71 63 81 80 75 16 -100 -40 89 52 2 87 -69 41 37 -65 39 74 92 
57 -6 45 -3 -87 -4 -42 -62 30 96 88 -50 -46 -30 44 -13 -10 -11 -33 -81 92 40 -22 24 96 -26 -34 16 -49 67 54 -47 -99 -71 -6 91 44 -44 -72 -60 36 -2 -83 -35 43 36 -78 74 48 -24 5 -55 97 -85 68 -41 -12 45 -71 -32 -38 -13 24 59 -9 -41 67 -71 -87 98 -38 -20 -61 54 -74 77 67 58 -9 -10 36 58 -50 3 91 51 -6 -40 51 -27 -87 -82 -13 -77 91 -21 -92 -37 89 -86 40 -74 55 -19 80 -93 81 83 35 5 -16 -28 -93 35 -4 7 -48 
-13 61 86 -75 19 86 -19 -87 7 50 -1 -38 -35 -88 43 -61 87 -14 27 44 -36 97 42 72 -68 -2 -91 59 -1 -81 -35 3 9 44 5 62 -50 -54 45 -17 15 -81 98 56 79 -78 95 11 -53 77 88 38 -81 36 35 -86 0 -7 -65 -49 54 -78 -64 5 66 61 -38 29 -38 33 -60 76 -55 -96 -9 24 -65 -13 36 91 59 24 15 -7 -50 19 19 51 85 -70 -14 -34 -75 -85 11 -76 34 -13 -8 -42 -34 -96 66 -14 -46 20 35 -38 62 8 58 -4 93 -38 45 59 34 
91 53 -57 -86 89 42 -40 37 -17 89 -81 25 4 -9 50 -81 81 94 -28 -30 0 36 63 24 -71 -71 -4 -47 -99 79 23 71 -12 23 -6 55 -83 -69 50 12 84 -9 43 75 -52 -9 60 30 -40 37 25 21 -36 -72 -47 33 25 -57 70 -30 41 23 -74 -7 13 28 44 56 -79 -86 52 50 -3 16 17 83 -16 -12 -46 -57 46 -53 14 -3 12 -99 -57 12 -96 22 -15 21 -89 99 -96 -25 20 -35 -45 4 28 -64 -6 -73 -62 75 71 28 83 -80 -65 58 97 16 -34 -83 80 
0 16 23 -43 7 73 -77 -7 62 -81 -24 -12 88 -1 94 37 -46 41 26 29 28 6 93 26 16 90 79 -13 -87 54 -68 -18 72 83 -88 98 -28 -31 -37 -88 56 68 87 -30 -48 6 -9 -43 87 -10 -71 -14 94 75 8 6 -81 17 37 -53 33 27 -62 6 38 -24 58 -45 -31 -48 46 -42 -94 -16 -41 -68 -12 -74 -27 18 -60 69 0 13 64 26 -47 -83 -51 -89 10 -49 -87 55 21 44 61 -83 -60 74 -16 -56 26 38 10 21 -12 -96 62 -87 -86 -25 97 20 -73 15 -59 
-71 37 30 39 40 -46 47 -22 2 8 28 40 -80 61 44 -60 -36 -88 48 -36 70 -69 31 62 3 -62 -10 41 82 -1 -44 29 -97 75 56 -8 -83 -22 79 94 75 62 6 -57 -48 -9 -49 -45 -6 9 -26 34 -99 -77 33 24 74 -80 44 -5 -52 -50 100 -58 29 -54 -89 -60 -73 42 0 49 -52 72 -84 -22 53 12 -44 46 90 -81 77 -80 72 -19 72 34 6 65 -60 -12 -65 -64 39 -15 -33 -40 54 56 -2 94 -70 55 -89 -64 1 -8 4 -65 -12 -11 64 92 92 -42 21 
59 -35 66 -40 -33 37 89 74 31 58 28 61 87 -26 -90 6 -73 55 -91 -57 55 27 -87 48 -28 24 26 9 35 10 17 49 88 61 48 70 64 -97 -83 -96 40 -64 -85 36 -47 13 -43 54 29 -35 44 -91 96 90 79 21 -76 -72 73 95 -37 96 33 37 -37 17 -32 -64 -93 -70 76 3 55 31 77 44 57 -20 39 -82 -100 95 18 -9 34 72 85 73 -26 -19 -67 99 20 -40 -58 88 -22 -18 53 51 39 -52 60 -93 -84 -47 -4 -96 -61 -99 27 18 -36 -9 -90 -20 64 
41 -58 59 -94 13 61 20 -77 -13 -51 -24 -7 37 88 23 29 -48 77 -26 15 21 17 79 35 68 -51 8 45 90 -93 6 23 45 100 -32 68 31 -87 26 52 -41 -12 95 -99 -68 8 13 -37 89 59 90 2 -88 -23 54 -81 -44 -25 -8 -4 20 -25 84 -49 57 64 19 61 52 27 -76 -60 -64 -24 32 -6 43 88 -8 59 95 -74 -96 88 -61 -6 -95 89 -42 -94 -88 -70 63 39 -56 -90 11 -55 -53 -68 -25 -27 73 -31 38 -88 -13 -45 13 44 7 13 2 -6 78 -43 -31 
-19 69 89 -66 74 2 -87 -58 -98 -74 31 80 5 54 89 -90 -73 65 22 -32 59 -36 67 21 -63 8 85 40 -68 43 -87 -25 50 36 -23 15 29 72 -39 67 -42 -90 76 11 -89 -48 -96 2 84 56 -28 14 -28 7 -64 -64 -9 38 -34 -93 17 36 89 27 -89 18 -20 -14 4 -95 84 -92 49 64 -70 -8 13 25 -32 54 74 6 -99 -88 72 64 90 39 -88 92 81 -6 39 -11 93 15 -44 -67 34 -78 -39 -57 50 -27 -79 -82 58 78 -30 -75 -89 -53 -19 -79 90 -97 -93 
92 -10 -60 68 75 67 15 99 -59 21 68 77 0 -26 -8 -40 -30 44 74 17 -27 31 95 -64 89 76 -87 -81 14 85 -40 2 -64 -89 -35 -79 92 -50 45 9 71 98 88 -75 -84 4 75 15 -60 40 77 79 70 33 63 -78 93 -79 3 90 -53 56 85 56 10 91 26 -20 80 44 -75 92 -76 39 0 -30 94 15 99 -81 62 69 62 -30 39 -19 89 46 -73 -37 -98 14 67 -39 -56 75 88 -55 -36 -64 22 -15 -86 -82 -59 92 -42 73 -80 38 -22 67 18 -46 7 76 -62 
-33 -22 9 -42 -44 -99 48 58 -43 -75 8 -94 -88 -59 38 55 -48 56 -94 12 93 -87 23 84 -9 -15 26 94 -60 30 13 42 78 -78 80 6 55 -44 61 80 -27 19 6 -70 -7 38 -63 -42 -74 -6 -91 -21 62 -3 95 72 -39 14 74 89 -7 -43 -88 28 22 50 82 16 69 55 -45 100 27 -21 43 -34 34 -54 -20 -9 19 -35 -52 -11 -93 54 -43 85 -67 -20 83 41 -66 -45 -68 -80 -100 54 96 -12 -51 -73 45 -18 2 62 -40 50 -91 91 71 -100 52 24 58 -39 -31 
2 7 75 -52 -84 1 -17 5 79 67 29 -77 33 81 64 -29 9 -72 87 68 -63 -32 82 88 23 17 -63 54 1 61 28 -82 -6 10 -59 -33 96 59 -38 66 35 -96 -10 68 15 84 8 -11 -53 69 70 -36 -67 -25 83 99 4 -32 92 9 -3 -45 88 3 -11 3 63 58 -92 -97 38 64 75 30 -49 -5 38 -12 96 -57 -39 18 -53 26 49 -78 93 87 -40 23 31 -27 -45 93 21 1 91 -81 78 36 -31 61 95 1 -64 -38 -27 -2 -94 -7 62 -57 -1 52 -89 -77 -99 
-55 -45 -37 23 -18 10 82 72 54 78 -44 93 65 57 -66 10 -19 -64 -41 73 4 58 7 74 -19 -11 93 39 92 -54 -63 -3 42 -71 -100 46 13 -13 -12 -17 72 27 -66 35 -32 20 -25 -25 -89 -54 31 -74 -32 49 87 87 73 -38 -53 -1 45 -81 9 -72 68 42 -33 -96 -23 -39 46 46 14 24 57 -75 41 96 71 95 94 -32 -45 -4 66 -83 81 -48 -93 -82 -28 -13 27 5 73 -56 39 -76 56 -77 57 56 -47 35 -11 -61 -43 -30 -54 27 68 -54 -2 -87 -92 48 17 
7 -52 34 75 52 64 52 -98 -63 -96 -87 6 79 -89 -70 -8 -60 -43 43 30 10 13 62 91 68 84 20 -69 94 53 -91 36 -30 59 -100 -37 24 29 -70 15 -53 -37 87 45 36 39 5 -24 -13 -28 -54 -51 53 51 32 -31 80 38 52 -24 -92 -10 23 30 18 -85 -32 -34 -24 42 53 -27 -69 43 14 -90 40 23 32 5 61 -58 -84 59 42 77 18 -67 64 4 68 7 -18 19 -32 -31 -48 -8 -10 -5 -55 -8 -69 85 1 -80 68 -89 28 -82 -40 -59 -92 -19 -99 -70 -96 
-21 84 -87 -7 29 97 -62 -59 -99 55 -71 17 -47 87 10 81 60 65 -54 6 -87 58 -99 -69 -44 -77 73 -22 -49 57 -42 86 10 8 -85 -62 70 93 53 -1 -18 -18 -51 83 31 79 54 -83 43 24 -72 60 82 -89 -20 74 -76 51 -61 73 -76 -5 11 -29 -14 29 66 -18 -67 -22 0 26 11 6 13 -53 39 -92 51 55 7 -47 -85 -82 -10 -11 -79 45 6 -46 66 0 77 73 -53 -19 21 -45 89 85 -52 90 -62 -80 83 44 0 -81 38 64 68 -21 34 4 -3 67 -87 
67 58 -37 98 94 47 -95 62 66 -43 30 19 -70 -22 -61 34 -46 40 -13 62 -25 51 -81 -54 37 22 2 -4 -17 55 -83 60 60 -10 -28 35 23 39 -10 32 -28 23 -49 11 69 -51 -80 -47 -85 -58 -6 -10 -78 11 -33 1 -6 -77 -59 -70 -67 59 2 26 6 -92 23 -5 72 19 -24 -27 -55 -85 34 48 91 92 33 12 -18 -91 44 21 -3 -65 -70 54 -24 52 65 -68 -21 55 38 -76 -57 31 -66 10 46 -11 -6 -4 -33 -61 87 82 -19 43 -9 38 85 -57 27 -66 -91 
20 -40 27 5 16 -75 57 -95 -37 -17 -49 47 10 3 -44 70 95 26 -62 -97 81 -2 11 -53 22 -40 -35 56 -49 39 -61 51 50 45 3 -26 53 64 -63 -1 -79 -90 8 9 54 -76 -47 98 -3 72 -30 -65 50 -13 58 -100 29 25 -59 -36 -33 -74 -5 38 15 -55 26 -48 6 3 8 77 78 -68 84 -69 66 -26 40 15 -94 -90 18 79 19 -54 15 32 -47 67 -58 72 -20 47 -23 30 -100 94 -72 61 100 52 -52 19 -59 -66 -22 57 52 6 9 -90 67 -2 88 92 -35 
-33 -80 21 -94 -83 56 -56 -45 9 -43 -91 -8 35 -73 69 86 59 -22 2 -74 58 -15 -85 -12 -9 18 -66 -93 54 -97 -99 -48 -27 -99 -16 -100 -23 33 -7 -72 31 -65 78 5 -24 97 12 -61 24 -77 78 4 57 82 -87 65 -13 15 33 -63 -75 1 -69 70 23 -48 53 -40 -91 48 -41 83 69 -73 31 79 -28 100 -71 -79 59 42 -2 -53 -63 -48 79 -64 -45 32 -32 64 63 -18 -57 -41 -78 24 -8 -21 39 78 86 -48 -79 -93 -18 -2 33 -93 72 -99 -49 58 -6 -11 -74 
42 -50 99 -59 -5 9 -50 52 24 28 50 64 49 -94 8 -9 97 -71 -45 6 -89 73 -78 7 -24 30 91 -15 9 1 64 -74 39 35 -80 10 62 -42 -50 -38 5 -33 84 67 36 79 38 28 84 -88 -97 -97 -64 84 -50 32 58 35 -21 64 -37 82 70 -4 21 -2 -91 52 -42 9 32 60 30 93 41 -49 -62 96 18 -83 -53 64 -48 -22 9 27 -14 -70 13 -74 -4 -70 84 50 -88 19 -99 20 -80 84 -41 33 -80 80 -24 -97 -37 -40 -53 -36 60 65 61 -7 -92 -83 42 
-3 -56 -95 -80 45 15 56 -84 90 -81 98 84 -9 -94 -32 -40 36 -8 65 -71 52 -72 61 14 2 -12 -27 -30 19 95 50 65 42 9 -16 34 90 84 8 -63 -23 -13 -20 54 -74 12 46 -7 -34 29 7 -48 -25 15 100 -64 84 69 -49 -41 -81 13 -28 -52 -52 -79 15 -70 54 -96 0 60 98 93 -25 94 -91 -45 -33 85 30 -23 22 90 -12 21 92 -66 49 -15 70 87 -67 -83 -35 -11 -46 33 15 -89 -30 29 -32 -100 -37 -53 85 29 -38 58 88 58 -51 -30 -40 51 -6 
-71 -52 31 19 -1 -43 31 45 -61 17 93 65 82 17 91 -9 13 75 -30 -73 -42 -68 -1 43 -95 -69 -23 48 95 56 35 -16 22 2 78 87 -52 40 -41 -38 -89 -71 -71 -2 -66 -41 43 -25 -70 -61 -42 -99 -67 -34 -41 18 -86 49 37 64 33 14 -23 18 -12 -31 41 -55 86 31 99 77 -43 -14 76 -62 -48 -5 -68 -46 -1 -48 -57 16 -51 -60 1 -36 74 -4 97 47 -58 -12 47 -61 -16 -49 -83 1 -46 2 -11 77 70 53 -77 66 -76 -75 51 -88 68 -35 -89 -20 -99 
88 -84 -5 -56 -81 96 31 11 42 59 19 -14 -70 -28 -67 55 15 -16 -69 -37 -58 91 95 -31 -92 -57 99 8 -98 84 -54 79 -41 20 66 -11 48 -18 -14 -96 44 -15 -59 -47 -47 3 72 95 -68 81 83 56 7 92 -12 10 99 88 91 26 -32 -44 -83 14 -35 -83 0 50 99 65 -39 -68 68 42 12 -33 -40 -70 27 -14 80 4 59 28 -4 56 -22 -83 -2 9 -49 72 -94 -41 -47 10 -76 85 4 -42 -10 76 88 -89 55 65 8 -6 -5 57 46 -32 53 -34 45 -79 96 
11 70 -32 -98 -43 35 -25 69 -85 -25 46 14 -61 96 6 -84 -44 -71 -54 -12 -42 -47 73 73 6 -85 -16 -35 78 24 -100 26 -36 45 34 54 -38 -18 73 82 -26 76 99 89 26 18 -68 77 -39 -93 -43 37 -52 86 69 -32 -66 34 82 35 42 77 5 -69 -56 49 78 29 50 68 68 19 -8 16 -44 92 -6 -27 -24 -81 78 1 25 -1 -7 45 57 -92 64 -62 -86 -16 94 -49 78 69 93 -23 79 -51 -54 38 24 -24 45 -67 -11 -66 37 94 48 97 -84 30 -68 -76 -96 
-91 -26 -94 -56 -48 69 -45 -79 92 23 -62 26 53 21 20 -67 -3 49 -52 29 37 -34 23 -26 27 67 19 -32 74 77 -65 -25 0 3 77 -62 -17 45 48 92 -16 -11 -29 77 -2 10 -63 -4 -62 7 -35 -54 62 27 -3 -53 9 16 -68 79 -42 -29 -82 21 -19 -92 -51 -18 42 11 -75 97 17 39 -100 22 -14 -54 78 -33 -79 -77 72 -17 11 3 -77 -96 2 -38 96 42 35 -26 -72 74 80 72 -79 -39 -89 60 39 -92 5 -13 -2 92 -42 81 -94 23 39 73 70 67 59 
87 -56 5 -75 -7 -77 -36 -19 -43 -52 -62 -45 77 51 28 -59 89 24 62 73 -15 36 -55 -40 -16 70 68 42 95 -92 -35 -61 -42 37 -93 94 -33 -70 -58 -67 45 72 60 -17 37 -59 -24 88 -18 -92 -68 -36 -91 -86 -46 35 -11 -49 20 -54 -91 -69 24 -54 56 25 -73 52 94 -53 63 99 96 -60 40 -10 -71 15 -47 29 -27 52 -46 -96 55 -24 34 -98 -7 13 -6 -4 55 -80 -64 -81 -47 46 32 -33 -44 82 -32 -48 -86 -50 29 55 10 -68 38 -24 -49 -65 24 84 90 
70 -16 -65 -3 -46 74 11 -83 -47 -50 92 36 30 -47 -32 -19 56 -61 -45 94 -89 -44 -91 -49 39 96 -34 100 43 52 -5 0 62 41 69 -2 -95 92 43 -54 52 70 -78 -76 79 -8 90 -58 36 -100 59 -17 -68 90 -96 3 -72 -40 94 80 89 96 56 -100 -3 -27 69 62 83 -9 17 0 -1 -18 44 -94 59 -74 12 -88 85 -11 88 56 59 86 -22 -30 65 -12 -79 -6 -66 -12 69 44 -52 -57 -30 -92 83 52 -29 -67 92 -21 37 -88 42 25 -85 55 -83 99 -97 -10 25 
63 88 -27 -79 84 36 2 -92 6 20 88 -22 72 -67 -76 -58 -8 96 15 62 66 79 48 10 18 -78 1 17 -74 43 -56 26 -79 -60 71 97 8 85 9 8 26 23 -41 77 5 16 87 -22 -16 -40 33 93 -99 19 -30 -91 -46 -100 -18 11 60 -5 60 -11 36 -54 16 28 -99 3 -46 -44 19 93 33 -31 39 -89 -34 0 -44 46 -11 90 28 -86 28 -79 -18 9 -65 -91 61 49 97 -77 44 -85 77 -14 -63 -34 -19 92 -6 -83 55 51 5 -90 38 -48 46 62 -35 -45 -3 
-38 33 -24 -34 10 -77 45 -15 27 -50 -32 -2 -78 84 29 -51 -3 -97 -35 19 -87 -26 -13 51 24 77 19 -7 19 95 -79 -93 28 5 -65 -36 17 -32 -64 -44 48 -93 16 29 69 -55 71 31 -61 -53 -35 -9 24 77 39 -16 -25 -45 27 39 90 -97 23 -87 75 47 -79 -97 57 -93 -9 16 70 -81 85 65 -31 -51 19 60 31 -52 7 -6 3 30 11 -78 8 -20 47 61 -85 44 94 92 -6 -13 -86 -83 21 -39 -58 -9 54 -73 69 -40 -23 69 -21 1 8 -31 41 -56 -57 
71 23 -56 -31 -19 -7 17 -81 -93 -59 61 -76 13 90 -81 -14 70 -29 -24 -22 -1 -62 35 86 -45 -34 76 -56 25 80 -69 85 -96 -5 47 96 -18 79 -34 46 -67 53 -20 33 -91 -21 47 -34 -55 -42 86 6 67 -90 15 74 -53 99 -34 -19 75 48 90 -24 58 22 16 -67 -17 17 60 -38 44 -24 -57 -65 -54 -75 41 -65 42 -19 -22 -91 84 27 97 -87 -47 -63 -71 -62 29 44 72 -88 35 -5 -11 -39 70 26 56 98 16 -18 48 -82 70 3 97 -66 43 81 -10 -52 -81 
-48 -49 44 -88 -91 -44 62 64 -70 1 -80 24 23 -10 42 35 24 -100 -17 -59 -99 64 -39 90 84 48 99 60 -22 -54 3 -15 75 5 -12 20 84 -19 67 3 33 78 -76 -84 -98 50 -69 30 96 88 78 -77 93 -72 54 78 -78 -83 66 55 12 -16 14 93 -21 15 40 29 72 88 99 68 -85 53 -86 -31 25 -94 -34 -80 81 -73 -100 -53 -10 -15 62 100 -62 64 8 76 23 47 74 -57 24 66 -93 -72 -12 -78 -52 -71 70 -32 92 32 -52 36 -45 -19 40 -46 52 -94 23 
6 2 -30 -92 -17 96 8 -38 -57 76 52 93 9 -45 -10 33 44 95 86 30 70 9 -80 -55 -90 3 -10 50 37 33 94 -75 3 -5 87 -87 -90 -74 41 44 32 17 -98 90 -17 19 -62 31 -60 -67 93 -52 -88 47 48 -83 46 -63 13 -38 -76 -93 -10 -94 -78 40 33 -53 80 -51 -39 -80 -88 58 82 -26 70 -37 -57 48 -27 -59 68 96 61 -13 -41 -60 18 -34 36 -47 -45 18 -14 -80 34 -82 -29 23 -25 98 94 -94 50 29 -48 77 -25 -91 -59 9 -4 -16 49 -73 31 
-39 70 -81 20 87 40 85 -8 29 37 -5 -57 -88 41 44 100 -90 82 77 47 57 -97 -42 -89 13 68 -48 -2 99 22 -79 57 7 57 -17 -6 83 25 -1 75 -61 100 -48 -38 -42 56 -77 83 -29 13 -99 11 82 -70 6 -7 -92 -24 75 67 -78 -91 84 -30 -57 -90 -20 99 70 -28 -17 -55 -28 71 0 91 8 -95 -27 51 36 80 18 61 86 -43 67 -18 49 67 65 -14 -50 -23 -29 -47 -98 -72 -86 48 -33 4 16 95 -32 84 57 -93 37 53 -72 -58 75 89 37 -76 74 
-20 -87 -42 -35 -50 -16 44 86 -8 86 -15 43 27 40 45 87 92 -19 -15 -28 -80 98 84 -54 37 56 83 50 55 80 91 65 0 8 -22 79 23 83 -68 -33 64 -65 81 -1 44 42 82 -60 -98 -38 -17 -34 -16 -62 93 -31 -73 -61 1 12 46 -46 -61 79 34 -4 -36 -79 -75 9 -99 96 -75 68 -26 -24 -92 -81 83 55 46 -42 -75 47 23 -13 -53 72 -27 -56 17 86 57 -38 25 39 10 88 28 -85 16 -43 -92 31 52 20 -22 -65 52 -86 -37 24 11 31 46 -49 -71 
37 -64 6 -42 -21 -95 64 88 45 2 18 -53 -66 83 -40 71 61 22 92 -79 -19 -51 -93 -13 -10 91 52 52 19 -15 21 -16 22 -69 -38 60 15 45 50 -95 -41 -61 0 11 -19 31 -24 -45 -32 69 -76 6 43 -21 -91 -27 -48 51 -8 -35 34 58 -26 24 17 -52 -39 -50 -46 -67 57 0 -60 -71 -12 -46 -81 -8 -90 -80 74 -62 25 13 43 92 -10 -44 -31 -33 76 -38 26 8 58 8 0 -15 9 58 -74 -11 -54 -70 -1 97 -76 98 -32 14 95 19 70 -26 -69 0 52 
-38 75 -4 -60 -64 -15 43 -16 13 -40 -95 -42 96 86 -29 12 -68 92 67 -45 38 -94 78 46 61 -83 -1 60 34 -84 96 58 -58 -69 -45 13 50 67 48 -4 88 8 -65 -40 -94 -3 2 -53 27 62 67 -51 15 71 -9 -18 -53 -55 -37 94 75 1 -7 42 14 -96 92 87 48 39 -22 51 -72 -85 20 -34 21 -41 92 72 -25 -12 0 -52 38 15 -42 66 46 70 10 14 61 -78 -8 0 -59 -43 57 34 0 -59 36 -97 58 72 49 -45 97 51 -75 36 69 -90 -40 -21 40 
-57 37 23 -20 -66 88 -31 -97 21 -26 -50 -95 25 -60 -9 -31 74 -19 -29 -85 37 52 -7 85 95 41 -85 -23 39 77 -3 95 50 -8 53 6 -51 81 92 65 -27 -30 53 88 -3 -20 -75 -95 -66 -84 4 -8 -85 -67 -81 77 -100 47 85 61 -47 50 -9 33 17 30 25 24 -6 -36 100 92 58 12 -1 31 96 68 74 -32 44 -73 -71 -85 95 70 20 -86 53 29 90 -82 -77 -100 78 -57 -33 33 -62 -27 34 79 -4 -75 62 28 -82 -45 30 11 100 37 65 60 18 23 60 
8 -83 68 -1 -27 -15 -5 12 -59 14 25 -30 -52 47 -85 49 85 60 -67 -40 -30 -89 -49 14 -2 -75 -13 -41 2 90 -58 -29 -12 -96 14 27 -26 71 -60 44 -41 18 -24 45 -47 -5 -59 -35 -68 73 -89 4 40 87 -75 -8 77 37 -80 100 -53 -29 -91 -77 11 39 -63 10 -42 -6 -24 -37 -86 -99 81 37 -55 69 -71 43 11 -55 -28 17 38 86 -83 -17 -35 9 -3 56 -85 55 -9 -37 -66 -15 -62 27 98 -56 -51 11 -91 55 84 -21 -75 49 -88 -68 68 -75 42 -43 18 
61 -18 -56 -54 -50 -24 41 8 56 39 87 -43 66 3 -45 31 71 -90 -69 76 1 18 21 -42 -51 10 -28 -3 -53 -51 -64 -83 32 86 -65 38 81 -36 38 -30 -77 60 -100 86 -93 34 89 82 -8 76 -47 -83 54 12 8 -42 -61 -41 -86 10 35 68 3 33 -45 16 -89 -62 -39 63 75 -20 100 -33 -89 -54 0 -1 -26 -70 -79 -47 52 -64 84 -47 -35 28 6 63 -63 67 -75 -42 35 -20 20 62 -31 61 -79 82 35 -98 22 34 -77 63 52 34 86 -66 -4 -88 32 -91 -3 
-65 -61 48 -97 -3 -63 43 -98 59 91 -53 -99 -3 -31 -65 -67 92 75 -28 -55 40 74 95 -98 -39 -1 -95 -40 -34 -56 95 80 -98 41 33 43 -87 57 57 55 -79 84 30 96 48 -94 52 -69 7 10 -71 -12 -75 -81 -63 85 72 -87 -25 8 97 22 92 -68 -15 96 42 -34 -78 93 82 -9 8 97 -88 65 -98 61 -32 80 46 -27 98 -99 19 -38 -75 -55 -34 34 30 81 -61 -50 82 41 -13 -2 -64 -45 -33 92 22 30 19 29 80 3 -43 1 -84 87 21 -63 -93 75 38 
-19 -93 62 7 29 -25 -30 -32 -46 75 -21 -1 68 15 -58 13 -81 -86 44 -56 90 78 -25 -89 -40 -88 -81 17 -50 -38 97 -84 -10 -82 -77 89 -89 -27 35 79 -74 26 -53 -29 73 87 36 -55 -21 -46 -68 37 -40 97 -80 -61 69 25 -92 91 49 -44 -87 -14 -30 -74 -99 10 1 13 11 84 -83 71 0 71 86 -89 -93 -69 45 -55 2 -87 16 -88 73 14 -92 -58 7 5 77 -26 97 -48 63 24 -63 21 -55 93 90 -50 64 23 44 -61 69 -6 -1 -23 -9 14 -88 -22 -44 
100 -89 -86 25 98 93 -52 81 98 -8 -27 45 100 -32 64 -70 47 95 97 -19 42 -60 30 -57 92 77 60 96 11 -56 -83 47 -57 -38 -23 -92 100 69 26 69 2 -58 17 65 -6 27 -50 5 -71 -25 40 -99 -82 -25 -95 -65 -87 -83 -48 37 -81 27 81 29 81 88 -21 87 59 59 -13 -11 -51 89 -7 2 -5 -32 24 31 -58 -61 45 -81 70 74 -86 -50 0 -58 -25 63 52 36 -35 -72 94 29 27 -17 30 -97 -15 -83 17 41 48 -46 69 26 7 56 72 64 79 -27 -39 
93 72 77 -65 70 39 -3 -46 -49 2 -10 25 32 -35 88 47 -99 -40 28 -62 -21 -14 -21 65 4 43 15 -84 41 10 -45 -67 -93 73 -72 90 83 57 83 -2 89 -62 7 99 76 95 46 -28 97 15 15 22 25 17 -74 28 79 -35 50 30 -50 -77 -4 -43 70 -93 -97 97 1 -37 4 34 -59 18 28 -39 -13 15 54 -60 -37 -47 42 25 -55 9 72 73 3 60 -98 -4 18 -77 -31 -2 63 16 86 -91 77 41 37 -28 36 19 9 -22 -90 71 -20 68 -59 -81 55 66 -28 
85 34 10 64 -37 -13 75 -100 -45 -12 98 30 -14 -36 -2 94 -95 97 -62 66 -22 -57 -95 -45 22 -10 -1 -36 -96 13 -65 -44 -84 57 -53 -59 -3 83 33 10 7 11 -26 -48 -8 95 -90 35 100 51 -53 -31 81 87 63 -45 -26 42 81 -16 38 -62 4 -63 64 17 -16 82 36 44 37 -91 -9 -12 39 40 -15 29 -9 8 -51 30 -98 -51 30 -47 82 -94 -23 39 62 -53 -42 -19 66 -48 62 92 86 -1 22 -52 89 -2 53 -71 78 82 14 86 4 -61 -27 -86 -29 -16 90 
-29 -98 -37 35 10 77 17 16 -52 84 -1 99 -42 -56 -37 -96 3 19 -77 -98 -55 3 58 -97 90 69 26 4 -97 74 27 1 -51 51 61 86 -14 -42 35 8 -35 -17 99 -51 -42 -73 -40 75 35 76 -74 84 70 -86 -93 9 -48 -6 100 -30 18 -94 -3 72 0 14 1 90 61 -79 45 91 81 30 -37 -3 85 -42 -20 -66 -50 -31 -80 4 12 88 -43 -68 -28 27 -88 -19 -57 78 12 -5 -70 -5 -33 40 -7 90 -52 20 -90 12 100 -43 86 35 -62 -49 73 -88 -3 15 25 
17 11 69 21 -42 -81 80 92 75 -87 88 -10 -39 -59 -68 100 85 -37 -13 39 6 -14 91 -6 -17 -30 53 -9 -30 15 47 62 88 -1 -51 58 31 41 91 -91 49 77 3 -15 27 -41 -45 34 11 -64 12 87 -43 -26 -78 74 43 -92 -43 -46 -54 -79 -13 -100 50 -69 29 77 60 23 -57 -90 73 -32 74 -60 34 17 39 57 59 -9 36 -52 -24 9 -5 38 95 -18 -68 16 90 -94 -21 -95 -21 25 15 -75 53 -75 39 -99 25 -9 22 45 54 14 26 47 88 26 -11 -50 -90 
-58 33 87 -36 -97 -88 -83 81 36 -49 1 -73 66 -58 -37 -100 3 -9 -30 43 -78 -54 -18 -1 -56 48 96 -6 -29 36 -80 -64 98 87 19 -77 22 78 40 -61 11 -29 36 -30 -39 -12 95 -41 72 56 -13 0 -14 39 -2 3 -72 -68 -50 3 -28 -96 -21 -40 32 -61 6 12 -81 -64 30 -82 27 79 -85 91 -77 -72 32 55 19 -57 60 -90 76 -86 -47 -94 47 2 83 -60 89 47 -7 -94 3 43 99 9 -80 -63 -51 -45 38 -55 17 -93 86 -100 -60 -71 -63 16 -59 96 12 
30 65 65 56 18 65 -13 81 -76 -95 59 -15 -31 -58 81 -8 24 49 -28 -73 -32 -75 98 -95 -68 14 58 -34 17 11 -64 41 -41 -71 11 -43 -94 -33 -45 -57 -65 -29 -15 33 -8 73 -85 -90 -82 62 30 -11 -73 -49 -49 -47 48 71 14 1 87 -58 -13 25 66 35 -7 -44 80 9 -96 40 -45 22 -32 93 -80 -80 46 73 -99 -68 28 -39 36 22 31 -66 -12 -1 -49 7 -46 -98 -27 26 -77 65 -41 66 47 -16 -77 84 83 38 -82 -22 -20 1 -94 -35 -80 50 64 -81 54 
-49 9 41 -60 58 -23 55 29 -13 -2 -74 36 -29 74 -95 13 -6 55 13 36 46 99 25 -55 -37 72 32 39 74 -20 68 45 35 -91 -48 57 29 3 10 -45 31 -8 41 13 5 83 -58 22 4 37 -35 -39 26 75 -35 -51 -40 88 2 75 23 80 -46 43 26 -18 99 65 -63 -65 -54 -81 -37 8 71 -70 68 53 -75 -70 45 -16 -53 44 97 -74 89 16 48 80 -39 21 41 23 21 16 27 73 83 20 3 -67 -45 -73 -64 -80 0 -38 -96 -39 -83 87 58 91 57 -79 -49 
-60 -90 70 -3 56 42 54 -19 -56 -71 -17 -24 -21 15 10 26 -81 42 77 -59 -84 30 86 -18 -80 66 83 -30 14 -8 -40 -67 -38 -63 96 24 84 47 86 27 56 -25 -10 43 13 -50 86 -53 -100 53 99 55 -12 -46 -37 6 41 23 60 19 40 19 32 -94 25 88 99 54 -85 95 88 68 -41 -70 -23 -38 34 47 7 -9 -8 0 -47 -78 -76 -74 47 -32 -75 6 97 -45 26 -73 98 -88 42 51 13 -64 85 -98 -77 -80 -45 -83 -92 -15 42 -82 9 -59 -47 -33 -13 18 -58 
71 56 -12 69 3 42 48 20 -9 -3 25 76 -37 -57 -48 55 41 44 0 -93 -41 51 -81 46 63 31 37 -20 -44 -5 -52 -71 25 86 -71 -22 19 79 65 66 -85 -5 46 -30 -32 -80 71 32 67 41 -14 53 -22 -48 36 94 85 -27 -36 48 67 94 74 19 86 78 -30 -57 -75 -5 1 -23 -7 29 46 -42 -59 86 42 87 38 -79 -53 68 50 -21 -48 20 92 61 -42 23 71 53 -70 -22 86 -16 86 -62 -58 -77 -50 54 100 -80 36 83 98 91 -49 -60 56 32 -100 29 -85 
48 -97 62 89 -14 53 -30 -80 -9 -83 29 15 32 -63 19 -29 -58 -50 -88 -13 30 2 -53 20 -78 4 52 -67 57 33 -13 -96 -83 -75 -13 -8 -90 -3 -24 91 -83 35 -66 -68 35 -61 -1 -82 -6 -64 -39 77 -15 -93 22 20 -6 -36 78 43 -32 11 -28 -98 -73 27 -60 41 90 63 26 -81 47 87 61 25 12 13 -21 -81 -83 -33 -62 -99 43 14 -16 -38 67 82 -70 93 45 -6 72 41 -52 29 -85 82 -88 20 -65 72 -41 -66 -38 -62 45 24 45 94 -99 -97 -3 -67 -73 
-84 69 -25 79 27 8 83 -4 -53 43 -72 -34 41 -77 -51 72 55 45 5 36 -84 89 25 96 12 74 59 40 66 -49 74 59 0 -57 28 -37 -94 22 37 -89 1 -65 100 45 2 4 23 75 -46 -34 -37 83 69 65 -91 61 100 13 77 -84 90 -86 80 100 11 -5 -7 -82 -13 99 -36 -99 -94 -91 65 65 58 75 -27 57 35 41 -90 -16 -92 47 12 -57 -5 -90 54 -8 -89 -91 94 44 47 57 -81 17 -48 82 -53 68 99 -90 -82 -12 15 -25 -65 -65 37 100 57 -54 22 
-7 48 -49 69 73 21 21 -94 -35 -85 27 -38 -79 -52 69 20 -4 -36 78 92 89 -3 7 -91 -97 29 -3 -38 90 -34 66 14 69 -19 -33 -66 20 26 -86 45 81 -76 74 42 -88 -63 -25 -62 77 79 -95 -54 -76 -39 -94 73 -12 -99 -53 -23 -8 50 91 9 12 11 -49 -52 -32 -97 40 66 -68 -4 -80 99 -60 -27 87 96 -95 -30 -27 13 51 9 -76 2 -40 65 -20 63 -31 13 10 22 -17 -98 6 54 20 48 -36 59 -3 -79 77 -78 7 1 -10 -45 51 -67 -78 37 -66 
-29 69 75 58 56 13 28 -57 14 -20 -27 30 -49 -75 -39 -32 -71 30 -83 -86 64 -44 65 -45 -65 17 -42 36 63 80 -93 93 -10 77 -71 -65 -55 -53 -34 -92 -12 -70 74 28 -95 15 -35 -91 -1 -69 -1 74 23 0 -71 -39 85 73 99 -4 -43 49 -89 32 -76 -56 -66 -6 67 -64 28 -72 33 -90 5 -6 3 86 89 -18 94 73 -48 -71 91 -80 34 -25 -28 85 -84 -37 64 -98 20 65 96 -11 -39 30 96 -71 -59 5 -41 9 25 73 29 21 81 -45 -68 71 16 -6 2 
-19 -65 50 -44 77 -34 48 86 -6 99 0 -97 -21 -32 -55 46 -67 -55 -54 52 74 -40 -57 36 -25 -72 40 54 -56 15 -79 -13 9 -68 -74 -1 -95 -54 -54 -62 80 -62 -85 -69 58 77 -69 17 89 -90 98 -63 95 -72 -45 82 35 30 -93 6 -52 42 -100 -26 -18 -29 47 90 -67 64 38 61 50 12 -7 32 75 98 11 -89 64 93 -77 -17 40 -99 28 -71 18 -25 -70 -31 39 83 -3 23 -1 -17 -22 15 55 -46 14 25 -27 4 -51 90 -84 -77 55 -98 25 9 -44 35 -88 
-17 83 -33 -19 -57 72 -19 -6 21 -45 81 -13 -74 73 -17 8 -16 -99 8 58 -91 -80 -80 -10 -48 -89 -82 -36 51 88 -63 49 -2 89 -55 -27 -43 -94 50 5 -51 -99 55 24 -43 76 37 1 62 9 -41 -35 -79 43 51 63 85 50 79 -100 71 86 1 -8 -17 91 20 -13 97 39 20 26 51 -98 18 -87 7 72 -61 -91 34 66 -23 94 68 -4 25 99 1 -74 100 -49 -96 99 0 -87 -13 -1 -75 11 35 49 -82 47 35 -73 -77 67 -12 -62 -69 -51 -12 46 28 71 95 
-72 -48 -49 8 63 -3 -83 -81 36 -88 50 38 -83 -49 35 -83 -65 -40 74 -52 62 97 -64 56 -70 -35 69 -13 -22 90 58 -38 55 20 11 -20 -8 -35 37 44 -59 -62 91 -51 -27 95 -7 20 -58 -66 35 93 -74 7 -37 -1 74 70 -44 -39 35 -30 64 65 -65 -37 -55 -51 69 97 -37 -74 -17 -76 88 -42 94 67 -74 3 -20 -7 83 62 60 47 -30 -12 -69 27 -70 -11 17 -92 80 24 73 -18 -92 -100 -94 27 -100 23 90 54 8 -2 -19 -20 -81 44 22 31 85 -62 33 
-55 -80 -5 -54 -9 -59 -23 62 -47 -89 -38 97 -23 -18 -27 -89 -24 71 -27 62 93 -93 -53 -14 -66 63 8 59 -91 11 9 46 -2 22 33 46 -32 -49 32 -49 -86 91 -11 8 -16 -8 3 -93 -83 83 -12 70 11 7 -76 -21 88 90 54 -80 69 95 -10 -47 19 -54 -40 18 80 77 -19 37 4 -23 76 -31 -87 -96 27 -45 80 85 90 75 0 82 3 -85 -77 84 32 -95 -100 -96 -29 -90 -34 -55 100 10 45 66 -13 -79 -9 -51 -68 49 56 -7 -68 56 -12 28 -90 -54 -30 
-100 68 56 -100 -29 7 35 92 40 -31 -85 -59 86 80 42 -52 -70 -41 -48 2 29 83 64 -18 -52 64 -95 40 -3 -61 49 -3 90 -55 76 -97 -31 31 -48 84 27 52 -89 3 71 -10 49 -81 14 54 -74 31 -10 93 26 9 92 74 -68 60 -40 -64 -32 -62 86 83 33 -23 -16 -63 7 7 -5 -35 -67 17 -16 -40 -72 -52 -78 -63 2 -57 15 37 -14 -86 -54 89 -16 -6 -61 -18 16 59 -82 -11 21 56 -45 -14 85 -74 -47 -58 -76 -89 82 91 -28 -82 29 -32 -25 -51 -76 
77 87 15 -97 4 47 89 47 -97 -77 -26 -71 -69 86 27 -51 81 13 67 100 -42 -15 15 44 25 -39 -26 0 2 15 8 53 -75 -1 -53 97 -38 71 -99 90 87 -46 0 72 93 -32 -3 60 -15 69 93 76 -37 -52 67 23 62 27 53 91 22 -45 -90 60 -82 -16 -45 -74 48 15 -4 44 59 -37 18 3 -68 -78 33 -56 -87 -37 24 -98 -34 44 93 62 13 90 99 16 27 -97 -58 26 -69 -66 -16 88 69 59 -71 -55 13 -69 6 46 -88 -45 13 77 19 28 -99 -78 -100 
23 60 -48 50 63 -51 -62 -97 56 18 34 48 28 -69 -49 56 -15 -40 -3 99 81 -76 48 -27 81 -52 78 -97 72 42 -41 37 85 -3 65 46 25 3 28 -40 -28 -95 46 69 -71 53 42 44 -31 3 53 6 76 -27 -37 75 15 -87 -77 -67 46 -9 93 22 11 -8 69 9 -34 48 98 88 11 -85 3 -17 94 81 -69 -66 46 15 3 -82 7 58 -19 -65 -25 -49 71 -80 -69 -34 -4 -79 97 -86 19 -46 -50 84 -46 -68 -67 31 -71 70 -83 38 18 -31 -17 62 2 -99 -49 
64 22 50 -35 87 -39 7 -25 100 -55 91 -55 45 95 81 49 55 22 50 49 54 3 -30 -52 69 -79 2 -21 74 -64 21 -28 -44 -66 33 -28 12 3 -32 58 65 -16 43 -43 48 -7 -31 43 -86 -57 19 96 92 -68 -12 34 -82 75 -74 76 84 -64 91 -5 74 60 -96 53 30 19 -26 6 -38 -40 -100 -67 -2 -23 -5 -49 -85 92 36 -43 64 -91 -49 -12 28 -30 46 85 -51 87 47 -79 -96 -57 -92 -81 74 -25 66 -13 -71 77 -60 71 43 37 70 14 -77 11 -30 60 -62 
53 -33 -63 -77 -97 11 -20 -33 19 -94 18 -92 -78 4 71 30 -67 29 -99 -84 -97 -27 25 73 -5 28 65 0 -72 48 -88 48 -20 31 -60 -77 -69 -6 -36 -97 -88 54 -52 68 52 -98 -17 -58 -24 3 98 33 -38 69 -83 -68 77 56 3 -72 82 51 75 40 36 21 38 -6 -84 70 94 34 69 -90 22 31 57 -71 78 15 -96 -27 97 15 64 -87 -51 -70 83 -82 -45 -9 -75 -61 -83 36 86 64 72 -31 -62 3 72 -56 -98 -27 -7 -9 -71 -78 10 47 -32 2 83 -93 -76 
-36 -30 95 67 18 -61 -56 -51 94 59 98 9 21 -9 -86 49 -66 63 -15 -48 -99 -77 -91 50 -39 36 -33 -43 93 55 16 38 82 55 -17 68 7 -40 -3 82 -73 -98 43 -77 3 68 -36 85 10 -81 -5 -97 16 96 11 -49 -68 93 52 35 94 44 -69 17 -84 70 24 -96 82 68 -61 47 -84 36 13 58 -96 -43 -2 79 82 24 -28 41 87 93 89 2 -27 -38 42 -78 -65 40 -83 46 -78 67 75 15 30 -10 -80 59 -91 -6 50 -14 60 -34 40 26 -14 -46 20 -94 0 
-29 -26 -8 4 49 40 -13 -95 -59 -75 55 16 7 59 -37 -92 31 -81 78 -4 -22 20 33 86 65 46 -100 49 -95 35 84 -96 -94 -33 -61 38 -13 9 -26 -91 53 -32 -3 68 59 -86 -9 -23 -55 -13 42 -45 38 -6 -15 26 -42 -83 -18 -83 -60 20 99 -64 86 80 32 -22 -86 5 -62 -36 -37 -79 10 47 31 -72 34 -90 22 -91 15 15 -35 81 10 41 47 56 21 -35 -6 -3 87 76 12 91 7 -5 -21 -49 -67 -65 -76 86 -30 -14 -18 -73 -66 -35 -2 98 -34 -54 42 
17 51 -93 -98 82 -80 34 -44 84 -72 28 60 71 68 91 -49 6 -16 4 -48 -21 -21 -45 59 -43 -27 79 38 9 57 -41 -43 -2 64 48 81 5 59 90 13 27 -93 -50 0 -96 -33 36 -67 -79 32 72 80 86 7 59 -87 19 -60 70 33 -70 10 -10 -24 -66 -64 -73 -3 -90 79 65 -43 51 29 -17 -82 -1 -51 7 -88 -15 -50 50 -7 82 -96 79 -49 38 -23 -28 14 4 -4 -13 -74 -19 -46 35 45 38 61 -29 -84 59 66 -15 50 74 -95 40 68 20 42 92 -46 -23 
73 -90 58 0 12 -28 50 -89 93 40 -63 -43 -15 -22 71 -72 -31 -4 -54 -3 -41 -15 -35 -53 21 78 22 -1 -97 -2 18 78 -88 -20 -49 -90 9 22 48 96 -93 6 2 82 77 -94 -10 -81 -68 14 90 79 9 -32 74 -43 -91 41 88 81 67 -21 82 -35 71 5 -31 75 18 16 -65 -52 -11 81 -21 89 -89 -97 -25 -42 -11 93 58 69 4 87 -34 14 24 45 71 -43 -30 -75 75 98 17 -51 83 -45 36 -8 5 84 39 -36 32 36 -76 -37 -33 1 -23 -96 -83 22 -52 
62 -13 3 55 -63 -42 -31 -10 -9 -10 25 -75 -47 35 -60 -35 -17 -63 25 -90 -26 -52 18 -7 -25 60 47 -65 36 -92 40 85 -49 42 12 -85 -27 70 -16 70 -56 100 28 29 -28 18 -49 -62 -40 -71 -25 71 4 50 79 15 99 72 -52 49 7 63 -71 -49 -91 -69 5 51 27 -61 -56 44 18 61 -25 -22 -66 -84 -99 -13 -79 -89 -42 -62 21 -63 40 29 96 83 -100 -51 25 4 78 91 -81 26 29 47 -68 -84 -70 65 -66 60 -2 -19 -46 -2 48 26 -91 -87 91 88 -77 
-37 -89 21 52 52 78 -80 -33 -45 77 -2 7 12 -86 3 -47 89 83 83 74 49 80 90 75 -41 -55 88 -5 -28 20 -19 28 -48 31 -42 8 58 28 -46 83 -86 71 64 84 35 52 -40 -51 29 6 -35 -24 59 28 20 -93 77 41 -35 -25 -14 -3 63 13 -5 33 -25 -26 -77 -33 -41 80 50 -48 5 26 -46 22 -62 58 -30 15 -21 -67 70 -54 -86 -100 61 26 6 92 61 -34 35 99 -14 -62 85 -36 3 99 73 -68 -43 72 50 23 3 -1 88 -79 38 73 -46 -93 -52 
45 -50 -93 15 21 -80 15 -92 91 -3 87 -57 -62 83 56 6 63 21 17 -12 -93 3 64 12 0 40 98 -22 -29 71 98 -5 -1 -73 38 51 72 86 94 27 87 11 25 -38 -67 30 -83 -4 69 93 81 44 -4 14 50 -23 -80 -76 42 87 99 -32 -17 58 2 54 52 -50 30 -39 -69 -10 -48 34 -60 -46 -75 -11 -28 62 -38 -50 73 -19 68 84 -8 -51 7 -6 83 -74 100 80 58 60 -41 -81 -63 -60 42 61 63 18 -44 -73 -1 -20 -29 79 66 11 -87 57 71 -57 -55 
66 -22 70 -89 54 -18 -95 -24 -56 -51 86 73 -91 -10 65 -24 26 -34 -95 9 80 70 -98 20 -23 -18 53 53 -3 -84 -2 2 -43 83 -78 1 -44 -34 44 33 88 -73 -13 35 -95 10 -29 55 -44 -68 -66 9 59 -65 91 26 -45 -90 -7 -30 7 -9 2 80 96 95 -16 -20 45 -99 -59 -48 -19 -63 -49 94 -67 63 83 23 1 -98 -64 -88 29 -57 92 50 6 0 -88 65 -53 -41 20 -40 74 -67 91 -75 70 48 40 -71 -75 -11 -27 -68 -58 -38 -6 -24 -54 -77 -2 73 49 
-46 11 -29 -52 83 -32 54 -57 -54 78 -89 -21 92 -53 86 -51 -100 -6 22 -43 -92 -91 -20 30 1 -89 76 16 -25 -86 73 -79 -57 4 100 -69 70 -27 88 -39 34 -42 20 0 -40 -30 -7 54 100 -25 -81 79 -50 28 -28 58 -35 -5 -82 76 -94 80 58 42 -71 74 91 9 -75 -1 -29 100 -55 -9 59 41 24 -99 -12 80 -1 -68 -71 -84 21 82 -100 52 -7 63 95 -7 -49 35 -33 -10 -77 34 -35 -76 9 -90 44 -74 91 -19 -58 71 -45 -83 -1 -46 -60 -1 19 49 64 
-60 -33 0 19 91 5 100 95 -57 -81 18 48 26 86 54 95 65 -39 -76 -97 -19 -39 -75 14 14 4 -21 79 -100 40 15 -96 93 65 30 -90 -28 -91 -84 -27 81 -54 -12 22 -91 76 13 -88 52 -14 -73 97 -95 -98 91 53 -32 -71 -100 -17 -50 52 -15 9 -51 -80 -11 88 84 -58 -74 82 49 -23 48 -72 93 -94 -19 16 45 -63 29 47 32 -42 -60 80 97 -64 71 -76 -43 -80 -73 -100 27 -32 3 -57 93 3 62 -96 5 67 -83 -63 -55 23 28 70 -59 -58 19 6 2 
-84 -42 -35 31 46 84 -9 17 -16 72 87 76 -22 88 42 87 64 -17 6 69 -58 -96 -88 -45 88 -93 10 19 50 -2 -60 -96 32 59 20 90 53 -92 -56 -87 28 73 8 92 -37 -71 -41 90 56 86 -1 34 -76 80 25 -99 12 66 90 -76 -62 -79 91 59 42 -55 -85 63 -74 -10 47 10 30 -71 -73 -30 100 33 69 -51 24 35 20 -30 -79 91 55 40 5 -95 27 33 -98 14 -30 -66 56 25 -36 -45 -59 -2 -12 91 -81 94 3 95 24 88 -40 -40 -98 83 -72 -27 9 
