-64 76 86 36 55 27 -81 60 9 51 -35 -18 -59 -92 -79 -40 44 -2 -62 -9 95 95 36 31 58 72 -92 77 -70 -97 -8 -65 -60 3 40 -64 22 -39 -87 33 -26 -28 49 -83 -38 85 -8 -82 63 29 -40 -77 -21 -5 -2 58 56 38 -80 -65 25 85 -64 72 -7 10 13 -26 72 -62 21 -78 -80 -4 90 -80 -87 22 
64 39 82 -86 57 -52 -11 88 -50 77 57 -41 68 -98 -89 18 28 -30 -52 91 -100 -95 -76 -77 -44 82 -28 -54 -55 -3 -22 -92 54 94 12 -59 -32 72 4 13 -66 -1 -64 -56 11 -52 39 -69 83 73 -62 -7 -15 -68 51 16 86 -36 84 -85 -35 84 35 -82 38 -89 -35 68 60 45 -20 78 69 19 8 27 -79 -60 
-44 -98 -47 84 -99 -15 -1 56 15 85 60 25 45 -81 30 46 -13 43 34 -94 -27 -4 -2 99 93 88 -58 4 83 -5 72 97 3 51 5 -34 -27 -7 -18 89 -15 -31 1 96 -63 94 -34 95 41 -52 -95 -53 78 5 9 2 80 -79 66 -86 -53 -82 92 86 96 -86 -63 87 22 76 32 31 9 66 2 -41 -94 65 
87 -30 40 -18 -76 -65 86 -2 -94 45 -4 98 60 -8 15 -33 -23 84 -54 -5 9 -73 -8 -82 34 4 58 -11 26 -95 32 -83 -5 42 38 -50 -98 -45 46 66 -88 93 -29 -72 -7 -18 -4 31 25 34 -30 -24 12 39 -5 2 -45 -12 -5 24 -27 -21 21 -68 -77 21 -16 -100 -74 -9 -27 62 -57 7 -82 -27 -45 72 
-4 -22 8 -38 -24 -36 52 -83 9 9 7 -20 52 -59 -60 -40 -56 -90 -64 -59 -8 69 20 -35 60 95 87 -49 12 -70 -9 -40 23 18 -76 -11 -47 61 -31 -27 22 91 -33 52 33 -39 4 -63 -50 -14 -41 5 75 28 -45 -58 34 -68 47 -98 50 73 12 -52 -21 -4 -47 -97 -18 -54 71 18 -12 -70 -73 24 30 -20 
98 -36 12 13 27 98 18 -81 41 59 -5 -81 30 96 49 -25 65 -88 -89 -48 22 -68 -58 -99 60 44 -72 -88 -53 -57 -40 -9 55 7 -35 -56 17 59 -93 20 -37 61 55 -35 50 40 -85 84 88 93 50 -93 28 72 54 -66 -84 -74 -8 -62 42 78 -31 23 -1 80 -29 -15 84 -13 -52 39 47 25 -49 37 -85 -99 
0 79 -35 13 44 -91 -70 -91 -96 -47 -27 19 -45 0 10 60 7 -31 61 64 -81 88 -9 86 -50 14 26 81 -78 77 -100 64 35 29 -72 -25 -52 -41 96 15 64 43 55 66 93 100 9 56 64 37 -76 -32 -36 21 -54 -100 -6 29 31 21 -100 -30 -63 -46 -56 -61 94 77 -2 -47 -97 22 39 -23 -94 -44 37 -74 
-80 -76 -66 -64 57 -74 -14 78 -29 1 -93 32 86 11 -40 -53 -7 -2 -2 -11 -49 7 -9 48 -37 18 9 50 -20 -95 44 -71 98 55 -60 -12 26 -67 54 19 -14 98 87 -78 -25 -59 51 77 76 48 -73 -85 -47 -35 4 42 0 -12 -97 -21 68 73 -87 -1 -77 -55 -73 -26 93 -37 54 88 26 1 23 97 14 22 
-31 -56 -87 67 97 37 -17 4 14 -67 80 12 -85 -12 89 48 -89 40 91 -88 30 -47 -61 -17 61 75 70 75 19 57 95 15 23 -22 23 -89 77 16 -66 0 64 43 -78 63 -100 -89 25 38 42 -40 -13 -62 1 24 80 54 -8 48 -47 -22 -85 71 -19 82 87 -46 95 -39 76 -72 -32 -51 71 -40 0 9 61 -89 
-36 -31 -25 -52 13 -56 11 -5 -49 -44 46 -71 -9 46 8 63 -65 -5 -61 100 -81 -62 -20 2 39 -62 38 -90 -87 -29 -26 -8 81 -22 -23 -89 -98 63 71 -37 -12 -24 21 -2 -59 64 18 45 -10 72 -46 28 36 -16 -9 20 83 33 -49 -59 67 85 99 12 -18 34 39 -94 67 77 -93 -56 32 -97 74 29 66 32 
-87 -80 47 27 17 20 -91 -23 81 51 -65 10 -13 -72 62 55 76 -14 48 91 11 -65 -46 14 -67 56 64 -9 -48 60 -6 -27 -73 99 26 -55 98 89 -63 -2 36 32 -85 91 -99 56 -5 -17 59 8 21 16 -54 -70 -75 55 2 58 33 -66 75 -48 34 -78 -76 -86 -51 -79 -9 -12 95 42 27 34 -80 23 82 61 
-28 -21 -62 -59 49 -32 28 -5 -55 -59 65 -50 -48 0 30 -31 -31 70 21 18 -38 -33 75 53 91 -65 69 -66 -92 -35 -78 58 -23 -66 -53 42 32 -71 22 2 46 8 15 21 -9 -16 -24 1 78 86 0 -35 -63 93 30 -5 -78 -18 -6 -90 34 -79 -27 70 -97 53 -41 47 64 -4 -35 33 93 62 -23 -48 38 14 
-48 -85 -79 -12 -67 -71 33 50 -23 -37 -10 80 73 98 -86 -75 63 97 48 -24 -84 -11 -68 -23 67 -70 -11 29 -10 -72 53 -17 47 -55 -96 -97 88 -84 -29 54 30 -81 11 61 -95 -27 57 69 -22 40 -90 -35 -47 45 -91 48 -49 -59 75 53 -68 3 -2 29 -66 1 69 -33 100 93 -81 -37 -96 -19 46 0 54 -56 
-37 -54 -11 -94 59 94 98 84 5 11 67 74 58 64 -55 -33 54 40 1 -15 40 -37 84 83 49 87 -89 -28 -88 2 36 69 99 -71 69 -25 -98 78 -85 -85 -90 57 -65 93 -97 93 86 -26 -87 17 -98 -90 68 -95 -98 60 44 53 42 98 -26 -100 -77 25 -13 60 -41 47 22 -24 41 -3 56 49 64 -74 95 -87 
-10 70 -36 -5 -37 82 -73 -89 76 69 -66 -93 -15 -82 65 94 53 -80 -86 75 36 -4 18 34 -58 16 50 39 50 77 2 -76 18 -79 -55 36 -9 38 96 -85 44 91 32 70 -97 -45 84 -15 28 48 -33 -46 -35 16 -41 80 -26 -5 -58 66 -56 -32 87 -94 -54 19 -4 77 -100 -9 52 23 -67 89 -58 -37 75 -54 
-75 -89 93 23 26 95 10 59 54 81 -79 81 20 -65 70 14 -6 -23 -98 -46 78 -7 -51 -13 53 4 17 -59 -22 -86 44 76 87 33 -51 81 39 3 81 22 16 -51 19 -62 13 83 33 72 -7 20 93 31 -21 -24 -84 -38 -30 -70 22 61 -53 74 -97 61 56 49 88 43 59 -75 39 82 -38 -49 78 -58 -3 15 
-54 -87 -43 -99 -81 -87 13 -28 -81 21 21 -97 48 53 41 -6 22 -40 20 86 -86 53 -96 40 -71 -33 43 -33 -78 -86 -48 -17 52 -69 30 -76 -44 37 84 -17 -97 5 -52 18 69 53 -53 97 100 -66 -29 -92 52 80 89 -65 88 -13 -38 10 -10 11 66 91 -7 61 43 64 -59 19 -8 81 24 -13 92 -77 1 11 
-74 -63 84 -58 70 48 -30 33 -34 7 -41 45 -19 -54 -52 65 -5 -73 97 -56 65 38 40 82 -26 -66 61 10 22 -27 -98 -52 -60 -97 -47 72 7 11 -55 -49 53 -19 -53 -95 6 13 -89 -88 -81 -7 -5 4 -99 62 -24 -80 67 49 60 -7 52 62 90 66 -93 -23 9 -36 -74 -100 -38 57 66 63 -18 100 66 50 
36 -13 -97 -8 -33 -39 78 40 -16 -63 -88 21 23 39 14 57 92 22 16 -34 95 83 -6 -83 31 -75 -75 -86 53 86 -84 -26 60 -56 8 -32 16 62 -76 40 -27 69 -62 100 62 54 -73 26 8 -87 43 -2 -86 -44 31 -23 -6 77 91 51 76 -5 -58 -33 -82 -4 -49 14 -35 -2 87 52 65 28 -72 -83 -43 -27 
12 87 14 -23 -93 -98 -18 28 42 55 -90 28 50 67 -85 82 -70 55 -38 -10 67 22 -13 -61 50 31 97 -6 -88 -73 78 -54 -48 74 68 92 59 -15 -77 -70 -99 49 -75 -81 -7 -66 -2 57 -9 -98 -1 41 24 100 -43 -43 79 27 43 -86 -46 61 12 -22 -38 73 -33 -1 -92 97 1 -36 95 -36 12 -46 41 -70 
23 36 -43 4 25 52 -63 -10 -11 9 76 -2 5 -49 9 -11 -48 30 -61 61 53 33 99 -3 49 -57 62 -24 -96 -43 64 -14 -33 -40 21 79 48 -2 -66 -52 92 -84 58 5 -29 46 71 5 91 27 -23 -22 61 63 53 -86 78 61 -57 -43 -53 -100 -58 -87 93 85 2 -81 -53 91 -31 68 61 -47 -8 47 -55 74 
93 10 76 -23 16 -52 82 91 -71 -55 38 62 -63 -74 47 -8 29 -47 -7 -5 14 48 59 62 94 -69 38 -75 59 -24 33 -80 -92 76 25 -61 -50 83 7 67 98 -51 -46 80 50 -18 77 47 -50 -97 -7 -73 -4 68 -83 -23 -30 95 -38 15 70 49 64 43 8 0 -2 14 -76 -69 -62 14 -83 40 -27 48 -89 -9 
89 1 54 20 37 -14 -49 -76 -86 -40 -51 -3 -19 -86 -85 -90 -34 -93 -75 47 25 -73 87 17 -16 65 -63 65 75 -41 36 -89 -64 69 -48 44 81 -1 -3 68 -91 -90 -71 12 -95 72 15 72 72 14 -67 30 -1 34 -18 -77 -88 50 -42 -11 -52 54 94 -71 -57 44 -41 47 -28 -22 79 19 -83 74 88 -30 31 -25 
97 -98 -74 -61 87 -75 24 16 99 54 -97 69 -42 -90 -62 16 -68 29 -15 93 73 19 40 -85 90 86 -57 -50 -5 -77 -7 9 -66 33 31 -32 93 80 76 -42 -43 -45 49 -57 -73 -73 -3 82 4 18 75 38 -51 -41 12 -69 4 43 37 22 -55 -21 -3 -12 56 19 -58 4 9 -51 -92 60 -42 -41 49 13 -76 46 
61 -36 -5 -57 -97 83 -68 -38 -3 -29 -83 46 -91 -48 72 79 75 -85 66 -44 47 9 84 87 93 -27 -43 87 14 11 36 88 -67 99 16 63 -15 -13 59 60 -53 -16 48 73 60 62 -70 -58 70 -74 -62 -32 -3 65 -31 100 -64 -15 -35 68 -37 30 -37 -73 -3 -12 -70 52 -88 22 -74 62 -17 -37 56 96 60 77 
-81 -40 -44 90 70 -58 25 85 69 -85 40 71 -29 -70 24 -28 56 49 -84 -73 -89 73 10 -19 49 -54 100 69 -44 27 11 47 -87 6 21 -35 57 30 -37 77 -27 -82 87 90 -21 5 -29 -13 22 60 85 -20 -72 -76 4 -30 6 95 27 -91 -36 -54 2 -100 33 -15 89 54 -69 -95 -7 -32 19 -13 -90 57 -13 -11 
35 -56 -51 -60 60 -17 -46 -97 -69 -47 -15 93 35 -97 80 -95 -65 52 80 -89 61 -95 -27 -9 5 -72 -10 -47 61 4 13 -15 -13 40 -69 53 38 -53 -31 99 29 -23 -73 9 -60 100 -5 -37 -36 52 12 22 48 -18 -23 74 32 1 -62 70 34 -32 -84 -50 -56 -54 -30 -35 71 40 21 1 99 -99 -44 -2 44 34 
-40 92 90 53 33 64 61 60 -53 -94 -57 -60 -51 -54 -97 -83 -68 14 -93 -9 -68 4 66 20 85 86 56 61 65 79 34 -11 59 76 -81 -2 -38 71 -54 -1 53 94 -31 47 81 36 75 56 27 -95 -92 25 -28 21 -61 44 91 69 63 -27 -74 -11 74 94 88 68 46 -67 79 -85 -12 52 49 -42 -72 -27 -58 0 
-71 -84 -20 -92 -97 -27 20 79 44 -69 83 -64 -16 -57 -70 -34 36 -80 63 -52 72 -1 98 49 44 -70 -32 -97 90 -89 45 23 46 -22 94 -34 17 -20 -21 3 99 100 -92 -8 -21 57 -70 97 37 28 -37 -11 15 -15 -41 62 3 -27 27 -60 -68 9 -53 -1 16 -20 -94 22 82 29 -57 -87 52 -94 86 80 74 -89 
-36 0 70 50 57 64 -94 -26 12 45 80 18 -4 -28 51 20 -28 -29 80 55 -41 54 -66 -38 19 57 91 15 -51 -24 63 -52 47 -70 23 -74 73 -25 -28 90 52 54 71 65 96 -56 98 -70 64 -4 11 0 4 95 3 20 22 -73 78 64 81 -91 -11 72 78 60 -41 -13 39 19 -48 -65 -44 37 11 -95 -7 -7 
-80 66 65 58 18 -63 61 100 -97 -18 23 -58 -52 -91 -45 -4 63 -35 25 -21 -75 71 -20 -35 -96 -4 -70 -85 80 -56 -66 16 -51 77 -1 9 97 -51 75 -50 -79 84 25 97 75 28 -66 99 -1 -13 20 83 -73 1 -72 -17 3 -79 88 68 -85 76 -76 -58 -84 -91 -93 -93 -97 -56 66 -97 9 -25 -67 -77 -58 -66 
-76 10 0 -18 79 -83 -70 44 -18 -74 -37 -27 -5 80 -73 -40 44 21 76 -51 89 -16 22 22 -64 -28 72 -37 -91 -59 -7 -41 20 -40 -1 -91 -56 -79 -27 -19 47 -84 60 -93 67 -14 61 -94 -91 -43 66 1 -42 4 52 48 66 61 -94 -62 -27 -97 -17 -48 -28 -14 -39 -19 -61 24 18 -48 -87 -66 -68 -81 -96 86 
-32 -50 -28 73 63 41 -47 -87 95 -66 12 76 -11 42 -24 -73 10 -63 -52 -14 86 36 50 28 -49 21 68 -42 -75 20 -12 -2 79 90 -81 64 -24 9 -99 23 64 -16 48 -56 62 -82 -15 -15 95 40 -52 -14 -87 -95 72 -34 79 -41 -63 14 63 82 -23 -13 24 67 -53 25 -55 -81 -8 79 84 36 66 -95 21 49 
-18 23 -61 71 26 37 100 -78 28 -17 70 53 73 -33 -82 63 -50 -67 -91 -92 -51 29 -34 64 60 -28 19 74 -42 9 53 78 -27 88 42 38 18 22 74 80 8 42 -9 -68 -28 86 -89 -3 56 -29 -98 -90 25 -29 -77 -21 -30 -59 -59 -14 -36 39 17 20 -81 -69 35 -97 -83 -99 30 -38 23 -45 47 -42 -27 -67 
99 65 -94 -77 54 83 -55 -82 -41 64 -30 -2 -76 47 98 47 -15 -93 67 -72 -24 -24 10 -37 45 49 -65 -8 -45 3 -47 88 -2 -67 -70 -2 -12 -68 0 -32 37 -99 83 7 -71 -12 90 55 -79 -29 58 21 -29 -4 -36 -38 31 26 3 10 -20 77 -8 -53 -99 -24 67 42 37 -32 -56 20 -56 -60 -76 -3 -81 -55 
13 68 -30 11 -62 -33 -57 -45 20 -35 16 -79 -99 14 -100 -9 92 99 -76 -94 24 -6 -68 -62 -22 -94 51 78 69 -99 -39 -55 -79 13 -14 93 -55 -72 -17 -88 33 83 -47 -41 -49 39 -16 37 -39 84 -8 -7 20 56 91 82 78 -23 42 -6 -28 -97 6 71 67 30 -84 -1 -11 -43 -100 92 -71 -93 -30 26 -66 -49 
-52 35 -45 76 7 -3 47 9 17 -29 60 -44 12 100 1 -100 61 -85 -69 45 37 44 -77 -80 8 74 57 95 82 57 -91 -6 -70 -51 -19 -3 19 80 -39 93 92 -27 41 39 90 -70 -72 74 33 61 51 -59 -71 47 -53 22 48 76 -8 -8 7 88 -83 -18 38 -63 -94 60 -87 -62 -46 -9 77 40 40 -30 11 -45 
-27 -21 25 -55 -15 -87 63 70 -94 -83 -94 -29 5 -38 92 -70 -61 -54 10 -47 -62 32 100 -88 -10 18 14 72 -32 64 85 -77 -43 93 94 14 86 -28 78 -87 -25 27 -76 94 74 -91 82 56 36 31 15 -18 -97 -62 -24 65 -75 70 -19 20 -35 -2 -47 42 -88 -24 -92 50 -86 -24 58 -24 -76 83 35 -60 -96 95 
14 -96 -1 91 -99 91 -57 -63 -54 35 -41 -27 99 -8 -75 51 41 -74 -45 -5 -14 -12 -94 -76 -30 24 91 31 -89 5 10 -41 48 -46 79 -63 88 51 -32 -77 4 20 -2 -99 86 -84 61 -83 -47 91 1 65 -88 -84 41 -33 32 70 19 20 -68 -44 -69 82 68 17 -76 -20 5 29 73 60 -27 24 -47 83 28 99 
-85 67 -39 -94 58 90 -9 54 -63 75 -2 64 -46 87 -94 47 -72 95 -27 39 55 86 83 56 -91 40 19 -19 -83 30 -63 35 -90 73 86 3 55 -14 -10 67 28 -61 -69 -97 16 -15 -29 -23 8 -64 98 84 -17 -41 36 52 79 -71 57 -86 -40 -35 20 33 41 97 67 37 -2 100 4 -86 -47 -82 35 -63 -87 61 
47 33 -74 -34 8 68 -24 -44 34 90 -33 -21 44 45 53 -93 49 -32 -44 31 -8 0 19 -51 -34 83 -23 -80 -77 -53 99 65 19 -33 21 -97 32 77 27 67 -14 -86 12 75 8 -1 -29 13 29 13 37 -97 96 53 38 -77 -16 -11 26 -18 -46 -17 -89 -33 14 79 -81 89 -78 -14 -3 -24 8 88 -90 10 12 -29 
18 -74 32 47 -40 -56 68 -16 -20 -55 -35 40 -49 80 45 -91 -98 -92 16 66 89 -26 -4 -36 -75 -50 -7 58 3 91 -39 23 -17 33 62 -66 -91 1 -48 -34 54 -2 -82 51 -83 -3 -45 63 -90 4 80 34 96 18 -45 23 -83 -5 71 -58 -97 62 -16 47 62 21 -4 45 -77 82 -11 -86 31 -87 3 15 56 -41 
55 25 -87 -19 64 30 -40 -75 93 10 42 -7 73 38 -43 72 72 59 71 -52 -42 -67 91 -63 90 3 39 -75 -57 41 96 37 2 49 -22 68 -69 -74 84 -15 73 97 55 -88 -63 45 -65 -94 -22 60 -84 20 60 -90 -25 21 23 -61 55 32 -56 40 -77 13 61 57 88 25 -32 87 -44 -96 45 -56 -12 48 65 -35 
-33 -41 -19 29 -36 -86 -20 -75 -48 -57 -72 -12 -34 -29 -21 81 55 -34 80 36 -23 17 54 72 40 -54 -9 88 68 26 10 76 56 69 -88 -71 -42 75 -35 96 14 -2 35 53 -77 -86 -33 85 83 -32 3 -90 27 34 -37 94 -62 46 -53 35 -16 -4 -61 59 29 -1 38 0 -56 48 64 -11 89 -60 -39 59 -83 -88 
-17 -45 -97 -100 -95 9 81 -48 -31 -8 -14 -100 15 -24 4 38 -90 -80 29 33 13 58 -13 88 24 58 78 -24 -31 100 -50 -82 -2 39 62 87 -52 59 -81 -60 -75 -30 81 32 -62 81 80 -97 -78 -88 80 61 38 37 -51 -39 90 -25 -94 -86 55 26 21 58 57 -38 -35 -18 -40 26 -6 -88 47 -100 73 -37 31 32 
0 -25 -14 -12 -50 -76 -17 40 -41 63 3 21 4 25 35 53 65 24 -56 -86 -71 -52 100 -70 -58 -85 20 35 12 -21 -81 13 -60 4 73 -31 -9 71 -80 70 -59 -25 -45 -77 27 3 23 -42 2 -74 22 -94 -12 -34 -75 11 36 29 -31 -56 44 -51 73 -24 50 -78 -78 45 -31 -1 -23 83 89 60 -7 98 -25 -43 
-44 -50 -8 -88 63 60 82 44 -34 62 79 32 95 -96 -38 31 -91 -39 46 -69 33 -31 -73 64 85 -32 91 -76 -28 -59 -97 88 -95 75 -3 90 6 -19 -32 -85 -64 15 36 45 -32 -87 -80 83 -10 2 86 -86 18 -89 -16 -9 4 -5 -39 -78 75 -24 -38 40 -61 -6 99 -29 64 79 51 -22 0 6 -53 36 -52 11 
31 66 -13 29 -47 25 84 45 19 83 57 92 -84 -59 -36 -52 -1 -44 67 51 30 -75 39 92 -11 70 -53 -71 44 -55 -87 -86 44 -100 -14 10 -31 99 28 -23 -60 -65 73 -66 57 -42 7 -81 82 1 -6 60 52 99 50 26 21 90 -7 -34 -14 37 52 -73 4 -88 -36 86 -84 42 65 42 -8 55 -13 33 -57 -6 
-65 26 30 -74 -50 -68 53 86 -32 -98 -32 62 60 -28 -97 52 74 -2 35 84 -88 -51 -6 48 63 -36 96 85 18 64 -13 -67 73 73 23 -83 -73 -76 -12 -20 -94 -97 8 81 30 77 12 -95 -64 -43 54 89 -84 66 26 -16 -90 45 20 -77 -11 45 22 -10 -51 -8 17 80 -1 74 -56 -78 -21 41 20 -92 14 85 
-67 78 32 58 -37 43 -63 -67 -93 -49 -48 17 0 -41 -74 -23 -52 38 -13 93 82 -1 40 -98 96 -77 5 21 -95 -95 65 58 85 -61 -54 -15 -22 -14 67 -62 -97 -66 -58 -30 26 -55 59 61 -42 41 69 -26 4 55 37 22 78 -14 -66 20 80 -93 -62 33 -73 94 72 35 -26 -30 8 5 -16 53 -75 100 -68 -10 
84 35 -71 -50 -27 78 -94 -5 42 -58 62 -94 -80 73 36 -16 5 28 -67 84 -51 -58 -78 37 47 -70 -36 63 30 -83 -93 -57 96 91 -44 -9 -43 55 34 66 66 81 93 -27 16 65 88 -50 -34 31 11 -85 14 -57 92 -48 -56 72 24 -40 -4 -51 53 39 -24 10 91 -75 42 20 -91 60 77 -60 77 89 -38 -22 
-78 61 -45 80 97 67 12 83 -52 -25 -87 -83 42 34 9 34 -83 -14 -59 -26 78 -96 0 76 45 -35 23 72 87 97 -3 60 43 96 62 -28 -88 -10 -71 50 16 -59 -68 -95 53 18 68 8 21 73 11 50 -52 -9 -55 66 38 32 -85 15 9 -70 67 27 -84 39 77 -82 -72 57 -61 -81 -22 -28 -77 80 71 90 
65 -53 63 -88 -22 -3 6 -26 77 5 16 -13 -54 69 -83 -86 5 54 -39 -98 64 25 1 56 7 67 -100 1 -65 -3 -11 34 -4 -54 19 -46 99 -53 75 56 -73 38 -40 25 -50 -7 -67 36 54 45 92 -75 -42 63 -39 -31 -78 -68 -9 30 28 -38 -12 83 30 -49 13 85 40 18 -18 81 7 68 91 -12 -89 -11 
-86 -28 14 81 -1 -64 34 35 29 60 33 -34 79 -1 18 76 -73 -69 -35 -80 42 -5 93 79 13 82 -43 -78 -84 79 63 10 -73 -7 39 15 -53 -18 2 -42 33 40 54 76 87 38 27 2 -58 30 -60 10 -35 -60 40 15 95 -77 -100 -64 54 -91 -25 52 -95 7 -7 -65 43 72 -74 3 -5 -62 -15 -56 -38 -74 
-67 49 -74 50 30 -27 52 -35 -3 97 -1 -86 3 19 20 81 -1 -29 -19 -10 18 21 -21 -58 -80 2 -69 -86 51 9 -87 -7 -15 -77 -85 -24 -96 -72 38 -33 -47 83 86 11 74 -12 22 52 -68 -10 8 -89 64 -75 -45 -76 -39 -42 -37 12 -58 -93 -5 18 65 -55 -86 72 65 -40 44 -72 -14 -57 1 -12 -65 -4 
-12 -62 -44 -27 65 -65 11 -6 60 -54 -11 31 44 52 -57 85 -47 28 10 -14 -37 -79 41 -26 -44 -65 -79 57 74 12 -71 17 -5 4 -65 -11 81 -81 77 -31 -61 -69 16 61 97 -63 -50 17 -27 43 92 -30 -92 98 -73 -16 -84 23 31 27 18 25 -12 -78 25 -76 -13 -3 -89 45 -92 24 28 -70 75 -73 -78 -22 
76 49 76 -89 -4 0 8 -95 -30 19 -32 -57 -40 35 -20 74 47 72 79 -53 -75 73 -19 91 -1 -27 -40 -98 -71 -48 8 82 -47 47 -22 -95 -89 84 91 47 -60 42 -82 -82 48 49 42 -88 73 -54 17 -71 -40 50 15 89 -49 36 47 82 -83 -25 15 -82 -32 59 -2 -52 78 3 53 -85 -28 47 -90 -27 -16 -27 
74 -56 -67 -10 -94 62 30 -39 100 -79 -90 -45 -18 -67 15 -21 65 99 91 -98 70 5 75 27 54 -38 -76 30 49 -18 0 57 -16 36 74 98 -7 27 89 85 34 -46 49 -22 70 56 -25 40 -48 -22 -9 -47 -89 -47 -57 -96 55 93 -90 -34 97 68 98 39 -21 -80 -6 8 -16 47 71 -7 -3 57 64 43 70 24 
-10 -26 12 22 0 8 46 -84 -19 -77 53 31 -45 -77 -80 -49 17 -45 62 -75 35 -53 -100 3 66 17 -35 -36 30 -28 -77 11 84 -43 4 -52 6 50 22 -70 20 -68 -91 16 -36 -15 59 -44 90 28 43 -58 6 76 -5 59 -23 -1 51 22 -38 29 97 -79 -86 -52 9 -23 -10 -5 -46 -28 -59 -65 -78 18 75 -47 
88 23 -24 -77 -54 -36 78 -68 87 -52 -80 67 -76 -81 42 -76 98 45 -24 -70 42 66 -89 38 -53 69 -91 -49 99 34 -81 -91 -93 58 48 -11 -34 67 13 -63 62 60 25 100 24 15 93 40 71 16 -6 53 22 -58 69 19 87 69 -100 36 59 57 -83 60 -65 -40 45 56 79 -90 68 40 46 -94 -26 -44 42 91 
23 -99 54 53 71 -1 -83 -67 11 51 31 -53 -3 37 -47 70 32 -11 55 -68 -16 24 -52 38 26 -76 31 -27 -70 57 -9 57 -26 -82 22 51 44 46 -13 34 -12 -80 -40 -26 -75 -59 -92 64 -97 46 34 55 -62 9 93 -68 -98 -92 34 49 73 -31 68 -20 78 -81 90 97 16 -92 -95 66 -67 87 71 -43 65 -30 
78 -66 49 -13 95 -94 -82 -19 -10 82 -11 57 59 6 -46 47 76 -86 -28 13 49 98 -32 23 -70 97 100 -36 34 -43 -54 -40 -23 51 -13 -97 0 50 -18 8 -50 2 8 84 36 44 74 -70 50 51 75 -11 -80 -71 45 5 -96 -70 -28 100 -98 28 -29 89 80 -47 -66 7 -51 -46 -67 -18 -33 58 11 -34 -32 -61 
-27 39 -49 -73 19 -59 33 44 -99 -86 -50 -36 -21 -68 75 -27 -78 -3 -11 15 -80 46 -22 -63 2 -78 -4 56 -5 100 53 57 -5 37 56 4 -56 86 24 -54 -49 31 -49 -85 89 -49 -45 79 -5 -4 74 -49 -77 84 -70 96 -73 93 58 -75 -48 -81 -37 -29 -37 -65 58 97 50 2 -39 90 -43 41 -82 72 100 33 
87 66 -35 -23 28 77 84 6 76 -98 58 -49 15 -31 -63 57 -50 -55 -70 -38 77 -71 52 17 42 -69 -26 -10 -98 2 69 77 -40 19 -13 -52 94 -89 -24 -13 6 99 -49 18 -65 -83 -71 -86 -41 -76 94 80 -75 -8 -45 -91 -89 -40 -4 -14 36 -57 82 70 59 79 21 -69 67 42 -29 -58 -30 -7 56 20 -39 35 
-99 26 67 -18 76 14 -70 70 77 -35 -48 83 -10 25 -79 53 -94 5 -22 -80 89 36 58 80 -52 -65 89 9 84 -44 -71 -63 84 85 -25 -24 -18 -74 64 72 -12 90 -46 81 -50 72 -96 -71 98 74 -78 84 -81 -62 -18 21 -4 -83 17 -56 63 41 -58 -87 -56 57 -63 27 -34 -90 82 41 54 86 97 86 25 -98 
34 8 81 8 -11 -1 9 91 13 100 74 -73 27 75 87 66 89 5 55 15 34 85 -31 68 -85 -44 -10 82 -37 61 -82 10 14 66 89 3 69 -36 34 -65 65 8 52 -76 36 -81 -10 36 20 -8 -25 53 29 -76 78 67 -73 -34 -24 -81 -79 60 23 -82 42 54 18 93 91 8 -82 49 80 -6 63 -72 -85 -51 
69 90 67 -72 -74 23 -69 -59 47 -71 69 71 27 58 37 93 64 -93 -64 42 0 -5 -21 18 -43 40 -97 -18 90 92 -59 62 -16 73 -77 52 28 -95 85 -45 92 -56 42 26 -32 -32 -61 -87 -68 -96 1 -10 -6 69 61 -5 -50 -20 -38 21 -93 29 68 44 -45 -45 13 -75 -74 100 13 -71 -98 73 -69 54 -15 8 
40 -33 -18 31 -66 31 -75 -60 24 -77 -18 -17 -26 58 -90 86 -49 6 34 -92 23 -91 91 96 39 -53 69 -37 -71 71 -40 33 91 -39 -96 -88 14 25 16 -71 -13 73 20 24 72 35 -98 -96 46 1 -73 19 78 -32 93 -84 18 97 -19 -83 -25 -78 -13 32 47 -8 28 48 -14 -67 -43 15 16 9 4 53 48 62 
-87 -64 99 62 89 -43 -31 6 -42 -1 -64 -87 -9 -27 -51 -11 -18 -40 -24 1 95 96 80 -84 -91 -16 50 96 -95 -3 65 -35 -20 48 12 -22 -80 -9 35 85 4 38 80 39 100 -80 -19 -53 -39 92 -91 -19 54 -88 19 35 -89 25 -20 45 78 -92 0 -91 61 72 -40 46 -63 -45 41 -28 42 -83 17 -16 7 -54 
-51 -53 -79 62 -99 -37 -60 -88 -37 41 -36 -39 28 62 32 -47 89 -100 -97 59 -22 -57 -12 -42 60 -76 70 -92 46 0 33 -85 -41 -49 -18 -63 26 54 16 28 -99 -80 10 -35 -13 94 44 -4 53 54 57 14 -5 90 53 -50 -44 -5 -65 8 66 -85 -47 -80 7 37 36 -69 81 58 44 -60 -33 15 -49 -24 58 -37 
-64 16 -58 47 78 -56 89 -20 27 28 72 -17 -20 -63 53 27 7 23 -80 -92 12 83 -72 45 -15 14 -92 8 -34 -60 47 -82 8 35 -97 -60 -66 87 -54 0 -2 49 3 -96 -44 35 20 -96 22 -37 39 31 88 -62 -48 -50 -83 50 -19 84 99 56 60 -43 24 13 53 -17 64 -60 92 -86 59 83 45 0 28 8 
72 99 5 15 67 -87 22 51 -65 -71 79 -10 93 -56 -96 94 -87 -84 99 -88 89 30 -91 -59 9 -11 -4 -25 -30 -30 41 30 -5 18 5 -100 71 -85 34 -25 15 -15 92 45 76 -33 -75 74 -71 -1 -46 -18 57 -4 -78 86 94 -9 85 -4 72 -48 32 -6 -44 54 91 -99 -56 10 -44 82 59 7 98 -31 -90 -45 
16 9 59 1 -34 98 -52 -21 94 40 -48 -88 4 -54 -51 9 -98 -85 -34 -20 45 -57 71 66 80 -80 14 31 37 13 -27 -71 45 60 34 35 29 -65 -47 -39 99 62 -84 -74 -52 -41 -2 25 31 -61 14 -6 -13 -88 55 84 24 -50 -70 -95 -71 -34 83 69 0 63 100 -98 -35 2 -48 34 70 99 -86 -80 16 3 
0 -42 -46 -9 -33 83 96 97 -54 -47 -50 15 2 -14 -1 86 77 -6 25 -43 27 -92 -51 36 8 99 86 -1 -37 -90 -48 78 -36 -9 -65 48 -16 -10 -78 15 36 -35 -2 -56 -11 -65 -87 13 40 94 -99 96 97 -17 84 24 -54 92 -15 52 -49 -75 -41 -87 71 -94 -55 33 -99 -4 0 17 -4 -52 67 -55 -97 -4 
-4 -30 55 -9 16 2 76 -68 30 -11 -64 -15 -3 -10 -94 31 -94 69 11 46 -8 -8 78 -95 -11 -25 -8 -1 -79 -86 -23 72 -31 49 -97 14 73 -50 8 61 -5 -61 -43 16 50 21 -49 74 20 -73 -63 -4 -95 50 14 99 -23 38 86 -52 -61 -100 -55 -16 72 -68 -51 48 39 -38 97 65 -22 42 -72 -18 93 20 
-15 -94 17 -15 51 -36 17 -71 -20 -18 60 -63 8 -32 -15 -73 6 -67 88 56 -85 43 89 -40 -92 99 15 9 56 22 -49 -49 -35 -61 18 3 -95 -25 6 15 -77 18 -74 3 80 -89 75 78 2 -10 73 49 91 -94 -21 -61 -92 -90 -62 53 -96 -81 84 5 9 -71 -95 37 97 12 32 -21 21 -64 -26 24 -50 -57 
65 -68 -24 -65 -20 -28 88 -55 -22 -92 -25 4 80 -95 -11 73 34 57 44 -23 6 -10 18 -26 83 -56 76 86 -13 73 32 56 -10 -37 98 -68 -19 -76 24 -3 -90 32 94 72 -57 -36 25 5 -69 -3 81 79 29 38 55 -72 68 17 -100 -33 31 33 2 30 17 -4 -35 -50 97 -91 9 14 -28 3 27 93 -78 41 
-29 84 85 32 89 -18 20 29 36 -63 69 100 98 2 -32 28 -49 19 -4 -85 77 -81 -41 -88 -50 25 -92 14 -78 70 31 95 -39 -21 75 50 -18 39 -80 7 -16 65 -66 80 -71 34 -6 -40 -50 -61 90 45 -21 -18 -50 -65 17 -85 5 -95 86 14 -20 66 39 -59 -12 69 21 -80 -51 -91 -30 21 -8 97 -76 66 
-16 100 64 -20 -63 17 33 83 59 4 28 21 -3 -31 97 -73 25 92 33 49 59 43 17 -20 86 -13 -89 -16 -56 32 -64 35 66 81 33 -83 50 21 -40 50 -38 -32 -15 -54 -63 -74 43 86 51 -23 -29 -59 -11 99 -46 19 -81 45 34 -49 88 31 32 -36 6 3 -50 100 -3 -63 -49 -82 42 32 -59 0 93 -50 
44 -89 -22 -55 55 21 84 30 70 7 15 -31 16 -21 -42 -54 -19 8 17 -62 8 36 -34 -48 63 -59 59 82 15 -50 -14 -17 -8 51 -86 41 11 -20 18 -68 -62 63 -18 -43 -44 -54 -86 13 84 25 78 40 40 62 67 59 -85 44 17 33 78 -57 -28 36 84 41 -80 67 51 56 11 -66 29 -31 61 42 70 3 
34 -55 86 41 31 55 29 -53 -92 -17 -9 -80 -9 -20 0 0 -84 25 23 -16 -30 -26 15 -91 -66 -77 8 -84 22 72 4 51 -54 67 94 -12 38 -96 -82 -61 24 59 75 64 -15 -81 -34 -74 -55 11 55 -95 -19 79 -77 -70 -17 19 18 -74 -29 -15 94 54 44 57 -77 -59 -37 -54 82 49 -40 16 46 -48 10 73 
45 -10 -47 -92 80 -79 -65 90 -95 64 75 39 49 -3 -74 33 22 29 -86 -62 96 78 63 65 47 -85 75 19 22 2 -6 26 32 76 91 55 99 -55 -32 13 43 -84 -41 64 92 87 92 48 -20 -72 -45 -21 74 25 9 1 36 -82 -9 -78 89 -11 6 27 48 -6 96 48 30 97 -47 60 -63 85 -33 44 76 63 
-87 -79 -19 -20 -33 75 -68 -5 14 96 -2 19 61 28 92 -60 15 1 10 -73 -40 -57 -85 0 4 34 -57 -87 58 -45 -4 97 26 17 -30 42 19 62 88 7 -12 29 -88 -2 -8 -43 -37 -26 -36 -83 -48 29 -1 73 46 41 -33 -70 -74 -79 62 -2 21 67 -72 43 -9 -96 96 -46 46 -23 53 -23 -5 -78 25 66 
10 -71 -25 27 -23 -47 40 64 24 -40 -14 58 33 9 -32 43 88 57 60 -86 -53 -47 -28 -99 68 -30 87 -40 6 -44 27 -59 33 -58 -74 51 -48 93 22 -57 -52 -1 -93 -88 -58 36 -35 -33 -14 -28 47 24 -26 39 64 -62 98 6 18 8 75 -46 -10 -67 65 -49 3 -8 88 -53 -78 37 86 40 -99 97 -80 -18 
18 -52 69 -62 0 50 97 52 -43 41 10 -72 15 68 75 -52 41 59 82 -96 22 96 64 -99 -20 43 14 -52 36 -79 14 -77 47 40 9 -73 -58 24 -45 -46 -90 -69 81 -62 12 80 7 18 -96 7 87 2 -13 -68 -20 27 -100 -87 -2 -94 55 -90 -3 40 57 2 -69 65 -27 -12 -81 -33 97 -62 56 -30 31 96 
-6 50 -14 -42 23 80 5 79 13 49 15 -89 -4 46 -40 -11 -52 -4 50 -81 -11 -94 -80 57 -40 66 5 -96 -89 -49 2 -37 76 84 -53 50 43 -16 47 27 41 -60 62 -82 -9 77 -91 -29 -62 98 -48 77 66 -91 85 24 -82 28 -63 -50 59 -52 -83 54 -32 48 57 72 -76 -9 -43 38 -22 -27 77 66 -46 70 
-46 -65 -48 74 18 64 -74 -88 59 -77 -22 -2 70 83 -23 42 -14 -93 -27 30 -11 -62 37 11 -32 19 -19 99 -45 22 -10 -79 46 41 -88 34 -2 -7 -16 -43 49 -70 -12 -57 -49 -33 12 44 79 -79 56 41 -13 1 97 35 -44 -1 3 39 20 59 -49 88 93 -2 -14 48 -12 -51 76 -63 16 67 -14 -22 68 -11 
40 -58 66 53 -89 -93 -20 -55 -18 -25 52 -17 31 -94 65 10 -55 37 -27 -39 -97 -96 -14 -11 1 19 -30 -45 -29 42 1 25 44 88 -1 -32 63 64 -35 59 -62 -4 -51 -50 16 -70 -96 -31 58 81 2 -16 57 46 -12 -9 12 -4 -7 74 -15 -23 -54 63 -85 54 -11 -46 -61 -85 -11 47 -68 -72 65 22 -62 15 
46 77 -35 73 10 -46 0 -31 37 43 80 70 98 -55 80 25 22 -30 16 -54 14 -71 39 -89 3 -80 -98 40 44 -60 -86 5 19 45 -29 -19 69 -74 43 15 -44 78 3 58 -75 -48 4 -32 -2 -76 -44 31 44 -34 25 -19 -42 -22 -82 75 -32 10 87 33 -21 -24 73 82 79 -8 40 76 46 63 -8 -11 33 68 
74 -18 -41 36 45 65 -15 -95 -54 81 -73 -99 17 59 -87 -62 62 -83 -36 -90 -99 74 -89 -48 20 -79 9 68 -97 7 14 67 58 0 -66 71 49 40 -68 95 54 59 20 -38 10 23 -100 61 23 -99 -20 33 -91 -29 -44 -82 72 69 41 -3 -60 -23 -43 -44 -46 19 -29 39 26 84 -96 -88 83 -24 -29 -18 21 -66 
-91 98 -53 -58 39 -61 -90 7 70 -30 -95 -98 93 51 57 50 -11 34 75 -19 18 -35 73 23 86 10 33 95 -73 49 82 7 72 2 47 -68 75 -26 74 -25 41 42 82 -55 -44 45 36 70 66 -36 -77 -56 -51 -18 30 5 -56 -98 -30 77 -5 -98 -83 -89 39 -8 -92 27 -94 -18 -26 72 98 -86 -89 -64 -77 66 
-93 46 -23 35 -67 -75 60 -97 -27 78 10 -84 -86 -2 48 -40 -9 -83 -78 14 66 -94 -61 -34 96 -15 85 88 75 -61 -40 33 51 -79 70 -69 48 -20 41 22 50 -21 32 -57 -91 68 50 -29 82 -65 57 57 14 -11 6 -31 -56 33 -72 -45 10 80 10 91 -70 97 78 86 -90 62 -19 86 48 45 -63 94 76 24 
-82 58 -27 -61 -5 -20 59 -16 48 64 0 -56 31 63 -76 3 -44 -89 -79 -47 -92 59 -6 -32 -5 49 -27 -95 -72 12 41 76 71 33 35 97 -34 -50 60 -10 38 61 -59 39 -6 -32 -83 -41 25 34 -32 95 60 26 97 -44 -67 54 96 -31 -18 94 64 -77 9 12 98 -88 20 49 -97 -15 88 -23 -92 55 72 -17 
85 -88 37 -98 -76 -37 -28 -92 20 -46 -87 30 -41 87 -23 -100 24 -21 75 -54 -66 46 86 72 79 -35 6 73 -13 76 -39 19 83 -73 99 48 -13 95 19 -90 18 -58 -16 -15 -30 6 78 -100 -43 -93 -94 -54 33 43 62 -37 -30 -30 83 48 -27 -3 -37 63 -36 -71 55 68 5 42 -11 48 -20 76 -34 9 -21 -45 
55 34 20 25 17 -66 -82 -80 25 -60 64 -87 26 -93 -81 99 82 60 92 38 -84 -52 88 -18 93 78 77 75 14 -38 -92 -41 55 -89 -68 14 8 -66 28 -10 -78 -5 -80 94 81 38 11 8 -98 69 58 80 9 -64 -73 -94 75 -25 98 -86 -32 33 -31 -97 0 -53 -97 52 20 37 72 -26 25 94 3 9 43 100 
-39 -84 0 85 37 22 -11 51 -15 -79 -59 15 -52 -70 74 36 -35 -86 50 65 -54 -3 19 10 -43 6 -31 99 28 65 56 -69 4 83 75 -19 98 -63 -14 -4 81 52 45 -9 92 13 -22 21 -51 38 -13 36 66 -59 58 -73 -4 81 -38 93 -29 -83 -39 -27 96 95 77 -43 95 -13 -81 16 -3 51 -8 48 95 -16 
-39 -79 8 -53 64 98 85 -75 -19 46 -27 88 17 -78 -2 -27 -31 -2 65 -28 51 -76 -33 -17 -78 -3 100 -47 -58 95 72 -98 -60 -84 51 -16 -25 4 48 -87 -96 -52 -2 -7 12 43 44 74 -57 -36 71 -84 25 38 -31 74 5 11 99 50 -5 -64 38 -55 -49 -62 78 38 42 -100 16 89 -59 -61 -26 -49 73 36 
70 -25 -53 72 -38 9 -39 9 -84 -40 72 -37 -2 -10 17 -15 47 -61 -40 -16 56 59 68 -14 -71 -51 -56 -98 -10 71 28 -25 70 -21 61 99 -54 -93 -43 -68 96 25 28 77 -71 -84 42 -14 -50 -1 97 27 -87 50 60 97 -85 -22 3 -37 37 6 96 -33 7 -56 63 35 -95 37 66 78 -96 -95 38 28 17 77 
-19 -70 -10 65 -74 -69 -96 57 -25 27 74 -33 99 61 100 59 -70 -10 98 -94 18 95 71 28 48 52 -95 -80 -24 -30 -17 57 45 72 54 66 -65 19 85 72 74 -75 -6 -87 25 28 60 -51 -84 5 -27 -70 45 78 -1 4 57 77 -53 89 24 -34 -17 60 73 42 -27 -87 7 38 58 -3 3 -76 -99 67 -92 80 
-58 -54 -42 68 -15 -33 81 -86 8 -33 3 82 -89 -34 -83 3 35 -13 -19 67 30 27 63 77 -61 18 88 -6 -55 100 -7 57 -88 23 75 11 3 91 -18 4 -45 -79 2 -24 75 -91 87 -44 74 77 71 73 7 -55 -55 -56 30 34 97 35 8 32 -16 34 13 -30 38 -69 -5 -6 19 88 86 -40 47 68 44 11 
41 -44 2 -56 -53 -100 -4 58 16 36 -34 100 -25 90 -46 -71 48 24 10 30 15 95 98 -31 4 -36 68 -18 69 -32 6 -34 -43 -62 -40 76 -55 -87 -1 34 -14 13 -74 -23 -55 -7 8 49 -31 7 80 -59 57 -63 27 -67 -82 -57 -51 -35 22 -93 -93 58 -45 -100 54 -79 30 -91 -8 -82 -27 74 65 99 72 -52 
15 -38 26 -99 -7 12 -60 -48 -77 -99 19 -60 -99 39 2 65 -63 -75 -22 -4 -6 -51 95 -83 -77 71 94 39 -51 -71 -46 38 84 82 -90 4 -1 85 4 13 -5 52 -55 -44 32 -54 -4 67 0 -1 59 31 92 -52 84 -86 83 22 12 76 80 -90 -27 -50 65 57 -82 28 13 48 -61 22 82 79 -92 51 -59 -45 
11 -90 -13 69 -56 -52 -28 -20 66 -29 50 29 -1 -15 62 -68 25 -91 -99 72 -5 -37 89 83 -24 -33 30 52 27 3 -62 -75 -13 -59 -62 -84 7 13 88 48 77 -43 66 98 -69 -22 2 99 -1 12 80 71 -15 27 -1 -99 19 -11 -67 63 96 63 58 -94 82 64 7 90 -38 -3 54 -100 -77 -8 87 94 -98 -80 
-81 -27 2 -44 -13 -67 -49 -10 -38 87 39 9 34 59 1 -66 -13 99 -1 0 -96 -69 -36 44 -65 53 96 45 -49 -20 -15 -40 -25 -41 -29 50 -70 71 -13 -52 -85 -53 -51 -31 -60 -66 -31 17 84 0 35 37 -92 5 22 1 98 -42 42 29 -9 -54 -12 -74 62 -86 32 98 -88 27 7 5 -68 97 5 30 54 7 
16 -93 17 -41 -33 23 -3 -24 -57 23 68 -22 -89 -92 47 54 81 -91 -80 -100 0 59 56 -97 -74 18 -2 -7 73 -60 -32 -13 21 72 -55 12 12 96 -56 35 -69 -4 -46 -93 -50 -19 -18 77 2 14 63 -79 77 -93 1 -15 66 -6 -31 43 27 99 67 51 -94 -71 -92 -67 -78 65 -2 31 -73 -15 -70 61 15 -18 
-45 63 89 -7 -80 34 35 94 42 87 -48 -51 -56 77 75 100 -98 -59 -56 49 71 22 -38 -25 -39 43 56 -58 26 98 -4 23 -73 90 -7 4 0 -37 52 -42 -11 6 41 -22 24 -16 46 18 -76 -19 66 -84 67 36 -39 -25 -44 -34 -3 51 26 -85 56 -16 42 83 -37 -54 -85 -73 -69 -83 19 -50 30 -81 21 21 
-31 -26 -71 16 99 4 -100 -22 0 60 -96 82 32 22 89 86 21 1 -68 -13 18 19 -70 -78 20 76 -99 8 -96 -52 -31 -77 11 44 15 57 -49 17 60 -22 82 -21 -75 -54 13 -19 12 98 -51 -88 4 1 81 66 -33 -30 23 70 67 53 -32 57 80 50 47 94 17 -32 -66 97 12 -87 20 -33 0 -89 89 -92 
24 5 -56 -65 -53 8 -42 86 -14 -34 -53 53 95 -7 51 58 -57 -73 3 67 -17 -2 -70 40 32 96 -71 -21 69 -43 24 58 -33 27 97 -39 14 -29 32 -22 78 -98 -89 37 -59 -100 -88 -63 37 21 -23 -65 82 -55 -67 84 -92 -73 75 9 -19 -78 -27 94 65 0 -83 84 -62 -70 -58 -43 -77 -18 72 89 52 -68 
-83 -76 -34 65 76 -90 -88 -10 -95 -47 -28 -14 -35 -91 -71 -68 -70 -45 -30 84 62 -63 64 -87 -67 5 25 -41 -32 36 99 -14 52 55 -80 -87 -65 -31 91 42 -99 70 69 -72 -80 47 -8 28 -96 -73 -94 71 32 24 16 -62 93 -63 43 26 -10 73 54 -100 21 7 11 5 -40 84 78 57 46 38 92 -40 28 -43 
-94 -50 -41 49 37 3 70 99 81 -59 52 58 63 69 50 -29 97 -16 -68 38 -30 -60 37 23 99 78 42 -28 -39 93 68 -22 -1 -37 -72 23 74 -68 -7 94 -72 95 -22 28 15 78 -55 98 100 -62 9 -71 90 -20 27 53 -52 36 -22 14 22 -46 28 48 0 42 4 -82 23 -55 -93 -49 -1 -56 -65 -22 78 -29 
68 89 50 -86 -8 -8 -40 -41 80 -91 84 -18 20 -56 73 85 98 69 -89 48 -13 -79 -92 83 -88 45 21 -61 28 79 -25 21 -58 72 -2 62 20 -22 -95 58 -33 23 -38 -76 95 71 73 -48 -60 91 63 11 -25 -77 -9 -30 44 60 -49 85 65 -46 14 49 83 -46 -1 11 100 -51 -27 56 -45 64 4 -2 9 -30 
89 -65 -6 60 68 63 2 -31 -88 92 52 61 -100 -16 -90 8 22 -30 -88 -98 70 -4 54 8 62 79 -21 -16 -38 -62 -29 -92 99 32 -84 -13 18 -84 68 33 -16 78 -38 21 -33 56 -95 92 58 12 56 -60 46 13 9 80 2 -64 -31 42 10 42 -15 11 51 -11 -15 -19 84 -7 -78 58 -95 40 36 -16 -30 -15 
-26 32 -12 -27 -54 39 -42 -33 11 -89 -14 -47 -28 14 -62 76 -48 54 -20 55 -92 -48 41 65 -13 -75 19 60 50 95 84 -96 -9 -49 -68 -40 5 24 -51 58 81 -84 -55 83 -74 -62 73 26 -6 71 -82 7 43 -20 -85 23 -70 83 -100 32 31 -94 -80 14 -49 -47 -82 -82 -62 -73 11 -98 -6 97 -31 75 84 -46 
-7 98 40 73 23 -11 55 99 49 -78 85 -49 36 62 -41 -42 21 16 -54 95 -37 90 -7 0 27 44 8 -55 -18 -31 79 11 27 98 -26 26 94 41 55 -43 30 -47 12 -49 -69 65 -24 -22 86 -98 77 73 -40 9 -53 -23 14 3 61 -64 61 95 -47 -65 4 26 -46 8 60 28 23 -68 5 -19 14 -2 -36 67 
-83 -39 -30 -94 -59 0 96 -20 3 2 32 58 -40 -99 52 95 27 15 72 -8 93 11 58 63 0 25 -7 -76 42 -34 5 -38 88 -32 -86 44 9 99 -85 -54 61 97 95 -30 55 22 -16 56 65 -72 -30 98 51 73 72 -70 26 -41 39 -8 -56 -70 47 -24 -82 100 44 -65 52 -71 81 80 100 45 -67 -1 90 33 
-60 20 50 9 35 -62 0 -32 -26 -94 94 -34 -84 61 -74 14 -99 -30 18 47 99 -41 28 -66 -39 76 -67 -72 -65 -4 -60 80 9 93 0 -5 97 79 51 -40 21 -78 44 12 -29 -87 -64 32 -62 69 5 4 -14 -71 24 -79 77 -90 -65 -32 61 -60 -5 80 47 -18 86 66 -95 -62 40 -82 2 -73 88 18 17 68 
66 -30 56 66 31 -24 17 22 36 64 75 -99 77 -37 51 70 0 -45 36 -57 52 -38 -89 -47 -62 9 -6 6 58 -23 -39 -36 -19 -80 -55 61 32 -67 -49 10 19 34 -47 -14 -17 -99 62 81 7 56 -61 -48 77 -52 69 -97 -77 -17 19 -27 41 -45 95 95 17 -40 31 74 -64 14 -57 -47 -27 -41 -25 3 68 -99 
79 43 45 7 100 24 51 -47 -64 -41 13 -56 -42 92 -53 95 -94 -7 2 -83 -100 86 -17 85 88 -55 51 -42 69 89 70 -13 -28 22 -75 -49 -6 22 -71 100 14 -100 -80 -79 -37 -40 46 -53 -88 -38 88 45 20 58 48 81 13 -81 -4 100 30 -25 21 87 -26 64 -11 -39 -74 -90 -41 79 19 -52 -37 14 33 -73 
2 -34 62 -34 71 -71 -64 -18 48 20 -13 58 3 42 3 -40 -73 68 -51 -49 77 -4 33 94 35 -58 -53 21 56 39 80 23 -30 -79 -50 5 71 4 5 59 -17 39 -95 53 -83 -53 17 71 -32 -53 34 10 88 32 -87 46 20 -51 80 54 -56 -45 69 59 95 -74 -30 60 -16 -2 -78 97 -32 0 52 42 46 -25 
-47 -96 -39 -65 20 91 29 85 -17 -14 -46 -61 18 -3 -24 -6 89 66 -86 -10 62 -34 -41 -56 22 -44 98 31 -63 24 -38 -56 -42 13 -47 -45 13 1 34 -98 57 -7 24 43 -79 21 -28 -93 46 -17 18 -23 3 -87 -51 62 22 -1 46 28 -87 -44 75 -64 49 -92 70 43 81 11 79 60 -59 -98 66 27 -36 -52 
22 29 3 37 21 -58 -52 -34 67 63 -100 90 -84 -11 67 86 84 11 -43 -32 -8 -63 20 13 -30 16 -39 63 -64 -16 -47 52 34 50 77 -70 78 80 -87 58 -10 22 7 55 -44 16 -23 11 55 -41 -82 14 39 80 74 100 -17 -30 -96 60 -82 -55 -89 -78 66 8 28 9 -37 42 -3 -26 -43 76 8 40 -15 47 
66 -75 86 72 -97 80 38 65 65 -97 -38 38 -58 -48 -14 -8 21 7 -98 95 77 -1 7 20 7 -10 61 -69 -72 -78 31 3 12 -65 -20 49 -70 13 89 5 72 -52 24 -26 16 -18 -41 -8 -12 63 14 -31 50 -81 81 99 27 -98 -8 59 7 27 83 -30 -52 -23 21 -75 38 -37 -82 -13 -24 -89 -17 -32 7 39 
21 36 -93 31 19 46 99 -93 -10 23 71 -27 71 -9 -37 -2 -48 42 25 -58 100 75 33 -100 39 50 13 -97 -81 -77 -34 5 -85 -59 -94 -69 -31 88 -42 31 84 -10 -52 -45 88 -99 76 17 -53 99 64 -96 92 -6 -63 72 -22 -4 -25 -96 17 -24 -15 -4 70 59 39 -25 -10 71 73 6 -5 43 -91 41 25 6 
-86 84 8 -53 25 66 -54 64 74 -10 -18 81 23 -29 -95 -7 -86 42 39 -43 3 -53 -98 -46 -85 52 -80 -96 -59 40 38 -28 -6 92 7 -1 -94 89 14 -73 -3 -88 84 87 -37 -52 -36 -54 34 -38 23 100 -90 -51 39 28 -83 4 22 -47 8 20 75 -87 25 -36 -43 -45 67 -43 -60 64 -37 93 -70 19 -29 48 
30 -64 17 -81 17 95 36 -18 -54 10 50 13 -91 -8 -64 45 45 -7 88 86 36 -68 -21 -22 99 -84 -9 84 -2 92 -22 -63 -80 -20 -56 34 -30 -1 -87 -80 80 -30 -93 -96 64 9 -7 62 34 10 55 -54 -84 -53 1 95 -9 -84 -85 -93 5 31 -37 98 -93 -55 20 14 -59 -58 58 30 -10 5 -49 -84 -75 81 
14 -68 -34 -62 35 78 15 84 80 58 89 -26 36 -25 -91 -26 4 -66 -41 65 -30 -43 -98 1 90 85 96 -5 4 -94 31 -32 66 34 -43 6 20 8 48 -69 -70 -47 79 96 -5 -73 59 78 81 59 83 -73 -86 -90 -5 -59 38 -78 47 -45 -60 -12 59 -48 17 -17 -28 -71 93 -99 1 -1 -10 78 66 -70 -32 -78 
27 -20 -3 -74 31 -41 -93 97 82 71 -13 -1 84 -30 -100 -79 -67 -79 -59 -65 -79 79 -52 18 66 47 -57 89 -71 -51 -27 -50 -2 22 -58 -53 65 -11 56 67 -1 55 8 -75 25 74 86 -49 -21 -66 75 -36 65 5 -76 16 -27 -3 -16 39 -32 -14 89 -67 -62 -89 -71 -58 27 36 4 -48 -38 -18 -18 -80 -40 -37 
80 -58 83 -57 -43 -42 40 -3 90 -90 59 -84 43 88 19 20 4 62 21 10 -80 -67 69 -58 -56 98 16 61 -41 81 17 58 2 -94 -86 49 -17 -48 15 99 49 -12 -78 78 -53 0 -39 -75 16 -31 -21 -97 -16 -23 -51 83 -91 0 35 57 12 68 -68 40 86 -15 98 -51 83 74 -87 6 -3 -78 -86 -73 3 -29 
-19 8 10 27 -79 1 -21 27 -30 -89 66 67 -24 4 64 23 2 42 42 -77 45 -68 9 26 -97 -72 49 -11 21 56 -44 -11 86 54 99 -4 -84 -33 76 42 -51 -71 -42 40 -21 -76 -25 87 29 69 -3 -60 33 14 -91 31 18 75 -38 48 69 -92 -24 71 -74 18 27 -60 -51 23 12 -25 -29 9 48 -12 62 -45 
-52 53 -95 -89 65 50 54 59 51 -34 33 -48 -60 -46 42 52 -28 -65 -92 -67 -2 94 92 -5 21 11 25 23 51 -94 27 -8 -62 -21 -58 45 -16 -19 6 58 83 -93 -14 -100 -77 53 57 84 23 10 30 -52 15 -6 90 28 -45 74 -69 79 77 -54 -50 -61 -14 24 78 -24 9 -17 50 -69 4 16 -55 -21 59 48 
0 45 100 -42 -11 -10 -20 74 -73 -67 -20 -58 -64 -27 57 94 -60 -25 -94 0 -13 -82 -47 -5 57 93 -87 32 -85 -61 73 51 -68 30 -5 2 -21 -94 -20 7 -3 -79 8 -13 -88 88 -69 -71 -76 -76 100 -56 25 -34 -67 97 87 35 10 -90 57 54 52 -45 99 90 -50 -33 -44 32 -86 -30 51 6 -91 57 21 -91 
-28 42 54 93 -39 -89 -84 -4 -25 -82 96 30 -9 69 78 32 -11 94 -49 -52 37 59 -19 83 -39 63 3 -54 62 90 -72 95 71 -34 -57 -31 26 -67 71 -25 -86 88 -84 -100 -9 -33 -50 -60 39 21 41 -54 30 -20 50 -23 45 -17 -28 13 73 -72 38 51 -1 -68 -27 -25 4 51 -93 -8 -39 -14 -65 -48 -85 62 
-3 -43 78 22 -39 -96 49 62 85 -65 29 -82 -29 84 -3 8 69 71 -56 -16 -23 92 -2 -45 57 -17 -39 34 -67 33 21 -68 -59 -68 34 -40 -92 -32 28 100 -26 -52 -83 -10 31 -20 -30 -59 62 -18 74 -44 45 31 68 13 -46 -47 63 96 -28 -3 -63 89 92 -13 19 33 8 -31 10 47 18 37 39 -86 80 -36 
-58 -15 73 92 -43 79 -45 89 79 98 26 76 -59 9 47 52 42 49 88 63 77 -20 -7 63 23 -93 68 -27 71 -33 54 -66 76 2 -3 -96 -24 82 -20 84 87 -7 70 41 -27 -67 86 53 -86 -63 73 11 -66 -49 -94 -64 70 100 32 -60 11 10 59 -60 43 52 78 -65 49 -63 19 -69 18 25 9 87 -33 21 
10 -61 5 -73 -19 85 -22 12 -50 -50 56 59 73 58 39 76 -78 -70 -62 -75 99 -11 83 43 -4 -89 31 93 60 25 50 -89 48 65 -23 82 9 69 67 24 -33 89 -11 14 -89 -54 13 68 40 -73 42 -87 66 -57 41 -9 -2 -91 -81 -59 -30 51 0 49 57 13 66 -58 90 -37 -69 57 60 48 6 -95 -67 -40 
71 -92 -91 -59 -4 69 61 93 -5 -11 20 -93 -45 -15 6 -7 97 -82 96 13 59 -70 6 -50 -85 -28 -6 -64 -85 19 49 -4 -44 61 -81 49 80 -53 -8 -53 -14 61 -55 -2 16 14 -75 63 -91 -44 61 -55 -6 -72 -87 -26 -67 96 -2 -41 87 -29 -51 -14 -95 -3 -31 -32 3 95 15 43 25 -4 -100 48 56 -97 
1 21 -95 32 19 -12 86 84 92 -51 -10 53 -14 -35 45 55 77 13 -95 -12 -63 -52 -53 65 -46 -45 -57 83 29 83 59 61 66 -90 -100 5 -99 7 52 44 11 -74 62 55 -21 29 -97 89 -66 96 -35 -10 46 56 70 30 90 31 -5 -10 41 -26 -59 -24 -33 55 69 -4 55 -58 35 -47 73 -7 -22 37 7 -5 
17 75 -36 18 -46 -47 -38 19 -90 -21 -58 -93 -99 -19 44 98 -75 -100 95 -39 -98 -10 42 74 23 -3 76 -17 -71 48 -49 -92 -32 59 5 -35 10 -18 -4 27 -89 50 -66 -83 -53 -19 84 -10 72 88 -86 56 89 -46 52 47 2 -55 95 19 -33 -50 68 -45 16 -97 29 -99 -93 -44 44 34 89 0 39 28 26 17 
31 28 -20 62 -73 11 -81 83 19 30 -33 40 -13 9 36 13 59 37 35 60 -89 -31 -100 14 -83 -83 64 -31 -93 -99 22 -32 -35 -88 50 -55 -71 -92 73 7 -10 -37 74 2 20 29 39 22 -34 14 24 -45 -90 -89 -22 -7 -22 -4 1 -27 -10 9 -40 90 64 69 -46 -87 55 1 91 -12 52 7 -23 12 66 -33 
-6 -24 19 -73 91 28 49 -25 -18 -18 98 -60 58 -57 -25 -97 -64 94 -17 100 83 -90 -86 -6 15 -82 16 27 -73 16 -81 -58 -81 55 97 -15 8 -26 99 -54 -49 79 80 55 78 -56 34 97 52 -44 -55 -93 -63 -54 69 -5 71 -39 5 19 53 60 -7 90 -92 -30 6 80 10 -2 17 97 -29 61 64 100 62 -60 
-80 4 95 -77 -80 -76 -97 -57 -2 -82 -89 45 95 -59 -17 43 72 21 -8 45 66 -22 -3 -77 -13 24 -48 -82 26 -23 25 87 -60 -14 -28 9 -89 -94 79 -75 -48 -84 14 95 -83 15 -64 7 48 -98 -74 -82 -97 -13 -21 55 -46 7 -89 87 -86 -31 -71 -32 17 -43 -62 78 36 78 -42 4 2 -90 -22 -78 65 -59 
20 -13 -74 -46 80 29 23 81 -12 -49 -21 -53 -67 4 -51 -18 10 76 22 92 -33 -78 58 -44 2 -98 -79 -49 28 -45 98 93 -38 1 98 19 -59 30 -86 -78 -79 0 74 -24 88 58 90 92 -84 64 -34 -97 29 34 20 17 -55 79 71 -20 -72 67 65 -42 6 100 86 5 -21 80 54 36 5 7 -88 -2 -78 15 
12 -4 -93 -52 -5 -35 9 -95 22 -61 -13 -11 -50 12 -66 99 24 77 -32 -41 11 91 -83 60 -16 76 43 -21 21 -44 -90 -62 23 27 -45 -50 -53 3 79 -63 -94 42 82 52 -30 -65 -79 -12 18 -90 39 31 38 67 -35 24 88 -6 77 -72 -59 78 31 -15 72 8 -46 8 65 -63 64 19 -71 -96 -95 -5 35 15 
95 82 -88 -88 67 -68 -25 25 20 26 -58 60 91 -31 -67 -60 -51 -61 97 -25 -57 -46 75 33 -96 71 51 -77 -27 -42 40 21 71 -39 -21 93 -47 -50 -36 -59 8 69 66 -27 72 -14 -64 -27 79 32 26 98 23 -1 -36 -84 75 56 2 -94 -72 29 -62 15 -100 -2 48 -38 -69 -19 79 -90 -36 45 -53 27 67 -62 
78 78 94 -5 62 -45 -53 -67 77 -12 35 -52 -28 1 -6 82 15 7 -92 22 47 89 -12 34 -100 -34 -55 -60 -33 28 48 95 -59 -70 -74 97 63 21 -98 91 60 -49 -49 -65 -21 -93 38 -45 37 -85 -78 -29 22 -76 44 -31 -40 60 74 30 50 -53 15 -47 -18 -46 64 -35 -81 -2 -86 -31 -73 -100 -11 60 -98 35 
43 -23 -95 4 -30 9 -15 -58 11 6 -38 -82 77 89 -93 91 68 -67 97 -65 -26 46 -28 61 92 26 -29 -44 78 57 53 36 57 -73 36 24 -28 12 92 -44 9 8 -87 -86 -51 -6 -81 48 60 12 -5 87 -8 -57 -32 -98 -51 -29 -54 -75 6 31 -95 -18 91 -48 -59 -74 -10 83 7 -62 -85 -56 39 -82 64 -4 
44 12 20 28 -26 20 23 94 -77 88 -39 36 -2 0 29 68 66 70 90 67 -58 84 82 35 -8 71 -27 -25 -42 6 -47 -26 79 73 -37 -18 99 -79 14 -71 -92 -46 3 45 62 82 4 0 2 23 62 -44 -21 80 -44 47 -73 2 75 -94 92 -46 94 -88 -10 30 10 52 -25 -82 -55 22 -48 -19 21 57 -37 51 
-100 -56 -87 67 25 67 54 61 -13 95 67 -16 -87 87 76 38 5 -36 3 -58 47 5 89 10 -76 -85 13 -99 -72 -84 83 56 82 53 59 -43 -88 93 21 -46 -21 -8 -31 -93 57 -95 -83 67 58 88 -51 -67 55 81 -14 -60 70 81 -86 24 1 69 20 -54 4 82 -78 -27 0 55 9 -3 84 25 11 -71 35 40 
-49 -25 -9 -90 34 -63 69 60 -37 -69 -13 -71 -41 -94 -15 33 -17 -73 99 73 45 16 32 -70 -56 35 -23 -63 36 45 -46 9 -70 45 -59 -75 8 -47 53 15 -94 58 -69 -18 47 -7 52 -55 16 63 69 -47 -18 -20 81 -85 -50 75 35 51 -27 -10 -21 64 -17 -5 34 -33 -45 -12 -32 93 31 89 -81 -100 75 43 
-26 8 55 -7 12 -100 -58 -78 48 42 -51 17 -83 -49 -99 -42 80 96 95 -63 27 -98 41 -42 51 -32 -71 57 78 -25 -5 77 -3 59 -74 5 -37 75 -60 5 100 79 -53 -12 0 53 75 33 52 -21 4 58 78 -77 74 29 -76 3 -33 -88 34 76 47 -83 -25 44 -32 15 -80 -91 29 -68 49 -60 13 46 -77 -76 
3 -10 63 -76 32 -30 -94 -10 27 15 36 58 -62 -58 46 66 -99 -54 58 11 95 56 -27 -15 -89 -77 62 -30 -62 41 74 1 87 65 -96 -23 -34 -69 83 -21 -26 -35 -29 4 56 78 36 -40 35 -99 -57 -91 40 76 -20 -8 -37 71 -79 -11 -94 55 -54 55 -45 40 -72 -31 -17 -63 60 -8 -15 -38 -63 -36 -80 -83 
44 16 55 45 29 61 -14 90 -6 -60 99 28 -92 -81 -74 -61 -67 -51 -79 -4 87 62 80 -18 -18 48 -69 52 -69 -71 17 -66 -54 10 10 -79 -72 32 77 47 -71 -95 39 -54 93 19 -19 -20 -6 -97 -79 36 64 9 -67 -58 94 54 -37 -8 -70 -42 -66 -37 -2 44 -44 35 -66 30 9 -54 89 18 -72 -14 44 -59 
96 14 4 93 88 -81 3 -56 78 -22 8 59 -19 -18 -42 -34 70 -1 -72 94 98 -34 0 -49 -31 72 -78 -61 2 69 44 -91 61 26 79 -47 -53 -32 -28 43 6 -91 -56 23 44 -46 73 81 49 -6 -83 -14 -57 -90 73 -94 -59 20 3 -16 -2 66 -21 17 34 -60 35 -18 57 96 88 12 -64 -94 20 -69 10 49 
42 95 -58 61 -73 -35 34 -95 -15 38 -44 -45 -71 -68 26 -74 -22 -68 -56 -1 21 35 13 36 18 2 -90 7 46 -27 -84 -92 -69 -13 -13 16 -39 -15 81 -77 -51 73 74 -45 46 -75 80 -22 -19 -55 21 -70 -65 -86 -6 -38 -58 0 -49 100 -99 58 -99 52 -71 39 5 -6 -25 -51 -65 16 -31 -82 -55 77 -3 14 
-49 87 -44 -93 80 -45 -81 17 -60 -48 100 37 57 -20 -1 -100 53 5 90 13 -14 -54 -75 21 -92 66 99 -11 -34 -33 -65 -63 96 74 -57 10 -19 35 -22 67 -53 -8 -18 -15 -57 77 73 99 4 33 5 35 57 -54 8 -16 31 32 13 -76 2 2 -25 1 -59 -50 -55 19 96 56 -65 -46 -35 -28 76 -37 36 -2 
-32 -81 55 -87 -46 -61 72 54 -58 71 -94 -79 -64 93 -37 -42 -50 -14 -98 -93 56 -6 93 -43 61 63 -49 27 46 -15 57 98 -95 -62 -2 66 -69 -43 -67 73 -57 39 9 -57 -74 -11 97 69 54 60 95 -29 75 -49 -12 90 33 3 -74 -31 -90 66 -46 15 -17 -70 8 74 36 29 90 -41 -13 -28 73 82 -86 58 
