2 -72 -9 63 -12 64 78 91 46 0 -71 -81 -1 -28 -71 -1 32 -60 -76 32 -83 -24 11 67 -45 17 -33 -88 54 -97 -32 -68 -6 29 -13 73 35 -48 -94 91 82 98 -3 6 13 100 7 21 65 -39 90 48 -18 57 78 -55 -73 -97 -60 -22 95 -91 -73 80 91 -27 11 62 -74 59 -46 98 24 -49 94 47 29 -6 -59 54 -14 -20 -25 32 18 -31 -68 -15 -81 -93 -20 
-16 25 -52 -62 -51 96 25 36 89 82 42 25 7 100 -61 73 -52 86 22 35 37 -16 -16 48 -35 -32 -31 69 -22 57 -78 42 -81 71 71 89 21 3 -62 38 76 77 22 33 -2 -90 -72 -1 -38 -49 -24 -38 -80 59 37 10 -42 -14 -32 -8 30 19 62 -42 92 83 -97 37 -99 -39 84 -11 -87 -100 6 -18 -17 48 -89 3 -67 -30 9 63 -4 48 -87 -62 78 -42 -22 
84 7 -22 -50 78 19 19 -56 85 -29 39 -1 -30 54 84 9 32 96 82 -30 -62 100 -77 49 60 -41 0 -18 56 5 -79 24 7 76 -81 -31 79 -68 -42 -72 -29 -70 -63 50 -10 -96 84 59 38 86 87 -3 81 -1 -85 -31 -71 0 73 -67 26 -73 -3 42 -45 -92 9 -44 78 -54 -99 91 -5 -71 55 0 -70 58 44 45 -67 7 -53 89 -27 64 -21 58 -10 -73 -70 
10 30 60 60 -9 -1 -1 -45 -93 -100 84 -2 -100 5 47 -51 -14 40 71 9 2 18 100 96 -48 64 -21 -44 16 -60 56 -38 83 -92 40 75 -45 -94 84 12 37 -91 -75 -78 -11 -35 -3 48 22 -48 35 14 39 -97 73 69 40 45 -71 39 23 -30 43 -90 -73 40 -24 -74 13 -20 -70 76 -8 -62 59 -41 50 -4 44 -36 -62 61 -54 30 -4 9 -11 -86 34 73 58 
0 -22 -31 84 59 50 38 100 -43 40 11 -73 25 71 82 52 6 81 29 38 50 8 -85 -94 87 -93 64 29 12 18 52 -91 -75 -49 61 51 82 -42 -19 22 -46 -69 -56 85 3 47 50 27 -79 -48 -3 15 -33 67 -31 -63 -10 -12 65 -23 -15 -2 92 -58 32 70 -24 -2 -38 -65 62 54 88 60 18 -47 -5 97 67 12 42 -35 -65 13 37 51 2 -32 31 70 -18 
-18 -64 -44 -20 26 49 -39 63 58 -88 60 -84 -76 9 1 13 39 48 85 42 -63 9 86 16 -2 6 96 -48 -19 -17 -34 79 82 -33 -92 85 44 -24 79 -19 48 13 -76 75 -35 -58 44 -70 90 -69 50 -68 -84 -60 -34 43 72 -50 -5 61 48 -61 42 -29 -91 -70 -8 57 52 -96 82 28 77 -39 -98 97 -11 84 71 64 84 46 -50 -21 66 31 -51 -12 -80 38 -32 
-24 -43 -8 58 12 64 8 -42 29 24 73 59 58 64 -17 18 -77 -61 55 -28 -38 31 20 -40 -14 55 -55 54 76 -93 -69 -54 -17 -63 -6 59 -96 -40 71 -56 7 -38 28 97 -24 90 53 -42 62 -71 -1 -74 -54 32 -49 -25 67 -37 -22 -56 17 8 51 -88 84 -25 27 56 92 43 -74 53 -97 49 71 93 -69 30 32 38 89 -44 99 72 42 -100 48 17 36 100 -32 
85 40 25 -80 55 98 -27 89 -57 -14 30 35 4 -23 -3 -35 -34 30 -39 -89 60 42 -48 70 -59 -16 41 95 -53 80 -20 -70 69 19 -37 86 -20 -76 -39 -13 -98 -36 73 66 -46 98 62 -25 12 97 -47 -24 80 -80 14 87 -67 -65 -14 41 37 -94 -68 31 47 4 21 8 45 20 -11 -84 -100 -2 91 31 84 -26 88 -40 -98 -90 -71 15 -89 -70 -85 85 -100 21 -53 
-1 -63 -74 -59 -12 -29 -61 99 -22 -15 -16 23 -24 78 -85 -73 0 -55 20 18 13 -68 -10 -40 68 40 37 44 82 78 -68 -26 68 59 24 30 -83 31 94 74 63 22 -82 79 24 -32 91 -18 -8 38 -39 97 -56 62 48 43 54 22 61 -63 -4 -26 -8 -34 69 -1 -49 -14 0 72 73 -12 -36 14 85 58 -17 15 -95 -97 -43 -7 90 -76 63 1 40 93 41 -51 -14 
-24 65 99 95 57 -47 87 -89 62 -6 97 45 -46 65 34 -56 18 -81 78 54 -29 78 -66 -33 15 1 -53 -51 -22 4 95 55 82 -78 12 -100 -55 -22 67 -32 27 -32 95 100 -24 40 -6 -59 94 81 67 -92 82 -93 91 17 -50 39 55 56 26 -36 72 -26 -23 -78 -95 13 -53 -51 4 46 48 -64 -35 -29 -12 49 46 -31 -45 -48 -65 88 73 -60 -52 14 -17 78 72 
-15 56 19 31 72 94 -33 51 -93 96 -69 -72 100 -87 5 59 89 53 -6 77 84 74 77 91 -25 -46 8 -4 67 98 -52 94 -98 95 60 64 50 -55 92 -62 35 -40 29 -2 29 37 -75 -32 -2 -62 66 31 -9 -91 -56 61 -56 77 6 13 -1 -91 30 42 83 72 25 -53 87 -99 -57 28 -61 69 -67 5 71 -37 61 86 6 41 45 81 -7 -32 -13 91 -6 -91 64 
46 69 80 -99 63 -27 -68 -64 47 53 70 -77 89 44 -53 -63 47 -82 90 -48 60 50 98 -99 70 -52 80 0 34 76 -3 -32 -66 -57 64 56 -58 85 -3 33 6 -89 85 -32 -40 0 -42 -30 43 32 -98 -94 -31 -62 41 -57 -99 -55 40 -85 -23 34 -16 2 -76 -98 72 90 52 29 -75 28 95 82 -47 0 -62 60 58 -1 67 -26 -76 -20 -7 -89 -7 -87 11 -55 76 
8 -86 -3 -78 85 -30 5 -74 -89 45 23 -17 17 51 46 -99 -37 91 54 59 -47 -30 -19 -29 33 -97 -68 -51 40 -75 -26 -74 96 41 -73 -21 9 -55 35 -85 26 2 -98 -79 -44 26 -87 -58 75 -47 50 -49 4 -74 -34 -19 -70 -97 -9 55 78 4 -2 100 -75 -85 65 43 -99 -31 53 -97 -19 19 -1 38 -4 -81 29 79 -79 92 -37 88 -20 -35 -47 -9 65 -18 41 
25 10 -30 -60 33 2 79 36 80 72 -98 -20 88 -4 -16 15 66 -11 22 -8 -20 -36 -99 -1 75 86 21 -5 -57 -26 67 2 -4 42 29 -68 98 -91 -6 -39 -23 -72 70 46 -98 -97 63 -20 49 -62 2 62 -90 37 78 94 -80 -1 -17 -80 -10 -19 -52 88 -70 95 -79 -36 -61 16 -6 17 47 -6 27 8 85 21 72 -54 82 33 -58 81 -41 -40 -32 45 -45 -71 5 
72 -77 82 -99 -43 2 -48 56 -46 -77 73 2 -1 65 83 -28 39 21 -22 95 10 -11 20 -26 -16 31 44 43 -69 39 -53 56 59 -48 2 -30 38 -71 -96 -56 -73 16 56 55 1 -84 70 4 -65 67 -63 49 31 -73 -85 -86 23 97 53 -100 -72 -46 83 46 17 61 -1 4 72 -58 88 -100 70 61 41 -50 -69 -21 40 10 42 -55 63 1 -23 -29 49 91 -27 -62 70 
-54 -90 -64 41 91 73 64 90 66 37 48 -67 -99 28 -45 76 -92 -55 14 64 12 6 16 83 -86 -41 -38 -53 -21 -86 17 63 99 -1 83 33 -64 -85 34 19 -72 -16 -69 52 -94 37 62 -68 37 78 91 5 -59 -63 21 -49 10 -100 66 56 82 -8 32 4 -80 -47 99 -17 43 83 86 56 -100 -91 -1 35 -64 -98 70 -33 23 -69 76 64 -34 -47 56 -49 56 -10 -31 
-59 -98 45 100 92 -70 43 80 -6 -86 39 -71 80 40 84 -89 -65 -74 7 98 -6 -19 -86 1 -12 3 -74 71 53 65 -76 -10 40 -23 19 73 -28 -63 -73 -71 -13 44 -70 30 90 94 -80 16 -34 -83 13 41 -70 -26 91 -7 -13 28 17 -67 56 81 30 44 87 48 47 36 -25 55 -38 -96 -42 3 27 34 -35 78 -98 49 85 -19 -51 16 -100 -67 -27 38 47 -77 16 
39 40 -37 -75 -51 82 -68 -33 -60 32 89 -91 4 -46 46 -10 54 -60 85 -2 -43 -14 -8 -60 -58 -95 61 33 7 -93 -25 -34 16 -47 -35 -81 -98 98 8 -96 -97 16 -93 26 -64 11 -40 -69 76 78 -71 -24 33 -62 18 23 -77 68 -69 -97 -39 42 -99 89 91 -46 -87 37 -4 19 20 -63 -34 -29 -72 13 -24 71 76 94 -89 17 -32 74 11 75 13 -53 19 69 19 
-57 24 -10 -13 48 -5 89 -33 41 -58 -81 -90 83 49 -94 97 -70 -53 -46 36 75 -61 -87 -34 -95 -5 -76 35 21 -35 29 81 -99 80 -48 96 70 76 79 100 -72 2 -68 32 18 -28 77 75 -68 52 66 -95 74 -26 1 83 -24 -75 -43 12 94 -69 83 -42 88 41 35 -60 -10 -92 42 -8 -73 -84 44 19 -37 82 34 -80 -81 -26 -2 -46 24 88 -45 -1 -61 93 -37 
26 -79 28 -76 -57 95 -12 -97 27 -83 5 20 59 6 91 -6 49 8 -77 -87 -68 -3 -26 29 28 -90 56 18 -78 49 -61 95 53 -20 59 -29 -94 -70 -67 -59 14 -32 26 -6 82 -55 -20 90 61 -6 37 89 83 -30 12 60 92 -34 98 31 33 19 -51 95 -77 4 5 95 40 45 -45 13 42 19 -60 -97 -28 -33 83 -19 17 -56 -7 -37 -83 83 -33 46 -94 0 56 
-25 -48 -31 35 -11 82 -15 -27 -50 68 21 -95 82 18 -17 38 6 -94 -72 -15 -51 14 1 -53 -19 36 -8 -29 -74 34 -40 -43 -74 -100 81 -42 61 68 28 66 -50 62 -90 87 91 -9 0 -9 34 -82 23 -95 53 94 -100 -58 28 2 95 -98 -61 -25 -23 68 10 -10 -14 48 -5 50 -70 -36 -81 -10 84 -47 34 70 55 67 54 -19 -64 -1 -59 51 -86 -27 -64 24 35 
88 -16 32 -60 -72 -30 93 75 -49 51 -71 71 43 -55 -49 21 -12 -95 -78 52 86 -88 -60 -20 10 -21 93 34 56 49 -31 -40 -37 -22 -42 55 -10 0 1 -28 90 -49 -5 -48 36 -30 -47 -75 41 30 -7 27 -63 -15 -67 -88 -69 79 47 56 -48 80 -3 -37 3 54 29 37 69 -79 12 96 32 -90 1 -18 -13 -87 86 -83 1 -32 -22 13 40 72 69 90 -39 99 10 
-34 -99 80 29 -75 38 -52 52 -72 -92 -13 54 82 -13 67 -62 33 12 -48 12 -93 -66 -34 -22 -64 -95 80 87 -85 -28 -98 60 86 59 -95 -17 90 9 -58 47 61 -35 -74 -64 78 -88 -88 -58 1 27 -82 82 -48 46 69 63 -29 -50 70 -30 6 -24 -73 -52 -97 39 84 -1 -69 -41 84 -84 36 38 65 -11 25 31 -26 -15 -51 4 -90 -100 -23 -91 -71 -50 -15 9 27 
58 60 96 -78 -89 20 71 -57 26 72 -1 59 -65 100 -66 -12 -62 44 74 -58 -50 84 40 69 -88 100 79 84 68 22 -5 -50 94 1 37 -67 9 -13 1 -69 97 83 -81 -41 -69 -13 77 28 -100 8 33 49 3 -70 -58 -78 58 -93 -93 -74 -44 91 -82 68 72 15 -80 -28 -68 -99 -39 -53 29 -24 81 37 85 -81 86 94 -70 79 81 -55 82 -62 -57 -59 -72 -64 -42 
-59 16 42 96 -87 -11 58 -91 -78 45 46 -66 19 -6 -53 41 -98 15 52 -29 -73 81 -23 -46 81 97 33 20 -90 -43 -41 65 38 -95 -64 -36 -58 25 -80 -6 -20 -22 38 -63 90 -77 -55 62 75 46 -60 -12 56 -89 60 -40 30 -61 89 -55 -82 -50 75 33 -51 62 -27 -5 97 36 7 -72 -12 79 68 50 -53 33 -97 11 -91 1 -91 0 -96 23 86 40 -83 55 20 
-1 58 -96 -50 -1 -76 -14 -10 12 10 -23 66 25 -3 47 -48 -44 71 -15 39 -16 -13 75 70 -38 -78 -74 45 1 -55 77 -22 53 -9 -31 -83 -73 91 -97 -72 97 71 -17 42 -9 -74 -20 27 40 62 9 63 78 80 -12 -86 -90 16 -57 -37 -82 68 62 64 75 -12 43 -68 61 -97 28 -69 -38 -83 41 -73 -62 94 -34 98 91 44 -27 73 31 -30 74 -7 72 -12 -5 
-19 -51 -37 9 6 100 -82 -88 69 59 -78 63 42 -39 98 53 35 -32 56 62 -67 -44 -96 -41 -58 -86 9 -62 -77 25 41 -86 -96 63 15 -91 100 -36 -35 -24 91 97 -73 -56 -55 -94 49 -51 21 -60 11 43 -75 -34 47 -19 40 -58 -79 7 35 -60 -71 1 -76 -65 -27 90 -87 29 -46 16 58 -54 49 28 -100 -72 4 3 -25 -31 59 -73 -70 47 84 -30 -41 86 47 
0 -15 -89 -13 3 -31 -36 -7 -15 2 93 44 48 100 21 43 21 77 -53 -83 -77 69 45 82 70 -20 -43 50 -7 -28 45 -16 78 -24 23 -56 -14 -34 97 -8 -51 -61 -50 36 20 -68 49 42 0 26 -15 60 -38 -89 -16 -73 39 -27 -35 98 -7 -14 86 -32 87 35 -94 -82 31 42 -81 -18 61 -36 53 -58 -59 -9 -90 -11 -21 50 82 88 4 73 12 -39 -99 94 97 
66 61 -67 -12 99 60 91 37 56 69 77 74 -16 -4 34 97 82 14 -96 -93 -7 62 -28 59 78 13 61 21 77 100 -49 -72 -20 75 -88 -12 54 -31 20 -38 88 43 -95 -74 4 7 99 23 73 -16 -65 -2 80 46 -60 -59 46 56 59 -99 70 -64 1 -4 25 -65 62 -45 -41 97 -11 18 -16 -37 13 66 -3 -24 36 98 58 -46 -35 -47 -42 5 40 -83 -31 -52 -19 
-32 -80 44 38 0 -50 -50 -21 50 -66 85 65 -55 -14 35 32 52 44 -42 46 47 -17 -82 39 39 83 -66 -22 9 96 -81 26 38 47 -32 64 -21 52 -28 -67 -28 98 69 73 -27 -78 -77 -66 98 10 57 -84 73 100 93 62 73 30 -84 -4 84 14 -60 -97 66 56 38 -8 -22 29 45 -35 -62 0 98 -83 -90 7 -46 -25 -2 -78 -6 45 80 69 87 49 -62 -78 -54 
-9 -72 -47 -62 10 33 23 93 -42 32 20 88 -69 -58 -82 -86 8 9 80 40 -18 47 -15 -44 -21 -25 -50 10 -18 96 67 -63 13 10 -54 64 78 -64 15 49 -19 -52 19 96 43 12 -79 -61 97 -24 67 99 -11 -56 42 36 -84 -62 -14 74 -29 -15 -64 77 -70 46 19 41 15 -18 47 81 75 -93 -90 32 -15 33 -50 14 61 15 -12 0 26 -57 -4 50 25 -44 64 
-77 11 32 -72 -30 -37 -81 -53 86 -18 33 -24 77 -92 -50 45 -23 -5 -78 -25 43 59 15 -60 -59 97 -7 30 -97 64 28 -64 67 -94 52 2 84 -6 -52 -5 89 -51 61 82 -32 28 100 29 -24 -37 30 58 -55 33 63 68 -83 -36 -34 60 82 -66 41 14 -56 88 37 -9 64 85 53 6 -26 43 -54 -64 -11 -40 -46 -46 46 -7 -28 -54 56 -27 -90 -36 58 28 -17 
-37 35 78 -86 -90 26 -9 13 -84 -76 75 24 86 33 28 -9 58 -2 -64 -74 95 -86 -13 56 21 90 32 14 9 -84 -52 -31 82 -59 2 -86 21 -88 -17 22 52 -3 -53 39 -63 12 -81 -26 2 82 7 0 -62 -6 -63 35 -70 1 9 74 42 72 71 -87 -58 -33 60 -24 44 -87 54 -33 -51 52 9 33 -12 42 -10 -81 -58 -20 -94 -22 -62 -32 50 46 -29 -92 80 
-53 13 34 54 -96 -85 51 46 19 -9 -73 -59 42 -83 -16 46 -87 -85 20 100 -92 86 38 -24 -46 -45 -32 63 -8 -93 -88 -10 72 -27 61 -19 -75 80 -17 -93 -99 38 -55 89 22 -47 21 97 -65 66 -72 73 55 -79 20 32 74 -41 66 5 -59 -8 31 -47 -57 98 81 34 69 33 -84 -83 -28 -37 8 26 -64 -61 40 95 -37 -79 6 5 77 -83 15 -67 -30 -75 -53 
-97 82 20 -74 -43 20 -64 -75 -45 60 -47 -83 -41 64 86 -58 83 -99 84 12 32 -56 -82 55 5 73 40 -51 -92 -16 47 -79 65 90 36 -99 -75 79 62 68 66 7 10 -7 32 -66 26 49 34 -11 74 57 -61 75 0 -90 -82 53 -27 -18 -27 -81 82 36 22 5 -78 88 -7 -64 -13 72 71 59 74 23 6 100 76 7 64 53 35 -37 -58 74 77 85 2 -76 -39 
73 -93 -33 69 -58 -98 -85 -5 -56 76 -9 74 -7 -27 -69 24 -94 60 -47 90 -99 -26 43 43 -9 28 99 28 -74 61 27 57 23 -74 -20 -15 -81 -100 52 -69 14 -86 60 -27 -50 -70 -52 -91 60 -90 0 -63 1 -95 25 -60 68 -6 -33 100 -92 92 73 83 -67 12 60 65 35 -66 95 46 82 58 0 53 40 58 -49 7 44 -72 57 -27 -37 52 -13 -34 74 51 76 
-99 77 93 90 -47 -98 -70 -59 57 78 98 33 56 -16 -30 -76 -47 -80 -21 -82 -23 -67 -8 -79 68 -6 -55 5 31 -21 12 24 44 79 -71 73 -84 -71 70 -57 -94 -24 100 -53 -5 80 -68 -56 -68 44 -15 12 23 8 36 -31 -91 77 -78 45 -46 15 36 -73 -21 -46 -35 -74 -61 -49 8 68 -35 22 -43 -20 18 72 -92 -41 89 61 24 75 46 -46 -25 -99 62 18 71 
-30 -93 89 -46 97 -68 56 97 -71 33 3 52 60 23 53 9 92 -4 39 -35 78 -77 -37 -100 -43 -51 -26 34 85 -99 -4 -98 38 10 -59 -42 -99 -62 -74 -98 28 -44 99 61 75 30 -71 -56 51 56 -91 1 35 84 -45 71 0 -100 -92 97 -62 -47 42 9 1 29 -48 -41 -1 -45 15 0 60 17 -63 -69 -52 -19 12 -47 -41 -28 11 -70 33 -56 -82 36 40 74 20 
-38 6 55 64 -55 -2 95 78 -32 45 50 47 73 -44 -100 -67 -22 75 -60 -48 -15 -92 30 0 31 36 59 -61 27 76 -31 -12 77 86 -26 -97 38 -48 -44 41 97 25 10 75 36 -80 -61 16 -32 -59 -66 67 -70 -76 -92 -28 -65 89 -85 94 99 56 52 -36 -43 -61 6 -55 31 -47 11 -96 -28 -30 10 91 -59 35 -30 -36 -98 -78 30 -16 -85 49 -63 1 -2 -64 -39 
47 -41 72 65 -14 57 -41 -29 0 2 49 -33 98 85 -18 -78 73 17 -53 -72 -53 8 25 34 -77 -28 95 -98 -41 0 -36 65 -4 59 35 -22 -37 64 14 -66 -62 -85 -29 -60 21 86 -49 82 87 -19 -62 77 -45 -87 -62 -79 90 6 -47 0 16 79 -5 11 90 -82 -56 89 -45 -57 -96 -60 54 -54 -23 26 -41 73 34 25 -29 -88 -43 -78 46 -2 -95 98 -86 52 65 
-25 19 -99 -92 40 -16 59 48 73 31 13 -51 -87 80 43 16 -49 -78 37 -29 7 -71 85 -97 73 14 69 79 27 -53 -18 46 -42 52 5 8 97 -18 79 -5 91 73 66 -23 -82 26 -91 7 -32 -59 -70 -88 -62 60 51 64 72 -64 59 51 -2 51 -13 -69 99 71 36 67 -57 -46 28 -28 -73 -93 16 99 -56 -24 -26 -36 -38 92 50 -13 30 -64 6 -100 86 44 11 
31 14 -99 -29 -34 77 -68 3 73 83 39 32 -54 1 30 2 -63 -59 -98 82 10 3 -21 -49 -69 -70 81 -13 51 57 -94 74 -68 8 82 -86 -28 -17 31 -16 0 -76 37 -37 -26 9 -45 63 -57 39 -8 72 -57 22 -53 71 57 -80 -18 -46 -86 68 -89 -62 14 37 35 -98 -45 64 -64 43 75 -12 76 5 -22 -78 70 -88 -44 -90 -61 -25 -100 70 -56 -76 -74 29 -38 
-28 65 -83 88 -63 34 58 15 24 41 82 97 -54 24 32 67 -26 47 -63 2 -58 -92 -27 -49 -97 18 3 15 22 77 -71 -13 51 -8 -41 81 -67 97 24 -58 28 -48 -46 -69 53 -80 72 36 29 30 25 -3 -69 30 -21 -30 -47 -13 60 -93 59 93 47 -83 -100 69 51 -18 -33 -26 -88 56 59 64 49 98 -12 4 33 1 36 23 17 -91 -34 -14 -3 -48 -47 -46 -98 
-1 -87 -69 93 -32 -1 -99 -86 46 -95 -82 32 -23 -4 51 56 39 -2 -50 80 65 -23 -98 -83 49 82 69 -61 -26 27 -19 -43 -20 -21 -3 72 49 61 52 -38 -34 -18 42 -99 -93 -79 -90 -79 -90 -55 18 -9 60 -91 -65 -18 -3 -89 -27 -38 41 47 83 -37 25 59 -88 -99 -91 73 -2 -68 -58 2 -60 -86 -96 -5 29 -44 -6 69 -2 55 57 16 43 -75 75 96 -69 
34 -35 -41 -71 81 4 29 -53 18 -73 -6 -91 85 50 -65 91 20 -23 -100 -27 54 78 -2 -21 -88 -24 -33 -50 -94 81 72 -29 59 56 42 83 -52 92 72 89 85 -12 -43 -86 -38 7 21 87 -4 -82 59 -74 89 31 -21 75 -85 62 64 -25 -73 33 98 88 75 29 39 -7 -1 13 86 -79 42 19 83 -67 -89 95 16 99 35 54 -47 52 69 47 -100 69 -54 -92 94 
-90 74 25 75 -5 -36 -77 77 -23 86 -64 -46 -52 58 -38 9 51 -86 -87 47 70 -83 -28 -72 96 -31 -25 -16 9 88 54 69 98 -42 44 -99 -17 73 39 -43 8 -100 -45 -56 -82 -81 40 78 9 -12 7 -37 -59 -92 -11 52 67 24 -79 76 87 -43 -34 82 39 63 -49 -38 55 -43 -22 84 -62 70 -89 -35 50 78 28 79 35 -67 -39 -9 61 -65 -30 -13 -89 -60 96 
3 -98 53 59 -12 0 -22 67 -82 -78 -69 20 -43 39 79 22 -94 -91 -19 58 10 88 16 -22 89 -79 -16 -98 47 15 -16 -82 26 -35 50 -57 7 7 -55 -28 -27 86 -6 -16 -34 -42 81 -24 -63 35 13 -17 93 -6 35 -24 -1 33 -61 -27 46 93 -23 28 -38 94 -36 56 -2 32 -55 73 33 -39 -44 -15 88 -41 -17 100 -15 64 68 20 50 -95 -25 51 -87 72 -18 
39 -13 8 -36 99 1 -15 67 -24 -94 15 90 -28 -97 1 47 -74 -66 26 14 -6 -31 -95 81 -94 98 -13 -45 81 20 15 -68 14 49 38 -95 3 93 -8 -35 -76 -56 -9 58 -52 -69 61 71 -20 21 90 77 -74 -77 76 45 -66 38 -70 0 -14 -79 -42 8 40 -45 -95 26 -4 30 -33 -14 -3 21 -65 -64 -89 -30 55 -52 -87 -90 -71 -31 -95 -82 -88 88 -2 -77 -50 
-35 24 -64 -44 19 -23 -58 -31 91 -13 -53 -35 -73 -27 75 74 -93 96 54 11 99 41 40 96 -42 -90 -79 -87 28 -32 72 -93 78 -98 -83 -46 -72 32 -34 73 43 76 70 -35 -51 18 -51 -86 -68 -10 88 15 61 38 -17 5 56 -52 -87 -46 -7 -69 -1 57 92 19 -93 -50 -42 -4 -50 100 -79 -60 -25 -5 1 -39 -81 -67 95 55 0 6 -41 65 -23 54 -99 -33 32 
25 -29 7 59 78 -51 -78 -95 77 -98 -22 76 96 28 37 8 32 -20 61 17 -7 25 -78 -42 -99 0 -93 45 -40 -42 -100 -70 -54 72 72 -60 -17 -93 -50 78 -17 34 1 66 -5 31 -64 -91 48 -27 99 96 -43 2 -13 -49 90 22 40 -23 -78 100 14 -89 8 -30 24 33 -47 -21 33 -26 29 29 83 -96 -41 71 -7 39 90 -15 -89 8 39 -29 76 -73 -13 21 -17 
19 55 19 -67 74 -60 7 -1 -7 50 -22 87 42 -72 -74 90 -43 20 -48 38 73 -53 -6 51 14 1 -60 16 -43 -36 28 98 58 87 27 79 -12 95 27 -30 29 58 -62 -42 -4 9 -92 20 -28 91 37 57 91 63 -97 -19 -95 -67 9 73 -53 4 -82 27 -33 45 -25 25 29 69 27 6 92 10 28 -86 -20 66 -90 58 -17 -24 -36 95 88 -28 -89 -44 8 -63 100 
89 29 -95 69 13 53 0 -88 -29 -57 91 78 -85 25 29 45 -58 43 86 13 65 94 -43 86 39 23 -17 79 -67 -1 -69 -58 0 54 -73 -8 20 -99 40 -83 88 71 -8 -32 -56 32 -39 7 -73 -52 -89 -97 -63 -82 -84 -26 -57 -98 55 -81 -39 63 -83 -91 -7 -48 -59 81 79 -55 7 -78 -83 52 91 -23 -39 93 29 69 53 6 -19 -28 48 43 -60 -9 62 86 43 
86 -34 51 75 89 -59 -90 55 -31 -12 -42 72 -97 -40 36 -35 -3 45 3 -84 -15 -22 85 -47 83 -43 -50 67 -16 -18 34 -46 72 57 -75 -2 22 90 56 -99 -46 38 -68 -40 -88 -45 85 -9 -45 -89 -89 79 -47 33 -11 63 20 -38 21 58 37 -21 -63 73 22 -30 -75 78 -69 -41 9 -41 43 -60 -13 -26 -64 -96 12 63 -15 94 83 -65 -50 97 81 -43 15 57 -69 
-39 55 -52 -83 83 1 -6 -46 23 52 -45 97 -80 50 -71 94 63 -65 -10 -19 29 -19 -93 49 39 -54 -67 54 60 2 -13 94 57 -93 20 -23 75 18 83 36 67 -99 48 84 -99 74 72 -100 83 11 -72 -67 18 16 -27 -53 -27 -32 72 -91 -21 -54 -36 40 -64 -58 -92 67 96 12 96 53 -76 24 96 58 53 -71 45 17 -32 -88 23 -27 71 -12 -26 47 -29 -13 90 
-68 79 53 -26 39 69 65 -19 -7 74 98 71 -5 83 -100 -50 43 54 -99 26 -11 34 12 57 41 71 33 -33 45 -67 6 -63 20 98 55 -58 -85 47 40 -83 55 -52 -80 39 100 -65 -7 8 7 10 4 -50 100 91 -77 27 -19 -26 63 -19 -76 -6 20 23 56 90 -76 -54 5 -77 11 92 -84 22 -36 62 -13 55 -45 29 5 -63 -81 24 48 91 -13 -78 9 89 -84 
72 -79 -4 -26 -69 -5 1 -82 91 50 -69 85 88 -46 -88 26 4 2 12 21 -35 -84 -1 36 66 4 35 0 -53 -84 -43 98 -90 46 16 56 3 -12 -77 -11 -38 87 80 -14 40 46 30 40 48 45 -75 21 4 -93 -27 14 49 59 -30 18 -77 79 86 13 -21 75 -57 21 -44 17 -11 41 -86 84 51 -69 -85 -18 -45 -26 -25 5 18 -35 -37 -49 -70 9 17 25 -68 
40 -41 -2 28 -45 48 -58 -81 -92 -87 -75 -71 45 81 6 64 -84 6 -78 -56 19 98 -56 -5 -42 -91 16 -60 -87 -96 48 41 -28 -18 -96 -36 -66 65 -43 63 -4 15 -99 41 97 3 -17 88 -19 -25 -31 -19 1 -92 -33 30 81 77 -39 36 -89 -14 71 -11 -74 39 -16 85 99 73 7 -81 84 47 13 -51 -11 -95 12 -74 -73 61 -14 -97 -60 -22 8 77 9 53 -95 
-94 -48 22 46 -74 47 -78 -30 -33 -88 41 1 99 77 49 -10 91 -74 -77 59 -100 26 -23 -14 36 -20 69 -7 91 -62 75 45 -50 -69 87 62 1 -34 48 -89 67 21 72 44 24 38 43 15 96 -98 81 -9 55 19 32 -78 92 63 48 -25 -85 3 -12 -99 -91 -55 42 13 28 -8 15 -94 -10 71 -78 48 27 1 40 -46 -78 14 -76 65 52 -41 85 81 -75 29 -30 
40 38 -51 -90 68 4 -44 45 -16 30 34 -24 5 83 -40 -41 -18 9 -56 -94 54 57 48 -99 38 -98 5 -24 -11 -35 -42 54 -68 64 -45 -88 82 61 24 0 -22 1 41 77 82 58 9 60 99 88 73 79 -32 14 -47 -98 46 36 42 94 28 -60 88 81 -30 -58 -45 -92 48 -20 100 -5 -42 -60 90 7 -15 35 -99 63 -94 65 -26 75 -39 48 79 37 94 -15 66 
63 -2 38 20 -8 -96 -69 0 -93 40 56 -10 -69 -12 57 -57 -17 -5 14 -4 -82 -32 -19 18 -3 87 -89 50 -18 -90 -66 -12 75 -52 -96 -45 46 84 -99 35 76 0 -70 -20 -62 25 50 93 30 -40 -32 -88 -82 -6 -60 90 -96 -62 37 -89 -84 -64 -74 59 80 -92 -21 25 -65 60 32 62 -41 -32 99 -74 33 -28 -39 -22 49 -56 -31 31 -57 -41 73 11 -97 89 -98 
-36 62 4 72 7 -69 81 -77 86 -86 -53 -98 -87 -30 -98 7 -89 12 -65 93 -6 83 7 -72 27 -17 17 13 0 -80 -17 78 -91 29 -48 -21 -3 38 -14 75 69 73 -72 60 -39 31 -57 91 -80 -59 71 60 68 69 -10 21 11 -80 -58 20 -86 -59 -14 -45 -64 13 -49 -14 11 16 21 4 99 -14 51 49 94 33 9 -40 -33 -27 -91 -4 -19 41 -68 -71 53 -50 9 
63 33 25 -75 57 -71 -14 97 3 -13 51 -29 47 55 -46 -66 12 -31 54 -17 -21 -44 19 -86 56 5 66 49 -28 66 -99 56 49 25 51 -11 77 -42 -100 -37 -84 -13 -89 77 -16 7 67 12 96 -5 -17 -10 -63 -60 -58 7 -37 -63 30 37 -61 77 94 -61 14 -94 21 77 -49 85 89 87 53 -23 19 14 -4 -51 -42 -65 -15 -19 73 59 -83 -40 59 34 7 46 61 
-61 26 2 -49 -36 -94 36 4 91 71 16 13 99 50 -23 -77 -72 73 0 -63 7 -56 -41 -75 -24 56 83 -38 -44 -68 68 -54 -4 70 -98 -45 -93 -14 85 -6 -5 52 -88 70 95 38 -24 30 -29 -7 1 -89 31 30 96 68 -26 95 68 -51 -81 31 -85 -6 43 -67 -88 45 -78 63 14 -7 7 72 96 51 98 31 23 -14 -45 57 41 83 99 62 8 16 17 -67 43 
22 -98 -19 85 -13 -99 91 83 -40 -13 56 -80 -83 7 47 13 92 62 -70 -26 -30 -94 -58 19 33 29 19 19 71 58 17 -4 -3 -4 -75 73 -28 -76 -91 -52 87 20 36 33 83 35 82 99 38 -31 -67 75 32 28 14 83 -10 -54 -54 -23 -49 -95 -72 -22 33 11 -43 -50 3 68 93 -28 -13 2 40 34 53 98 -85 94 52 -34 53 36 47 18 5 15 30 -26 -74 
-86 -88 63 61 -69 69 -88 46 89 -34 74 58 -2 88 67 73 -73 -73 -29 75 65 31 96 -54 59 67 -96 98 -13 -47 7 -31 -93 6 63 1 -31 30 -13 -86 -7 53 -58 -23 -8 -99 -58 -21 -64 -68 -42 91 28 65 -88 -40 98 30 19 34 -90 -40 -55 69 84 -34 -64 88 -68 42 40 7 42 25 -52 61 36 56 8 -2 -2 5 43 -89 -30 7 -99 -29 -87 -29 -50 
-78 -88 -11 67 22 -10 -6 79 29 53 24 -89 64 79 -27 97 95 59 5 -90 -8 29 87 100 -19 32 41 -24 -50 32 46 82 -78 -99 -92 -95 15 41 -35 -59 9 89 21 -12 33 69 -42 -64 27 -22 1 -58 -84 96 1 50 68 -22 100 -71 -22 -20 48 -91 -25 14 -79 73 27 38 37 -23 -14 18 28 -71 87 -56 65 -44 -95 -30 94 24 94 54 46 76 -99 -7 38 
-86 76 -24 93 -55 -86 93 74 -25 -1 -84 -73 -44 35 -49 -42 82 29 81 21 82 12 -44 46 7 92 -3 -33 -77 21 -47 56 -70 86 -90 95 -4 26 52 -76 36 13 -88 46 38 90 8 -63 -88 -43 -2 89 -36 -99 11 77 26 63 14 -50 23 -79 -26 -28 -12 75 68 -38 36 -72 -19 -81 8 52 -39 94 68 67 13 -49 42 -87 -54 -32 -34 37 -3 62 22 21 -37 
-63 43 11 92 54 23 88 41 -67 96 -90 -82 79 -11 1 12 -33 -76 54 96 -78 25 37 -74 -27 93 32 -87 -32 -85 -59 56 -31 10 76 64 -9 -2 -88 96 30 -49 -60 24 86 -15 45 -78 -21 -57 -38 -82 -63 -56 62 -21 70 -38 -18 -80 -100 49 90 49 -98 -32 97 10 -18 -97 56 19 -47 -73 -79 72 40 66 -49 74 -64 40 9 -92 93 -45 -33 -29 -64 -74 -93 
-65 77 85 -69 -91 -8 99 81 -91 -40 34 -20 -84 0 -47 34 -7 64 -78 -6 20 -66 9 58 -84 60 -70 -88 96 89 37 -64 -3 -44 -87 -79 -76 -90 32 89 1 -67 78 47 -49 -34 -25 -87 84 -29 -22 26 93 -97 78 -17 -75 -40 -37 -12 15 -31 -100 -51 52 -32 -26 -38 -5 -27 19 -24 -8 62 -72 19 78 -29 78 13 64 -14 36 -22 3 26 84 -44 -57 49 78 
-62 28 -33 35 62 -34 24 88 4 -34 10 -55 -62 -49 -46 -49 -74 62 76 -83 17 55 -67 -22 16 -5 8 -51 44 86 -73 -15 61 23 -17 -40 -34 -47 -12 88 12 -57 -11 57 14 -21 -49 -65 -9 -94 -41 53 21 4 72 -79 70 98 -31 39 81 -95 3 -2 74 55 -15 4 -82 24 82 34 71 2 -24 20 -59 12 -30 -13 -47 -43 -97 -59 23 84 98 58 72 -21 -70 
-36 7 -47 -20 52 7 60 -37 -27 -69 -89 45 -87 -95 -27 66 -96 -26 35 -10 65 75 -88 -69 -66 29 30 95 -49 73 40 83 -38 -71 84 48 27 65 45 69 -100 6 13 -19 -82 -53 79 83 45 -99 -3 7 14 -23 66 -10 -57 19 8 -43 -71 -44 -29 94 -19 -1 51 98 24 59 61 49 -39 80 -93 7 -29 -92 88 -89 22 -70 35 -28 -24 17 52 59 -55 -20 72 
-47 77 -14 99 0 -16 -93 42 -57 -4 -80 -93 -77 99 9 -14 47 77 57 31 -54 82 -39 35 -9 -89 -55 26 -8 65 -4 96 63 -87 55 37 86 13 -3 -96 18 84 -79 -34 58 92 -34 -82 64 -88 47 28 66 13 -63 63 -23 -59 50 48 -71 93 -94 -96 12 -6 -36 -71 97 19 7 -44 -33 -48 36 13 -81 -89 -81 23 -52 1 47 73 31 -28 36 83 98 2 82 
96 56 80 19 16 18 -70 -50 -92 -9 -50 64 -1 79 41 -50 -81 -12 32 -16 73 -7 -21 -19 -60 -42 -89 -23 95 -69 69 -82 86 18 77 -2 42 -51 -20 100 -21 -23 67 -87 -50 51 1 72 -31 -54 29 55 64 72 35 65 43 -86 -96 76 -95 71 97 14 75 -55 91 -1 4 82 -81 -95 79 -14 -3 -43 96 54 57 34 27 75 -80 0 11 -48 -58 99 -39 83 81 
17 -82 -70 -69 74 63 -75 84 -64 -8 71 80 -34 12 -73 82 15 96 -21 2 99 -87 -73 -36 -50 -44 17 -21 -39 -28 64 97 -78 16 -46 -27 -74 83 36 -2 -59 -48 86 -90 -31 -48 43 -87 -50 66 70 -80 53 -67 -89 -63 -57 -37 70 30 -37 5 82 -73 33 0 75 -76 -29 -55 -21 -27 -1 19 85 -35 -77 35 -23 50 76 -26 -93 38 -95 -84 98 -83 11 -87 95 
-32 -58 -51 33 -12 92 81 -20 94 -84 59 -30 77 94 -91 -28 -91 80 6 4 -70 59 -63 -82 -2 34 54 -15 55 -28 92 -96 -13 -72 -74 -7 -75 90 -28 -30 -83 95 -44 -60 92 -87 79 90 2 35 56 -76 74 73 5 88 32 -83 51 -57 96 74 -69 -5 -2 -57 -81 60 -4 12 35 79 53 70 62 77 -39 70 -13 -16 -52 -7 -78 -40 67 88 43 -56 -64 -19 -75 
-33 89 -16 89 -25 87 -30 29 61 -46 94 -22 -66 -20 -24 52 -65 -11 -16 -89 -29 28 -52 -71 25 35 -99 84 56 97 -75 71 -48 52 34 -23 17 78 62 -28 90 36 79 -93 -11 -22 94 50 96 49 -75 -63 -82 -55 21 30 -55 -86 83 97 -11 -18 12 14 -19 -35 -93 -59 -68 -91 70 -43 -39 -53 45 -18 -73 -35 -54 -70 34 -99 77 -60 21 -51 85 -59 97 0 -70 
-75 -65 -76 36 -3 34 -70 36 81 6 -21 -97 62 99 -100 -33 -84 -3 100 -89 2 81 15 49 90 -49 -69 -25 99 -2 -62 -45 75 -51 -83 -93 91 -36 51 39 62 67 -69 -81 81 -68 5 64 44 -20 -41 -21 93 -43 -51 18 99 -95 -7 -50 -70 26 -94 -21 35 -49 -93 -79 -18 -60 -21 19 -58 10 -80 88 77 37 -97 -36 71 -30 75 80 72 46 89 -33 -54 14 -13 
83 -88 -75 82 -95 3 -53 -51 77 -39 -44 93 -46 -79 -38 -24 -64 -47 -25 19 73 -51 -2 -61 -86 -31 83 41 -99 49 -94 -73 -2 44 100 -54 7 -20 6 9 94 16 -39 -27 -61 57 -6 37 -77 30 84 38 -98 -65 -35 31 -49 -62 -62 39 13 -56 89 87 55 -5 -11 -12 75 -26 61 -79 -72 74 -53 -75 31 -42 -79 -69 -11 -15 -86 -90 94 13 -30 49 31 -42 -29 
47 69 85 -79 -10 -91 90 38 -75 58 -72 -34 56 34 -37 -77 -1 -62 46 67 85 -13 57 64 41 68 -40 -54 22 70 31 68 31 -47 83 -35 -86 -19 -2 46 90 93 56 75 30 -35 -32 -69 41 23 87 -4 24 88 14 67 82 6 -71 43 -21 43 -75 -46 -71 -15 29 25 81 41 65 1 75 -21 96 71 34 -63 49 7 56 86 -52 22 -51 -29 -75 -78 80 -35 70 
64 -61 8 7 -1 87 -69 -97 -90 40 70 -97 -91 48 51 -71 -18 -94 78 -93 -69 -92 -35 -25 86 -89 -15 7 32 24 -81 56 5 -32 -99 71 -18 -12 98 -44 -6 69 74 29 -51 -22 -61 -86 38 -43 20 68 -78 13 -71 85 46 -90 -6 -35 -26 -9 -7 69 -3 -54 -67 -49 -42 11 -79 -7 96 -51 -33 -58 69 70 -17 81 9 -89 60 58 80 -74 -27 -62 -49 84 94 
14 38 -4 -92 87 40 13 7 -50 -63 70 -12 69 -53 -41 32 14 17 67 -28 -100 96 -13 89 48 -99 84 10 77 26 31 -84 -1 49 -62 86 59 6 66 29 29 2 34 -4 -6 46 -2 25 19 -34 -80 6 -42 46 -57 88 41 -82 -27 69 -65 80 -25 -43 -16 -51 9 -45 7 29 89 46 19 -46 -64 50 -7 -59 -78 17 -31 -44 68 20 -50 -80 -76 18 79 46 -36 
-14 -25 34 -48 79 -53 -35 -68 15 11 5 -67 78 8 43 57 2 -22 -57 21 90 -100 -53 19 -21 -59 93 59 -98 90 53 -27 8 36 -76 -3 -55 48 -8 -21 62 53 35 -16 -28 29 64 -3 22 79 -65 40 48 -55 -68 -79 -51 -65 -62 11 -47 7 48 79 25 11 -36 -49 -58 -63 4 -91 -42 63 -65 -33 -42 -11 50 73 59 -20 -55 -43 -49 74 -86 74 72 20 17 
-3 11 77 -21 77 79 -3 97 -78 -45 -42 89 37 -27 76 -71 -48 -82 -8 85 7 89 -29 -31 7 -37 -33 -10 11 25 15 -10 40 59 -13 -88 -61 99 -47 40 -90 53 26 3 -74 21 -81 -39 -6 10 54 48 -63 56 -49 67 -61 5 6 99 99 -9 43 -24 87 -47 -8 -39 5 -43 -99 -19 -60 -27 0 -45 -45 -43 86 96 -34 58 -90 39 71 90 -59 96 0 -7 89 
79 99 -52 13 4 -69 41 -2 -50 -26 -95 26 22 55 59 -8 -41 -83 -17 20 -74 -10 98 71 38 -41 74 66 -26 35 24 74 40 84 29 -81 45 90 -25 99 31 48 -71 -89 -96 21 3 58 -38 -66 54 -55 39 96 -65 -40 79 66 40 76 33 -41 90 45 92 34 -48 -94 92 74 30 -76 -21 -92 -61 43 -53 -6 -7 81 48 61 97 -36 -83 -13 -46 12 79 -96 12 
-2 42 -85 -3 3 83 28 17 43 -32 -70 -37 -61 46 -60 22 -69 69 -59 8 90 -94 -49 84 79 9 -12 55 -56 -82 73 -28 31 -22 83 65 80 63 -85 -29 -27 -8 -79 -27 -51 39 14 32 5 10 -68 20 67 96 -38 -95 4 43 88 -78 -11 -73 -45 32 7 -30 79 25 76 -16 -64 -56 69 -88 -29 53 -40 60 85 -55 -67 -1 -73 -94 -18 -52 25 -33 -8 38 -32 
-63 -43 84 72 78 -96 32 75 0 -25 -64 19 7 -43 -57 58 -58 2 -31 71 53 -94 70 -59 -4 -69 81 -3 -31 99 31 -9 -84 -2 99 93 11 84 -82 33 -14 86 -21 29 39 59 89 12 -68 -6 58 -5 58 -50 57 54 -6 95 55 38 65 -87 88 -51 86 60 -72 -50 -79 12 -18 -80 13 48 40 -10 -76 43 53 -27 -48 -19 -51 93 24 54 -34 -9 -64 96 -73 
-35 -45 81 -70 90 -55 25 -24 -74 56 16 -6 48 -94 75 70 -36 11 -9 -63 -57 -25 -88 -99 1 77 -26 -95 8 17 -65 -36 27 -86 -15 58 -47 60 16 -95 23 -37 -71 62 67 -16 -89 -31 -55 95 41 -11 -100 -6 34 -2 -44 46 -97 -3 -5 52 24 82 -87 -8 80 76 21 95 65 2 9 89 -42 67 65 -53 -29 -38 -29 -40 75 71 -34 24 -68 -65 -83 19 72 
0 -28 10 88 -41 -20 51 74 -84 96 -28 48 -49 -87 45 -50 -98 -93 6 45 -6 -10 -91 42 -65 19 -75 -9 45 -45 -14 -98 -41 73 -11 80 -68 63 85 68 -77 80 -73 5 61 -64 -18 73 -71 -78 -96 -63 29 -2 -61 83 -71 -24 -7 -60 14 70 91 62 79 -93 -100 56 -2 -50 68 46 79 -14 89 -52 42 -49 -14 -100 -82 -4 81 25 -31 -60 -94 -23 -53 14 82 
-73 100 -89 -22 52 1 -34 -3 9 57 -98 89 13 -13 -99 -6 -29 -7 -17 70 19 83 -55 20 40 -24 -31 93 48 -93 6 82 29 79 -10 46 -47 -22 8 23 20 15 79 8 -1 9 -66 -4 52 97 28 99 21 -64 -89 -55 28 11 -77 -93 -7 -62 53 92 78 98 -58 91 69 -60 -73 -8 18 24 -50 7 43 -3 5 0 86 7 41 -43 -22 83 86 56 -23 -23 11 
-8 -34 84 -69 -5 -58 -42 70 -41 -1 -97 -32 46 2 -19 35 -93 9 32 27 -20 80 -42 19 3 8 50 88 -55 32 -15 -30 63 92 13 27 -35 -87 51 52 98 -19 87 11 -59 28 12 -86 86 -77 15 38 -5 29 63 63 -95 14 91 42 -23 67 66 29 -2 -80 -88 -57 -10 -60 76 25 53 -42 -92 -95 -40 -99 -27 -35 -96 92 5 9 17 -61 -73 -36 23 -83 -70 
5 -19 95 -92 -62 20 -73 69 48 -73 35 -39 29 71 12 -59 33 -41 88 83 -19 37 50 15 -96 68 86 -87 -15 21 -84 43 -69 8 -2 -6 11 -75 -47 -13 80 -33 68 -30 30 -2 73 50 5 84 -16 -36 5 -87 76 -46 32 74 84 62 64 -76 36 -46 50 -39 -18 -41 86 97 -77 62 -89 -66 28 1 -45 -20 -56 -59 45 19 -5 -20 -46 59 -99 27 84 11 26 
-37 -99 -89 51 87 75 -65 51 -50 86 25 73 -40 -85 92 90 82 56 67 59 -10 65 21 38 69 -97 -47 -69 25 66 -69 42 -10 88 -66 57 36 -72 73 -34 -92 -36 -37 95 32 27 89 78 0 80 -93 -59 81 64 68 86 78 -39 81 56 36 -73 -16 72 -70 50 -51 -38 72 47 -64 70 -5 91 29 -2 72 -77 -89 -57 -58 -24 57 58 23 -30 47 -5 51 -91 52 
-26 38 19 -95 58 81 -57 7 -77 34 98 56 -64 53 -81 -2 -66 -53 -51 72 48 50 -45 72 24 87 -32 65 80 -50 -25 16 -32 -93 -90 -93 -89 -15 65 57 6 2 36 18 -47 51 9 -100 85 -52 46 -50 -5 93 35 70 -52 7 61 89 58 100 -75 48 74 -31 -73 92 38 -13 9 65 -63 8 61 3 68 -33 -40 -53 -32 96 86 36 25 -34 37 -80 -75 61 -91 
-29 -52 -52 -8 73 -39 -90 -100 56 -14 -16 -7 92 -68 -37 21 9 -39 -38 -33 -38 56 -39 -82 57 63 46 24 -42 -23 64 -23 -14 -4 64 -85 -35 -30 31 44 -30 66 39 -70 -10 20 -54 -30 62 -96 23 -68 50 14 -93 -46 64 -80 -32 40 76 40 -17 -68 -34 -63 -58 76 -12 -69 62 33 15 -19 85 -32 -46 -17 -4 9 27 75 65 93 -33 -7 93 72 -36 55 -26 
-72 84 95 -68 62 -52 -100 49 84 -100 -86 -28 10 -31 31 58 76 -6 49 6 95 49 61 3 62 74 -94 -70 11 -12 -14 71 68 55 0 74 -97 63 49 76 16 65 8 84 -47 62 -16 56 -1 58 -47 -6 -73 -3 -22 -33 84 47 46 -25 87 23 64 58 28 -15 10 50 -79 86 0 -72 59 -36 -35 -61 -84 42 14 82 10 85 -55 -93 -49 35 -27 -100 5 -32 -63 
-87 -60 -30 -53 31 -7 -60 -95 78 64 40 -4 -17 -57 73 42 -83 74 -9 7 12 74 51 -33 -91 -58 95 93 -54 49 -30 -53 -71 -38 -71 81 -12 -87 -87 53 26 -44 -2 -4 -85 95 -61 -4 -100 -3 63 -12 -50 -30 -50 81 52 -50 35 79 15 -32 -29 -94 18 2 47 -10 19 -89 73 23 100 -18 42 -84 -86 -86 -34 -15 2 -16 -32 15 56 -79 15 -38 73 -69 91 
-11 -49 99 56 51 -20 -3 -14 -35 -57 -79 -28 0 100 -2 -76 51 -51 85 59 -33 30 71 29 -15 -95 72 -86 -5 41 -6 -36 -57 67 -66 -60 79 72 96 84 69 -61 -6 100 -10 -42 -20 -67 -12 -17 2 14 -97 21 87 36 -78 -66 38 -87 37 -31 -82 11 -8 -21 58 4 18 -81 37 -94 -69 -83 71 -18 18 40 64 13 -51 90 33 36 -87 -92 -95 22 68 2 54 
90 -24 71 -100 -45 60 -29 99 85 66 2 88 100 21 -73 72 40 87 7 12 -24 28 64 -48 -66 -64 -95 33 89 -98 53 -22 66 -85 -60 -27 -86 -36 49 -14 -5 31 94 79 95 -3 23 -32 93 -89 -27 -28 91 -41 83 96 58 39 -19 38 45 -28 -67 58 -96 1 79 -16 40 -92 -23 81 -34 -91 23 98 45 96 99 -91 11 71 5 14 -49 -19 14 -96 53 -21 98 
-22 -44 53 13 -47 -82 19 -65 -78 -74 47 5 61 42 56 -3 -61 82 43 -58 29 23 38 16 15 61 72 -22 -22 2 25 -14 -40 55 -94 16 9 -12 93 -46 41 87 27 23 -20 -37 -64 37 51 45 -2 61 -37 -33 -30 -88 10 16 -11 -51 -79 11 20 -13 -50 -48 32 -3 99 -55 -50 -71 76 -11 -95 -84 -23 55 -70 32 42 78 35 6 -99 100 37 23 52 48 -66 
-33 -2 -100 58 85 -84 -79 14 -11 -92 -81 36 67 -35 -87 -58 42 -88 94 65 99 -61 -93 91 95 -12 48 95 -10 34 -93 -39 86 31 -47 100 47 -25 -70 1 -18 98 -6 47 7 13 -28 -95 -49 -96 81 -100 24 -45 33 62 20 -36 18 16 -8 -37 -84 -86 -70 -41 28 -93 -87 -87 42 -51 -69 94 -17 10 1 7 -51 -79 43 -6 52 36 -7 48 46 63 -54 60 -53 
3 71 -89 61 -36 -5 -64 11 17 92 19 -87 82 51 -31 -42 -63 -45 78 -3 -71 8 59 39 33 -39 -48 -35 31 16 76 13 -44 -6 -93 -54 66 47 -9 47 27 -5 41 -30 19 -73 -95 51 25 63 9 16 -74 -1 100 -39 98 -29 44 -47 4 23 -88 85 88 80 -92 -2 -31 21 -70 -95 -80 -56 -56 -29 -73 -75 25 5 -81 70 -56 -26 24 56 -63 -70 33 88 82 
-55 30 58 -7 -14 74 -52 -40 23 -46 -82 -1 68 14 -40 -91 -46 -69 60 -76 58 36 80 96 -28 38 -6 -26 30 56 4 27 4 56 13 35 -54 68 34 -11 -31 -37 -46 -19 15 -64 66 -77 -29 -46 62 76 -34 -7 -26 -9 98 99 49 -34 -44 -77 57 46 48 100 14 -96 59 46 -72 -59 -10 -93 -49 21 70 -21 85 -50 -3 60 58 -84 -91 -100 39 -18 -33 38 -8 
12 85 -64 100 40 -97 -46 62 35 -14 -96 88 -65 63 -73 82 -29 2 82 -53 17 -62 -15 50 -86 95 -41 -99 36 -87 95 42 6 99 91 -43 50 -82 17 -9 68 -29 -96 64 77 10 -82 -91 -39 -17 -16 89 -34 -87 68 55 -16 -65 16 -82 89 9 -95 7 -52 49 -88 -27 -1 -36 -96 -41 -92 -61 12 -98 -70 -25 20 82 5 54 -77 63 68 27 60 39 52 -71 34 
85 -17 88 -92 71 78 -87 -59 -7 -46 -57 -3 -70 14 60 83 -84 -94 48 -88 -81 -81 -10 -13 44 13 -32 48 71 -57 15 60 86 21 -55 -22 -53 -89 -2 93 41 -23 84 10 99 80 49 -53 -26 -45 -4 -72 -52 -70 85 -88 -9 -96 56 -100 -37 -33 24 68 70 -59 45 34 -52 -3 35 71 -70 46 -60 1 -37 70 -16 -15 64 18 54 79 -4 -54 -21 -49 -97 32 59 
-75 90 55 -87 93 66 -33 52 21 61 -13 20 -85 20 -41 88 6 -68 -5 -46 -97 -27 -52 52 80 -36 66 -99 -81 -59 -47 -45 100 86 23 93 -63 27 -62 68 -85 26 -34 99 93 54 -29 60 58 86 81 75 6 97 31 69 12 -74 -99 -31 70 32 -55 -26 18 -83 -33 80 78 -40 48 -55 -91 -49 -1 -10 -81 95 -99 -62 76 9 -64 40 -34 -1 -77 -84 15 -55 -56 
83 -7 -4 72 26 59 -48 93 9 -64 36 -31 57 11 -94 -13 66 -63 -11 28 44 53 -7 -92 -11 80 25 -50 -9 -79 -82 -67 -57 -53 -44 18 -92 65 -64 76 -43 59 89 39 -7 30 4 -4 58 65 37 8 -44 6 56 45 -95 38 -5 58 -73 28 44 24 -87 19 -33 90 62 100 66 -50 -73 47 -68 -18 7 74 -73 -16 74 4 82 25 -93 -78 -28 83 34 -28 -44 
34 -51 48 11 62 45 -100 78 31 41 -87 -16 92 4 -95 88 45 -3 84 74 -91 -53 -79 5 71 47 24 34 54 85 -33 -75 -17 26 13 16 0 48 -42 -37 -43 38 -67 59 66 60 -98 59 4 39 85 60 -15 -64 83 -2 100 23 -81 -88 -84 -55 52 -27 -85 91 43 96 -71 87 15 -7 -89 27 -30 39 -23 -66 -82 -27 -99 40 -88 -64 -86 -84 18 -64 -82 48 84 
4 42 -12 -52 -34 -4 -4 -74 -53 -8 -36 27 17 21 -98 -8 -8 -72 69 -69 34 2 55 -35 63 -30 -86 -66 28 50 -81 77 27 91 -17 63 87 49 89 63 -97 67 74 17 -67 39 48 16 -82 -12 11 91 -85 -79 30 -71 99 59 88 9 66 -21 84 75 3 -62 -46 25 -87 31 27 -87 50 84 -51 59 81 -58 -10 -78 -45 14 22 -45 -12 -22 93 -68 0 29 -52 
-66 -42 -72 -52 55 36 -59 93 -33 90 6 -45 -77 100 62 33 -88 61 98 85 80 -57 -17 -92 44 79 18 30 -35 81 -44 79 -8 -47 8 38 -14 -69 100 -88 13 41 -60 -68 -58 60 79 36 65 29 -4 -7 47 91 81 6 45 56 -86 -43 -67 -21 35 97 -72 -96 -100 -43 78 -90 -84 -32 -6 33 44 64 22 49 4 -84 26 77 2 39 80 7 43 -64 -79 65 -65 
-70 -70 98 87 -95 -95 70 -27 84 34 -89 -55 59 35 33 42 -66 7 -40 73 57 -34 -76 -30 -2 -22 -80 -85 -38 -2 27 -62 100 85 -12 78 -3 -93 57 -86 29 55 -63 -7 -7 -93 -93 82 46 63 -18 76 54 20 3 31 78 73 -30 5 74 -65 86 36 -4 33 64 -90 -56 22 -99 -41 25 8 96 55 -3 -39 26 -72 8 -14 -96 -69 -41 83 -48 -15 28 57 -11 
2 -30 27 24 40 71 18 -93 -39 85 -71 -13 -19 -70 43 33 -95 28 76 -57 -60 -14 -96 -64 -26 -20 11 -91 27 87 -34 2 -47 69 45 -71 -36 -84 63 6 -49 -45 -38 -40 -73 -92 -79 0 -22 35 -26 -44 36 -8 -82 11 -66 -66 -16 -43 20 -91 93 69 45 -90 -97 -25 17 32 -93 -71 12 -83 -79 -30 69 78 -10 30 90 -29 22 -32 -7 92 -86 -50 78 64 5 
68 -47 36 -52 -55 85 -52 76 -48 6 77 91 89 -69 21 -29 16 -9 -12 -22 -62 62 -96 -67 -67 -70 -96 -62 -34 -67 -47 -38 2 -46 -62 -79 82 -43 75 -29 -36 -82 25 35 38 50 -25 -68 67 -41 -40 79 -23 -15 81 15 76 -17 -84 -16 -26 -12 57 -6 60 21 -42 -27 -6 70 -11 71 28 -75 40 -77 -98 -72 -56 -44 -18 -42 59 55 29 -69 33 -90 13 -99 34 
32 42 18 -74 52 -18 -77 71 -22 -24 -34 99 71 84 -43 -35 38 5 25 13 52 -84 -29 77 -13 -58 3 0 41 18 48 3 66 -55 -19 4 -81 3 -82 41 12 -25 43 9 -61 -40 53 -16 29 16 89 -87 36 16 -73 -49 -62 7 41 -17 87 38 20 77 -62 71 100 -38 -22 -93 -18 -87 -25 -32 24 53 75 55 34 -14 -92 -52 -89 81 43 -52 37 -9 63 34 7 
-88 76 -6 12 33 -40 -83 -38 11 89 -65 12 -71 -31 98 -8 -43 79 -93 45 -38 -33 35 -46 -28 55 -65 -49 -62 34 54 -16 -44 -93 93 63 51 34 44 -47 -51 -44 95 -13 -61 -48 53 83 -2 -65 57 76 -100 62 -4 70 3 -12 52 -100 39 -90 -11 2 40 -72 -86 -64 -11 24 67 -48 84 -35 -86 57 -59 55 19 -79 84 -49 22 48 -85 87 -65 8 60 -94 95 
-34 51 -21 -14 -80 -97 5 69 -9 -35 63 8 23 -56 -44 -33 -16 8 -75 68 -12 -52 49 -76 -69 25 -41 78 16 73 40 -44 74 -43 -67 -83 45 70 -62 22 -67 -61 -60 44 -37 -32 62 -25 17 -4 78 67 -83 -46 78 45 80 58 86 94 20 64 -28 74 -25 -84 -77 -45 -47 3 32 -7 52 -48 -11 39 43 77 36 -69 -37 -2 -32 -24 -24 58 76 2 88 68 1 
60 -95 9 -56 -20 -98 -29 -1 57 51 82 -6 75 97 69 -55 52 -43 -82 -100 -90 51 60 -61 73 -68 92 -57 27 25 17 82 96 20 75 -28 -21 4 96 -29 -31 35 -50 -45 18 -18 -86 -42 -87 -84 -88 78 98 78 -92 -18 7 -9 4 28 -89 90 -75 -20 58 84 70 25 34 -46 45 62 -50 -13 -4 57 -5 38 -15 76 -71 -48 -42 38 -51 11 42 -43 79 32 -82 
-88 46 -14 87 94 93 70 18 27 9 57 96 -67 -88 78 -46 65 -25 -69 33 -76 -95 60 34 93 77 19 68 -100 13 -42 47 -81 -66 78 97 94 55 41 42 67 96 57 94 -54 -26 -49 81 51 79 39 -16 72 99 53 22 -5 60 1 -34 31 -9 49 -76 63 -2 -95 0 -57 -68 6 -66 -69 -20 -99 -16 48 -60 -80 -42 -6 -59 94 35 81 89 -40 -76 39 -66 -92 
2 -10 -63 -76 -53 -76 -94 -61 -47 -25 -67 85 -25 87 43 11 8 97 -63 36 -80 -86 -37 -30 -26 -6 -24 33 -52 -91 -91 1 -1 37 60 58 86 -27 98 93 4 -42 43 43 87 -3 63 48 24 5 30 -79 -90 6 64 -44 -67 14 54 -9 31 96 -42 55 74 75 46 -90 -8 -46 74 18 -70 -72 72 -22 95 -11 -7 -99 47 -16 -61 39 51 -84 19 -87 18 -41 -5 
87 91 -59 -62 51 36 -72 -37 -96 47 31 89 68 -45 -2 38 -63 -83 47 -60 -93 -34 92 -55 -96 5 -69 57 59 -84 18 84 -3 19 -41 87 -34 -20 14 -33 23 89 91 10 -14 -31 -12 -55 81 16 7 -81 -9 -69 85 91 -2 -1 -17 90 -47 -68 -22 -9 -57 -12 -54 -56 46 13 -2 -92 51 28 -50 -28 -33 -26 86 79 -80 -77 -68 -85 49 59 -8 -35 -82 33 84 
-2 7 -92 -90 2 -15 -43 93 53 80 -40 2 -99 -17 -34 -15 -49 -13 -14 77 -45 -38 78 91 64 52 -88 -37 98 -21 49 -68 5 30 -44 -34 -54 -62 47 60 -16 52 14 4 -57 -65 77 50 89 62 14 52 -54 -20 -6 -94 -9 79 10 59 -77 60 96 -71 100 -86 -59 81 -31 -21 5 -9 -12 -46 -35 -79 -63 14 99 22 -17 -73 91 -63 -49 23 85 -33 24 -70 44 
-84 -92 34 51 -69 -98 55 73 -96 57 56 43 96 -21 -27 8 -43 27 -59 -55 96 -75 38 37 100 37 -29 13 -90 -42 27 -21 -60 -43 13 32 -87 83 46 87 -22 56 94 -34 -86 89 26 -51 -86 79 92 -24 -61 -44 -56 -77 -26 -66 25 -39 58 -53 18 72 -11 -30 -36 16 -91 -89 -17 1 -70 -52 -31 25 56 -54 39 83 -74 23 -22 77 -92 72 -62 -37 -80 -45 80 
-34 28 99 98 -89 22 80 94 -44 17 71 74 52 83 16 -40 -46 24 -55 -83 -37 14 -55 9 5 19 -3 -74 57 -1 -43 -5 25 -42 41 24 34 -4 -50 53 -50 -17 -51 59 52 -79 -86 67 39 -100 27 2 52 -3 43 -19 -99 78 -100 -82 19 -21 83 -2 -31 44 48 34 -97 80 -51 11 58 -47 42 100 89 74 83 72 68 -14 40 74 12 -10 -29 4 -95 -72 92 
-51 4 6 98 -72 11 87 87 -21 23 55 74 -96 -82 47 -17 15 -14 56 15 -37 11 34 -61 97 -29 1 11 13 -4 -6 -100 -87 -39 13 -99 67 55 -30 20 -56 -36 47 15 -57 19 47 42 41 62 72 -31 92 86 -58 94 -48 -16 9 26 50 -69 92 84 79 -55 -11 -61 62 23 -65 -69 -61 64 -14 -86 -98 -37 -27 47 38 45 33 35 -54 46 -50 39 -87 -34 53 
38 -60 -38 -59 -71 71 -49 -64 85 -71 69 36 3 -15 -48 46 16 -80 -13 -89 18 -78 -13 84 39 -32 14 82 -62 -80 -72 -54 -5 -2 100 53 -25 29 60 -61 -82 -40 -69 95 25 4 -4 -29 6 26 84 80 33 -56 -10 -4 -42 -26 -17 -54 -9 83 -76 -100 -43 -39 5 49 -25 -11 -99 -84 92 96 -12 -63 52 -33 18 -75 49 76 -35 100 4 -13 -79 -34 78 70 58 
37 -4 -17 -94 76 -27 -45 82 -31 95 87 82 44 -75 11 -3 -20 -65 -53 -18 -20 13 -76 -13 -95 -18 21 52 -67 50 33 21 40 -92 -29 45 92 -25 -48 -12 -87 -17 -21 -21 54 90 69 90 46 11 68 -39 20 -58 -100 63 58 -25 -83 25 2 45 -25 -8 -66 68 100 51 12 18 -53 -43 -91 35 -50 -97 -97 -18 -68 1 28 -88 67 -87 51 66 -85 -11 47 -53 -22 
49 31 -41 -29 -50 -43 49 -55 62 46 82 78 -12 -24 -12 -74 -26 79 -76 40 -7 40 34 -46 -53 62 -50 -73 10 97 18 18 30 84 17 -70 -43 61 -57 -67 -13 17 21 17 34 10 -8 -75 -93 8 -83 -52 85 54 -76 -65 40 -8 -49 38 91 -38 64 63 13 40 25 -23 -52 80 23 90 15 -53 26 -93 22 14 23 73 -20 63 58 -63 55 37 27 -77 95 11 -51 
55 -67 -23 53 -91 -75 -34 14 -81 -91 93 -84 1 20 -30 84 -31 -30 -98 71 91 46 -74 14 -78 12 18 53 -78 56 41 31 -83 -96 -12 34 88 -74 -93 -51 36 -61 0 76 47 97 93 51 50 -20 99 73 -38 84 89 21 -58 -66 -51 100 1 62 -100 -90 3 96 -98 74 -58 -99 78 70 -7 88 -14 12 92 30 -100 67 41 -24 52 58 -83 -57 12 -82 100 81 9 
-51 28 -99 -62 52 97 -97 -38 75 -83 -24 -78 87 87 -80 -50 -37 7 -49 -46 -57 99 -74 -41 54 -59 75 -19 -23 -81 -84 41 -75 57 -89 86 70 24 -57 31 59 12 60 -9 29 -38 87 80 32 94 30 82 -11 -78 10 50 99 -92 58 64 -95 71 -90 -62 59 74 -23 -42 -64 -74 -73 14 -23 -73 69 -32 -64 -98 38 -69 -43 30 -5 60 -51 -62 58 -83 4 -18 60 
60 98 -46 -99 -92 75 -19 -77 -35 -79 22 27 -62 -70 97 -71 67 99 -44 56 -88 58 86 -5 42 0 48 99 -21 -57 -52 -99 -41 -86 -55 -70 -55 -54 11 -87 -84 -21 -78 -98 -84 75 8 6 41 -97 -26 -62 -86 -96 -46 92 -73 93 68 -75 25 -74 -41 44 -9 -1 -41 -1 15 -50 -83 80 -46 74 -60 -30 12 -68 -100 58 48 -85 -61 -8 -1 69 43 90 -23 59 99 
67 90 -97 63 -18 36 -61 -73 -63 66 -100 41 17 19 52 -17 76 51 -65 -46 76 33 76 -91 29 44 -51 92 -56 67 15 -22 76 72 -93 42 73 -35 47 -64 -52 -9 -63 -32 58 -15 -96 -91 64 -65 -74 63 49 72 -24 94 15 25 72 0 -82 -11 -23 -86 -22 76 -81 -58 0 -45 92 -76 65 -35 35 48 64 44 -26 13 55 -14 50 -56 3 -26 -45 100 -7 -81 71 
-77 1 96 76 -99 42 -1 -64 53 39 -74 -88 6 -66 98 -80 8 -62 -99 48 61 -37 54 89 -20 26 99 -77 62 36 96 93 -17 87 80 -25 21 42 -13 94 -18 6 7 -34 45 -88 -66 11 -12 -35 -29 52 -29 23 11 47 50 -37 36 5 -11 -18 -80 82 -46 67 63 -41 18 59 89 -1 -67 98 -81 59 -51 -17 -49 -42 -44 21 -18 -71 95 6 43 -21 38 -100 -57 
-42 51 -97 -97 83 49 71 -95 -50 69 -27 -19 -20 -23 30 -57 -27 78 -59 90 71 -47 -54 35 71 -76 52 -8 13 45 -37 54 -36 -31 5 -91 86 -59 34 -13 -44 -25 -15 44 -75 74 0 -49 -31 -92 -96 66 -73 -33 62 19 21 -29 -66 40 20 -41 -94 30 49 6 55 9 33 38 -46 -52 54 -13 83 -51 -2 -63 14 69 84 -78 79 47 -68 35 29 81 -99 -38 -10 
-12 78 -12 25 -47 -85 18 94 93 58 -72 -23 -41 94 -30 89 -48 -51 58 30 60 -47 3 -42 94 14 -72 -90 -96 2 56 88 -59 34 -43 46 100 14 88 -69 -22 -45 94 76 100 91 92 7 53 -7 9 -36 87 87 -61 35 -96 98 10 32 89 79 -72 -97 -27 9 -92 95 -2 -78 26 18 33 -27 -10 -100 8 -61 -53 44 -100 37 17 -84 -3 60 -41 78 -4 -62 78 
75 40 -61 -21 98 -92 1 66 -3 -64 63 -86 -46 -64 28 39 -16 3 -32 17 -26 -27 73 62 -91 -26 9 6 -14 -70 23 -68 -11 -39 -74 -40 -15 -73 -24 59 0 -59 -22 8 75 49 -91 95 -43 -31 -90 -98 95 -47 -28 47 -4 -21 1 -52 -93 18 -23 -73 83 -98 -21 14 -90 -8 19 62 83 -45 99 24 -81 37 95 -84 70 -89 69 2 -89 -30 100 90 -74 -50 97 
-12 20 78 50 -8 72 -83 -91 97 75 92 15 82 -18 96 -36 -51 32 48 -93 24 -21 80 48 8 73 -3 -88 41 -56 -9 93 42 -50 72 100 99 68 22 -5 7 56 11 38 70 -41 1 -13 86 95 86 86 -4 90 -91 78 -56 -71 60 -3 -30 -73 72 -91 -72 87 45 -96 -17 74 8 91 96 -11 75 72 -66 34 -86 75 -47 39 45 -6 62 -88 30 5 -13 91 -2 
90 -71 -81 -39 54 26 85 39 26 -74 13 72 -94 81 -62 -49 44 -82 -44 8 -16 37 41 86 97 88 21 -7 78 -40 63 46 69 39 4 33 30 -63 -81 64 52 35 69 34 51 -44 73 41 91 82 -51 -15 -53 0 98 80 -31 -9 80 -31 -55 71 32 -89 -3 -11 -34 -57 21 -23 -68 -63 -15 -26 -42 27 -99 92 40 -78 20 57 88 79 24 74 -16 88 79 -30 19 
-36 54 66 25 -29 -20 -22 -54 84 28 8 -33 -61 -33 9 16 83 -75 23 -3 87 -22 -56 94 -18 69 26 -6 56 -100 -51 87 94 6 -7 -34 19 -29 -43 -66 -88 -28 -42 4 37 95 -49 65 78 -67 53 -69 77 -96 43 -27 68 31 6 -91 56 47 -15 -11 -59 -88 -89 -78 -71 -51 63 60 54 50 -16 87 60 20 4 -60 -21 -5 -22 -61 -45 79 16 73 90 -24 -40 
1 -67 92 -45 60 -78 -83 70 24 -81 91 -38 59 26 -85 15 41 8 99 -88 5 58 19 -26 -50 96 -77 -11 -81 31 28 -70 14 -51 47 -60 23 -76 -42 -14 -60 37 9 -25 5 44 7 -56 45 63 68 -26 69 93 -48 -33 8 -10 48 41 82 -73 86 73 80 -10 47 -5 80 8 -2 80 -73 32 -57 -81 -48 -57 95 -2 -69 -85 71 98 -2 91 -49 -44 -61 32 -69 
69 19 90 20 57 -83 -40 -20 72 -58 -18 44 29 77 -31 -32 77 47 -20 -14 52 -5 17 -35 15 -70 -40 14 74 -60 69 -40 2 -52 100 78 -64 -95 -55 -34 16 39 45 -55 57 -61 -86 -3 -17 8 59 45 83 85 -68 -74 3 -76 39 -67 -99 -5 -79 -90 37 53 -95 -16 54 -53 -34 -99 77 65 -7 18 58 0 -90 -99 -56 -36 -24 68 -90 -100 69 -67 -97 -79 75 
-37 65 61 38 -36 -77 -98 45 92 56 54 43 36 -63 7 98 -49 -100 78 -58 -61 67 -80 -99 -76 -30 18 65 2 -99 89 72 62 -9 37 0 -59 -83 -82 63 -26 6 75 51 -79 56 19 -47 -2 59 71 17 -65 -28 76 -35 -92 88 -70 95 -5 57 -24 79 -62 -7 0 -82 5 37 52 -43 85 -50 -58 47 44 -24 -91 39 -70 -7 87 4 27 -78 16 90 -100 -71 -43 
-59 -60 -15 4 98 -68 67 78 -63 -20 42 -44 -28 -14 30 -85 26 74 -40 87 -51 50 35 63 84 -40 31 73 32 36 50 19 25 -85 -98 11 -71 96 -37 -22 -32 57 6 72 18 -90 4 -61 54 2 -22 69 99 100 -14 -32 2 -52 32 42 6 -1 20 -5 12 -6 62 -13 -100 5 30 -34 -65 -5 -84 52 -17 39 -92 99 79 -5 18 -6 -64 80 22 58 89 -7 -9 
24 -74 6 6 -71 -79 -37 -92 69 -83 31 66 -4 -43 -80 -31 -43 -65 52 33 92 -84 34 -84 5 32 -21 -55 -12 -76 -51 -85 -75 -71 22 70 -28 12 43 -78 -87 0 31 -46 -64 83 24 38 38 -45 12 82 -5 -30 19 2 75 85 42 13 -97 -15 -84 -37 -71 -82 -81 -79 34 -28 33 30 38 4 -42 14 0 11 38 40 -15 -45 -87 54 -97 -29 18 54 -42 40 59 
53 -21 71 71 -53 -14 -70 18 9 -92 -14 -86 -40 -62 -37 90 60 -78 -74 -62 77 -31 -3 -95 3 4 52 -25 -70 41 -12 -48 -50 -23 -82 -83 -8 53 -69 -90 -14 13 -50 23 -37 22 70 -37 51 94 -92 -94 20 -54 -25 41 -76 -68 -8 57 -38 61 63 19 33 68 99 45 -15 23 -17 26 31 56 -25 78 -32 24 -16 -53 -58 -16 -94 -28 -76 -46 -36 -100 61 -91 48 
15 -37 -30 -69 -75 74 -88 -56 -58 -77 50 -17 84 49 -93 -20 -15 17 31 74 -93 17 -23 98 19 31 80 76 86 94 -97 0 92 -92 -19 28 -86 -66 -91 22 -85 -34 -98 84 72 -46 -91 -30 -58 -20 41 30 65 29 97 -50 12 -47 3 -26 -9 56 41 41 -17 75 48 26 -40 -63 -1 20 72 -76 -28 31 -24 65 35 19 78 95 -18 -25 99 28 38 74 -45 -50 76 
-86 -56 15 75 -21 97 -46 -22 -87 -19 23 38 -11 55 10 64 -16 33 0 33 -79 25 91 -83 89 -69 88 -52 79 0 34 -71 -23 26 -54 -94 28 -33 28 -66 -100 54 -66 -72 -51 95 20 -22 98 -24 -95 -24 54 42 -14 59 -77 -74 -82 9 66 -2 14 46 32 -95 -84 75 17 -29 62 66 27 41 -60 -80 51 -44 -65 87 -58 -35 -67 95 64 72 -74 64 42 -50 44 
11 31 -99 -78 -69 47 -39 5 82 37 -55 -34 -20 61 11 -66 -35 -55 7 -5 -98 39 4 -69 -37 -46 82 -21 43 0 -42 -54 -59 -8 52 33 -58 -28 -40 43 49 -49 -97 21 -59 -9 -22 24 -61 -89 83 94 -25 -75 -10 -35 19 58 54 -62 -99 40 42 -22 59 -57 28 4 -36 -74 78 -64 59 53 59 -30 14 -91 81 39 -74 2 -33 54 100 91 -92 23 -62 -54 56 
75 95 34 98 -94 -19 -29 25 -31 50 6 75 56 18 -23 -6 31 -71 45 79 41 19 80 79 -89 95 87 -53 -31 95 36 -38 48 59 95 -40 12 -89 99 -65 51 -5 92 -40 9 -35 -39 90 -81 43 28 46 -59 -78 -66 -87 93 -62 67 -30 80 -79 35 94 20 11 -28 -95 67 -28 -1 -72 -26 -60 -18 -78 -60 48 19 -58 48 80 10 76 31 82 -12 -3 92 -70 45 
-47 62 56 69 -75 -35 -24 83 20 78 85 31 21 46 -96 27 -14 -2 92 50 1 77 56 -81 -18 -43 -89 25 -53 -60 12 -22 -23 27 -59 61 57 -48 -18 64 -67 -97 -45 -9 -11 43 37 80 89 -64 -63 -82 -9 -52 41 -87 -86 -33 -99 -29 86 35 5 32 85 35 -88 -12 38 58 -73 14 83 -14 3 -3 -59 14 61 -91 85 -60 81 -77 48 74 -49 70 21 7 -33 
85 73 -47 -85 -93 50 -59 30 -56 28 -93 71 -89 21 60 96 -69 -35 81 -15 -24 73 74 -37 79 45 98 81 78 23 73 32 -42 85 -28 6 54 9 20 -96 74 45 -53 97 11 66 -33 -73 12 92 -83 52 -38 -2 -43 -20 -65 86 -83 68 -87 -64 -24 -45 -24 -90 -70 29 100 -7 85 24 63 54 91 98 80 1 -88 -91 -64 -15 -77 2 78 -32 -80 -64 74 85 -14 
-65 71 54 8 -61 -70 -55 -50 -17 10 41 43 12 -43 -3 52 -20 99 53 -36 -57 -60 44 -83 -17 63 13 31 -41 77 -41 8 -65 -30 31 21 -70 -50 -92 -65 22 16 -53 -5 41 80 5 51 -56 -34 77 49 -38 -65 -60 -67 70 -36 42 -4 27 74 -37 29 -94 24 -22 58 2 -66 99 -57 48 76 2 -91 81 32 -39 5 36 -92 -79 96 9 -42 -97 -60 81 68 -48 
100 -14 27 88 -86 -16 -15 -1 99 -15 -3 -72 32 5 -53 10 -48 -49 -13 92 87 -86 -9 49 13 -25 -95 -50 1 -46 -6 35 99 47 -24 45 -28 -19 -51 51 -50 -29 -84 -54 -30 97 -98 0 92 -92 78 2 79 -94 46 -17 30 -74 22 -31 17 70 -47 -72 66 65 26 -78 -84 -36 38 38 59 20 53 -63 -64 64 44 20 -51 31 -86 53 92 61 -9 66 -43 -55 27 
82 7 -69 71 -27 -12 47 -97 -79 -31 -94 -14 -67 -84 -60 62 -40 -28 -64 23 64 83 47 51 -82 -78 100 21 38 -31 -91 50 19 -77 -1 -39 -41 61 95 -54 -36 11 -68 65 32 -12 72 78 15 77 40 -47 97 70 -92 -6 96 -18 20 -17 -19 -92 29 96 -21 -100 -74 -74 -14 -11 25 66 -65 -87 86 -100 82 80 -12 100 -55 6 -71 25 -3 -88 -42 -65 -7 -37 33 
-64 -14 -50 -73 -29 44 41 46 -40 100 81 -21 -62 -7 -25 0 -13 -5 30 -44 90 -78 16 -71 74 -97 -55 -61 -2 9 -26 -35 -15 -75 -99 83 99 20 -62 -33 14 49 3 0 -72 -35 -15 80 44 94 -3 69 -77 65 -48 -52 -66 88 23 -52 50 60 -82 -60 -4 -42 53 5 -69 4 -71 -34 25 -74 26 -43 82 -40 46 42 -42 -23 60 -28 -88 -67 -58 99 -32 15 -46 
36 27 -21 82 -28 -50 90 68 -73 7 16 -10 -6 61 72 82 -10 51 21 -36 -81 34 -27 21 -23 18 -77 -20 95 60 40 63 96 -21 79 -77 93 -32 -96 74 -14 -88 97 57 -30 68 -98 8 43 100 -10 -89 -31 70 -73 -78 -35 40 -25 -87 -98 -56 96 1 -44 -30 75 -30 38 70 -32 40 12 76 -10 48 -5 41 69 -86 68 81 -88 -100 -8 94 -47 65 -29 2 77 
28 -26 5 6 -13 56 8 26 16 74 -35 44 -39 -40 70 -20 49 -47 -8 34 -29 27 92 -96 19 -37 -25 33 -67 64 57 92 -27 25 -6 -2 96 68 22 -59 77 -27 -73 -26 -29 51 -45 -41 59 -64 1 23 -20 60 64 -36 99 -26 49 82 -63 -44 -65 -68 -52 47 -13 -10 74 22 25 45 -8 -16 88 85 -84 -99 23 15 -5 45 -48 53 20 -56 71 94 -69 -25 -36 
-47 96 -37 25 -97 -79 76 95 -79 4 61 17 61 44 54 76 3 63 65 -76 -18 10 21 59 -24 -91 -23 19 59 -83 -60 93 20 41 -15 -17 -64 -39 28 -29 64 2 0 -20 -91 -36 89 -75 98 3 -84 -35 -30 -80 -90 28 10 13 51 17 -34 -85 81 -85 -17 73 38 34 99 -99 53 24 78 -96 -72 -83 21 12 -73 72 -77 -93 91 74 15 36 50 5 76 -95 43 
18 -20 78 27 14 -39 -27 -33 50 1 22 54 18 89 -58 -54 16 -46 39 41 -76 -44 -81 15 -64 -12 68 -19 -88 -24 23 61 -4 49 -20 60 -1 -85 -72 51 13 18 -48 66 -62 -28 10 13 -74 96 -74 -3 -78 17 94 -99 62 41 -24 0 -29 -17 -15 -8 -62 27 -63 -38 34 -5 -97 40 -83 61 -48 -85 91 -98 -40 -85 -99 -44 6 63 69 42 -16 29 -45 -42 -5 
28 -89 61 50 56 -16 -45 -75 -76 49 -77 -19 -13 -51 67 66 74 -86 4 -46 -90 -46 46 7 5 -51 -9 20 -64 77 45 -42 -36 -86 -100 -19 -23 -82 36 -26 -93 -45 -49 -49 10 -98 83 86 50 -72 27 -19 76 83 97 38 40 72 -45 -65 -45 -90 -35 37 -35 -97 40 -94 -6 -88 17 -82 -80 -58 -46 64 -4 -70 -71 -88 30 99 71 -15 40 50 72 33 -69 4 -1 
80 51 -88 71 37 -98 7 -1 -4 -56 80 18 83 -44 81 47 -69 -5 -76 -7 -35 45 79 27 -84 -72 96 15 -49 78 75 97 -8 -44 -26 86 66 3 -82 46 10 -59 -83 72 -38 -15 -50 -15 1 -6 89 -95 -20 47 -75 83 -22 73 -57 87 81 -90 -36 71 49 67 -88 72 -6 58 -59 26 -15 16 -35 4 38 -42 -67 -55 -85 87 34 61 -31 -43 43 84 -42 -51 93 
93 88 21 -80 -96 26 73 23 -44 89 -29 70 26 37 -40 -43 25 44 -29 85 -13 52 80 66 -99 19 22 -7 5 -46 -23 -44 99 86 55 -30 -36 41 51 -34 -13 -47 29 2 -96 92 -17 -67 62 -37 91 -100 -63 48 27 4 4 90 94 38 -61 79 -10 -69 -62 -5 -17 -69 -95 49 51 13 -98 31 -49 -44 -97 -5 -36 93 -92 -67 30 -70 13 -96 19 33 84 -93 18 
53 -7 -35 -75 -83 6 -87 -58 -7 22 27 -61 -75 -74 -40 17 46 -33 45 72 67 12 -80 -98 -69 -81 80 -61 -10 46 -30 -51 15 -58 -52 34 -31 -58 -66 46 -55 36 60 82 -63 -21 53 -76 -76 -40 52 81 75 70 -95 -90 -83 -17 -2 30 81 54 -77 67 14 -46 43 -43 44 56 -66 19 -44 39 -89 -12 -67 16 -31 21 -10 -69 -78 7 -52 -79 -50 69 -100 -99 -85 
76 41 46 17 20 -57 64 9 -74 -18 -11 -61 -91 76 -89 55 -52 -27 -77 16 -26 -6 27 -23 32 49 5 -37 66 71 94 -58 -59 15 24 -20 -72 -94 67 -96 69 89 64 -26 -91 19 0 -73 -73 10 55 46 -45 -76 3 -72 -98 43 -4 42 -96 -66 11 19 84 -15 -18 16 63 60 -79 -78 7 -62 -19 -59 67 -22 22 -97 97 -91 68 20 -35 40 -13 -46 -80 23 70 
81 31 -82 38 9 61 -82 -87 79 -83 12 -89 -74 -2 -7 95 71 45 25 76 39 -67 -93 95 84 -74 25 -14 78 4 -57 -6 96 -55 51 -28 85 -26 -35 4 61 80 23 21 65 -35 35 -65 -89 82 26 32 -19 -96 -24 74 -54 -81 -3 -7 -8 -62 -8 -56 -41 -98 -94 31 86 -100 25 5 67 -16 100 -34 29 -15 -41 -87 90 46 12 29 8 -39 22 -36 -72 74 -12 
1 -55 -50 -16 0 -87 88 11 -9 -31 7 54 -55 96 -90 -61 -99 48 -1 97 26 -93 -14 53 97 71 25 -58 67 -34 -86 71 -53 62 -74 34 -87 40 38 -15 -43 -66 -82 5 -87 -88 71 82 65 -29 -60 80 88 -42 -19 -13 -12 -74 -65 -80 -24 72 -84 -30 -23 -68 -6 -41 11 -1 90 30 -45 37 44 -41 96 -27 37 -57 -44 -56 38 95 -43 -63 85 60 89 20 -15 
73 45 -36 -5 -90 -62 -13 -45 -93 -40 36 -34 -46 -79 -25 -23 68 17 -6 66 26 -39 -36 74 81 -42 11 -78 12 30 -96 15 83 29 -51 25 98 93 88 -17 61 81 -91 94 4 -54 69 2 -37 -57 21 0 45 0 30 32 12 -68 -12 -75 -71 -13 -34 -99 -53 -61 20 -12 47 3 0 -85 -78 -35 -29 9 -83 73 -85 -41 67 -52 45 -19 37 70 -66 41 -22 79 -55 
-26 -54 -74 -70 5 -50 -69 -94 -56 -19 93 95 -87 -78 89 -16 -2 99 10 81 83 12 73 70 32 90 -34 -66 -96 -58 -53 59 -22 -97 33 -26 -45 48 96 -48 -10 -60 85 13 -31 -37 -17 -66 17 -46 -69 63 -58 -73 -93 69 -8 94 -98 20 -6 -47 -98 -11 -39 -37 100 -71 48 -9 -62 -22 83 99 -46 -26 31 81 55 80 1 52 0 6 -46 70 25 -100 45 -22 -50 
60 -41 -17 42 -34 85 -71 -11 31 -68 -51 15 83 9 -4 17 47 -33 38 -37 -53 63 100 31 -72 48 31 -77 -89 -21 3 -20 -95 58 -27 93 -13 78 21 0 54 -41 -22 -3 26 15 -14 -23 -53 58 98 -17 15 -43 85 -29 -6 -98 -14 75 96 92 -100 77 -95 58 100 10 56 -92 60 21 58 -80 -68 -48 -100 -73 -15 -36 24 23 -79 -4 92 8 42 -26 60 -61 66 
-11 -3 92 64 -50 39 -48 -56 47 -9 -98 -3 33 -86 43 -74 53 -61 -53 97 29 -46 75 -6 55 32 39 80 43 -37 -64 -24 -80 11 -22 -16 -26 -90 -97 100 -17 75 -91 -80 -62 86 80 -3 -61 -99 -29 -66 -75 78 -92 30 -80 -51 68 -19 -94 30 43 -65 -45 -20 -25 44 20 -99 -9 -86 -24 -32 70 -63 -92 94 57 48 -22 -96 44 -82 6 -53 18 49 41 17 -86 
-82 77 25 -82 -87 -70 100 96 -51 65 -96 -3 -25 -86 -35 73 -59 43 -12 12 6 -41 -20 -10 -78 0 -33 -49 -57 -14 60 3 -58 38 83 25 86 -65 4 6 74 -49 41 39 -60 -100 -79 -86 14 -50 56 95 62 100 77 -84 100 7 92 -12 6 27 -11 45 81 -41 64 -58 88 -96 14 17 -15 14 -24 95 97 81 12 -97 96 47 -20 54 -31 -66 89 6 47 19 -88 
56 -49 -67 84 -89 14 93 3 85 -12 26 -75 -14 -56 -86 -32 74 74 -44 -81 -85 52 15 -17 -64 24 -99 -26 -75 -49 65 -80 -79 -52 -52 47 -17 12 100 -17 -11 -86 -96 -99 93 29 -59 51 81 82 -53 4 -66 6 97 30 77 -41 -16 10 74 41 31 -66 75 100 40 -20 -9 42 9 -8 -92 -11 -63 -97 -89 27 14 17 24 54 -79 -57 11 -36 28 62 -2 -84 -20 
28 -53 -6 -51 -33 -75 -70 -14 23 89 96 -2 65 -70 23 -12 -71 -73 -86 -47 -23 -39 66 45 65 95 -90 68 -66 -50 -70 -62 -11 46 68 -86 -39 54 -85 23 52 61 84 14 54 88 73 -66 -5 -60 47 13 67 -44 60 -9 -8 -22 45 -75 92 -91 -52 18 47 97 32 -28 -100 -78 28 34 -37 62 -56 -85 -64 6 46 -43 64 -44 32 -77 84 7 -59 62 -15 -62 -11 
15 98 69 -50 66 -69 -39 -33 87 51 -17 -25 4 49 98 -20 50 98 -57 83 0 -80 32 -76 36 -76 -62 -66 28 0 66 85 -81 47 -60 -82 -83 -58 19 80 66 -77 -91 -3 14 -90 -21 50 -92 -45 -92 -78 26 -44 39 -3 99 95 70 -91 -14 -21 -55 -39 -66 -64 -9 -4 -35 -95 -14 68 -14 -83 -87 57 -6 79 79 -10 16 -47 76 -42 -55 34 95 -20 -82 75 -1 
-34 -81 74 43 44 12 65 -52 97 -51 77 45 -41 -89 -66 -66 96 21 100 100 45 -65 -96 -70 18 40 11 11 36 -90 6 5 92 31 93 -79 -17 44 91 -63 -89 68 74 27 59 -36 77 30 -69 81 -59 49 -22 -23 97 -89 -66 49 61 49 -55 82 85 68 -24 -6 -19 70 81 86 -23 -14 8 -90 -97 -51 -47 -58 57 -78 67 14 -83 -20 33 -40 99 27 -48 -33 -10 
-95 -68 52 26 -39 53 5 31 21 21 -76 39 -90 81 55 15 50 -18 -12 -47 0 89 -15 71 -14 31 -70 -64 75 -96 44 50 49 45 -89 -19 61 -65 12 -88 18 11 94 23 72 -11 -5 92 -18 73 -98 21 -22 -63 81 -21 56 -77 32 -93 85 -56 -53 3 34 -66 -36 -71 -75 44 -100 98 -22 -25 69 -4 65 57 82 28 -90 79 -43 47 17 -91 30 -19 89 -80 36 
-30 -86 -12 80 81 -79 33 -94 -22 -59 -27 -99 98 6 57 -29 64 71 -51 33 -53 7 40 -34 -84 94 79 60 -91 -24 84 20 -69 14 14 -46 -6 -26 -72 -61 23 -59 47 51 -56 -50 74 48 -100 99 -38 22 -11 -47 49 -66 -34 75 -92 -83 45 -75 39 9 95 -2 -77 -15 -61 -89 98 -21 -21 87 -84 76 -63 -93 -73 59 -92 89 48 -19 -45 -49 -70 79 6 -85 76 
-71 41 -35 4 13 -43 -60 -97 21 1 -71 -29 -67 21 -23 -58 88 -68 76 26 90 83 55 43 72 -32 71 -19 32 21 -63 -62 -26 -91 91 92 -23 82 65 -38 56 -44 -5 -76 34 35 69 79 45 49 56 0 -21 11 85 -15 88 -69 25 -73 -49 98 -63 -35 50 -75 34 71 -68 -45 -82 -47 -72 -79 96 86 40 90 70 -19 -28 12 93 90 -35 -17 85 -11 -89 17 -30 
-15 73 -23 84 57 -50 98 -70 -93 -52 21 40 -17 -55 -98 57 -74 -60 -36 -52 20 -46 -78 -26 -79 -8 -77 -67 52 11 90 -8 94 70 -18 88 -70 -68 -95 -93 -91 -99 56 -45 49 -49 92 -13 22 -21 47 69 -78 33 57 -32 3 -53 43 -26 -28 -14 65 61 95 1 -25 60 -51 -55 55 73 5 37 -83 -80 -37 -32 -45 20 84 -17 88 82 64 -22 -8 -87 -86 48 62 
-84 -53 -95 12 -84 -3 19 36 96 60 5 49 19 -72 -9 32 95 -31 -73 33 38 27 4 28 51 37 -84 68 49 -32 -33 49 83 -15 46 -76 -6 -74 -87 67 95 76 80 -79 -70 -72 65 -42 -91 -83 -75 -32 -1 -56 20 -74 -15 -22 79 16 -100 6 -93 86 -92 49 69 -4 58 60 -32 -21 58 73 6 98 -38 42 -91 -9 -34 -90 -74 -47 -54 28 55 17 -5 -34 3 
-67 -91 -84 -99 -57 42 -45 51 -36 30 -95 -49 0 -77 73 -10 -94 9 -61 -42 -63 -22 -6 80 9 11 -10 97 61 -81 23 22 20 -96 54 80 -10 -9 62 -50 54 90 -41 19 5 75 50 76 76 -43 87 71 -15 -4 65 91 19 3 -19 42 32 70 -1 -67 -44 -22 -36 53 2 -76 11 -69 -7 52 4 -47 32 -64 -83 -62 81 76 -26 23 -57 -25 37 -98 -40 -1 14 
-17 -51 -65 -99 -33 -45 -94 57 65 -38 -80 -90 72 77 -25 47 14 64 -3 36 -80 -35 80 -84 -35 29 -23 60 -66 -69 -88 -73 79 -17 -21 60 95 93 -85 50 -42 -86 -35 -84 -26 54 -50 39 -78 -7 73 -43 -28 -19 -52 -83 70 15 -39 -92 -21 -22 -34 12 64 18 -77 -66 -41 70 -5 53 -36 48 -93 10 16 12 58 -68 61 -38 34 -10 37 -12 2 3 99 35 -40 
15 57 72 41 -33 38 35 32 -40 75 -99 60 71 2 -63 3 -32 56 83 71 -68 -95 -27 40 50 56 26 41 30 61 50 100 78 -72 -29 30 83 -100 -49 -64 38 -16 87 -40 -100 -48 27 19 39 19 -48 63 -78 -32 -20 -74 71 98 -47 94 -54 40 60 -54 11 -34 55 19 -59 -38 84 58 7 -22 -43 -68 -59 -56 -49 81 -99 -51 82 -31 -9 32 -93 45 -33 67 -55 
-77 -6 63 37 -43 70 -66 28 -23 -4 99 -93 70 -33 -58 2 59 -41 -42 -90 -73 32 83 41 -92 31 -60 -10 77 7 46 71 44 -98 -66 -45 0 -83 70 99 62 -73 -63 -99 54 83 -52 28 59 -44 7 36 59 11 -10 0 -11 88 73 43 -23 65 -2 -80 -55 -76 18 37 28 -30 36 29 42 -83 -13 -15 -45 78 -19 40 93 42 -86 -6 -62 28 -56 -18 -60 -10 39 
