-96 97 -88 4 72 -5 88 -17 100 -33 48 30 94 -87 98 -77 50 8 80 41 -8 25 79 81 0 -86 -31 6 -11 73 -45 5 -56 -32 49 68 
91 25 49 25 55 -57 80 -72 91 -5 -42 3 83 -68 -17 53 42 56 81 52 64 -84 51 16 -28 94 67 98 -12 79 92 4 -71 89 -20 53 
55 9 -32 -52 -41 81 64 32 84 -26 -6 32 47 -54 18 -64 -61 -67 -50 -26 -18 -43 -1 -89 -90 -48 -66 -97 51 4 -40 16 -19 -20 81 -73 
57 16 -31 -20 -15 -74 -64 65 -69 25 -75 60 -66 50 47 59 50 16 -17 60 17 85 50 82 99 38 61 40 64 -78 57 19 32 2 4 -22 
-37 -47 -81 15 -52 -10 4 76 48 -28 41 -34 -4 -45 29 -63 -89 68 82 -16 -3 -90 -61 49 -55 -98 90 34 -59 -77 53 -89 -70 38 -98 80 
71 -46 -18 32 41 -76 67 -58 -63 93 71 68 30 51 49 45 63 -22 -55 -19 -58 -15 -97 96 81 -78 61 -37 29 -90 16 -41 -83 89 84 40 
-93 -4 -37 -40 11 33 66 -7 -3 15 82 80 -23 49 94 -86 10 -60 -9 -76 -67 -57 48 -36 42 -26 93 -70 -9 51 -7 60 77 -75 14 -59 
90 64 -44 46 98 32 20 90 72 23 88 25 5 -48 -56 -42 84 79 -49 -5 1 -89 -35 -68 -51 -45 -81 -64 58 83 -1 -50 13 50 22 34 
27 90 91 -56 66 -87 -81 -92 57 94 -51 -65 48 -19 -73 52 60 79 -94 -95 91 86 -91 18 -81 -8 -89 1 -38 -77 61 92 -54 56 -6 74 
-23 42 69 91 75 94 21 68 69 -23 27 -48 70 95 45 44 67 -47 -36 10 -84 8 42 30 99 81 -51 2 26 1 31 43 28 -34 -29 40 
26 -74 -94 -21 38 51 34 13 64 -96 24 -51 -83 -72 48 62 -12 -83 80 75 -2 5 32 82 92 -91 28 37 -23 -64 44 80 97 45 18 -19 
65 24 -15 67 -1 98 89 -50 -22 -62 5 -53 -33 -43 -30 -66 -52 -40 -52 88 -47 6 57 -22 47 26 84 -50 66 -74 -5 -34 87 -88 84 -3 
-46 48 -92 -77 -41 -68 -86 -27 -96 -43 99 22 -65 -85 -69 37 40 -81 5 99 -26 -7 -92 -39 -27 25 45 -68 -81 24 -41 -84 -63 51 82 76 
-48 5 62 -69 -98 -58 -74 -99 -45 25 95 49 76 -46 33 -54 63 -30 -73 57 -7 -72 56 -11 -100 82 25 -38 -54 47 -72 84 -99 -4 -63 -74 
-28 -89 -41 -24 60 -99 94 50 96 7 40 -95 49 35 -85 -40 -45 -34 96 -25 27 92 -89 33 95 -69 -42 93 -43 45 6 -44 88 -69 60 94 
-29 -65 23 96 65 93 -35 39 27 -100 54 -9 -81 93 26 75 74 89 -81 -60 31 -54 -67 17 -57 -26 61 -90 -81 -96 -54 21 -11 65 -11 71 
-14 2 49 0 -10 -54 -78 59 -2 -1 61 -63 -79 -29 -62 -37 -67 -23 -94 12 -95 -76 36 -33 -76 44 -13 -75 13 -7 -79 37 -48 -63 -34 18 
-33 -84 20 -33 37 60 84 44 -45 14 30 6 -8 -36 -3 89 78 16 -92 20 50 -12 76 -72 56 -55 -97 67 99 -82 37 -52 -58 -45 81 -85 
83 60 9 -65 -22 75 91 -41 17 -78 -1 48 20 21 16 -52 -4 6 58 65 30 84 -54 -65 -7 60 -45 51 -90 11 -85 99 71 2 -92 -68 
-11 -77 69 70 -11 -69 -75 11 36 -48 2 -42 -44 54 89 61 -88 -89 -18 -18 -23 41 -63 -70 15 30 55 47 44 1 -75 10 83 -77 59 12 
27 32 -22 -74 -96 -81 -68 -67 4 -32 36 -67 40 77 45 86 -4 -25 -4 7 -74 66 9 -65 -11 100 55 79 59 -75 62 -29 56 90 69 -89 
-59 0 44 45 -46 -44 20 -15 38 71 81 66 -18 31 -24 95 52 83 -8 -87 14 75 -85 -88 -44 -34 64 -35 -13 -88 1 74 -19 26 -45 -26 
33 35 47 -14 -31 85 88 -60 70 -47 -71 15 -19 70 52 -37 -20 73 34 -75 -3 -15 78 96 -48 99 7 25 79 -15 -83 46 -34 2 24 50 
-78 -10 35 -38 -33 -15 38 -31 66 99 14 28 83 -80 -78 63 -51 43 -85 -74 1 -26 3 -41 -59 91 19 23 22 -36 -20 -62 15 46 -31 11 
19 -10 -21 39 -6 46 95 12 -63 -72 -36 25 -91 -46 -37 -5 -59 -85 90 -8 -27 17 -59 12 80 -53 -42 -79 -54 -78 -12 -36 12 17 0 -53 
-16 -40 -38 17 -90 16 53 -35 45 -74 -65 51 -42 -37 23 50 5 -5 60 27 -53 -35 13 -40 6 54 66 -25 -78 85 -36 57 77 91 73 30 
10 -80 -72 -33 60 63 44 -74 67 23 -12 -28 -68 -67 45 -75 -91 -88 36 92 36 56 33 -73 -30 -10 -23 -30 56 -99 11 -44 14 95 21 -10 
24 66 85 -15 -57 3 -14 27 -5 -3 -81 -14 -81 73 -16 40 -55 -85 62 48 -49 -9 25 -35 11 72 96 65 -84 -81 97 11 69 -33 41 -99 
-52 -66 -81 18 -45 57 100 -81 -75 -47 88 35 78 15 64 -3 84 73 -65 38 -25 -42 94 59 7 23 100 65 97 -54 -90 -29 67 -55 4 73 
-24 100 9 70 92 25 -1 48 45 -42 -69 -34 -28 -78 -35 -69 10 50 53 19 68 -1 -91 89 69 -24 43 97 94 -1 -80 -86 46 -39 -36 48 
-4 0 38 -61 -60 37 -53 100 -49 51 -47 68 -88 95 87 -23 7 -59 35 -75 40 -36 5 -87 47 43 -62 -38 0 67 39 -97 34 9 25 24 
88 -92 -60 -19 91 -31 1 69 77 2 -16 1 6 29 -73 -37 82 -30 -50 80 64 78 -8 25 -5 49 -2 -71 -11 10 95 -55 65 -1 -99 -9 
70 5 -37 78 13 34 13 -29 -95 66 -71 92 3 10 -78 -37 72 76 -80 16 -29 -85 -92 -91 65 -87 67 21 -1 79 -48 74 -73 84 -74 -29 
86 9 -92 7 54 36 41 1 3 -54 17 94 -43 -22 6 -40 -25 0 -22 -7 36 -76 42 96 -88 -39 30 79 26 96 -59 25 -48 -47 50 -9 
47 -97 -72 -62 -24 13 14 56 -99 -9 39 75 -32 -38 7 66 -50 -98 48 -36 -29 68 7 -83 42 26 91 60 -80 -40 19 -2 -74 -72 90 9 
-2 73 -24 57 58 -97 -31 47 -57 -80 84 -5 12 47 -86 -49 33 76 -63 -9 15 71 -32 -93 9 -5 5 12 -28 -68 24 -58 15 -42 -30 -77 
54 61 41 26 80 -66 30 25 11 -60 -48 -33 64 -75 47 -29 -72 19 -14 -8 75 68 -64 53 -95 25 49 -64 61 -98 4 29 88 10 -42 19 
-92 16 45 43 -21 -74 -90 15 88 -93 -14 -27 55 -79 50 34 47 37 -45 -7 28 -64 -77 87 -67 -49 -21 6 -10 47 89 -51 57 -4 -96 97 
-3 -12 32 -28 -40 -77 27 17 68 71 -48 32 20 43 -22 27 29 4 25 80 -9 -46 67 -72 -18 -66 -47 -33 -87 -84 49 -66 31 -87 -11 -24 
85 -89 82 36 -21 -83 -52 100 -38 -79 -57 -61 -70 66 -76 -74 10 56 -53 86 -88 -19 -12 -26 72 30 84 44 -34 -89 75 -63 35 -50 -37 23 
-56 5 -12 -61 30 86 -9 -78 -10 -37 -31 61 22 -98 -31 24 -31 -22 5 51 81 -28 13 10 -84 -83 14 -96 -17 -19 11 23 84 -13 31 25 
-6 -46 -60 -14 -99 -55 -91 -30 100 -5 81 80 -16 57 -79 -53 -8 93 45 34 37 46 -62 2 85 54 15 -85 -21 -42 28 -89 23 -13 -60 29 
-1 -63 44 -92 -24 28 -83 83 -36 53 91 23 -42 -42 69 11 63 82 72 23 -43 -50 -51 87 36 74 25 62 39 67 -78 -62 9 6 -4 71 
68 4 -22 -5 -47 33 -4 12 -31 69 -42 68 -55 -75 92 51 -23 -88 -87 -43 68 84 35 96 12 45 22 65 -93 -11 63 13 -30 -9 -5 -21 
-69 -57 -100 70 98 -59 -96 13 -81 20 93 77 18 68 -76 30 98 98 39 -93 -10 -22 55 -29 -78 75 -98 32 74 59 43 -5 -9 53 -92 6 
-65 -47 -88 -49 -84 -67 74 -100 -97 53 -35 1 86 24 49 9 -82 -14 -80 -6 -4 -3 -66 -67 -12 52 -49 26 -100 31 80 -95 -70 -38 -70 -43 
58 -79 -11 77 -46 27 46 -97 64 -16 98 85 33 -14 95 100 85 -24 80 -29 -65 4 -3 85 -7 -82 -86 -33 -33 -21 3 -100 48 3 -40 44 
99 93 59 44 8 96 -100 26 -97 61 53 93 26 24 72 70 16 69 -46 -48 100 -22 82 -7 58 23 -5 55 40 6 -41 -51 31 -43 -51 80 
9 48 -66 80 0 -94 47 10 -60 -51 49 57 -66 -42 -31 -53 96 90 20 -2 -42 22 40 -61 59 35 49 -93 -75 41 88 -53 -65 -72 43 22 
-46 -55 -51 -63 49 -20 -33 -50 -58 -4 52 -38 53 77 -65 11 -40 50 70 -50 94 -98 -4 3 5 84 48 71 97 0 -97 -53 45 -63 48 -55 
-71 -25 55 43 -99 70 -15 -97 100 82 -79 -99 55 61 -43 -25 -53 -67 -4 24 -33 6 39 -77 90 78 34 86 86 -49 17 -97 84 62 -26 84 
-37 55 0 38 35 -40 -75 -4 65 -46 98 -54 5 -14 -88 -51 -99 98 -1 -77 56 57 97 -23 25 78 43 15 97 -37 85 -73 58 87 26 -18 
59 86 79 -78 -42 -3 45 28 -39 -57 -19 60 -17 79 87 30 -35 -58 45 -64 -92 -43 -43 -77 -97 47 -93 64 61 56 100 -81 -55 72 86 -59 
-26 16 49 -8 69 75 -17 0 -54 -16 -15 72 -87 -30 77 68 98 7 92 5 -46 12 43 -80 -85 46 -51 -56 36 48 -23 56 -17 99 87 28 
36 -39 23 -82 82 -35 57 80 -53 46 20 16 -98 -3 -59 12 84 -97 47 -2 33 97 97 -61 -16 -93 -45 -91 8 -25 -4 -64 -94 97 -11 12 
22 -30 -94 100 98 12 -74 74 26 -65 30 -87 71 -34 -55 -78 46 68 -79 -69 11 10 21 -37 83 -6 63 17 37 -50 -41 -9 99 88 -53 -40 
93 -15 -46 78 -40 59 59 -4 17 14 -32 -12 -58 -37 -1 23 7 -93 -9 -92 13 38 95 35 47 59 87 53 81 -24 -71 20 -11 29 53 3 
-95 -38 41 -10 7 50 70 -36 57 -83 59 67 -40 -35 -68 7 -64 84 65 76 23 74 92 30 -56 -2 63 -31 70 36 35 51 -64 -95 -28 71 
36 -48 69 -65 -71 92 50 0 73 21 -48 -75 26 -57 -71 35 -43 41 27 32 -83 92 9 -87 58 54 59 -65 -8 94 45 -65 -24 4 -28 67 
87 -74 91 28 97 75 6 40 -54 -86 74 -51 -35 88 -56 -18 -92 -96 16 -40 -87 -80 91 11 62 -5 -66 51 -97 40 71 48 -19 5 -33 26 
-81 -74 -58 -17 56 -5 77 -96 -95 89 -54 -16 -41 4 18 -17 86 -66 78 -100 100 28 96 25 -37 -9 -32 -44 -96 -73 74 -25 17 -56 39 -84 
-98 -83 -48 -6 -20 94 -70 -17 80 -93 85 99 -6 94 -94 -36 -26 27 69 -49 -94 -3 -70 12 -34 -4 95 -25 -53 20 62 -5 78 -51 22 -58 
-27 -71 68 21 65 -10 33 -35 73 68 -33 -32 10 99 -4 32 54 -92 -30 41 31 -98 79 -7 -79 -31 66 -93 -46 5 -56 88 -69 64 -67 66 
80 2 -15 88 -6 36 -48 45 -45 88 63 16 78 -33 54 -69 36 36 -87 -17 -89 11 -23 -52 37 -73 -56 -68 -19 -54 -89 -50 -10 -24 94 59 
-3 -93 -33 53 -8 -13 74 -79 -23 -31 92 57 62 40 -68 97 -65 -10 -95 -18 46 -17 40 -57 -16 64 4 31 54 89 10 98 -97 62 19 -25 
82 69 75 -81 -90 -47 42 27 -20 89 73 -38 -20 -16 50 84 66 27 -85 77 31 16 20 50 62 8 19 19 86 21 -29 75 37 -8 60 -46 
-34 37 -86 72 12 -89 -76 3 -1 5 -27 57 -81 -76 4 97 78 4 -88 -23 83 52 -27 -86 -79 39 75 -67 44 44 3 -74 -98 -39 78 43 
-97 90 23 27 4 -77 -70 51 66 55 -45 -73 -40 55 49 53 67 79 -15 3 -99 -28 -38 -55 -98 59 97 -46 -79 36 66 52 71 53 -70 -94 
72 -49 5 94 -27 7 -32 95 -88 40 73 -48 -53 -58 73 98 -27 -29 25 46 69 7 11 11 -44 7 93 25 -93 -62 -81 28 -99 44 61 69 
-98 -81 -95 44 -95 -63 -38 7 51 -75 66 91 41 -96 -100 -49 71 -71 -1 33 -54 -41 -40 92 -87 -38 91 -24 92 99 -57 -78 36 8 -71 -41 
44 92 69 -96 12 36 -89 -49 -7 -56 -10 -75 -86 26 -71 48 -16 -6 -16 -99 -62 -53 88 100 -46 -58 96 52 4 36 -88 -97 -20 64 -49 -18 
-14 -13 90 -95 97 -5 39 10 -78 -52 72 38 88 -99 -48 57 -64 62 6 -95 -43 -48 -16 25 56 -28 -31 -96 92 78 1 -44 73 -12 -17 -41 
