63 31 98 37 -35 3 -98 -43 -6 95 -46 38 -1 -35 -5 28 59 11 -73 95 -66 44 -28 74 -33 54 -96 100 89 -31 -46 -88 79 -32 43 -61 -84 
89 57 -51 42 47 51 39 -58 68 -54 -12 -91 67 42 -24 46 -71 29 -35 -37 3 -6 40 55 -86 -78 27 17 -89 -69 16 -95 -41 64 -38 16 -58 
-96 44 71 99 93 -29 -47 55 35 -23 -75 87 -7 8 -80 -9 -3 21 -83 -69 -44 -85 2 -78 -34 -21 41 25 23 4 -74 -78 -99 -80 -3 -74 -29 
94 42 33 70 -53 -50 -66 -2 -54 39 71 -87 -66 -56 -73 12 -54 12 -90 45 -45 38 15 -39 -85 60 -1 -6 -54 -55 57 65 44 -52 -20 -72 -28 
11 56 -37 90 29 -12 43 -50 -36 -24 -67 72 84 -86 59 34 -38 39 -15 -83 -92 15 24 -44 -54 -88 -94 10 5 10 46 83 14 15 -28 77 13 
48 -53 83 11 -64 -94 61 3 86 92 0 -22 -49 6 83 -27 19 16 26 28 -96 96 73 21 94 31 -28 -6 -57 -65 -2 99 -40 4 98 25 61 
-82 20 53 19 -38 -21 60 23 24 -71 -2 -57 15 -82 -7 -16 -4 -49 90 -10 -75 -78 -80 -17 -38 -69 -41 -5 2 -94 -95 62 -80 55 -62 39 11 
60 -92 -85 23 41 -31 -63 79 -30 -8 29 39 52 -27 -92 -56 -71 54 11 -25 36 -62 -87 71 -95 70 62 4 75 77 33 -11 -75 -55 53 -74 -94 
-94 -43 -32 -4 38 -37 -46 -77 -85 -44 98 -48 -7 -90 77 -89 51 -39 8 42 16 -94 72 95 -38 -14 33 -76 -12 -45 21 -12 62 15 -98 -74 6 
66 62 21 -100 -25 -49 2 33 -78 17 -85 -83 41 -9 87 86 -92 26 21 -57 60 -49 -58 -32 68 -17 60 -88 82 -2 -35 -14 12 -61 11 -24 17 
63 7 -46 60 -92 90 43 -60 87 -69 39 -49 47 90 -69 -64 -10 58 33 2 -25 -84 -35 49 82 -18 -35 -56 97 51 -22 -93 15 19 77 32 89 
-42 -23 -59 83 -20 -78 79 100 35 -88 93 9 -43 73 -81 50 -30 -4 39 85 70 -40 -14 32 59 63 -3 -84 91 -1 -59 -62 -82 -30 -12 35 34 
8 98 70 65 -2 93 -56 -14 -47 79 68 -52 -91 90 58 95 90 85 -3 -7 2 41 -100 2 -9 93 -58 12 60 36 34 -40 12 4 29 60 -25 
18 26 1 13 -71 24 -64 80 21 -77 -92 -68 92 85 38 31 39 48 55 35 17 2 -55 -44 -96 70 -2 93 -16 -62 39 98 -45 29 -38 -41 62 
44 -70 11 -69 98 47 87 22 -25 -8 51 -16 -49 59 9 -80 -49 -25 -99 -87 36 -85 -15 -64 71 93 25 29 40 -73 -57 -41 80 21 -16 84 43 
-53 -88 8 -79 -90 97 25 3 -53 77 -20 -35 2 -14 76 -21 89 -99 13 -76 -22 -45 42 48 86 75 -95 -68 -53 15 -44 -53 -97 -30 -22 -21 -94 
-99 -53 -68 -21 -31 -21 -29 33 83 -27 -79 -62 -30 -64 -38 -57 49 53 -51 41 -38 44 19 75 -100 -3 84 -18 -47 75 19 -95 33 54 -44 -34 -88 
-13 -87 -58 39 -68 97 -13 52 36 -18 51 -46 -29 -61 38 10 88 -27 96 38 90 91 35 100 55 52 2 -83 26 38 -3 -88 21 59 -91 43 91 
8 -75 -66 60 67 42 71 -65 4 87 -31 38 33 9 -83 -37 -62 -33 -85 -67 77 -29 -62 81 -50 -24 75 -41 58 2 87 63 -17 -2 -46 5 70 
-54 -88 -93 -44 29 -93 55 64 -86 90 26 -84 -97 20 -9 90 -57 -15 1 4 67 34 39 -45 -67 -38 -59 -33 44 3 -29 -77 23 -87 -1 -82 -45 
36 75 -26 41 -34 -11 -47 10 -1 -5 -81 71 -41 74 -14 -57 76 44 -53 70 -49 -49 -87 -34 54 87 89 13 78 -32 -49 58 93 -59 62 -64 -62 
62 59 -38 -17 74 73 -89 -67 95 95 0 -96 87 37 -40 98 89 99 -98 -69 8 70 -40 75 49 35 -6 93 83 -52 46 78 35 -1 26 -17 55 
-96 57 80 31 98 77 11 35 -54 -34 27 -85 95 17 -9 -64 -73 -99 80 -56 83 -20 -17 -5 -96 -2 5 92 -8 20 59 67 -50 -75 -58 -51 38 
21 -56 12 18 13 -60 33 16 100 -54 -36 -39 -29 -41 -94 67 -58 18 26 9 -24 -1 57 -7 -96 -21 -16 36 50 -75 9 -39 87 18 -36 -23 -59 
16 15 23 -58 64 35 26 -75 98 32 -75 -100 76 -34 -59 -42 12 -83 91 4 -22 6 42 30 34 -90 -16 -83 -75 -57 -73 -17 78 -79 48 -35 -56 
85 76 -18 28 93 84 -86 6 43 -79 85 28 33 46 -11 48 -29 -49 81 -25 -35 42 -99 99 -51 -31 31 73 19 -76 68 -30 -57 45 -70 -59 -72 
49 61 -24 -89 -27 -10 90 -79 -1 58 76 1 -98 -56 -88 -77 -76 -23 -33 99 90 -60 -79 79 0 84 54 73 55 56 -40 81 76 10 30 -92 89 
24 53 32 61 -30 26 86 -83 98 -14 -38 90 52 10 -100 78 -27 16 88 93 -85 92 61 52 -71 91 88 7 -46 -92 -97 -87 75 -39 -55 71 -17 
-47 -2 -53 -76 -75 46 -82 21 61 -98 20 -36 -49 -13 -18 64 -35 -45 79 28 29 -89 -76 -26 29 -96 -65 -58 -91 8 0 40 72 -2 -66 -67 -13 
-66 -54 -42 -91 100 -41 44 99 -84 0 -9 -43 -98 -78 -1 -46 -59 40 -100 -75 16 49 -90 -30 -56 -38 -97 -51 -36 92 -63 -69 -80 86 100 -51 64 
88 -73 -87 -9 -3 -70 -87 -79 -55 67 29 -31 -18 78 52 52 -90 8 3 -97 -84 7 -36 18 -94 34 25 -85 24 -54 -80 34 10 -48 91 88 -36 
78 -38 -12 97 35 29 85 -64 -30 89 55 80 38 88 -62 -59 -15 -23 -27 0 -54 -67 -90 15 -36 -37 74 33 49 -8 -93 -67 -72 84 -42 -96 -72 
-68 66 -30 -91 -31 7 -3 -19 35 64 -10 -72 24 35 24 6 -17 -15 -9 57 52 -54 -77 -56 80 -54 79 96 -56 -59 -48 28 40 15 14 42 -94 
14 53 24 -31 -9 -86 -76 20 -88 -100 11 75 -53 -23 83 88 -46 -98 7 28 0 90 -70 71 -84 -27 -56 100 -50 85 -25 -10 71 87 9 -3 62 
-17 -96 -64 -13 9 18 5 -82 -32 85 37 -55 50 24 -73 74 60 68 88 54 44 44 -28 44 -96 57 36 95 75 -40 85 88 -94 47 -59 -53 12 
-48 -5 -57 -92 -17 19 -68 -3 -85 21 68 39 71 6 72 -59 -47 96 14 -80 68 -51 56 -34 30 82 96 58 78 50 -24 25 -30 -18 55 91 -34 
34 31 -72 -14 41 84 50 9 -81 -94 96 21 33 16 -40 92 -51 -30 -71 73 -49 -65 -92 -30 -43 -99 31 72 54 60 1 -49 52 65 78 -39 72 
95 -77 -69 97 61 59 57 -18 25 -100 95 51 26 -31 -61 45 84 51 -97 -29 -96 -61 25 60 -73 -67 91 34 -71 75 11 -91 32 -10 69 88 -35 
-33 -72 64 -61 14 42 9 -12 3 -56 86 -82 91 -30 73 -56 -68 -10 9 -51 7 -6 -31 83 90 -45 4 -93 -49 -59 75 -76 -78 -15 -85 9 -75 
65 26 86 -12 16 42 -17 -31 -19 -62 76 -88 -100 96 5 46 -88 90 -60 83 18 -52 79 99 -14 87 -26 -81 -62 -77 35 -93 69 10 15 -17 2 
-34 -25 -81 26 -20 -51 36 -1 -87 49 -91 -86 0 98 45 -3 -7 9 12 44 -40 -85 -67 -78 55 -95 78 96 -43 42 -55 -81 -32 71 39 41 -52 
-1 -59 75 -9 96 49 -59 -55 -46 -57 92 -39 74 65 -36 7 -30 -41 -41 -73 41 -68 63 30 -96 -37 61 -94 29 98 -87 14 58 79 -83 25 -59 
-51 0 34 70 17 -2 -1 -44 -1 72 89 14 62 50 86 -70 -7 -73 59 -26 -17 87 66 -73 -78 -95 -4 -34 -86 6 27 -85 1 -20 45 19 -82 
6 59 -5 -42 -100 89 64 27 79 -95 82 30 10 -58 19 -41 -15 -54 -18 7 15 -21 56 55 -27 -77 81 17 -32 3 -68 4 21 28 -85 48 -63 
-4 15 25 -59 -42 -98 -3 -99 73 -33 61 6 -7 96 -1 -49 -72 31 -68 -42 66 -36 -33 -20 84 31 82 -73 45 -88 96 -66 -10 70 17 79 63 
53 5 30 -51 -23 91 17 -6 82 -81 99 -66 68 -33 -69 44 -75 -39 -63 77 -57 -4 -16 44 23 -61 33 -26 16 -67 -62 84 -21 45 -99 -21 8 
69 -10 56 90 -47 94 64 13 93 52 65 -81 -44 16 91 32 -27 -36 -40 98 22 3 24 9 -58 -1 69 65 -46 -31 -85 -1 -24 -48 50 34 -80 
-53 -12 9 -7 -98 -76 -63 53 -57 -88 -66 60 19 97 -91 -92 46 79 -19 90 18 94 64 -15 -95 -32 43 -96 70 48 80 78 -27 67 -96 -72 12 
4 94 -28 60 -41 22 13 41 -51 -38 7 64 -53 26 25 -71 89 -49 8 16 -28 -77 84 45 19 -58 41 -38 -92 2 54 -54 60 43 18 -18 29 
-72 -13 100 11 88 21 86 57 -47 58 -12 -83 12 -24 -47 68 47 -97 -52 12 29 43 -35 41 -60 75 -60 -73 96 21 -20 -49 33 27 79 22 -55 
-1 -78 -30 -39 -8 98 -4 -12 24 69 -16 35 -94 15 -43 -47 58 72 0 55 -92 -100 76 56 -26 8 83 73 -50 81 -55 -48 13 -81 88 90 43 
89 14 66 20 71 96 -89 -6 -82 -46 -6 20 45 34 -14 -72 -5 35 -37 89 -4 -47 -39 -9 89 96 -27 -56 87 -75 87 86 83 -62 -24 -90 -81 
-27 3 -62 -31 -80 -85 -100 5 31 3 -44 67 -92 -90 -4 -3 -89 80 -73 -5 -53 -61 38 -20 -71 5 81 -95 -26 35 61 17 -86 -65 10 -63 29 
44 -73 -33 -49 -16 -10 -67 -40 -46 -76 -4 57 -26 30 -18 -13 -24 20 -35 2 62 87 -14 -89 88 -53 52 -89 -15 -33 -59 69 -49 24 79 -11 10 
-8 -41 0 13 21 -79 40 32 84 -76 93 57 33 -77 -17 -20 45 -51 -76 -98 39 31 5 86 -93 75 79 38 -70 11 -12 -87 50 -33 34 -98 40 
-29 37 -88 85 -11 74 70 -71 -6 -16 -59 -98 -39 7 20 79 -96 -79 -63 -18 -64 4 -62 -5 -4 -13 39 -6 69 59 53 -14 38 -53 -49 -34 66 
19 -86 41 60 -29 -75 -90 46 61 88 13 -100 47 18 64 -91 92 -37 57 -72 -32 -88 52 -68 82 30 72 4 -39 23 90 38 66 99 -98 17 63 
-97 59 66 67 -82 12 36 -61 48 -8 -10 96 62 88 -97 86 25 1 81 77 -29 -29 -66 0 -72 -83 -72 80 -71 -1 -10 72 -29 84 -67 -77 73 
-56 -9 -83 9 65 54 -79 -63 -72 20 48 -87 8 -85 70 83 3 83 -9 88 -40 2 -59 93 21 31 -94 -63 -35 67 47 61 87 -86 97 70 -96 
43 -13 17 92 -79 -73 71 71 -79 -38 -50 100 100 92 12 -7 -22 -40 35 -59 10 -28 53 -4 -14 -98 88 92 -16 -2 -97 76 75 -83 -23 -51 -44 
-69 -60 37 -98 -26 67 -97 62 -86 -74 0 6 -62 83 -52 -55 87 43 88 -90 49 -53 93 61 56 78 -79 -24 6 -66 -62 74 -12 98 -10 98 38 
62 8 -60 -2 -29 -55 -46 7 -94 -92 -27 81 -74 55 -16 98 69 -84 33 46 73 -40 -60 -84 -26 59 28 53 -85 -48 29 3 -95 71 -2 -24 58 
-89 0 19 34 -28 -49 -23 46 82 9 -90 -89 -29 62 -37 -20 -7 -92 91 64 32 -11 32 -37 3 -33 -56 -78 -76 74 -54 -95 23 45 -85 49 -27 
-36 -49 -71 -87 -94 89 14 59 -26 26 31 72 -78 -47 -14 -50 44 66 89 -27 1 86 -42 -49 -6 -19 -27 -23 -69 41 -59 62 53 12 68 -59 -66 
63 90 56 41 -34 98 -15 6 75 -81 47 12 -11 39 -2 6 65 76 14 76 -54 30 -25 -77 36 -55 -19 -55 75 -32 48 84 24 -83 -35 12 -41 
77 49 64 -26 37 -4 -99 97 -36 45 -75 27 95 5 53 -47 -30 -53 -51 -14 81 36 -84 -50 73 9 29 97 51 -57 -11 -13 51 63 -95 -62 -60 
-10 -74 -64 -49 58 100 -97 -83 84 -56 -20 -85 29 -97 -13 -79 97 100 -24 60 -1 -89 66 -49 39 -47 33 -20 -21 53 -28 -16 -59 68 10 54 19 
52 19 92 -3 -2 -37 58 -8 59 67 80 48 -26 11 58 100 -76 -12 -4 18 69 67 -36 -69 51 -28 11 -81 -10 -4 -13 -74 88 33 54 -57 25 
12 -5 17 -55 -67 -35 -30 3 29 39 -74 -71 -95 20 44 -38 63 -3 -76 -27 -72 -53 56 16 -62 -17 -2 -71 -84 -69 47 -95 7 -40 -81 86 75 
-51 -76 -1 68 -75 -63 -73 -4 -86 -8 16 -91 -20 -8 86 50 -54 83 -64 98 -95 -69 82 -98 54 -6 -56 -98 31 77 91 -72 70 10 95 83 -21 
26 11 -18 -76 27 -20 39 87 6 99 -83 -53 99 -61 -25 67 46 75 79 -74 -67 94 67 46 -100 -33 11 27 27 33 4 -49 -53 16 65 0 56 
67 -91 84 62 22 -35 86 -40 -21 -52 -81 -75 -64 7 -74 -33 18 -62 96 -40 43 15 -72 -30 -32 -53 -31 10 -88 23 38 52 -2 -40 97 6 -83 
80 -92 100 8 -25 91 53 -51 21 44 75 86 61 64 -91 -11 -86 -21 18 86 83 77 23 -7 -61 -13 46 90 15 -6 52 -96 85 54 -74 95 68 
-61 86 -67 -82 56 -75 -97 80 -90 -96 72 -59 53 -97 25 -2 65 97 44 88 92 43 -2 51 -93 28 -95 -2 26 -2 9 -26 12 -27 59 73 97 
