-42 -57 47 -35 19 56 32 82 -64 -78 -72 74 -76 59 -74 -91 -30 5 -54 18 -25 50 81 -29 -22 -12 -40 -18 45 26 55 -22 -60 -79 -80 -55 81 -2 -92 7 50 -16 0 4 76 62 70 -51 19 -5 -36 -37 67 -17 11 22 93 -72 -54 21 -29 -9 89 -55 -60 33 -55 20 -2 -2 28 35 4 69 -93 0 24 -90 -86 -66 -55 -50 -59 71 -81 74 -49 -38 56 -22 -27 -63 58 39 94 10 93 86 56 6 -11 87 37 68 
80 -47 -49 -28 -18 -33 91 -86 -49 -86 48 66 -12 94 -93 76 18 91 42 -21 -71 -32 31 -68 -26 74 54 -15 -16 55 17 6 -14 33 12 -39 96 -19 67 -77 9 -32 -89 -22 -100 -23 77 -31 -36 -59 -93 -47 -89 -94 49 -62 -69 -45 42 22 -83 12 22 -22 13 18 -11 -49 -47 7 70 -72 22 90 19 81 74 -35 -71 22 -66 -59 8 -35 -21 -18 -45 -1 -96 59 -81 60 -41 77 69 -21 -47 -74 -13 87 44 61 -64 51 
40 64 -5 0 5 -1 -41 -36 -23 5 -58 -52 -55 -73 42 -9 -35 -51 -15 73 36 -27 24 86 -82 86 80 34 21 -98 88 -31 3 -86 97 65 -47 36 -81 -4 -83 48 44 81 -63 97 -23 -92 49 82 91 -54 59 -68 -59 -65 -68 -72 -33 -60 -43 -42 88 -5 -59 32 24 28 -7 -79 -56 27 -49 89 14 -65 -89 94 17 -2 -52 -90 -97 -35 35 87 31 -61 20 -95 -84 3 -35 -41 -32 79 -1 -24 -51 -31 -38 -17 -39 15 
-38 -74 -58 -34 5 33 -72 1 -41 39 75 -21 -67 64 -56 98 -30 36 44 66 -100 -69 -4 -67 72 -79 19 -63 79 -28 18 -77 61 -28 85 -13 83 11 -72 -34 -23 -79 -40 -30 80 -9 92 54 -54 79 76 -64 86 -3 -45 -44 -41 -22 66 -98 -50 -62 -34 -80 -53 11 89 74 -41 100 40 71 -98 54 -49 10 70 -60 -91 -49 19 89 58 -64 -82 -23 65 46 -63 -94 -1 -90 -88 95 13 56 -54 13 17 -80 -73 53 4 11 
-54 78 59 12 -48 74 24 30 -4 -8 88 -40 -57 -47 -83 -23 99 12 99 -49 100 -38 64 -24 -85 80 20 61 55 -55 25 3 -58 -94 52 -33 29 95 -82 72 -69 -99 -1 75 60 -66 55 80 47 22 48 -35 -8 -79 93 -86 -73 86 -37 -56 -61 -89 -93 -99 16 -23 -44 -14 -22 -54 -23 -61 18 1 -84 -26 -97 -65 57 -92 -19 2 11 23 8 26 55 78 20 53 -55 -14 88 22 -67 -72 -4 25 54 16 94 -94 -46 -87 
72 62 15 -20 3 100 24 32 72 6 50 -5 -34 -26 76 97 77 81 -28 61 90 65 77 70 -2 -30 88 -28 49 94 -93 -79 -4 -14 100 -10 -93 96 -25 2 72 -42 92 88 -64 -91 -20 -69 25 96 29 76 -73 -43 -90 -16 -57 45 82 36 27 56 -43 -34 -67 -68 -64 -76 -48 -99 -20 -56 81 -81 -69 77 -32 61 -56 -62 -42 -85 -50 38 -70 -88 60 -21 48 72 48 -29 -81 -20 69 -7 -46 65 -92 -76 -12 15 65 -63 
92 -8 -68 -2 62 -84 -51 90 -72 84 -11 -2 6 93 -75 94 2 -19 -76 -38 0 -16 -55 -86 -75 81 -84 97 95 98 -51 -99 -18 7 70 42 4 -4 -52 10 72 -41 40 92 -28 14 -22 7 -81 89 -59 -96 10 20 -89 -83 22 20 -37 9 13 100 -96 85 45 -55 -35 7 3 -56 37 -95 -62 36 -47 4 -33 -16 -93 1 70 -97 17 38 -27 -27 -5 -25 -34 -48 -23 -72 -85 -31 1 3 -31 93 64 1 99 -20 85 -30 
68 -85 -90 -19 -89 98 -6 -6 -62 -46 41 -84 -28 -40 52 -55 60 -61 67 68 35 39 -83 30 -50 -19 -89 58 50 19 -19 36 -34 -44 -66 -78 88 -39 96 80 -79 36 28 -22 -52 -19 -58 28 42 27 -78 -31 34 -5 -58 -58 99 -83 65 42 -35 -60 -71 -14 23 -23 13 12 33 78 -60 -54 -16 31 13 -50 -29 -78 -3 -96 48 -84 -57 0 -54 -72 43 9 90 38 51 -70 -93 -7 8 -24 86 39 -40 -20 50 -94 1 -61 
-28 -42 18 99 27 0 -14 28 -20 -83 14 29 93 -29 69 96 57 -44 -80 -21 -19 -14 88 65 -27 -69 -11 -38 18 -64 -86 60 -22 26 -46 -73 -74 -34 30 -37 92 68 50 -76 17 -97 74 5 -31 -57 92 58 -93 -89 56 -6 -4 86 -30 76 -13 88 -15 -94 56 82 -97 5 -17 9 59 64 81 -54 -45 29 -86 57 30 -17 61 88 -15 30 -76 23 -95 44 -86 -60 54 7 -36 -33 -63 52 99 11 -17 100 65 -47 -34 -48 
86 -97 90 -4 -32 -66 -99 64 -10 95 -39 -2 76 -73 73 -74 -46 88 28 -87 33 -90 97 -37 60 27 -65 43 3 10 -37 90 -90 77 -5 71 24 24 -39 -21 -44 76 -64 90 -75 88 44 54 -87 71 -64 -29 -30 -73 21 57 -6 -36 56 51 41 33 69 -53 37 -24 45 23 -68 86 -25 -90 37 -48 -92 -83 -36 92 -87 99 -31 -87 89 60 -11 30 67 48 29 -85 44 -32 -21 -89 64 67 66 -40 -14 68 -75 76 -29 -52 
-13 23 -90 75 -67 -68 -89 -19 33 -3 27 29 -66 -37 98 -67 -31 69 -61 25 63 -64 71 -32 -92 25 69 55 -41 92 -24 95 -83 38 -32 -3 -51 -99 69 -7 -95 21 -67 4 2 -76 79 -30 76 -16 -61 19 -79 -67 49 -89 93 -10 59 -19 -54 -31 -5 -68 -78 -22 -6 28 91 88 19 1 70 62 47 -73 12 33 19 36 26 -72 44 4 -12 -66 -83 -14 -78 94 93 -71 -55 -66 -50 29 -15 4 -69 -12 -13 -43 -17 91 
50 19 69 35 -97 85 91 88 -44 96 -69 -42 -16 15 95 68 15 -20 13 -22 -3 -88 64 -42 -53 -45 -18 -8 -80 72 35 76 -2 50 26 70 -14 -42 7 -53 -26 88 -28 -43 76 -93 -34 99 -79 -94 46 -17 68 -56 -95 -43 48 -37 -61 39 -68 92 56 -81 95 0 31 28 -37 62 -29 -57 62 -24 57 26 -3 47 8 32 88 90 -88 -56 85 10 -22 -97 19 -78 51 -17 83 -27 64 -96 37 22 -60 54 56 -27 -72 22 
-3 27 29 -52 52 -73 -47 -41 47 -90 80 -75 35 -92 -27 75 -37 75 -65 82 25 -2 41 -33 81 84 -89 99 56 78 52 -33 15 57 21 -97 -31 -95 -38 -59 -51 23 99 18 -52 86 -46 -22 -20 -54 -66 85 -67 95 -72 -57 73 19 -85 88 -22 46 22 -5 85 -44 -54 -42 -6 -46 -29 -73 29 21 71 18 -49 -11 27 16 81 55 -30 82 84 -64 -32 -93 -53 70 89 61 -11 -95 40 46 -16 33 -99 -9 41 11 61 -19 
-2 -9 -84 -22 -100 3 -27 -85 -9 -93 77 58 -48 1 71 41 45 -82 -7 -97 82 61 93 7 30 -18 16 -83 19 -61 -98 -19 90 -6 16 82 -12 14 22 0 -46 -65 91 50 -40 37 -29 87 -44 -43 -78 10 -60 0 43 91 -38 -73 17 -51 19 30 -93 -52 -30 26 49 98 32 11 47 -76 -83 13 -71 56 34 -6 13 -21 -6 -41 7 -60 -15 -94 72 -21 -17 32 91 3 -63 2 27 32 56 100 -91 -52 -74 -85 88 -54 
-37 0 -85 -88 -36 -24 78 21 -29 76 -83 4 -86 52 5 83 100 82 -94 47 1 62 -12 -71 41 68 -81 11 -16 44 0 -37 -65 40 -17 -45 86 38 -20 -23 76 83 -27 90 -69 40 83 65 72 -8 -60 -56 25 56 -15 65 -62 59 -33 -13 48 -3 89 -58 99 19 96 6 -56 14 70 66 -55 -28 92 -31 -43 -53 -39 -78 -91 -61 -35 83 81 23 66 43 29 8 49 -4 -73 39 58 -39 100 -70 89 48 -55 -52 -61 67 
83 75 -6 52 38 -52 -79 -49 84 58 -20 -100 -4 -94 4 -70 70 -51 25 -58 -41 48 -52 37 60 -45 -79 19 -17 -11 96 84 -18 -25 -92 -90 -67 95 -54 -5 -72 13 59 6 -92 100 39 91 -31 1 -63 -40 54 60 99 -31 70 -53 -41 48 -96 -100 -59 -34 -15 -21 72 7 2 32 56 -12 61 47 99 87 52 60 36 10 9 -81 91 -74 -95 -19 -69 -70 -36 -19 55 -43 54 -18 5 -14 -98 -46 28 -10 -85 -40 21 -57 
-9 46 -71 -39 -42 -92 65 25 -55 -66 44 49 37 -57 74 57 51 54 -26 9 48 -2 43 -72 -77 -75 86 -5 -77 98 -24 -36 -96 -75 -85 -25 -20 90 -40 85 -100 64 -37 -20 -36 30 44 -8 -30 -95 -38 68 41 -66 37 -68 -77 -97 61 -37 41 -81 -39 13 -78 -4 -68 38 -76 -74 38 24 -64 58 90 -44 -54 -54 82 -16 52 92 1 -95 7 -3 18 -3 -76 62 34 -88 92 65 17 3 -2 -58 -69 2 -27 -77 -1 18 
62 -87 -35 0 -54 55 -11 31 12 17 68 -25 24 -10 26 -59 0 -62 -7 81 -27 15 56 -52 -66 32 24 87 -93 -74 40 -63 78 -68 71 62 -68 -88 -38 -69 -54 -19 -25 -25 -29 49 3 25 26 2 -13 69 28 85 -62 -25 -65 37 60 -61 -90 82 -4 -97 -40 89 34 71 50 18 93 -68 0 33 -82 82 -76 38 -28 -82 -66 40 69 -48 82 38 23 -92 39 89 -32 -4 -65 85 -55 -66 -26 92 81 68 -33 55 98 37 
-97 -18 98 -26 68 8 -56 -48 10 -7 -52 2 -3 19 22 -37 -32 -57 5 79 -53 -7 98 30 -74 -37 -74 10 47 13 34 -46 -76 -78 -94 -73 -94 -75 18 -58 -60 84 -66 70 -67 59 32 -2 78 33 -49 -67 80 84 41 22 45 -95 98 -49 -100 89 -21 -41 81 -36 -61 47 94 48 54 56 55 83 -65 70 -21 36 72 -53 -39 -28 -83 -26 -31 58 -34 -6 -39 39 -8 -65 -40 17 -3 44 -67 -72 -88 17 -96 -69 -60 62 
-77 -87 -49 -53 94 80 41 -52 -95 3 61 97 -4 -52 -38 23 -42 70 33 83 82 -11 84 36 -23 -58 -87 52 78 -15 88 3 -7 9 -79 34 56 -35 -12 -49 -90 -54 48 -43 -38 83 34 -8 69 -63 -53 -20 -80 95 -21 -47 -84 -89 -98 3 54 1 60 15 -23 88 -35 -24 42 -1 -100 -74 45 -57 80 -73 -30 31 36 17 48 96 -54 -43 37 54 21 22 -54 26 -96 12 34 81 33 18 40 -52 32 -76 -100 -37 0 100 
29 -100 72 2 -61 -23 87 11 92 -46 -26 33 23 -28 -39 34 2 -96 -58 37 -19 -6 2 48 -66 -71 38 -20 2 -68 64 -58 -54 21 38 -10 28 -38 -60 -7 79 75 17 -18 64 -17 28 24 -72 -77 -84 -87 -6 35 -47 16 29 78 -35 6 44 51 2 -15 -14 -53 -22 11 -66 -92 49 44 14 19 23 -67 -92 -29 44 -23 -34 77 26 34 21 47 -16 56 90 48 49 47 -71 99 61 -17 -86 36 -71 -86 -39 -86 -76 13 
35 47 -17 -17 40 -80 92 60 94 -28 31 27 -53 -91 51 -53 -94 48 70 -89 96 50 -29 8 20 97 -38 64 -95 24 90 -92 -71 -26 -20 84 96 55 93 81 -95 13 62 92 27 -9 2 82 72 20 -2 16 -83 75 90 45 -2 -92 43 43 11 29 40 46 -88 -70 89 -83 88 -99 23 -25 -13 -34 -30 38 -15 -94 92 -49 -1 -80 -19 85 -29 43 -24 14 -48 52 -59 -78 -99 -69 33 -69 -87 -84 -99 -79 -69 -63 51 20 
74 -95 -78 -70 -40 -4 -14 -71 48 79 83 -25 -40 -95 63 -59 -62 -29 54 -1 -32 -47 -10 1 78 -29 50 59 -91 22 3 -79 -93 -93 87 39 -28 9 91 -73 86 -36 76 -9 -100 91 15 -41 -78 53 23 51 95 97 -65 -56 -32 44 3 -100 7 55 9 -15 30 -93 13 93 -18 61 -28 -60 -33 -79 -23 -69 31 -75 24 11 83 -23 74 11 33 98 86 -13 -59 -97 21 35 78 -32 28 -99 -76 -85 5 86 -30 86 59 -84 
33 19 -12 81 -25 63 56 25 30 -8 42 4 19 96 79 49 20 78 -81 47 -72 -100 -9 26 -58 97 -58 51 -87 -24 78 25 87 24 81 -72 -26 99 -30 99 62 -85 -28 -43 -64 39 64 74 -62 -36 94 -70 42 2 86 18 -73 -2 -71 16 -24 59 18 -60 -5 -29 36 29 -72 -17 97 -98 -6 93 60 22 -75 43 -83 -70 86 81 -84 10 -42 18 -49 20 71 -45 63 88 -48 -48 -6 22 -50 76 -23 43 -43 21 -11 -58 
-75 -1 -44 16 -70 -95 25 -75 25 -69 -16 5 49 -35 -78 100 -25 37 13 -24 -77 -70 72 66 75 -65 -40 74 -35 -70 81 -10 -77 -59 24 -16 2 16 -56 -52 2 56 -19 94 8 -84 -19 -13 42 -85 23 30 61 -1 96 2 26 70 5 -72 85 26 -37 26 47 52 6 -23 -17 -87 -74 83 -11 15 -46 25 -78 48 -4 -79 65 -64 39 21 48 80 91 -86 -2 57 81 -74 12 -36 -21 -2 -8 -10 39 38 -51 55 -81 -68 
-88 40 -96 -66 62 86 -64 -15 -97 -95 82 -5 -47 23 2 0 71 -45 41 83 -20 66 28 -58 79 -28 -66 74 39 17 -12 25 68 72 -20 -1 -44 -87 68 56 9 -20 -82 12 63 11 66 3 4 -79 7 -10 73 -1 88 22 94 -28 -45 -24 26 -83 6 -63 20 74 -56 53 -61 -67 17 -1 -70 21 -72 7 -37 -6 -88 -3 89 -39 -53 23 72 92 -49 22 39 97 54 22 95 21 69 82 -66 72 43 38 -78 -63 -24 70 
-74 -96 -52 -60 -4 -25 -37 -20 85 -69 -82 -58 52 0 -22 72 88 76 -36 -14 -100 53 26 73 3 26 -7 -36 -9 82 -32 -92 -50 100 79 19 -96 66 46 24 -32 71 33 -27 0 61 -85 68 38 -66 -99 21 84 -91 93 -42 93 81 77 14 87 16 12 48 99 88 23 -95 97 -53 55 -64 9 37 -46 81 -60 -57 73 22 -73 29 61 -43 19 77 21 79 -59 85 54 -3 -2 -24 -13 -42 77 -84 73 50 -90 -93 45 22 
21 -84 -32 17 80 95 26 63 40 -39 -67 -32 73 -67 -100 -67 33 58 -72 -52 44 -26 59 -34 32 40 -21 -42 43 -82 99 -81 -65 -8 -33 25 9 28 72 -35 -14 -94 15 54 87 75 -71 32 7 -91 37 -65 -24 5 -4 46 5 36 36 -16 -25 6 95 70 -60 86 76 -94 79 -99 65 -22 -34 -24 80 -10 77 15 -46 56 -42 -37 -63 48 8 99 48 41 41 18 -21 -43 -29 52 -61 -80 56 10 -16 45 72 7 -2 85 
-95 87 6 -4 -44 -44 80 -3 16 -59 68 8 -87 87 -24 17 -23 -76 -92 -66 64 29 -47 -33 -84 -62 -29 -5 10 -80 23 -96 -72 -82 9 -75 -73 53 -93 -38 63 83 -84 58 68 -25 -25 30 87 97 -75 -64 -83 -6 72 16 -59 39 38 -67 -97 37 6 -64 -100 -21 -26 -91 -12 -28 -13 -98 -59 38 -100 -93 46 -85 16 32 0 86 85 -89 31 -60 95 92 17 -67 78 -31 -18 63 34 -12 12 -46 -93 -14 -37 8 42 7 
83 -49 57 30 60 94 -25 -53 30 -47 -24 83 -37 -87 -90 70 7 -99 -42 -41 -24 80 -2 46 27 -36 78 30 -42 0 -81 25 -9 -45 -49 -45 -86 -83 -27 -68 -70 45 -40 18 3 -58 -39 3 82 79 -59 2 -31 80 27 -16 -22 14 74 -37 24 88 58 51 -3 -92 -64 -96 45 62 -35 0 0 63 -69 36 5 83 -69 60 -71 40 19 18 6 -32 6 -87 -82 -59 66 76 50 89 -23 87 53 53 -10 41 74 26 89 85 
77 -94 -53 -60 77 22 33 -26 76 -73 -79 68 -20 -65 -64 -80 78 -43 -81 64 -84 98 -63 -85 -91 -46 44 46 -47 35 -50 -27 -78 -87 25 37 78 -59 -88 2 93 -25 58 -96 12 95 88 89 75 94 67 86 -67 66 -73 10 37 -39 98 19 -30 -37 -18 21 3 -81 53 18 -29 8 -95 -72 -90 -96 78 -35 11 -5 31 22 -22 34 87 -59 81 54 62 -4 21 -86 70 -99 43 1 35 38 8 -29 81 50 42 56 55 -52 
77 38 -47 -56 87 -54 80 -4 76 -41 83 8 -70 57 61 -52 -1 4 86 -81 -74 -12 -61 -95 -93 55 14 61 -46 -49 -65 86 -33 -21 -9 58 -13 -29 -52 5 47 21 29 -45 -69 12 -6 96 32 -68 2 -37 -37 92 54 19 61 -27 87 -9 -10 -48 47 92 81 1 14 40 33 -34 72 -60 41 -73 3 65 74 -82 2 11 -37 38 -80 71 -59 55 -72 -44 -97 99 -51 90 71 2 -5 -71 -50 62 24 25 -66 -59 -54 22 
-95 -86 -50 32 6 53 28 58 2 58 -12 -48 -8 40 62 74 41 -33 24 -77 -44 10 57 35 36 76 -71 -78 7 20 -71 -45 -27 79 25 70 -7 35 88 18 62 8 -74 -69 5 -15 68 -19 17 52 -75 36 88 -34 -65 27 32 -42 61 21 9 67 -86 33 95 39 -38 45 73 -61 -58 -22 -87 -42 -88 58 -75 12 -12 -65 44 26 -90 -90 -5 -91 -19 74 0 79 90 30 33 -24 -50 28 93 8 -62 -36 -49 71 -43 54 
39 -89 82 -5 -29 99 -86 -26 50 2 -21 -51 6 59 71 -79 -74 -13 1 8 -20 -65 -48 -25 -55 -90 99 0 -46 21 23 13 12 90 -20 -62 83 97 4 14 -57 19 63 -64 -31 -94 -50 -15 52 -49 -92 31 -31 -49 8 35 50 92 -23 10 -45 -56 -47 -8 -83 -80 -57 -8 -6 -34 -92 83 -1 47 -41 79 27 -69 71 -18 71 61 -29 38 -60 -44 -94 7 -31 77 -7 -5 -84 -32 -3 -39 1 79 19 -9 -71 58 96 71 
96 45 11 -18 -99 -41 8 42 6 48 65 23 96 66 -71 29 95 -70 77 -97 -36 -87 85 30 19 -22 -26 71 -70 -88 82 22 -58 87 -25 52 34 6 13 -39 -90 75 -58 56 19 -25 -34 9 -42 -95 -25 77 14 -42 -73 -45 -52 70 40 34 56 -50 -41 90 -100 -18 35 -25 37 -84 -54 24 85 85 -43 -8 58 9 24 5 -97 -1 -4 -10 -70 -88 -94 85 -40 95 -11 25 3 40 -16 71 -12 -71 12 -19 -8 -76 2 -77 
67 69 19 -34 59 98 32 44 0 -58 20 -25 0 -74 -31 10 -44 83 -89 -61 -32 -2 -95 75 -64 99 -94 -62 22 75 3 -97 -46 51 66 -72 80 -78 -73 68 -21 -95 -93 -48 -20 -34 -44 51 -46 65 8 -4 19 -85 64 62 82 -95 54 20 2 58 -2 -64 41 89 77 -97 -43 28 89 39 3 80 20 -62 -46 -22 -7 96 50 81 -54 -55 51 31 -28 56 0 -81 -4 -38 -56 99 22 89 27 33 -66 -94 -66 -3 -43 64 
6 -77 -61 57 -74 8 59 -73 73 -5 -76 84 -36 -37 69 97 -69 47 -24 40 73 -22 -89 64 56 19 -17 72 19 -36 93 73 -70 -60 56 88 13 18 19 8 18 -90 2 -85 -22 44 54 52 55 16 97 34 -73 -6 -20 -22 20 51 -48 87 77 -79 -68 27 18 -28 41 60 81 9 38 46 24 -58 89 64 2 -78 49 -31 -59 -22 -4 67 52 -51 -95 30 -59 26 8 -52 22 18 72 75 6 70 49 -69 -27 -65 6 17 
73 41 -6 75 -49 56 -59 51 -43 -96 -49 -70 55 -49 71 32 -72 -46 -31 18 -60 -44 -94 36 31 76 2 27 37 -71 43 74 -58 67 -52 81 -70 -26 -61 -99 -42 -83 -17 -70 21 -82 16 100 45 -38 -36 -54 97 31 40 92 -24 -7 5 93 96 63 -84 -88 -27 24 -83 -3 39 41 28 6 -25 52 0 -25 -14 3 -48 52 -34 91 -3 56 -53 62 9 -62 39 67 -11 73 -91 22 -59 18 94 43 -46 -63 12 -27 -16 -61 
-15 99 88 77 -94 81 -22 61 -55 84 50 -64 65 19 71 14 34 37 -12 -50 89 27 -64 75 -44 17 35 -92 -69 -82 76 89 -14 -53 38 -48 -97 40 -38 23 61 21 -53 -1 81 45 55 28 69 69 -55 -97 41 1 -83 -100 -66 43 31 64 -89 -60 -11 69 49 43 78 38 -4 -49 -26 -76 -16 32 61 42 -59 -84 35 65 -43 4 99 -13 -17 -63 51 51 32 14 -75 -96 -35 -45 -12 -99 78 -57 -68 94 9 85 38 -75 
18 12 -82 -20 -81 59 -40 -57 50 -19 49 -27 -33 -23 -13 42 95 -30 -96 82 93 80 84 -67 -59 -47 43 27 -78 1 30 -59 -39 72 -42 33 2 92 53 -50 10 78 59 12 -63 69 -99 46 45 -8 -52 33 -52 81 6 16 16 99 -91 -87 41 -7 -48 97 44 -68 94 75 81 30 -75 27 48 80 85 -40 98 2 77 7 -38 -36 -52 -56 81 -59 84 77 58 21 -97 -71 10 55 93 -78 86 4 58 -56 -89 70 -45 -74 
-44 -31 -73 30 49 14 34 26 42 -30 -32 -72 -95 -34 -89 -93 73 -15 -56 -77 99 0 17 19 -19 -35 -85 70 34 -70 30 40 -43 -70 -67 97 -95 25 -92 18 -9 15 -63 -67 -9 -38 89 35 69 -14 -58 -31 30 -48 51 79 98 26 67 -1 -39 21 -93 -77 87 92 -44 36 -31 97 75 85 -92 -73 37 71 -63 61 41 64 16 69 70 -58 31 -9 -63 -92 -90 -68 -47 47 22 -73 -13 53 -43 66 16 66 -65 13 58 -81 
9 39 15 -81 63 9 17 51 31 17 88 -68 -77 -82 -15 -29 -4 15 5 -51 -24 11 -49 -17 -49 -9 26 17 53 98 -40 69 -37 91 98 2 34 -49 14 -49 -34 -65 49 81 91 30 -8 75 11 -23 51 77 91 -64 65 33 -65 19 -42 -39 71 -66 -88 -79 -51 70 78 -16 -92 38 -26 47 81 -95 67 -48 32 -46 67 -77 -68 -79 15 72 78 9 -100 -33 66 91 84 -34 -8 -6 -63 -30 65 -24 48 51 61 71 -26 -55 
-90 -57 3 -67 45 -49 -85 85 32 70 24 -75 -57 90 16 -40 64 77 -95 58 8 -47 1 40 42 -91 64 -97 -20 -82 20 -88 77 18 20 -89 -8 30 80 96 -86 -78 -97 89 -90 69 -43 -87 -77 -4 1 61 -63 -86 -84 83 36 50 57 81 49 80 44 -78 -67 -69 9 -65 -98 -86 -4 -100 -67 -38 -20 -27 -8 69 -29 91 -1 46 20 -5 -47 35 -16 58 61 -6 -36 1 41 62 56 48 63 -42 -75 51 97 -54 -2 -76 
-23 90 -17 36 -13 10 86 17 -81 68 38 -98 -35 43 94 -39 96 -53 13 -64 -49 -95 -59 -38 -95 -8 -94 -23 -45 72 -9 -29 -68 65 -58 50 -65 96 -1 -58 -65 -79 17 -26 28 -33 54 -52 -9 67 -17 51 52 25 71 32 38 3 39 -54 -40 64 78 -82 12 71 35 59 38 -29 -2 -32 90 47 -30 67 18 -96 -65 -96 -98 8 63 18 65 -4 -47 -80 89 -45 67 -10 -75 -7 46 -17 -84 36 -61 76 -62 -59 22 41 
74 30 83 -86 -69 47 -2 -92 -92 -76 79 -93 -26 13 100 89 -6 87 44 92 5 27 -86 78 58 -69 26 6 -25 21 9 -45 60 -93 -63 23 -1 -49 22 95 18 -80 -70 -97 7 85 31 53 53 -12 -24 -67 -16 66 36 -61 16 74 62 20 33 -60 47 28 58 -21 96 25 24 -33 30 6 15 -38 -54 -15 -67 5 99 -20 62 -43 14 -46 -95 -27 -92 -39 -42 8 48 -53 26 33 -5 -24 12 -95 -60 7 -16 -41 -42 -50 
76 -19 38 94 -39 -35 -57 -40 -46 49 80 7 -77 41 56 -19 91 35 23 -79 25 77 -87 -73 -37 17 10 43 -35 -69 -27 -61 -58 -7 81 59 87 86 -23 99 -30 94 -58 30 -55 88 97 30 -23 -22 56 98 -83 22 20 -82 57 3 -40 14 -54 0 -62 -60 -90 62 45 65 35 -12 41 94 -75 68 38 62 -53 -45 -7 -13 31 -100 -9 19 15 73 46 -66 59 -37 56 -78 74 -80 18 57 19 -28 95 -76 -33 -7 -55 82 
19 -17 -23 -79 87 79 -58 95 33 42 -63 -44 -16 -54 25 -56 75 98 -60 49 90 -41 -62 17 -39 -1 -4 -13 75 -44 34 70 -19 -26 -51 -15 -76 59 41 -72 -83 -78 72 -2 -65 -3 76 7 -27 -6 -54 -52 42 23 33 -4 44 -11 93 68 84 -73 -26 85 -85 10 -78 -76 5 61 92 -72 87 -40 -77 -42 -20 65 26 -6 13 -33 73 -7 100 30 51 -100 74 -16 -17 -1 -50 98 85 53 -16 -52 29 93 -52 -94 -11 37 
95 -39 -29 94 95 84 -29 24 28 -59 5 5 62 36 91 77 30 -36 22 -45 77 -78 -30 64 -77 14 5 -74 36 -46 -58 93 52 -86 81 84 58 -32 79 -46 54 27 7 31 -48 63 -49 87 26 -76 72 56 -3 -14 60 95 -29 -71 -92 35 -82 -86 76 -12 10 8 -49 -34 -12 -39 -19 -95 30 -43 50 12 -28 -82 61 -90 -48 21 25 80 0 81 3 -20 66 -46 -54 17 -75 -52 72 75 -41 -82 1 -10 61 -90 3 77 
32 100 65 -60 -63 29 66 61 -93 13 35 75 -30 -14 50 42 -52 89 -66 -90 26 72 -60 41 60 -50 63 77 -81 49 92 -3 -19 -10 37 -34 63 11 59 -75 -35 8 58 -83 -44 -34 -41 58 -46 35 -45 -35 -43 20 28 -16 -13 -95 17 -55 -28 -89 -31 73 34 42 -33 92 96 -53 -97 76 70 -88 56 -39 68 54 -10 49 -6 -87 0 5 55 -73 -46 51 -46 12 -14 89 83 57 46 -86 48 -29 -74 7 38 -81 -90 48 
-71 -12 69 -46 -5 17 52 5 -26 -100 73 56 34 -29 90 -27 57 -33 67 -70 -13 69 -99 14 88 -53 81 -31 67 -26 53 -7 81 51 88 -71 58 -46 -93 -86 -79 -94 -34 -26 -53 25 56 -69 39 52 -23 -32 13 -37 26 -100 -10 16 -97 -20 -53 -90 -19 -100 -99 -58 48 -30 -75 -32 86 53 -73 37 45 35 71 29 -73 53 -16 -93 34 -97 -20 -69 37 97 -67 -5 17 93 -53 -51 38 -13 98 80 78 -2 73 85 25 -84 
-90 41 64 60 80 -88 47 -10 81 75 -57 -93 93 86 -4 -2 -42 87 -37 -24 -18 18 -39 13 85 -66 22 -14 -6 -19 49 56 -54 -11 -62 76 53 51 40 87 52 11 37 -76 -41 -62 56 -36 45 -27 54 8 -31 18 -7 9 -1 -58 57 -57 -83 21 -81 72 -48 90 97 99 -98 -45 -46 71 71 -95 -91 7 73 84 58 -73 47 -32 59 75 21 13 -78 -62 46 87 36 -25 69 -57 9 98 -88 38 -14 1 -94 -45 41 88 
36 78 -54 44 56 68 11 5 -30 -91 -40 -4 32 100 92 14 83 63 87 -84 -15 14 -89 1 43 -97 -86 -93 41 17 6 -91 32 -74 -84 69 61 57 -80 90 69 54 10 7 -94 -63 79 -3 91 -30 -77 85 -62 -73 70 19 -54 44 88 71 32 0 16 33 -1 -92 -2 4 -1 -54 -61 -56 -20 -35 91 76 100 -20 -56 -94 -25 36 72 -31 42 12 45 60 -88 -88 93 -73 7 53 65 55 44 22 19 2 13 -33 84 17 
33 -50 -20 -83 70 99 63 64 7 57 4 23 80 59 -56 100 54 -55 20 -70 -100 37 93 38 -1 -36 -17 -98 89 -70 14 64 -65 93 87 93 -35 -87 -94 -12 -4 38 -65 51 -84 82 49 81 93 85 30 -77 28 -41 -23 99 83 -54 -96 -2 99 72 79 98 -59 -65 -90 -92 72 24 19 34 9 -66 88 3 -23 -43 42 -39 30 33 -86 -76 6 66 -84 92 -47 -66 90 -34 40 86 77 80 4 -96 97 53 -25 -67 97 -74 
2 -2 5 -95 -93 -99 48 25 -35 -2 100 60 36 97 -64 16 -86 93 -33 55 -87 -91 78 -94 45 -13 -87 31 -41 -16 -99 92 64 81 -5 6 -39 75 -88 27 93 -81 46 -84 41 -38 95 62 19 62 66 -60 32 42 71 -24 -39 2 -46 -72 -43 82 84 -18 72 30 -87 -4 -45 67 95 -44 -89 -74 29 -23 67 -84 -46 30 13 31 -1 30 76 -86 10 -98 11 -30 -62 -10 -17 -73 -10 47 6 -95 35 56 -39 12 -44 42 
-44 -65 84 33 29 62 53 1 90 44 -63 43 27 -47 -4 63 -22 -24 69 -32 -74 -54 28 0 -28 -21 9 -74 -32 -2 -94 -87 33 84 -29 -17 -23 -100 -53 -80 29 57 95 40 -39 82 -2 85 60 87 -56 76 -75 -82 67 -70 37 -45 -99 -51 -34 35 49 -89 -63 86 5 54 64 8 -51 -21 -54 28 46 -28 47 -77 67 -68 44 -43 80 -72 46 -91 94 13 -75 31 -69 -64 69 -23 -25 57 -25 -61 -43 61 -82 -32 38 15 
78 -97 13 -66 70 -55 44 14 -47 40 -71 -15 44 51 7 -45 23 21 -23 57 47 61 73 -47 10 -94 -79 -67 77 -36 -91 64 27 -12 38 -64 -88 -8 -59 46 86 -63 -28 -36 -58 -82 66 4 -55 28 -5 5 0 -17 -78 22 -79 -67 -48 89 76 92 11 -26 41 16 -41 28 96 25 -58 43 9 6 -12 -73 -26 -34 77 34 -40 -80 50 34 96 -96 -36 -49 -69 -98 67 -83 97 -18 11 75 58 49 -67 -59 -53 87 7 12 
-90 -98 10 -23 -100 54 -16 41 -70 60 -53 18 93 44 -59 87 48 -81 -29 16 21 30 94 55 -25 -67 68 -9 -90 -19 -51 67 9 29 -88 -23 98 33 52 21 -98 37 -53 -62 -71 -63 77 85 75 35 47 33 -60 45 -1 95 44 -71 -12 -11 -6 -71 81 -52 -96 26 73 85 -92 -27 -9 10 73 53 -81 43 99 53 25 1 87 -46 -86 -40 -74 -39 36 72 36 -55 65 -88 -90 84 -91 24 -5 14 22 -51 -78 -3 -9 1 
-51 17 -22 23 95 10 99 9 -24 -76 -94 38 -47 -92 -58 -54 78 51 -67 -4 -6 70 -29 -63 94 75 -87 -8 67 -89 37 23 32 31 -41 27 82 -50 -22 30 -93 63 -36 8 -12 -54 -89 -14 68 -5 -78 -84 -76 42 3 -75 -100 -6 -57 -70 74 37 29 -46 50 -58 36 79 -53 -18 41 61 99 16 52 30 -30 66 72 -75 4 52 19 -88 -80 -36 -94 58 -26 -70 74 90 -38 94 0 -66 65 87 -36 94 -76 7 -21 58 
58 -93 38 39 19 93 81 47 48 11 -5 93 -11 99 3 -72 -35 55 14 -27 98 -69 -77 -24 20 100 -79 95 -59 -74 33 -86 0 -88 -8 -24 32 -82 -81 58 50 17 -25 68 -8 -71 -28 -78 97 16 11 -50 57 -89 74 15 -78 64 31 67 100 33 -90 53 65 77 10 53 -100 -71 -40 -8 -47 87 -43 43 29 37 92 -62 -97 -78 -63 11 -69 95 76 -38 -88 26 -31 82 75 80 31 56 70 60 -62 -57 -27 63 24 -97 
21 25 -20 15 29 57 56 -21 -31 -52 45 -7 32 14 -42 97 11 53 -82 43 -53 -64 47 -47 -95 26 43 -39 -60 58 65 -73 82 33 0 39 7 -5 93 -89 31 64 11 -79 -21 20 99 -96 13 -44 -55 59 53 -81 -57 -83 -73 54 -84 54 -91 89 -53 -9 53 49 49 48 87 80 -35 -24 -81 87 56 67 -100 -97 -31 21 -92 1 -25 36 -81 59 -37 -98 -68 -55 84 -5 56 97 -2 98 37 -60 -93 91 -70 -47 68 31 
18 50 4 -32 -43 39 17 3 42 90 -2 -1 -35 97 62 -17 -19 56 -54 -9 56 40 4 47 83 25 22 -75 -7 -82 54 39 -82 6 8 83 -68 7 -40 12 -48 -72 -32 -19 -61 -39 43 59 -86 -25 -28 -76 59 -96 74 -14 32 -2 -27 79 -24 -29 -31 -64 37 -69 -84 39 47 -11 9 -68 -38 17 29 41 -79 -69 -89 -10 52 72 28 28 86 -67 -94 -1 -24 33 35 11 5 -24 56 5 -27 -72 20 -79 87 45 -47 -55 
33 69 90 -99 15 76 -84 -41 95 44 56 35 -41 -42 -21 -80 98 87 98 49 -81 -3 -88 -33 39 -76 78 -91 -90 -52 -73 -16 69 -91 -26 -90 0 -27 -92 -41 -94 40 -59 -88 22 3 20 42 -29 39 28 -77 20 -48 -65 -67 24 67 17 97 14 -76 -13 99 -99 -93 69 -16 75 -27 42 -97 -99 -33 -74 24 -73 94 -32 90 56 74 87 -30 -64 86 -45 77 -19 -35 -22 -86 24 -71 -28 57 65 -28 -55 -93 -87 72 -68 -75 
-95 -10 14 -84 -73 -61 24 -96 -65 1 -11 -54 -95 -36 55 -89 -94 82 25 -67 61 -61 -27 -54 44 95 39 27 -92 40 -34 -10 81 54 65 -98 -78 -90 -90 78 60 24 70 1 -39 29 92 -5 -76 19 -51 -74 67 -65 84 -32 24 -46 39 51 -19 12 -89 -58 -85 4 44 -51 66 -97 49 46 -19 86 -55 62 42 -13 44 -15 82 51 -57 4 -98 -16 66 80 -40 -36 86 36 -77 -79 -14 -23 35 31 -4 19 79 41 -5 53 
-11 -25 76 -23 57 -50 -40 18 -62 7 16 -92 75 -19 -60 28 50 -17 -53 90 66 -42 -80 -10 -72 -51 37 -73 69 -45 18 -99 97 100 24 -70 -29 -94 -10 -3 -81 -2 -26 88 19 -71 48 -66 66 68 86 49 -86 17 80 -53 82 75 9 -65 59 -77 62 -69 15 -26 -79 0 -52 -93 62 99 -31 45 3 70 -88 -21 28 20 -95 -55 -50 30 -24 -86 87 97 48 -85 -39 18 -81 -23 -55 44 -60 -72 22 -3 65 -77 -60 89 
-47 44 -41 27 -51 -38 -27 -70 -56 -80 76 -42 45 -97 -56 86 -89 65 42 -30 -34 53 -65 -11 72 -75 -82 -2 -26 16 -60 -42 26 93 -91 35 97 -22 -92 -99 -98 98 48 13 -23 -51 -33 -74 -12 -30 -39 -68 -50 34 65 -41 -56 -52 -57 -97 3 35 -89 15 -10 -46 88 -87 52 -67 -22 -74 22 -94 -27 -45 37 10 5 74 74 -62 74 -44 -77 -73 -27 -54 43 -98 34 95 41 -75 -21 2 -79 19 -55 -70 -57 25 71 -39 
52 24 21 -82 16 24 81 -69 31 -75 78 -60 -4 77 -53 -61 -68 -13 -12 13 62 -34 15 68 -64 66 -36 21 76 28 -1 35 -51 -95 -34 -66 84 5 -29 45 17 64 32 57 61 -81 25 11 -37 -28 -78 -10 -5 -87 -45 59 29 72 -74 -21 -31 34 -30 42 -69 17 53 73 59 -58 -98 6 2 -35 42 -56 69 70 4 -26 51 -92 -28 100 -31 -24 -52 20 -61 -36 85 -39 97 -66 -45 99 -52 19 -39 -41 -89 56 27 50 
-63 -75 -86 -3 67 4 61 -15 -72 -19 9 -93 62 47 -92 -82 -97 74 -61 61 -92 -85 -99 23 -91 -87 -50 69 90 11 -71 -35 53 -12 27 16 -63 -79 -17 -81 64 3 -63 -51 -81 -84 91 72 84 31 -22 -52 -85 88 -2 -68 73 -77 94 -11 -83 37 11 -62 54 -28 -30 -93 -99 50 -47 84 -33 2 -98 49 86 -57 -26 48 -85 -34 -40 31 -4 28 -25 70 -61 52 46 -43 25 6 -3 27 -42 57 55 -55 -28 36 -56 18 
52 -6 -57 71 100 -96 70 71 56 47 14 77 72 69 -85 -70 23 -29 56 26 55 -38 78 -1 -23 26 93 -22 24 -24 -73 15 33 -50 100 -88 -5 54 29 -46 -12 -76 -10 -95 -45 31 -1 91 -94 -17 -100 -9 87 64 68 15 -21 71 -18 -48 -44 -25 -68 42 -64 -96 -41 -24 -68 -89 -16 -18 22 -85 16 -93 -38 69 53 -76 -15 67 -20 -89 49 24 58 18 9 -96 31 29 32 14 -77 77 -53 53 -82 -19 21 60 -60 22 
61 -14 7 9 -97 -46 -11 14 96 97 -29 -67 -9 -30 26 68 -18 38 29 63 -48 -23 -75 41 -41 -62 -74 14 -22 17 -59 83 -88 89 -60 27 -19 66 -1 -33 -24 47 43 -100 -45 -55 -9 40 -9 -44 55 35 61 -56 -32 -42 67 -14 -9 -91 -20 -24 -7 -43 59 85 73 -73 -78 -18 -20 -34 19 64 91 -16 -53 -23 -64 -91 28 71 -13 91 86 -55 -17 1 20 20 -25 -28 -51 -87 -90 61 76 -82 -28 7 66 -87 79 -28 
-50 29 -28 85 -98 -4 -36 -98 74 -42 -58 -73 -49 80 62 63 -98 27 -44 -65 -74 68 -31 -55 -82 99 5 37 83 49 -48 20 -46 -14 -87 -88 19 -32 21 89 62 87 -21 44 -59 46 -80 -25 87 55 -36 46 91 -65 83 -73 40 7 75 33 -94 -11 61 64 71 15 -77 86 24 -29 -36 -70 -6 23 70 92 -28 -72 -22 -11 59 61 88 -51 56 36 -14 -78 -12 72 17 -69 90 95 20 -93 46 62 -30 57 -98 -56 38 -21 
85 77 -63 -70 -81 -35 -15 17 14 92 -81 3 17 47 -55 -51 87 29 7 -56 -26 14 -70 98 -6 -82 -82 10 -28 -73 97 84 -85 -24 20 40 10 -97 -77 73 33 -41 -41 25 -22 56 -37 -46 -67 33 61 -29 -13 -14 34 41 -27 12 -16 -67 11 -28 33 -15 14 82 -9 -15 58 -60 50 -17 70 -46 2 83 -31 87 24 34 94 -87 -44 38 51 -78 -77 37 66 41 93 -35 -17 93 11 30 -15 -65 56 -61 -77 -44 -38 -57 
-25 -90 -6 -85 -45 -64 81 39 -95 33 42 -58 -79 0 47 93 -26 71 -45 9 -26 91 -3 70 -23 -65 66 57 63 35 -85 -56 -21 -11 -29 41 28 38 -73 30 82 87 75 81 -68 5 16 41 77 -76 57 86 12 74 -5 -77 46 -38 98 -94 52 69 2 -55 13 -74 -89 -43 94 87 -82 -94 -28 1 -12 26 -74 -33 -59 97 88 88 -99 -12 -46 -65 89 36 55 17 1 7 3 -53 -17 -89 -68 -91 24 66 40 -6 66 94 
28 30 -12 39 37 -42 39 71 -12 54 24 31 -82 40 25 44 -31 -31 70 63 -1 2 42 14 90 46 -4 -55 -46 -52 -55 46 16 1 -13 34 61 79 -37 59 -46 89 13 -44 17 68 -83 -69 43 16 72 -81 -28 -38 30 -27 0 -26 88 51 63 55 -79 15 95 99 60 19 -23 49 97 -46 -39 31 -7 -19 -16 -90 82 6 94 94 -41 2 12 -28 86 27 10 15 23 58 77 -62 80 -17 37 11 -65 -49 64 6 -71 -26 
30 10 -76 97 20 -22 94 6 23 12 31 29 54 30 -48 -7 63 -38 32 -65 -37 -82 88 7 -88 -97 -81 -36 50 90 96 14 55 57 -98 12 69 -42 32 -75 -72 -18 84 69 45 74 12 53 -95 -31 47 -41 -37 -98 5 -20 -77 10 -54 -49 75 89 91 66 -84 -70 91 -44 14 -11 -13 -17 -50 69 -42 56 56 99 23 78 7 17 -63 -93 -63 48 -79 -94 37 4 58 79 -20 -71 -51 -92 -16 29 -62 -34 54 25 16 -55 
-28 -62 -25 57 61 21 67 27 -94 34 59 0 -80 40 2 91 86 79 23 -92 -42 -79 -93 27 -2 -23 -15 86 54 -21 -52 100 -1 -19 -28 -98 58 14 5 -4 -72 -1 33 -38 85 -56 -98 -61 -94 17 -24 -4 85 100 -75 -66 -60 45 -91 0 75 100 2 82 -10 -71 -77 9 16 -95 -49 -74 27 37 -4 -61 -76 76 -55 -18 -52 -38 -53 91 1 67 -61 -14 44 40 -48 -66 24 -31 -7 -49 -28 97 -90 20 -86 -19 86 71 
-52 -45 85 31 -50 86 13 47 -81 33 -92 25 -6 36 25 -6 -74 81 -13 85 36 5 -97 -73 -97 65 -17 89 -52 -40 -3 18 68 28 76 -73 41 13 -45 -36 -94 44 -78 48 -37 75 -54 77 -75 98 -76 -88 26 -85 50 -41 24 -7 15 29 31 32 16 -24 98 -98 67 -81 77 72 68 72 75 -47 -54 49 -10 47 -91 70 51 -85 52 25 -78 -93 -96 -81 98 -26 -54 -42 23 -6 77 63 -25 -79 -24 1 8 32 -28 -8 
99 88 39 -25 -5 -40 55 -82 40 8 58 -37 26 68 71 84 -3 -35 83 58 91 19 -35 -98 -42 -87 70 -44 21 -6 26 -84 -81 29 32 -8 0 57 -48 -30 -65 86 -96 34 -62 76 -46 -82 35 -91 -29 -76 2 -26 -52 -65 15 -59 1 86 -16 -39 -16 -34 34 -18 93 -16 -31 -94 86 17 55 9 71 45 22 46 51 -31 -30 -14 -68 92 -98 57 42 80 -85 -74 -6 -90 34 -48 92 -50 -38 -84 -89 47 -88 6 92 -72 
90 36 -5 31 -60 11 -32 1 33 53 -22 -59 -80 -61 3 -94 62 -18 -17 -78 -95 -40 -29 -43 41 -89 -28 -69 70 67 -63 -74 -48 -65 -50 -65 13 71 -84 -61 63 -35 78 -15 -40 86 70 16 79 -37 -9 -38 45 99 -2 -60 52 53 -47 -87 -51 -86 -99 20 91 -6 -95 -12 57 39 -58 66 59 89 9 82 22 -36 21 -68 -57 -66 19 44 -89 -93 -36 -12 72 23 -92 72 1 84 44 65 55 -60 -77 -65 92 8 70 8 
63 -16 -85 83 -91 44 -69 45 65 54 25 47 -30 82 90 89 -90 -66 -72 -50 98 -92 -21 41 83 54 0 55 -58 -41 -14 -54 -17 41 93 -39 12 -16 51 -83 -42 -80 59 71 -76 63 -38 79 -29 -31 33 -87 47 -75 88 -98 91 44 -67 -56 -60 85 97 -99 62 -69 -71 12 -69 54 26 44 81 38 -9 -50 -22 -89 27 -15 91 -42 -55 -6 62 -41 -65 48 29 -30 -12 -21 -78 64 60 -5 91 15 83 -60 23 -5 45 28 
95 -6 -48 -78 51 -68 -88 4 62 9 -1 88 11 28 25 10 -8 -75 88 97 94 -48 95 47 0 60 3 26 40 70 -69 -98 43 -40 -46 -25 -86 85 -5 -80 32 -69 -86 -69 -74 -19 -94 13 -57 -35 51 -47 -75 14 -73 -23 -86 65 -53 22 39 51 -45 -75 18 -100 -25 -69 -13 -1 8 15 -17 -84 73 -66 -52 54 -74 -89 -5 45 -91 57 67 -24 -100 19 27 -49 42 -29 -13 -11 -10 -86 82 -52 -12 67 94 71 -68 -86 
-10 -57 55 92 22 -98 -27 -65 -38 55 -79 68 -3 28 -24 69 28 -93 79 74 84 -17 97 10 74 -49 -56 -25 -59 67 42 22 -96 -38 -76 99 -23 62 -74 -84 3 -34 -93 -69 39 81 -55 2 73 -54 -34 -43 -17 -28 47 26 -69 33 43 0 3 9 -34 -48 26 -9 -20 100 -83 34 93 76 48 -26 41 27 13 36 -60 -71 -9 67 -37 7 26 31 21 78 -6 -39 68 -74 -79 17 -76 37 91 45 -5 38 42 89 -9 94 
-36 -1 -42 -59 -46 -43 54 -87 87 85 63 -55 -70 85 -96 -51 67 47 8 -67 -32 -74 64 -63 3 28 -64 39 -83 -89 95 -10 47 -68 69 76 -34 -2 47 -19 -72 -39 -37 71 90 82 -99 38 24 -6 41 -94 -74 -74 19 -67 -17 99 -36 -56 -55 97 45 27 -39 0 96 58 87 39 28 39 -67 56 -58 49 -30 88 45 -63 -87 -72 -48 16 -72 -41 -57 -41 53 17 9 81 21 48 -9 37 -96 12 -95 47 52 77 15 -3 
-55 71 61 -44 81 76 83 45 -91 -71 66 2 -40 -2 85 20 -54 49 -63 28 -12 -24 55 -32 -36 -66 -79 97 11 -72 -79 82 -52 22 -28 41 -66 4 -96 19 62 40 -84 -79 31 -12 -48 13 -100 -46 88 73 95 -6 -3 -5 56 -5 -69 -93 35 -20 -78 -88 -21 -45 16 67 -22 75 42 -57 -7 81 -24 -96 -99 55 79 -83 -76 93 -5 -87 78 -31 -63 13 98 -91 -81 -16 92 -98 94 72 19 -61 -88 -15 72 -61 18 4 
48 -57 25 -71 82 91 5 -56 -49 49 -56 -57 11 -83 -40 37 -32 -5 -97 -67 57 -86 -64 -15 -54 -57 -61 94 -67 36 12 -79 80 -15 28 -3 86 96 30 8 -38 35 -48 46 37 -46 -78 -17 61 -93 38 -76 35 -86 -32 43 -90 -97 16 -85 29 -33 -25 40 -1 -49 54 30 -91 3 -72 99 -6 14 29 63 96 41 60 69 -50 4 22 -19 75 -100 -98 32 64 73 -33 -34 36 62 -33 31 57 -48 3 17 7 11 -30 -10 
-70 89 29 67 95 35 -22 76 74 -9 82 -12 47 69 49 15 21 52 42 -8 95 79 87 -7 -65 -78 20 36 -52 -56 -21 86 12 -74 -81 73 -15 -61 -39 -60 71 46 -51 33 -47 47 -3 -86 -26 -92 14 51 38 -53 74 -28 -18 75 -78 22 73 -80 77 53 81 39 -60 44 -32 -99 50 -32 -21 -83 -31 8 -88 -46 -35 -56 -65 -71 -16 -43 57 -59 63 81 -58 89 -32 -91 73 3 -31 -46 -42 -51 90 80 -44 -89 -8 56 
-3 -96 -98 -50 -81 -53 -4 -52 -13 -91 -77 73 -57 51 99 82 86 2 -74 75 -74 -42 -22 -44 -59 -82 -10 68 23 -48 66 -3 51 65 3 91 31 42 59 -66 -47 18 -93 63 74 25 -42 24 -57 -23 43 -51 5 -61 0 87 -57 -95 39 -100 56 -52 -31 50 -17 -49 99 -59 81 76 0 -32 -64 -87 44 -5 -89 22 36 -8 -74 26 -88 86 85 -66 74 -75 96 -58 36 63 91 70 94 -66 -19 22 43 -61 64 92 -100 -91 
-80 -74 99 57 7 32 79 -91 3 58 -54 -57 29 92 -35 94 -8 -20 -64 84 4 77 49 -65 88 -59 -33 -65 -43 60 79 -41 -59 -10 -45 -88 18 44 41 -48 -31 -67 89 -28 29 -99 68 -88 -43 -89 -97 -45 42 23 28 43 -91 -9 57 -65 -99 -23 58 -50 26 46 -69 82 69 0 41 -84 -78 -54 32 -73 -85 9 64 -19 -3 19 -82 -71 49 8 -18 -51 -12 -73 78 -18 26 51 21 99 -60 93 -81 -43 35 -62 -22 53 
-78 11 -63 74 20 86 9 -88 -30 78 -15 61 86 -78 21 -22 84 52 74 -57 -16 14 83 94 16 63 41 -12 -78 -36 -91 -1 -37 -27 -55 69 -32 -69 -77 -69 -49 56 -90 89 -52 54 86 73 -34 -78 -28 -54 78 19 52 7 -71 -64 80 -87 -37 -71 36 28 -17 -73 -55 -60 67 81 -99 -1 11 -37 -26 -26 72 87 -12 15 69 -64 52 -87 -58 -86 -43 39 63 89 -86 55 10 74 -61 -6 28 -37 87 96 23 -7 39 -16 
-66 -10 58 9 -3 51 -74 7 53 40 -31 34 -19 -46 -88 74 15 29 -9 -45 -6 28 46 -97 54 12 -57 -79 60 -100 -80 -32 60 3 84 87 -95 -21 -30 -20 78 71 -43 -92 -6 -62 2 30 -51 -95 91 32 84 -68 -24 -25 -4 -24 29 7 62 34 -26 95 -90 -20 10 51 30 -100 15 -84 -61 -68 -28 -88 18 84 49 -24 -67 22 92 30 -89 -83 -26 74 -38 58 -93 -74 -32 55 -56 49 34 96 -32 -2 30 51 -37 -100 
60 80 -38 88 -42 72 52 83 -29 -38 -78 34 45 97 27 -14 91 67 -95 -72 -54 -77 23 42 46 51 -19 -86 -17 -33 -84 30 -55 -93 45 -93 -23 -6 -35 -68 -23 70 55 -77 -23 -35 -38 26 99 -67 -26 -58 55 -80 -100 18 80 -90 -43 59 65 99 -46 60 1 -5 -4 8 31 5 -13 88 41 -55 54 5 -38 82 -12 -79 -16 97 50 42 2 -51 -67 63 -16 66 -84 34 -85 -52 18 5 -46 45 100 -45 8 -20 -8 48 
-64 48 46 71 -32 -17 -1 88 -33 52 68 -33 37 45 -81 -60 -18 21 54 9 65 86 -23 -76 43 37 -86 77 20 33 81 21 -85 -94 -41 -58 31 -8 40 -20 -62 -32 14 -29 -23 67 -1 -17 29 -97 18 -27 94 -57 -88 -39 59 -73 96 20 -60 39 62 36 -46 -58 -14 90 73 60 84 -68 -5 -86 -7 -45 31 -7 -44 57 -72 89 44 92 -64 -28 -27 -27 -45 -47 33 -19 97 -87 60 17 -72 -99 96 -17 64 49 -48 -72 
-60 -34 -20 88 -47 57 -45 77 0 7 88 -5 -59 47 -3 -36 67 90 -50 -31 -86 93 -98 100 -8 -55 92 74 60 53 18 49 -91 -95 -16 70 43 -28 20 100 -50 12 22 -78 -38 -87 69 51 30 18 67 -28 8 36 80 -96 -64 -51 12 54 81 46 47 71 -37 63 -99 -31 75 59 46 -77 97 -66 -67 -11 -98 -1 78 86 78 -22 16 72 77 11 -11 -83 56 65 -84 99 -95 -10 -94 -79 18 -99 -77 -41 79 10 -33 -45 
-44 -8 -74 71 49 63 67 -81 -70 -100 37 -42 52 61 -49 -94 -17 40 -21 82 21 -97 -68 -57 -20 -15 -56 -24 42 -50 -55 39 19 -15 84 -94 -91 49 90 -88 61 67 14 44 -14 3 -92 7 -8 -3 -43 -65 -21 -9 -40 73 -33 100 66 33 68 -4 -38 -98 -3 7 -68 -39 30 -56 47 87 -45 -59 42 22 -39 -90 -5 47 19 -28 25 -81 -91 -55 -53 62 -5 -54 -50 -6 9 50 -4 -87 10 -73 15 20 -76 -20 -16 -71 
-98 45 -13 -76 -22 73 92 -67 -60 -38 76 90 45 45 78 -76 -56 -100 80 -89 -2 -56 42 56 34 0 -33 -71 -69 38 78 37 -30 -62 33 -64 -40 84 100 -20 -15 37 90 30 -57 84 -43 -20 -62 -15 -46 28 -94 29 63 13 53 -9 -51 -19 34 -48 71 9 68 58 60 -55 -100 78 51 97 95 51 -72 34 -22 -52 79 -90 9 10 52 29 7 53 -2 -77 -35 30 -67 91 3 -82 49 -70 -7 -48 63 -46 -31 22 -61 -78 
-86 25 35 91 -69 16 85 70 -82 -74 -78 71 -41 87 -9 -57 -63 30 -48 5 -41 97 -25 -89 16 72 -39 79 -94 -86 84 68 -62 82 -86 -76 -10 -86 -48 -38 -76 -52 -52 55 97 -57 -76 -71 -24 34 41 -23 58 -83 -46 -41 98 20 -13 5 -14 97 64 2 38 -8 -77 99 -43 89 -24 -92 43 43 42 27 39 37 84 28 -65 -16 2 54 84 37 63 -95 90 91 16 38 -41 56 41 -53 85 -71 33 -41 66 -62 17 0 
-39 -75 -3 76 -45 -3 69 41 -55 -46 7 84 80 -7 0 -27 -21 -69 -16 4 20 5 -56 -80 61 -13 -95 100 -52 64 4 -75 47 -61 39 3 -44 -92 40 -7 35 -84 -30 -8 84 60 -32 -56 57 -12 41 -3 51 51 -48 31 74 -97 98 -86 69 76 49 92 -46 27 74 -59 85 -85 -94 73 -89 -79 -35 -26 -9 58 -37 -87 -70 70 37 27 40 79 -69 -25 -56 45 -81 -27 -94 14 -34 18 -65 -57 -10 53 33 -97 -97 77 
-56 -95 -41 -98 31 56 -6 54 19 -45 56 65 -68 42 20 90 0 100 -76 86 52 86 -40 19 32 61 6 -33 -42 -63 16 36 56 -37 -10 -95 76 -20 -79 -44 -18 64 -26 41 -58 57 -73 47 4 85 -93 84 54 62 7 23 90 -89 15 -52 29 80 -72 -16 57 -48 -88 -38 51 72 -34 89 87 -39 63 83 -40 -53 -30 -37 -70 57 -24 -56 34 -16 -93 11 -5 -77 38 -90 69 -31 31 -87 -51 -92 -16 -41 31 -61 43 -75 
-95 -52 77 9 20 16 -77 47 -28 85 90 37 93 45 95 -42 35 46 -85 -99 -21 -71 -100 -29 72 47 76 30 -55 72 -93 -53 -44 -32 -72 -29 -98 94 18 11 53 32 -34 53 92 -88 -55 -63 77 19 59 47 58 29 -12 43 57 69 -31 -11 63 93 -14 -87 -26 99 -54 44 -46 23 44 -24 16 2 4 61 -27 39 13 22 -28 -75 91 -49 0 -66 27 -71 36 56 27 -95 32 16 16 -50 13 -30 34 5 52 -26 -51 35 
75 -17 -20 0 -94 63 -47 -88 93 -52 -57 16 -54 3 52 9 -95 -27 -98 -74 -91 61 -86 -34 46 62 -12 -17 12 -12 56 5 -22 -81 6 90 -75 -9 71 -49 -32 -52 3 17 -45 -24 38 -60 42 -41 72 86 89 -1 -86 81 -16 -67 -61 34 -88 -41 -92 4 -56 19 -90 -12 -17 26 70 66 74 -94 -47 84 84 11 96 -96 21 71 1 -93 -84 23 26 80 49 67 -52 -23 -92 90 -6 52 17 97 -68 -89 -42 -29 -87 2 
-38 -15 -33 61 -18 11 46 -62 94 15 -58 -100 -35 -3 -91 87 -89 -90 59 -21 -57 81 52 -52 -24 3 45 -55 23 40 95 26 47 96 52 -97 55 -7 43 50 68 43 -82 51 33 -27 88 -91 34 -19 76 -17 82 -43 94 86 -75 36 79 32 63 -20 -42 84 33 48 -11 -37 -69 -43 -74 -15 83 -79 71 -54 9 90 58 -1 -66 8 -59 -65 -39 -33 67 -83 92 35 -17 -13 -88 60 -54 10 -11 -52 82 -95 2 -4 -24 -78 
7 76 -96 -44 63 -60 -58 41 -8 94 36 -77 -69 19 -65 -64 95 13 -64 -2 36 21 -67 10 31 -77 35 -88 -29 -56 47 -86 71 -98 58 41 -52 -23 1 -95 -13 -82 -23 -12 -39 98 -5 -58 -24 -24 -55 -50 -72 -13 89 32 85 11 -43 85 -88 -66 -97 -41 -83 -96 -96 14 82 -79 -30 28 -72 2 46 65 -31 -41 -41 69 6 67 43 -65 11 -59 83 63 19 60 -8 -45 -47 27 -72 -74 97 1 28 89 90 -75 14 98 
9 18 -94 43 97 -33 -71 15 42 -97 67 -14 47 61 15 72 53 100 14 -86 -41 -94 94 -43 76 -93 91 -76 20 -23 14 85 -45 63 -38 100 -72 -59 86 -84 74 100 99 -4 -48 74 36 15 30 77 11 6 42 -45 98 60 37 87 71 -93 -18 65 9 17 7 24 -55 13 74 -35 -88 86 60 -84 81 15 24 62 97 -46 -21 -48 -74 -87 17 27 66 -3 -99 23 -9 -16 52 36 -77 -52 89 -90 43 92 91 -8 -4 -66 
9 51 -62 -77 16 -100 -64 -30 -18 78 -4 31 -52 -34 -81 61 32 71 16 20 -60 -46 7 -24 52 -31 70 -19 10 16 3 -85 -52 60 85 43 -18 31 47 48 -27 -38 -16 76 79 -31 51 -71 65 -28 -57 -24 99 -84 -48 -100 72 29 60 -8 -79 -5 -15 -47 -12 -33 76 -80 -33 77 33 9 10 37 -32 28 -6 84 30 77 -28 96 11 -49 -76 7 -77 34 12 -74 68 58 47 -71 8 -61 27 -41 4 -4 63 95 92 -86 
20 -44 30 17 91 69 -45 62 -48 100 50 38 51 63 -77 51 -58 -3 33 56 -26 -48 17 -89 93 -49 96 45 63 -36 88 8 60 38 84 -68 15 -74 -59 8 51 70 -43 1 -55 -69 -39 38 70 64 -99 -86 86 19 19 -47 86 -85 30 60 88 63 -95 -15 12 99 18 83 -98 -52 -52 24 55 22 6 -78 92 -16 59 35 -21 -15 71 81 97 -92 50 33 2 9 -72 100 99 -19 90 58 40 27 21 29 49 -63 50 -83 
-23 -67 -76 -86 24 -73 18 27 -62 48 30 75 -70 79 -33 -50 -40 -30 -41 -15 39 -23 -37 -15 -69 0 -28 -34 -77 -59 49 36 -95 92 78 -9 45 65 65 -27 -97 -78 -71 4 62 29 -82 31 -94 70 -85 -98 -35 -89 39 -45 -56 36 21 28 -82 -35 65 -87 50 21 6 76 9 57 -91 -6 99 14 48 17 -57 -30 -59 78 -26 -29 -47 -40 49 -18 -49 82 -99 -6 20 -59 43 39 38 91 93 -28 -40 -48 25 -65 87 -9 
-9 -77 81 -37 1 50 -17 -33 27 -90 -45 5 -30 -20 -14 -99 29 -93 -45 3 41 -80 -6 86 49 -5 7 9 73 -87 -47 -29 42 54 83 -7 63 32 -38 55 -5 14 -41 86 -7 2 35 -62 -4 -82 -22 57 19 -52 77 48 -26 24 -73 -26 -96 -99 -28 -42 -49 28 -14 -82 -46 38 -62 76 54 3 2 81 -32 85 87 66 -96 40 -63 -58 89 85 46 55 -69 -8 30 -56 -1 66 58 13 29 -95 11 -45 -16 -12 -73 52 
48 -67 -59 -29 67 -16 -98 -65 -83 -29 57 45 -80 -44 -65 -57 -88 10 63 6 -53 -7 97 -20 65 -98 -48 -65 -65 58 -17 -2 -57 14 -72 26 57 -55 72 59 95 -58 -37 13 68 -17 -12 -60 -99 -73 84 -6 -99 6 -63 -48 13 16 26 97 -45 30 -38 -17 94 17 -27 88 100 -97 59 -100 -25 15 74 36 92 61 -62 -38 16 53 90 -93 -3 21 -45 -90 -12 3 -27 89 3 -88 60 -66 -77 -32 -49 -32 -64 -30 25 73 
52 53 8 84 12 74 79 35 76 -88 -54 -56 42 66 32 20 22 -40 81 -91 -16 -45 35 -42 23 -75 -100 40 -48 -75 40 50 -54 55 33 -2 66 -32 23 16 100 -87 24 1 -69 43 -87 -78 71 -43 -41 -35 -99 33 48 -52 72 -66 -29 -55 78 20 76 -23 -64 65 -22 65 82 50 -99 -56 -67 -7 -55 3 -80 -10 34 -33 -48 25 86 -53 0 -79 -62 56 -90 30 -45 -6 14 93 -17 -50 76 76 -84 -25 60 -3 -95 92 
53 29 -20 78 33 51 -31 43 -27 48 -90 41 59 94 -27 50 99 59 -26 -64 -46 100 -45 38 63 77 90 63 -70 -54 -37 -11 57 85 -49 22 71 29 44 57 -69 -47 20 5 -58 10 28 -3 26 4 -8 71 69 59 -33 32 59 -62 -67 -3 61 44 13 10 -80 62 96 -35 -87 -37 -16 100 -34 17 -85 -83 49 29 -16 -28 -6 74 -57 18 92 55 -38 35 -98 39 50 -13 -15 -32 10 -82 1 38 -21 -33 -30 84 -82 -80 
-65 56 5 12 2 56 75 40 17 42 31 -1 -80 -100 -93 74 -28 -11 37 49 42 -31 80 92 98 15 -83 67 12 34 19 32 81 -66 -97 -34 -85 -31 32 25 -12 61 -63 69 69 80 -5 5 51 -21 -98 81 -17 79 2 88 -35 -100 56 -87 -33 -23 48 73 75 26 95 34 26 34 85 -63 3 -28 64 -59 31 78 -81 -5 78 -10 0 53 -17 -64 -50 47 36 53 -2 -97 44 71 88 8 -85 -31 -38 -12 63 -12 -82 -45 
72 83 -24 48 -56 47 42 40 -89 -24 88 57 79 93 1 -57 -15 -97 50 -56 12 75 -15 85 89 81 72 -9 -13 -32 73 0 -30 47 27 15 24 -34 40 63 -72 -49 60 12 -47 -81 2 -37 -35 46 -92 -75 -81 70 -29 67 -23 -21 -28 91 -47 -40 9 -81 -15 -32 -7 82 36 -16 87 -51 84 6 -89 -53 -95 -52 18 -18 79 -47 -85 18 -41 25 45 33 -47 49 -91 87 64 41 58 -25 49 41 82 -59 98 51 -35 -90 
49 78 65 -80 -92 -28 -76 -29 73 -86 59 31 27 9 -8 -93 7 18 -3 71 -30 85 100 -30 -35 24 -100 62 -35 -69 -76 -65 -77 -54 83 23 -45 -78 31 8 -85 -60 90 45 77 11 -92 -5 55 85 -50 -5 86 73 13 -56 32 -94 -43 97 49 75 -99 19 17 -64 -5 77 100 58 -89 -93 100 45 33 2 70 5 -42 -97 -8 -54 -62 -91 -59 14 7 -95 49 -5 62 -93 15 -6 -52 32 57 44 9 10 71 26 -95 -88 
-67 54 -84 -73 -32 -86 -5 -81 -80 -65 -13 -77 -9 14 -69 25 74 -50 -88 -15 17 62 73 -39 65 -76 36 74 97 94 -77 -98 97 -83 -10 100 -28 84 11 23 25 57 58 90 -73 59 -39 -24 7 94 84 -62 -45 -30 -68 1 61 46 -49 38 44 46 85 13 -63 21 -29 10 59 91 47 53 -83 -23 -82 -81 -11 97 -42 35 -11 -87 -99 18 -20 95 -56 6 39 -41 69 -64 -80 54 51 -77 93 40 -28 70 0 16 90 -37 
34 19 -47 10 -77 -11 67 16 68 92 -85 -85 -34 85 -7 -2 60 88 50 -18 -62 -88 40 -46 -9 -58 -45 100 46 9 -79 30 -45 -42 56 6 -53 -1 78 -72 -27 -76 9 -48 74 3 -39 39 -74 76 -74 -17 -58 44 -54 -66 -21 47 -24 71 -66 -94 -39 48 -79 -74 57 26 17 -91 -24 -80 -28 -26 -89 -66 -8 88 -46 49 76 57 -43 32 -43 -27 -18 73 -65 7 -3 -14 59 -100 -47 29 17 60 49 71 84 -25 -84 83 
-23 -95 -7 -99 -87 -28 97 -55 -7 38 4 -57 -11 74 -27 -88 52 -81 -57 -100 70 -44 6 -13 -86 -88 36 46 19 -55 -79 100 -20 -95 10 -8 -57 -84 27 -18 -100 -49 84 -85 47 29 -13 74 11 -45 -27 87 31 -22 -79 -18 81 63 -74 -81 -79 -9 64 5 0 -56 42 51 85 -43 61 0 76 -37 91 -60 71 59 57 36 -29 6 -48 -4 -37 31 23 96 34 -71 -87 41 -55 -15 66 38 -55 7 70 59 -82 14 53 -17 
74 16 -45 88 36 82 -65 -32 50 63 -68 -50 87 5 84 12 -26 -64 91 95 8 85 94 -100 96 31 97 92 -54 -36 -22 26 -51 10 -94 -13 -95 -80 5 -73 25 8 34 42 54 -60 41 -66 16 -65 -100 19 -31 -62 59 68 -52 0 -81 15 88 -28 61 -45 75 -18 -14 -18 62 53 59 26 -28 86 -10 -86 -63 90 -79 63 -68 -71 -19 53 -55 -77 -37 -100 -67 53 -19 -94 41 -9 -79 -86 2 -28 7 89 -21 -94 91 -41 
70 37 41 -10 44 40 -54 0 58 -52 -15 6 85 64 -40 6 -56 -46 -24 2 -11 22 -72 97 -69 -76 -88 71 92 100 -93 -58 1 17 85 91 97 -67 -1 63 -38 -70 1 -46 86 -13 6 7 -68 -90 46 -17 -75 -18 59 51 -83 -56 -55 69 -59 73 98 27 -84 -29 84 97 -12 -17 -76 89 65 7 -6 1 -22 -1 25 2 25 63 67 82 -19 49 -83 32 -66 -23 92 46 68 -90 73 10 40 52 36 -100 -51 -54 35 -18 
-68 -62 -49 22 89 6 10 93 50 -21 29 79 57 96 69 17 -74 97 -46 -6 -13 -27 -80 -69 92 -66 31 -39 -2 -58 59 16 17 4 -98 -23 -80 -96 -1 -54 39 -89 -33 -37 68 -86 -84 72 69 -34 3 53 -44 49 23 11 -94 27 86 -70 -60 72 -18 66 -82 46 -17 3 -17 -86 34 75 84 54 72 48 -6 80 -89 -12 17 -43 -16 28 -66 -29 90 74 59 -17 -33 -5 -88 92 -55 -47 48 -31 -25 -87 63 80 33 50 
-24 75 -95 36 -70 93 -8 -85 8 47 28 -57 -84 17 -42 -33 89 -44 -69 93 -29 -73 -75 -77 9 35 4 50 6 17 9 -11 -58 93 -46 -58 -88 -80 -36 61 -91 14 55 28 -74 -96 -47 -87 93 -94 15 34 -27 -48 -28 23 32 25 0 23 100 -73 -2 -27 -81 71 -24 74 72 17 8 -15 -32 -33 -71 39 -74 -69 -30 57 -47 96 -18 -96 60 -99 -62 -21 -24 -65 -38 62 43 62 -17 -15 72 -27 -11 10 -20 -10 72 -24 
-54 75 -29 72 37 15 -36 40 -16 -9 75 -25 -30 0 55 -92 37 0 -100 54 44 -8 76 -20 100 -77 -40 -58 -77 43 -45 56 -76 -23 -51 6 -77 61 67 -65 -27 55 76 83 68 75 6 93 -87 -7 23 39 -67 -62 -57 -20 44 73 -24 16 50 68 -91 19 83 93 0 -12 -8 45 97 -100 37 -58 -33 -24 94 85 -58 -73 41 57 -51 50 16 5 1 -54 -29 41 -81 -24 -34 16 -55 -41 94 14 -84 -5 7 -29 -38 -17 
17 34 -42 88 31 -63 5 -15 -23 9 -26 48 91 -28 90 77 16 96 27 73 -49 -34 -100 72 6 -52 -88 -52 -93 -9 55 -46 95 28 99 -42 -49 -88 -22 -38 -95 -20 54 20 93 95 26 33 -3 11 -2 -36 64 66 13 46 -72 -57 -83 92 -95 96 -75 99 -3 16 -76 96 13 35 53 -73 96 29 39 -98 -70 -2 31 92 -7 24 -58 33 -82 77 59 34 58 -44 34 -73 32 -76 -88 -79 -33 73 81 82 -100 -7 -73 -39 
-80 30 -57 -72 -32 54 38 -77 43 53 29 -50 -41 -4 -13 -90 67 -36 83 76 6 0 45 67 -17 74 -26 -31 -38 66 12 -4 43 -46 -54 1 -82 81 -70 49 -44 -73 63 -55 3 -80 33 -46 -82 18 11 -27 59 20 -98 -92 -20 -23 -35 -76 87 93 -82 -5 2 -44 -69 -13 81 -20 -52 -28 -58 -72 20 -9 -23 -51 16 77 -96 27 -17 -95 37 -21 51 88 -19 -61 27 4 -15 46 -88 89 70 64 -80 87 26 9 -68 86 
-44 35 -83 -27 -78 68 72 21 8 -100 39 -66 -3 51 26 -60 78 38 -4 -64 -48 57 -8 84 58 24 79 72 -3 -31 -14 -88 -85 30 83 -64 49 -21 66 -98 28 14 85 98 83 -51 -96 60 -34 34 -50 79 36 -65 86 1 99 45 29 58 -7 -2 -21 -86 -82 70 4 -79 56 65 -7 -76 -54 -26 49 -42 -47 -56 -82 -96 -8 -12 66 89 -54 46 19 74 17 3 77 38 17 -28 -92 -65 -46 -38 41 -88 -4 36 -84 88 
-2 29 23 82 -13 64 -50 88 -62 16 55 66 -90 28 -43 19 36 -60 47 -100 -85 -45 10 11 53 48 12 36 62 -74 25 19 -22 58 -85 -100 33 -53 -17 -40 30 -1 39 -97 65 23 -30 -12 -83 -25 38 -39 -19 -31 75 21 23 1 39 -30 69 -35 92 -51 14 8 89 16 92 87 -26 -11 32 -67 -56 16 8 98 9 71 39 -42 -22 29 38 55 -38 99 39 -17 23 -98 -48 -6 -100 -41 63 -21 -33 90 46 14 36 -41 
-39 -12 90 -70 32 -83 -34 39 -43 91 -45 -67 -51 54 -73 -12 64 9 -79 49 63 -33 -75 15 79 32 -30 9 68 -19 -65 81 42 -55 38 43 -93 -80 -4 94 2 -13 47 90 -94 33 -14 -43 -34 68 -85 -31 -69 47 71 -9 -35 -46 -33 59 -22 -59 -42 -76 -72 -100 -53 -3 62 -7 69 46 13 -50 71 -28 -14 79 -6 -43 -26 13 20 100 31 22 15 -85 -73 -93 65 -43 -74 -92 -56 -93 -86 -97 91 -74 0 93 -70 60 
2 88 -9 -73 41 86 74 -10 33 49 -64 -25 50 34 -74 10 -76 21 -48 -4 30 -20 -79 3 -84 -55 59 -34 72 77 -48 -30 -37 -5 99 96 -41 -86 -58 72 -12 -57 3 73 22 72 -31 -48 -80 14 -53 52 30 -13 -25 4 45 -54 -55 80 -13 24 29 -32 54 -20 32 16 62 -61 -1 -98 -29 31 -19 44 15 -84 -63 -22 27 -16 85 -2 8 2 -87 66 -64 42 -40 7 -35 -90 -24 63 29 -97 -20 -48 6 23 5 35 
74 94 -7 -84 72 -30 -20 -32 -98 54 -93 37 69 -76 -33 100 41 -95 78 76 94 -12 19 -99 37 8 38 45 -12 -77 23 97 -85 34 -9 39 -82 73 0 -94 91 85 17 87 36 30 34 85 63 -63 61 -21 -31 55 -72 76 78 13 -72 28 -97 -64 -38 9 97 28 -12 90 -86 -2 51 40 -85 69 -3 -65 -44 -4 -42 -50 -50 76 69 -17 -8 36 -42 -15 74 57 25 81 44 -37 61 20 53 -85 -92 83 27 -40 -53 0 
15 16 -79 -2 -23 -17 3 61 -2 31 45 -21 -5 -93 -28 -20 -62 -58 4 96 -89 -38 -9 -27 -62 19 -96 35 -1 78 37 -24 -19 -74 82 92 29 51 -84 27 47 -57 -67 77 -68 72 -28 70 77 88 -7 -74 71 -17 -97 42 70 -43 48 -67 34 53 -77 60 -58 -35 -70 20 21 29 -72 -78 91 -90 -21 96 97 -62 67 -96 74 -69 42 -3 14 33 26 -98 -14 81 -75 65 -74 -86 -96 28 45 -91 -31 17 61 71 -4 -84 
-17 87 58 -57 -54 -7 -56 71 9 33 -53 -96 -86 72 -34 25 -26 8 -75 -16 -83 -26 -82 5 33 -91 87 54 -27 -42 36 80 -89 -45 85 88 11 84 35 26 25 94 -54 -79 -58 -15 24 48 -28 -23 -87 12 -62 -6 -56 -34 -71 -32 -8 56 -6 -4 45 86 -99 -74 -93 -32 58 89 27 23 56 -95 68 -53 -82 56 -11 72 71 0 -93 63 75 -90 -30 -94 53 79 -41 82 20 59 -34 50 4 47 77 -40 90 -47 -86 37 
14 32 97 7 -10 -11 61 -12 96 36 -60 94 -20 90 -45 18 2 -9 -99 62 -22 -37 -66 -91 -90 -52 -55 -84 50 -93 -89 -9 -49 66 99 51 -73 -52 -48 28 -49 65 -82 -48 -45 70 72 75 68 -21 21 0 -50 -38 -71 -63 -9 -54 -43 66 61 -99 48 64 55 14 63 -100 -95 -3 -34 -9 -67 79 -78 -70 71 41 -17 -30 7 -13 -72 86 -77 54 44 -95 24 -16 6 41 11 -71 64 57 -17 -39 -54 -59 57 93 4 -100 
-48 74 4 -28 66 -35 49 -80 -41 -70 -10 63 88 -47 -27 77 -60 -21 -69 11 42 -42 -45 99 33 -88 -10 -24 44 50 -8 -15 83 -89 21 37 -17 -67 27 24 -91 73 -48 -77 66 4 62 -57 61 -45 -60 -5 73 8 -37 0 -56 -34 92 -45 -27 86 2 37 -33 30 -30 -81 -69 -92 -57 -27 -51 -89 81 -9 -13 31 17 47 -2 -12 72 -72 -78 26 57 99 -7 -42 -60 79 20 53 -21 -3 -96 76 10 -29 -11 53 -92 79 
45 31 -63 -14 94 -64 48 51 -94 -70 -30 -38 28 -81 17 59 -91 94 15 -23 -10 -1 18 17 -71 32 -24 26 -25 58 11 8 -67 75 70 37 -56 46 -4 -66 86 99 65 61 -98 84 64 49 96 50 -4 12 47 58 -54 50 88 -81 48 42 71 -61 -1 -35 42 29 -19 17 -58 -11 10 -55 43 -5 4 -60 100 -73 30 92 -37 64 83 100 -76 -77 4 60 -51 95 91 77 54 42 -63 -53 82 -29 23 24 -30 88 63 21 
54 -12 -52 53 52 9 80 -23 76 39 -68 58 10 -44 34 -79 16 -79 17 -60 -14 -35 63 44 -46 95 66 -11 -57 -80 -57 -29 32 -71 14 3 -20 59 -17 57 -100 40 -3 -67 60 -80 67 -14 70 35 62 -65 61 -13 -94 9 100 33 -65 34 71 -2 -39 -73 -99 -22 28 -32 -28 64 -85 -6 26 -40 -57 -59 77 -5 -36 24 -92 34 76 -82 -97 69 -87 -77 97 -85 36 -2 90 -31 24 -98 -81 -91 33 -96 28 94 84 -98 
83 -79 8 91 83 86 -89 -48 -67 -85 99 -54 -11 6 89 -18 -98 75 -15 -82 98 -68 8 22 -39 86 0 52 80 -17 15 -12 31 -57 -10 -80 -99 92 -85 -17 -36 -64 -76 -53 -51 -97 -21 79 6 36 -18 -20 -83 -20 28 7 -53 57 -47 -34 -24 -38 -27 -29 8 5 -14 -76 -24 -20 98 44 -90 12 -82 82 -41 5 40 53 -95 -46 97 -83 -45 -54 84 -12 -10 30 -16 -32 45 -64 96 -68 -25 69 -98 33 58 72 -97 -10 
72 1 24 20 11 95 35 -7 -92 84 -16 87 -8 -60 6 19 27 62 -55 10 -90 66 -55 15 96 -50 63 -16 74 70 100 75 89 76 -46 -87 -42 -100 -85 51 -86 -2 -80 -60 22 -66 -9 13 -73 67 23 100 -51 -2 -53 13 100 -1 -52 -45 -31 -36 34 -37 32 -28 -9 32 11 19 43 -93 -52 92 72 -78 15 -70 -82 36 -69 64 89 13 -100 46 -71 70 83 71 27 -20 78 25 -11 -92 -20 -22 18 44 -10 49 -14 -95 
95 33 -29 -87 87 89 73 -75 -34 -80 -60 99 -46 75 1 -95 40 19 66 -23 62 62 2 -81 95 6 49 65 -12 -14 58 82 -21 -55 -56 -53 -64 33 -14 62 -7 -54 10 -77 2 -23 89 54 34 22 -13 -35 41 -12 -28 89 -65 1 44 -3 39 -64 -18 -36 -57 -8 -19 -69 -7 -84 45 62 82 85 -83 15 74 58 55 -20 -46 -17 -97 -14 -22 42 -72 -39 -43 27 -15 -63 41 -14 46 21 -76 88 7 -14 84 13 56 79 
17 -7 -59 87 15 17 26 64 -95 14 -52 -79 62 -96 -53 26 21 49 -79 -24 96 86 -63 25 -25 -81 -36 -16 -49 72 39 29 79 -13 29 74 -79 27 8 54 86 38 82 -37 99 -3 31 77 69 39 -67 17 -11 2 -37 64 91 -65 -82 11 54 100 -28 17 59 8 33 -14 -93 70 -47 -57 40 82 46 71 -9 -44 -81 -41 -87 -78 -88 -19 -51 72 3 76 72 -53 96 82 58 98 -90 42 -53 -36 34 -72 -33 68 19 -84 
69 -61 1 -5 84 40 29 -5 -43 -94 -39 -59 41 32 48 -23 48 58 43 -77 -87 89 -34 49 9 94 34 93 -50 -87 79 -38 0 17 49 35 45 71 25 71 55 0 14 -13 -65 -1 19 -92 41 -16 -99 6 -21 -16 6 17 -70 49 -57 12 -1 -92 -32 14 -87 52 -14 -1 -85 53 -97 -82 16 -50 19 10 -25 -75 27 -72 -24 -76 78 -93 -83 54 -42 -11 99 -49 36 86 18 -12 -3 -96 -13 -84 65 69 -59 -70 77 63 
11 -11 -5 -12 -98 -51 -98 81 96 -41 10 -39 1 83 45 -69 -40 72 -8 66 -45 13 -67 97 -9 93 66 3 22 -85 -87 -100 97 42 -97 -21 -60 81 81 -100 17 -47 -64 -6 85 22 -33 5 58 -18 73 -27 -51 95 -96 -25 55 -15 25 50 44 -94 68 53 8 85 -11 -43 -64 29 -55 100 89 38 -83 -53 -64 -60 65 43 47 23 21 -85 15 38 -21 -26 -15 0 -13 -53 90 -64 86 -52 -29 -74 -64 75 7 7 -22 -14 
45 -14 94 86 39 -40 87 0 43 -92 93 37 -82 14 -91 10 48 -86 -90 33 -86 97 34 -72 23 89 1 58 -1 90 -76 17 8 -10 -86 -9 -5 45 26 -31 -9 80 -23 73 -95 -46 -92 45 11 61 -17 44 9 1 -90 84 7 50 -100 21 43 -7 10 -66 41 11 -7 45 61 75 -76 -51 -24 57 -68 83 -79 -73 -23 -89 -5 -43 -42 -84 84 -75 34 -37 -70 -53 -21 -73 83 58 26 84 93 86 80 -58 22 -25 83 -59 
-51 -11 23 -59 69 78 79 22 88 -3 -52 46 -77 29 -49 65 -5 -54 91 68 93 -50 -95 -35 46 -40 -80 45 -44 25 0 -51 45 100 -38 -95 -26 9 65 32 -33 32 -78 -28 -69 63 90 -3 30 51 -4 21 -29 25 -68 -31 57 -68 78 76 -60 -26 13 -98 17 -74 -40 -61 -14 67 80 -62 -68 22 -14 89 -65 -3 -35 24 -94 99 30 -1 22 -47 90 94 -95 -37 37 85 34 -56 11 35 13 14 -13 -33 26 76 36 84 
1 -77 -3 33 -69 51 -60 -21 64 39 -59 17 66 -97 -77 94 24 99 28 -32 64 28 12 85 -28 -49 18 -68 77 25 -34 100 -41 99 66 -66 92 74 -60 16 -4 -4 92 41 80 -96 -83 18 -6 15 78 -39 -9 31 5 -96 -49 51 16 37 -72 -100 -19 -52 -70 -42 3 -47 59 94 61 22 -34 23 84 -70 27 -57 79 -80 26 77 81 -76 -85 -40 52 89 -16 86 -7 81 100 -75 -83 59 -6 25 -64 -70 60 -88 -59 77 
77 22 -58 -14 -36 -43 19 67 96 -94 -96 60 22 98 -83 61 20 63 -59 -60 76 -60 -56 9 31 86 38 -81 -98 61 -18 -33 -88 -25 86 2 26 9 -37 -88 69 -74 56 -77 -87 -15 -3 81 -17 -48 17 45 70 44 -2 -99 -96 15 61 85 -64 -37 18 -52 53 -64 -61 -72 -95 100 -1 68 39 64 34 8 82 31 25 -40 75 55 -72 -20 100 -26 80 91 83 -74 -62 -69 -97 -98 91 -84 89 24 41 -18 53 -77 3 0 
99 21 -52 -21 69 82 87 -51 -61 75 -71 59 -63 49 -15 -58 -63 -95 56 0 -46 -54 -20 -32 22 -15 -4 -83 65 -46 58 66 65 -40 18 -67 64 69 5 29 76 -65 71 -42 -70 -100 -53 -41 37 -25 58 95 -55 78 -72 27 -33 10 14 -56 100 75 -59 68 -1 59 41 4 -8 68 -70 -73 60 91 56 67 -66 -87 57 31 20 -28 -49 -78 61 -69 81 -89 -70 13 -95 65 -64 -12 -82 65 -68 -23 91 -8 89 34 -89 39 
14 38 5 68 -77 59 -7 -5 -98 29 -56 -78 -40 41 58 -90 -1 15 0 -3 -52 -73 -6 -10 -21 -12 -17 -4 -34 -52 -38 21 93 -26 -34 -87 -80 -66 -6 81 78 -98 8 -100 53 37 -90 -44 49 -56 83 72 -26 -64 -78 77 58 37 27 -41 -39 89 15 44 2 -98 -56 46 -10 -52 -74 -38 91 -88 -51 -96 -53 -98 92 54 20 92 -54 17 67 -44 -21 -7 -55 -7 -69 -72 33 -82 14 -89 -50 -70 -75 6 -41 -39 -53 -55 
-92 85 96 -42 -74 40 -88 6 56 24 64 -36 69 86 -15 34 1 -4 13 -77 -17 -56 100 -62 -78 -80 65 -12 1 -30 -81 -93 -79 -18 -63 85 -97 86 82 49 -38 -38 -19 43 79 -14 -2 73 16 -10 49 -38 36 37 -12 6 38 -62 -77 35 -57 -3 63 -26 -75 -86 -12 82 -8 -57 3 26 34 -34 -31 -5 -55 74 -94 -35 77 100 32 -92 30 -16 -72 -37 -11 -61 -86 26 -57 -21 -88 57 -1 -74 4 -51 70 -91 26 -69 
89 -21 60 80 89 -2 86 -78 -35 95 -25 64 31 98 -87 63 -50 18 56 -42 -65 53 17 -36 6 58 18 -37 -4 17 51 89 -67 30 80 -51 -31 53 59 30 -83 49 12 42 -5 -48 68 89 28 -65 -74 17 -6 96 85 -16 41 92 75 -61 -67 -23 -20 -59 -71 98 -27 65 -31 42 -27 -67 -83 90 51 -16 -91 -68 -9 -28 -73 58 76 -56 -26 15 75 -65 -43 -77 97 -36 62 87 81 -9 42 88 75 77 22 58 77 24 
56 -68 78 99 90 -44 -27 -51 10 -61 -2 45 9 33 -11 90 -72 -37 -8 -93 -100 30 -60 37 -13 -42 -85 -46 63 73 11 -57 63 65 -44 -94 -16 -37 19 53 73 -2 0 -64 43 -68 1 -35 46 -40 93 -10 83 100 83 71 19 73 -15 74 25 -56 58 -15 18 65 -71 48 -92 -77 -57 49 7 -62 37 -61 18 37 46 40 -93 -87 37 -47 23 -89 80 -28 -96 -12 -31 -92 48 -66 -48 13 78 65 -31 53 28 -33 74 -92 
38 -69 -12 -83 96 59 -12 -14 -16 2 -73 -30 95 41 -22 49 47 -70 4 82 -58 -12 89 -74 -73 49 -76 69 61 81 -71 -28 -3 76 8 -2 -65 -68 53 -80 21 5 -4 -38 98 97 -94 -57 93 -46 -53 -45 63 22 -94 -100 62 51 -25 -47 -59 -85 2 -51 -36 -30 68 -3 -98 -90 -8 91 -67 36 -71 9 41 -80 61 73 87 35 16 52 35 41 -35 -35 25 -14 72 25 56 36 64 -37 -50 -76 59 29 88 -55 4 -46 
30 69 56 -90 -37 -22 73 41 19 45 0 -100 -6 -58 96 60 -60 -25 -55 28 -77 -92 -22 25 44 70 -5 10 53 -63 41 -91 -29 29 1 97 -85 19 -8 -70 -96 -33 33 18 30 -40 93 -21 -3 61 -58 -46 11 85 -9 -38 -93 17 38 5 94 -80 23 75 18 -71 -4 31 82 27 63 -32 -33 -55 39 -36 -18 -54 -18 45 23 -36 81 82 99 -64 -78 18 31 63 -96 -30 -80 4 -61 44 15 -84 3 -23 -87 97 10 -78 
-47 57 -55 -67 -45 39 86 -34 69 -18 -11 -31 -86 69 -71 8 36 40 49 76 -35 -85 58 -31 49 -41 -97 93 57 -1 74 71 -52 -9 -36 -80 -19 -29 -98 79 -24 -27 -41 -88 75 47 35 2 -15 -84 38 92 -53 87 8 -92 12 56 45 91 87 -35 100 -100 -79 36 38 -80 -63 -42 -61 -79 -41 -62 -17 17 -99 -2 -29 -95 94 -59 -7 43 70 100 -9 87 -19 -72 49 -10 -14 -32 77 29 81 26 -89 56 -65 -9 -85 37 
65 91 6 -74 41 25 86 -83 55 40 -74 27 82 77 -91 46 95 -63 90 17 -72 20 32 -90 -56 -48 -88 -69 1 44 6 -80 51 -85 10 63 -50 -6 17 -3 -100 -51 44 -44 -98 -31 61 -56 -41 82 70 52 13 -85 -73 60 -68 -77 61 82 22 40 67 36 46 20 -33 -73 99 89 -24 -4 40 -39 -58 -39 -67 -46 63 -54 -56 -83 26 34 51 91 -93 -90 75 -50 81 -25 -54 42 92 -74 19 77 24 -81 30 34 59 -96 
30 52 24 -37 -31 -78 -60 13 -44 18 -26 52 98 31 49 -60 -74 -27 53 -77 -53 87 -43 47 -15 -42 -50 4 39 -60 53 63 -37 17 -45 17 -6 -28 -54 33 64 -49 95 -56 43 -55 67 -63 18 -86 61 0 -20 -97 -46 -55 74 6 -76 -46 -34 15 83 -70 -94 46 44 71 38 0 87 -45 32 90 -51 41 -55 -70 18 80 -99 28 -25 5 66 -23 -65 58 -73 50 -70 92 95 92 -56 88 45 51 -94 83 12 45 33 7 
73 -1 86 -92 27 -36 -87 50 82 18 -58 45 10 -15 -23 55 -34 11 -11 0 -26 30 80 23 -78 -62 -41 -75 -49 -69 -55 -24 3 -95 -14 39 5 83 24 19 46 62 -97 59 -98 40 -9 8 -17 48 10 90 -4 37 49 -37 -47 28 47 89 -12 -89 24 11 59 40 -59 -7 38 -72 99 -30 -18 -59 -35 -46 -99 3 -1 94 5 -8 18 -69 43 -97 73 49 64 -31 39 57 -8 -94 -24 95 -71 -92 20 87 67 -53 77 -20 
89 -58 -90 95 94 52 19 -68 81 -17 -49 95 43 -45 96 -67 -90 57 80 8 -72 54 6 -6 -60 98 74 81 58 5 15 -1 -79 -48 54 -53 99 -86 2 -94 -61 75 94 3 43 90 -97 89 -59 -9 -10 73 31 45 31 -83 -42 -99 26 14 92 -17 -55 -65 -3 21 -14 27 -62 19 91 16 25 -43 -87 -56 -59 8 14 -14 -90 -16 77 65 60 -24 -90 55 95 -69 49 43 -85 -33 -88 -62 -82 92 20 57 58 -52 19 -89 
99 48 52 -49 89 -61 -18 -68 -50 -85 -99 79 -38 -13 53 30 31 -50 -19 -81 -68 -93 89 -62 4 -78 -32 21 -39 67 -8 64 -79 89 -45 77 -54 12 -38 19 50 88 98 -47 64 -44 -8 81 -54 88 26 -24 2 -89 64 -72 57 -15 28 -70 44 3 53 -30 -50 -78 66 54 -33 18 0 -4 79 -33 -51 -95 24 -3 -17 51 8 86 -7 -94 -66 -23 -84 -88 25 -41 -59 43 -8 46 -25 82 -34 -29 -98 44 26 -80 72 -49 
-74 93 -76 -77 15 99 20 62 -27 -86 18 -4 -59 -59 55 -59 -52 -100 -33 -13 83 -91 3 -70 67 96 46 63 31 -50 -44 -99 34 -45 12 -5 16 74 -71 47 -51 28 31 97 -64 -72 50 11 -93 3 -65 -14 98 99 -90 72 40 -48 73 -48 -21 63 -44 12 -8 -50 -87 -23 -65 -97 -23 62 -34 -64 -98 -46 33 63 78 -100 -100 -66 -4 99 -14 -48 -91 75 4 -66 -60 35 -4 64 -3 60 -70 -96 -52 -91 39 29 -47 -39 
10 -82 81 87 -56 -71 -96 -72 -20 -30 -93 -54 94 86 22 -15 24 -84 -84 51 -80 55 79 -17 -27 -81 -98 24 15 -98 -25 -49 11 49 -38 -97 -57 98 41 95 58 -54 34 19 36 57 9 -71 -52 -82 14 87 65 3 9 -24 -10 98 43 -12 41 76 62 -45 52 68 -47 83 -93 -54 -23 -64 23 -85 -37 64 98 -67 -88 43 72 -64 21 -10 29 -34 82 60 -96 -78 -67 -96 37 2 83 57 24 15 18 -12 30 50 -56 23 
90 67 -64 41 -30 36 -51 43 -33 90 -20 61 94 -45 -61 -89 -44 34 57 -17 77 77 69 -41 -90 -92 10 -59 -33 68 -47 -30 93 99 8 31 13 83 -29 70 96 -18 24 43 56 49 85 -85 -29 -98 -60 27 74 -60 -89 -31 59 -17 -9 -61 -96 93 10 36 13 11 61 51 -96 53 -77 -25 31 28 96 93 96 38 69 15 22 -3 95 -58 -15 -86 63 42 -68 24 98 22 -45 -49 -34 -13 65 99 1 -88 -33 59 -22 -67 
68 97 -60 -15 -5 -18 -63 93 -85 -44 -5 57 -12 -92 23 -88 -36 -37 73 37 -73 -35 -68 -50 53 -41 -40 -93 -62 39 8 44 41 24 -80 -42 -18 94 48 -96 -90 93 36 15 71 10 -60 32 -82 24 5 -96 -77 69 -65 -18 39 -44 -22 21 58 -100 -17 -97 -71 -68 5 -8 21 29 92 -61 59 -86 -31 81 52 33 -62 -15 18 17 -54 82 58 31 87 -28 86 48 86 -23 -2 -63 -31 36 -28 -24 -12 20 36 10 -3 27 
-17 30 24 17 56 67 -46 68 -69 94 65 19 -37 29 -3 -32 3 -85 -70 14 -29 51 39 -80 -85 -54 23 91 -19 -46 30 26 -20 100 56 75 -24 70 66 -50 -86 -44 39 -23 60 -4 99 -67 -69 18 45 84 -75 -6 -67 38 29 45 -9 -8 88 -64 23 -85 51 -59 23 58 -62 70 69 93 -79 5 -14 83 -42 100 15 20 -86 36 54 46 10 63 49 74 -7 69 36 87 9 5 11 58 -36 -69 54 41 -48 -39 43 -1 
16 13 -25 35 84 0 85 -14 -32 -9 32 -30 91 72 -88 21 -37 -30 -72 -37 -48 79 90 -81 98 95 82 27 66 50 -71 -76 54 -69 -63 -39 -66 0 -58 -27 89 66 99 90 28 -85 -68 -99 7 -31 100 39 -7 -46 -23 -88 56 8 70 -52 5 -94 86 -80 -84 -36 -57 -24 -49 -42 -6 -29 51 -12 -37 -80 57 -78 -52 88 57 49 59 38 87 -58 -93 44 -30 78 -87 -46 21 60 1 33 61 86 96 79 33 -46 -48 -50 
-97 23 100 67 -68 93 -5 40 -54 -53 22 -39 13 -42 -79 -66 78 41 -76 99 64 48 -48 38 -28 -82 26 10 -45 -81 70 -17 -52 76 -18 52 -81 -78 19 91 60 -67 28 89 -96 -2 -65 49 28 -61 -60 -85 -29 -36 8 81 -8 -39 11 -51 38 7 77 31 -82 48 -52 87 -99 -26 -86 49 -37 82 19 -77 33 20 19 92 -33 -43 -24 -9 37 -92 -77 54 -62 -79 -53 -83 -30 -10 -78 -86 41 -32 -32 -93 94 -28 -47 53 
-1 -70 51 -86 2 6 -59 66 58 98 93 68 -20 -14 94 27 -3 -4 82 70 -26 97 -37 -47 100 -90 -56 56 57 96 -58 88 12 -11 27 74 -35 -22 -76 -52 -34 12 -41 -42 -92 56 -13 12 72 -81 -29 -2 -19 -83 13 47 29 -5 -83 73 78 4 -86 6 44 -76 -94 -30 -50 2 27 74 97 13 81 34 78 79 93 -11 46 -9 -15 -80 -95 -47 86 -89 11 -70 52 44 -48 -43 -89 -39 -51 -99 83 72 -59 93 24 -7 
31 -90 -73 66 91 -81 -5 14 -53 86 -21 -19 68 87 100 -84 -45 -23 28 100 73 -91 -61 43 90 52 98 -95 46 100 -82 -65 74 63 20 57 -52 -57 -36 29 34 40 -17 -15 65 44 -24 26 -78 -36 15 19 -71 -92 -36 77 44 98 -39 79 43 5 -44 42 50 54 69 -35 -12 -29 74 62 83 11 44 -2 54 79 100 87 -8 21 50 -59 -88 19 -7 -23 97 -52 -29 -90 80 -53 64 5 7 92 -25 -35 -73 74 84 -66 
90 -22 -66 -22 -27 95 17 75 -28 -45 45 31 -73 89 -16 12 50 58 -72 -80 -49 -95 95 88 75 -21 -75 -84 -16 -25 -100 47 -70 55 -26 69 -77 44 -92 34 -10 17 54 -51 10 4 41 -80 -51 52 -96 -63 15 10 48 -65 21 -88 -39 50 -35 -96 -97 -73 -61 -56 62 84 -57 62 41 -70 -5 38 -87 26 -40 -19 -54 -3 47 -31 59 55 55 65 -58 26 69 -67 -21 -75 -74 93 -53 64 -21 -39 21 -55 93 -69 -12 44 
-19 13 1 -8 67 -61 73 70 -29 -80 -99 -83 -29 0 16 -91 -86 -19 -36 -96 47 77 -23 83 -3 94 0 15 79 -23 -53 -28 -84 64 -91 12 8 -72 30 5 85 57 61 0 -28 27 33 87 -44 40 2 -13 84 0 -22 32 -84 -17 -3 -72 96 93 11 -73 58 35 88 -26 91 -79 48 -97 55 -36 47 -93 -12 -20 -90 -73 -40 27 20 25 81 12 84 -1 59 38 -16 -74 97 99 -16 46 7 -67 59 -65 -36 -84 -61 15 
-51 12 -85 -67 39 63 6 -22 -49 -10 -37 -58 65 24 -36 79 -91 -78 -46 85 38 -67 -31 -12 -93 -15 91 -78 -72 58 52 -99 8 -68 -18 34 30 75 76 59 -56 -58 -1 -70 -56 4 -70 -8 60 -66 -30 -57 -44 -24 -66 0 43 -1 -95 -69 55 -90 94 -77 -67 -3 -16 100 97 -6 38 -3 -67 46 54 4 -56 36 -87 37 93 -63 82 34 -91 92 -100 15 57 -60 -67 40 64 -90 11 -37 -95 -73 -10 -40 -79 -5 -85 -43 
87 44 -28 -16 -54 -35 -41 -49 -4 52 54 -45 57 -73 21 -77 90 17 -41 72 10 12 -78 30 -77 -95 -32 26 -41 19 29 48 43 -54 -78 36 -41 59 56 -95 69 -2 6 48 -97 16 19 -76 33 -29 -87 -88 -79 -87 -28 99 10 64 -13 11 34 -75 -80 84 -88 -7 -34 -13 -49 -53 -84 53 57 37 11 68 85 -17 25 -49 45 -22 3 88 55 79 28 -20 52 82 -62 5 35 -94 71 73 88 41 -28 1 60 38 -1 -33 
77 21 63 -42 -41 -84 65 25 -11 -33 39 -14 -9 -59 48 78 100 -97 85 11 -9 75 58 2 -56 73 -50 -71 62 -40 35 -65 73 -4 -54 -80 -56 -16 9 -67 85 -15 57 -1 -89 -52 58 72 -46 -36 -73 -57 52 -43 55 54 15 23 -78 -80 -74 -78 40 81 -85 55 78 83 12 -31 -38 90 83 83 28 3 -44 -7 -29 43 11 47 -41 -13 83 34 17 23 48 -65 -77 56 21 66 -18 47 24 94 53 66 28 49 -36 -37 
40 -46 -84 -93 -38 -66 93 23 96 -69 28 16 68 14 -39 -87 40 -71 -70 -6 -97 63 -59 -32 -63 -69 58 4 -50 -7 -58 94 -19 -63 -73 0 -59 97 -92 34 -2 88 88 -23 92 -92 28 -75 1 56 22 -8 -30 77 67 91 59 12 -10 -43 67 4 9 21 -86 -26 -3 52 78 77 47 55 -92 60 63 33 17 100 -52 89 -57 56 -75 85 36 13 75 -68 47 36 -53 26 -54 -19 -74 8 67 -19 -16 -77 70 -88 94 -23 
46 -69 -5 63 38 -2 -18 78 62 6 34 -64 23 -79 -43 97 80 -33 -82 10 -68 -30 -45 -76 36 -22 -62 27 100 -37 -78 35 -12 2 -42 28 -60 4 63 67 26 31 11 11 79 55 18 -76 -33 76 99 -24 -59 -5 -75 -32 60 77 35 47 84 61 -29 -70 1 26 57 1 29 50 71 79 -85 84 -23 -42 -48 -81 20 47 36 -53 -50 61 60 -32 -10 -97 -49 79 75 61 53 -93 43 -19 -42 -78 -65 -3 15 -53 56 22 
-73 -45 -79 13 8 32 21 -71 -86 28 99 -67 -55 -21 49 90 -47 87 -93 -84 25 -94 99 -97 69 -50 -23 29 24 20 88 11 17 4 -55 19 -63 -28 -41 -34 -13 -48 -39 100 74 30 -37 73 -100 -34 -31 -37 -2 88 29 -17 -58 -5 65 59 -46 91 -36 32 -39 51 -56 65 59 -61 -66 14 -5 86 -34 -90 -53 -73 -24 -40 -37 79 88 -7 84 -93 64 76 64 -24 -29 -24 16 -1 -62 0 -40 60 8 44 24 -92 -69 -22 
69 9 -88 12 88 32 41 26 -10 -86 58 77 66 -97 6 35 -50 -85 78 -78 15 25 -42 -6 -44 -76 -90 -84 8 -66 -55 -66 48 -76 6 3 -5 19 -9 35 85 93 37 -33 -98 72 66 38 -72 80 -41 91 18 98 71 98 49 42 78 -86 -50 7 56 65 -70 -11 43 -69 52 33 74 -5 -15 -90 54 96 -56 44 59 75 30 -76 -52 -79 68 -43 -57 -90 -84 -6 37 -67 87 58 84 61 67 -20 25 100 -22 -85 79 47 
-32 68 39 -67 50 87 58 -9 17 75 27 77 -31 -52 54 67 39 66 41 -79 -20 -86 -39 -98 -72 -61 -37 7 83 75 73 62 -34 -69 73 -2 -74 -87 10 94 -75 96 -20 57 -65 71 84 80 85 74 39 -42 41 61 83 -43 -77 -13 -34 4 -72 70 -63 33 2 -18 49 -24 -50 1 -97 9 -17 5 -5 -53 -51 13 90 33 87 -29 51 -22 1 89 -82 45 -16 -69 -80 -18 34 -51 53 -13 91 47 -90 88 -73 28 54 -45 
53 30 59 56 86 -9 -71 -44 -17 -75 4 84 17 7 -95 -17 58 32 0 72 -65 48 -53 -81 -41 -90 -49 -81 -71 -79 -11 14 -60 -52 57 -67 -96 -85 65 100 -90 73 -75 49 -13 -1 56 34 59 68 -77 -17 -54 -71 -17 -41 27 77 -11 -51 63 15 -47 23 38 75 -80 37 -57 20 13 26 -51 77 -72 -71 -2 -74 -11 -51 -18 64 83 -47 18 9 59 17 -89 39 -54 39 -76 -24 -42 62 26 86 23 -34 42 -80 34 25 
-29 36 72 -61 24 90 81 -42 -18 -44 -24 80 -100 54 -46 95 42 -86 66 -82 -67 85 56 10 12 40 76 100 -40 -25 -44 30 -53 -12 -41 47 -86 -16 41 96 46 -22 17 63 -39 -40 37 88 98 -11 -73 36 -49 -13 -45 47 32 81 -24 8 29 -12 52 10 55 -95 -92 -55 -13 -95 -46 86 -100 -14 32 -6 -11 81 8 -48 4 -89 -51 7 78 3 -87 29 78 39 -50 62 99 -50 38 -34 -61 97 11 -77 -98 -86 -96 66 
8 100 -5 -59 -31 7 -80 -89 59 65 41 -77 38 -96 -78 58 0 70 99 -90 -88 35 79 52 -22 47 -87 -26 -53 84 99 54 -13 31 2 -67 43 -93 -74 -29 4 25 37 -46 -62 93 69 -83 30 36 -60 71 -19 -72 -26 -3 -91 64 37 -48 96 -84 90 -37 32 87 -71 -2 28 30 98 -20 -10 3 -57 75 72 -94 -71 -40 25 23 -97 -28 91 58 38 -45 -52 9 23 66 -69 -2 -56 -81 -92 4 30 -15 31 96 -66 55 
80 -76 55 75 -14 -22 6 -37 42 -93 -76 21 48 16 67 -86 -31 41 -88 -82 4 -40 -44 -44 37 50 -34 -44 24 17 -64 -12 45 -10 33 40 -97 60 -60 78 -27 56 -20 68 -38 73 46 13 -62 -62 -99 -14 -12 -18 8 -21 -37 -74 -19 11 -43 -93 19 30 -43 -29 -84 -70 58 -42 -90 52 18 18 42 38 -24 -62 -45 -69 -47 -10 -65 -6 -73 -93 72 52 11 -78 3 14 38 10 -64 -52 63 -59 34 -36 72 -11 17 -55 
-37 -39 -46 83 71 64 97 -61 79 -38 20 -72 85 48 21 -54 -26 17 -60 -77 42 -33 54 -87 -92 -5 -5 60 62 -16 -57 71 -99 -49 85 -28 70 -60 37 68 48 -72 -67 48 22 44 71 27 39 1 14 -84 95 15 31 -87 -100 42 -2 -73 -69 -81 16 -79 57 6 -43 -31 -24 42 -88 79 5 34 -5 79 45 -23 79 38 47 31 73 9 -61 -32 -57 -9 64 97 53 22 -62 0 -23 30 0 67 -3 -47 51 59 50 17 
66 73 -10 -36 23 -76 -67 78 41 3 -51 39 -31 72 -30 -36 31 -54 -29 95 -48 -33 62 -87 -33 31 13 -43 -21 -23 -93 -37 71 -61 99 93 -33 -77 -4 -18 -57 -28 -99 -27 42 5 24 12 -60 6 35 1 -14 50 -7 94 -77 53 44 -85 -77 2 -83 -91 47 55 31 30 -6 80 -23 -69 78 26 39 -60 68 -10 -56 -97 -97 53 66 23 72 56 -27 -38 25 -83 35 77 65 78 -38 -57 76 13 -81 -15 -6 -25 -73 -18 
63 63 93 40 -21 -88 80 -62 37 -46 82 26 4 -58 -55 19 30 9 86 -27 39 44 51 50 -90 -52 16 -72 30 35 55 -88 -89 -26 -91 67 64 44 38 24 67 74 -99 -57 -76 86 6 48 58 -26 28 3 -49 44 65 76 -49 76 -57 -15 100 -69 -47 45 90 -23 3 -29 92 -31 -27 70 87 11 -58 97 89 -71 32 71 -9 75 -82 22 -61 77 71 60 -25 54 55 46 72 99 20 83 88 3 -85 78 47 -20 90 -27 
-99 30 -44 -61 13 -28 11 45 -65 -75 -33 -99 -39 32 3 25 -87 -29 98 46 88 42 -79 21 0 37 -55 96 -93 62 -16 67 69 76 -88 84 -48 -51 -67 -68 64 83 30 40 95 -14 -59 89 44 -49 30 -51 -13 -51 56 -18 -82 -85 -16 33 84 46 7 -1 -29 -93 27 54 13 -58 -54 56 74 -35 81 94 44 75 86 78 75 -69 -98 25 50 -96 -92 -92 -66 20 64 53 42 -86 12 -4 43 -55 26 -73 -54 34 -41 -8 
26 20 -91 -40 18 75 60 -72 -5 13 -71 13 -88 48 -89 45 -7 -70 -31 -64 -54 -36 63 40 -21 69 -40 95 -25 -55 13 41 1 26 42 33 19 -32 14 -30 68 -12 -63 -73 -56 -14 -11 20 -22 -22 -87 -62 -7 -75 -55 35 -60 80 61 10 -50 -81 10 -66 79 -2 31 -97 37 10 65 54 40 -72 -55 -32 8 -93 7 18 -17 7 19 97 98 -64 -20 40 -6 -70 37 12 -54 -73 -7 -28 92 -38 -18 -7 78 -74 -81 -26 
-62 8 73 52 26 91 -32 56 -89 -73 18 81 25 -75 -14 -12 -90 -58 64 -66 76 -70 50 -53 -45 96 -62 22 -25 29 -46 -87 43 -61 85 -89 -74 22 -55 95 77 37 60 53 -61 50 1 22 -68 -40 24 -15 -97 14 -95 47 -42 -13 9 -84 50 -9 -37 -49 -8 -63 59 61 49 -47 77 52 -83 -15 -21 -87 85 38 45 18 49 -8 -72 68 27 -81 -55 41 -5 3 0 3 1 6 20 37 -95 48 94 76 -13 68 38 -39 
17 95 -14 9 -21 96 -98 -76 6 -23 91 -80 51 10 -24 -93 -98 -69 -57 82 -67 3 2 -31 -93 59 -68 -48 75 90 81 -74 47 85 -51 21 55 59 40 36 14 -3 -60 47 81 -26 64 79 33 -67 26 47 35 -65 38 7 5 -80 -61 -36 73 -47 99 -38 -48 -50 67 -23 1 -90 37 -5 -15 -35 31 -35 71 -88 -36 -14 -62 12 66 28 28 43 10 23 -35 -95 82 -44 47 -40 -47 100 62 93 20 38 -95 98 65 -91 
-73 5 -13 47 -28 -22 29 73 -6 99 92 90 75 -27 28 -58 -95 -81 -37 -6 -66 -53 -10 64 1 -99 66 96 4 -36 -77 60 66 -43 3 28 0 30 56 51 -28 -44 70 -10 99 -18 -33 -23 -19 53 25 -16 74 -4 4 20 72 -6 20 19 -84 29 -82 74 72 30 -76 -92 99 49 -46 36 -90 95 -71 53 -75 95 -80 93 -21 89 -65 60 5 4 95 95 32 -93 19 -6 53 28 -40 39 12 -29 -18 21 62 20 -80 -34 
-60 3 -61 3 -20 91 -88 -32 63 51 55 -9 -66 89 -23 56 49 88 30 -34 -47 -92 44 20 -89 95 -38 -63 80 -79 70 -97 92 -50 -67 2 -50 -92 88 96 82 54 84 49 32 12 -19 -13 50 45 -69 33 92 -63 99 36 -57 -34 -26 54 59 -15 -74 72 -81 0 32 65 64 66 -98 -83 17 -8 -11 56 80 -63 57 -51 95 -6 54 74 -33 -49 81 -71 19 -52 7 53 89 -43 27 18 60 40 -28 -89 26 -5 -10 0 
52 38 71 -19 -35 -49 57 -56 50 -30 -70 50 -87 -69 24 -11 7 8 37 -2 -69 -63 73 20 -6 28 22 -40 31 -36 -62 -95 78 22 42 24 -88 20 -58 28 27 75 9 -73 93 -82 85 83 -86 32 -83 -40 41 12 -44 -85 -46 55 15 -100 19 93 -70 -57 -32 -20 -47 100 -33 -88 58 6 -68 48 -17 -80 -46 -2 -97 27 -62 49 24 -87 -23 20 -71 23 -16 25 11 -48 13 -42 -45 -33 -54 -25 45 -97 -29 -89 -24 -61 
74 -31 -27 -29 77 77 2 26 -76 -35 80 30 -12 61 44 -63 -62 -57 77 -27 -37 -93 25 -46 -84 -16 -70 -68 28 31 -30 -17 -71 39 -70 82 37 -68 49 96 -95 -36 -65 31 -14 -62 43 -32 -11 83 -51 -19 51 95 70 87 -61 -82 -100 -16 26 -22 -6 86 -70 -13 -54 41 0 -94 14 -100 93 98 84 -10 -6 94 16 -2 -76 54 -86 -18 63 -19 -17 4 21 8 -74 64 40 77 4 60 45 -46 -73 63 -62 61 -13 -9 
0 13 -24 -49 86 -84 -95 40 -5 51 -81 -25 -25 66 45 -86 -100 -92 -76 65 -56 76 -20 30 -16 -83 -23 -48 -23 85 -63 -64 -87 -89 21 -16 -51 16 36 13 -88 -97 49 94 50 -80 1 -20 -8 83 19 14 -1 -80 -15 -4 57 69 49 91 -89 19 41 13 -98 47 88 12 -7 -50 -17 11 -10 -45 -65 33 -52 5 -36 47 32 58 -31 39 -41 -35 -14 -37 -55 51 -2 4 9 -78 91 -48 -80 51 92 85 -32 -80 70 -1 
-14 46 -65 -81 -96 -6 21 69 -70 -61 -7 92 50 45 -48 5 -20 -5 61 -58 74 57 -19 73 100 -55 -65 -42 42 84 -93 42 -56 -26 45 -95 -35 -22 -32 60 76 72 54 5 -91 -63 70 -20 92 11 77 -5 4 -31 -76 31 39 49 -74 -71 -64 -36 -94 -27 -73 -90 -39 63 -61 -18 98 100 -54 93 46 49 -91 -16 29 -16 48 80 97 -79 57 91 87 -36 -76 -100 -43 -73 -87 45 84 40 -94 89 6 50 -82 -100 -92 -86 
-81 -64 -52 73 -16 4 -16 17 -69 -49 -24 -93 57 27 61 91 -44 84 12 -92 77 58 -6 79 39 -49 -10 26 -52 3 -21 55 -6 41 -35 -50 -57 -37 -61 -35 -3 -52 -96 -55 17 -73 -90 4 -50 -75 -72 -96 77 -6 54 -13 54 28 72 -58 80 10 57 67 57 -68 -62 48 88 94 -59 12 19 14 -72 -59 -5 -70 -55 33 48 -67 44 -74 -76 -27 -9 10 -21 -93 -67 -72 -86 -14 5 89 14 -16 -92 -39 -41 9 61 -82 
72 -76 51 -11 -86 -1 20 -20 -99 -33 -61 78 -45 -70 82 -22 67 47 -68 -46 -15 5 31 -49 13 -53 32 16 -44 -27 29 -84 -7 97 76 -77 31 82 -84 -56 -33 -3 -73 -37 15 -91 -26 -90 -35 79 -24 -10 -20 -78 58 -93 89 -3 -95 -60 -39 70 -37 -18 -10 -96 -13 45 47 -42 94 59 26 88 -19 -85 -63 22 91 -81 -1 -52 77 40 44 -9 85 62 86 -39 -55 -1 -100 -83 94 72 -30 93 15 20 -17 -39 -70 16 
54 33 3 -40 -61 -28 66 78 -69 -43 67 25 -66 65 87 23 -84 63 69 51 -35 -56 -18 -62 18 -1 85 100 99 88 28 -38 81 -97 48 4 17 87 -29 -9 -16 80 -89 38 -1 -51 55 12 -58 -10 91 -32 -48 51 -11 -96 1 30 -38 20 -92 -65 55 -29 46 -97 -27 -40 4 -35 -84 -69 -97 85 -32 50 -43 99 -68 -1 88 82 14 -21 -19 -17 91 19 13 84 24 68 8 -79 60 -50 -69 38 -49 -5 83 40 -55 74 
27 -13 -2 -66 -43 3 -73 91 84 -57 84 23 73 -52 33 -25 -3 -67 28 75 -57 39 -30 -41 9 37 3 -35 -92 95 55 -3 88 54 -24 0 31 -26 31 -16 -66 26 -55 21 4 -11 92 57 70 -39 -47 -65 -13 31 5 -26 -44 92 -5 -31 -70 7 -47 35 -70 -17 49 88 -70 -87 10 -56 23 -11 -43 -73 27 49 -26 -54 -42 -6 1 50 -91 64 86 10 -20 -2 69 -50 86 -63 -49 -5 16 92 -56 -83 -91 -4 -91 -17 
-16 71 7 -74 16 -6 17 -88 95 95 55 -22 -40 66 51 -66 -76 66 -86 -94 31 -3 88 27 -75 28 -19 17 -13 72 -80 -36 19 -7 -9 -82 21 82 -68 10 -26 -47 -48 -58 36 -89 -81 -2 -29 24 -61 51 1 16 -13 54 62 39 -26 90 54 34 13 -89 -72 29 -10 6 8 -15 46 -93 -78 40 -74 -24 -33 -29 67 -47 80 57 78 80 -90 86 -46 -95 -44 68 94 57 -33 -85 38 -12 -19 4 56 -36 -51 6 38 79 
25 -3 -7 65 37 61 -12 29 -20 22 98 -53 -31 48 -4 -28 11 -99 -80 -41 -71 89 -67 95 -92 -97 55 8 55 -97 -26 -28 -37 3 -27 -97 20 -48 -21 62 -64 8 -3 -54 52 16 87 -52 47 -53 100 65 -37 2 64 -86 30 -31 14 98 4 -92 92 90 -37 67 0 79 -95 40 59 -76 -24 -25 -59 -20 -22 -8 56 3 49 14 53 -6 15 -29 3 97 -95 51 21 -55 -39 -49 -36 -49 -98 -49 16 25 -67 -39 53 -49 
90 78 57 -35 -55 -42 76 -55 -92 20 -79 -100 7 -53 1 30 -28 -54 88 -49 -99 24 -64 66 -14 76 55 55 -78 -76 -82 -19 -11 23 92 59 -73 21 -92 -99 -39 58 85 -32 22 -1 51 100 51 -49 9 -4 -87 -90 -64 -18 -35 43 -91 57 -42 -6 89 80 91 -35 2 70 15 -20 65 0 -73 -18 50 15 26 -29 -16 -5 93 -61 -61 12 -36 -47 -59 -99 89 48 -60 34 -79 33 -52 -63 59 37 56 -53 -67 98 25 -29 
-6 54 14 7 -67 -49 -79 -55 94 -95 -93 -40 -4 -73 -61 23 44 -87 -32 -61 32 50 86 48 76 54 -60 3 97 89 -46 90 -48 -35 65 46 -44 16 40 52 -100 92 11 -64 75 59 -8 46 -79 -92 -97 62 74 99 19 -48 60 24 -35 7 -12 -32 -3 -7 27 -41 78 -5 -54 -64 -92 1 83 26 -60 -18 25 3 78 55 86 82 15 69 -57 99 9 -68 -79 65 53 20 -16 -29 65 92 -96 40 -29 40 -80 14 -11 82 
-6 43 31 77 27 62 -97 12 7 96 -18 -72 -22 -9 90 -1 -29 34 -29 -99 -59 68 87 -99 63 26 -40 92 33 -77 -54 72 60 8 4 84 86 -92 -55 -13 99 -39 86 -48 54 -29 30 -11 100 20 -79 -54 40 -39 21 72 93 35 -54 19 -79 -68 -69 86 -62 96 28 23 12 8 42 38 78 80 -11 19 19 -39 26 -34 -76 33 -2 62 85 32 -70 -70 73 78 -73 -30 -89 86 69 -62 70 -51 -33 -93 39 -5 -68 82 
16 -13 96 -41 89 -48 -83 62 1 23 -33 -95 -89 -42 -55 81 42 -33 -58 -73 -60 66 76 73 100 3 -90 -50 42 93 -50 17 72 97 11 -68 86 92 -71 -19 3 37 -36 -77 -96 -16 20 15 -38 -5 67 -45 -16 58 75 1 -72 90 -21 -18 90 -13 90 -14 -82 -44 20 3 34 -11 -50 -98 -31 3 3 52 15 -34 -41 -78 92 81 64 25 -93 -48 46 -39 -51 -95 12 -8 56 -49 52 -61 -11 95 24 -86 52 -87 77 -67 
12 61 -35 -39 97 -81 -63 -82 92 18 -67 85 -74 -51 -35 89 -47 -87 -8 -65 13 -32 -48 -67 29 -17 -9 -82 -2 64 -59 -89 -49 -88 94 22 33 89 2 -77 45 59 -50 -95 -24 -53 39 95 -75 -5 -61 -41 80 -44 -45 92 -88 92 17 92 -31 81 72 71 -96 75 18 -97 -59 -34 51 -45 -88 99 22 -74 53 -67 80 -76 9 -42 100 36 1 -7 31 -5 65 57 -51 -37 92 28 -83 -14 54 -3 36 50 17 92 -40 74 
-58 -15 -79 -80 -36 11 -45 63 -93 78 -55 -66 44 38 -76 -73 95 -56 -26 31 76 -34 66 -98 -78 32 -79 43 -55 47 -24 90 21 -16 -58 -88 -13 -68 -92 67 -88 -4 -19 -18 63 -42 -38 62 -4 74 -88 80 9 49 -29 -72 -81 24 95 -16 -86 -74 -88 76 35 27 -14 18 -43 8 82 -51 -93 9 -97 -77 79 53 61 43 -51 -14 -70 -99 11 -92 -19 18 -97 48 -82 20 -60 61 -96 91 64 0 59 -67 45 -21 62 96 
-94 -36 -35 -35 -58 80 -75 -31 -66 77 10 -89 -19 -83 68 -79 9 70 -48 -70 -5 -37 -19 7 -14 -73 -37 -6 -76 -33 44 75 -83 88 52 -80 -48 78 -98 -34 -38 68 31 -41 51 -17 6 -86 -7 1 -15 -83 97 -76 34 2 18 95 -59 92 -19 83 48 -71 -64 -26 -100 -10 -99 45 -31 -98 -41 -99 -79 -53 -12 -27 -84 62 99 80 27 -1 49 -10 -98 47 18 -40 -84 3 -52 -39 18 -82 -27 -39 -5 -65 90 -91 -21 13 
13 18 -45 -15 99 -26 -5 41 78 -8 -26 -39 -50 -72 19 -81 20 -41 35 78 -1 -90 -83 88 -1 -84 91 5 8 -88 97 0 31 51 -16 60 -67 -69 59 -37 43 -23 44 -87 -56 -73 55 9 -66 -52 -97 -11 10 89 58 -62 83 -2 -77 34 -60 28 -18 51 -94 15 55 -63 -60 69 86 53 -78 -85 21 -56 -6 99 -65 -59 75 94 33 96 -26 -68 -76 28 97 91 -55 4 41 -9 21 78 -2 -39 63 24 -21 89 -88 -35 
95 -51 -23 -8 98 -6 3 -1 2 42 27 -32 -4 -74 -67 65 60 -88 -58 -13 19 -27 1 -73 69 18 0 -80 -33 -42 28 27 -75 46 -89 -96 -75 84 100 17 7 47 69 64 -16 22 90 40 6 -58 -63 32 -40 13 81 -37 -70 -49 -73 33 1 -26 81 4 40 82 50 76 -46 100 48 19 -10 -86 63 84 66 92 25 -100 -20 69 62 -8 50 35 -35 63 -92 -86 48 66 -47 -45 -26 -57 -13 81 -29 -35 64 89 -45 24 
-57 -35 20 66 61 -17 34 -96 64 64 -24 54 -18 -66 64 -7 55 -83 50 -63 45 24 78 -100 -52 15 45 -14 -63 -65 -97 0 -74 -87 -57 -84 -26 -85 43 83 -13 79 1 94 28 -1 57 100 -67 28 60 68 99 -33 82 -21 35 59 -1 -7 -26 -66 76 -59 -7 54 71 -76 -55 23 -25 -87 -94 57 46 -8 -24 92 -53 73 -43 -100 -94 42 -44 19 -90 -38 79 -39 36 30 52 93 16 34 -85 -20 -100 64 -85 -69 50 64 
