58 -99 -10 -36 3 6 86 -21 -81 58 43 38 -81 49 -16 -39 -93 -77 -5 59 13 61 50 -45 -87 77 -53 -72 28 69 -33 85 84 -60 29 73 -30 -37 -94 31 7 -42 61 84 -48 38 -14 -90 86 72 -49 -62 -12 -42 87 -51 -31 -77 35 -16 -3 66 46 89 16 -88 0 94 -45 -86 -2 -29 -2 51 -19 -32 -11 -86 -18 46 48 -47 81 12 49 39 100 37 -93 -90 91 -53 67 44 -55 59 60 80 -22 -70 -25 31 -51 1 -15 -73 36 29 83 -14 -45 
-39 -93 -96 -20 35 -57 99 -15 60 -90 -82 75 83 -95 -79 96 -3 -33 0 1 39 -44 77 -54 2 -62 -82 66 15 55 -95 34 -72 -37 92 -52 -61 -82 98 3 -24 44 24 93 -69 20 3 -27 -68 -52 -99 32 -40 68 -80 29 42 17 -95 -2 -87 -25 -50 59 -86 -51 43 11 57 43 65 20 -41 -17 71 -20 66 -68 13 45 -91 -50 22 97 -57 -23 48 4 26 94 -34 -69 91 83 14 39 -89 77 -37 56 -90 62 73 27 -80 -92 84 18 17 -73 96 
-45 22 89 -47 -15 -42 -21 42 35 95 92 -38 16 -85 -80 29 3 59 29 -1 -64 -56 -8 40 -26 19 34 98 61 2 -81 61 -67 22 -9 -2 38 -52 -4 -29 26 -90 -60 12 46 -7 76 -15 91 74 -6 -47 18 -83 56 49 95 51 -99 -26 34 -77 -75 -6 -99 -21 -54 76 -7 76 12 96 92 -10 0 58 5 -65 -77 36 -100 73 58 91 -43 -7 48 46 45 69 74 -19 39 -39 -25 -43 -63 -77 68 -50 68 60 -30 -84 68 33 -62 67 -87 -14 74 
61 71 0 18 -15 21 -58 88 -89 73 -16 80 16 -59 41 -77 65 52 17 -96 52 3 48 2 -37 7 -11 -15 78 -24 -16 84 -52 61 1 -74 23 30 -64 19 -97 -85 -100 8 84 -97 -2 -60 -58 -81 31 81 -34 37 -60 -22 -83 -80 -20 97 30 95 85 62 94 25 -95 50 -56 3 6 -70 -76 -32 -73 67 30 -44 -87 -36 61 -41 -10 16 24 99 39 86 -39 -6 -100 -68 -63 75 -31 -11 70 34 95 -3 80 21 93 -71 -34 -67 80 -75 74 -29 -52 
74 4 94 25 39 59 -25 -95 24 -16 9 -75 -95 98 -10 -93 92 11 36 -14 77 -66 -60 63 90 -34 -9 -50 29 -17 -43 98 32 16 33 44 73 64 2 44 -65 99 -60 3 87 -56 53 -40 18 14 -28 -44 64 -78 -72 69 44 9 4 -73 -100 -78 -30 -7 -6 77 -98 -43 11 7 -22 -65 99 -30 50 -99 -68 -67 84 39 -79 -94 71 23 4 -17 -50 -32 58 -26 33 74 -94 -22 95 -74 -68 58 -4 -72 34 -87 -4 -93 8 56 -92 34 25 -74 90 
50 55 -62 6 64 72 -89 20 39 -1 -67 -51 -40 63 58 -18 75 88 -87 -94 -81 -13 -8 8 0 13 -45 22 -2 26 -49 -53 -99 -41 -71 -19 54 -88 15 8 57 -19 4 -50 60 60 -30 66 -11 78 36 57 -30 -78 34 -50 8 -1 74 -20 39 99 -82 83 41 23 -1 27 -13 100 82 -30 -81 -92 84 73 90 71 80 39 89 31 -85 34 19 -54 58 54 92 30 40 -46 -31 -63 -42 -35 -99 -73 97 -28 7 18 -17 -30 -71 -6 -43 -86 22 -18 -12 
98 72 -62 3 -10 -46 -76 -32 15 94 70 -100 77 -70 78 15 96 38 -78 -34 -64 -18 -42 81 29 22 -26 -23 -6 -62 8 -8 -1 75 20 75 -56 -81 0 -74 -96 -20 -23 3 68 98 -100 15 11 -81 32 14 -67 -60 50 -82 -31 58 -93 -86 -22 52 73 -79 -6 8 -91 15 -13 -22 12 16 29 93 -24 12 38 70 20 -13 76 -45 -13 2 57 41 -55 76 86 56 59 41 -9 -27 -18 45 -33 -20 -86 -19 56 51 -64 34 39 17 52 -82 -10 76 -76 
8 -5 83 99 -94 28 -93 -58 92 -39 95 70 -72 46 49 -36 -34 99 52 83 47 54 7 69 -78 85 26 67 -21 7 -4 -9 55 -79 37 -51 -4 -42 -46 67 68 -45 -49 -77 -27 4 38 -59 35 92 -69 100 36 -15 23 -66 -78 -30 67 -95 94 73 54 54 -23 71 -67 -26 20 -2 -81 34 -71 42 7 31 -7 12 -35 -73 -59 -86 -1 -12 65 40 -50 -14 75 8 -57 43 15 89 -69 54 -22 -18 34 -31 76 87 40 22 20 22 94 -74 -47 8 -39 
56 -70 -37 69 -51 -11 47 -48 -67 42 63 87 -67 6 -23 43 85 -34 -99 -30 -18 27 -66 -66 31 54 26 10 25 -93 63 21 -71 5 -11 -68 44 -41 -32 46 -38 -30 -45 13 -21 -33 64 -9 -30 -41 -3 5 -72 -89 68 81 97 48 -49 -82 -12 -27 92 68 -45 93 88 -8 66 76 20 -40 -25 -73 -99 -71 71 16 -80 30 96 -25 -3 -51 48 -55 52 97 -12 -76 -16 71 -89 17 89 19 1 99 65 -77 68 -99 -71 -41 -71 -14 -87 25 -45 -13 -85 
8 12 -44 17 68 -70 -96 70 72 71 -77 -93 -84 -39 -71 -51 61 83 76 -42 75 18 78 -79 -29 47 73 -70 -46 -32 -66 -64 -34 -55 -13 -97 93 -15 -75 -15 97 -57 53 46 26 85 58 55 -17 -74 -63 35 -50 58 49 40 91 -28 -31 -30 -40 -44 -97 -29 21 -14 7 -76 71 -28 17 18 -58 -7 91 -10 -89 -28 -74 -8 -40 63 -75 100 -69 -49 86 -54 -18 46 28 -48 -53 9 5 -3 -97 75 48 -36 71 41 -55 -9 -7 74 73 66 55 -60 69 
-7 3 -61 -23 20 -26 27 72 11 -96 -71 -63 -5 -26 78 61 -97 -76 -26 75 -24 -76 -31 -19 92 -76 -92 41 -73 85 -83 -7 -40 -97 77 49 73 -46 -91 34 -80 93 -100 5 40 -36 57 100 46 54 -19 58 86 -18 60 -31 65 -61 57 22 99 -83 53 -36 -98 -55 82 35 -50 33 -96 91 -65 8 43 -61 84 -17 100 -79 49 77 -20 -8 -51 -55 99 61 -88 -5 -92 -41 35 30 75 -88 -90 -87 57 96 39 14 -87 92 -89 45 -41 -3 58 25 -47 
-79 -57 -43 -59 38 -29 -37 -97 -32 23 37 48 -9 -61 63 73 -34 5 20 -76 77 13 -10 2 -25 77 -45 80 -18 6 -77 -81 -75 -65 32 -4 -21 -40 63 52 82 -88 -73 37 -28 -61 -47 82 -91 -96 25 -13 -55 91 -37 7 -81 -40 -20 39 10 3 24 -13 32 28 -88 -33 -8 64 -58 -64 -96 93 -67 21 36 77 -11 33 -93 -73 -29 -95 -88 15 8 88 56 -17 -97 -42 -32 32 -81 97 22 17 20 -75 73 82 -11 -96 -85 2 -47 -41 16 59 50 
18 62 67 76 19 -81 -59 -86 -84 -16 11 -96 -16 52 51 7 69 75 38 21 1 95 -95 71 27 -72 66 2 -31 44 -41 -31 63 36 37 -80 75 -37 53 -32 73 -4 -48 -12 -8 -59 61 9 65 2 88 51 -31 -41 92 98 95 -10 -90 -9 -1 -36 49 -67 -91 -41 55 59 -48 41 79 -31 -34 46 75 -85 42 48 -32 6 -80 78 -53 -10 -9 -16 7 8 -46 -67 -82 -84 -32 23 66 46 -79 93 39 -77 -98 -73 98 -80 67 -16 69 -42 46 58 -43 
94 1 3 -15 -26 81 82 14 23 -39 -100 81 84 30 19 -87 86 -64 -13 39 38 -26 71 -67 22 16 -58 -69 51 47 0 -13 -59 82 54 -44 -94 73 73 74 75 82 83 89 -1 -44 44 -98 -73 42 93 -61 -55 -95 74 -55 30 -60 77 -58 -26 -100 -48 -86 86 -42 20 -73 6 75 -52 -62 -89 -48 84 81 47 88 65 -27 59 -42 16 44 -74 -89 -5 56 16 -49 -97 -87 -15 23 -76 90 75 21 -26 -94 -39 -91 12 -41 63 -56 -12 -31 29 19 -45 
3 56 35 -75 74 -57 28 84 23 98 97 14 -24 70 -64 -69 -31 33 -34 -17 -2 -36 -98 66 -8 95 38 -88 -21 40 -13 -71 52 4 54 -44 -91 -27 50 -18 6 15 93 -88 -5 -49 -60 93 61 93 16 -50 -97 -51 52 34 -87 64 -6 -92 -88 -40 -54 3 -9 -17 -94 -86 90 63 -62 16 65 -16 -86 -57 25 21 -78 21 -19 -57 -66 95 -47 70 42 -76 31 19 -7 -3 -23 -16 -45 -80 -31 47 -83 -26 4 -78 -92 50 62 40 -85 -11 -63 19 -57 
89 97 39 -58 25 43 -30 -46 -64 59 53 -37 8 45 7 -58 -39 60 11 -8 88 48 97 -57 80 45 -94 -50 56 -63 39 22 -20 -75 81 -71 82 -66 -45 -52 -51 88 91 -64 99 62 -44 31 -42 -51 -10 21 -28 11 73 -66 -6 82 -85 83 -68 -42 -14 -16 -23 79 60 76 -66 18 99 60 51 17 -8 35 -73 -100 33 54 87 9 -57 -3 18 88 -92 55 -30 -76 -11 46 -65 -5 10 -88 -74 1 69 -46 -96 46 -54 12 66 -65 -68 87 8 -89 89 
-32 82 46 16 92 26 -83 58 -47 34 83 -70 -64 -22 8 84 -30 37 13 -27 -43 -24 70 17 91 55 -93 96 28 -82 11 67 -90 -30 -49 47 -49 -87 98 62 79 -86 -86 27 -91 -29 -76 12 13 -81 96 -91 -55 41 -52 -59 -11 76 -35 -47 -73 36 23 -68 59 18 20 11 -6 96 73 -14 -65 60 35 9 -91 -39 6 -10 -21 -51 -74 -15 -28 38 -86 -97 8 59 2 -51 48 -14 58 -36 -24 14 73 35 82 37 -46 -77 -91 39 -55 -30 54 32 -36 
35 76 -32 -85 61 34 16 -41 66 -14 47 -29 -74 -14 62 95 -16 66 55 -9 -3 -15 -65 -43 95 -74 61 -35 47 -5 4 -8 16 -20 -88 -70 81 40 -5 -76 -5 -23 -100 -7 3 95 4 95 98 -90 -86 64 1 38 69 -27 66 -11 85 -98 10 45 -100 48 -84 95 -65 -18 -67 -85 -94 18 -17 -88 -86 55 41 79 5 77 26 -82 -19 92 -21 72 26 -37 12 36 -57 -82 -92 -77 -99 -6 -11 19 -99 44 71 -85 -80 -73 -98 -46 -47 80 -30 -15 -22 
72 45 -99 -41 -46 74 -60 -51 23 -56 83 52 -24 84 -84 75 -49 42 69 71 84 -57 -68 8 67 19 -60 -5 35 50 10 -54 83 -79 -81 -54 40 100 86 -85 37 -61 91 34 92 -17 64 85 -50 -84 69 -92 -22 -46 55 -52 -36 -62 74 47 8 -12 93 88 -18 -50 -52 85 73 -20 -18 -77 -57 -23 9 -60 68 -8 48 -68 -2 3 37 -59 -57 29 -27 -46 -13 -1 34 64 23 96 42 -30 -40 -12 67 -29 -28 15 74 -27 37 -14 -48 25 75 65 -75 
-19 -1 -7 -57 -72 -10 93 42 -93 -91 -35 9 97 -72 -2 89 -25 13 45 -82 2 -99 74 -2 -99 -62 -6 42 -34 66 77 100 100 -19 20 15 -65 2 32 29 57 -93 49 83 -10 -85 -11 23 18 -22 -35 -62 25 91 73 -6 -94 51 79 44 -53 -52 79 -67 0 33 -13 -37 -79 41 96 81 -30 -41 -1 43 -95 -83 31 10 58 13 -76 -41 77 -38 -77 98 33 78 93 66 -68 29 -38 -35 41 45 82 3 75 11 -60 -34 60 15 -95 5 47 91 -46 
32 -99 74 -43 -68 72 72 -87 28 40 29 20 -7 100 11 85 -45 24 10 80 -100 76 69 68 46 -44 74 -72 -5 16 -40 6 24 50 -25 2 24 31 -48 15 -45 -63 -49 14 49 -33 33 -94 88 -41 29 -12 5 90 32 -57 61 -99 -67 -59 -42 -85 71 -65 76 -19 66 -67 80 67 -68 -77 58 53 -25 21 33 -14 -54 34 -99 16 -71 20 -29 96 30 73 -51 -50 40 95 -83 -68 -62 96 73 42 75 -43 -36 98 -53 18 -83 60 -49 -25 31 -32 -17 
-78 -70 -97 -21 -37 -45 -97 -89 -1 -9 36 17 -99 66 19 3 16 12 -44 -25 -58 -85 -74 73 59 0 -59 -47 -11 68 29 22 -8 75 -68 -76 89 1 -59 -57 9 -33 40 92 -14 -47 -45 44 51 -38 -48 25 14 -21 96 -36 7 -80 72 -42 -38 -84 70 -16 -49 71 0 -35 32 -39 39 60 15 2 79 100 -43 -43 -42 92 -2 -72 -36 64 88 -45 6 -39 -23 -44 77 8 83 55 27 -11 75 -100 62 -92 -66 -55 84 -95 41 -22 3 -58 -5 -48 -26 
98 -61 29 -16 47 16 -21 -37 -8 60 -26 -97 89 -4 -15 9 79 -95 -2 81 12 100 -89 73 -11 38 23 1 -36 -38 -89 65 -47 52 -22 -49 -20 68 -49 89 52 -65 -25 89 44 -26 42 -6 -47 95 -2 60 95 58 79 29 -88 51 70 71 86 -19 -97 -22 -24 95 -89 43 44 -74 67 -44 -72 1 49 71 7 -53 16 -80 -12 74 -23 41 -51 1 90 -31 24 -36 -50 47 65 32 76 -35 -73 67 -10 44 20 -27 -61 -59 -51 44 -20 56 -82 81 71 
44 99 18 -17 8 68 70 -60 -7 -4 51 100 -6 52 -40 -69 25 11 81 -16 -26 -1 -17 -80 -47 32 22 -64 78 -96 74 20 -24 83 35 25 -6 15 66 58 61 69 -98 49 -93 25 -75 90 54 -99 -77 85 -58 -98 -43 -83 -75 97 43 -2 60 -49 100 46 -2 80 -6 -76 86 24 -90 -2 0 26 56 -74 27 -22 -10 49 71 46 67 6 -92 -24 20 -99 35 -10 -96 66 76 -67 -84 -13 -99 -57 38 -51 50 -72 88 43 51 35 -44 5 -39 33 -48 
22 -61 -98 -75 -100 -78 -48 -45 -76 83 69 31 67 -49 39 -32 59 -46 79 83 -93 -7 -25 -76 -82 37 68 -83 48 -30 -2 -69 -21 -78 2 13 30 -30 87 -1 -85 60 42 65 -64 -67 -45 9 48 98 -47 -7 52 50 -29 -92 51 78 -15 -34 53 -80 -37 -70 19 88 44 93 37 -1 -48 -73 39 17 30 62 95 81 -61 72 -67 14 68 -45 -27 -100 59 2 7 -28 -42 -71 -97 81 83 -87 -14 -11 63 26 -22 98 22 -48 -12 -31 22 98 -43 79 9 
-1 -7 -22 97 -78 -63 67 -69 -28 75 -15 -59 65 55 -49 50 9 23 45 90 69 10 -95 50 -92 34 6 -42 -44 84 -66 64 -24 26 -74 -9 -46 -39 -2 69 89 -44 -11 -6 -69 -61 86 -46 -33 -32 -96 19 67 28 -22 42 97 8 -9 -91 50 -93 -63 30 -21 11 -36 -39 82 43 18 -35 -21 80 16 99 95 48 42 -19 -92 39 56 -18 -60 17 32 82 -78 49 -40 27 17 67 -53 -19 67 42 40 -47 -35 -34 -80 -63 49 -46 -76 -74 87 87 -28 
-98 68 -38 63 23 28 4 -56 -66 -6 76 64 -57 43 -100 53 39 -60 -18 52 68 33 24 35 13 63 -4 59 6 -11 6 -2 49 -28 32 -92 27 66 66 -71 12 58 -26 -96 -2 -83 58 11 41 51 12 25 74 -48 7 -77 -3 93 10 -68 -22 71 -97 76 27 37 21 -91 9 -27 95 79 -26 -56 18 -29 52 61 67 0 -56 -77 39 -73 54 -12 9 7 -17 74 -28 59 -37 -89 58 39 67 -27 -80 -66 97 -75 -32 72 28 8 44 -31 -64 -59 -86 
7 51 74 -9 99 -45 52 -41 -24 -17 24 89 -4 13 16 -77 -61 75 -81 -67 0 78 -65 -77 -58 -37 -29 -83 40 90 55 -55 27 -97 46 91 -38 -82 -85 9 24 49 -20 42 45 71 66 -80 -89 47 -7 92 -81 42 -28 43 -66 0 18 48 89 75 98 -40 -2 71 44 1 -83 -40 -11 52 -33 18 -11 63 -37 -77 23 -77 -66 -45 56 -23 23 37 32 -17 -49 -38 -15 98 95 40 -93 92 49 -56 83 4 54 -15 1 -3 -9 -47 -77 -47 -30 3 9 
-1 -82 -10 56 25 87 -84 54 -20 38 9 -45 -5 24 2 38 -25 81 -29 79 4 88 -99 43 -76 27 -1 -54 20 -62 83 -62 -1 41 -88 29 -29 -18 9 36 85 -24 -98 52 -21 -13 82 59 47 -90 6 -85 -96 -60 21 -23 45 6 33 49 15 -93 -69 84 -8 54 -62 31 -67 -19 -32 -56 26 95 28 -71 7 -13 -44 -62 -60 -98 -2 0 -24 -75 50 -12 93 -99 -5 -56 40 90 2 90 -92 94 6 -27 95 -62 -97 71 -85 51 -1 -78 -9 -27 14 
-54 62 -92 91 -61 -17 -26 -75 68 -28 -10 97 -18 0 -40 77 64 -34 57 -8 96 -41 -29 -63 38 68 -73 -79 -66 -98 81 33 -53 6 93 -92 -93 -46 88 46 36 35 -50 -85 15 -22 68 57 -71 71 36 -41 88 70 -80 -56 54 66 43 83 -66 98 67 49 -93 51 74 19 -14 -82 -93 -22 40 15 -62 -78 37 -92 -5 55 51 87 70 -61 -97 -59 -36 -81 -45 95 43 -43 -1 -87 -98 59 -5 -42 98 61 49 -20 -31 -70 98 -63 -53 36 -23 15 -13 
-76 56 -16 96 -33 70 58 48 19 -88 -36 38 90 11 40 43 60 -56 -14 -26 -39 8 62 38 -7 67 97 87 -84 -33 -47 74 51 1 -86 22 -10 31 -13 33 -7 65 -92 -73 -18 0 3 12 -79 -39 13 -56 -80 -86 78 -46 37 -44 -52 5 -65 4 -82 -33 -20 -73 -48 -92 -78 -94 9 -93 32 -88 70 83 -81 90 36 -87 -51 -2 -75 -81 -77 72 -65 76 97 -88 -80 -19 32 -55 -100 -48 100 -50 68 -90 -65 -32 60 57 -95 9 56 -54 100 90 48 
-43 20 -40 -37 48 82 90 70 81 96 -48 -52 -49 -3 100 -84 -5 -38 55 23 -78 -57 35 -12 4 -77 91 -12 0 96 -3 44 -90 -78 40 36 -10 -55 70 -8 -90 12 17 -32 -86 -51 46 -76 100 -29 -91 -60 5 12 -63 83 -84 -24 -94 -30 6 -24 84 84 -34 -84 85 -11 95 97 70 -70 -74 96 27 87 -29 -24 97 32 -14 -6 -2 95 -4 77 -46 55 -84 -44 -95 45 -98 5 49 -8 34 85 27 -8 -85 13 -56 86 -97 -95 53 -88 80 78 -56 
24 -35 38 16 86 -40 78 -87 -2 16 -43 52 24 -15 1 10 14 100 -34 -33 84 -66 -33 -15 28 46 -33 -62 18 65 73 4 -16 -27 19 28 -24 23 2 64 52 -85 -97 -95 14 -17 30 55 65 10 33 -40 80 27 -64 -84 -44 81 45 -9 98 -23 -45 -22 -98 -79 -70 -47 -85 42 2 -85 93 57 -91 -12 -2 -25 -98 29 -19 68 -8 0 -59 32 -44 -2 48 -23 -75 28 19 65 20 28 -100 -6 54 -100 -30 13 -42 50 -79 53 12 51 26 -45 -93 
-60 58 12 -21 66 12 -34 -17 -65 27 46 76 -20 23 -59 27 -34 -87 -88 -74 -66 5 65 -27 50 -11 -28 43 38 -42 -21 96 52 48 56 86 -35 -95 -65 50 47 18 -91 66 8 -98 67 91 51 -16 2 47 94 59 -63 -79 -5 65 -52 17 -51 -82 66 -50 29 -61 -1 74 -67 -86 56 -70 -63 66 -95 4 -17 -4 77 68 -49 -90 -84 -12 -12 -81 94 -41 -20 91 88 -36 98 -2 79 68 35 45 66 17 33 -21 55 -6 20 -1 12 41 11 -100 22 
-45 -29 58 -20 -48 3 -93 -69 57 -3 30 7 -75 -38 16 -36 16 33 -23 58 -6 -84 -35 -11 -23 65 54 54 43 38 98 58 89 -59 20 71 73 -31 -58 58 87 45 -1 77 -9 94 -59 63 49 -72 78 24 49 -78 4 51 86 77 91 28 -71 -5 -92 -7 11 -89 -44 29 19 -44 -20 73 78 98 52 -69 10 -88 61 -65 8 -31 82 15 100 -99 -50 -75 -31 56 75 -32 -75 -31 4 -9 35 74 16 10 -5 -26 75 -27 34 51 -13 -8 30 -47 12 
-38 80 41 96 -61 77 67 -8 45 -73 41 97 75 -66 70 -4 74 22 -71 -57 -95 37 -11 67 -46 65 78 -38 8 -33 62 65 99 79 20 -99 9 -53 79 85 -2 -16 -67 58 27 75 66 -69 87 -89 -63 -32 64 -90 -31 -56 -16 31 17 -65 -46 -91 -68 63 61 -50 66 -72 87 -27 1 30 -72 -53 -47 -1 18 -67 -74 -79 64 -83 -46 -71 -21 51 26 76 -67 -50 63 -44 3 -13 -51 -34 65 -7 -77 96 -77 -87 88 90 41 86 73 -12 75 -61 -76 
78 -51 66 9 90 -26 -92 39 -24 66 -75 91 -14 52 37 66 -39 -100 98 20 -72 96 95 54 -13 -3 -16 38 -46 -5 -54 -8 -81 -80 -91 -79 -87 5 -17 -68 -68 41 69 90 -77 71 33 -9 7 56 61 13 0 -66 -12 -86 40 71 81 -86 82 16 -58 -48 48 -26 -20 -50 61 65 -35 -67 75 32 13 -30 -48 -94 57 -83 4 18 -37 -8 32 5 -48 -40 -59 90 73 25 -55 -40 14 86 92 -94 -84 85 28 -50 -81 77 47 96 -89 -11 95 -82 -13 
-56 61 91 -74 -74 -21 72 27 59 -35 -13 0 -96 66 -92 89 84 69 60 31 -30 57 83 66 44 -26 66 -26 -56 44 51 -23 54 -78 77 73 13 -74 75 99 81 -83 93 -93 -51 -4 -59 -13 -62 -35 12 -99 25 -50 -60 -89 3 -61 91 100 -69 45 48 -44 -71 -9 -70 -24 -22 -34 86 65 -40 -80 81 -70 -12 -19 -25 -59 -43 85 33 -93 -57 -10 -4 -71 -74 -57 54 -69 -13 7 14 -90 -26 71 -76 -35 -76 85 21 -30 -69 -15 -93 -44 -55 -100 -47 
-66 -19 14 34 -22 -65 -73 -35 -67 66 84 -67 21 -23 -34 45 95 -27 1 -63 -44 -14 -65 39 42 38 68 -93 -84 -81 34 80 -98 60 57 -66 -3 54 14 -92 6 -52 10 92 61 27 -25 -75 -79 -95 11 -95 47 23 -88 -1 46 -16 70 -21 46 -85 -38 77 55 42 40 70 69 12 -38 48 -89 -17 -44 59 -78 -1 97 38 81 -96 65 96 46 75 -26 -54 45 94 16 24 75 -66 -72 -39 63 24 26 19 31 85 -57 -17 -72 -9 -7 -55 21 64 -24 
82 -10 8 23 -9 48 -42 -96 12 -79 21 -20 85 -52 -89 -50 -44 59 55 15 -28 87 54 -87 -24 4 -6 55 -5 -26 -88 13 19 17 69 57 -55 -95 74 -74 -11 10 22 -68 -68 65 -70 -9 30 -38 53 -62 17 -65 -68 -19 -70 -17 -79 98 -77 97 14 14 68 41 96 67 -37 98 -1 -37 -26 -61 -89 42 -57 -53 18 16 -99 59 -18 -56 -82 -83 -13 1 -6 -92 -17 -78 45 37 -31 -59 -23 83 -94 5 80 81 -4 40 -66 -15 -56 2 93 -19 -81 
24 -15 -89 -9 -66 -91 59 34 12 -44 41 65 28 23 -53 -47 -48 100 -25 -33 12 26 59 -93 -63 90 86 -65 -49 27 46 -40 15 2 -79 -50 -70 37 -70 -10 90 13 15 -30 39 82 98 10 23 94 54 -14 -3 49 -34 65 86 71 -40 -8 -81 48 100 -19 15 81 76 -31 51 -38 -47 45 9 -21 -54 -94 -45 -78 -76 -18 -33 75 -21 50 -17 61 -22 -70 -38 43 50 -62 -20 42 -42 66 -46 63 37 97 -41 -43 -68 -16 -86 25 37 56 -25 -93 68 
90 -55 -52 -63 8 -96 -11 -12 60 -73 -96 -47 -90 21 -96 90 -63 53 -85 -24 58 -68 -24 67 -10 98 -50 26 -61 1 -50 1 -50 -92 38 78 56 10 63 47 45 19 -48 -7 36 -90 20 -7 -54 -5 41 46 77 -7 -92 51 -11 -63 88 -8 -20 -45 21 -59 0 40 -7 -37 64 70 -1 -57 -75 -29 21 68 -73 49 33 -8 36 -78 84 45 -19 61 -47 3 78 40 94 3 -13 88 -92 -92 -57 -24 53 -30 -48 -56 -77 22 81 8 -64 36 32 -40 -27 
18 -14 -85 -97 79 -8 27 42 -78 94 -97 17 -43 -96 37 100 15 70 -66 30 -6 -32 -100 -10 7 92 -44 1 100 -76 64 28 4 -4 92 81 2 99 90 15 40 70 23 56 -17 -70 42 -37 45 -66 -94 -1 9 47 42 37 -87 -12 28 -12 100 8 41 -92 22 93 -9 44 65 70 62 59 38 -71 19 -7 -76 -58 100 96 26 67 -27 -38 -12 39 -65 43 -50 55 28 14 -79 -74 -70 -22 79 19 78 -70 -12 -57 47 41 -85 66 -85 -82 91 -100 -79 
40 35 -60 -26 67 10 21 -47 -36 31 -69 25 73 16 13 -33 9 -98 -87 -66 62 94 63 33 -95 67 -87 34 30 31 57 98 93 -55 -83 50 -53 92 5 62 80 14 21 -92 -44 -30 9 6 -94 40 -92 66 68 61 -22 -50 71 69 -98 36 24 -20 -64 95 95 10 -45 52 -78 -95 99 75 -40 -2 39 -3 -26 -49 25 81 72 51 -32 50 -44 -56 8 57 28 23 7 41 -94 37 -22 75 -79 89 39 2 70 72 13 -48 -51 -44 -81 -9 16 -52 60 
50 15 -46 56 97 92 -42 59 80 10 2 19 32 -91 100 100 38 -65 -49 30 -11 -60 78 59 19 65 72 67 20 -87 -64 21 87 67 -31 32 -49 -74 -71 -50 89 41 -39 79 90 -40 36 21 -58 50 88 -20 13 -77 -69 -94 -84 18 -94 -86 38 -7 88 2 90 43 20 -68 61 -26 69 63 70 13 47 71 21 64 72 7 -54 -41 -12 -25 51 -66 94 20 -59 51 -19 25 -28 28 62 -91 -47 99 -73 -61 84 -4 99 -24 -60 -97 -76 -68 -43 93 56 
25 72 20 -74 -70 36 -93 -22 13 -44 86 81 97 -52 84 -20 -58 -49 43 17 7 59 82 66 86 -93 10 -50 73 -1 82 -61 70 -47 -95 -82 -26 61 -35 4 81 85 97 -76 17 88 10 40 -72 77 89 -45 -96 71 86 -50 -88 66 -79 -90 5 -15 -12 -60 2 93 -92 -67 84 75 -17 -51 94 91 -1 10 -81 -21 -73 14 14 54 65 68 58 -75 12 8 37 -3 -85 65 45 -97 -3 -33 54 -37 69 30 5 -79 49 -90 -21 80 6 78 38 12 -38 
-75 -49 51 65 -24 97 -84 -41 15 82 -98 -57 -54 -36 -21 49 -69 -52 -90 47 44 -75 73 95 -34 -92 -7 94 38 -38 -57 -32 77 97 -86 54 65 13 -39 -53 46 11 87 83 -86 70 -2 14 63 92 2 -26 50 81 -63 -10 -9 15 -35 -98 -77 -57 -28 9 94 -94 -92 -34 -79 -25 70 28 -53 -18 30 84 27 -71 69 -17 21 -83 33 1 -26 20 -22 -47 -18 37 86 -68 -85 50 -98 -29 72 92 -31 10 -95 95 -16 -42 48 66 6 82 -95 23 11 
60 55 -84 -80 -84 -62 97 -49 18 32 24 65 -70 30 21 58 32 -57 -84 68 -40 42 52 -97 17 -78 65 -60 -48 19 -1 33 -35 -91 -42 62 19 98 71 -46 80 58 73 54 69 -20 -71 87 65 43 -38 -54 -89 -8 -71 81 -68 -18 -92 67 -15 -34 0 -59 -53 -64 54 -79 61 -40 -59 -56 -14 -15 -71 28 -81 6 -19 -29 -99 100 87 -53 -80 97 48 4 -4 -86 36 -80 98 23 44 85 54 -15 -40 44 -14 -98 -14 17 13 -11 -33 -85 17 -24 -75 
-28 -70 17 -64 -80 -100 47 16 -60 56 -35 -42 -72 -32 38 23 28 -49 19 -75 89 -98 -87 -73 -48 -62 30 92 38 63 -94 -42 -18 90 90 -33 35 -84 87 26 -73 21 12 -36 -6 -39 -52 11 69 -30 -49 71 88 -58 41 -38 75 -65 56 -1 -43 33 51 36 65 -34 -97 16 58 -72 32 15 28 -34 -77 -48 22 -80 -65 -7 -73 91 54 19 85 51 13 -80 -66 -64 47 -16 25 8 -93 -76 98 -23 -79 24 -17 -27 23 -71 -35 -61 -81 -96 34 99 -94 
41 77 -52 -62 63 -11 71 7 26 -61 -2 25 44 -65 -85 56 63 -44 58 9 -87 -9 67 -7 93 -12 -37 -88 -16 -12 67 -85 70 6 37 60 68 62 -92 0 95 69 47 -44 73 45 -46 44 -35 -1 -64 -66 -80 0 -19 83 -15 68 -46 5 83 77 54 58 -57 -85 -67 -48 -25 -28 -15 18 -13 91 22 70 -35 32 -88 -31 87 -10 -38 -32 -69 -3 35 4 28 -45 78 -93 36 -19 -90 9 3 -52 -83 67 -11 31 27 57 -58 -53 -56 -31 57 75 -24 
5 20 -16 -78 -46 -86 17 29 -98 19 -60 61 -80 -10 -41 -40 -21 -4 -1 -92 -92 60 -57 92 -87 15 10 -50 -95 -85 -21 -11 70 65 34 6 -21 71 42 78 81 87 -81 61 42 -13 -18 -74 69 -17 70 0 20 -2 -55 -27 -18 50 91 76 51 -72 64 42 46 -22 75 -79 15 67 10 -6 11 84 97 -19 78 99 -90 40 -63 43 -58 19 -38 44 -47 6 63 -91 -25 -25 81 45 -3 -34 -17 -61 -29 44 7 -57 -65 68 -93 5 -33 35 -72 30 70 
-25 -77 -49 -99 22 98 -34 100 96 -68 84 21 86 -52 45 -51 9 -38 1 -60 74 42 58 -61 97 -7 97 21 74 40 27 9 74 -71 -37 -25 71 12 55 -22 -13 86 -97 65 18 -17 33 -63 -37 -66 56 -99 79 -100 99 99 14 23 86 -23 100 72 47 65 -20 2 -31 -74 -5 45 7 85 73 27 42 -97 -96 73 -97 40 -25 -25 -60 81 -6 -1 -21 -3 -34 -46 49 -51 49 -23 82 56 -17 -15 -49 64 -66 -43 52 -43 32 -60 -38 29 -80 63 73 
99 9 -37 -53 -43 -99 16 14 47 -13 -31 -43 28 59 59 53 31 60 63 12 43 -83 -89 67 -87 -93 -90 62 -57 55 -95 92 52 -8 78 82 -33 20 49 71 18 21 52 -88 58 -1 -19 -51 -49 -79 78 8 -1 -35 28 -18 46 -22 16 55 71 61 63 -80 95 -89 59 -75 31 -69 62 -4 -19 -52 57 97 -80 -98 -93 96 -19 -23 90 8 73 46 -89 -70 -49 96 32 52 1 60 -90 -62 69 45 49 -57 5 8 16 -67 8 6 -60 -26 19 92 -5 
8 98 30 -46 46 -3 -15 -89 36 -20 32 -5 35 88 -34 -41 -90 92 42 -54 95 59 29 -8 -3 -57 -44 87 -92 66 62 -29 -22 -85 -45 1 5 98 88 -62 -62 -88 95 -13 72 -34 -78 -93 39 4 41 77 -59 -95 54 82 50 -24 4 -71 -77 -82 -80 54 1 -5 57 73 52 -48 72 -86 -28 6 -60 -26 82 -18 -100 -25 -20 8 -69 94 -87 -72 -79 -67 -64 -13 69 39 -70 78 -85 15 81 48 -50 19 -59 -50 99 -55 -83 22 -83 19 -14 -6 -85 
-88 34 81 60 -61 15 -40 69 69 16 -11 -56 -55 -45 -73 29 37 -79 25 -65 52 -76 -78 73 -37 9 -81 -4 -4 10 78 -43 -57 -93 72 27 -20 -13 93 27 100 49 5 -30 -77 -68 35 13 2 -45 -35 34 -100 82 18 94 91 -77 -66 -16 -67 26 59 82 -65 2 -25 -26 -92 -83 50 -29 -92 -62 -71 37 19 -14 49 34 -12 5 20 78 -64 -94 55 -33 -17 16 17 -15 -50 -13 -50 -80 -56 -88 44 -83 73 53 -57 -88 -60 28 76 -45 90 -6 54 
-39 -62 -72 36 0 -64 -86 61 -77 90 -56 -84 81 -21 -88 14 -1 47 -33 19 21 11 -89 -11 39 -44 43 70 11 78 82 -29 71 -9 -2 -33 -16 -76 -52 41 -50 -13 31 -88 -88 80 -90 25 -21 -5 -82 57 63 -79 -56 53 -3 -60 -4 -84 78 -95 40 -79 -74 -17 -33 91 70 4 66 -10 66 86 -81 98 88 36 -5 18 -46 54 -78 -32 44 94 -59 -94 26 -72 91 -36 21 0 -56 -72 48 61 22 -40 -95 58 -83 -76 28 18 28 63 33 2 -45 
79 -32 61 80 -43 -8 62 -95 -77 -24 84 29 -99 9 91 -19 42 40 21 59 -94 19 -7 15 -87 -82 79 73 -76 19 20 -99 23 38 -18 5 -23 49 72 52 -28 -11 -54 70 43 -38 -15 -28 -63 -36 100 12 -27 27 66 -69 -72 -30 -85 12 -39 92 -54 28 -86 -45 -29 -34 -78 12 31 80 5 54 81 -4 96 -38 68 -75 -52 -25 49 -51 -41 -35 84 41 -60 -33 67 49 36 69 47 97 74 -62 34 95 -1 11 65 -70 -3 -72 94 83 -25 0 -68 
-83 29 -12 -89 16 39 10 91 0 88 -17 41 59 87 -62 -3 -14 -16 -93 -99 -84 -22 28 51 52 -78 -60 -93 64 -57 28 -74 3 -74 30 24 1 -61 16 -8 10 94 57 5 24 -6 -68 60 13 -28 -86 48 -84 -20 -90 17 -92 89 45 42 60 -53 59 -12 -82 59 -50 -70 50 47 -51 53 26 -52 38 -41 85 21 43 -44 -82 -56 -47 72 2 -65 79 -84 -49 8 66 -40 5 -20 -83 -55 98 -8 -70 19 -47 -26 32 32 92 96 33 -80 18 -19 73 
74 -18 -100 64 -26 -34 83 18 14 -26 71 100 -72 -22 -56 82 -49 39 -81 49 -37 74 100 -63 -52 27 -68 -84 -8 -87 26 -25 63 39 -99 21 -52 99 91 79 2 -69 -90 95 -30 -16 42 81 -17 -11 -55 39 -51 -96 70 47 -70 84 -90 -10 93 -19 -40 68 -27 37 60 -33 64 -63 65 -2 -27 99 -80 -4 -45 95 5 -10 88 -30 71 -36 95 -78 31 -50 -56 -88 57 15 -75 -84 82 53 -23 -8 38 82 -35 27 -17 -17 29 93 58 17 -75 39 7 
72 -26 -28 -21 26 -93 5 10 62 62 -57 42 33 -2 33 -56 54 -70 -24 -29 -10 68 65 66 23 90 -74 59 21 -52 43 -74 68 -35 -3 -22 41 -2 -92 -11 85 98 -76 21 -86 -62 11 43 0 77 70 92 -42 8 -98 69 53 93 83 82 39 -84 -64 29 38 -7 68 47 -43 -91 56 -81 -13 -5 -66 62 -48 -86 65 -70 94 -66 85 -63 -59 -98 86 -34 -50 46 72 13 43 -25 41 -52 50 -52 77 21 -69 19 29 83 70 -73 42 -92 65 -62 21 
-51 -37 -79 -3 100 -4 -45 0 -43 40 -92 3 59 99 38 37 48 66 31 13 -49 -54 -97 28 93 59 98 -56 -21 14 88 -86 -52 0 28 -80 68 8 -27 4 4 -33 39 91 35 -66 33 -91 -20 28 -50 75 -51 -53 -32 86 -61 -71 56 -99 94 -78 56 -49 -42 -58 -34 70 -46 42 36 74 57 -62 13 -22 10 -15 -3 -29 -40 -7 80 -44 -8 -41 -54 41 -71 -40 -91 53 -60 -43 -86 -11 -85 25 -35 70 67 -11 -36 -75 51 -15 -89 -52 34 98 40 
-89 -94 16 5 -26 75 -22 17 74 19 16 60 -27 19 62 11 -75 -19 41 -48 -36 -28 97 -49 -97 -61 -15 -19 -10 69 -29 52 29 93 31 83 -84 -78 93 -66 -50 -14 11 74 -34 80 -93 32 -88 -88 62 -27 -45 87 98 -13 100 4 62 5 -37 22 -49 -4 -60 -51 30 95 86 -1 23 -76 -75 2 -98 85 100 80 -58 88 80 -13 -81 51 54 78 -85 53 -63 -95 -13 59 -32 57 11 -62 -89 1 -55 0 5 22 -46 3 -42 92 -86 -20 18 -61 -98 
27 -22 -36 -47 81 -41 84 -25 98 -71 45 72 17 -43 74 -61 -96 33 89 76 -53 27 -74 -23 -44 77 85 90 69 -93 21 38 67 -18 66 -37 -79 -59 -6 -67 91 -41 -20 -50 -49 -46 -32 -46 -67 -2 26 -38 -20 -95 -67 19 -63 21 -79 -30 -23 31 -52 30 51 -82 86 26 11 -87 0 69 64 35 50 3 25 -82 47 -57 -97 -61 -98 61 93 -36 74 44 -17 -72 32 19 35 -80 -98 -15 27 99 63 20 87 2 -98 96 -83 63 51 -69 -21 -34 81 
11 62 68 8 21 -54 -21 8 86 94 36 35 100 89 -14 -37 -27 -51 -69 -6 20 -19 -50 -3 -77 66 -7 -28 -43 72 79 64 12 15 6 -36 52 76 -87 3 99 -20 41 0 61 93 -14 69 -16 -95 85 59 89 16 87 59 4 -92 90 -66 -10 47 82 -90 -9 79 43 -80 100 -99 65 64 -1 83 -25 -71 -71 46 -90 -23 -69 9 79 -23 -5 73 10 -41 75 -66 73 -15 -40 16 -99 57 -99 47 71 6 -91 43 -43 9 -34 46 -72 17 100 97 24 
39 74 -76 82 31 80 18 96 -72 25 -55 80 48 17 -81 38 46 97 -94 -57 -40 1 -15 -45 -89 -63 22 -56 54 -8 -63 -23 83 -62 -42 35 27 43 -49 -80 3 -78 -78 0 34 47 -8 82 27 79 74 -27 46 28 36 69 -24 -84 80 -35 80 47 80 -77 2 -44 77 -71 -37 34 5 -96 75 60 -94 34 -6 61 -83 33 82 87 87 45 -93 -51 -99 -20 -14 14 -10 46 30 -58 61 -91 56 2 -61 11 -61 62 -32 -72 6 -47 26 -79 -49 -6 -18 
-87 -34 37 -90 21 17 89 44 59 -12 18 72 65 12 -98 87 -86 -71 -5 -79 91 25 55 -36 59 20 -26 -71 -9 59 79 70 -54 77 -3 -53 -90 42 -50 -94 3 -6 84 -46 59 -5 74 49 -87 96 -45 35 -21 -32 46 53 6 42 77 -24 -63 41 28 3 12 37 -28 -86 80 -76 -23 -25 -80 66 55 61 58 -73 40 -20 46 -52 -80 -51 -17 13 53 86 34 65 -99 76 -38 -30 -57 29 -24 10 21 27 -71 22 -86 5 30 -75 16 -98 81 55 -40 
-6 -96 79 18 12 -82 2 37 -66 -91 31 -16 -65 -3 -36 86 53 -46 72 79 94 12 -44 64 -14 53 98 -43 -55 -57 -78 -4 50 -73 -22 -2 58 36 -50 3 20 -52 17 42 14 -64 -25 65 56 -69 67 64 -33 -34 -20 93 -83 -20 -28 36 -60 -74 40 6 -45 -38 31 72 80 -31 -57 84 20 1 -47 56 -34 6 -1 -54 25 81 -72 -54 22 -10 -99 90 77 31 -99 -7 -33 99 -39 -70 44 34 -68 11 84 43 6 62 -24 -56 -65 38 -36 89 -26 
-27 7 -14 -29 -6 -37 31 -74 71 -50 -77 17 69 54 -98 -12 -99 3 87 -48 49 4 52 -44 -26 80 43 -76 41 -52 -10 53 15 78 8 60 -20 80 15 -52 -72 99 1 -15 74 50 50 89 -63 54 23 71 0 -46 44 -31 -45 -99 -14 40 -45 -95 -93 64 -84 90 -44 91 21 -73 -52 -30 -65 88 71 -73 53 -20 28 32 7 -2 23 11 78 -12 -58 -23 17 -95 40 86 -54 -22 36 42 33 24 6 1 77 -54 50 21 96 -34 -68 -22 18 -49 58 
48 85 -33 -90 -65 -74 -52 -46 39 -84 11 14 -74 30 48 34 3 66 -18 -75 49 -73 70 -94 97 -59 38 38 15 -40 92 -72 -3 -21 -78 -3 -49 -97 -82 22 -66 49 -25 6 -4 -12 8 76 -64 -16 -74 -64 -40 16 -41 -34 2 -18 -55 -18 -81 -15 -16 16 -36 -52 -69 20 -75 -66 21 19 -70 -3 88 -42 0 24 -45 60 86 92 -41 -6 55 67 -65 1 64 100 -53 68 -89 86 -4 91 68 80 73 14 -95 5 -33 -72 -70 42 -72 -63 -46 -95 -32 
-98 10 -19 8 -49 31 -86 33 -98 -100 94 45 71 -35 69 -59 7 -62 73 31 79 -47 -65 -8 -78 -65 36 -11 28 -30 48 -98 -57 23 -58 38 86 -61 70 56 -47 6 -76 24 -90 -2 93 44 78 13 30 69 19 80 -13 -41 72 -7 35 59 -49 -81 -62 36 -18 -39 98 -21 63 9 -12 -54 -69 -58 -45 -29 -22 -53 46 37 31 -47 40 -74 -10 52 -48 -61 9 -96 91 -81 47 -96 93 -80 30 43 44 -71 -34 10 73 67 87 -49 -7 76 -28 -93 30 
-47 -44 -76 -12 -78 -84 42 -21 -45 68 79 65 65 81 0 -87 80 -11 89 -76 -82 63 -23 86 36 100 -32 28 -2 90 -88 -52 -37 34 47 -5 -45 -40 -100 75 -35 -25 84 34 66 64 -49 23 74 47 -1 6 -45 -72 13 44 82 -84 -95 71 63 -25 -20 -55 44 92 -84 37 -27 -37 28 98 96 -21 -52 76 69 45 52 99 -96 -50 -66 -66 76 16 52 24 3 -83 45 37 -55 18 -49 93 -97 -92 -9 -5 45 -8 11 -73 71 16 -33 56 42 70 18 
-63 -63 -53 -3 -4 82 33 -91 39 -65 -98 -58 -60 5 25 -13 81 -68 94 43 -69 33 9 11 22 -51 -79 99 -73 95 -86 96 -32 -83 1 87 -40 -21 59 39 -57 -11 70 -8 15 27 75 61 68 -38 -46 -13 -93 -11 -12 -27 3 90 34 -85 41 -50 -21 16 92 -5 76 -21 -29 -45 -29 -32 -98 -67 -91 -91 8 61 -49 15 66 97 43 -32 -89 -61 -89 -21 32 -63 -71 58 -81 -49 8 -16 26 4 -48 -1 30 -41 15 5 -23 56 37 -84 3 56 -86 
55 98 6 48 76 36 -10 -35 -29 56 89 -85 80 -8 -98 73 66 -26 94 97 17 -79 -86 31 -36 -5 16 92 -51 -44 -40 -53 13 82 45 -91 12 24 -70 -42 78 -45 -36 90 98 -14 -2 -67 -100 97 14 78 19 26 88 -30 -38 -27 30 -73 -36 -31 -43 -13 97 -51 -80 -70 2 -3 -45 91 53 -96 28 -83 -58 -67 -99 -96 22 -43 -89 78 28 36 -2 -21 -57 -75 39 23 -75 70 61 -65 -46 -69 -99 3 95 14 -23 -99 -84 33 -46 -73 2 40 98 
-95 -100 -74 -35 -49 -22 47 72 -88 12 -14 17 25 81 -64 57 -47 36 72 70 -100 -47 62 -34 -86 17 5 -13 -85 22 60 94 -32 -4 -96 95 -61 98 16 35 62 1 50 -40 9 21 -78 4 83 -45 -73 -44 18 -47 -81 -74 -42 85 -55 12 -80 -100 39 -98 -82 -22 100 4 -90 -54 83 66 80 52 -15 -85 -58 85 -22 72 -42 13 -20 -70 81 50 62 -50 85 -86 83 -47 -36 86 61 72 -72 7 86 -4 -26 -91 -38 26 5 70 76 -58 43 40 -28 
-5 39 -89 -59 21 -94 17 -16 -41 -81 -17 46 41 -41 -83 -38 41 -16 -61 9 -70 70 -1 -43 -3 80 50 66 -94 -1 8 -37 -35 -20 -22 16 34 32 -99 -38 -79 -97 -45 21 -37 74 -73 52 -100 -82 35 19 -62 -83 2 -26 -44 -14 -28 -58 19 37 -74 -81 87 82 94 13 -44 -100 -54 -64 61 -29 -35 -87 -81 30 -73 -1 23 79 -58 4 -10 5 48 81 49 -91 24 77 -4 48 93 82 -33 75 65 -89 -87 97 -68 -65 -67 -36 37 72 72 -6 10 
70 51 90 -61 -44 75 -66 -31 2 58 21 85 97 20 -38 48 -65 -21 -75 60 25 3 -91 -65 -31 -95 -65 -60 15 -4 -93 -70 95 54 -40 -55 85 21 49 29 64 62 49 40 66 23 77 52 19 3 94 -66 71 30 -62 9 -42 92 -60 -74 -26 75 12 64 -75 44 34 -7 0 -69 25 92 -77 92 5 13 -3 -36 -4 -66 -56 36 45 25 38 -70 71 22 -9 -2 13 46 -69 -4 -40 -18 21 62 37 22 -83 68 -55 61 95 -63 -41 -83 -23 -67 61 
-2 -1 90 -34 -22 12 91 57 -16 64 79 88 10 32 43 -31 -94 -19 -35 -86 27 17 -58 32 16 -28 -63 69 85 68 -45 -56 90 -82 54 -97 -53 -9 -52 12 -34 -8 86 46 23 -10 37 67 41 -1 -9 11 34 17 -92 -83 -92 -19 -77 -1 -96 -29 60 -12 -74 36 -58 83 82 70 99 -93 -41 -86 -5 66 7 -87 73 -72 68 75 -72 56 -70 24 12 70 58 -10 -50 -46 -52 -27 6 -91 -50 -6 -95 59 25 -92 77 39 37 65 74 44 -41 74 -42 
99 -21 35 -48 -78 69 78 -9 -45 -88 48 -63 99 -97 0 -78 91 -83 -48 89 -98 7 -33 1 -61 -52 -70 -87 16 90 -49 -3 14 78 18 70 4 77 83 85 61 57 30 -23 -60 -13 2 -95 -61 29 -11 -65 -88 -47 29 -66 -34 -84 -11 64 -38 -53 23 19 -43 -48 -27 38 -86 43 -69 -64 52 33 -92 22 100 -27 51 80 41 -4 58 -97 15 80 -61 -41 -64 -35 -71 -66 100 73 18 61 -40 25 -44 -15 -5 4 -91 -29 87 -44 83 -15 43 100 -85 
66 71 -55 41 -27 88 52 -64 -20 -22 -91 -13 -60 58 -52 -29 -54 -63 32 11 -98 -43 62 55 99 -83 -100 37 57 4 -15 98 10 7 -43 44 -47 -79 43 33 76 86 -35 -14 -81 6 60 51 58 73 -85 83 45 -70 -98 -10 49 -49 -71 -96 -97 19 -16 2 22 49 40 53 -93 -39 94 -39 32 -9 -77 -71 40 96 -78 74 61 -63 -95 -28 1 -15 -5 -46 91 -7 -63 10 23 -57 -7 64 -67 81 -49 -21 50 25 -24 -97 84 41 2 99 31 18 -45 
50 -75 -98 6 74 16 -24 83 71 -33 54 -62 68 -70 90 -5 -44 -54 -98 91 56 -24 10 7 41 30 -66 54 62 10 23 23 63 -53 -59 -19 46 94 -53 17 -100 77 -15 29 -91 2 99 -85 8 -34 -49 40 85 -82 79 70 88 55 -34 51 -28 77 45 -13 32 -89 -71 -11 31 43 16 -69 45 66 -19 -16 -83 -100 71 -96 -94 76 -15 -61 -70 -35 -80 32 -57 78 40 -65 42 50 54 -98 -92 -91 67 63 -61 -41 -84 -98 -22 18 -92 26 37 -89 42 
34 56 -22 -90 98 59 81 -94 19 32 -89 -25 88 -96 -71 -95 -56 52 47 -33 -2 42 -54 71 4 -81 5 3 87 94 -92 16 -22 18 -100 76 -60 -11 19 -91 -57 -48 -10 -6 9 39 -100 67 25 45 64 12 -69 36 74 19 -5 4 37 -5 -12 -9 -26 89 49 -39 58 3 46 -80 48 -74 -75 -69 -41 96 -67 -1 -47 42 -22 32 -20 -83 -27 49 81 29 11 -22 -85 92 66 64 58 30 18 47 19 -59 -86 -69 -83 10 85 18 97 -41 43 96 -94 
-80 0 4 -36 27 41 79 -47 -33 78 1 46 -42 58 9 -63 -91 -51 -85 -49 -48 -66 -91 -22 -2 -38 42 -75 92 66 -19 -10 -68 55 54 -72 -100 -63 -74 -91 -10 80 68 -51 -11 -7 21 13 32 -89 15 52 -31 -34 45 -90 15 17 -37 -29 -4 76 -2 -17 -81 76 73 -67 -55 -20 -48 -98 -39 11 -11 81 82 89 -87 11 57 50 29 9 -59 -9 6 -59 -87 -95 88 -88 44 83 -77 -90 -32 91 21 88 87 -65 32 -65 -28 20 94 -48 2 -51 89 
16 41 -4 -56 -35 -49 14 34 -78 37 -71 14 65 -42 -86 -29 49 55 -9 98 -3 -24 92 -64 -14 -49 -13 86 -95 6 -19 -14 -36 56 82 -78 40 61 87 -89 53 -26 73 -99 68 -97 41 48 82 -99 78 71 8 -3 -60 9 0 25 -44 26 97 -1 -53 45 66 24 -13 53 -35 -13 -63 5 10 84 55 79 52 -55 -52 -81 24 -100 95 14 -99 6 55 69 -52 -89 89 -31 74 -7 -6 -63 36 100 53 -25 35 12 9 -15 19 64 -25 8 -92 50 -4 
73 -60 -57 90 9 32 16 -85 59 -9 19 -27 23 23 -28 20 -93 60 -2 -34 66 -50 53 75 12 91 -64 -36 0 -60 -32 -74 -7 84 -78 23 -14 20 -81 -65 -79 14 28 -36 9 52 38 -92 50 10 72 69 -52 -1 -14 -55 52 90 -15 88 83 64 8 -39 -65 -69 35 -11 4 87 -39 41 71 -33 -19 -81 8 98 -83 -86 26 -100 -49 -66 83 -81 23 -99 -36 27 -51 -96 -84 45 79 -5 -89 -68 -94 97 1 -9 -19 91 -62 82 -52 -82 -2 63 55 
56 -70 49 65 -33 58 -1 38 -64 -86 -22 72 73 19 31 39 -22 -79 63 -76 54 -8 56 -75 8 69 -14 -45 -70 -77 35 16 -43 -58 64 79 75 -30 -41 9 5 5 -23 -91 15 34 -28 -90 -52 -50 -66 -63 21 -64 -94 23 45 -13 46 41 -88 13 -69 21 -91 25 45 73 -42 -35 22 41 90 89 -59 94 -25 -93 -62 -13 -53 -92 -34 11 -39 -4 -57 -78 68 18 58 -81 -94 81 75 42 -78 63 71 -25 79 51 24 18 27 -5 -40 4 95 63 -30 
-71 -7 40 57 54 -93 30 71 -47 19 22 -80 76 -29 -30 100 82 42 -55 -73 -59 88 -68 -56 -63 46 -60 26 -9 -28 -21 -72 37 77 -80 -77 98 -64 -43 68 -3 99 41 1 -84 57 -66 31 -32 -31 -9 89 -60 -62 67 45 -38 -29 -96 -74 -90 -9 17 -68 -44 23 -73 33 -98 -51 74 -86 -76 79 -93 34 -45 -34 -93 -47 22 88 10 88 -68 7 37 -34 14 78 -11 24 -87 91 56 -59 85 31 98 59 -42 16 -20 6 -49 83 56 15 -52 9 65 
96 -3 -60 22 82 -96 97 0 40 85 23 -17 99 90 95 -79 -75 39 -39 -98 27 66 -31 -39 78 9 45 -91 27 68 -53 72 -93 -56 -77 -54 16 -51 -99 -50 57 -67 27 -24 -63 -79 -14 25 -71 -73 -38 -78 86 16 -81 86 -90 -20 95 66 63 79 76 73 58 -55 -78 -95 78 55 -92 9 -55 -96 -24 -77 70 -7 -53 -8 -26 -5 3 31 -82 -55 17 -3 -48 49 -38 98 -27 -2 47 20 11 -32 63 4 99 -23 95 -22 15 -18 77 96 -87 2 84 
11 13 -41 -68 -80 75 89 36 -19 25 20 -42 -82 71 -93 -65 -62 -11 97 66 -88 -52 -16 -76 73 -98 -37 81 -99 66 38 -82 -85 -44 20 -59 -45 50 61 47 -24 36 3 -16 -47 -47 -98 90 -65 56 -18 6 34 27 30 96 64 -13 -27 69 81 39 -1 -22 -24 66 -24 -86 -93 -72 -62 74 -54 -69 61 -94 25 -15 95 -21 41 34 -37 -25 20 50 -3 -27 3 -91 -8 -55 -77 69 -11 -14 50 -87 98 81 -40 -71 11 -14 19 -47 -27 -30 -1 47 47 
-29 100 -47 -86 8 77 75 71 -71 -96 54 25 -5 -88 42 48 56 -83 55 -44 46 13 18 -59 70 -31 39 -31 -86 -8 94 11 -85 -11 70 60 53 11 -71 31 -82 -88 -61 -12 -95 -15 8 7 -63 -13 -25 -22 33 91 7 44 38 23 29 26 93 89 85 -95 93 -62 -75 16 -40 -81 -19 82 13 -74 -27 -64 -5 -69 -36 -15 -84 39 -7 -63 -49 59 -61 17 16 8 -96 -24 85 -33 63 -63 -13 73 -76 47 -38 28 -6 38 20 -96 -38 -96 7 46 59 
-95 72 75 -8 25 -82 93 -48 -53 78 -26 42 -9 61 51 15 21 12 66 52 3 28 -95 -2 -44 56 -19 90 -60 67 22 40 8 20 27 6 69 -28 -48 -78 69 -7 -41 -1 -28 1 96 31 87 -43 -87 8 -27 100 95 83 77 61 65 -9 -47 47 10 52 75 83 -98 -67 65 -24 -38 0 43 -22 -28 -32 14 -98 63 85 -66 -44 56 84 65 -92 11 55 0 -86 43 7 55 95 -49 -10 56 86 99 60 -31 -86 42 63 -10 69 85 -50 -25 97 -64 
-80 35 52 89 -43 48 78 3 -32 78 -11 -77 29 15 28 -18 -99 -39 83 52 -51 1 -9 4 -38 48 -67 70 -43 -75 10 66 21 -33 -2 63 22 33 96 91 27 -57 64 -22 -30 8 -18 -79 -18 -52 -92 -98 55 -100 -47 -64 2 78 12 -88 87 -53 28 52 8 -39 12 17 44 -43 -73 -92 3 -96 -33 27 -16 74 -69 69 40 22 57 -98 91 -51 83 -40 94 49 53 -83 -39 -33 52 63 43 73 45 64 -49 -91 7 27 26 -82 -18 72 -41 71 56 
88 -9 -61 91 -67 -24 -100 -97 31 -59 17 -87 36 4 36 66 -5 -43 -41 -32 -52 44 -42 -95 -66 93 91 36 22 -49 -1 -58 -95 21 -75 22 64 95 21 7 -4 -76 87 69 85 -26 -59 -9 11 -26 100 33 60 45 69 -19 -57 -56 -1 44 19 3 53 -77 40 36 -18 29 20 14 -17 -49 -93 -57 -84 26 90 86 -29 -51 -80 70 2 22 73 -83 -22 -84 50 -80 87 -6 53 -3 -98 48 -56 -22 -74 42 -98 -16 -69 -32 -5 -40 55 0 26 -10 59 
-30 41 20 -86 -4 -63 25 -45 -75 -68 -30 -53 -20 -72 45 -43 100 89 -26 -42 -32 58 89 94 51 -17 -35 20 -96 74 90 27 0 -98 -10 -28 -68 45 -45 -27 -98 47 -6 13 -16 71 13 51 -61 -3 -96 4 -26 47 25 65 98 76 -67 -89 -15 -76 -31 13 -42 80 7 -60 91 100 38 -41 -12 -50 -96 -66 -52 -15 -71 -42 -56 24 -96 -38 -29 71 -58 37 33 -18 100 -34 -20 -98 -50 97 -2 -32 29 7 85 64 -68 61 86 -9 47 -20 -2 -97 83 
-8 -20 45 -65 2 -96 95 51 -97 -11 -37 29 98 23 -61 -29 -96 -42 40 40 57 30 -97 96 96 34 -88 -98 61 64 34 -53 -24 61 -23 87 -36 -59 25 46 -43 -33 66 17 -27 -79 9 37 -76 76 93 -51 -96 47 -83 33 54 -67 -72 4 26 -12 -55 55 -3 41 16 49 38 16 -12 98 66 51 78 -37 30 -74 -31 94 -63 81 -28 13 -92 -65 59 23 -2 87 12 21 -3 -54 65 -58 32 -44 55 72 66 19 -40 -90 88 3 -76 39 79 28 -87 
-22 12 -85 -49 10 -9 -90 -9 -24 60 -22 -44 -33 7 -6 -2 -12 -91 37 19 32 -70 -46 100 -52 14 -80 -18 80 -58 94 -23 -68 -28 25 23 -11 -64 -47 -5 -79 -73 83 -52 27 -14 80 -32 36 -53 71 79 98 -68 81 32 -29 -40 11 -16 61 41 29 7 52 22 -80 98 -74 2 79 42 -34 96 53 -42 -49 -46 36 -17 -51 63 90 36 -100 30 19 31 -2 70 -11 96 59 100 85 -21 -5 -5 26 -82 93 58 -79 -13 47 -10 90 -39 -79 -95 -69 
54 -44 71 8 86 97 -67 56 13 -25 78 39 -25 -10 12 -62 40 -72 -41 88 -14 -8 77 27 -26 45 -87 42 0 -60 -1 -89 14 -22 -47 -63 91 92 -89 -46 -80 73 38 -8 -36 -14 -77 -36 90 33 99 -85 -4 -91 70 68 -2 -56 67 36 93 28 45 85 -26 -62 -41 -59 99 7 -56 58 67 35 -2 -67 59 -53 -86 35 -65 39 0 -52 77 16 -37 70 -9 -89 88 38 86 7 -1 12 -71 -83 82 -74 -36 -44 42 -38 -27 64 -47 58 54 35 -31 
-41 92 85 -81 41 59 -98 65 -98 72 53 13 46 -9 -63 -6 85 -36 30 72 -29 6 -89 12 22 -29 -3 34 -81 -24 -67 -71 -53 -98 44 -54 -26 32 12 35 -9 -50 8 15 -35 -70 39 37 -49 -9 -50 -41 -57 -16 82 94 25 -60 -21 31 21 42 63 -16 -78 5 80 -99 -52 -13 -7 45 34 -44 15 -91 -96 -51 -81 92 -55 1 -38 32 100 100 -72 -17 -92 -37 20 -43 -51 -1 -98 -44 0 -81 72 86 38 94 14 26 42 32 -41 -71 -82 48 33 
27 1 44 2 -86 78 71 -95 33 88 72 -51 34 -98 -63 -83 -39 66 -73 -41 -44 84 66 -54 -30 42 78 -97 -15 -86 -15 49 96 24 -85 34 -3 71 -19 17 42 -28 -54 -37 27 9 100 -49 -25 76 -72 -31 -89 95 63 -2 -80 -58 27 85 76 56 -61 49 -15 47 -67 58 -75 -10 98 11 -85 -95 -25 54 51 -57 -3 11 -84 51 84 3 97 95 72 -71 -48 19 24 -42 97 -19 -51 -64 -99 -52 17 58 89 -84 76 46 -83 -65 -47 45 23 32 -19 
-77 84 -9 40 11 16 -81 41 63 10 -95 -24 -41 47 -36 58 -25 63 49 -2 -65 -41 -63 66 -25 -5 -95 41 3 -12 7 19 44 -80 -7 -12 -26 79 -41 -75 -77 19 -84 -44 43 75 1 89 -67 -64 -32 43 -79 -10 70 -85 -26 -5 -66 26 -46 91 42 21 -30 27 -20 -47 74 -15 -40 -57 -22 -88 -35 -66 -93 -65 -22 26 62 87 20 -92 31 19 22 84 26 47 9 -74 -15 -30 96 -15 12 48 33 20 73 7 -36 -99 -49 86 12 64 -52 29 -82 
25 34 -92 -41 -98 100 -42 41 -21 -3 45 -31 12 -65 -48 37 -75 -23 12 -57 -13 75 9 5 -85 44 -98 20 86 -14 -1 -34 -27 -41 -76 67 31 -38 -35 -5 -77 77 -54 61 58 81 -89 23 -20 -97 -58 -39 -89 -95 53 -98 60 -79 45 30 96 77 69 -9 91 -42 71 -6 99 0 89 -99 93 -48 64 -81 17 -31 81 5 100 6 -78 -89 -26 69 -42 -94 -37 -87 -95 43 -22 -52 -19 -69 26 23 -3 38 49 95 40 75 72 -97 24 82 34 31 39 
2 62 25 -68 64 -56 -83 -67 -15 -22 78 -32 31 -1 25 82 67 88 -71 -53 -72 54 -2 -48 35 49 -68 -74 25 -82 41 33 38 -27 92 43 16 -36 -39 19 -27 49 75 -100 -3 20 -38 52 -82 -26 34 65 -57 -4 58 54 -24 -89 -98 67 29 -91 -78 -65 -100 96 84 -78 -23 19 -19 -48 -92 56 -86 14 -36 70 -14 -17 -20 -5 -23 -27 92 -100 53 88 100 89 -77 -98 25 3 42 -6 -32 -49 -90 58 76 -4 32 -58 24 52 51 45 -82 -64 37 
-43 37 36 -27 -76 -77 -95 -59 91 -94 -1 47 -57 -38 -27 39 98 -48 -90 -19 39 4 73 -97 -39 90 -71 59 5 78 68 64 -33 3 -96 49 42 0 37 73 -35 -97 37 -4 -20 61 1 -92 46 11 12 -46 51 -52 31 69 -95 -100 -67 56 -2 11 42 -23 35 100 -58 -31 -38 99 68 -53 -28 20 -33 67 88 -67 100 67 -58 30 -46 -29 89 47 -79 -7 -30 -86 44 -45 62 43 -57 -51 80 -90 53 -74 75 -76 37 4 -97 38 -39 10 -87 95 46 
-40 -22 71 29 18 -27 88 -10 -78 86 -5 -83 -33 -82 0 -33 80 -17 67 39 -52 -26 61 0 -99 34 -67 -16 33 -55 84 60 -80 95 38 71 29 -12 -58 -42 -7 82 94 92 -26 -42 -4 -76 -97 -52 -87 78 73 -58 72 36 -77 -98 -71 -17 -16 67 34 90 3 84 -36 1 -45 24 -29 66 -87 98 -57 -58 -88 73 57 -86 10 -93 -40 -63 -48 -48 -55 88 83 15 12 23 -94 33 0 -56 -24 -77 -37 37 -64 92 -22 67 20 83 87 67 74 81 85 
-81 -37 -73 50 33 -82 -45 -15 -36 96 -61 54 14 -74 -62 27 -17 45 -52 -100 45 -13 -60 84 90 57 -62 -27 -38 12 48 21 -95 -20 14 -70 38 -80 -72 53 74 11 -89 -41 3 -96 -42 -11 -50 69 99 -16 -90 78 46 49 -4 23 -51 84 27 -73 0 33 -15 -96 -96 84 15 32 -35 -52 57 99 -69 -44 -8 29 -19 12 70 25 64 75 52 35 -97 -86 -40 1 -95 74 -84 43 -67 -44 58 -54 -25 -100 -33 -71 77 93 21 2 37 -29 31 21 -43 
13 -71 -97 -98 -46 95 -59 96 93 -55 -1 -35 -49 16 -82 62 -35 -4 -86 -30 27 4 -64 29 -44 -87 53 100 -9 86 76 -3 -16 85 -43 -100 79 -99 50 5 24 44 24 14 19 -34 -94 19 46 -85 63 56 5 -28 47 -8 31 39 33 5 -91 68 -31 -14 85 -4 -73 -89 -68 -94 46 60 -67 20 -27 51 -5 58 89 -62 94 39 32 -54 70 -38 -100 -17 -99 -71 -82 -43 19 -90 5 39 -24 31 31 90 -84 50 26 74 11 22 48 37 -40 84 64 
48 18 -5 52 100 -94 75 2 -85 59 -43 -88 -37 -23 -5 73 -17 -74 7 66 -11 -60 -78 -28 -85 33 -63 44 -43 77 52 -43 85 -80 12 -54 -64 -35 -44 -67 -64 16 88 -45 -99 -27 -87 -4 76 97 -100 -71 74 42 14 54 73 56 -81 -90 3 -71 -38 -16 82 77 94 -12 81 -33 51 -39 82 13 -17 79 -99 -85 54 -60 93 97 41 65 35 22 19 6 -53 -91 -92 35 19 -51 -10 94 68 100 42 -37 -74 -10 77 45 -36 80 -94 -9 -74 28 -95 
-88 -82 -67 -28 -43 16 -2 -15 52 -52 -91 28 52 59 -100 36 3 -61 -56 -41 -10 66 33 57 -26 -23 24 56 49 10 58 92 79 -57 -81 51 -40 3 -78 -61 -53 58 68 -31 67 -78 5 -69 -34 3 -91 4 31 -43 -91 83 23 -19 -7 13 59 41 -8 23 6 15 -28 13 -69 -81 -23 91 58 -100 -84 4 16 92 23 -90 42 -68 -32 21 78 -9 32 -21 75 60 9 -80 29 -91 97 73 37 -1 -67 24 91 32 -75 17 -72 88 -59 85 -66 -60 -18 
91 87 1 -5 21 72 -45 56 53 -36 60 -89 -84 -62 -100 3 88 86 97 71 99 87 -86 41 28 -78 -90 -22 24 -40 -86 6 9 97 -75 39 -60 -8 -4 34 -58 -2 -59 43 59 1 -8 -32 -49 6 -33 -47 5 89 -19 52 -39 1 -43 1 10 -51 -33 38 -64 -20 35 -33 55 -10 27 -32 51 -73 -28 34 48 -34 -94 41 -8 -52 51 -96 90 -61 8 2 6 30 84 -56 3 -72 70 -77 79 -71 -97 -25 -38 81 -19 -25 81 14 -71 80 90 2 -82 
-8 3 -24 67 39 83 -73 92 79 58 26 -42 14 -33 -1 -20 -69 11 -35 9 11 -24 84 66 -49 52 91 -58 68 16 60 61 4 -62 75 42 -84 27 20 -12 67 3 23 54 64 -22 41 34 -19 58 -67 53 13 -60 -17 63 96 72 16 -8 98 -71 34 40 -73 -20 -81 -81 -68 89 -23 94 59 80 -14 69 -69 28 61 -99 69 -2 -13 3 67 93 67 -29 89 -16 -76 8 49 73 45 93 -7 -11 -15 55 -68 -15 -40 -49 -3 -20 41 -53 38 47 90 
49 91 64 50 -45 -83 68 -54 -46 -21 -71 -26 20 45 10 -77 66 94 13 -81 88 4 -96 -69 44 66 13 52 -26 79 21 -18 85 15 -82 78 14 -87 83 -90 28 21 -23 81 48 -31 40 9 82 65 38 4 -51 44 -13 -52 -18 -75 18 -31 18 1 81 -97 52 61 82 -47 41 -3 -28 -7 -49 72 19 -43 -38 -91 67 -97 -87 -53 41 -74 42 -90 -57 42 -41 90 91 -82 54 9 38 28 -47 -87 76 -82 24 -27 -99 -8 6 42 34 -62 -29 78 51 
50 -36 90 -62 -5 70 -6 -10 -3 58 -59 53 -42 -68 56 88 20 -23 2 24 -50 -38 37 76 47 -67 52 21 -43 75 -8 31 0 -49 80 91 -84 -25 71 27 14 75 -48 43 -6 -22 -28 11 -70 5 -82 21 -82 73 69 41 9 11 99 -100 -87 -36 38 54 9 -65 -73 93 -94 -20 -67 -29 -80 100 33 -61 96 -19 70 -3 21 18 -61 -100 88 -83 -6 63 -16 78 -35 22 35 72 -53 95 -17 -32 19 28 -31 92 47 -61 -83 -43 -15 13 -32 22 43 
-97 9 -16 -56 -20 53 -4 -46 11 57 -43 8 -90 37 -38 -4 -73 93 73 -33 58 69 0 -14 36 -26 -47 95 63 -5 39 36 -98 35 50 40 0 72 3 52 66 89 80 73 -46 23 47 -17 -19 36 -1 99 68 -47 -100 94 -63 9 -64 66 -25 -80 31 -85 4 3 -44 -78 41 -29 -79 -51 -23 61 98 -10 87 35 18 65 -94 76 66 23 -41 -25 -94 77 -15 -37 -33 -51 72 -99 48 -50 18 -4 -86 54 -65 7 -90 -9 -94 20 49 -40 -42 41 10 
-72 -75 -23 65 -59 -7 75 -73 -83 23 68 -6 18 -75 11 67 7 -6 -40 -97 -77 -96 55 -13 40 -91 33 -31 55 5 -21 44 71 79 10 16 -4 -26 -99 -49 -27 94 3 -57 -22 -29 -99 -40 45 97 -32 -76 -31 -3 -60 -49 70 -44 -56 -48 -87 -46 80 -71 -90 75 56 75 -52 97 -6 35 -54 -71 95 -34 29 31 22 47 77 18 -4 81 41 -4 -97 -41 -10 -1 -17 49 60 -27 100 64 -90 -20 -61 43 -47 21 8 41 38 54 -96 -54 -35 80 0 
-63 36 12 34 18 -79 -71 -82 86 16 -41 33 -71 -96 71 -12 -14 -63 100 -52 -63 -42 -79 46 -47 19 -79 -34 -36 22 37 68 9 2 77 59 -19 -14 97 -79 -74 21 35 -56 -26 25 -80 7 25 21 67 -12 5 -42 10 40 -29 95 -73 -94 -25 8 42 62 74 -12 -97 -10 -14 75 -95 -37 63 -61 60 15 -28 33 -2 84 51 -93 11 -25 45 -87 28 31 85 -22 52 -87 -53 45 -52 -88 -66 28 24 -90 66 50 24 -31 93 47 42 10 20 11 -3 
-25 -75 65 -10 -93 -67 27 67 -100 86 58 -32 41 -51 -68 67 59 -78 36 29 63 62 -86 -72 -44 83 95 52 -2 57 -57 43 61 -41 -79 49 31 5 -59 11 60 4 -70 92 -95 -83 74 63 54 82 -89 -22 21 -40 72 89 81 94 -29 -67 -15 -49 -36 95 -7 -97 -78 -62 31 -73 -16 4 28 35 22 96 37 -45 30 13 -11 -15 19 86 80 -37 43 33 30 -38 -86 -68 2 -6 98 -2 31 12 -43 25 -81 -4 96 -12 24 -65 22 -91 -55 -28 77 
-33 -81 87 2 100 21 54 23 6 93 70 55 75 -49 21 -33 -82 -23 -15 -95 -9 46 64 41 -33 -56 11 65 91 59 4 99 -48 -51 -30 35 95 55 7 100 58 82 -37 7 -22 -49 -2 54 -21 5 30 11 37 8 35 -35 -4 -89 -16 -82 -76 29 20 84 55 72 -29 -92 26 -77 -26 -94 -79 -18 -95 -60 -90 90 -5 -91 80 -63 -97 -31 30 29 -37 82 38 3 35 66 0 -56 -91 1 30 74 58 45 -62 93 -66 -11 77 -53 89 -94 25 81 -92 
24 19 5 75 -53 -62 -7 48 44 52 -50 35 -96 15 -78 -91 -18 -5 -18 70 52 28 -50 61 62 -1 73 -77 88 51 -29 82 -41 48 -30 -30 -95 -26 41 -19 -88 0 -31 -44 -70 3 7 16 37 -51 89 -21 -98 72 -56 -53 -82 96 77 89 99 -91 9 75 -76 -23 -74 82 -35 -29 -75 -38 -47 -25 -92 -41 -56 -57 93 71 -33 -26 -91 59 -37 -39 76 11 39 73 -3 -46 24 79 5 26 16 -85 5 66 79 -35 33 -4 73 -34 39 23 87 -59 -46 
51 21 66 73 -41 37 90 85 2 0 -97 43 78 47 36 -85 -36 -93 11 71 2 -23 14 -48 -39 -7 24 50 38 1 -59 5 -82 -51 -9 -3 60 6 52 85 -15 -19 60 76 57 12 58 56 17 54 25 64 -8 -10 -78 72 22 62 -25 92 6 80 -39 -87 82 -67 88 -63 70 -100 -95 -52 -71 -81 51 89 -34 89 88 -10 -82 -61 -42 -15 16 -59 95 68 -54 -4 -60 69 -55 -76 -91 -63 67 36 22 82 -49 -97 -21 87 -77 -80 85 9 54 65 -37 
-89 -94 -56 9 33 -16 49 58 71 78 74 39 91 -55 -1 -81 -22 -10 -32 100 -89 99 85 51 -22 0 10 74 8 55 -9 -36 -65 82 55 -65 71 97 70 6 -24 -89 94 -39 -83 94 -4 -76 -52 -42 20 41 62 36 -20 -76 -2 27 -61 69 -21 -15 46 69 -68 92 37 -6 -97 88 -53 -42 84 -29 47 -35 -94 -8 -55 -4 -94 -95 15 92 46 24 -12 25 -62 16 -7 -59 -76 89 71 -73 88 38 -39 -8 93 -56 -9 46 -77 -61 -3 96 -86 44 38 
19 63 60 -72 -89 80 31 70 -12 36 -53 -61 -16 64 -32 -90 50 41 -94 93 62 -34 -52 -82 -83 69 44 27 32 -57 85 -18 -18 -59 54 80 99 -76 64 -92 -80 37 -42 34 -84 42 -76 -24 8 50 -88 69 -62 -31 37 -23 11 -17 97 -7 -98 50 80 -12 12 -28 8 35 -19 70 66 80 10 -29 98 -76 -89 18 23 22 -53 -8 32 -51 79 -79 -92 -68 -2 -97 -19 -7 81 -63 -29 80 64 -13 -37 -13 -92 -57 -78 -67 99 -89 98 -48 -81 0 -83 
-20 -27 -16 -66 66 23 -96 29 81 -95 -91 -99 -53 44 16 -14 -19 -41 42 31 -60 48 12 38 24 -41 47 -87 1 20 -40 -92 -25 91 -4 -39 28 -61 6 -21 25 94 -77 -22 90 20 56 49 -63 -69 -50 44 34 84 51 63 12 36 82 -31 53 14 -52 -43 36 -34 72 9 79 -69 49 -76 -12 18 4 -49 22 -57 42 0 50 -85 35 -74 58 80 7 95 13 35 9 -63 83 52 30 25 37 -56 -43 90 -82 12 26 -93 -24 54 65 -19 80 -6 76 
-29 -42 97 -54 -86 -89 85 42 -67 -82 31 58 -91 -36 -2 81 -72 -4 44 -72 -38 -29 46 16 -87 -65 -52 40 -90 60 -94 -9 69 -70 56 -3 -2 -38 -45 -96 9 9 -74 -48 -40 -86 78 100 20 43 1 -26 -5 -32 -41 -93 -29 -41 -68 -28 75 -93 -44 55 -92 95 72 -38 56 -15 69 -68 61 -56 72 65 -98 95 -34 80 28 -4 -8 -11 -67 76 64 -43 -37 -15 -37 -98 -86 -76 61 -71 -83 -13 -87 52 67 60 9 -1 -13 -55 41 -32 -74 -95 -42 
-98 -28 -36 4 5 -42 -62 60 -98 28 -4 83 -77 96 21 -82 32 79 -58 -92 89 67 94 40 26 -97 48 19 -69 -7 40 -74 80 96 -51 40 -50 -4 73 -65 59 74 11 98 43 -20 -95 1 96 42 -55 -22 -85 -21 57 98 91 21 4 -10 -31 -49 74 -84 -23 20 80 16 -13 -76 69 5 -80 29 -23 -22 -40 -49 -42 -4 80 36 70 -91 -42 -11 -53 -26 59 -29 8 96 -64 63 68 -20 85 9 97 -55 79 77 -57 -47 46 54 -46 -69 -57 90 -60 
-53 89 -6 -60 -97 15 93 -46 -78 -98 66 9 -63 19 -48 59 33 65 -85 -37 -87 -66 88 57 48 -45 -5 49 39 -17 -46 -2 34 26 -25 33 -59 -50 42 -39 -5 -2 48 -44 100 -78 -38 -43 70 -97 85 -68 41 82 -55 -74 -81 47 -2 -62 -78 -61 -28 -9 -80 70 52 -73 88 74 -39 -4 -37 -38 75 -18 67 19 -12 90 90 -69 -64 -63 88 79 33 -49 -86 89 -93 54 -28 -38 67 -27 27 -19 46 75 -87 -91 -35 24 67 -92 93 60 -84 19 -88 
-4 85 100 -46 36 -10 86 -82 -8 -92 -75 34 93 -96 65 -89 91 27 -24 32 -99 -49 -88 92 -69 84 52 47 9 51 -30 20 19 -63 87 -91 -17 -46 40 44 5 90 -49 -46 43 78 10 -90 42 66 37 -19 -23 22 21 37 1 51 27 86 -31 -46 -73 -85 1 -19 -4 -63 -93 -90 -17 -85 80 8 20 -21 43 94 3 59 47 -95 -61 29 -17 -8 4 -91 -58 87 -91 39 -30 93 -60 -27 -78 21 -65 49 15 37 -4 25 -10 99 -6 51 -56 -93 -93 
-67 -22 91 65 85 -25 55 -48 -13 -59 -27 -50 -50 29 -64 24 30 45 -86 99 -58 -63 51 -13 -58 41 60 -100 -38 -35 15 100 59 60 -11 79 -40 15 -58 -99 -13 -68 93 -45 34 84 -25 41 -30 53 68 71 6 22 -48 78 28 81 64 -77 -91 -4 53 -92 -50 -83 58 -6 40 -15 -92 -90 41 -9 60 -10 -20 -45 8 68 -48 -6 -17 -18 16 12 95 -96 22 -95 20 38 55 -5 82 41 -10 -45 -75 1 75 -27 95 -82 36 29 75 -80 85 57 23 
-29 -27 -84 -65 45 -22 -37 11 63 0 91 19 1 -18 41 -24 92 -70 -76 65 35 18 -54 17 54 8 83 69 84 -18 18 -46 25 -26 -88 -64 -16 65 -95 -90 64 -49 1 -68 -75 -37 12 98 -58 68 -24 65 8 -24 37 86 -22 56 94 59 42 4 9 -73 26 39 3 81 -52 40 36 -67 -59 -13 32 88 5 61 -64 -28 87 -89 -92 -51 -74 -90 -76 -55 -25 -52 78 7 21 31 40 83 -41 -15 28 92 18 -63 67 -74 -38 -42 -13 -43 29 -7 -31 
-39 54 -93 -63 54 -75 3 26 -2 -75 -92 0 36 -77 -71 98 -14 -90 36 33 32 -56 -27 46 -25 -6 57 -73 -82 -49 -60 -74 77 3 -83 19 35 91 -82 -70 95 -64 -9 -78 94 -15 32 61 -84 -75 51 -93 -79 -13 63 31 -88 -78 -69 -93 23 89 12 7 -59 -80 51 96 99 41 82 96 -35 -54 89 -79 83 53 46 -90 98 21 -74 18 26 -23 21 47 71 -24 79 -9 -5 -18 -4 21 -52 30 -57 42 -96 54 -96 -9 16 32 -78 19 37 2 8 
-92 50 36 -99 99 93 -70 14 36 -76 -92 -95 -3 -18 35 -15 5 10 64 5 -18 40 -100 79 46 -97 -97 70 34 -96 85 71 24 32 -10 54 31 62 87 -1 43 -75 -28 -84 22 93 -38 73 93 -40 93 -50 -39 -76 23 59 -3 -57 -5 -73 56 -15 56 -67 -66 17 -69 -23 -18 -74 8 68 -48 14 -37 64 -46 -19 19 23 -32 91 17 -100 39 -69 73 25 46 40 37 56 27 -72 -12 2 -84 99 40 6 -62 -87 35 20 49 -11 -45 36 -96 64 39 
31 -15 -52 73 25 32 38 -14 -23 5 -63 33 8 5 76 64 -5 16 77 -82 -13 -63 -83 67 44 -18 98 -2 -1 31 -54 54 -66 -40 -37 33 -3 83 -57 -76 -47 -84 15 19 -53 -68 -31 1 -20 -47 -63 99 26 0 -46 98 -20 -36 -21 -86 -73 -21 71 -32 70 -15 34 -58 46 -79 69 9 -52 -49 -65 17 98 -19 5 -35 54 -88 1 70 40 -83 16 12 92 10 88 54 42 -26 79 -80 46 10 -56 90 -34 -34 -79 7 40 -20 44 82 -79 -39 -49 
55 7 71 -82 34 -7 -25 -53 65 11 -86 -84 95 -18 -82 -58 -52 -6 53 -5 61 -76 5 -11 -35 -37 31 72 -65 99 54 -90 -25 -23 45 35 -66 -23 -58 -28 -61 50 -74 -57 64 -6 -58 -87 -14 90 23 12 -20 80 -85 56 5 63 14 38 99 -80 -47 -53 49 -12 -58 54 -54 -29 96 45 10 37 -99 34 94 -60 -30 -12 -31 -92 -30 -87 35 -7 -72 44 -44 73 -12 -93 59 34 37 -89 -55 81 27 -85 61 18 -98 -6 32 -87 -43 -79 45 -68 -26 
41 -22 95 57 -39 40 59 67 22 -99 29 -68 43 -18 59 -56 -75 -43 75 -14 -26 69 -93 -2 -50 -82 57 10 84 -73 -57 60 -75 23 68 97 -78 -18 18 85 100 64 -30 72 -30 20 -51 -69 -34 -57 -21 65 -52 37 -21 18 -87 -31 66 -44 -48 83 73 25 -11 -69 93 -85 -93 7 94 77 77 -49 -45 61 84 -3 -66 -11 13 76 -73 100 -38 -10 0 -80 49 -80 75 41 18 57 -41 -41 17 -75 -62 40 -25 -74 -32 -53 -60 99 81 52 12 -44 -8 
32 -10 -61 59 -29 -41 -65 91 21 -25 -100 -80 -85 -81 -6 42 -34 23 93 94 47 11 -17 68 -11 14 16 12 90 81 28 61 -49 71 -53 -12 53 60 -65 -17 13 90 56 -48 43 77 -28 -39 17 -71 56 28 92 23 31 100 -76 42 -24 -37 -59 -74 61 40 -55 33 -92 4 -65 43 -22 -14 98 74 31 -71 -19 7 -3 -83 -6 47 34 12 57 11 13 -55 65 94 -82 89 34 68 -80 -41 55 -24 46 17 -9 72 -98 17 7 -9 -73 -79 17 39 -2 
-81 -54 90 1 -78 69 -96 67 100 17 94 92 77 95 -76 2 -96 28 78 -57 37 -87 88 9 52 -67 66 -40 48 -15 6 -63 80 52 -16 35 -85 -10 -78 -78 77 -76 73 4 -92 49 84 -30 8 95 -24 -83 -11 -48 0 -23 -9 49 -98 -62 -92 -24 -62 4 10 -69 -29 -82 85 -24 51 -73 -52 -7 95 19 8 8 31 100 89 -79 40 83 25 -30 -48 29 -64 85 -63 -100 -83 -9 36 -13 -31 69 -47 76 82 15 97 20 -39 7 5 -90 17 -76 -85 
94 -37 67 -100 -9 56 -53 24 41 94 -51 -20 -74 -80 -27 -11 -21 38 -58 27 10 24 24 1 17 -17 29 56 -91 -40 -15 37 -85 56 21 -60 1 97 100 63 99 77 -96 37 96 -88 50 -73 -48 -81 53 -83 -14 -83 29 -61 -36 75 88 1 11 27 -27 -88 90 31 -46 -19 46 -32 54 -97 -92 94 88 -25 -78 46 87 23 24 11 -32 45 56 17 10 27 93 -10 54 -82 21 -44 -85 -32 11 69 -13 33 -44 -80 90 -84 -3 -17 -68 -30 -50 -61 -84 
-85 90 -9 7 94 -29 94 -30 1 38 -92 -48 50 -86 79 46 -41 32 66 -22 42 47 -39 72 42 17 80 -12 36 -90 -83 21 -7 98 91 -97 -37 13 49 70 27 23 -7 -87 78 -12 8 -36 -86 59 86 81 99 -44 -2 64 3 46 36 -5 -46 87 -40 35 -51 -12 21 -53 -78 84 -66 45 19 -59 -27 52 -95 21 -93 -50 -38 -84 -29 13 -2 91 -49 -15 -90 -67 -33 50 20 -42 84 -31 40 -19 43 -43 46 28 -36 -20 -19 -37 -86 -3 -68 -77 38 
-22 22 -24 -31 -94 -99 -16 67 -20 -65 -52 3 76 93 93 -29 -68 -85 17 37 -61 -47 19 -17 18 -22 41 -42 47 -68 -97 -16 -62 -56 -86 -88 60 -85 -93 -48 -52 34 21 67 94 69 -41 -2 40 -37 -94 -87 67 -75 -40 31 -20 62 34 97 70 30 70 -27 -48 48 63 -90 74 -94 39 19 -63 -11 35 7 -12 51 -98 99 -80 -86 -21 34 99 -14 -82 -86 -86 -16 85 67 -17 -30 -6 -43 2 13 53 -49 -61 39 -63 -9 -72 96 69 61 74 -53 83 
22 -55 65 -10 -43 -75 -50 64 66 -93 15 18 -66 -73 92 -29 98 52 77 4 12 11 7 34 -74 -47 -83 -22 -35 67 -42 75 -51 70 -90 31 -40 48 88 -62 -80 -19 97 82 97 -32 -50 -69 12 31 76 -4 82 -15 -74 -88 -2 -48 -7 -63 -99 -4 -2 90 -70 -3 48 38 79 -21 -94 -11 75 92 -100 -79 -30 51 34 -49 -83 60 0 42 37 -47 -76 15 90 51 -39 15 89 -78 -42 -56 -63 41 -11 -34 -81 -9 -96 -23 58 18 26 40 0 -32 86 
23 43 -11 34 -7 36 -32 -53 -55 55 -14 -29 61 -90 -98 -2 64 -8 -27 -66 -45 -5 -25 -61 -4 0 10 -54 -59 -45 -9 -86 -39 -14 -72 -37 -52 65 34 -94 33 -65 54 -65 32 92 55 82 -73 -94 -78 74 -41 32 -100 -96 -30 1 -37 45 67 93 61 -33 74 -12 96 25 -62 0 -39 -4 98 -50 -97 52 -31 2 -81 -61 -3 1 94 36 -78 -50 -16 -55 20 -9 -38 -41 -98 64 -55 -15 -22 -100 -6 -37 19 21 41 50 84 87 100 -79 -32 -32 -21 
29 -56 79 48 -85 -30 -38 11 -35 92 12 49 -95 39 32 53 74 20 -75 73 86 93 -57 36 67 -11 12 87 89 -90 -93 -37 -34 -52 -17 5 -50 -14 -1 72 76 14 73 54 -39 -50 35 13 8 -15 97 6 -30 28 -96 -9 29 61 -58 14 -77 24 74 69 -89 56 -40 54 -70 -83 -97 -15 -12 72 78 -89 81 23 -91 65 -55 79 -69 56 -74 70 -91 -40 88 -11 -68 -75 -71 55 -79 15 -77 -46 -96 32 -44 7 51 -100 100 46 90 -15 73 60 11 
-93 83 90 -28 -34 7 42 89 58 90 -82 68 97 -63 -67 31 9 -37 57 58 69 -85 7 33 -18 -82 -21 52 -80 -46 72 -53 -80 -34 -36 4 -32 -83 87 -85 13 23 56 -74 40 38 39 -94 -48 -25 8 -6 93 -70 23 27 74 32 7 -96 16 -81 59 -100 -72 93 -73 -93 -15 38 -99 81 67 -46 -3 50 67 32 -44 35 -44 -92 89 58 -97 -38 80 -30 -7 76 -90 -91 -31 -66 -29 -31 53 67 -92 -58 49 34 65 77 59 -16 98 -17 55 -15 91 
61 45 -26 53 84 -33 -73 -23 77 -92 76 -14 64 -64 -53 -92 97 49 -98 12 -40 -52 80 -93 44 -94 41 -87 65 -20 94 72 -72 -80 92 -42 25 -90 -58 -86 55 94 55 -57 -26 24 -76 57 21 76 -71 50 -100 6 -28 -36 77 36 -100 -60 45 99 -51 -91 -5 -34 -43 -69 -41 -5 -38 -98 -35 15 68 -43 73 93 51 -47 -90 65 -18 8 17 89 -39 83 32 43 40 -86 3 -52 80 94 43 57 -27 73 -44 50 4 -51 85 -1 83 -92 94 -62 -93 
43 17 -91 64 34 89 26 -83 -92 -88 -39 13 65 -60 -50 -26 2 32 63 89 -48 -31 -33 -33 77 10 83 -98 26 -15 -10 64 72 20 -41 28 -93 9 -17 -89 -21 88 7 -87 34 19 -25 90 -8 91 -39 41 38 95 -79 -71 66 15 -11 37 14 38 84 94 -41 86 -21 41 27 52 -60 -64 -12 -52 39 -35 43 -16 -37 -53 49 -47 87 29 -31 0 93 -49 82 -55 40 53 -11 -100 -51 -39 -42 21 -77 -91 30 87 -94 95 -37 -1 -65 -5 77 27 -92 
49 -70 -19 92 -77 -34 -82 62 1 78 -77 95 33 -9 -94 84 29 -46 -13 17 92 36 -52 66 -31 68 -70 40 -26 -43 34 94 40 11 -25 -54 -92 -28 67 -29 -68 30 -15 -31 62 -38 -14 -75 -72 -4 -93 48 72 19 -84 43 68 6 28 79 -90 -48 74 -3 47 -84 -10 -5 23 -53 -23 46 93 95 -19 -6 18 -3 -2 -81 -85 -89 91 -20 17 0 49 -100 95 -39 16 -61 46 -40 19 42 -98 -32 72 -90 16 -14 56 -15 -77 5 -93 36 46 -40 -6 
-10 33 10 -4 -34 -48 -78 26 17 49 -66 -62 -77 58 -20 -85 69 97 61 -98 -55 65 35 51 11 55 -14 48 -77 -19 81 -6 -7 1 -26 63 35 -41 -58 -54 82 -49 -36 -85 66 -32 -86 -78 57 27 57 72 -17 -49 41 -4 -55 83 -91 100 78 9 52 -95 31 23 24 -71 -76 7 63 27 -17 -5 50 -53 -79 -100 -50 -40 63 -45 -45 -46 -5 -50 -59 69 35 -17 16 -86 0 74 16 50 -48 -30 36 -29 46 -10 75 -77 -93 27 2 -8 -82 6 83 
-72 6 -74 80 12 86 33 -54 -26 7 -71 -22 -37 64 71 -89 81 -94 -26 78 -73 46 -42 -62 -14 -68 -53 -46 35 86 23 3 -27 -20 -51 52 51 96 -75 100 -11 -71 -71 -15 -79 -90 93 41 -92 84 -94 -7 -5 -64 -97 -71 -7 26 51 -9 -66 -61 67 -10 85 -97 21 20 56 -48 33 36 -69 94 -29 -94 32 57 -44 -97 22 67 59 -86 -88 -71 -10 25 70 3 -71 46 -36 49 49 -86 40 96 77 73 34 19 69 -72 -56 1 40 40 -18 2 79 
11 65 -89 15 12 -42 -51 83 96 88 -74 -38 11 29 -45 -27 -59 25 1 -67 72 74 -59 -94 66 54 -17 42 35 -92 94 -5 8 51 89 -78 27 42 89 -26 -53 96 -86 -77 -32 70 -20 19 -1 -49 -21 5 -90 23 -50 -22 -23 -58 15 -1 93 21 99 -81 -79 100 62 5 50 13 38 -34 16 -25 -98 -73 37 53 77 -3 2 55 98 9 37 -68 -45 -2 -66 -9 12 -47 3 52 29 -7 25 98 -32 -75 64 -97 71 -60 8 96 3 -9 -70 -1 22 
90 27 -61 -64 98 -39 -38 -58 34 62 -8 -71 38 -100 24 -78 -71 -70 -72 42 -62 -51 95 99 37 -49 -25 -26 31 42 -19 -40 -35 -51 50 51 85 75 6 23 53 57 79 -15 10 -90 41 -14 3 85 -53 -67 97 0 -79 -74 23 34 -52 -19 75 33 -20 -20 83 93 -62 49 89 5 82 78 -85 -70 27 -61 4 62 52 -21 -25 -44 -46 27 -61 92 38 -66 69 56 96 -79 -81 52 49 39 64 -27 -84 63 -72 25 -12 50 -7 -43 -25 -100 -64 42 38 
-25 17 -31 63 -43 -55 -77 33 52 -37 -74 67 -6 -7 -41 -14 33 -44 63 95 -3 -70 9 22 46 85 -66 -45 32 93 21 -34 -96 26 -71 37 64 -38 -93 51 -31 -63 64 28 -70 66 23 78 -44 -33 -99 12 69 41 35 75 -78 -44 71 61 -60 62 -92 23 74 -78 -52 -99 1 -4 79 -37 -67 -73 -61 -51 61 15 32 27 53 86 -78 -100 -27 -1 36 -79 87 30 -39 -40 -92 -3 -59 64 -25 -89 8 30 -66 33 -44 53 -20 -7 -63 -42 -95 -9 73 
73 -82 -76 -20 37 -59 66 53 56 34 97 -91 -47 67 -71 46 -12 15 11 28 10 49 23 24 -70 -40 -19 50 -3 -98 -13 76 91 36 55 90 86 -27 63 -28 -90 43 74 -19 72 -41 -90 -67 -17 -67 43 -38 75 -19 90 65 -68 90 -58 84 -63 42 -98 -72 24 -90 -94 68 25 -38 -34 83 72 -86 45 94 77 -11 53 76 95 -4 7 -88 23 -27 5 -94 -4 53 -12 -40 44 55 -77 -51 -43 -3 64 -59 68 -4 65 -43 81 69 -11 6 47 -33 -50 
-48 62 23 48 62 -48 -51 -5 -69 8 23 3 -25 63 55 38 89 -32 -31 21 -54 10 99 13 4 30 -72 41 85 6 37 -53 37 38 42 12 26 28 6 96 42 40 -56 -95 99 92 -72 -84 -66 -81 80 43 5 -75 50 -38 -7 51 -35 -11 14 -90 5 -61 3 65 -69 -89 -69 -88 -64 -42 -62 -47 -76 57 39 81 -67 -18 -55 -75 -79 -19 -62 96 45 -20 -99 -65 -15 -36 44 -41 -55 18 -83 37 -67 4 50 -60 -37 44 11 -8 -65 -91 -59 -83 -9 
97 -61 -82 -79 40 -44 74 -20 -9 45 8 19 -88 80 -34 -91 2 -42 -79 57 94 20 -2 57 69 82 42 89 -24 57 -11 -55 85 66 32 -12 51 -61 -58 -69 65 7 81 -42 -7 49 65 11 -90 10 -81 -47 -100 20 95 53 41 71 -70 52 17 91 34 -45 70 -32 38 42 -96 -13 -95 -45 26 -27 -45 99 87 75 62 -37 72 -56 27 79 91 78 -56 70 -7 -43 94 -47 -92 -74 13 -88 2 -55 49 -3 -65 -33 -35 -62 -45 5 58 19 -91 -33 -67 
0 77 -28 38 -65 -63 87 -10 -80 -32 21 -16 -30 80 23 -27 36 -98 -54 -80 82 3 79 -3 -86 67 -34 -77 77 -55 23 69 -14 -38 82 55 93 -22 -50 -65 -33 -14 -32 93 -94 25 -62 -63 43 -60 63 -74 5 -52 14 -56 79 -27 -51 -33 86 32 -2 48 -26 48 2 81 36 63 41 -37 -71 70 93 -89 7 39 -13 24 8 -69 12 83 -88 -72 -60 -75 -23 -19 41 95 56 61 -22 28 43 -3 -55 -21 58 -51 82 74 -73 58 -68 -87 6 -22 11 
-97 -20 70 -44 85 91 -66 -29 49 -13 -79 -3 -96 -22 -3 -72 -42 30 80 79 8 9 83 96 55 38 -28 -10 76 -34 -8 84 33 -3 79 -27 -47 -42 -65 -86 -3 71 -40 53 -14 -43 -10 100 5 11 11 79 -30 58 78 -70 -86 78 16 66 11 3 -73 41 69 11 97 -44 49 6 -94 -91 20 -23 47 -53 0 44 -33 95 -100 -50 -54 -40 -5 50 -69 40 -96 49 84 50 48 100 -83 -65 22 -42 32 -31 -77 74 -68 87 -11 -37 39 24 -95 -78 -74 
6 -92 -85 -49 34 -14 -25 -62 53 6 -80 5 71 22 -4 74 67 77 88 -99 -68 -90 -67 95 74 21 -91 67 0 25 -62 92 62 64 11 -37 -52 -10 -53 43 -6 -100 -86 91 64 -41 -65 74 -11 66 88 -63 -95 0 45 -13 66 5 -37 -25 -29 -46 -18 -22 84 72 69 -49 7 41 75 -12 92 -46 26 70 -13 78 -74 -97 -8 -6 65 83 57 40 -28 58 -7 -50 20 -45 -79 -42 -29 27 -35 -15 -37 56 64 -71 -47 -52 86 93 -93 -24 -40 25 11 
-56 -85 82 33 -49 -14 -16 87 -58 66 -59 82 97 -83 -91 -70 91 -95 -6 -70 -84 51 81 -48 17 81 36 81 27 56 86 -97 -44 25 -98 94 -76 -77 -38 16 9 -51 -41 -39 -9 -77 68 -82 -15 63 -58 -84 -98 34 -75 63 24 -14 19 -43 99 3 77 78 -37 -67 33 27 13 79 100 26 2 69 14 5 -99 91 -97 65 0 66 0 25 14 45 69 -5 54 -36 34 52 -52 100 14 -69 90 -24 61 83 -88 83 53 -38 -51 8 -9 12 -74 61 3 
40 26 -2 -80 -8 -63 96 4 -53 -97 -93 97 -60 -19 94 -91 54 -64 87 94 23 -31 -81 47 -80 67 77 6 30 86 7 -24 -58 -67 30 -98 -29 31 20 -66 6 -14 -26 85 -33 -91 -40 97 -45 69 71 29 -29 29 -58 38 -80 72 -32 80 90 5 -19 -53 -33 24 -17 85 83 59 2 -32 22 -87 12 67 94 15 1 -14 61 88 -12 -73 -96 -83 -51 -40 14 47 -55 16 -35 -35 53 -63 -59 -19 -60 -59 31 0 -86 92 -67 46 75 -18 51 98 -51 
97 -86 14 -25 96 12 42 -74 -88 -58 -32 15 -95 32 -47 98 89 -7 -56 -66 18 31 14 9 11 100 -46 -61 -33 31 78 -13 65 -1 -40 -71 24 -58 -35 -96 -23 -64 75 -27 78 40 77 -14 86 89 -20 39 69 -90 -21 -32 12 29 -45 -87 -54 -22 85 -83 34 -39 60 -16 30 -82 22 -56 18 7 7 -6 -24 -60 81 16 -100 -9 82 -71 -28 65 -17 52 -100 79 -42 90 51 -72 -95 -94 74 5 -64 95 -92 34 92 -83 27 79 -63 -53 40 -21 80 
96 -49 2 -43 -47 -40 -16 95 52 -42 47 -15 91 61 -63 -91 27 -77 -57 79 68 40 77 -36 30 -16 -78 -32 92 -46 -64 91 27 -19 -25 57 69 25 48 30 -48 -26 30 -48 20 29 68 39 -33 66 -90 -90 -5 51 -17 -23 -66 27 -29 71 12 7 -11 -21 -21 -58 -56 -67 -10 32 -78 -99 -7 43 -24 76 39 16 57 27 45 29 -5 13 -12 -61 64 25 -64 80 92 95 -21 -38 -78 -43 66 -39 93 -13 6 63 93 19 -68 95 -97 -63 -91 -30 47 
-74 -56 70 17 89 -89 -4 63 51 -57 92 32 64 96 44 5 -100 -78 3 -69 50 48 -30 -14 -44 -76 84 -31 21 64 -88 97 69 43 -23 93 -71 -79 40 -64 17 -1 84 -15 49 24 88 -31 10 -75 69 -36 55 39 10 86 40 -13 67 95 74 -18 -85 -50 -64 71 -86 -68 34 49 -96 -77 -8 69 6 -29 -26 -54 94 -45 93 9 42 -84 -6 87 -22 86 95 -12 -67 45 66 -99 38 -3 11 12 -19 26 -28 95 -11 -75 77 -96 -92 -17 -56 -43 -92 
5 89 -12 -37 -52 -48 61 84 29 -99 73 76 -80 -10 -13 4 81 -63 -20 11 20 -9 -42 55 -22 96 -81 60 -38 -85 -15 -46 82 -77 21 -34 -20 -4 -39 76 -53 -71 55 16 -56 -91 -21 -7 48 -37 93 -13 24 38 89 -13 45 80 30 94 -77 -72 -95 30 21 -51 21 -74 57 78 26 3 -19 74 8 -78 -84 -9 53 -88 -46 40 16 0 -38 -41 15 8 88 -94 -89 96 -78 -8 -80 -28 77 -41 71 -69 26 -61 21 -24 -5 10 59 28 -91 -15 -46 
41 6 -91 -39 69 54 -35 -3 -48 -33 -65 -67 -38 15 80 90 -19 -63 47 78 -86 -5 100 -71 -34 -21 -39 -62 -61 37 -7 -2 3 -41 -5 -100 -44 87 86 -88 88 -82 -43 42 15 -90 -88 -77 -1 84 -62 33 -98 6 -26 67 -41 47 -12 39 2 -39 -14 47 -38 -53 25 -18 97 22 77 54 -93 -46 -22 24 -21 68 74 -21 -77 -16 16 67 82 -50 35 -55 -65 -90 77 63 2 -29 -45 99 -57 79 67 -80 15 46 -80 21 -35 53 -25 31 58 84 0 
67 4 8 -83 -53 -73 39 55 22 18 17 7 -4 -22 -98 -35 1 77 57 44 -74 -37 -7 39 -31 78 -92 -18 -26 -13 27 55 13 29 -6 75 -65 55 -40 -66 -68 -11 100 76 66 15 76 -12 -20 26 -31 -44 22 99 24 83 -98 71 26 100 -22 -20 -37 29 -73 -95 87 29 77 75 -95 79 20 -32 -10 -60 -36 99 -21 94 48 -25 51 43 94 -26 -77 91 -22 -53 -72 34 -39 -5 75 24 33 13 10 -14 -43 -72 25 87 47 -71 -42 -33 24 55 66 
-34 -36 11 -89 -9 21 -81 -2 -64 96 100 7 -90 -75 -95 -29 15 100 13 29 -52 -66 -22 -51 -50 -52 60 -1 56 94 1 100 -19 -12 62 49 39 -44 97 -100 75 57 84 -17 19 -35 32 47 88 31 -70 -55 35 -58 -30 98 -24 71 64 52 69 19 -23 -86 56 28 -23 -86 -69 72 82 6 -12 -44 97 10 -77 90 -17 75 -81 20 83 -85 27 -32 6 43 -3 57 63 -81 31 -62 39 -80 11 -19 -33 67 3 9 78 54 33 -58 67 -5 -83 73 -90 
-95 -30 0 -61 -80 60 -48 -61 76 67 55 -15 68 39 10 -14 25 5 -73 -16 -14 35 -50 -44 -6 84 64 -58 -96 -62 50 -39 -59 -79 -40 29 -96 -18 -40 27 65 -51 83 57 -74 -62 -80 -51 49 83 -98 -37 -85 -76 85 -29 14 23 -75 -58 -10 21 55 -92 78 -65 62 -28 -46 -89 -21 -89 -85 -18 -32 -74 -39 13 74 13 9 -56 -65 50 20 -16 1 63 -45 -18 -58 9 -51 -35 -48 -29 10 46 -77 12 -41 60 -12 -100 88 -62 85 -7 14 -60 -2 
-4 -3 -74 9 47 69 52 -72 -77 -44 -66 -4 -25 -95 -2 -48 -39 -42 -72 46 -77 -87 -93 94 30 -53 -38 -32 -80 -100 58 3 17 24 56 38 40 -14 -73 -3 13 50 28 40 -27 -72 -4 -71 26 72 55 64 -79 86 -3 0 76 -15 3 -66 -96 -22 98 -58 20 -42 -82 -82 89 -17 34 -5 79 31 78 -94 -28 62 90 -30 61 -25 -82 -15 -5 -60 -36 94 52 -85 74 71 25 -70 83 74 -66 -18 -55 -56 14 94 -67 -43 74 -76 46 20 97 56 -50 
25 76 -33 -96 58 -12 -23 6 3 -99 43 -93 31 -4 -93 -61 88 47 -7 -84 1 -15 -52 -65 42 -8 78 -19 49 -29 -3 -2 -11 75 -42 -82 23 -90 -29 28 -72 -26 17 -13 52 -40 -3 19 -81 53 -84 36 64 99 -43 -45 -66 -65 3 -5 -27 -40 94 83 -14 38 -6 17 45 -56 77 21 -44 -98 -60 -25 -77 -71 -8 -57 -14 21 -26 -40 -65 -21 27 -94 0 8 -8 51 40 -73 -36 55 37 -25 35 -49 -67 -18 -63 29 75 -43 70 65 39 -91 -62 
-96 65 41 -43 19 87 -97 -18 7 57 -7 -17 85 80 77 -74 46 70 -26 -80 54 -69 7 55 -54 88 -90 -17 -68 38 -16 90 -13 -73 34 51 73 78 -53 -22 64 99 -52 52 -56 70 83 93 91 -75 -74 30 42 -45 55 66 -6 -71 20 -25 -89 -16 -23 -20 -7 32 -7 75 -31 88 -33 61 -40 -12 -6 49 -97 96 -54 -43 -31 -46 93 -72 15 0 -80 -64 34 18 21 -33 17 85 -26 11 50 -82 35 18 88 -16 -59 -22 41 -96 65 -35 2 -31 -69 
-94 24 -1 45 75 15 89 -54 -52 68 19 -55 8 39 -58 20 54 60 -48 -14 36 73 33 5 29 -60 51 100 97 -92 43 -10 -94 -44 75 5 97 -62 92 5 11 60 95 97 83 -7 7 30 14 -14 32 -16 -98 -74 60 -57 65 100 76 -96 26 -98 -71 57 14 5 -12 57 -13 55 46 -38 -79 -95 63 48 9 89 -96 -22 -33 33 -60 100 -83 67 -46 -76 -14 -54 56 49 -81 -15 -34 89 -22 38 -96 1 67 -25 87 -19 -14 -30 -8 -2 98 -9 -90 
-60 54 -42 10 85 -86 -97 11 42 34 97 78 85 -71 64 -9 24 51 34 -59 86 -39 85 29 -32 -44 21 5 54 -3 22 -42 78 -7 -68 33 93 -14 39 35 50 31 78 50 -53 -90 -44 -97 35 42 34 -29 33 -93 66 66 46 13 -16 23 65 -51 95 -7 -90 59 31 84 68 -98 -25 12 -92 -90 -79 55 83 -46 -79 96 -55 -10 -75 -49 -14 65 -54 61 -75 18 -54 -41 -9 87 25 51 -7 -27 -30 -11 -94 93 -52 -92 -87 -96 26 -24 9 71 -84 
15 -50 -80 -58 -39 9 2 -68 -35 11 22 -32 13 -33 -61 52 -56 78 11 80 57 44 80 -81 -16 46 66 94 25 42 -96 15 -55 -5 -83 4 -41 -100 3 58 -76 39 79 60 -89 0 77 14 -34 71 26 67 -95 63 -78 -53 -80 2 49 78 -9 -82 -15 -79 -24 -41 43 -27 -44 -90 88 -15 -92 -87 74 -89 -61 68 -41 44 3 -58 -16 -38 100 16 59 -38 88 -6 -32 68 -67 -20 -32 82 -70 48 11 45 -41 76 49 67 -69 17 -99 76 -13 96 -11 
17 65 -84 74 72 89 -12 -87 74 50 78 -73 27 -48 50 11 42 38 86 -37 8 -78 -44 66 -56 96 78 -33 -77 74 -59 -42 -83 79 -84 -40 -53 -47 -45 -1 79 -73 -48 75 -37 -92 -79 34 16 15 -77 44 -62 77 -10 26 -70 -70 -53 80 89 -66 0 39 -39 41 46 -68 -88 47 94 -63 54 -5 -54 12 60 11 -52 76 31 -61 -2 36 65 -87 -5 22 65 -1 48 67 -61 -1 68 90 79 88 23 -12 16 -97 87 -32 -51 -78 60 51 40 -99 84 
-29 98 86 -2 90 65 -2 -4 13 0 99 78 -8 -9 68 -15 -57 -30 -70 -4 8 -13 37 70 -63 66 -28 2 70 -11 -29 27 88 53 45 -68 -41 80 -64 96 -43 -71 -17 78 -15 90 -16 77 10 52 98 -33 23 65 -92 -60 -36 -18 28 89 -1 -47 15 -72 -77 24 -33 -30 -55 25 -30 71 7 -29 -69 -83 23 44 67 78 -35 34 98 49 -87 32 82 93 -13 18 -73 26 79 60 -37 29 65 22 33 -36 -23 99 81 62 32 61 -71 36 -17 -23 17 
8 98 -6 -61 -32 -86 -73 47 -31 -51 46 84 -93 -9 57 62 31 64 -46 -56 -48 67 -55 -38 37 48 96 5 -50 40 19 -50 26 3 27 -80 69 41 -100 -61 95 3 90 -42 -100 -52 -33 -78 -59 -84 62 4 51 94 -72 12 52 -74 83 -76 -26 -68 -73 55 39 27 86 26 52 19 -41 -29 -83 2 -83 -32 -55 -25 28 -74 51 -35 78 2 -88 65 87 36 -64 9 2 41 -49 85 47 -43 83 55 -46 94 -94 -1 99 -50 42 75 -21 52 86 -55 -69 
91 34 98 -84 -100 35 -45 62 72 -84 -94 -45 60 -49 -63 42 86 18 59 -84 -63 -97 -87 30 79 62 74 36 -37 -25 92 52 -55 28 28 78 -28 34 19 -36 -20 -26 47 40 -5 -23 83 -23 -18 42 -16 46 -56 55 67 -62 79 35 -42 -74 -20 58 47 -13 -30 -50 -83 32 36 10 -62 -1 47 91 -91 13 0 84 -80 14 -97 15 -4 48 70 94 79 34 45 -37 -89 82 35 65 -56 -82 93 -72 77 -28 -3 -63 -60 -64 11 72 -86 -29 95 14 -95 
57 -12 2 11 -27 -87 -23 -98 -1 -68 -91 -72 -18 12 -92 -54 -8 -53 -29 -85 48 -12 -56 3 45 -53 -40 87 -76 56 -59 74 65 -54 -18 45 31 42 1 -55 59 -36 -25 48 -98 74 76 -56 -21 -63 -88 -88 61 6 65 69 -44 29 32 -13 37 56 84 56 16 -28 26 -52 25 -60 -8 71 -91 34 9 -3 -47 89 14 73 90 -27 33 -5 0 -92 28 -89 12 96 28 -40 -41 23 19 20 -16 39 -72 97 -62 -84 -40 47 20 12 -75 -58 -37 -99 87 
-92 -26 52 -89 83 -67 -49 -24 -43 77 -6 69 -48 30 95 24 -45 19 45 26 72 -6 22 -74 80 84 13 15 91 -47 55 55 -27 84 -88 -92 32 89 -64 -32 -48 39 -16 4 46 68 87 -85 82 39 -40 -95 -90 -90 -12 67 42 -97 9 -50 -52 4 91 29 -74 -90 94 -34 12 -5 56 59 -59 -72 -91 98 11 82 66 67 -100 -74 72 -96 32 31 74 77 34 -80 -98 -58 -58 67 -88 -92 -89 37 53 6 24 57 -66 -38 -14 68 38 49 -18 -76 -18 
24 23 -61 -83 -46 78 58 -75 -52 44 -75 -95 -6 -69 12 85 -72 89 16 45 -20 46 47 -70 99 5 -49 68 91 -11 -89 -46 -57 84 -30 83 60 -56 -48 -42 80 41 -29 58 95 96 -22 78 0 -26 -84 20 26 -75 -22 29 -32 45 90 -4 -16 76 -16 72 -63 44 24 -71 -78 24 -12 35 88 -87 -46 75 24 -45 55 -98 11 -31 92 13 31 54 41 95 62 -80 99 -87 -62 65 89 87 89 -82 92 87 -97 -69 -77 79 -97 -57 -36 -78 -15 -78 -90 
54 15 -11 -86 67 35 79 -81 -34 -1 99 47 2 68 61 50 -14 16 -55 -53 -23 -69 -55 -70 79 -25 20 90 -29 -45 -68 73 -18 -21 -66 -62 -56 3 1 -18 -86 -3 -60 45 -86 -68 56 7 98 68 -16 89 -99 -59 -65 91 79 -52 -99 46 29 -86 -97 -71 -29 -74 14 74 -32 -59 15 -3 -16 25 -14 100 -45 23 -85 -100 73 14 -51 45 15 67 -52 -63 -40 -40 -95 -89 -100 -61 32 96 -96 -13 5 -61 56 -80 -24 9 -95 -13 -91 -92 46 -93 -77 
69 -37 61 -19 -16 -100 -38 86 -66 58 -96 98 30 -12 -28 64 55 -19 -16 -75 80 79 50 67 63 40 90 4 60 -68 -58 -52 -60 -38 23 39 -7 -55 26 95 -15 21 18 -83 -17 49 13 -48 6 70 40 -18 59 -81 -95 -63 -28 91 79 39 38 90 -60 82 40 -1 12 97 45 -87 -100 88 84 -98 -19 95 13 -41 35 -65 -10 18 -38 -16 14 1 14 -56 93 -46 -17 8 28 61 -56 39 97 -57 29 53 -55 -93 -20 -22 48 0 36 -95 28 29 63 
9 26 -59 0 -64 47 -33 88 16 36 29 -92 -14 65 93 69 -72 55 64 37 38 -78 -4 -4 -90 91 23 88 67 -48 -28 -59 -34 -85 -76 -21 46 -84 76 -40 67 -59 20 91 -66 -49 -38 -6 47 -7 -100 24 -51 78 -30 99 41 -22 -94 -49 75 -92 -15 51 80 66 -51 58 60 69 6 -16 34 -12 -100 56 -92 -93 -9 -79 29 -55 33 50 71 -98 -39 -73 -42 69 -41 41 29 50 -82 22 -96 84 -15 68 -94 -30 21 18 -84 -92 17 -64 72 41 -42 
-10 -68 -21 70 -61 -22 -9 -51 -19 -29 -50 -98 -90 55 20 67 -52 68 78 6 64 82 82 -57 86 88 9 -44 -4 -37 1 45 -47 72 -24 -71 99 -74 18 23 8 79 -5 45 -77 -2 -89 49 -57 88 91 -26 68 87 34 -57 68 -98 -81 -3 4 8 50 32 11 -62 22 97 -14 -32 29 81 -86 2 20 100 -14 -67 4 55 -6 -78 -69 40 71 -4 -62 -21 64 -63 14 -17 78 -8 -23 32 8 26 -5 -32 59 -33 23 46 36 -44 20 84 -95 45 55 
88 -35 -52 98 69 -75 -55 -97 -40 -52 77 -89 25 66 80 68 -37 -71 83 13 19 61 27 -36 55 25 79 94 68 59 -99 63 12 100 -75 -58 -67 -53 96 -59 -44 -18 -82 43 -76 5 -6 19 65 75 -27 91 67 -52 73 82 -81 -89 3 -1 95 89 76 -62 60 10 -71 77 22 -92 -48 21 -69 -72 83 -5 -67 17 88 71 -39 75 -81 -64 51 -43 -51 91 -33 11 85 7 9 11 -97 -55 35 -22 36 76 28 -8 -21 17 24 72 0 -23 -78 30 80 
69 57 75 -6 -28 12 -51 -78 15 38 -78 -29 25 59 49 -29 -50 26 -9 13 -90 -5 31 -37 -45 -46 -61 -7 65 -4 -15 80 47 79 -23 55 -4 36 -96 -58 75 -72 72 -19 -78 -7 -21 -38 -58 -26 -17 -91 46 44 68 65 -100 -81 76 29 -42 -87 -32 -70 -50 10 -4 19 -96 45 44 9 70 -14 34 21 -69 -8 53 -71 11 -13 14 15 -95 -41 -57 26 -5 76 71 -19 -71 5 89 87 17 68 -88 -17 -85 -40 51 -40 -17 91 61 13 39 -3 79 
61 45 70 -43 60 47 57 0 65 -17 -97 -5 -91 24 94 -85 -35 -45 -88 1 40 -96 -45 62 -49 -14 53 -10 -41 -41 14 -69 36 -14 -56 76 -65 71 58 31 -72 -4 59 80 -61 -95 14 21 27 33 -34 7 -71 -65 -19 71 57 5 -65 -3 19 -95 -29 -23 29 -90 -10 47 -48 -72 -58 80 77 -83 13 -92 18 -94 40 84 -69 -3 -50 -60 91 -95 89 93 -76 41 -54 -64 78 27 49 -83 -64 -39 75 88 77 -40 22 33 -74 -97 20 8 -81 -31 -52 
-62 -75 -21 -64 19 55 -13 -85 86 -59 -48 -85 85 -85 56 -39 -4 -39 54 -4 74 -2 46 -72 83 33 -55 29 96 -80 -7 2 47 50 -37 -76 -67 -19 82 19 54 -96 44 -78 -100 73 70 -82 -58 74 37 -28 -43 -27 -79 -82 -38 -28 78 -78 22 31 -77 69 61 -63 43 -32 14 82 -79 -14 -64 -93 63 74 -95 78 5 85 -41 -25 -68 100 -21 65 18 12 -93 -33 80 -1 29 47 -52 -50 51 23 46 42 -42 0 34 78 35 -76 3 79 -71 -94 45 
-86 4 -62 -78 96 82 -15 12 -65 49 -87 82 35 -99 -49 28 7 89 -7 -10 -4 69 20 -99 46 31 16 21 -34 15 54 -95 39 -85 -51 -86 -41 -82 1 -52 -58 -33 44 50 -17 -24 -9 97 88 86 -43 -79 -42 3 -20 39 -100 -13 -66 -52 11 -1 -53 -8 -24 85 -19 8 -69 4 96 78 2 -11 -51 38 5 2 4 37 -44 -17 -51 -89 76 -22 68 9 -58 43 43 35 -55 52 -82 63 100 -31 -36 -59 62 27 -78 -92 59 -6 38 12 -3 -91 65 
-24 -26 65 51 6 93 88 -80 63 87 89 90 70 30 -18 -38 -44 25 45 90 -66 -78 85 -15 -61 -43 60 100 -7 -12 -76 -8 9 -73 53 4 76 -20 -22 -39 12 16 85 45 -13 -89 -87 8 25 0 -30 11 14 87 44 -96 36 97 -84 100 23 88 92 65 -8 -36 -71 87 13 -55 87 -70 -69 17 67 40 -85 90 23 -71 -67 -27 68 -25 86 -98 -73 56 -100 89 45 -8 47 0 -52 -100 68 70 6 28 -56 -2 81 4 93 -4 -66 79 36 73 -6 
-90 20 11 -75 -41 38 76 56 -52 89 6 34 7 -28 0 -94 2 -4 9 -100 -57 75 -12 23 22 -78 36 84 -66 6 -15 -62 -95 64 -11 -27 -77 92 -50 -18 76 -94 -22 74 -97 -9 66 -73 6 -66 1 70 -97 54 -96 -28 -61 -54 -32 75 38 -66 -79 31 61 -83 91 -36 87 81 -92 36 -98 -31 -72 -84 1 30 24 67 0 -86 65 4 20 -71 -97 -29 85 -41 50 -17 -12 62 -98 -86 -86 49 -78 -7 6 -63 0 44 31 -73 13 71 72 64 -98 
50 -99 18 49 -85 77 61 87 69 3 31 -2 51 54 63 -29 -84 67 96 -9 68 78 94 -47 68 47 -90 42 -89 70 -43 95 26 96 -49 -28 4 17 75 -44 74 1 -22 -19 -97 -88 36 93 32 -14 78 -4 9 -45 96 67 76 95 43 62 74 13 -34 92 3 -15 -31 -39 -50 77 40 -65 46 25 -62 21 -64 -43 73 -51 -77 -24 -25 31 -36 25 91 -28 -84 -9 -33 -87 -37 4 -26 6 -44 -42 -3 -60 -1 34 21 55 -31 92 -53 -8 50 10 16 
-8 -61 -75 65 8 -3 -95 13 88 90 4 -53 56 4 -44 -14 -69 -34 8 98 71 67 91 -94 -49 -34 -97 24 45 -38 -54 43 -81 -60 -25 -37 81 86 2 0 39 -36 -66 77 -35 -55 -94 1 89 38 23 -1 97 82 31 20 -58 -67 -36 7 65 77 25 89 29 -100 -27 98 -52 49 -61 61 70 92 2 15 43 10 38 97 -54 98 -65 51 -71 -89 58 -55 8 -19 84 0 -38 -41 30 98 45 18 35 11 -93 -66 94 -84 21 -84 -10 31 58 -46 -75 
-52 48 -39 32 1 52 9 -48 47 96 -67 -23 69 -5 90 -85 63 -35 47 -2 -94 -71 36 -47 49 3 -64 45 77 43 16 -89 1 1 -3 24 -48 0 -89 70 49 34 39 -45 -9 -74 -89 21 -61 82 87 31 80 -13 -85 -13 24 77 9 -28 60 -22 -79 -61 30 -31 -8 38 -14 -29 90 -46 -47 -72 -58 -35 -77 -95 7 -21 5 23 -2 -12 -17 18 57 -19 -93 89 100 61 -43 -76 87 -82 -47 -60 76 -95 -38 -39 15 -63 -22 51 58 -92 -98 44 25 
52 -11 25 74 68 -71 23 79 -66 -72 59 37 -13 74 46 27 9 85 -17 -56 -72 42 67 75 59 27 70 -83 27 22 -40 -72 -100 46 14 37 -88 -74 0 -72 82 70 74 55 91 85 88 53 -81 86 -66 90 40 -63 30 44 21 -73 78 -40 -97 48 20 -98 -57 -1 74 -57 20 -93 30 27 -34 4 35 92 -100 80 82 36 -8 60 -64 78 100 -72 -8 21 -88 -89 -52 47 30 55 49 25 -2 85 -24 -41 -10 -14 35 -47 91 -26 -95 24 20 -55 66 
-48 -10 98 -66 -65 -76 63 -11 -41 19 -99 -50 -29 52 -2 -71 43 47 64 48 96 -14 -92 -65 30 -76 99 -29 -39 9 -56 -67 95 -28 9 -12 41 -45 -84 -43 14 54 96 38 -6 69 59 85 -69 2 22 89 -29 78 81 -59 -8 -68 84 -8 28 -63 -78 -65 76 29 12 -6 9 68 44 -19 40 -29 11 97 26 -36 81 -63 -12 88 -44 -65 26 1 -57 -16 -39 9 -93 -26 45 23 -18 73 35 45 -48 62 -8 59 -16 53 98 -98 64 18 72 96 72 
-92 -36 -76 -59 -20 -86 8 -79 -17 52 94 -92 -23 -91 100 76 88 88 -20 36 7 -77 30 -41 -83 -32 27 76 78 -58 7 1 40 94 -72 -27 -71 -48 68 -79 -40 -64 -20 1 -2 -27 -34 3 96 -7 22 -7 -48 -27 52 78 38 -28 57 52 -54 -34 57 11 10 41 59 62 -84 -10 11 -48 -24 -65 65 -57 82 14 -88 50 -35 47 -87 96 95 98 -81 28 -57 92 -80 43 -5 -39 -32 23 17 -42 -59 87 52 -55 -60 -54 -75 72 -68 78 -34 55 -15 
17 -10 98 -55 -89 -85 51 88 34 41 -44 0 76 -56 -22 -8 60 -39 -38 -20 51 -62 -96 22 -51 0 51 36 -75 -99 -17 -80 -12 -40 -3 -77 20 -76 -54 55 89 -79 -72 15 66 3 86 44 -90 95 14 98 -37 -34 36 87 18 60 52 -82 -87 -50 68 75 -96 69 61 11 -98 46 -32 21 13 20 -98 -27 11 -3 31 -98 -86 -87 -82 -34 100 71 -26 -75 -68 27 93 -86 92 -80 13 -87 59 77 -81 34 -2 -26 -8 92 -63 -76 52 4 47 42 46 
-68 -65 -78 -18 -87 -50 -77 -83 93 11 -72 61 4 -62 -83 -73 -91 57 -43 84 -37 91 37 6 15 -98 89 39 13 -1 -95 -21 -28 -50 49 92 -75 -94 88 -58 -55 -54 -85 -29 46 -92 -11 21 41 -3 -100 -6 -81 -4 68 85 -93 39 -10 78 26 43 21 70 91 91 12 40 -88 16 54 79 -53 97 43 77 13 -84 35 64 -4 16 50 33 -7 0 41 -84 -89 -31 -99 58 -55 -46 -80 96 10 -11 -44 84 38 35 -57 11 8 -57 -41 -83 -98 12 -42 
81 91 -47 -10 28 -60 82 -82 -15 -50 86 43 18 -54 -71 -15 -81 -97 78 38 98 48 4 -66 -18 83 -3 -42 73 54 93 89 -97 29 34 28 -84 52 -11 0 -44 -43 -60 -92 -68 -5 -15 16 5 99 -6 13 -50 -86 18 -34 -21 -40 -13 54 44 37 58 35 -38 -66 -36 70 -6 36 14 -7 10 -97 81 72 97 46 -68 -83 85 -34 93 -49 92 39 8 -41 -83 19 85 -93 -57 -51 -1 -81 76 19 -52 -63 32 32 98 84 -59 53 -69 12 -69 -89 -66 
96 -8 -43 -88 -72 1 -41 87 -88 -95 7 -85 -74 -32 91 35 91 -59 77 -26 -8 28 -16 -48 -74 -58 -40 -72 25 -74 73 24 -23 -52 -20 89 8 43 -28 -54 26 -88 92 56 69 -72 30 -23 -88 20 -30 -40 -17 -27 -99 -43 -61 12 -47 -52 -54 58 100 -76 -54 -35 22 -60 2 -46 -96 11 -14 -32 -50 -84 -27 2 -30 -55 39 -33 78 -22 -36 50 72 -82 60 -53 -45 39 18 -53 63 20 39 -48 12 37 8 67 59 -40 -62 -44 -34 62 -15 -92 -60 
-91 58 68 -11 34 -69 51 61 -41 12 -92 -12 -53 62 43 17 -77 -84 -63 -71 97 43 18 -1 -57 17 -1 60 66 -34 0 -13 37 -25 50 74 -76 -22 -68 -25 22 -16 13 -30 -7 -52 86 13 3 -56 40 -95 -38 -59 57 12 -31 14 -67 89 -46 -53 -35 -93 14 -83 74 -16 -46 77 76 2 46 66 11 44 -47 25 57 -13 -91 47 -85 19 60 -46 -79 65 37 -96 -24 -19 79 -85 70 8 -87 -76 43 80 78 15 -56 -90 8 -2 89 -6 24 31 -89 
-74 0 20 -55 -24 34 11 -75 31 -61 -91 29 31 -61 -58 -8 25 3 58 -77 -54 99 24 49 -11 50 -22 -58 4 -48 33 -70 17 -34 -32 2 -51 67 -20 62 -86 -36 -28 78 -70 74 98 -49 13 -59 56 -90 83 -52 -49 51 38 -47 -18 -53 -54 54 -61 -79 13 -28 -96 -42 44 -27 -50 -41 -52 13 -91 83 -89 -98 -91 32 44 -94 -5 40 -21 70 -23 -23 -54 9 40 -18 -92 -66 -14 -65 -14 26 65 68 21 25 56 -84 32 -88 -63 51 -17 96 -52 
49 -24 30 -92 43 66 32 83 -74 -18 86 -21 6 -86 -96 10 28 -45 -25 94 -4 -2 16 18 83 -55 6 21 -34 19 86 -33 14 82 -1 52 -89 -48 94 49 86 60 87 69 -58 18 -97 28 -13 40 -17 43 72 15 -63 86 -33 -39 80 41 92 39 56 -37 85 100 20 -21 -62 -64 -42 -37 -69 -31 -89 -61 58 53 58 66 61 90 -27 39 -15 14 -48 -4 -7 -28 64 91 23 -98 -18 93 68 -10 -51 74 81 57 24 18 3 -9 55 -10 -43 -53 -48 
-59 -2 50 65 -33 -92 46 86 -76 34 68 85 39 35 37 -14 13 -92 17 -15 74 46 13 -37 0 -48 18 -44 83 -32 47 -13 -7 -16 44 67 -82 -88 -13 -41 -43 -4 85 -75 24 11 -22 100 -29 -17 86 -22 16 94 -21 67 73 -39 57 43 -77 90 -94 -4 65 -48 -11 69 -40 -91 27 36 16 74 99 -4 9 15 47 46 -77 -76 -98 -3 19 73 -66 59 -86 99 49 -81 69 -15 -66 0 36 -26 -59 38 -87 -66 76 16 -62 -37 -56 60 -27 65 89 
72 54 -51 -4 -26 85 -36 40 16 -11 42 -37 48 -65 -62 59 22 -88 39 62 62 -92 -41 -11 -56 12 -8 -31 69 -84 28 -45 3 17 26 52 -52 89 57 26 78 -32 73 57 -66 26 -96 -4 40 4 -44 19 -96 -52 -4 59 14 79 52 78 58 -61 75 87 46 -68 41 -36 35 -57 -5 87 -6 -5 57 -87 -50 56 -80 90 -53 -33 -2 56 -6 40 -26 26 34 31 63 -100 94 -2 64 37 18 -41 -2 60 48 93 43 26 74 -4 41 -6 -95 53 11 
-48 54 39 -37 -48 87 -53 -82 58 42 -75 78 53 38 -71 19 67 73 -83 78 -81 -48 -15 24 -41 65 -18 -24 -82 59 -98 -41 32 -7 -23 -19 -53 63 -46 -56 45 -18 99 -31 -24 10 -100 50 -36 49 83 25 -16 66 77 32 -72 -63 -96 -76 11 -61 23 17 75 22 -2 -5 -50 87 99 -2 -34 78 94 -38 -88 -84 -68 -89 -71 -31 -10 94 8 -70 -39 14 60 2 39 24 73 -53 -26 34 65 71 -82 21 -25 -41 -78 33 -77 70 -11 -4 -90 -19 -60 
5 50 64 58 -79 46 -49 -66 -69 -11 74 34 -50 -81 7 59 -26 64 -55 -55 -100 -45 83 -66 -88 45 45 44 83 73 -61 -43 -32 85 86 -39 -35 35 48 -72 -74 37 27 89 33 48 20 0 100 -82 -24 20 -83 -23 -88 98 50 -3 -11 -65 -56 -23 32 -32 8 37 12 -11 14 -89 -39 -14 -68 -10 42 84 -85 -37 -48 12 -6 82 57 8 -85 59 -21 72 93 82 26 -79 94 -12 -80 79 26 -64 -66 -59 7 25 95 54 -12 88 98 100 71 91 -19 
54 7 -60 -99 -50 -70 -16 97 -64 -28 35 -76 -4 53 -99 -54 -51 -24 63 71 -37 -7 -19 44 13 87 -32 -46 -59 -38 -4 -77 63 31 -94 -20 48 -33 -67 -19 -86 -38 -43 -99 -90 54 20 58 -47 81 -77 -11 74 78 -62 17 -16 85 65 -24 44 15 38 -29 -66 0 26 -88 -81 45 30 -37 33 43 51 86 -7 -16 -83 86 10 61 -24 88 -81 25 -17 -5 12 50 -40 49 37 19 32 -86 -25 -73 40 13 -62 39 71 -85 -77 -18 32 34 -60 -34 -73 
-8 39 -13 64 40 -15 -55 -48 -75 -70 -92 100 93 88 4 46 62 3 11 65 26 -11 -64 -74 -82 70 -33 -90 -95 50 -78 32 7 -63 98 -24 99 23 -23 -59 -83 -45 -61 54 9 4 -54 53 14 -30 74 83 18 -40 45 34 -18 92 -93 -64 31 -80 36 13 94 -17 70 -18 13 -9 -80 7 -88 58 71 -10 31 22 -9 -25 -84 85 -22 -57 12 -51 -92 46 77 -77 85 -38 -96 -46 -16 9 -95 53 -22 0 54 -42 54 -49 54 17 58 54 -44 -4 8 
-73 -73 57 25 -76 26 9 -73 -23 -49 36 17 81 -93 -27 -16 35 58 -26 46 -25 -47 19 3 10 41 -52 -70 -5 79 -75 16 -2 13 36 73 -37 55 -46 89 -84 70 92 92 22 -87 -21 93 -95 12 89 -19 -7 -96 80 -52 -86 22 13 67 65 -43 -17 -9 94 -49 81 91 -61 -98 60 1 71 34 54 -10 75 70 -10 80 79 57 100 64 61 18 44 -19 -43 -18 12 30 99 -19 30 88 8 25 -82 88 -75 21 22 88 -14 -29 -76 89 75 62 12 
-41 86 -94 -69 -90 20 -98 -71 0 -10 -35 100 -12 29 78 -62 48 -43 -88 -17 24 100 79 -47 -74 45 13 -65 9 60 -94 -60 80 -3 8 -29 99 75 36 -68 -46 13 82 80 95 -71 -89 45 -75 98 72 44 -59 69 0 -51 18 -60 -69 73 82 -9 -25 50 86 28 94 -73 55 -45 68 67 -74 -93 19 -14 -46 34 -29 -42 96 48 24 -34 34 1 88 -65 -69 37 81 -3 68 52 -3 -47 84 -92 61 13 65 -60 72 5 64 4 23 -64 47 -53 60 
5 -26 0 -24 17 -63 28 -50 -17 -67 -9 -22 -50 -6 -1 -11 -39 -75 -88 -10 -99 50 26 -89 -48 -97 42 -13 -36 34 76 13 30 82 -12 -100 -65 -96 48 -75 64 -46 18 -50 -85 43 2 24 53 2 -99 37 -42 95 43 -34 5 86 76 -87 35 -68 -57 -74 75 16 39 40 -88 -1 -47 57 62 -78 20 22 54 3 -74 -81 -99 2 -38 -29 38 15 73 -77 -94 18 3 -20 91 -90 40 -96 -29 59 31 36 -14 -21 55 -89 -21 97 -92 66 92 81 -37 
-89 10 32 70 -66 -87 -33 -81 -27 84 84 12 30 -34 57 47 -73 11 7 -8 73 41 1 88 -44 59 -85 -11 39 48 -77 49 5 48 50 -5 -9 -80 93 -31 75 25 -67 -16 -33 -56 -26 94 86 26 -26 100 -7 -81 57 -94 71 85 -62 82 89 56 94 76 61 -94 -46 37 -98 -20 62 65 -29 -52 -66 69 -75 33 -64 -51 73 47 73 71 41 -5 -72 64 72 54 -41 -85 -3 65 65 4 -50 -55 56 -6 -51 40 51 60 -20 4 6 24 41 -19 32 
38 64 -76 -82 -98 -41 58 -5 83 24 37 13 -95 85 -46 -84 -42 9 63 33 13 67 -59 68 93 81 -30 -99 -87 1 56 62 -58 43 -20 -37 -44 80 -49 -65 -93 61 49 0 -49 61 -36 -53 -30 95 -39 78 -16 -16 60 -43 -3 25 -69 30 83 94 70 -23 -23 -43 -90 -5 -5 -90 -67 91 47 93 58 4 68 -19 -11 87 -33 -50 -74 85 -99 -74 -87 61 -84 -2 55 -68 -66 -65 -31 23 11 -11 -19 25 -46 -87 83 76 -96 -25 61 -70 -14 -50 -99 
-70 1 79 10 -87 79 20 -100 -98 14 2 -9 84 -69 3 20 18 46 91 73 40 23 -62 30 -99 94 -86 -53 90 -2 34 20 71 -83 10 23 -93 -74 -91 -45 -67 88 89 -70 14 8 86 -52 -4 -51 41 60 83 -93 88 -14 92 -14 -17 -28 98 -98 65 -31 -49 28 37 32 -67 84 81 28 -3 32 65 -22 93 -1 -8 39 25 1 -34 -4 14 8 42 -8 -47 10 -77 70 17 -89 -43 -19 -84 63 -7 69 23 -35 -57 -59 -98 99 -55 -60 -60 -68 -11 
-64 44 -21 -23 -60 -15 -79 -82 -78 -37 18 57 87 26 50 -82 -12 -68 76 45 89 -14 -90 -35 -89 25 4 86 -26 -98 -11 84 45 33 -25 -66 -79 -97 12 34 -1 39 -46 -62 -7 21 12 -34 -91 62 -10 34 -52 -20 -2 -69 -98 63 -4 55 54 -6 73 -62 93 -67 -64 11 -92 -92 -93 -97 -31 29 56 16 64 99 -73 -60 -77 97 36 -72 24 -49 -39 85 92 13 -95 39 93 17 52 -17 -61 17 45 -8 -82 -16 58 -50 95 94 -12 -78 47 21 60 
79 -11 -44 -20 -29 -95 -77 72 -48 20 -87 12 -15 89 90 61 -39 -53 4 -79 82 -85 84 -19 -10 38 -46 -84 -60 -3 59 84 -69 -99 -8 -95 45 81 -83 -80 10 -93 -44 -3 33 -73 51 -29 -34 -53 20 61 -21 21 -54 8 -67 -67 28 -23 -7 42 71 -6 38 0 47 23 -25 41 19 -30 -35 42 49 -47 -25 -4 30 -79 -32 19 -90 6 -80 -58 -28 -74 63 94 81 9 46 -30 13 26 -6 -49 -63 39 61 84 -34 5 -10 -6 68 -58 14 70 37 
70 -71 -84 95 -14 -57 27 36 -86 -30 -57 -27 55 -45 100 76 80 36 40 76 -46 38 29 -1 -99 -76 3 -50 -99 -6 53 72 2 59 -99 -78 8 64 32 14 -74 36 -99 69 -78 13 -35 6 41 -88 93 24 -36 -40 88 -29 -10 21 84 -74 97 -71 38 4 67 -94 32 67 53 -28 -41 51 -27 98 -10 -13 98 -8 45 -34 -41 13 -52 -64 -3 -68 -7 -32 -52 -35 13 50 30 61 -75 12 -38 94 -96 85 -23 -56 -22 85 -3 -81 80 -82 -63 -61 92 
7 -71 4 8 82 52 -51 -69 -95 -20 -64 -23 -49 -56 53 -36 -39 -96 -60 94 98 -24 -23 88 12 48 -37 68 31 -44 -32 16 -55 -83 5 49 2 -81 -69 -7 -85 76 -5 -43 -43 30 -75 -9 76 -62 23 -40 -54 92 81 84 66 95 88 5 44 91 -1 70 51 -47 30 -46 -43 -91 34 -39 -80 -92 8 -79 -74 -30 -78 -98 52 89 29 98 20 -62 0 -86 -68 51 -89 39 -56 61 -4 -72 -16 60 66 6 5 57 85 81 97 9 -48 56 -56 54 16 
-30 75 54 40 95 99 -30 91 78 27 26 -90 -97 -87 59 63 82 49 98 -32 -47 8 33 6 11 -76 37 57 2 -55 -31 -58 90 13 -16 20 -6 -20 -26 -24 -27 -40 -60 -84 -56 -51 82 17 61 -10 -97 96 -63 37 -10 14 -92 26 17 -28 -63 -60 -87 40 -27 -24 -43 -71 61 -80 44 -40 -61 -82 -75 55 -23 -98 -52 87 86 63 89 -100 -9 49 -87 -7 98 -12 -73 -71 -48 -83 38 97 -26 -52 33 82 98 -53 -69 64 41 79 -73 40 -73 -98 -47 
38 -6 -62 32 30 96 -43 -4 16 62 -20 60 -79 80 51 0 12 10 -68 63 44 28 -53 40 -74 -4 -15 48 -56 -85 -46 55 -91 -12 89 -17 -40 21 -73 74 -30 -70 49 19 -68 -83 -16 16 -28 -41 -30 75 -27 12 -23 83 29 -92 -31 -55 95 13 -82 60 -59 -81 5 -39 -99 -93 17 -4 86 40 -87 -46 87 53 -26 -43 28 -36 -24 59 -13 -58 93 84 26 27 79 16 27 -96 -37 78 -41 85 98 12 41 -58 -56 96 31 -70 37 -77 89 85 -50 
-51 99 54 -6 -64 88 70 -99 5 56 -80 -61 86 -26 -42 -98 -65 -3 9 26 -36 -51 78 43 -63 93 68 42 93 -12 87 -8 23 -84 23 22 -25 -44 99 89 -95 -97 -73 95 37 -37 8 58 53 30 53 -46 40 76 -66 49 -20 31 11 -90 -76 92 30 23 -43 -47 -64 4 34 54 -70 -86 26 2 -81 -90 41 43 3 98 79 94 -7 57 -85 -44 -93 -18 14 24 -51 79 33 -8 41 -33 -67 91 -22 -8 -86 99 15 -16 -86 30 -61 17 80 -78 -96 
-44 45 65 -25 -71 40 -33 2 -7 -96 30 78 4 -100 -11 -81 74 -79 17 -13 -74 -17 -55 47 87 -29 37 8 67 -35 38 -48 89 23 -22 -45 56 -5 -66 -79 -32 -81 -59 -49 -58 96 44 92 -45 -65 -30 83 89 -51 37 -17 60 -65 -62 46 -76 62 -11 -61 33 -97 4 -47 -11 -75 -61 -64 -5 -97 -93 -20 -61 -96 64 -73 99 -26 -95 -76 18 24 15 -59 78 -62 21 74 -76 43 -62 99 80 -23 12 -59 23 -99 -67 7 86 -1 49 -59 26 -26 66 
