27 -39 -1 -81 36 -85 6 -74 -36 77 80 84 -5 -39 22 -81 87 78 62 63 90 -91 -90 7 -35 -56 71 -22 -26 -82 -94 69 66 -21 6 -20 72 -61 9 27 39 -99 41 92 60 36 76 -32 90 -63 47 -4 48 -94 32 -26 -44 40 -46 5 -41 -88 40 67 23 37 2 -50 -81 -97 -79 -23 -26 -6 73 55 -47 -51 33 
-12 8 -87 -13 34 55 -25 48 -33 68 -35 -92 54 -38 83 43 72 35 6 -94 59 -12 -76 34 16 -27 -55 -83 66 62 -60 17 20 -47 -34 -77 81 -55 -68 -74 -46 -35 59 -61 26 -78 -4 10 1 86 88 31 -48 35 94 42 -28 18 -73 66 39 -77 17 -19 -37 75 81 -83 44 -44 -94 -13 70 -81 -48 67 -54 -69 62 
-72 99 -43 63 -47 55 68 -66 50 -47 -52 84 35 32 10 -1 -13 39 66 -14 68 -47 97 63 -44 8 61 96 37 80 91 -21 9 -67 -76 33 18 56 59 95 -3 13 -76 -73 -13 -8 85 -58 -86 84 -76 -22 5 -84 12 16 51 -82 -75 27 29 -72 -53 -63 -65 -1 -39 -67 54 43 -49 -70 -65 -81 94 64 72 -27 49 
-90 -66 15 50 -21 -16 -52 -73 44 32 -35 -79 -100 3 -89 -15 -18 59 -59 -89 -7 70 -25 -91 -80 -8 18 -22 8 45 82 61 -10 48 75 50 -50 97 82 -64 -53 47 33 -24 -32 91 87 48 67 7 34 -39 -86 74 -5 81 -83 65 -65 -80 -53 -28 28 90 -3 58 -12 79 -55 -63 100 66 -34 29 -52 -42 3 -26 -56 
-36 -21 46 -20 -78 -54 -98 -66 50 36 -35 24 57 -19 11 23 -50 21 -5 19 34 -38 -17 -43 41 84 90 0 -69 -15 15 -47 -42 -93 6 12 81 28 -53 61 39 -70 -56 -86 89 -92 15 -79 -32 -79 -74 -27 -59 88 -17 -78 -79 -61 -20 26 -24 -17 7 -79 -84 27 -98 -82 -11 -17 28 -90 65 -100 3 -8 85 7 78 
66 -80 53 -28 1 -8 -59 57 -53 -58 -19 29 -60 -43 -60 96 -42 77 20 -19 -27 39 81 56 19 46 -5 58 37 88 39 -56 -79 -82 -50 6 9 -79 -41 -95 20 -76 -74 0 -13 -58 59 18 11 -66 -27 -50 36 19 90 -36 -13 44 87 -84 89 42 64 -35 -91 -43 -14 -42 5 35 -69 -19 95 88 60 -8 -18 -20 96 
44 38 -33 -37 -8 2 1 -95 -89 40 81 -2 -23 25 -67 72 -36 97 -40 -9 -97 -86 -68 -78 18 47 37 -58 -3 -24 73 -62 -46 70 81 60 59 85 23 78 54 -77 76 -48 -68 -34 44 -79 100 -85 88 48 12 78 -19 4 75 9 95 -44 -5 59 5 -34 69 -47 66 20 -3 -14 -64 -3 -46 -96 58 -32 35 39 -79 
8 45 -2 -7 91 -30 -91 -76 18 32 -15 -33 -88 19 37 28 75 56 -26 -18 -48 14 59 -90 90 41 -13 -42 -68 -56 70 -79 78 52 42 50 92 -32 -95 51 -56 -42 -57 48 -59 55 53 40 89 -61 -21 -97 73 8 -100 -54 73 -34 -2 -36 -30 -94 35 -1 21 -56 90 12 -11 68 48 95 6 -20 36 54 -53 -98 -77 
26 -6 -4 -90 33 -75 54 -63 96 59 14 41 -32 -62 -18 -5 -18 -84 -13 -63 -53 63 26 -94 51 84 65 -54 10 100 77 70 -9 -1 -53 -1 87 50 0 -1 -4 88 -53 55 14 -86 -43 -20 95 -44 88 57 22 45 -50 58 -86 6 -91 69 -45 78 -71 22 -40 -73 31 -25 -52 62 14 -76 8 87 -35 -97 48 18 88 
63 62 -35 -73 -51 41 -74 -35 77 -61 -94 -46 -36 1 -34 43 -41 -37 26 -15 20 -10 -21 94 15 15 71 -53 17 14 22 51 83 -90 -96 65 62 -15 -87 5 57 72 10 -19 90 -41 99 -93 -19 -12 -86 2 -2 4 15 30 -86 29 76 -96 12 -99 -62 5 -44 -94 -25 80 88 72 8 -82 -94 -4 70 53 -85 -71 -11 
-30 -92 76 47 -61 35 -32 8 -66 34 -41 -34 69 -87 -60 10 74 -10 -66 39 84 24 -95 1 56 -35 70 -46 85 -38 48 84 -93 -35 -75 -39 15 -37 -37 -70 -88 -36 -67 87 40 -94 -51 18 34 -25 -89 10 71 -36 43 92 7 -46 -98 74 -2 23 -4 -12 31 95 43 51 46 -83 -79 29 6 -81 -66 -13 75 94 28 
-12 -31 -58 53 -47 91 -44 -98 15 83 41 41 -98 18 55 -20 -92 10 -95 -45 13 -26 -46 -16 38 81 28 90 43 -77 -28 54 -20 44 -9 14 -53 -49 -68 2 42 -11 -10 -62 -95 -55 -90 -96 -64 -70 -100 63 -78 100 -85 -69 -20 -16 54 -71 91 67 77 -25 -90 80 37 85 -28 -96 15 22 93 -52 -73 78 44 -25 86 
33 -19 -32 -71 -96 -60 28 -91 81 -5 0 -44 35 14 -97 90 53 16 5 26 63 -8 6 -7 -46 -76 -82 94 -10 -55 39 8 -17 -97 -48 90 -29 85 40 57 53 95 -32 45 20 2 -28 -37 58 49 10 -83 78 -25 58 -35 -20 28 -56 -94 67 -98 -53 -59 10 -6 -14 88 23 -8 29 84 1 -49 -99 -44 -3 96 -57 
10 -46 11 -75 -10 -8 -45 -19 -85 76 50 -78 16 73 30 98 -72 27 57 66 52 -92 49 -9 -70 -29 -80 21 -58 75 -37 -64 -92 -96 -27 51 60 -40 -24 8 1 -93 23 -9 -32 96 57 -59 53 -40 -67 -98 -95 35 -50 -94 77 64 26 -10 -85 43 64 52 -72 46 82 8 27 -93 38 -81 70 42 25 33 -92 -91 -23 
-91 -58 44 80 -59 49 -4 -64 61 -88 26 -98 -86 16 84 38 -9 11 91 49 5 -19 -34 -82 -1 41 9 43 7 -2 13 -21 -48 -66 -99 -52 91 41 -4 -93 -97 80 -92 39 86 85 80 38 79 -20 65 -72 12 33 -63 41 69 69 19 -33 38 14 -18 85 -12 34 66 1 86 38 30 -93 62 69 39 24 -1 -1 91 
30 -23 6 -9 38 96 59 58 -68 -46 70 89 -10 -61 70 7 77 -93 38 -75 -59 -26 52 -33 49 -76 75 -88 -90 64 -22 76 51 -37 -5 -66 48 -69 -77 44 71 34 -23 -80 84 -9 -88 35 -25 -2 100 -74 32 32 -58 82 100 40 -37 59 63 80 92 93 -84 -21 85 -61 77 64 -40 31 11 10 11 87 -15 4 -2 
-54 -45 -34 -89 42 65 99 89 -4 -44 -10 -51 -87 29 16 -13 36 44 -42 -34 -39 7 -61 -21 -99 -29 -38 30 22 10 85 89 46 -34 85 -76 45 28 46 -55 64 39 -87 30 -27 57 52 79 54 -64 76 -90 11 -51 -1 38 11 85 -71 94 21 -84 40 -32 -21 -61 -67 -65 -96 -73 -82 31 -82 -84 -85 -70 51 -81 -32 
47 -100 12 -40 76 -12 84 37 37 -66 62 75 11 -61 10 -66 -96 -38 -2 -80 -86 29 -53 -2 -57 62 3 27 -42 -78 -60 -97 -45 -76 55 100 61 14 -9 -32 -70 28 -78 21 45 -47 93 -21 -92 -2 7 -10 -47 -13 -80 100 56 17 -8 94 -30 65 -19 -87 -75 -8 66 97 95 -80 69 19 -43 -90 -63 -27 -47 74 -3 
81 94 -7 -77 -34 -8 81 35 -59 7 72 51 -30 -9 87 -71 -17 76 -18 25 -86 73 36 88 66 39 98 89 15 -60 12 22 -78 42 -32 37 81 -72 -19 -48 83 -48 -12 -40 -58 52 9 91 -92 -26 89 -92 -64 30 61 76 -95 -52 15 86 -6 40 63 5 -52 59 70 -38 88 2 80 62 55 -35 -47 16 4 -70 -22 
-65 71 1 -23 -28 -49 -44 -87 -1 21 -51 -87 -91 -83 -87 24 -11 -65 41 -32 -32 15 8 48 96 51 -92 -14 -37 -88 56 -70 58 -71 -19 -97 -25 58 -50 1 -82 -73 -48 65 58 47 -74 47 -69 -32 -66 15 64 -6 88 62 30 -48 -8 49 -39 -99 17 98 -24 -32 19 -56 -62 -47 69 -90 -8 69 34 4 -37 7 87 
15 -46 100 48 -65 19 -65 -1 -14 -2 75 -42 10 15 15 -11 -46 4 45 54 -75 80 76 9 84 1 -66 -7 -97 -84 -11 72 -48 -11 -86 15 25 40 -71 68 73 89 -52 58 8 46 56 -92 -43 -40 -96 -27 -24 87 -59 -4 -95 -20 -13 51 1 68 62 -95 69 12 -20 -92 -63 28 91 8 68 5 -39 -61 -79 78 2 
-28 -65 99 -5 96 73 -75 35 -59 -25 -36 -94 44 -52 28 86 -18 -73 72 -99 96 69 -50 83 36 -19 -37 -59 -4 83 5 -10 80 61 -21 95 -45 -90 -29 -62 -90 -56 37 41 65 -77 -5 -14 89 1 -39 -43 -37 -6 -7 80 -6 -75 95 -40 -34 -90 44 15 100 24 57 89 -39 -35 -13 -31 17 93 55 83 45 -96 -16 
20 18 2 -20 98 -82 42 12 -40 71 0 95 -44 -15 -24 93 93 -18 47 -87 -83 8 81 20 -46 -78 58 -88 93 -70 18 -64 60 93 -3 41 -33 -89 -30 86 -53 33 -90 -76 -5 61 -64 41 47 -2 -10 3 62 12 50 94 65 60 -39 95 -46 48 90 24 -32 -36 -50 13 44 41 39 8 17 51 25 99 99 -69 -39 
36 54 67 -100 98 -93 44 70 -27 85 -37 88 -36 -26 80 70 -62 41 -64 -98 72 -96 24 -76 75 59 42 -37 -8 100 -46 70 39 -88 13 11 42 -4 -59 -57 -24 41 27 61 77 -87 -41 -80 -26 -12 -42 21 70 -55 -44 88 21 5 -56 33 76 78 78 9 1 -79 -33 19 -94 2 -80 -56 98 -28 14 -76 53 69 -66 
-83 97 86 -60 -9 -29 94 -21 -73 3 66 21 -61 -89 15 41 -98 -79 33 43 -26 51 -49 11 -9 88 -3 -51 59 -92 75 56 -85 3 -82 -60 30 13 -35 -10 43 72 -74 -53 97 95 -16 -37 -21 -26 -86 0 -4 -9 -42 40 31 47 33 9 -85 -100 -89 22 -65 15 84 25 36 -31 14 -90 -69 93 4 -42 58 -8 54 
3 -76 26 -64 -4 43 -27 63 47 -21 -30 63 -58 -66 30 -7 59 -94 79 -5 -47 13 -53 -65 47 -6 20 64 -50 -45 -18 -67 58 -79 -94 -91 -30 -33 42 79 -56 22 51 94 97 -25 9 46 4 -19 26 99 -25 -61 43 -54 -41 70 100 44 88 53 91 76 -57 2 89 -36 57 75 84 -54 53 -81 48 -30 -83 -19 -63 
-32 -29 -88 3 26 17 -56 63 84 -28 -62 -14 53 -96 -95 -73 -75 49 96 13 21 -54 -37 50 -52 -11 -18 53 34 9 64 42 -5 -27 -4 70 76 67 91 17 -27 45 99 89 -97 71 93 21 -77 -68 82 -38 -3 -87 -83 -89 21 29 -62 24 79 15 -38 23 34 -25 30 -3 25 -93 14 31 15 31 61 -25 36 4 -53 
-2 58 -8 -5 95 -36 -3 -14 41 -61 -31 26 -30 56 -95 -22 -31 -51 57 81 97 63 0 17 -83 -53 1 19 14 -24 36 -87 74 22 -33 91 78 -63 50 -91 -23 -60 -87 -18 96 26 48 36 26 -68 -52 31 51 -83 -48 70 -26 14 100 33 -34 20 33 100 -80 -88 -20 -7 -84 -84 -66 35 -83 -28 12 1 9 -45 -83 
-43 77 59 -13 72 68 43 -97 -38 -58 -27 70 -2 -32 -30 -24 9 6 44 43 -80 -9 -94 46 -14 -58 -14 25 -13 77 74 -96 -18 92 -12 -14 78 41 53 -14 21 90 -98 -40 18 19 -59 27 70 -83 46 19 -9 -53 47 -75 -93 -84 -5 83 87 -100 57 8 -61 -71 -3 81 36 -70 24 50 -31 50 -4 -97 -37 95 12 
21 -64 88 82 -13 -49 78 8 50 -33 71 -71 -74 -44 38 83 18 59 -96 -99 -63 47 55 -22 -28 -94 -57 -37 71 -8 -13 6 38 95 -82 95 -32 -64 20 8 -85 -2 72 67 97 8 -58 -37 -1 97 12 -24 -68 81 -52 100 -76 81 -98 -40 -56 -1 54 -38 5 87 -42 -16 55 -96 -57 97 -100 34 54 -2 -3 -98 53 
-8 97 50 71 48 -44 -85 -69 -23 29 76 -29 28 -15 -71 -2 34 -28 -10 -81 98 -56 53 -55 -7 63 -71 52 68 -44 -93 52 21 -44 75 -84 41 73 -81 98 -30 68 -4 22 -31 -2 -33 -38 88 66 16 -97 60 -62 -97 97 -36 -78 89 -5 60 69 6 -34 -94 -88 -53 -80 97 -86 66 62 20 -69 22 91 -27 48 -56 
43 15 -69 11 16 -27 86 -22 90 44 32 23 46 -97 85 80 92 -14 -62 -60 -98 -46 82 -98 76 69 26 99 -32 76 33 -75 35 -95 89 -67 -61 -62 -8 -61 -64 -61 27 63 60 19 -27 -22 -87 11 64 -75 73 -63 -26 94 4 78 62 49 81 -19 -7 3 -21 -19 -23 -25 44 -86 -70 -32 -29 37 -39 53 77 89 -63 
74 -6 22 -92 -49 -84 -35 -24 -85 21 10 60 -16 15 -88 88 -23 -100 87 -75 -87 9 -59 -90 62 0 44 -20 -3 92 -79 -46 -56 11 -71 -65 -6 -41 -80 -23 85 60 -50 -69 -75 -76 16 6 -8 -2 -57 -53 54 32 47 55 16 63 24 -74 97 -39 -16 -37 -100 -41 36 58 33 -77 -23 48 -70 43 -53 26 69 0 -95 
40 63 70 -37 20 -41 45 24 -71 75 -23 -81 -20 -23 30 -22 -14 85 -44 11 83 3 -86 59 -6 -46 -90 48 -38 -27 56 -44 51 -50 99 79 -61 17 -80 -7 -19 -26 9 -20 84 -90 -4 95 -13 61 10 3 93 -83 52 -18 22 -71 24 90 12 89 -66 36 -60 32 19 -34 -2 37 89 26 34 -56 -25 59 100 85 50 
-55 -83 -62 40 -81 74 18 -74 -54 33 -5 25 -3 -20 3 -72 -7 -38 -33 35 0 6 -53 -11 59 37 3 -43 -74 10 57 -51 37 -48 -23 -90 -70 -70 96 -49 -93 75 -67 -80 34 85 82 -29 73 54 -35 88 5 71 15 -70 -73 -74 71 14 -46 38 -37 -37 19 -90 -26 20 42 44 47 46 36 -29 42 -33 -97 -77 -27 
43 -6 92 90 -37 20 -32 16 46 -78 86 -83 49 57 -33 3 -37 -84 -81 94 -51 -51 17 85 -92 25 -86 97 37 -38 -94 -34 -9 -89 -27 -83 93 27 -57 75 50 -20 68 77 21 -40 37 -9 -25 -4 -93 -83 -88 -97 -36 -54 -81 74 -65 46 -23 -24 61 3 -68 -24 25 41 -90 35 30 16 87 -58 -32 -95 72 28 24 
26 -73 -37 92 90 -22 11 94 -97 36 74 77 62 -93 45 59 95 -52 -66 33 -85 92 -23 52 -76 35 94 -85 -50 -11 -88 -41 24 66 92 52 -8 -15 99 -80 70 -79 -38 -45 -90 8 15 -30 52 -78 36 -46 57 2 -29 62 -84 57 27 -47 -92 34 63 -64 -68 57 -16 -12 0 -24 -97 -12 -38 10 43 25 83 -7 11 
82 -91 27 -82 -56 77 -75 30 42 82 -3 83 92 -95 7 14 -66 92 -82 -29 -77 -21 29 35 -43 50 -43 16 -76 -54 79 12 -60 -86 -12 -96 -28 -71 -48 97 -49 -30 -69 -86 4 59 85 -80 2 41 83 -21 -13 -96 -39 -34 -89 69 32 -80 77 -97 -64 -17 -28 68 64 26 94 -68 -93 -75 81 -35 61 -20 96 7 -62 
-67 4 14 78 99 38 -19 75 87 31 -29 -71 -4 -75 -72 -62 -34 70 21 -62 -93 -80 -87 -81 87 8 90 8 65 -94 34 66 -80 -84 78 60 -35 -70 74 -75 38 -29 39 -55 100 26 -48 85 68 -1 -73 -15 -14 44 -31 91 72 -37 -47 -91 -35 95 -99 -26 -84 95 24 4 -9 -95 -49 -15 16 78 76 -92 -3 67 -22 
39 -44 40 -96 -50 32 52 1 16 -38 -65 -65 -41 -80 56 75 59 86 93 -14 88 15 91 82 -73 48 94 -24 -80 4 96 -52 73 -37 -72 -7 47 -94 56 28 86 12 45 52 -3 97 67 66 93 -97 -57 -36 1 93 -43 -11 -96 97 48 15 22 53 -17 -9 -18 32 -54 -18 -76 -78 -43 53 45 -17 -89 -87 -50 -81 16 
10 -44 -2 -1 -11 -65 11 -100 28 100 -20 -42 13 -3 -83 85 -81 -35 82 8 30 -3 40 25 22 -8 -1 -72 -31 -30 -87 -89 17 -68 -81 88 77 -47 0 76 -55 20 -34 93 -22 60 50 95 50 12 -39 93 -3 49 -31 9 -60 -18 56 38 -12 -33 82 -72 -99 -9 -89 10 29 89 7 45 77 66 46 -47 -87 40 -66 
43 -14 16 77 24 -18 46 -93 -27 -87 4 38 -86 70 0 0 -28 -13 -20 -32 74 76 73 -82 -4 84 89 22 23 -84 -16 -96 37 75 -63 -2 -3 -83 28 26 5 59 35 7 -55 7 57 99 -57 -56 76 84 59 -41 52 55 64 55 -26 74 28 34 -36 69 -51 -44 43 93 -43 11 1 48 -97 98 10 -65 72 19 88 
-42 -85 -100 68 -55 -34 -82 -86 58 70 17 71 -56 -77 52 -97 7 -57 57 2 50 -37 9 -82 -21 38 -3 58 -85 20 -14 35 91 60 -18 13 -85 12 52 -30 95 -28 8 38 4 26 5 -41 -26 -47 -75 -47 -33 -37 94 59 70 78 -40 21 -86 6 -41 -34 44 -65 -22 -70 -93 -67 45 45 61 31 -52 37 -23 38 22 
67 72 -54 95 -73 -73 -94 11 38 -13 -85 -35 -22 7 -74 14 -2 77 -73 90 6 -45 -42 -84 -41 54 84 84 -4 -45 -87 -77 -58 28 -13 -98 95 -99 59 81 71 17 -10 91 -48 -5 -92 36 28 70 -96 46 38 -38 -68 -70 -14 84 -14 -26 72 69 59 -35 -43 -49 91 90 -38 84 57 30 73 76 7 100 35 66 14 
55 5 -96 -38 -91 -55 13 -98 -17 -6 -86 -90 -93 78 45 33 -3 -93 -70 26 -60 -42 96 -79 -30 7 50 19 -43 -27 -70 100 -56 9 -32 0 -49 22 7 -34 -3 59 40 -87 53 59 77 -69 94 11 -31 6 -86 50 -65 -93 91 -38 99 -10 61 -12 2 -30 -16 18 43 26 -44 95 -55 74 98 68 -63 10 -61 88 25 
64 67 0 12 -23 24 55 -63 -45 96 -57 -65 -20 -3 -90 -91 99 83 -14 -90 -11 -96 30 51 -52 -8 46 9 -32 -67 59 -14 72 96 -60 -45 97 37 99 -67 -62 7 -17 -86 -88 12 31 39 89 66 -94 41 61 85 49 39 3 -70 63 -51 -44 30 -54 -65 -7 33 47 4 -34 -64 -6 65 61 19 -40 -96 50 -33 29 
74 49 -30 38 50 -79 24 -66 75 -18 73 -80 55 -88 -51 66 -7 1 -9 -76 3 90 56 29 5 -3 58 55 68 21 -3 -85 5 60 57 -87 -7 51 -86 1 20 52 40 -75 100 68 98 -1 63 7 94 53 -74 -53 -32 -22 -19 81 46 47 69 96 -90 -44 92 -93 -70 -34 21 89 95 -94 76 53 63 28 -89 44 -24 
17 -58 -68 58 55 -68 -56 2 69 -49 42 79 -47 92 53 -10 100 95 -91 -30 -65 74 80 26 -78 68 -36 15 10 68 50 13 81 -88 88 97 3 -20 -80 -44 15 -61 93 -4 -29 -4 -31 34 40 52 49 -18 -16 -3 49 -62 2 -38 77 9 -16 79 -99 -59 -30 -13 79 6 -94 -84 -16 1 19 -37 -100 69 -11 -85 31 
0 -7 -11 61 96 60 79 -38 -42 -96 43 24 59 88 -54 -2 -4 53 -100 -29 8 -10 -89 -38 -28 84 -16 26 -13 20 -94 -30 -59 -53 12 -26 45 58 -80 10 -46 -89 9 74 63 -57 -27 69 61 87 -46 -79 38 -94 27 76 50 -16 -59 -12 5 48 90 32 42 79 -62 4 -12 -24 -20 84 78 -90 81 79 -46 63 75 
68 82 45 -53 -24 -13 -11 29 -31 85 -31 61 90 -13 41 78 59 -58 -6 -36 97 -91 -25 89 -78 61 66 -64 -60 68 69 56 51 -19 38 -26 -64 42 -22 -18 -67 -96 -44 -56 -13 71 89 70 9 -28 88 -40 81 -83 86 49 53 -93 100 -54 23 80 -97 93 -52 90 -94 44 37 -75 -96 39 -35 23 -42 36 5 71 49 
-42 92 14 -25 14 73 -34 61 53 95 5 18 93 94 9 -84 -38 -91 -22 61 -23 -57 -22 -13 14 -70 -75 67 28 46 -100 16 -84 -15 82 -9 -55 28 -20 -17 -68 68 16 49 -56 -52 43 83 3 59 -90 -66 22 -93 54 31 -5 16 -90 98 76 -93 -57 -47 -51 20 77 65 69 -42 0 65 -21 8 -60 72 51 -26 27 
92 -53 -88 -66 -60 44 3 -50 7 -53 -27 100 -96 17 -19 82 -100 8 -99 -94 -96 30 89 27 100 49 -60 -80 2 54 -53 -25 86 0 4 58 46 92 14 53 17 -46 -87 -39 -90 43 -38 28 -14 96 92 -66 -30 -62 75 -55 11 28 -45 5 84 19 62 45 -97 -8 39 59 -10 28 43 60 96 -9 -62 5 -9 76 49 
20 -28 10 -70 93 49 78 28 -58 -47 45 43 -95 -30 20 -56 88 79 60 -64 76 27 -57 37 -69 51 49 -80 82 -64 1 39 -40 -100 92 -29 -75 -38 -97 33 -48 -95 37 -65 -79 74 -88 55 57 94 -26 -91 37 7 33 -20 -40 -18 36 23 -93 66 -51 -74 -77 -28 12 -49 -62 86 28 74 -100 19 62 54 48 51 -49 
-78 94 38 -67 -62 -35 38 56 95 -31 2 -27 22 94 69 -62 -5 3 -21 100 78 -62 0 -61 71 -78 -39 -79 14 -93 -52 91 10 -74 -79 54 69 81 83 -44 -82 84 -81 -24 -43 -96 -6 -88 6 88 18 -74 -55 -70 51 55 5 78 6 71 -71 -90 -46 -8 -75 39 -7 23 14 19 -69 20 -11 -31 84 78 -54 -36 70 
-56 -66 -35 56 -28 -24 40 -63 -91 -39 46 -21 91 41 46 87 4 -52 -46 -87 -37 -69 50 -25 -57 -48 -35 44 84 -24 43 -25 83 2 -44 30 -100 88 -93 14 32 65 -31 -54 -42 26 44 -48 -50 66 96 -67 -3 44 -82 -65 80 -26 -83 15 -22 47 -52 -65 9 -38 38 -2 6 33 -41 -26 10 -26 14 -98 -33 40 21 
40 0 68 51 77 -30 -5 29 3 -93 35 -99 57 -100 -41 -60 -27 -53 71 -67 23 -63 -82 31 39 76 79 37 6 44 44 -49 -22 87 98 73 76 87 -2 50 43 76 22 -84 11 80 95 49 -69 77 -85 -5 5 34 91 44 -17 -4 -1 -22 71 -73 -98 65 38 4 -27 28 18 -57 -87 -80 -9 11 -95 1 -93 91 -68 
-26 4 100 -63 -88 55 84 -37 -85 65 82 -61 49 44 87 79 71 93 -32 -99 83 92 33 73 22 25 -38 64 -25 -80 -89 81 83 37 -35 -1 -49 13 52 47 25 -58 48 93 -8 -55 2 -5 16 71 45 -80 -6 -12 -61 82 -99 -18 -46 87 -93 -3 -44 -76 84 -63 92 49 72 48 -23 77 -25 -54 90 -99 99 94 78 
38 62 70 -62 33 26 -43 54 23 -93 93 77 -62 6 -64 -83 93 -89 -97 -100 -64 -16 -82 -9 100 -9 34 -84 -77 -6 -5 35 -17 -6 -84 9 -35 -23 75 -59 -67 38 -87 84 -63 -17 41 66 -3 30 12 -4 -28 -26 59 56 -7 -69 5 -50 92 75 -91 74 15 -40 32 42 78 85 -98 18 27 89 32 78 -98 96 -85 
-78 87 -10 -74 58 -17 23 65 17 -94 -23 -51 76 -60 -31 -58 13 -36 -19 95 -3 32 91 -33 -74 -97 -32 7 8 18 -92 44 93 -24 -79 -89 81 -33 -11 74 -15 -65 36 -2 -88 -76 1 61 10 -64 46 60 -34 -72 -72 -69 85 -6 19 48 96 55 -69 -41 -99 86 -32 73 -78 0 -58 32 78 -97 -29 68 -15 -1 69 
25 100 15 23 -75 -51 -8 -22 -70 76 -53 93 15 31 -26 -14 91 -31 59 5 -100 50 73 63 9 -11 46 0 -4 67 -57 35 57 15 56 -83 57 99 71 -12 -97 -44 -51 -4 -82 43 -26 -61 9 -87 -13 11 -16 -48 -4 -23 -50 24 89 -30 33 18 -50 -67 -33 34 50 85 4 28 -48 -86 -59 -36 -68 -21 -15 -59 78 
-84 -56 54 -80 -39 -67 -8 -11 -28 26 3 26 -6 -81 -48 9 -73 -28 46 79 88 -70 -62 -25 85 76 -60 -26 0 -34 87 -36 38 -46 98 27 82 78 -30 -29 -8 -31 -61 -88 -32 59 -51 95 -7 68 -2 94 -77 -15 65 -36 -34 -12 -49 30 -18 -68 -79 -18 -21 -89 -41 -10 22 61 -57 47 67 -92 -69 83 -48 47 33 
-89 52 40 -26 82 33 85 29 -89 74 -42 77 -92 -7 -13 -61 -82 54 -2 83 -40 37 -80 -3 39 67 43 -70 94 -68 -20 61 -59 -78 42 -14 11 27 85 74 -17 -81 -18 43 -21 21 -68 12 -60 -72 16 -13 -13 -8 61 -85 70 94 -46 21 47 44 78 26 91 86 52 -97 58 -91 71 -53 -82 6 -17 78 -29 -77 98 
-98 45 -51 46 -39 10 27 11 -34 -8 -53 22 -69 81 19 -20 -94 -57 -95 -61 97 -89 56 -66 21 -97 -33 84 -93 -90 72 68 -58 35 56 -12 38 -75 88 -74 81 -42 -25 22 -1 -56 59 -38 -52 18 -35 -21 -25 18 86 62 -94 -59 94 82 77 39 -40 -15 34 -52 -40 -57 70 -31 21 25 -58 -53 3 -81 74 -62 25 
-27 84 -71 -31 -90 79 -1 -46 -36 -91 -6 63 -66 -90 80 75 39 -23 -32 58 -32 -26 19 39 68 -25 -18 -54 55 -30 41 -51 91 29 95 -6 -52 62 -43 28 -25 26 -76 96 34 96 -16 69 -18 -83 -68 -98 -63 90 17 89 -27 -2 -6 -50 75 62 -55 73 -99 -72 10 -77 95 -5 2 -75 -20 -70 -45 30 -40 -90 -84 
-52 93 67 -27 -80 -85 -53 11 50 27 11 -62 -37 100 -75 -60 42 -53 25 8 -33 88 -50 79 6 68 -44 28 10 17 19 -67 -33 -53 -50 -40 83 95 54 57 -14 22 -87 54 -61 91 69 97 -4 97 69 42 -29 67 -51 51 -88 -83 17 84 -7 85 -86 86 24 8 19 25 68 88 -12 58 24 51 -50 -81 -31 -50 -31 
-54 55 -23 9 1 62 -28 -45 91 61 -6 -79 -58 -69 -23 32 -68 83 6 45 29 -69 84 17 -49 -75 74 83 -88 50 79 89 -27 -6 -55 31 53 25 -1 21 -72 -55 50 74 51 12 -52 -100 -90 -67 -54 78 24 -83 -26 12 83 -96 87 47 -1 -27 -46 52 -10 32 -40 63 -40 -18 -51 33 -48 79 68 -25 81 23 60 
25 27 -72 -92 37 -98 -66 70 -5 85 -70 -83 31 -100 -95 -28 3 -20 44 34 79 -67 86 33 -86 75 -46 64 57 -4 34 -52 100 6 -85 65 -87 89 -95 54 -68 -65 21 -24 -57 21 -61 68 -29 23 90 56 -15 -44 24 -88 17 -8 -62 -58 14 20 97 2 -46 -48 -12 50 -90 -33 47 -28 -95 78 78 -19 -54 -99 -11 
37 -87 -62 -24 35 -8 -12 -12 11 25 15 38 94 -79 75 9 -11 -12 -72 -15 -10 85 -41 68 55 88 -35 56 28 36 -45 -54 -59 -73 11 74 -94 16 5 -51 96 5 39 5 -93 56 -36 -43 89 72 40 -87 98 37 -14 48 -18 -17 70 -15 55 78 -93 39 66 81 89 19 -77 -24 -50 -46 -18 10 40 1 -78 -14 -68 
-37 39 -100 -62 -38 58 -51 -83 -65 27 36 13 -84 36 -100 74 49 -43 6 -96 -21 0 66 -63 72 -27 75 -95 58 -9 34 -34 -37 20 -90 84 90 41 70 -24 -27 96 46 -87 72 24 38 -51 35 70 29 -81 -5 -4 73 -93 15 4 28 99 -1 -63 1 -24 40 -89 -4 20 -89 -92 48 -85 -53 38 -97 -45 24 -77 -21 
27 -42 -68 -48 -93 -15 -50 -84 -67 -42 -21 91 98 -44 -26 -99 -88 42 40 39 -84 54 41 61 98 58 -39 32 26 -25 13 74 83 68 85 -84 -59 37 6 40 -59 -63 -31 89 -84 -2 -39 -17 69 49 96 41 18 3 -94 48 -35 69 67 -48 -80 65 -55 -67 89 -13 -70 78 25 0 87 73 -83 89 39 98 22 -7 -74 
-59 68 26 -65 21 58 34 -95 31 47 -71 32 98 15 82 95 0 39 9 99 61 37 17 61 40 -16 -80 43 -36 8 50 31 -83 83 -71 61 -94 -63 74 -41 -4 52 -76 -80 -92 -89 -50 -4 -96 62 50 -59 -80 -42 67 -91 42 17 82 -96 3 -27 -14 42 51 41 96 -16 -3 -38 99 66 7 20 36 88 74 51 24 
60 -58 39 46 29 -66 17 -18 81 -60 26 50 -44 66 16 72 -100 -88 15 -71 -37 74 50 12 -93 37 -58 -52 -90 1 95 98 95 -10 3 29 -26 11 -81 -12 -100 -92 -70 -20 -87 -59 -32 -47 99 -16 -50 -65 78 72 -11 65 72 23 -11 -39 17 89 -82 -67 -49 43 65 29 -28 17 -10 -91 69 83 -54 14 -84 -21 6 
49 51 -74 67 -60 24 57 73 98 25 96 -81 89 -10 -83 -5 -92 -81 -67 -53 -92 54 -81 8 56 -92 -14 -34 -98 -49 88 49 -16 -77 98 -88 -43 51 63 -68 76 -1 -71 38 -77 -37 54 17 13 6 -68 5 83 62 12 -54 69 1 5 -96 40 -66 -86 -74 90 -38 50 -16 -51 -36 -68 99 -94 -69 67 -71 -18 -98 67 
-84 -70 -93 23 57 61 -10 -57 -98 -52 33 77 83 56 85 43 -2 -12 23 -73 92 -22 -77 68 61 84 -33 68 56 23 26 -93 -20 -34 66 -91 96 -21 -61 -21 49 48 -33 36 86 -19 56 -79 -20 50 -98 -47 -41 55 5 -65 100 78 -34 -26 25 87 -50 -43 57 60 -27 -96 -77 -96 1 25 -94 -63 82 34 100 -44 1 
71 72 -63 76 -92 -97 21 8 -13 74 -51 22 59 -43 11 39 78 -41 91 -1 -62 93 76 39 -26 47 46 33 94 73 76 8 -91 -95 16 -76 -1 2 39 80 20 82 -1 29 85 95 -24 17 -10 4 72 32 60 -57 -81 -42 -29 -33 62 -66 -46 68 19 -39 64 82 46 -67 72 -57 -37 77 18 68 55 25 99 -51 -86 
-6 1 62 -13 -71 2 40 6 80 -98 91 -79 62 -100 -80 66 66 41 -21 54 -77 -38 -89 61 -46 76 62 40 74 40 -63 -98 55 -91 79 -90 41 91 -4 74 -14 93 -4 4 -28 -29 3 56 -34 -99 55 -65 46 95 -36 17 39 -49 14 75 68 24 70 76 94 7 13 77 -16 -78 -40 -54 -69 -11 65 58 100 64 -8 
75 17 -75 -83 69 69 15 -26 0 72 61 -98 -86 -21 51 -43 -35 -63 68 -50 32 -1 -76 87 -30 75 -2 14 92 17 12 -69 39 40 89 -8 84 -18 -30 -68 52 -59 -62 -99 15 -68 -17 -63 59 100 -83 72 -69 2 96 8 -62 77 -95 -62 42 21 -89 15 5 2 85 4 76 82 26 62 31 43 0 11 -5 17 50 
15 -57 -77 -44 10 -78 -37 -27 4 46 13 -43 -51 -96 86 18 99 77 -35 -3 -97 -23 -72 84 33 -4 16 -34 95 10 78 23 12 60 -41 3 9 72 -50 -19 -25 72 -96 -36 66 50 90 96 94 40 -89 28 -80 -16 88 -79 1 -13 13 -11 96 -9 -7 12 -2 97 31 43 -40 -76 24 -41 -57 -58 -78 -25 -50 94 -44 
-69 87 95 42 -80 95 -76 91 3 -61 -60 -98 45 94 -17 82 -10 69 -10 -65 -46 55 -82 13 -87 76 -17 98 -29 57 -98 27 59 -63 -38 95 89 -5 96 -23 52 48 8 -63 -32 95 46 47 33 55 -82 77 -23 -91 -30 -59 -43 32 33 63 -25 -38 -37 -58 -11 4 41 -1 94 -83 36 12 87 -47 -90 78 13 69 21 
-2 41 86 -93 48 -80 -47 -33 31 19 78 16 46 -58 -85 78 53 8 -1 -62 34 -27 -91 -36 -71 34 85 -11 -86 1 60 -61 -37 72 79 -87 -73 -45 -9 35 4 -59 -22 14 47 51 -81 21 -60 80 25 -2 79 -27 39 -37 -47 95 -51 46 -52 98 -100 -90 25 64 89 -19 86 -49 80 62 65 97 4 45 -83 87 81 
-14 76 -92 -21 57 27 -75 23 -83 47 -7 -30 -62 34 22 -49 -98 -51 58 20 -74 60 -5 31 -3 -15 48 -77 59 18 -27 -9 -19 -24 -32 51 -100 26 -68 -83 -45 -16 72 -15 -51 8 42 35 39 86 -30 16 95 25 -93 -27 49 -40 -33 98 63 -12 45 31 64 6 83 85 -11 90 -100 -96 -58 56 -73 -97 -36 -56 -6 
-98 -49 18 -42 -49 -61 93 -68 92 -84 -76 -96 67 -14 37 15 -51 -64 75 -74 31 33 40 -82 44 75 90 87 -26 -13 51 -5 97 100 -26 -61 45 -70 -42 -66 79 24 85 -28 -5 22 -6 44 62 71 78 75 65 51 -39 -50 79 31 64 76 59 2 -76 29 41 -21 -6 6 96 -67 69 18 66 -78 -35 65 -6 40 -10 
-11 -9 -7 37 79 45 18 92 -85 -7 -80 83 34 -30 -32 -41 65 -75 -80 -92 -67 21 -89 -8 97 -45 58 -30 2 -85 51 37 17 -40 -94 -69 31 -9 92 28 78 36 -61 39 9 -31 74 16 -33 -76 -41 20 -4 74 7 59 39 -58 -42 -44 11 -80 -73 98 -7 32 -35 -20 14 99 37 58 31 -10 24 42 55 -85 -33 
39 26 -41 -50 1 19 63 -56 3 69 39 -25 -26 -77 11 -23 53 80 56 38 63 -64 69 29 -37 44 -94 13 -61 -32 36 -4 31 28 -61 -37 38 -11 54 -40 -75 -12 -71 53 -34 17 99 -74 -3 -79 55 -70 94 52 84 49 -96 90 39 -98 -55 63 47 25 -69 -97 -52 5 -7 -47 -80 -2 -93 52 82 49 -5 -78 79 
6 100 -25 -76 -64 -69 -83 93 -40 69 48 -61 -32 16 -64 -9 61 56 62 -88 91 71 28 25 -57 -3 67 -8 -13 11 -29 91 49 29 -60 22 -46 -52 -70 -6 -69 -3 86 -42 73 -19 -16 -25 56 -73 56 -38 79 -8 -64 2 18 44 -57 -63 6 -39 -87 -62 79 -49 -74 -40 32 -70 9 -71 31 86 -90 52 -8 73 -51 
-71 20 30 -74 -72 13 -24 70 -79 62 -93 -25 -98 -62 40 70 -56 -26 -60 -28 3 -27 34 100 17 78 11 54 -8 -71 -89 65 63 -38 49 -19 -24 -80 -17 -80 5 -24 -84 66 -28 -4 -80 10 67 22 8 53 -42 -24 -74 79 57 10 -28 75 40 47 39 89 44 -63 82 11 25 -74 59 -19 -31 2 47 86 -1 26 -61 
63 -9 -63 51 42 -84 -15 -61 29 20 58 -83 -51 17 -64 55 -66 -76 23 42 -73 61 68 97 83 -28 18 55 74 82 26 3 -48 100 -70 -35 -98 56 18 -50 67 -39 88 -15 71 -6 -50 56 79 86 55 -23 43 -19 72 -56 -64 90 -88 75 -80 -33 28 100 -32 53 -65 -71 -8 75 -38 67 -18 15 -3 72 43 75 -19 
77 -16 -63 36 -16 72 84 -56 -14 15 -54 -70 78 52 21 50 -12 -94 -52 -6 49 -58 -4 -4 -90 -60 -40 -69 -75 -14 -58 2 27 -10 -73 64 -17 33 85 11 -85 42 -32 49 -6 -13 -81 4 86 -100 7 93 82 2 -47 23 -63 47 27 58 -36 78 61 92 -58 11 -88 74 -53 57 -19 -75 -21 71 -53 -32 34 96 51 
29 88 19 -31 -47 62 -39 43 -12 -87 -41 70 52 -45 -42 87 -15 24 -31 40 49 88 -96 -99 25 -33 16 82 -64 -59 86 0 -18 31 -46 -25 -11 -43 -23 -88 -94 76 -69 78 -57 -60 -67 -72 -41 40 -29 30 56 -14 43 36 -42 -75 28 11 -7 -12 90 -12 99 -57 34 -45 3 89 -60 64 -26 49 97 -47 33 13 -29 
72 -73 -33 72 -15 85 93 -77 64 60 -38 -24 46 -61 -10 -76 95 12 87 -41 -41 -45 -38 44 91 81 49 75 -68 8 -69 -89 -98 -65 -47 42 -14 -73 72 -25 -35 -3 -27 62 32 -71 -17 -92 82 49 33 30 -14 -79 -26 -17 30 -32 -65 35 -84 -70 3 18 99 -34 56 -93 71 0 -42 43 16 -45 -87 0 14 -57 -42 
-4 -44 26 38 -60 -94 -28 -66 15 -97 -62 -84 -32 -97 80 -10 79 -41 34 9 -46 -99 59 57 -48 81 -94 -6 -19 -70 25 -92 -27 -14 -28 92 10 91 -2 100 51 18 -49 33 68 25 18 -58 -25 63 44 -82 53 64 58 67 60 77 -86 -85 93 -48 5 -12 -82 -58 63 76 -57 -79 94 86 -95 6 -24 4 -67 80 51 
-50 72 62 -56 -71 -13 -52 -49 36 25 51 68 -19 30 -29 85 32 -77 -41 -85 42 63 -30 41 33 25 80 29 -92 -89 -19 67 21 -8 0 -7 -25 -79 -29 -62 97 -64 62 -97 98 -36 13 58 -15 -64 -36 9 94 26 -99 66 -46 26 -81 -78 21 -25 100 76 38 -35 -80 -38 100 11 -21 53 -71 91 34 56 -97 47 -94 
51 94 -47 19 -47 95 -76 -8 28 -14 -82 80 -8 -21 -16 -87 68 -75 -9 96 -44 9 -100 -19 -58 9 84 -32 52 36 -27 -70 36 14 -60 -3 -5 -18 -45 -70 -18 -81 28 75 87 -89 85 -44 -70 56 54 -49 -72 48 -33 -73 45 27 60 67 -76 -25 88 17 19 16 56 -93 16 1 22 84 87 37 -40 -63 -7 1 44 
79 -72 -81 -73 -95 1 54 1 -38 -44 98 -93 -77 -77 29 -15 -24 56 69 -7 -91 13 96 72 86 25 -72 64 56 -35 100 -86 49 -8 22 46 7 -15 88 -65 18 -63 -8 81 -29 -98 38 67 -19 40 -83 -66 -24 -16 77 -95 100 -26 -37 -18 32 -61 -18 -56 -26 77 0 65 89 -41 -58 -91 37 -24 -1 -40 -52 -6 82 
-64 76 -87 42 19 96 87 -18 67 54 39 -63 10 20 -39 -92 -92 -94 21 -78 -28 17 -59 23 -18 37 -27 28 -18 -29 -90 51 51 93 -95 2 -27 25 -2 83 13 96 81 -15 80 -22 41 59 45 -81 -18 -2 -88 8 -28 -36 -79 -97 -4 -30 -83 -75 -57 63 66 90 -6 -31 -93 78 -89 -34 67 -31 -39 61 6 -32 -80 
90 51 -29 -36 79 98 -10 97 -88 10 70 -2 14 -81 68 -22 53 -25 -50 89 -2 -80 14 -77 -78 -61 -84 86 81 20 53 76 -82 -58 -9 83 -40 28 -15 99 -5 -34 -71 -40 20 -91 90 63 -91 59 -97 93 -25 28 -83 -44 -44 -60 -50 7 -59 -52 91 74 -90 22 -56 -86 81 -42 -21 88 5 -22 43 -53 -9 44 -62 
37 -24 -86 -95 38 17 -12 -25 33 48 12 -53 -70 49 -68 -57 69 -92 57 -74 -68 -74 -76 -27 41 -73 12 8 -72 -38 14 -81 -31 -95 -100 -62 -4 39 61 91 -76 53 -99 14 29 -78 -47 -87 -2 -90 -79 -9 36 -29 -96 -90 -10 76 -73 -8 82 -25 76 -16 -40 -20 -31 75 55 -76 59 0 -47 32 -56 -75 8 1 91 
-96 -73 40 -12 -60 53 32 -49 -8 -24 72 -30 -30 -54 29 -35 56 -11 23 -2 12 84 -31 -67 -76 -23 -68 98 38 83 -9 82 -38 -15 16 99 -83 49 -95 55 20 33 35 73 25 6 18 -8 -100 36 95 -32 12 10 71 -94 -23 18 98 -66 -33 6 -99 24 -22 48 -90 -27 100 -47 -83 27 74 -97 67 74 12 89 90 
73 -29 -53 65 -49 74 -69 -6 -23 -2 77 79 36 97 -95 29 -79 39 -76 66 52 47 -14 -88 -85 -37 -73 -57 8 66 81 -58 83 -44 -22 26 77 48 -59 87 35 -99 90 19 90 -48 71 28 -70 77 26 -63 -77 10 -88 -2 90 -79 -44 -47 7 92 -39 -8 8 52 -78 33 -41 45 -63 61 41 1 30 93 -59 54 -44 
-22 91 -87 99 4 -63 23 -5 80 -90 23 -93 44 -30 44 -44 83 -91 -16 -28 -74 71 83 1 87 69 -8 -11 -77 -45 81 28 44 9 24 84 -45 -45 75 -30 5 12 82 74 -91 -96 -71 8 11 -6 54 -83 49 -38 -76 -98 47 -33 -36 -43 -52 69 21 -77 -32 40 21 43 37 84 -90 71 -8 -23 -59 -15 100 72 9 
-32 -7 88 -64 71 75 77 -44 76 -54 -30 -78 91 -36 63 29 -83 -22 100 20 12 -71 98 5 -18 76 23 29 -69 -49 -86 -29 -54 6 69 -95 36 -54 -82 -43 -73 -59 -63 91 14 -25 26 22 39 -44 38 28 66 41 86 72 -13 -67 74 -91 -84 -97 -63 -99 -55 11 -34 2 -99 -79 -34 14 60 25 0 -86 -74 -43 83 
80 45 78 90 -46 20 21 54 -5 42 -79 48 -93 93 -11 -34 -77 -54 3 100 86 -75 -81 83 -36 -77 28 21 -41 28 95 -36 -68 -44 -23 -56 55 31 -54 90 -54 -1 -95 -9 -30 25 95 60 39 -73 44 -59 -17 96 -8 22 -53 -54 19 65 -5 8 70 -5 58 89 -89 79 40 48 77 32 18 -44 -6 -44 -51 19 -93 
-93 38 89 -77 -28 -43 -16 32 -7 -69 32 88 -9 -65 53 73 -74 -86 97 13 -83 -80 52 -24 60 -50 -97 9 -59 -17 98 34 18 9 -100 56 -41 89 -78 58 -42 -8 -17 62 -49 12 59 30 74 -69 -78 -9 10 -37 48 21 82 71 45 -76 -25 37 -13 -55 54 -82 -77 -60 -23 -83 26 96 -63 72 7 -87 5 96 -23 
-67 -88 -67 99 16 -78 91 -49 51 -56 29 -83 30 -2 -100 38 -100 53 -64 39 -74 49 93 -13 70 59 90 -18 -2 -56 16 -46 -99 28 77 4 7 -90 -15 70 -80 -54 93 -10 69 -38 92 -73 -53 -56 -13 1 -66 -21 3 13 -42 60 87 -85 34 92 16 -46 -13 -43 -32 86 51 100 39 -17 100 -38 -65 7 -2 53 13 
30 46 -92 -52 12 -29 -90 44 42 47 -23 -39 -46 -87 -55 8 -19 -87 9 98 70 74 -53 -89 -35 5 -70 42 -43 -30 46 20 22 25 19 13 6 -29 -25 71 46 -49 99 99 -58 -97 -93 70 -68 15 11 -2 -2 46 -40 -24 62 -5 -3 55 -6 -1 84 95 -34 -41 40 62 8 -34 -37 100 -89 -64 97 41 -11 -69 -44 
39 4 -97 -18 72 -53 -12 -54 81 1 -53 -77 -16 28 31 75 23 -89 79 -50 -51 60 88 -14 79 -83 -96 75 95 65 3 0 -8 -35 -22 47 96 31 -91 -26 41 -38 -62 5 -41 68 -42 35 -74 -61 -51 75 -66 -88 97 -88 17 -22 -18 3 -69 -30 -85 27 -19 100 -72 59 -6 78 51 -85 5 -66 14 -57 47 -62 45 
-22 14 17 86 -60 -6 36 -9 47 84 86 70 -49 80 84 -1 -15 -49 15 -26 23 34 92 6 89 96 -76 15 -11 -42 -99 30 -87 68 -2 86 -57 -32 3 -44 -74 -43 -72 -98 26 -92 -21 97 63 60 2 37 86 -58 99 -50 43 -74 56 -73 -15 -22 -9 1 42 8 -22 -53 -66 -2 -68 22 -33 -47 98 60 48 96 -30 
28 -10 89 -67 -32 56 -98 14 97 46 45 75 -40 29 -26 53 -51 96 49 -93 4 -79 -13 -40 73 -77 0 19 41 83 -2 79 -53 -1 46 -48 -4 57 -45 -3 -41 -50 42 37 -19 -14 32 65 87 95 17 -3 -2 41 52 -35 24 50 -10 34 45 -30 0 -23 75 -46 67 -53 31 60 46 -13 92 -76 -94 -90 87 -73 74 
99 1 -11 -76 34 -79 85 -85 -17 84 73 79 -4 64 94 -36 -96 -20 -14 -91 -26 42 84 17 66 -61 8 80 50 80 -44 -100 56 -83 11 -46 -52 -66 -86 -31 15 -12 -28 -86 16 22 58 -89 8 33 48 -66 61 -60 -54 -1 -100 -87 -68 57 -57 -75 72 65 -42 -50 -79 -11 30 -33 -81 -67 25 29 -39 15 -18 88 4 
4 60 -43 -71 -6 -45 -14 21 5 26 20 66 -1 36 81 65 20 61 16 -31 12 53 -56 9 -5 41 -5 -65 -85 -81 -18 -67 10 100 10 42 -2 14 -4 90 53 44 27 -80 79 -90 -71 51 -99 -89 -71 32 -49 -7 -21 -43 32 86 58 -83 -73 -22 -97 -30 63 92 4 56 41 -16 -17 -34 -90 67 -76 -57 45 56 60 
92 -17 -11 -87 31 42 61 11 82 71 -40 -21 -32 61 9 -47 -23 8 73 -41 -89 -43 14 -57 -48 66 -23 -74 -44 -78 -59 90 42 -39 -11 46 75 -20 -76 -100 16 -16 69 100 -100 -50 70 -25 -38 53 58 -4 -66 -14 18 70 17 -41 -12 20 38 70 -70 -20 -4 69 -19 60 75 -48 49 71 71 62 84 -94 100 66 -77 
-52 -52 83 86 -88 26 -90 18 68 19 -100 59 93 -43 -65 93 9 -96 70 71 -56 -60 -99 -83 54 -3 33 -96 -12 4 7 -45 -7 -29 -3 -76 100 -46 -84 -10 2 37 48 -35 76 91 -85 -37 -77 40 -72 -17 -58 -54 -82 -69 38 77 51 66 57 -10 -13 -60 -22 39 -38 11 87 23 14 35 40 52 16 -15 -98 93 53 
45 -49 -62 6 96 42 -16 70 88 18 -38 -13 79 -90 -33 -43 -21 -56 -16 73 -87 34 -18 87 0 -78 89 -51 -81 -67 62 56 63 -56 -70 -10 46 78 -76 -47 -20 -10 10 37 -78 72 26 13 -16 77 -82 88 -35 95 32 54 -63 37 -98 -75 47 -43 -9 43 -92 36 7 52 -10 15 -27 39 85 18 -99 31 78 7 -99 
47 31 95 -77 23 23 35 10 51 2 -79 81 21 -98 -7 78 -91 -66 72 20 74 -70 -98 -60 89 62 19 -96 8 -98 -78 -70 -72 12 89 59 -77 56 18 -83 36 -11 12 37 -38 -55 -24 65 -24 45 -42 18 18 2 53 -58 8 -48 -65 83 -53 99 96 -68 -71 8 -22 45 83 0 94 -14 6 66 26 -29 33 -2 -97 
35 4 80 36 21 14 23 -60 71 -22 83 36 87 64 79 81 -20 -14 55 67 14 -5 43 -48 80 -62 -67 38 -27 -83 74 -54 97 -54 51 -33 23 76 52 -72 -43 72 -89 23 -1 52 -85 -52 -54 -7 -13 11 95 64 32 -6 43 99 -58 93 38 -96 29 -71 65 -39 -86 -99 86 3 67 -82 -67 -51 98 50 -40 9 -52 
-98 -11 94 72 41 57 -73 57 51 -78 -83 37 59 -18 27 -99 36 -63 15 -98 55 -81 4 -6 72 -99 -13 47 -69 -59 -59 -86 84 -91 -49 65 2 91 54 -99 76 -2 -61 46 -34 -88 -44 80 14 64 -56 39 -85 -57 -5 8 -44 -49 31 -64 55 -44 8 -54 35 -45 10 67 36 44 99 -17 92 -21 -63 -41 -51 2 36 
-10 -27 -35 -40 -87 62 -69 -7 40 -85 20 -3 -35 -45 -28 100 -13 75 41 49 -53 90 53 29 -52 0 12 -9 -50 -49 -28 -28 36 -30 38 -39 -14 -88 -99 15 48 63 26 83 -17 -77 -6 -1 -28 -81 -85 -42 19 13 -26 63 12 53 4 -98 -23 -2 -85 -90 -53 90 -38 -63 -93 -63 32 -77 98 -53 71 -22 -47 87 68 
27 -64 -85 1 79 74 -67 -43 76 51 84 -43 55 42 -10 -54 -78 -23 71 -99 35 -35 44 65 -62 -89 46 27 -56 28 -80 -53 24 27 72 19 47 27 -31 26 -26 92 2 -77 -37 -81 -6 31 -76 -85 -84 98 -92 -53 77 47 -60 20 -23 47 36 68 -68 75 68 -50 2 -54 61 79 21 94 -71 9 -7 58 80 93 -85 
40 -43 -8 -41 -98 -11 -69 -47 -42 83 82 36 -8 -58 -77 27 -14 -82 68 17 57 55 64 -50 -5 -66 -96 -7 55 -26 18 75 40 1 8 3 76 -17 36 53 13 -46 65 -37 -44 -27 -87 44 -28 -38 -70 76 -61 84 -15 37 -57 20 7 -98 31 81 88 -48 9 -100 -53 74 -55 93 9 -67 18 -46 -62 21 -13 -36 7 
-24 71 68 -36 39 8 30 39 -76 -96 -56 -1 -65 34 -83 23 -5 -20 -78 17 -56 99 14 69 -27 43 51 -77 -41 16 -79 -43 -92 55 -46 -63 -22 30 10 53 -7 -91 -12 -31 9 -50 -81 21 91 63 70 -76 24 36 62 35 27 -6 -82 -35 93 33 43 38 -52 -37 -82 -18 -8 -51 4 -66 -28 19 26 -66 64 50 -55 
76 52 54 -57 -73 -83 41 66 -40 -51 64 -44 -97 -39 -40 -26 87 -43 -80 15 51 -80 87 93 34 25 26 54 -8 -78 15 49 53 69 -37 -56 -81 45 84 -62 -45 53 -83 25 71 58 -61 -3 -58 89 -52 10 -31 24 23 -92 -4 33 25 -55 43 -68 -93 -77 46 73 -23 29 -54 -60 29 -65 -81 -33 -87 26 32 32 -47 
96 43 27 75 27 85 60 -92 52 53 94 -92 -94 37 -48 84 -36 78 -33 99 -41 1 -99 -27 -35 -55 -61 -80 44 64 14 11 0 -28 23 -28 68 -96 -34 69 16 37 -81 -73 14 99 11 -16 98 35 19 70 -3 -3 79 96 99 -98 85 97 -66 -36 22 76 -20 59 93 100 82 75 -1 28 -78 41 7 -64 53 -77 -31 
-26 80 55 -32 15 -47 83 -41 -12 35 32 -77 83 72 -98 79 -97 93 -70 1 32 2 -88 -21 73 33 -96 -4 100 -64 -99 -50 13 -34 -64 99 -75 -28 71 -68 -60 6 -32 79 5 90 -41 -34 -83 -64 -35 64 -71 -63 19 -14 95 -98 -17 55 -66 -23 57 -27 70 -50 5 -24 -42 -71 62 19 -92 -4 -16 4 -68 44 -4 
-9 3 21 53 -61 -3 77 -58 16 71 -34 61 10 -94 -16 76 -93 -30 -31 -91 -6 84 -43 -58 -84 -2 -3 -53 -32 -96 52 -82 -14 -68 -75 1 -69 43 -54 86 -15 -86 -77 -20 45 -75 18 95 -74 92 74 -36 -4 86 -64 64 -87 -38 74 -86 -27 -92 -37 -27 -27 -89 -67 5 85 21 -62 2 -53 22 44 -23 96 82 20 
-25 -65 82 34 -28 48 -79 -35 3 -81 29 26 -74 -66 -22 63 33 -42 7 -91 51 91 18 34 36 57 95 79 24 65 -62 100 94 47 -66 90 -47 87 -70 -51 6 -35 -9 2 96 -60 -10 -62 -35 47 95 89 -55 -63 -18 54 61 -54 40 -54 36 86 -30 -56 9 83 35 -57 -5 71 -51 63 -99 -34 17 5 -5 19 -16 
-4 -55 -13 41 22 76 70 -3 -51 -48 0 -37 -35 31 -100 88 -63 -92 17 61 1 61 -89 -65 28 15 -42 -16 67 -14 39 84 -65 -53 -74 99 -22 -58 -62 -17 70 15 -10 36 13 -100 -12 84 100 72 55 8 54 -80 49 30 -24 43 -54 -22 -51 -99 -29 -20 -34 -23 6 43 -55 -26 69 -86 75 38 -91 96 -12 92 63 
51 92 61 0 -86 -44 88 -38 -53 -78 -80 21 -84 18 -84 -22 -21 -56 94 -38 21 -94 64 -37 3 22 60 -81 32 -55 43 -82 71 37 -60 46 62 -61 -18 -76 46 64 -39 -100 -66 96 -77 67 -97 -56 -88 72 37 99 -57 -80 41 -53 -34 -58 51 -72 -66 -11 79 -100 63 -26 -66 38 99 -9 -26 53 94 24 54 -66 -55 
69 -40 -47 -52 -50 1 -5 -29 91 -23 -80 -17 -35 -25 84 40 -42 46 99 -65 70 -59 35 96 34 49 -59 49 80 2 -27 -97 -15 -83 -54 -2 89 -24 -61 11 1 37 -55 12 47 -28 70 46 41 98 -43 59 81 100 -76 97 57 -44 -4 -86 35 23 -92 -28 -94 -64 89 53 -94 18 34 79 17 -20 85 -89 -68 73 -59 
22 8 82 56 -10 16 -10 52 -41 -91 99 -66 -59 -49 -64 49 42 0 -78 -77 -94 -69 29 84 23 -34 64 82 -79 11 6 41 57 -19 89 15 29 24 16 -44 4 -69 -6 -14 -57 -55 -64 -58 -36 71 27 71 93 -99 3 -94 79 2 -78 51 -23 50 39 -45 46 -28 14 71 34 -39 82 -98 -85 -57 35 -73 -72 -64 44 
-25 58 84 23 -23 63 41 72 -69 -100 88 -82 -31 17 -39 -77 -75 -5 99 22 -3 53 -55 31 -36 51 -29 96 28 -96 99 -11 -47 -5 -72 -80 -77 0 -41 -36 -76 22 -92 -40 -64 -60 37 -1 -59 74 -63 -91 8 -59 -55 56 88 25 -35 98 88 -31 -60 -93 -48 -47 -28 65 26 -26 -75 94 -47 -100 11 75 -63 -3 -15 
10 -30 -59 -45 -42 -33 -11 -95 -95 16 91 -50 81 -28 35 40 10 95 46 15 -71 3 -27 15 75 73 70 -82 18 -81 -18 -80 15 74 -86 79 49 18 -63 60 -24 -58 -42 -72 -31 -55 70 11 -82 6 57 41 29 -13 36 -20 -35 -100 -1 73 -71 -27 -38 -90 20 -30 8 -59 57 22 10 28 46 21 -41 54 5 2 -57 
-27 79 89 -79 59 -21 40 58 -60 -25 69 99 55 -76 -70 4 -24 9 -32 27 70 -85 -72 73 -2 92 -45 92 64 -28 -12 24 52 -20 29 -42 -2 89 75 93 -90 -31 14 31 -21 -70 -88 42 -2 -13 -92 -79 96 4 87 -36 54 1 -1 15 -64 -64 -16 -64 33 -42 -79 -71 -63 -63 85 89 -72 -73 85 26 19 12 1 
-10 -73 71 77 -58 -41 55 -50 55 21 -35 -15 -77 96 -18 -33 72 49 -90 77 -27 -10 85 10 -90 82 -54 -46 92 -50 -6 -47 44 -53 -99 63 21 -65 94 -26 30 68 -79 -39 -24 97 4 -65 -97 -82 34 98 -89 -21 23 31 98 38 -99 32 -59 -65 -81 39 -16 -97 3 53 -61 55 -11 -56 94 -22 -33 -95 -3 -36 -44 
-32 -89 13 26 -64 64 -39 -97 -63 -85 64 1 93 -97 -80 -96 -73 8 -34 -49 -84 -77 -2 -66 13 1 -29 84 -98 33 -97 2 -8 10 -64 -32 66 53 91 -84 84 -70 57 2 -46 7 69 25 -53 -74 21 -50 -28 88 -71 -52 -97 -87 100 -75 49 -62 -83 -82 89 -70 -74 17 -3 -35 -14 30 12 -59 7 16 13 97 62 
-38 36 78 46 70 47 -8 -96 -98 -19 75 -13 -30 -90 -38 47 -41 2 -88 66 71 96 -6 -13 -59 7 -74 77 75 -10 -83 -60 -29 -79 -92 -89 29 -81 6 -23 -86 -60 -28 -1 -10 71 9 12 -88 39 -52 67 3 -4 -8 -90 96 90 45 -37 38 -73 46 -93 55 43 81 63 -97 59 29 -31 -27 6 54 58 71 -73 -40 
-60 24 -76 -69 22 -77 26 8 -7 -50 -31 -88 23 -35 96 69 -79 -81 -100 33 30 -79 -15 -76 -8 -25 -50 95 81 -36 -25 -86 -72 -37 -58 -31 -25 -58 15 35 0 12 43 76 -69 -80 55 -24 -100 32 -8 26 -75 36 42 -36 88 -99 -24 61 -81 37 40 89 -53 4 40 85 -53 77 21 88 50 28 -39 10 -95 48 24 
-56 -25 6 -66 42 -91 -66 -72 20 7 -7 71 21 -30 -5 51 86 -57 52 -42 48 2 53 -7 90 -38 -7 -23 -31 61 -72 -43 80 -58 -53 22 62 48 26 -59 -21 27 77 -87 66 35 -91 65 -73 -89 79 -70 -65 -99 -49 -9 99 85 8 22 -96 -70 -92 75 -88 -79 -83 11 -46 -62 -32 -55 -46 -61 -65 -33 -87 52 -29 
72 58 -24 7 -38 -29 58 100 -95 -16 72 8 13 -61 68 -93 100 -59 -87 -85 -97 -10 28 63 31 -82 -66 29 -88 80 33 -5 9 98 -52 -90 16 53 -27 -45 26 -5 -48 97 -21 -31 17 97 -46 -64 -41 74 -52 16 48 1 62 30 58 -86 23 80 -84 -5 6 -19 84 -98 41 -2 -23 42 54 -20 8 -11 -16 98 62 
64 -42 33 4 -27 92 -96 -59 -75 -91 -66 55 8 34 2 22 -31 87 -60 61 -12 52 36 -99 16 85 -3 75 -34 -49 16 40 -62 92 -5 4 25 -51 -34 9 86 -76 60 -48 99 46 -95 81 -45 -53 -26 -74 -80 -2 65 -53 97 -88 -24 -87 98 -56 -81 -7 -40 -98 -87 -100 -37 27 -67 -4 -87 0 -67 -39 64 -77 -10 
57 35 -100 -90 2 -41 -56 -100 -95 20 62 -76 4 55 -42 99 -26 -91 -19 20 31 65 -87 61 48 1 -85 45 -22 75 -16 -1 56 72 -56 56 -1 30 76 -50 99 -42 97 29 6 12 -7 -12 -1 -27 84 46 0 -28 65 -4 53 -68 74 34 -98 -47 -21 -66 -82 -59 -14 86 -37 -56 -74 -79 37 17 -1 -46 -6 -70 56 
80 -48 -74 70 40 -5 -1 19 63 -87 -72 -25 67 -48 80 -41 5 -7 45 5 -22 -87 71 31 5 3 38 84 -61 9 -76 -2 92 28 5 -12 78 -84 -16 5 -27 50 47 -25 94 3 -6 41 -2 62 -81 14 33 -34 -43 95 48 35 40 73 -16 85 -29 -83 11 -9 -12 -25 91 45 33 16 -59 24 -18 -14 44 -86 -4 
-46 -29 79 24 8 -19 -46 9 -13 -4 46 -41 -42 -56 -60 46 -99 85 12 -29 -97 -72 21 0 44 -12 -96 43 -88 -54 -14 -6 -11 72 -29 -70 14 -60 -76 80 -91 -23 -4 -70 -64 -43 99 -98 -60 81 -25 0 49 90 17 -82 74 -64 57 -96 -78 48 5 55 -26 33 0 84 27 1 40 -4 -66 -95 46 19 -90 28 -33 
-21 -75 -39 62 94 -55 95 25 -87 32 54 -39 -94 -35 -2 -43 38 -95 37 -69 -28 1 -37 -93 12 60 83 -90 86 30 53 -49 -1 12 -86 55 -12 -34 -83 78 -87 2 36 -86 -27 -40 -16 -100 -99 -91 63 21 14 -83 50 -46 45 52 55 50 -37 -3 -60 -29 -50 37 -54 70 -47 -55 67 41 52 -5 31 63 -36 -51 38 
-8 -70 -52 -56 8 -48 20 78 -68 -20 37 -27 -43 59 99 36 20 52 32 95 -94 42 70 19 38 -95 79 12 52 -80 52 85 -31 -18 -84 -26 71 74 -32 50 29 21 -11 -77 84 -31 70 31 74 7 41 41 28 -39 -40 5 97 -67 20 40 31 -24 -3 -35 -3 -86 -16 -96 -57 74 55 -97 100 1 -80 -58 -88 -74 75 
-75 85 43 -48 44 5 66 80 -95 76 -4 -64 -78 58 -81 -93 60 -28 80 -86 49 -56 -44 -42 -15 -98 91 10 -47 17 98 68 -58 -17 78 -33 -16 2 -62 -20 34 -84 80 -48 6 -92 -38 -1 73 -23 -7 -55 89 13 28 -58 -72 -90 67 -15 49 -29 72 26 20 17 37 85 66 -90 -67 -84 -12 -27 97 -26 -23 54 75 
47 21 0 25 36 -85 -87 20 -60 63 28 -68 -1 -10 -9 0 -89 -78 91 -61 34 -18 31 10 -90 -59 -36 46 9 -59 -33 -33 58 95 65 15 31 44 44 59 54 63 29 -61 57 -53 81 -28 -44 82 96 83 -40 -1 62 -76 30 0 11 -8 15 9 -38 -66 61 7 6 10 94 98 -92 -78 -31 41 -98 18 -68 -91 -41 
94 -27 43 41 -98 -34 -11 72 15 62 97 43 12 93 -39 20 57 6 -79 -82 -26 91 73 -50 -20 42 35 -81 -93 -59 -10 88 56 85 99 -25 -23 56 41 -60 0 -47 3 -14 -90 -58 -31 -24 6 -20 76 52 -80 -85 24 100 79 -94 67 57 -6 -96 44 86 98 97 81 8 -44 -70 -88 -76 16 51 -20 71 40 -16 -52 
60 -85 33 21 24 21 54 23 -26 -89 44 -83 92 -97 63 34 43 -31 70 88 -28 41 89 72 95 11 -45 95 28 8 -66 19 94 95 16 63 -71 -21 35 49 -48 77 -19 -79 -95 -61 31 68 67 81 -58 16 -13 30 -71 -80 -96 -12 68 -78 52 -19 -62 -11 44 -37 81 -27 -82 -13 -19 89 -56 -74 -2 8 -94 40 62 
-83 29 5 9 -71 -89 -85 -38 4 20 -45 66 -76 -59 -31 -29 -46 -76 39 52 45 -74 99 -57 34 -11 2 -86 -12 12 -78 46 14 2 71 -14 -63 -52 9 -89 17 -63 62 -46 -94 -27 14 -61 -34 58 30 -56 -27 66 25 -73 -24 -54 -91 -19 71 50 -51 12 -11 -63 -53 -5 3 36 -45 35 84 10 -94 -92 -10 -1 63 
0 -79 44 -69 11 75 -80 3 11 -1 66 30 -93 27 16 29 27 -22 38 -69 -70 67 -2 -26 38 83 -88 -25 -61 37 62 -17 30 -36 -24 -7 -9 -12 5 -2 -90 80 3 78 -6 94 -91 -7 40 -85 -31 22 -14 42 -75 0 -55 59 66 -1 -53 23 -44 19 -86 62 22 -74 77 -35 26 -45 18 76 60 -70 -9 -91 -32 
52 -75 -95 19 95 -18 88 -86 93 -28 -31 -51 96 -51 15 -54 -3 -10 95 98 -67 -11 84 55 52 55 -24 -29 18 73 57 79 -18 20 81 92 -85 39 -6 -12 48 -98 -36 70 -23 -54 -96 -27 11 96 14 59 -69 -26 56 -43 -51 43 -16 -29 -20 85 -79 90 40 -90 -21 53 -41 96 45 -19 78 70 64 -26 -2 67 33 
88 -95 -63 73 86 45 100 -41 32 -16 -15 -78 48 31 55 -83 -94 -95 -82 68 -41 -44 100 -50 -51 96 -12 10 17 10 -60 -64 2 2 62 19 -67 -4 26 -32 55 -31 71 -88 84 42 -23 -25 -72 -91 76 77 88 54 67 50 94 -38 -10 14 67 -88 -89 -26 76 -34 87 -86 77 12 82 96 35 81 39 25 -64 -61 11 
-51 -28 79 -40 -11 50 4 -31 -65 -84 43 18 -62 -81 14 20 76 31 60 -8 8 -33 76 -44 -6 22 -97 -39 64 96 57 58 35 -61 75 -41 85 2 -90 -99 -49 -23 29 66 -87 -93 -71 -20 -71 -19 46 22 -55 43 51 -45 -32 83 -35 -10 64 36 13 89 3 -83 48 53 88 5 7 -85 -93 49 57 -25 -6 10 94 
-74 -69 53 -26 98 30 -56 47 -84 -64 23 -24 -76 -82 2 -5 -31 -98 -76 -19 22 -73 -42 96 89 -80 61 -43 -14 54 -49 -87 -1 28 -30 -33 -19 67 81 7 -12 -82 -22 11 -13 84 29 3 18 73 41 -42 -25 45 47 64 60 73 -58 45 43 -45 18 34 -90 74 31 94 -34 -90 55 -9 72 62 -50 -9 71 -99 100 
71 20 72 32 -41 -2 62 -86 -88 43 44 -33 -67 94 -20 50 40 91 -24 91 -70 -96 -8 -56 -27 79 44 20 -36 100 -1 42 84 28 -24 7 -10 -23 -97 42 -89 21 14 27 -1 61 21 -96 24 59 -93 92 74 -84 10 37 -8 48 -31 95 36 58 -33 -50 -27 7 -13 73 -64 -55 -22 4 -86 54 34 22 -82 92 -74 
97 38 -4 -91 7 -12 91 39 -39 -37 -81 -61 -12 35 -19 55 14 -85 -21 -46 67 49 -7 -44 -63 -92 -77 -23 -24 48 88 -26 -91 -80 -79 -45 -33 -61 -89 -96 -57 41 40 70 -65 -1 16 -2 -95 4 -46 -30 -57 61 -83 -83 -73 20 -53 -52 15 -65 13 91 81 -57 25 63 10 -13 -25 86 92 50 -95 -31 87 -13 -57 
-92 -71 20 -40 21 87 -25 -32 -11 61 -4 16 -74 26 -31 -71 45 -38 -58 -89 58 -40 50 -61 71 -36 -93 41 -71 40 -48 -78 9 42 83 64 -40 21 44 46 -47 51 -45 -36 -29 27 62 9 -8 3 -80 -53 94 -68 -25 -91 -56 64 71 -81 29 50 -92 92 17 63 -46 88 88 -99 -88 93 46 22 61 -95 6 -35 68 
78 -56 -97 -80 -85 76 66 42 -46 87 14 -77 -30 77 -24 -56 -4 25 18 -90 22 9 8 -93 33 29 -27 -98 2 -37 26 89 -12 -18 53 40 19 -73 29 63 62 41 -35 37 -29 40 -40 -68 22 -60 32 20 28 -9 -86 -62 -93 -52 91 -33 2 -84 77 -86 -38 5 73 53 -40 -27 -41 22 -74 99 -20 25 -71 -88 -12 
