36 96 -73 -90 70 23 33 90 46 9 91 -89 66 -85 21 17 -77 -82 100 77 29 53 59 53 -2 -14 -59 62 38 -4 -44 -43 -29 55 -35 -79 -85 12 -55 29 42 -41 57 56 82 -36 0 100 8 100 37 -86 -12 69 -88 83 -96 54 30 41 -89 79 -39 -13 -22 -12 -65 -3 72 5 -92 -29 -17 -67 35 -96 -91 67 -13 -89 -96 20 -17 -83 -30 -33 -67 -71 62 -45 -72 68 90 
21 85 12 16 -14 93 -14 -71 -56 7 53 55 49 30 14 50 -93 14 59 24 16 98 85 51 72 -71 -15 62 12 23 -29 47 -31 -83 -74 -51 19 -12 89 -33 55 -33 -47 99 -73 15 -16 -54 23 36 14 56 -10 -75 -84 -94 -18 -37 29 2 -47 51 41 79 88 79 93 6 -55 -93 84 -74 87 44 -52 -90 26 -85 -27 55 96 79 -36 34 -80 12 -95 25 57 71 -29 -22 -35 
30 -43 -8 54 97 35 74 -75 -11 -62 -63 27 86 56 -87 -86 9 43 1 0 43 -40 0 74 15 52 -14 -61 -93 1 -35 -41 12 -44 -43 63 27 47 13 39 62 -67 33 12 -39 48 74 76 23 -1 -56 28 96 -64 -59 -54 -1 30 -25 81 -73 75 -53 -86 61 -54 -25 26 4 -17 59 60 76 77 -48 -52 -89 57 -67 -90 -44 49 -23 18 84 -19 36 -83 -25 30 -74 59 47 
95 40 -6 44 -36 88 36 30 -36 29 -10 42 84 40 -43 -41 -2 -58 -84 43 4 41 -40 73 -72 -36 -69 -73 3 -8 97 -72 -22 -39 -4 -49 -12 -80 74 -95 12 -19 46 65 -10 86 -92 -50 35 -41 -85 93 14 -30 -44 -1 54 -18 36 -13 36 94 30 11 -70 89 63 -66 -70 21 -76 -10 -94 -26 -94 93 -56 -99 -18 49 11 -7 56 20 -25 51 -43 -84 -13 63 -50 83 -30 
-47 -89 49 -61 -76 84 -34 -8 -38 44 4 -81 76 -89 3 -36 -54 74 61 -24 67 18 -49 -69 12 -43 -53 29 -9 94 45 -43 -52 -71 -91 -12 -12 59 69 -50 7 33 -83 -37 -25 -29 -46 -11 38 -73 23 -75 33 44 28 7 -20 -39 -77 -66 33 94 39 -94 -97 -96 -78 -67 -27 0 -29 -5 81 60 -76 22 -57 28 33 -11 64 -92 9 -12 -58 63 -29 15 -35 -42 -61 -95 13 
48 1 17 -48 99 -67 -50 -68 42 -72 -32 5 -63 -49 3 0 82 -44 16 69 -98 1 28 77 100 13 8 -36 -77 -8 -51 57 -78 -53 -95 38 -40 -28 100 -34 -5 68 86 97 56 62 -36 21 -38 23 -77 -49 -39 40 -13 -14 28 -28 -46 -12 21 80 -68 -10 53 -58 -33 36 76 -88 -93 -97 62 -44 14 -36 -82 86 5 11 -34 27 67 -63 -82 -25 -4 77 47 52 -43 64 -59 
-59 -78 17 29 -62 31 7 -90 -46 -36 79 84 36 44 -68 -27 47 -49 -39 -7 58 -74 -39 58 -42 33 75 -83 -61 89 -94 34 61 9 44 83 71 -1 84 51 42 -63 48 9 86 98 60 66 18 -13 74 49 19 17 -34 -4 25 92 18 -38 -35 82 -34 -78 -52 69 -21 -89 83 31 -73 42 -42 11 -37 -56 -5 -51 -20 -82 20 -61 75 39 39 -47 -28 68 -75 94 -11 70 -25 
32 100 -27 40 -92 90 7 95 -89 75 75 -90 -20 71 -30 -75 72 97 -57 -49 -94 -15 37 41 -78 12 -70 -55 -25 -25 32 51 97 7 94 38 53 78 -39 -35 65 -44 -85 29 75 -23 40 -78 95 88 81 -87 -10 90 -56 56 -97 78 -31 68 55 -45 68 -94 -29 53 27 56 -41 59 -63 -13 46 94 91 10 -61 -62 99 67 48 76 -35 62 22 -92 68 54 85 -8 -30 -17 -20 
33 82 -26 -100 48 36 1 78 22 -37 76 39 -17 -48 -13 93 -37 -65 36 10 -98 -29 56 -13 17 91 -92 -8 -62 92 -11 -95 88 -28 -87 -29 -85 29 76 -10 -70 -66 54 -22 47 -86 33 -10 -4 -3 44 -11 18 36 84 -40 -77 16 35 15 16 -41 88 -51 20 -42 -28 92 20 76 57 86 10 5 -91 -85 -73 17 33 -31 3 93 -58 62 -20 14 -67 -35 -66 3 -46 80 -100 
-95 -36 30 -85 14 -40 45 -24 -88 -56 84 -72 -78 -33 29 -56 -7 -95 -52 -1 60 -40 100 8 -99 98 59 40 68 95 30 34 -14 -23 -16 -45 26 -76 -11 -22 91 43 22 -94 -94 -25 69 -99 86 -12 -46 23 69 -7 97 -93 -45 -37 -2 28 84 -94 11 -79 -13 23 -37 -3 47 -4 29 -50 67 -48 53 -70 24 6 -14 -3 -90 16 7 -99 36 -18 37 43 16 -10 -90 21 -51 
66 45 49 58 62 -94 0 -20 -20 -25 -79 -24 7 -42 35 53 -75 -84 -10 -91 -30 33 -81 31 54 -37 84 -14 30 10 -53 -51 51 -26 16 -10 15 -94 67 -88 -32 36 -23 12 61 -85 -7 99 -83 83 71 67 -82 81 67 -57 87 -65 47 -86 20 -80 73 32 -3 -12 87 20 -68 84 84 -30 -50 94 23 78 -29 -17 79 -55 41 -93 33 -52 22 -26 47 83 -59 -61 -84 -77 85 
-66 -22 86 -23 17 5 27 -76 -37 32 26 43 -94 35 -60 -9 -57 31 6 31 96 56 66 -11 -37 24 3 -24 -12 2 56 -1 34 42 -68 -86 -31 -19 -47 64 12 -64 -67 -35 9 20 -22 47 -45 97 -36 -67 24 -70 -38 -4 -97 63 -48 16 21 82 57 61 -53 70 -39 17 -27 36 -29 57 76 -60 61 -59 -75 -90 59 -19 20 68 66 92 54 2 -86 -51 0 -89 90 8 45 
35 76 -66 68 29 91 94 70 74 76 -72 -28 -73 95 -11 -14 -79 -39 26 11 2 94 6 96 54 70 -84 -78 39 -8 -11 -73 -4 -93 -7 -43 29 8 -53 8 59 -85 81 -63 -96 6 42 -93 -62 -100 -4 -44 -8 -53 56 -46 9 89 54 -26 56 -23 30 -27 18 48 87 -39 -89 0 43 -61 -30 58 -33 -16 34 -23 -48 -25 75 72 -83 -55 56 -43 83 73 -80 -80 -7 53 -13 
98 -4 -87 -56 96 60 -40 -72 -95 -42 -78 17 -9 -66 4 -11 -14 87 39 -100 -96 11 27 84 5 95 2 85 2 -65 48 86 71 -14 25 -62 -38 39 -17 35 -94 3 -89 68 -98 -67 -14 50 72 43 -88 -2 -52 -32 -5 11 -30 -13 23 85 -80 49 -12 -7 27 31 4 82 -71 28 5 73 93 -71 70 -96 -95 -1 29 -84 -15 60 -66 -14 99 43 9 41 90 -84 -2 16 -97 
19 24 -58 -18 28 79 -80 67 21 -43 -90 -34 -46 67 -15 -14 -56 70 -24 80 -91 84 20 -83 23 46 -12 97 -45 75 -64 -69 63 -92 13 -6 85 77 89 -5 17 -26 32 74 73 86 28 92 -22 -96 78 92 20 6 -35 45 -36 -3 33 -36 96 -96 -52 18 -60 -34 -35 79 92 -71 -81 14 9 -54 -23 67 39 -71 -38 -42 88 30 -88 3 33 47 -62 47 -84 93 -55 -69 87 
35 13 23 -75 8 -12 -31 -40 23 44 -82 -26 -30 -17 53 34 -69 -61 -37 -58 -82 8 -100 50 95 -21 -42 -43 -83 -92 -14 66 8 -17 -83 34 -15 28 -15 -11 52 21 83 31 99 27 -87 -2 -89 72 -35 -93 24 17 61 3 74 86 64 -36 -89 -25 31 -74 -31 -71 47 -97 -65 -32 -9 -58 7 6 85 -91 -22 -84 -29 -92 95 -76 88 -11 18 79 84 19 -90 84 -26 99 -40 
-34 100 -70 57 -69 -9 -19 28 -1 12 9 -79 56 -2 -19 8 41 -29 16 71 -11 -30 34 -50 24 9 11 -7 9 -66 -24 57 -98 16 -47 -67 61 -84 19 43 -9 -5 26 -52 62 72 -2 -77 6 -90 -78 -87 -94 75 9 -52 99 18 -95 -3 17 38 99 76 87 -7 -72 5 34 -66 70 97 1 80 -72 49 -71 -73 -98 -8 -8 -20 -20 42 78 -98 90 -17 81 -22 57 -38 66 
59 23 53 4 33 74 32 -2 49 43 -93 -13 52 66 -89 32 -54 39 6 -11 60 21 -52 -35 22 72 86 23 74 -66 41 -31 53 -2 31 35 -35 65 -28 96 -98 -85 -40 -100 -82 95 -74 -91 27 32 -81 5 21 -44 14 -11 54 51 -30 86 -81 13 -16 -25 -28 26 13 -17 -21 91 26 58 -78 98 -48 -60 65 35 6 -6 -78 80 -10 -92 38 -80 32 63 71 -32 53 87 -27 
-26 58 19 42 44 -71 -86 57 59 8 -24 17 1 93 -61 25 10 39 28 -92 3 13 83 2 70 35 -81 0 25 46 -98 -83 -90 -51 -10 14 45 64 12 -61 78 66 8 -49 23 38 55 -10 -7 -93 -87 29 -93 59 23 -58 29 68 -65 36 18 29 -13 56 99 -11 -14 -79 55 93 -60 -3 -4 -16 -99 -52 -80 71 96 31 -13 34 98 -83 15 8 -58 6 -48 70 -15 -77 -12 
56 -71 63 -79 -66 -76 -88 -3 34 33 -64 15 28 59 59 -92 71 -50 -93 -31 -67 43 -1 -56 80 -80 43 70 0 100 -67 -9 85 -9 58 10 -48 -60 39 -29 55 26 55 52 30 -24 -100 -8 -21 2 -12 61 -94 -13 -80 -35 -27 65 49 -95 25 -95 62 -65 94 29 85 -24 -85 97 -30 -81 52 -24 40 -60 -87 61 78 31 6 -49 62 -40 -69 -70 10 59 86 55 -45 27 -55 
-86 32 -12 -27 -6 -47 77 11 75 68 -49 -79 -25 60 18 -51 75 10 30 -70 69 59 14 47 -86 60 91 -100 -91 48 -82 -16 -50 -94 -54 100 24 52 -81 -58 -16 -76 9 -36 89 98 -39 -84 -33 -99 -88 87 4 63 37 -65 -16 95 -56 62 -16 -38 92 -72 16 11 35 -62 0 -40 -17 60 -5 72 -10 35 97 83 -100 84 -74 61 -72 4 -70 80 22 48 -59 63 23 0 87 
-38 -44 -92 53 68 -41 74 58 36 -53 78 -6 60 15 10 69 -35 32 49 64 -90 -66 -23 -4 51 -38 -70 67 61 -98 6 30 7 38 -4 100 35 93 27 -42 -44 -16 -84 -34 32 -55 -88 72 30 23 49 -72 60 63 -10 52 26 49 32 49 77 60 -42 -53 -15 -96 42 29 59 -39 -4 12 78 99 93 92 -56 -50 -45 -25 10 91 29 52 100 67 69 46 -80 81 31 30 -75 
-5 40 -55 97 40 -75 -15 35 -77 28 -85 56 -11 75 -24 76 77 -15 -11 96 -2 80 -85 74 48 -6 41 -4 13 -20 -46 50 -9 -86 78 -48 -72 43 12 31 -62 -30 89 -21 -43 87 93 70 61 -52 -59 -75 -92 35 4 -80 -39 -60 -53 12 -44 -29 -69 -39 -96 -10 46 66 -76 -39 73 -90 28 7 79 58 38 -71 8 -69 1 58 45 -14 -91 88 85 -70 -91 -35 -70 -42 -83 
29 -43 -59 -3 -57 71 66 49 -87 -97 30 38 15 8 -5 -28 -45 70 -98 13 31 -49 98 -97 67 71 -60 4 90 82 59 -11 -92 -100 -50 7 80 52 -47 -87 -48 -73 33 -66 -85 94 94 -44 52 27 88 4 -72 -3 -55 4 -18 -100 82 24 74 19 -45 -16 -66 91 -21 -100 -96 41 77 -29 1 33 -88 -53 34 -37 -100 -15 -68 68 -41 -68 15 81 1 14 -75 -86 -35 -66 -27 
93 -94 -76 40 26 -88 14 82 48 98 -3 -91 -80 -75 59 -38 84 -53 14 37 -70 -82 22 -30 40 -100 -52 -51 42 29 -89 60 27 26 60 92 84 91 35 -99 -32 -68 39 9 -26 75 81 83 44 11 -76 38 39 80 -77 21 -99 -6 -61 -3 39 -36 -29 6 19 34 0 -73 -52 -70 67 36 97 -18 60 72 -70 -9 26 37 49 85 1 -42 9 -85 -22 -25 39 19 -3 -45 28 
60 51 43 15 88 -22 17 91 -58 79 55 -52 -65 88 -81 89 -11 29 -91 -85 65 63 -8 -20 -78 -20 -72 47 -68 88 12 -4 69 -44 -71 47 -6 28 -9 -82 -98 -50 79 -25 59 -31 -64 11 14 100 -92 32 45 61 -11 -81 -56 -13 14 -24 -76 27 -5 -54 -2 -52 -9 58 82 36 -3 79 38 -6 -62 -53 -85 -80 -20 17 -35 77 5 -85 -73 -73 89 94 -29 28 -13 36 92 
91 -48 48 -75 7 84 -33 -84 62 14 -78 -54 -81 -20 15 18 -17 -99 -82 -82 26 77 -58 -56 -61 -72 74 -52 -32 -51 8 -20 32 -81 0 22 75 7 -9 27 -15 -50 -18 -11 35 24 -12 -90 -60 -47 43 12 -75 -41 13 47 -14 -15 -50 1 14 99 20 -45 -74 -19 40 -80 85 -46 50 69 -86 -97 -90 -80 84 56 58 84 -85 -82 -45 91 46 -56 -51 -55 0 1 85 26 76 
77 -10 -20 22 15 -87 33 -35 -81 -84 -3 83 45 69 -14 15 -7 77 69 -1 23 -38 14 -19 -6 26 79 40 48 72 56 72 48 -19 19 -92 -18 92 8 75 72 -21 -16 91 22 95 -41 -95 25 -73 -35 -92 -87 -79 -87 -41 96 -72 -69 -58 11 32 70 -12 12 -38 58 -50 50 50 -54 -74 -1 -34 96 -47 86 -90 44 41 64 60 2 -93 75 -27 -24 9 -60 55 -28 -79 -79 
-76 48 87 -42 -52 95 -63 -40 95 -48 -75 -28 -47 -49 -18 -23 -42 -82 16 95 -92 73 -19 -38 -17 -85 11 88 -70 -48 -60 9 -68 61 10 51 89 100 94 32 97 94 61 -79 -68 -95 21 8 80 97 -2 -82 -68 10 6 26 -86 -24 -54 97 80 69 22 98 22 -46 -64 4 78 -8 11 -93 -22 -60 53 -17 46 -90 77 27 25 -21 89 100 89 42 -21 38 -1 -74 85 -93 -97 
81 93 -75 27 29 87 90 74 83 39 -20 58 -20 3 -41 60 45 -57 -58 0 -82 -85 -94 67 67 49 -73 38 -20 -77 -67 -86 59 12 6 -53 94 28 -65 90 50 0 75 -64 -5 58 -45 77 -25 29 90 -56 -74 -29 -94 -31 81 91 -91 63 -44 58 43 -67 -78 81 -36 33 -67 82 5 83 12 52 3 -41 -83 66 -80 -99 -63 17 84 56 -3 -74 -96 -54 63 1 -77 -31 72 
-93 21 -19 62 91 64 -72 -2 -32 18 76 92 39 -82 60 60 -44 -30 49 -49 42 -20 36 74 92 -70 -22 -35 25 14 -43 -27 25 -43 -54 -99 46 59 52 45 -81 -48 -77 30 -66 -49 22 7 3 62 -63 -4 40 -27 -71 75 -45 -66 66 14 -99 -75 100 94 -96 -34 39 53 36 -63 -17 61 -26 83 61 -66 71 -56 42 -7 19 -48 46 -21 15 94 98 17 -33 64 -43 -42 -98 
-15 19 -45 78 -63 21 -1 -78 -60 -6 41 85 66 45 -67 -87 69 43 -10 30 -91 97 -87 38 48 -71 51 -95 5 97 -63 -20 98 -66 98 -35 61 30 21 26 70 -24 -61 -86 91 31 12 16 -21 -8 75 -73 100 -55 85 -50 12 -21 37 80 -85 -100 90 -40 -59 -30 -52 2 95 18 -90 37 21 19 -74 -10 -63 95 55 -69 66 85 63 9 -61 -43 77 -44 2 -48 -8 70 -94 
58 -16 -3 7 96 68 -28 -6 -11 -80 -85 63 -16 -26 52 -45 28 17 -57 40 -42 22 90 -83 39 -8 -28 -31 12 -29 -40 21 62 41 -82 -1 57 40 80 88 62 -94 22 84 -22 -52 -48 -61 44 7 -95 -46 89 -50 -50 78 -52 -20 -41 55 -10 17 -5 -31 58 -70 87 81 -48 41 -33 -26 13 100 -68 35 -24 19 54 34 48 95 8 28 67 -22 -83 -21 71 1 -37 -21 -91 
50 41 1 26 3 -98 30 -98 43 17 1 -98 -29 -14 44 -67 -13 31 78 18 85 -6 40 -57 96 -31 9 -34 -38 95 -13 14 28 -86 89 -63 96 17 -66 -48 2 -90 -29 -10 34 -74 76 60 80 -38 -20 -93 -91 -46 -20 72 99 -78 33 -66 26 7 27 19 39 -33 -4 -64 -64 -9 0 78 91 68 -14 -30 -65 -97 -87 26 55 85 -58 97 40 -22 78 -90 -41 59 -7 -98 -51 
-28 -11 59 67 40 10 42 6 15 -46 20 91 40 -41 1 76 -58 -72 83 -74 31 -48 -25 68 -74 29 70 -35 16 36 83 -57 -52 21 52 98 -81 56 40 55 68 5 26 3 86 -31 -94 -15 10 34 -37 5 83 80 -30 -45 9 -51 77 -67 29 3 -59 -88 1 66 -24 82 -32 26 36 33 -53 -53 66 -90 -1 33 72 -86 99 -79 1 55 -36 93 -94 56 -7 -66 -23 49 30 
-11 -97 12 13 -40 -94 -97 -96 -57 -56 63 -16 -73 -96 -49 26 69 55 31 66 73 -28 9 86 76 -38 95 9 -59 -93 -34 0 -81 59 39 94 -85 3 -51 53 37 97 -63 -78 2 58 10 25 -71 -4 -54 -22 -29 13 -82 -13 66 -48 -13 -63 22 -38 45 89 -58 3 -7 -62 9 23 -20 50 52 -66 -94 41 5 -9 -51 -31 -75 -46 -19 27 26 57 41 33 -54 -85 53 -54 40 
16 48 68 -60 91 63 78 7 -17 15 76 -27 -35 -69 92 62 10 27 -2 17 -32 67 -67 45 47 23 -45 56 -29 70 -93 80 -99 -33 -39 -92 7 -58 -76 -57 -62 99 -29 34 -44 42 -74 59 97 97 51 97 12 39 -66 36 22 24 -4 0 -65 78 13 -10 -6 67 -31 -100 -85 -38 -77 -67 -38 -52 -1 82 -100 98 33 11 29 90 -92 -58 -74 12 -44 86 -80 -72 97 87 -94 
-77 -76 27 92 -96 -95 -8 -82 -40 37 -2 -96 -20 91 90 58 10 -28 -13 -1 39 -91 60 -74 52 64 78 -36 -52 94 5 3 51 18 -31 -40 -34 78 7 -7 63 -15 -35 36 -44 -82 70 -84 72 75 25 69 30 79 44 10 23 -45 -4 7 -81 -97 -11 81 26 14 92 -27 87 -10 25 92 56 29 -64 -74 21 -22 -73 -55 33 71 -34 76 93 87 -17 25 34 -21 -100 -35 -62 
-81 -31 -56 -23 -2 -87 -87 -77 -60 -66 70 14 100 -23 -85 6 80 22 57 -5 99 76 63 19 56 -24 -14 68 -52 -54 14 85 45 -52 -57 -97 -62 -54 71 -28 -75 75 -80 -27 -24 77 -44 -27 1 -27 5 57 -4 -76 -81 -22 8 -99 -35 -57 -83 -70 59 -58 85 36 -37 98 33 68 2 -14 49 82 47 65 5 -71 8 -28 -91 66 -96 16 51 -87 99 51 -41 -57 -28 27 20 
-72 -70 56 34 97 -7 -51 -98 8 41 -14 48 -94 -67 -19 71 34 -99 -7 -66 -97 81 26 53 15 -8 15 -46 -84 53 71 -86 97 -49 31 -85 96 -7 -48 -74 -57 -41 74 3 48 -93 13 10 68 2 81 11 -39 -12 -84 6 -55 24 50 46 4 90 -8 86 35 -74 -80 16 -19 97 46 61 -41 89 -17 -70 9 5 -81 28 23 95 45 84 -14 68 -93 -23 11 -88 -13 -88 -5 
-37 -53 11 55 8 -92 73 99 51 -38 55 34 -6 -9 -98 11 -37 -89 -6 -23 -29 -21 18 -53 11 -5 64 -12 -100 87 85 28 17 -74 25 -51 77 -69 -41 90 40 53 -2 20 -57 61 -52 -64 32 -29 -40 -30 -70 78 77 -16 -28 -71 -100 -87 -56 -91 35 -9 -18 -39 59 -64 6 88 -25 -11 -90 -26 69 -44 99 100 -58 77 4 -12 48 12 -60 -39 -89 -48 -65 63 84 78 -19 
57 -3 -27 61 -62 21 -60 -63 -58 -79 37 21 4 -90 -16 -59 95 7 -90 -35 31 -94 -50 8 -48 9 -79 -75 -12 30 64 0 15 -50 -25 9 86 -51 -48 92 22 45 53 -61 15 -87 87 70 -38 22 -64 -85 -21 -4 -78 -90 57 -46 -83 -68 2 4 -58 -58 69 59 -79 39 14 16 29 -12 48 63 -82 -28 -25 65 29 -68 -19 -68 -65 60 98 32 -84 -10 -7 6 14 19 59 
88 -78 -44 -45 -96 79 -82 72 -55 -37 -45 -89 -96 -78 -59 62 12 -23 38 88 21 -62 -37 -80 -82 -92 1 85 -19 78 -52 -61 -92 -10 -70 -97 -40 80 -72 -32 -69 -41 -9 -10 -65 69 -63 -99 1 -79 93 47 79 -76 86 -76 -18 64 27 -59 51 -44 45 -24 66 18 -67 -96 -97 -3 -64 -48 31 61 -79 -93 -53 44 20 21 9 -81 -35 45 35 73 -71 -89 -56 -78 -51 -87 -96 
-83 -27 29 -86 7 26 -27 -66 -64 16 58 45 -9 6 25 30 -6 -93 73 -85 -51 -7 -39 -58 42 -97 84 -46 -64 86 28 -84 -17 53 -76 94 -54 -12 -64 68 11 82 10 -25 -93 -8 -61 11 65 97 74 23 31 49 93 -32 63 -81 -71 100 97 -24 96 -65 -78 -65 48 68 64 -38 -43 44 -57 -76 -53 32 98 70 -97 29 55 -71 25 -3 -42 -51 78 -60 51 44 42 -67 61 
48 7 -30 -72 71 -11 61 88 -36 4 4 -39 -36 3 53 51 -86 54 -82 -27 -54 81 71 -51 -60 -88 -51 -69 -20 64 -75 74 -35 -51 -40 58 43 5 -49 48 -89 -13 -15 -52 95 -48 -25 26 43 65 -67 69 -31 8 -28 -45 -39 -32 -44 -65 62 100 33 -65 -81 -48 32 58 84 -77 -88 -59 -88 -6 37 -50 -98 13 -20 -16 -50 7 -68 -93 93 48 48 91 -18 -92 -47 64 77 
-38 49 8 100 15 89 -49 56 -83 -89 -9 -67 -47 -52 -58 28 -71 27 75 -39 38 -54 25 90 -92 -26 71 33 89 -61 -80 97 -61 -42 31 -51 11 99 61 -24 -24 3 -89 17 82 54 -61 -53 93 -83 -68 13 33 68 26 74 14 -33 71 96 76 35 50 -62 -13 -19 -32 -86 19 -45 -59 51 38 -61 -78 -17 -30 -54 25 97 96 94 30 -96 -38 16 -92 40 37 -84 88 45 -59 
24 -34 -60 46 23 -89 65 83 35 -98 -7 -22 10 67 -15 -47 16 -79 70 -13 76 -55 -80 -40 22 88 -47 -13 -75 -67 -57 22 -22 72 -91 86 -40 68 65 0 -62 -63 66 -46 -84 -22 37 56 -100 78 -40 -4 -76 71 -22 -80 -53 90 -88 -22 -22 76 45 -41 -42 -81 32 25 83 57 -34 93 -82 42 3 3 -88 -46 6 42 -81 -50 17 -88 -6 -98 -48 -94 63 -52 14 55 11 
54 46 -46 55 18 17 -79 22 41 -2 49 94 -58 -1 -100 79 76 24 -78 -4 0 3 39 -33 -30 7 75 -29 -26 1 0 57 -50 96 -49 -55 79 -54 -3 33 9 85 98 -97 61 -17 74 -19 83 -89 76 -65 84 71 -54 -27 -67 -25 -31 -18 68 50 -50 -56 89 63 -66 50 -96 53 73 22 98 50 -90 -56 -62 -85 23 88 49 -76 27 -62 -41 -72 -52 -12 -18 -65 -74 -70 -35 
-62 -65 -72 30 -8 -42 -1 -30 63 -3 -85 20 6 86 -54 -99 -39 46 -15 12 9 -14 53 89 30 -66 25 -51 82 95 -41 -75 -76 -15 16 -100 -62 -14 48 -97 -37 84 80 -75 37 50 -13 -18 32 21 60 -53 -18 44 -65 3 11 -31 -1 -77 50 81 77 94 -71 61 -74 -84 30 69 -42 41 33 88 -13 -80 -99 52 -10 -22 -30 -4 57 57 -80 -19 -66 11 -59 3 -16 83 -65 
-55 -59 -91 97 -58 -52 -10 59 -26 75 96 53 42 -25 17 84 -25 -38 -30 43 37 -30 45 24 87 -65 80 74 -56 50 -28 -40 -20 75 -51 57 -99 -73 -17 -47 -42 -84 -95 -80 86 7 -3 74 81 -32 -65 71 76 -35 9 36 -71 86 -49 11 -5 -19 -49 -64 -60 33 5 -47 79 60 -59 -78 -59 -36 27 55 -96 -82 -99 -12 80 85 6 -71 22 11 -32 -5 3 25 32 -82 49 
-64 -64 87 -54 -22 41 95 -8 1 -24 -4 -26 66 69 -53 53 29 -66 -34 89 -42 32 -21 25 -37 62 -18 -91 -58 -85 -42 -46 30 18 -57 -48 -54 -46 53 -100 48 -21 19 -42 -71 26 57 -3 -78 -56 -82 -3 32 38 -84 1 -42 -23 -41 -23 -6 -12 -84 -62 65 72 -30 -69 -37 0 -10 52 -27 81 2 52 98 -5 -97 92 9 66 -13 88 -82 -19 -90 -48 -11 -47 -1 65 -45 
-88 -51 -63 -76 31 -92 70 69 -25 88 37 -65 -9 -75 89 -53 93 97 -31 -6 51 65 60 7 7 51 61 13 -84 -95 97 14 -68 -75 -43 -19 -76 90 90 23 65 -50 20 50 -8 46 26 23 -46 -27 -84 29 42 35 3 -88 -96 89 21 31 -23 81 -17 10 -73 -15 24 -49 60 81 -29 -63 95 -42 -64 -77 56 -38 -91 56 -9 -87 -85 -16 96 51 80 -49 -43 -64 -55 -4 -24 
74 -71 73 72 50 68 17 29 -9 8 -74 -40 48 59 59 -88 25 66 49 -29 18 -27 -21 -95 2 6 -84 -52 10 8 56 -62 -68 -25 -63 0 -3 -50 -39 -93 14 -39 34 -58 99 -24 -36 -54 -86 57 15 -90 -34 8 -96 -97 13 88 79 -42 -67 -35 7 -86 87 -84 77 26 30 -73 44 72 29 -55 -60 -93 85 -40 95 96 -44 70 -80 41 78 82 100 84 29 -41 30 -87 79 
64 100 -57 32 -76 100 18 18 -51 -41 74 92 17 83 56 -15 -75 89 80 -39 68 32 85 -36 -62 -95 -56 -11 -18 -85 -13 -76 -81 45 -55 49 -24 -33 -22 -16 46 36 15 76 40 -37 -17 -81 28 -64 17 95 -28 -75 7 29 86 42 -56 28 80 -2 -57 98 -8 74 -12 15 98 33 23 6 -44 -99 -8 65 -96 19 55 -16 -75 2 42 23 -49 93 -24 -93 82 59 -55 23 49 
-40 33 -16 77 98 -65 -93 16 42 32 19 88 55 -14 -64 -23 75 -8 11 -43 -81 45 51 -42 11 -100 -92 -33 -8 -95 64 3 -50 -16 75 -9 77 13 -94 -85 -42 -21 -68 22 -98 -29 -1 -52 -86 68 -68 -61 -58 70 -85 7 13 74 -59 59 -34 -88 -25 -15 49 -100 23 -73 -16 64 -26 65 99 43 46 50 -8 74 28 67 -14 63 -32 -61 24 33 -14 -97 15 44 0 -78 96 
-32 2 -79 98 -55 94 55 -24 -32 -63 89 97 50 33 -1 -83 -2 -11 -31 -33 -18 -85 54 -4 47 70 -83 -3 47 76 -76 -28 -36 5 -12 -65 87 -72 87 16 50 8 -35 -72 -54 -82 97 -29 47 -74 -59 20 41 -34 -28 -74 -29 -88 -91 51 -88 -18 51 13 57 -84 -25 99 30 -58 -11 97 49 48 -34 -44 98 75 26 19 -37 -20 -67 -43 -54 19 -55 -69 60 67 -53 63 -77 
11 -91 -11 29 -95 -42 -14 14 88 -81 21 35 -34 23 41 17 72 7 17 73 68 54 92 58 -74 35 -89 -2 2 69 -79 -86 91 -47 69 -83 -91 66 -71 82 -93 -60 77 31 25 40 74 -68 -21 86 -48 -64 54 14 7 42 -66 -83 93 -30 -73 -97 21 67 85 80 -13 56 61 -36 35 -21 -98 -76 75 32 65 76 -23 -80 85 -13 -67 -91 -80 3 -47 54 54 75 96 31 65 
-24 -74 33 -11 -98 79 -59 96 25 -25 -22 32 -18 -72 -20 92 -25 71 34 12 -26 -57 -88 -69 66 64 -85 -69 88 -96 -52 25 68 33 26 -29 55 -55 31 -48 -31 -46 -87 84 29 100 -12 45 -28 -93 95 -51 -62 -1 4 -93 -43 5 19 -7 59 69 53 38 16 48 -27 6 -38 -22 -62 -52 45 -76 -93 -19 74 -75 -83 -92 -62 -22 -19 36 -75 75 -82 -19 57 -64 74 45 -53 
97 64 96 25 -89 43 52 -59 -32 -29 48 71 -21 -96 50 50 25 -44 -85 -92 -20 -17 -98 1 73 5 -89 -50 -86 -12 42 -19 40 63 85 -96 -12 -18 32 30 22 -74 -41 -74 88 42 -24 20 83 0 -8 -53 65 46 -77 6 -31 -19 -57 25 49 -63 67 -72 -76 -2 83 74 -100 24 44 79 63 -38 -70 53 9 33 85 -37 57 83 45 40 84 36 -30 -56 -46 -12 -83 86 2 
-87 -72 45 55 -8 57 -4 -23 -80 -67 87 -11 -63 -93 -60 -89 -69 37 -99 -81 13 92 -19 -19 97 -18 67 40 -40 -81 32 -46 -84 -39 -15 -23 -85 -82 -20 -95 -76 93 43 -78 -27 7 -2 -45 -84 17 -9 16 -96 76 38 23 72 -72 32 -29 44 39 56 90 -20 5 -8 67 81 74 54 -64 9 -28 -89 -97 83 -57 -8 80 -95 -15 -85 18 -29 34 53 -29 19 -3 64 -48 -13 
-33 94 -35 87 -19 89 -29 -59 90 60 -4 -9 -77 -78 85 -24 20 -30 66 27 -42 44 83 -41 -58 27 -93 -2 -80 94 -29 75 -53 -83 -48 55 -53 8 76 -85 -44 78 -42 -22 95 -93 20 30 33 60 99 41 -31 28 58 -7 -28 94 38 -57 78 -14 -54 -71 -34 11 -58 -14 4 -23 -73 -88 -95 62 -37 27 -87 -5 -56 -18 -74 -54 -100 5 100 82 -96 -38 -88 69 -45 5 39 
61 -81 -87 -42 41 -54 27 24 82 -19 -18 -19 55 50 -20 28 -9 -35 95 71 -65 -31 -60 40 39 -49 74 8 98 28 39 26 45 22 52 -11 -79 -54 26 -19 -16 51 29 -76 72 -59 5 -81 -24 29 88 -13 -74 -70 1 24 39 -26 39 75 -30 -48 8 75 -86 -73 -7 -2 11 92 -72 -33 81 -59 -71 92 -90 -65 -31 -10 -61 -98 -57 -4 -62 -95 28 45 -42 3 81 15 88 
76 23 10 81 -59 52 -63 62 54 3 -7 -92 73 -69 -97 -26 -52 10 -85 75 -13 84 67 92 88 -80 85 -98 58 -76 -39 -53 83 63 21 -3 -28 86 -91 -5 66 -93 -25 -12 -1 98 23 -71 -28 44 -34 -89 -58 10 -20 -66 -74 -57 -63 51 -84 58 32 81 9 22 -47 80 -65 -48 -55 37 83 89 -27 -83 59 81 6 -76 -73 77 4 -36 93 -24 53 -66 36 -15 -11 12 -53 
-75 -42 -45 -37 40 96 -16 96 54 42 23 15 -84 2 -46 21 1 -7 89 82 94 41 17 88 20 -81 -85 51 -82 -8 -67 -66 93 -32 80 73 58 -12 53 -68 -92 -64 -88 37 -34 -58 46 26 50 17 94 -87 4 -22 16 7 75 78 99 -47 -95 50 19 -34 43 99 79 97 60 23 70 -44 12 -63 82 -77 65 32 -47 -51 -10 -49 100 42 18 50 59 18 89 -6 -51 61 51 
-62 96 -82 -4 -84 -36 -43 -12 -34 -73 40 -25 99 -89 4 96 -96 67 -72 40 -24 -39 52 -25 55 -61 61 -66 64 -23 -78 -87 98 -46 -57 -42 9 -17 -65 94 -73 14 99 -98 91 18 100 27 6 66 -92 56 90 -84 87 3 -62 34 55 -34 92 36 -72 -2 -48 23 -40 95 -64 55 -6 13 -10 2 -56 -59 74 73 25 -71 59 75 -4 92 25 86 -67 87 13 47 34 19 -79 
-67 -64 16 -95 -31 48 33 -36 87 6 74 45 59 82 -70 -36 8 23 27 58 9 37 -89 24 56 78 9 34 47 81 -92 38 -18 100 78 12 -61 43 -14 91 33 66 -60 44 14 -75 -33 -98 28 -83 43 -87 23 -4 75 11 73 97 -48 -97 17 66 71 65 -29 20 -52 76 -76 86 15 -35 -18 50 -30 -10 94 -80 -32 69 -13 48 -32 72 -11 -80 -70 -75 -77 -70 28 86 -15 
71 -47 -8 -74 -4 -63 70 -40 22 3 -49 79 -29 22 5 15 -76 -100 -10 -13 -83 82 33 87 -2 -71 -94 -82 -66 7 58 81 67 -4 -60 -70 56 51 -10 6 8 70 74 -18 -78 23 89 -4 -5 13 58 39 80 -61 -53 -33 -54 48 -73 17 -92 -9 9 10 -62 -38 60 44 -75 82 30 -42 -36 49 -33 62 -37 39 -51 19 -64 85 -23 38 -16 -83 71 -22 57 78 44 58 67 
-23 78 -85 45 -89 -85 -66 83 -95 -75 -9 -13 -41 7 72 -94 98 -25 76 12 -33 -70 -43 59 76 76 75 -39 26 -16 75 -26 55 97 54 44 -27 -93 49 -95 -33 -8 -64 5 84 -60 -39 39 16 -69 1 4 100 -74 -44 61 69 -62 76 58 89 -94 -75 -21 -84 -82 53 -7 5 -71 6 47 -20 71 35 -3 -6 50 -77 91 91 48 41 91 21 -47 58 4 -65 31 10 3 77 
47 -1 59 -17 -55 -11 67 -87 3 69 4 -48 11 -74 -95 -67 -83 78 -53 31 -24 -33 81 -2 75 -19 57 -69 24 -31 -80 68 37 36 -33 -99 -1 98 47 -97 62 96 -28 38 72 17 -39 -6 25 28 55 -42 92 17 -100 5 84 -40 -27 39 -29 -17 79 -93 5 37 40 -46 -63 -50 -66 85 6 74 -65 -38 -40 -67 -57 -96 -4 -77 -37 -100 22 -17 -47 -33 91 51 -16 -26 -24 
17 -79 -55 -43 -81 -50 41 -34 -39 39 64 55 -81 92 65 30 -100 66 61 -19 -17 23 -49 -92 -19 -32 53 -28 -18 33 68 8 80 -73 65 -16 -26 -69 24 -7 24 -77 96 -23 76 -28 75 -82 8 -8 -85 -63 22 -86 -78 96 -85 80 42 54 49 62 -54 -100 -89 -78 -8 -1 -81 -9 45 -24 8 89 -37 58 13 88 2 9 -97 26 -86 -9 -1 -23 66 -88 67 -55 26 -42 -8 
-6 -70 84 -17 21 57 8 43 42 55 25 -100 63 -81 53 86 23 7 9 19 82 -11 0 11 -21 81 78 -12 -11 93 33 -79 -71 44 -82 -37 65 -18 -50 -41 33 61 34 57 -22 13 26 92 -97 42 17 -20 -24 -7 54 -38 32 -100 -10 16 -62 49 44 79 11 85 55 -87 -54 -28 79 -10 38 -49 -79 -12 56 62 74 84 -85 -31 -94 -55 61 3 73 72 93 -90 -50 -6 -14 
-35 -4 -5 77 48 -8 -59 -22 -70 -91 -84 48 -82 -99 -90 -84 29 86 34 2 93 40 24 -36 9 30 65 -27 38 -83 -42 -52 65 -77 -19 82 78 58 -20 44 -76 -41 -94 -27 -81 -29 -13 15 83 35 3 -100 31 8 -69 -22 15 -11 -44 -31 36 93 33 -15 -14 12 17 -16 -38 54 83 48 36 6 -40 -54 87 62 -21 -57 -35 64 15 59 46 43 70 60 31 -87 -51 -40 -23 
44 -6 31 -60 -75 78 -73 0 -39 38 -100 -49 80 -22 83 -26 19 -18 55 -57 42 26 -44 55 62 97 -80 34 -66 -57 -71 4 49 -57 86 86 31 -48 -28 -75 58 5 -5 41 -16 53 -51 100 99 31 63 13 75 -89 -58 66 30 -83 -20 -40 90 -95 41 -18 89 95 -92 100 -33 -2 24 94 -97 67 71 -20 96 85 35 -26 -24 38 -98 53 -69 42 -77 82 -40 -31 -84 -32 29 
93 -50 50 -48 -84 -21 75 -84 96 70 -72 -16 -5 24 -99 43 11 -74 35 -61 47 29 -41 23 -32 80 85 73 21 -29 -14 38 -8 21 45 96 -43 55 -97 -78 85 -3 -20 -73 4 -53 1 66 74 -53 5 -63 70 -33 -8 -45 66 32 39 50 -76 -45 -22 -30 -33 18 56 -87 -45 5 41 0 97 38 -54 -83 46 -25 -83 -52 -66 -60 -88 10 -8 51 5 21 21 72 65 46 -73 
58 95 -91 13 60 -90 7 88 34 -96 5 -26 82 -49 88 0 -100 13 -9 91 70 -15 77 64 -29 33 -23 -74 57 2 95 35 11 43 84 71 52 -63 -25 -42 -72 -46 87 -59 -35 -66 71 15 48 83 -51 89 61 -47 -97 49 -46 8 12 36 20 -80 75 -62 1 41 -91 -94 -80 13 44 75 5 9 7 -55 -58 -37 63 -23 -23 -83 14 -26 -80 -70 86 19 50 -12 -68 -43 79 
-70 12 38 87 -9 -60 43 -17 -16 23 60 23 87 85 -41 66 -66 -5 44 -72 38 -92 59 -66 0 54 57 58 -80 -39 66 -25 -50 -98 85 21 -63 94 -46 -24 -76 -50 100 -56 -2 -42 14 9 -41 84 53 -37 -64 81 -39 -4 -19 -9 -53 56 6 94 -43 -43 55 14 -35 -84 -7 35 -30 54 -83 62 86 71 94 -66 -75 98 42 27 87 36 -6 -99 -35 71 -49 -17 -21 16 -96 
-41 -88 41 -59 62 -92 -20 52 -18 41 -2 -83 52 87 70 -28 92 -90 -25 -64 77 78 -39 92 -30 -92 84 -7 25 -62 -70 -9 9 61 19 30 62 30 80 66 79 8 -34 -97 8 -84 75 54 -82 -57 -63 94 68 -94 27 65 -81 33 -58 5 -94 14 68 2 89 1 92 73 -39 6 -67 -86 -72 -62 -68 40 30 -18 35 -4 73 55 -1 -59 14 -61 -22 -61 28 20 -59 -65 -88 
-66 89 82 48 -79 -45 -48 -12 31 -67 88 -49 -35 -36 -59 -14 -77 -70 33 -38 74 72 57 64 -74 67 -39 -12 -17 -7 -78 46 -69 -100 -31 94 25 -47 -9 88 45 87 49 -45 93 59 99 97 -62 -64 62 46 -49 -68 66 28 19 70 71 71 47 -59 -37 18 -80 13 89 -93 -93 -14 43 -24 16 50 -70 -31 -98 4 49 -2 53 12 -5 15 -63 -49 89 6 -45 -39 0 -96 -67 
60 43 11 -83 -19 24 27 -58 96 -1 20 77 -83 -100 -97 -71 50 11 97 12 28 64 -14 -60 3 12 -56 18 -37 32 -53 -61 -79 38 -44 -28 -40 52 84 61 -64 -18 -99 14 -81 -97 63 89 -44 -80 -5 34 -76 89 -17 -73 -48 6 38 -91 -52 -25 -24 11 12 74 41 -18 39 -96 -100 -56 -10 -53 -53 27 -90 40 -10 -81 -49 -81 11 25 -47 91 20 19 9 19 16 97 -78 
98 -87 18 -94 -80 -32 -75 -14 51 -44 -36 -84 -31 93 73 -80 -46 -84 -71 13 50 68 -51 -91 -12 32 -22 9 17 25 -34 56 36 80 75 -5 31 -41 28 74 43 -51 30 -21 46 13 90 4 72 33 -42 66 10 79 -16 87 -31 3 -27 78 -50 -68 20 -7 -94 23 -95 -72 -27 -47 -3 -27 -11 -66 -69 -23 83 45 -91 43 38 -74 -55 -49 53 100 -43 -26 -49 -57 -93 -51 67 
94 -39 -31 -10 -18 -41 45 -99 -6 34 -34 97 -43 -3 100 -60 64 -14 2 59 -16 -94 -44 53 29 -76 88 -72 65 -86 -63 46 -70 26 48 71 -75 -30 -20 25 -80 76 82 -21 12 96 23 17 -95 -71 -17 -3 -38 -27 -28 16 -73 89 -26 88 46 -87 99 -10 -77 61 67 -46 -81 -81 -43 64 50 -100 -96 48 -52 95 -13 96 -94 -62 -58 -92 -74 41 61 -99 29 99 -83 78 -89 
41 53 -19 23 43 -47 -18 -20 -67 -92 48 -2 74 -47 51 95 -28 -73 19 15 -49 45 52 100 25 -56 98 -78 -3 62 41 42 34 -53 39 -90 -6 8 28 95 47 -76 18 -44 4 -73 62 -60 -67 21 -61 -11 -52 86 -29 -13 -74 15 -49 36 43 76 -57 -3 -2 22 -50 -58 84 -7 -6 84 -11 -63 -1 55 90 -17 62 78 28 34 42 -38 3 -46 -92 9 -91 -42 51 -76 32 
-100 -72 19 -79 -25 -45 86 -9 -4 -21 -69 44 -16 88 -79 -78 22 11 -95 20 100 81 87 2 -41 -52 -43 89 -5 70 72 -2 83 64 -98 68 -21 48 -10 90 54 8 -96 -69 -3 18 -60 86 -96 80 44 15 -9 -89 -44 -86 43 75 10 -32 49 2 46 -90 -65 5 50 31 -8 -25 -51 97 92 -19 -6 62 -71 76 98 62 89 7 53 39 18 24 50 71 -33 72 -74 8 -85 
25 -95 -3 42 10 78 -96 73 -28 3 -4 30 26 -63 7 -41 -51 80 76 -19 72 -77 -85 -75 61 -95 42 83 -63 -62 -27 75 -59 34 67 -68 23 24 68 -7 -23 71 30 100 -71 72 52 29 34 -40 5 71 96 13 -41 -88 -41 -34 88 65 84 -17 23 -8 95 -53 -90 -96 -46 -53 -60 -53 -11 -68 6 32 -35 64 -87 52 13 85 75 19 5 12 2 -41 63 -91 93 43 57 
25 32 67 -70 49 0 21 -78 30 -52 71 7 -56 -76 56 7 20 78 18 -52 51 68 -60 -79 -55 -53 66 -41 39 30 -11 -11 -79 96 72 -81 -45 10 99 -40 27 58 89 8 -64 28 -87 -66 78 73 -86 98 29 17 -16 -83 58 54 -99 -59 -81 -38 -95 -78 84 -82 -15 -78 -96 95 -85 -33 -42 -25 -58 10 -38 13 -10 -30 70 92 40 -14 -68 19 3 48 -55 45 74 -12 71 
-34 -88 15 -33 41 18 -69 -94 87 -77 33 58 -36 -67 -32 -75 22 61 -30 -24 -88 -64 -38 -18 28 -15 -7 -96 97 46 82 -98 -6 43 68 71 100 34 39 63 99 -73 57 9 -77 44 20 0 -61 95 -10 96 -82 -37 3 58 -86 -40 -12 82 -43 29 77 -36 -36 -8 85 60 68 11 -60 81 -6 -95 -69 -56 -13 89 -7 -13 -31 -11 95 -43 -91 42 -48 8 -86 -78 -49 100 93 
-20 -85 77 88 -91 2 -4 -13 99 15 57 -34 60 -61 -80 -14 78 -26 61 -77 -99 -88 -2 14 46 -36 92 88 -65 -95 26 -94 -88 3 37 65 -96 -46 0 80 66 -18 56 88 61 43 14 -21 19 -52 -94 88 -91 -77 -17 -3 100 75 27 67 -7 -98 18 -49 -34 -40 -49 -20 45 -49 7 97 -60 2 -41 -89 -46 0 99 43 82 -21 -62 45 -21 -18 46 70 82 -71 65 64 -84 
75 -37 -54 48 -3 93 -39 -31 -43 63 47 53 83 -39 -56 -21 -28 -18 37 -57 -26 63 -22 52 -5 9 85 36 41 87 -79 -39 -38 -7 0 72 -31 -67 -14 38 -36 21 69 -99 91 77 -24 98 1 26 76 -96 -60 82 -16 -10 18 87 93 -63 -52 -84 -27 -96 99 50 -14 74 43 -91 53 52 -27 -84 -73 90 27 3 -23 -33 88 83 -74 -63 68 27 -84 1 61 67 86 -37 14 
52 88 94 81 -35 17 -77 -48 100 -50 -92 -23 -59 -94 -75 -62 98 -95 51 -15 13 -90 -5 9 -10 81 58 -86 16 43 20 67 20 38 29 47 97 83 19 9 -58 -55 75 92 9 -84 41 54 47 28 51 -10 13 83 -39 37 32 -31 -99 85 71 69 26 -19 -3 88 -47 -68 -16 -73 -33 56 -77 63 97 45 -88 68 39 61 9 97 -66 -99 -20 -86 -92 43 -52 47 -2 98 3 
-67 -2 54 7 15 -75 49 -46 95 -49 28 -16 -68 -19 -93 16 42 -15 98 -95 58 93 82 36 58 93 16 -3 -31 67 9 -77 -93 51 74 75 -48 57 70 -60 12 41 50 -31 -13 -87 -64 55 32 -52 -10 -79 -4 25 80 90 58 17 70 44 6 -85 93 -55 -57 87 79 14 -45 74 -93 -84 92 80 -4 87 20 83 -38 -98 -64 -67 3 -92 -34 -78 7 -99 46 21 -64 20 51 
4 78 51 4 -87 -90 -71 -57 98 -61 -13 -76 16 86 2 48 -38 -67 -45 65 98 91 57 71 -84 -22 -3 -63 -9 -80 -14 29 -94 13 -35 -59 -6 -39 -17 72 -49 -80 37 -65 72 -65 -46 -21 43 -92 90 -40 -76 54 61 -91 82 2 -26 -45 -44 16 79 -52 6 32 -20 -82 21 54 41 73 79 7 -6 82 -7 58 51 -11 12 -48 20 11 32 96 2 36 -3 89 -39 11 38 
28 91 94 83 99 -13 29 -67 29 -20 23 -55 61 53 -32 39 11 89 -97 -54 33 46 -1 76 49 -17 -16 -76 7 -75 58 -99 -36 99 -38 46 3 -99 65 100 -86 71 94 -47 -46 -96 -99 -87 -61 -5 34 42 -78 -10 -16 -10 -12 73 48 -18 6 -79 52 -48 -19 75 53 -52 81 64 34 46 39 -24 -41 81 76 -72 -88 24 25 5 28 -34 93 30 14 -11 -38 -47 82 -61 41 
-7 40 -64 -58 -69 -18 -5 -14 20 66 -48 90 22 -98 -61 -25 -98 -84 38 -30 54 -85 -58 -75 21 -69 -11 19 36 8 13 -91 77 -98 36 -8 68 65 95 -4 -75 78 -12 62 -13 -25 60 51 -96 90 63 -47 -97 19 52 61 -95 5 90 -1 16 -8 25 -9 -56 -28 16 88 91 -29 45 -42 -61 -76 23 97 61 -99 -12 97 50 -58 -72 -42 -7 66 -70 -43 -25 54 89 -31 -46 
27 71 -47 -4 -44 -79 35 34 -12 10 -27 34 2 74 24 28 88 14 -26 -37 -55 -5 -83 10 -37 23 -57 59 96 51 -78 1 -69 38 8 58 40 -77 -97 9 -82 -56 -28 -3 52 -75 28 -43 -24 -88 -97 83 -38 -98 -51 97 -30 -19 -14 23 43 -44 -73 87 -91 -53 -71 -82 88 63 -17 54 83 -55 -23 -100 -97 90 24 33 -90 -84 76 7 -14 -96 -53 -27 85 30 -55 39 -32 
6 -64 60 76 39 76 -82 -69 -54 -37 -46 -99 -46 -42 -87 17 38 64 -71 -67 -8 83 -83 -79 92 -43 45 -70 -34 -59 63 -27 54 -9 97 91 32 -71 35 -97 -10 21 75 -14 46 -82 23 -68 -32 -6 -19 4 62 74 -3 -15 2 -28 27 -91 -72 -36 47 21 -96 -59 3 11 22 80 -80 -49 61 68 55 -91 -96 -16 -42 48 54 -50 54 100 21 23 72 38 67 -99 -43 96 6 
99 -4 71 79 -36 35 -5 -88 -70 24 -44 -77 -89 16 -13 -53 69 25 12 -30 -56 -7 31 52 81 -96 -55 89 16 -32 -47 -40 -68 -93 83 44 -61 16 89 -68 -2 34 -21 25 75 90 31 76 -13 -24 54 -49 -57 93 42 86 31 52 68 -27 14 3 97 -10 -63 -81 75 72 -21 -75 -51 -18 37 -5 63 -2 -71 -5 -78 31 51 -36 61 -66 49 31 27 -48 -69 -22 26 23 9 
-9 68 -45 81 31 -7 -97 63 26 57 19 1 -10 56 -61 38 45 -96 78 11 -81 -94 -80 -96 76 36 44 63 91 -4 38 -48 14 -43 50 59 31 -68 40 77 69 -36 18 88 -94 -54 60 -45 -44 85 41 -71 -97 26 -64 11 67 34 -48 11 18 -17 -54 -90 -13 -52 -67 -88 -47 89 98 59 -66 37 -69 -87 18 -77 17 3 26 27 -89 5 55 -16 5 71 53 10 -77 -40 16 
26 -80 84 -28 52 -46 65 -8 -11 85 49 -98 26 64 -76 89 34 62 -67 72 37 69 19 -57 -57 64 83 14 91 93 8 69 71 -18 -10 -40 8 37 90 86 64 40 -60 61 -70 -56 -10 -45 31 19 -22 36 -15 -79 -59 75 -72 -94 -23 -54 45 78 56 65 -60 -55 -77 95 -13 61 -50 12 -99 -52 44 -18 -100 -22 -27 -73 14 85 38 -100 93 -52 -45 61 -9 -48 -55 68 48 
57 -83 19 7 91 -67 -1 -94 5 27 -33 83 16 48 4 -28 -68 -100 13 -48 -98 -98 19 86 -24 41 -28 63 -98 -47 -63 37 -94 -59 69 72 87 -63 -50 92 30 -44 84 60 73 37 -33 -52 -50 -61 -85 65 11 11 -92 -35 56 -72 72 -30 -22 12 59 -20 -29 18 -34 -53 34 93 64 4 78 11 -56 -44 78 -31 10 -93 -37 -15 55 -33 73 -8 -91 59 8 -89 79 -24 -25 
-29 -12 75 -9 -9 99 36 -35 60 -83 -32 8 42 39 -31 -34 4 -78 59 68 60 -88 -62 -35 -99 -98 70 -65 78 51 92 74 79 73 24 69 53 -4 27 -92 -32 -61 -36 -46 -86 -46 -14 -62 -66 -47 27 6 10 94 50 -39 83 49 70 -45 -100 15 64 -99 59 -51 -21 87 -97 26 -73 14 -24 -74 -40 14 -44 68 3 -11 -76 32 -64 -92 -75 71 61 -31 -75 -71 39 80 -51 
7 26 -99 3 77 -30 -32 -70 -80 65 92 38 -57 -73 -89 -9 71 -83 90 -43 -65 -36 94 0 -57 30 58 -1 -85 -7 -17 59 -45 87 9 -67 -31 -50 35 -42 91 28 54 58 42 79 -7 91 44 9 -4 28 27 -43 -18 -36 -77 -58 -98 -66 -67 11 -32 -82 85 68 82 82 -85 23 -90 78 -72 -27 89 -44 -95 97 43 17 -86 55 25 -99 90 58 8 19 40 56 -95 -72 62 
-50 -44 -83 -46 39 -10 85 -89 88 -23 29 37 -25 23 21 27 41 86 24 15 81 -7 67 -25 -61 -49 -21 -73 -48 -64 -52 77 -34 84 -33 -32 -43 1 -51 -38 18 64 -30 5 38 -89 67 2 82 -96 55 26 91 31 54 4 20 -32 -76 -32 76 -40 9 -80 60 25 -26 -71 35 -15 82 -50 -40 -53 -92 -42 51 34 39 58 25 -48 96 62 44 10 -54 -71 16 -6 -41 -20 56 
-32 0 -23 87 -30 88 -50 -25 63 -63 -65 6 35 -42 -46 8 53 70 -96 9 74 -73 1 -53 -12 -90 1 30 37 29 -94 -19 11 32 18 96 77 1 -83 -58 70 86 -91 49 -42 8 54 -80 -66 76 -92 -12 68 -16 58 3 -70 67 94 -18 99 -53 -56 -92 -75 90 2 -77 -77 83 64 -66 17 -56 -68 100 97 -79 -10 -6 31 65 -54 -6 -80 -46 -10 27 33 -23 34 74 39 
-25 84 -88 16 -49 -48 69 -2 52 -14 0 -37 -71 -20 97 65 -100 -46 -54 76 26 -63 -63 21 -54 55 -95 -14 29 98 -56 10 -82 81 -24 -17 10 29 78 79 90 29 -48 42 -30 18 -76 29 22 90 -61 44 -10 -7 25 -5 96 -49 35 -67 -20 96 -40 40 -79 -57 -76 50 -35 -65 58 1 93 -92 32 42 3 89 72 -66 43 51 -45 -40 -34 -47 26 83 -22 15 -46 17 4 
89 95 -13 -71 -51 100 90 -29 67 46 22 63 57 18 -6 63 -72 -52 -81 -21 9 89 92 -59 34 57 23 21 84 100 -72 92 88 -58 38 97 26 -82 56 100 -56 -38 63 40 2 80 -82 -88 88 -5 -22 -49 -59 -76 30 -27 -77 3 35 -76 27 -98 -63 -41 -20 -70 31 -32 -81 -13 5 3 39 -81 56 19 70 -66 -33 -27 42 -95 76 -46 5 -64 53 37 -72 23 -37 75 51 
69 -70 64 -49 -47 -29 6 -37 -66 75 -40 -64 13 -82 -38 -23 46 87 38 -50 -71 48 44 43 -75 86 56 16 -69 -40 67 -91 -54 -78 59 -32 57 -30 81 -4 61 58 -95 33 -37 -19 45 -15 20 68 33 -96 97 57 -52 31 -79 -70 -94 -31 59 -66 -81 88 -86 -14 -20 -83 -47 -18 14 31 55 76 48 -20 -52 85 96 4 -100 21 17 -69 -75 -9 93 -43 31 58 -9 82 10 
44 8 -1 33 49 -39 -45 32 59 -57 58 -82 7 -28 -43 36 94 -82 58 66 94 82 -75 94 58 56 -14 45 57 90 9 30 -4 28 -46 45 55 70 8 -7 51 75 17 -28 -48 82 -59 -100 -76 -85 -12 -45 -1 -70 -6 95 -23 -64 60 -60 -3 82 -81 23 44 -18 38 39 -97 93 -10 89 86 64 99 9 -31 71 12 93 -64 38 86 -31 43 -84 -21 -89 -35 -54 -69 -3 60 
-6 -54 84 -4 -52 -38 83 45 -24 -88 32 -66 36 -47 -26 32 -11 -9 -4 -8 -17 2 -13 -28 -44 -9 77 -25 -84 91 7 70 22 -61 -18 -36 -81 78 -2 56 -76 71 -38 3 -67 -54 64 12 -11 78 -67 -77 -26 -17 -37 -88 -100 -78 -60 -81 -12 15 97 98 20 24 -44 -19 76 -42 -39 -32 98 16 -71 23 52 -91 29 95 -44 -84 -36 -21 90 -57 -11 69 -66 17 -67 53 8 
15 91 -29 -76 99 -98 1 -23 -4 -97 86 -31 -94 84 -93 -2 87 54 -98 39 -93 -24 68 72 -41 76 -20 83 -24 88 41 56 12 -57 49 -8 -55 43 72 -10 70 75 -2 87 95 38 8 -47 43 96 -89 -8 51 69 31 -73 -3 72 86 -55 -34 48 33 32 -4 -42 2 -34 37 22 42 -69 -76 -85 31 -17 -56 -68 -59 39 96 -59 -74 31 88 87 75 22 65 -16 -66 84 15 
41 -29 -70 80 29 18 63 -55 36 -61 51 19 42 100 -43 -23 19 62 -57 22 -13 -10 1 -85 38 69 -40 4 -63 -86 96 57 39 -88 64 -26 -39 2 87 -56 -5 82 80 -8 -66 95 37 -92 -96 4 64 -9 64 -38 51 10 -82 -47 49 97 46 -74 -13 -78 83 74 27 -32 71 57 66 29 66 60 -87 -58 91 -82 68 61 60 78 -59 -94 6 -22 -26 -31 18 27 16 10 10 
69 77 -32 88 0 15 18 -36 -97 61 68 46 55 -37 -24 -15 -37 -8 -96 -61 25 19 -7 -39 -78 -93 8 26 30 -51 -82 -15 77 -44 -91 26 0 27 52 45 -9 46 -27 67 74 97 25 -57 -20 98 -5 -35 -71 97 85 -16 -10 42 -21 85 8 -12 -94 -24 20 -24 88 -24 -94 75 79 45 -61 72 -98 84 73 42 -79 16 92 -50 77 -34 -52 2 50 31 8 92 48 27 32 
-49 44 -7 100 47 92 58 61 -24 64 -10 68 38 36 -59 1 -25 -48 74 -98 -45 -21 -1 34 63 -16 86 -9 83 -10 68 40 -51 0 96 -92 54 -81 -15 -43 -42 -88 -4 -82 56 78 -23 -74 -13 -33 54 -5 53 90 4 86 97 -25 -14 20 -10 93 -66 -17 -11 -23 41 -10 45 -17 -2 -76 92 -45 -74 -43 68 84 -51 -67 -28 65 -79 25 -66 16 -99 -64 -10 -11 -71 41 2 
77 -62 -97 -25 85 71 58 -16 13 15 -40 -21 -37 5 66 -44 68 1 -94 -9 -13 84 57 1 -32 -70 73 -35 92 -18 -60 -77 -76 -99 7 -67 -25 6 69 65 1 -83 -41 -12 -49 27 -78 63 -22 53 -21 -77 35 -78 -56 90 -14 10 45 69 69 -35 -48 18 -66 -42 22 91 -68 25 -47 -93 45 55 38 24 -91 -73 -83 90 -42 82 -73 79 -53 -74 0 -62 43 -40 47 6 -52 
99 21 85 -78 77 -50 34 -88 -93 46 53 30 -78 -45 7 85 -94 2 71 -77 -76 -79 0 50 -4 -84 -76 78 40 46 -3 -81 -33 -36 16 -47 43 -43 -87 41 -50 83 46 -34 -25 -23 41 -75 -8 -66 -29 -23 19 -79 -63 -33 41 18 -60 -82 39 81 -29 94 -56 -67 -48 19 -28 -43 30 -85 8 41 -87 -45 49 96 -81 35 -71 100 51 34 -79 40 46 58 -96 -29 -61 -68 -59 
11 -50 74 91 -25 -90 -5 34 -23 72 52 60 44 -71 -83 78 -17 97 44 52 -21 -36 40 -41 90 64 54 -69 21 73 -99 -4 -20 -52 60 13 40 58 100 45 74 74 -46 81 -32 87 2 -33 51 80 -22 -29 -56 -82 -98 -86 99 72 -18 63 36 -55 -99 2 84 76 -86 -11 -59 -83 78 -63 -73 -16 -33 62 58 38 -50 10 1 -60 50 8 99 -76 57 88 -32 16 89 21 -12 
-41 -65 9 50 5 64 -40 66 15 82 -61 43 57 53 77 89 -98 -57 -42 -25 0 52 92 -49 -47 45 42 -60 73 -10 23 -22 -67 -28 75 -79 -12 -94 41 -20 -1 35 27 -31 -57 0 90 -1 -52 -91 41 -100 32 18 -57 -23 -75 -5 32 -92 28 -18 87 -53 58 53 -11 11 43 -34 -62 -10 18 -57 96 82 10 8 -81 -85 -19 -40 -61 -73 -14 -15 -18 64 25 -57 61 46 -5 
-22 -90 -51 69 -9 11 -53 82 -60 99 97 -92 80 50 33 18 63 44 39 58 -64 -50 -80 -67 77 18 47 81 -33 -27 67 96 -57 -47 46 -89 92 -34 95 17 -51 50 -98 97 -25 -37 11 -90 -31 3 -62 -89 32 -87 39 82 35 -90 34 78 12 73 59 29 -78 -20 58 83 -33 -39 70 -93 -64 87 -84 7 -19 57 -73 -29 -61 50 -3 -47 -21 27 -76 61 75 24 -90 38 22 
-20 -95 -88 55 60 -97 47 -30 100 -20 72 3 -1 -87 37 -64 89 98 -1 84 53 12 29 -34 25 14 -70 -61 90 88 -73 -78 -40 -82 -100 85 82 -64 -62 -25 -69 -40 10 -38 -74 81 38 55 -67 66 86 -45 31 -92 56 61 39 77 2 -81 14 33 -16 0 -54 64 79 14 24 16 45 24 -11 -81 28 -31 26 33 -38 -75 2 12 -81 3 6 99 65 -37 80 21 94 34 -48 
-60 -78 39 -72 -45 87 39 -62 -65 57 -24 12 50 27 -36 60 5 -33 -81 57 5 -53 -81 84 6 72 -29 2 70 41 -82 75 -14 -90 -48 -60 -69 -34 91 -15 -23 72 12 8 99 43 8 39 -37 -21 -32 -23 -55 56 5 -4 34 4 -74 80 64 41 -24 43 24 16 69 -87 5 88 -47 90 24 -51 -99 -44 32 -48 -88 -5 -49 30 -96 -46 94 -94 22 78 57 -93 13 24 -26 
-97 90 -18 -88 90 71 74 93 0 -12 95 -93 -79 26 -57 -70 -21 22 -91 98 34 11 -1 46 -52 -79 -98 -4 57 47 -38 55 41 -12 18 85 52 77 10 -75 -36 -12 -61 -49 -33 0 -63 -74 -39 -1 -38 -39 -52 -12 -74 88 34 1 -94 -29 -3 -88 -47 -7 -44 -67 2 1 73 -16 -69 -72 -100 79 79 4 -78 18 53 55 83 -60 -58 -11 -71 -68 -56 -94 7 -63 16 -59 41 
41 -85 -43 25 -44 59 -12 -90 -93 -99 36 -69 -93 80 -26 17 -11 -51 -86 -52 63 31 -44 57 81 35 23 0 -38 63 -84 -57 91 -6 -63 -76 -36 -85 -78 -65 -36 -94 81 84 85 -89 -57 -49 -58 -25 93 -68 69 41 -75 -87 14 -74 28 99 94 63 -95 81 -91 42 34 -94 -54 4 86 70 73 55 -39 28 100 -37 -57 84 81 -63 -69 24 69 36 -12 -64 80 7 -98 -34 73 
68 46 16 54 -19 -49 -31 -44 50 -22 3 90 -43 -66 -64 45 -1 3 20 -48 -81 26 40 0 -2 -31 -84 -28 97 -18 -10 7 93 -40 -89 48 43 66 18 -68 83 95 -19 -46 -16 42 30 -85 47 59 -37 -37 30 14 34 -56 77 -32 -30 85 91 -49 -17 10 12 -7 73 38 21 66 -71 5 27 -87 -28 82 -32 56 39 -81 -26 -7 -38 18 -53 33 75 91 -56 -37 63 -90 70 
96 58 -95 80 87 3 86 15 -30 55 -65 -80 96 100 12 18 -93 46 9 45 -22 69 45 38 -21 77 97 70 99 54 -73 33 73 7 75 -82 73 82 70 39 -98 -76 -6 16 -5 6 -2 -17 -56 -91 25 12 52 -55 -100 32 -66 40 98 9 92 90 74 -52 -55 58 -32 -15 -87 46 68 56 3 -12 74 53 34 -16 13 86 9 59 8 -55 -2 -14 62 66 -57 97 -33 -37 -33 
23 59 -32 -70 -74 -86 -44 -50 13 -58 -5 -4 67 -18 -88 -61 88 87 43 -47 13 -75 -5 -45 -18 -9 27 -95 19 22 -6 -39 28 -80 -31 -88 5 87 -67 -39 -8 16 -66 -2 -18 -19 -49 -62 9 66 -87 -31 -61 25 38 88 52 48 32 -78 31 -28 71 -92 91 6 63 -72 -3 -34 25 -81 -8 99 -86 24 97 -3 63 20 -64 54 -14 -37 -28 34 -44 -20 66 64 92 -98 82 
-24 -39 -11 48 11 62 54 26 -23 97 7 68 -3 24 -62 -66 31 15 -45 32 -80 -16 90 -80 -99 6 -58 -12 -31 -41 -18 24 -61 -37 -28 50 -15 35 -30 1 -47 98 -57 13 83 -32 -94 -34 94 -32 -21 35 -3 68 27 49 30 -32 -58 61 -63 -18 -5 53 -93 29 -45 -33 99 -40 -69 -41 24 -99 -98 -58 -56 48 84 68 29 71 38 35 84 5 -27 -18 100 -20 98 54 20 
18 -92 1 -83 73 60 -18 -22 -30 63 -46 49 -20 9 -33 44 -70 12 -55 77 36 45 76 99 35 70 -11 -64 -42 91 -90 -95 11 66 -56 83 34 70 -34 44 41 56 30 11 -14 -38 -86 -43 -68 -97 -59 63 -11 -47 20 90 48 -42 -2 -85 52 53 5 24 -61 -15 8 -9 12 -78 91 -73 69 98 36 4 -76 -55 -68 -30 -11 27 -10 -68 4 29 -93 83 -82 56 27 15 80 
63 -100 -32 -90 74 45 86 10 -52 77 -67 -41 97 -19 -13 28 62 -47 55 85 -66 -26 -33 58 2 -84 92 42 -83 -48 0 54 -37 -33 62 88 40 -44 11 4 13 82 -65 -65 -11 -23 33 69 53 -74 -36 25 -8 17 78 -27 -85 61 -21 -16 69 -53 15 -57 -96 97 -6 61 26 84 -15 17 -48 70 -36 13 -53 -30 -65 32 47 65 90 -33 -56 -23 0 28 97 -93 -92 -18 68 
-96 -5 -46 38 -22 2 47 -8 94 -60 -79 64 70 30 -52 -32 -37 -34 23 -61 19 -53 96 -5 -8 -89 55 -69 18 60 0 -50 -77 -56 71 -98 29 -77 86 63 42 -51 -6 -57 68 91 -47 -93 26 -52 -19 6 5 -71 -2 -94 2 89 -42 7 13 -62 2 90 86 30 -96 53 -20 -9 17 -22 71 -45 -52 70 39 -55 -70 1 98 12 33 35 -89 70 -7 29 -60 97 -77 15 -90 
-19 -87 3 52 95 -50 31 7 -49 -97 -40 -62 44 21 47 11 -16 73 -71 -30 -71 50 8 -83 98 -44 -10 50 72 36 -86 39 -18 -92 14 37 32 -42 -69 -14 -30 78 28 34 18 -9 -19 -81 9 -11 -36 -75 82 -6 -4 -21 -18 -100 -87 8 -69 -4 -43 21 89 38 10 61 33 9 -42 -71 -84 45 -64 72 19 92 -72 42 6 -8 71 97 -3 -25 -3 32 -20 52 11 -60 -28 
-1 80 36 -17 77 -33 -73 98 1 28 -98 36 56 57 -77 50 -88 -34 -24 -2 62 80 -21 80 36 -5 68 73 -24 81 -63 54 -94 49 -100 36 63 8 78 -42 98 -38 69 98 -17 30 78 33 97 88 49 -60 71 -83 -78 -46 -48 -44 18 -57 60 -2 3 21 31 76 74 -23 10 -16 -76 -21 88 -70 -34 30 -82 20 -13 84 73 79 -41 2 34 66 -28 3 -35 5 64 -37 85 
13 15 -1 9 -9 -56 -85 -38 35 -43 -36 42 -29 -87 -18 -75 33 -54 -35 -20 -44 71 -61 23 63 -9 69 78 28 7 -93 11 -29 17 96 -96 -21 -75 2 -37 -74 32 35 1 -24 -56 -71 -86 84 54 -91 36 -55 68 -49 -94 50 -79 3 -76 -92 -84 -76 -98 9 -83 15 81 -76 90 4 -74 -27 76 -29 98 -1 -25 -8 -34 -61 -45 -39 44 -83 72 -16 0 1 95 -79 -84 -1 
-71 95 -94 -76 24 -75 -44 -75 -36 -76 -80 -29 -16 -19 -38 75 -5 9 88 51 -77 99 -64 13 74 -91 42 -5 -34 -86 -94 12 -66 94 -19 2 82 -99 95 61 -89 19 0 -72 31 65 -28 -40 -99 21 -43 60 13 26 73 81 -83 7 33 35 -44 -91 26 52 9 33 -20 -67 50 57 -93 80 24 -75 1 -46 64 72 -85 -3 -7 57 -48 -46 13 -66 10 51 -39 -77 -96 89 12 
-61 -7 -77 -67 16 74 38 -19 5 -96 -13 48 -18 -13 45 68 0 15 -66 65 86 -70 -10 13 90 -24 71 -24 -23 -11 -6 -74 -84 45 -79 18 20 36 -31 39 24 3 14 -75 4 -41 31 -31 32 -87 28 65 12 -75 65 72 -3 34 -22 -69 -57 -21 86 82 53 42 -2 -49 -61 -81 -70 -33 76 86 -26 21 6 14 59 -51 20 -39 -48 96 -58 49 54 -97 -71 81 -15 -31 41 
89 70 90 97 -58 19 5 6 -9 -27 -50 96 -34 -96 6 35 64 -50 2 4 74 -19 87 3 -27 4 -92 82 -13 -53 59 -58 -57 -67 -75 11 50 -61 -75 24 -97 59 -77 88 100 -99 84 -13 60 -10 -96 32 -61 89 -2 -39 2 -58 74 55 -59 -47 95 -63 87 3 -65 67 -18 -31 -78 -18 -16 47 -81 77 -38 84 21 98 25 87 20 -92 45 -82 -97 -89 -23 -21 -76 -97 -38 
-12 22 69 56 34 -46 29 67 -85 -63 21 -40 -54 77 76 -89 -53 71 59 42 17 31 49 50 -32 -91 14 -21 87 -61 11 72 -81 -41 21 -31 46 42 -88 -2 -45 -24 39 95 3 -25 66 -75 -91 2 61 -53 -61 41 65 -16 -55 44 -10 55 -29 -34 -13 -2 17 -59 88 2 -59 -25 -30 30 91 8 52 -91 89 -68 29 22 -66 -82 -88 -24 100 12 -5 -57 90 86 -21 -55 71 
-96 37 26 29 -31 87 -96 27 -82 -40 29 84 -17 -17 -75 32 -19 94 -2 48 83 -68 32 91 72 -72 0 -39 -88 46 -9 92 -63 54 -24 58 26 3 14 -94 -9 96 -92 17 67 -38 -63 2 -42 -53 64 93 -63 -74 35 72 -2 20 22 -97 43 3 -66 -76 30 89 45 82 -7 80 -36 -64 -85 10 25 -51 -8 -89 -1 79 26 -99 -17 -88 -73 -76 55 79 90 -9 -48 -84 -62 
-68 45 -100 75 -19 -84 -72 -6 -64 36 94 18 -25 -41 -16 -71 -71 -99 -20 -57 -82 14 86 13 -88 -72 -55 97 81 98 -42 61 -75 54 72 -40 30 -25 49 -72 -8 -47 67 -3 -77 -96 82 69 -38 11 28 37 2 -41 76 89 -76 -2 -20 -54 -69 -77 49 -16 63 -49 36 -68 18 5 -14 -59 61 -30 -98 61 18 -6 -9 84 35 -56 14 9 -5 -41 96 -51 72 -5 -22 -71 -24 
65 -40 56 73 99 87 -25 27 -65 -1 32 -56 56 73 -31 38 33 32 91 10 -94 10 -100 89 5 -19 -93 36 -7 -40 -25 50 -58 -39 -25 -25 100 -46 -12 14 68 33 36 60 -31 57 52 5 67 25 -2 -46 -81 -23 90 -57 -18 -26 96 -92 -97 96 -55 -39 86 39 -42 54 -14 73 37 14 -43 88 66 -88 35 36 -21 -19 10 -10 55 -60 -94 15 47 66 41 78 -58 -74 -63 
-68 -86 42 -73 -69 81 17 17 90 98 67 -84 -60 14 43 53 57 -47 96 -90 -3 30 52 27 -82 24 53 4 54 17 -33 68 88 -93 2 -63 -17 4 29 41 48 -32 14 -18 12 8 81 10 2 -82 -94 20 8 -50 24 -94 -83 97 87 33 61 -98 -60 -43 78 44 5 -60 -81 -31 -9 -31 17 79 -79 1 -66 96 -81 81 89 -30 -15 -99 3 10 -59 -29 74 54 4 48 -80 
40 24 -74 -39 28 12 -81 -16 -59 84 -43 -9 -75 -75 24 24 -33 -54 29 68 -51 34 46 81 44 13 32 -83 72 8 -98 -20 46 22 48 -19 87 42 -48 -52 64 62 -35 -15 -9 95 -22 89 -40 93 40 51 -21 -17 -28 -11 -75 13 68 -68 47 56 6 55 -95 92 -21 -96 76 -8 -69 -9 53 -34 58 -46 -3 -25 42 58 14 42 -34 -58 35 11 41 -3 -79 -57 10 40 -37 
0 7 9 -62 -44 18 -23 -86 88 -79 90 21 27 39 7 -10 100 45 85 -15 60 46 95 -37 -98 -4 28 -24 15 -25 -27 -33 -62 -77 -73 -63 -11 46 66 -55 -68 -99 35 79 -7 -72 -12 9 76 -22 -79 31 73 -70 -33 31 28 -78 99 0 50 -99 52 -78 -22 29 -81 -22 68 99 -37 76 -8 85 14 -34 -1 76 15 -11 92 -25 82 47 80 51 69 70 -92 32 -39 -61 -47 
80 -93 24 -39 -8 12 66 -28 -25 -7 -16 -71 88 8 -34 59 8 26 94 0 55 1 -33 -41 -72 94 -49 52 -83 4 99 51 -57 -10 51 -8 -76 -20 31 -19 66 67 77 68 -38 -42 -8 50 69 -20 -15 -79 -71 54 31 -47 24 89 18 31 30 -44 47 3 -2 -60 17 -12 -35 -88 -24 -73 -74 -9 37 14 -13 -93 -31 17 44 -69 -80 71 -65 -31 4 -100 -54 -22 -19 -79 -74 
97 -29 36 11 94 -37 -74 95 63 -27 98 -29 -66 -14 51 21 -3 -27 -80 -27 -60 -8 -44 -29 -65 -36 -45 -17 57 -70 -7 99 71 72 -16 -59 -61 -44 -34 71 -54 56 81 9 86 -54 -55 -43 -3 -28 -39 -95 64 -62 6 53 -31 95 93 -3 -59 13 -47 53 -86 51 21 84 -84 -38 65 54 -43 11 30 -5 -24 -57 -77 54 86 -16 90 33 92 -52 8 95 76 97 -1 -52 1 
70 -54 92 30 38 40 -58 68 41 -27 -1 -5 18 60 -66 98 77 11 -48 -79 -32 -62 70 99 -63 -16 40 55 -49 13 -26 85 43 -91 36 -31 14 18 -21 -20 65 70 29 -48 94 57 -52 25 -71 -4 -75 7 45 -95 -36 47 -28 26 73 -35 6 -9 52 -72 -9 -26 -54 74 26 92 90 -71 -3 -73 -55 67 -27 81 34 -10 -63 -3 -81 44 0 -50 -44 -88 -40 15 -69 -64 -43 
71 17 -30 27 84 51 66 96 11 99 10 -94 -29 -48 -68 -46 -20 48 62 -96 -40 -32 -63 -38 85 6 -50 90 53 -45 -32 -40 67 64 84 -94 -48 -54 -95 60 -50 -14 -23 34 9 22 -77 -75 91 -70 70 29 -37 8 37 68 38 35 87 -11 27 26 53 -16 -39 -52 -81 50 -59 -73 -64 -76 -99 34 68 49 -84 -69 -20 57 55 0 46 -39 -7 4 23 -55 -86 79 7 -25 91 
45 69 43 76 -21 26 9 25 85 -40 89 83 -96 -15 8 -62 28 10 -75 -28 38 51 -4 36 92 -10 46 70 96 -88 -13 -32 9 -2 -76 91 -39 -35 -37 -22 -79 91 74 61 37 60 -50 -11 -25 -56 -96 72 -53 68 78 -16 71 -33 32 29 6 -23 96 85 -82 -22 -58 -61 -32 18 67 -55 -51 87 44 54 -78 -72 -50 79 79 62 37 13 -46 -65 46 63 58 -17 -32 -12 22 
71 55 16 -64 -92 -13 60 -22 -26 -26 41 -100 -77 14 46 -97 43 -50 32 -18 -27 66 -41 27 100 47 -32 11 81 -29 -13 -45 83 78 13 26 -93 -98 63 -15 24 -32 74 -34 84 -98 74 3 -17 7 -61 -44 64 -38 86 -64 -48 -23 -74 -53 -86 11 -22 -66 -37 100 51 -10 66 -46 60 70 26 60 56 1 -10 -16 84 68 61 -84 41 45 -44 -47 98 -8 80 8 -29 83 -52 
72 -32 -70 68 79 -6 93 2 -17 63 49 25 -57 40 58 60 66 7 -100 -70 98 -49 64 -27 92 94 19 63 -78 27 -80 -4 -92 44 -2 -88 -34 -5 -68 66 -3 -16 -16 -94 -69 28 -66 44 -70 8 -44 77 58 64 -91 -72 81 -11 -2 -15 50 25 -35 2 20 -67 35 -14 79 -47 39 -11 42 12 74 42 34 73 -94 -4 -2 96 -77 -73 23 96 -47 9 -53 -23 -90 -73 -96 
-81 -24 65 67 95 -12 76 -68 9 -68 92 -85 -56 93 69 22 94 16 -74 -51 16 16 78 -10 -85 -90 -59 -36 -99 95 -64 -30 86 99 60 50 92 45 41 -21 -48 -44 -19 -84 -12 74 23 -14 34 96 -24 77 98 11 94 99 -46 -53 -1 10 -72 -56 29 -52 19 -11 -54 -8 97 -35 -36 62 6 57 -45 -75 -87 -60 47 29 -60 3 -15 -57 37 88 -64 26 -93 1 -9 0 63 
88 -44 46 -31 -35 -73 78 84 45 39 -38 35 -44 -48 -73 -61 -28 47 1 22 -57 -21 14 -68 -82 -98 44 -35 96 -5 -11 76 -5 18 69 -82 -98 -57 -61 40 24 35 -26 -77 11 2 -81 63 -27 -11 -27 -8 44 96 -1 -42 57 -7 -34 86 -86 65 -1 76 64 -14 72 -99 100 15 58 79 -25 58 20 29 -32 -28 -55 -34 -22 -18 -100 34 69 -18 -24 -8 -75 -7 -64 45 -73 
44 -31 78 52 67 -95 16 45 -24 -38 -38 -9 -19 81 -91 -44 74 -14 78 10 55 -30 100 -58 -60 -36 22 -92 39 66 -19 21 -7 33 -9 68 31 62 25 -49 5 -63 -71 94 -74 -61 -33 15 100 -89 -43 -28 -84 -51 39 -46 -71 -71 -33 -9 88 73 -31 76 77 -37 78 -34 32 -68 -46 95 40 -66 -13 97 -46 -29 -25 -21 35 -9 79 -7 67 9 -50 30 -33 97 25 -51 23 
2 -21 9 69 97 98 54 -56 -46 74 -35 -52 86 97 45 68 54 16 -65 -8 -24 -4 58 -13 -50 21 30 -95 39 79 89 -76 -95 -77 56 -93 -72 -78 98 -66 73 -71 23 -72 -72 79 -100 77 -76 -47 -16 16 -26 3 89 82 -46 36 10 90 -77 88 -62 63 8 -59 -29 -20 -72 -79 -6 49 -10 8 -78 64 -22 -27 -97 6 5 -84 -69 -73 4 -76 69 92 -9 -24 18 -13 36 
31 37 -93 -25 -40 -85 -3 43 -8 85 49 -20 -99 84 11 -90 53 87 -15 27 72 -66 -84 51 -97 -42 -28 47 -15 0 -34 -39 -15 -20 22 -80 -49 11 52 49 -64 97 50 94 9 -60 -54 97 42 14 28 68 95 -28 89 85 70 -48 91 -41 -25 89 -14 94 -35 6 -40 -32 -36 -59 22 54 -3 -83 10 -73 -21 -73 84 -56 -47 -35 -21 51 -57 22 14 -61 56 40 23 29 6 
53 83 1 -13 39 52 43 58 -95 100 -48 -60 -4 27 28 94 -4 3 93 -31 5 68 90 75 12 11 -44 38 98 -62 -27 43 -69 -27 -32 -7 -21 -3 32 -4 80 -33 -78 -16 32 79 -33 -48 -26 17 61 -57 -8 -74 4 -89 84 99 36 -17 88 31 26 -54 76 53 -50 12 0 91 -39 52 -72 -99 -25 41 -8 -74 -49 -68 -53 81 -94 39 16 51 -15 -91 -30 36 50 15 -10 
-28 66 92 31 -93 49 -78 -19 -42 -49 78 -80 25 -51 99 61 64 -55 58 -7 -12 85 54 -57 -58 -22 65 93 -39 15 -13 84 30 91 -88 71 -76 -52 -53 59 78 -17 31 97 -21 62 59 17 -29 -60 40 78 -25 62 23 26 91 -93 -22 -79 -13 -17 31 -27 56 -65 -73 20 71 77 61 12 -46 -59 59 -8 54 -54 73 0 -80 -71 34 7 -99 -16 1 -36 -75 77 9 -96 -58 
32 -52 53 -78 63 96 -13 59 30 -76 12 33 81 98 -85 85 53 86 -51 -64 -73 13 100 -61 -93 85 54 -32 65 86 57 -46 29 91 -28 -2 16 5 -72 33 -32 -73 -95 72 100 83 -29 -97 82 -83 84 -49 -46 -44 99 92 -30 -41 17 -97 38 3 21 51 45 -19 -8 67 89 -24 -72 -94 17 -34 -83 93 -96 10 98 -37 -18 -87 3 -20 1 4 -31 14 34 -67 -78 50 -88 
33 -6 -13 39 15 82 -73 -50 14 -44 7 -43 -27 86 48 -78 -27 -51 6 -17 77 -71 -29 75 -22 31 -25 -33 51 -100 -55 -17 -39 62 -7 96 -90 18 -56 -49 71 87 -33 -43 -64 -88 15 -97 -6 89 18 -12 -31 -28 -58 63 -20 17 -88 -55 43 80 -62 -48 99 -87 -95 -17 -12 15 78 26 56 -46 -63 -53 -33 -51 -47 30 -21 -27 20 -95 -3 86 86 -67 83 -16 -75 44 -51 
-70 -13 23 12 53 -92 7 50 19 -83 -78 58 -80 89 -13 -92 48 42 7 -78 -44 -58 36 -37 -60 54 4 -83 38 73 98 38 -20 -27 -5 -71 -53 -31 -3 -71 68 90 -16 -95 69 -15 76 -55 -51 32 -38 31 -67 95 -45 58 100 -19 91 49 -95 50 -45 -9 -71 16 -76 72 -29 24 34 53 27 19 -37 -44 65 -52 2 -53 -69 75 77 -48 44 61 -1 -44 -98 -89 89 94 42 
73 -3 -62 41 1 35 98 -64 -36 -98 -83 90 -79 77 -86 98 -63 -9 73 -51 66 28 -35 77 96 -61 16 -3 31 -34 31 14 90 -51 -46 -67 18 -6 -66 64 -79 92 73 -55 -8 98 -27 87 -68 91 99 85 -83 61 31 81 -12 -35 -71 97 -44 -45 1 -74 53 12 -37 95 -97 -62 68 48 0 24 83 24 28 -4 -6 11 -80 46 64 -64 44 -79 -94 76 39 -89 15 -82 -39 
-4 -99 77 -80 -66 45 54 -57 -82 67 13 12 -21 31 -56 -1 -51 -43 -36 39 -23 93 -33 26 -31 60 -34 95 38 -25 55 -24 78 67 98 59 -52 5 17 -11 -9 -25 -96 62 -64 -92 -45 -53 15 -51 29 79 92 72 48 -59 2 11 12 95 96 96 -25 -26 95 52 -61 82 -93 0 -36 -75 -74 24 -72 -74 -72 52 -83 39 27 -31 24 35 38 66 3 -80 58 -33 52 38 63 
-55 -42 -85 85 -61 -31 -61 -67 62 62 -49 66 -77 26 -11 58 100 -74 96 87 30 72 70 4 -16 7 19 33 30 -28 45 -92 84 -90 44 39 -89 80 -2 -47 0 -15 -31 51 -30 -6 71 -37 -88 -5 28 93 66 -9 -21 -87 85 30 -33 -76 53 98 5 -34 64 59 42 99 -14 59 -39 -84 81 -42 -18 42 -66 39 -93 -32 7 -93 -10 -91 -5 -39 15 -99 -67 81 32 -64 75 
-43 9 -45 33 -17 71 12 25 13 -18 -8 -53 -56 1 65 16 30 -12 14 -51 84 98 26 -9 -48 -40 -2 93 -95 -37 17 41 36 -80 98 -50 -31 -64 -64 52 9 -17 35 67 -30 56 46 21 -12 -27 83 -31 -17 64 4 41 -8 -33 -11 23 -66 -3 -95 -94 -1 -17 -18 79 -46 40 53 -58 -36 41 -97 6 -62 -74 24 -31 -34 37 3 79 51 96 -90 -16 83 -9 -16 -39 -23 
-59 -91 -13 48 -86 -61 -91 99 90 17 81 11 98 31 -49 24 -82 -49 14 -29 -18 91 66 7 61 50 31 -86 -60 -39 10 18 27 -61 -23 0 -63 94 -42 -61 10 -24 -24 -96 -11 -46 97 15 -92 73 -5 -23 -18 36 -15 87 -90 25 0 -70 23 71 8 -85 -17 -19 17 53 -52 -65 33 22 -41 -68 55 2 -70 44 -22 37 43 41 -96 -71 96 -93 -18 -39 32 -59 55 77 54 
15 6 -4 28 -25 -11 -27 -24 79 40 24 -56 54 64 -2 -61 93 71 16 100 63 39 36 100 -87 -87 70 99 -97 43 -82 -35 -15 -22 6 -57 -81 -45 61 -84 -78 53 -54 -58 -59 41 -85 -46 -93 45 -77 -1 31 -97 54 65 85 92 -21 -100 98 39 32 29 -22 87 4 55 -53 -82 -47 -32 7 -31 -4 -29 -48 -50 12 -57 53 77 26 -59 -15 -34 -32 -16 -1 83 49 -71 9 
3 62 22 -34 84 -88 -5 -27 35 88 94 -75 -71 97 13 62 -55 44 64 -40 -36 -52 -19 -39 -95 -99 40 91 37 -66 87 92 -80 10 14 -51 -37 -90 -68 3 45 17 27 -73 26 -20 -55 -57 -24 -62 -51 75 6 -3 79 65 -42 31 35 99 54 88 95 10 -28 -64 91 -39 58 -60 26 29 8 29 9 -26 77 9 -84 85 42 25 14 -76 -20 55 -51 -60 19 27 -35 -56 42 
93 -58 -12 -13 94 -93 -99 -78 -56 41 27 52 67 67 -60 87 -60 80 68 32 29 72 30 91 74 -71 13 77 -50 -7 -94 15 -85 -27 30 61 -30 72 -69 75 74 4 -57 26 -46 23 70 -31 -54 79 -6 57 25 -76 86 6 48 -11 65 13 -25 14 -82 24 70 7 -54 -75 -31 -46 43 22 -71 -43 -15 -72 25 56 21 12 51 83 -86 -74 44 -27 -78 70 84 22 100 -15 -85 
91 15 -19 4 -36 5 25 96 -10 -21 -20 -82 -43 -8 27 5 24 73 52 13 81 -93 -37 -53 -62 -100 11 93 73 -63 69 84 -90 53 71 -41 66 34 -63 -72 46 98 -50 -57 19 -26 0 45 -48 -86 39 70 17 -86 -87 7 60 -64 -36 -7 45 36 36 44 -30 -70 -1 -60 -67 -49 67 6 -16 -25 76 -90 -42 25 -63 11 82 -100 -34 42 -8 20 43 47 53 1 90 77 -55 
-91 48 -98 -16 -71 81 16 76 -50 -34 -61 40 -53 -47 73 86 44 1 -24 -20 -62 -15 -19 -44 -5 -18 -64 92 -92 15 28 -41 -87 22 1 -38 7 -80 24 -35 3 -61 39 100 -92 33 -15 -19 44 91 17 -86 -12 37 42 -84 -28 58 9 -47 23 20 -72 63 -71 -26 77 74 11 -81 11 -95 73 79 79 88 -21 68 -53 -16 67 79 -94 -15 51 69 -5 26 -53 15 -30 95 -93 
-63 47 17 -86 -15 43 -28 -8 39 75 -13 -49 -35 -90 4 -6 -47 -40 12 -19 -51 -28 74 -90 -31 -44 -46 -37 36 -12 70 -9 -95 -90 47 -96 -22 34 4 -58 -69 92 -17 -51 -29 -25 77 -46 19 22 43 37 0 99 97 75 38 -35 32 -95 99 70 100 -23 83 34 -48 80 -60 -39 85 32 83 -54 -7 -41 -32 64 56 -56 -98 31 -75 53 -1 84 34 -86 -33 -70 72 46 72 
-34 83 -81 14 -41 -94 -72 46 94 11 64 -32 -99 61 -78 -67 -34 33 -20 84 -18 -95 17 18 -97 -1 -4 17 -33 -28 -60 -42 -23 -64 92 64 58 31 36 16 -57 80 -11 -75 12 49 -24 20 85 -59 53 -51 75 28 12 99 -24 -2 24 2 3 39 -79 -23 16 56 -77 -10 52 14 -37 93 -70 100 -15 -68 77 39 97 -30 69 90 -42 14 56 -97 57 -40 -70 71 -86 -87 87 
99 10 42 -12 -62 -25 -3 -65 -96 98 98 99 9 32 59 -48 -13 -77 -56 -24 24 -63 -27 27 6 24 93 -24 -81 -8 -94 -2 74 -99 67 78 74 -10 22 -75 -3 48 -56 -41 -10 -76 77 -64 -98 -68 42 56 68 -19 18 -59 -69 -79 -25 30 82 7 30 24 48 -67 -17 -63 -88 78 51 -42 92 -36 -56 95 -15 20 78 -32 -67 -61 -13 98 53 -45 76 58 -60 -100 95 -55 78 
28 -86 -17 -99 -21 31 3 40 22 75 -35 -2 -49 73 -74 2 -87 -30 1 76 -51 -37 9 -87 -4 -87 -8 -48 81 -64 -11 9 62 -48 -92 -21 14 8 96 -74 25 -88 42 -39 -2 10 55 87 -83 -28 93 37 38 0 -88 85 17 -82 -81 -14 -53 -29 -65 77 34 87 -7 -19 18 41 -93 41 80 -13 -49 -64 -43 58 -40 77 4 80 -86 -20 -17 19 -33 -45 -12 39 -26 -3 64 
66 -59 58 16 92 28 33 -13 20 -24 -57 -32 -39 22 81 -53 -71 -29 -29 60 41 -73 12 -25 -67 -46 74 77 7 -46 8 -81 -5 52 -54 -1 73 -87 34 49 -95 -63 76 -4 77 -30 93 -7 -96 47 -69 -2 -46 -68 -89 -79 91 -100 19 -86 -81 -27 -9 75 -32 33 -100 63 -62 64 88 71 91 15 92 -96 59 77 77 45 -80 -73 -47 -13 -37 -69 -54 89 -59 -49 14 22 -100 
-87 -14 -50 64 -69 62 -92 -94 -23 -54 32 -55 -3 91 -46 64 -15 -2 35 21 -48 14 -14 35 19 -21 -63 38 91 -41 60 -86 -23 83 -32 26 -37 -26 -35 -18 2 0 -66 11 47 76 58 -48 54 63 63 43 -14 45 39 -19 80 -82 -62 6 -90 4 -13 -24 42 27 -22 21 82 27 73 6 23 26 79 77 42 -70 -82 50 77 41 -82 61 -80 28 94 65 -86 3 -9 6 24 
48 50 -97 -91 -57 -58 -44 -26 -54 -13 -8 41 85 30 9 -93 11 -30 -66 13 17 -18 -28 -16 -40 -90 97 -20 83 -36 -36 76 -32 -27 -39 -33 91 -100 52 32 63 -43 78 -32 23 -10 -92 -23 -45 -16 -36 -14 31 66 -68 -75 -91 -48 -32 -97 -20 -5 -13 -100 82 -19 57 -67 -28 -56 -15 11 32 -69 -89 -27 -75 80 -73 -7 -32 -90 75 31 -59 -26 -61 1 75 -79 30 57 -42 
-42 56 33 40 79 22 -84 33 28 -69 -50 -81 -70 -97 40 -31 54 -96 -68 -88 -56 -26 77 -13 -32 13 -8 34 17 -56 59 -43 42 -5 -48 47 -95 52 65 67 -20 79 -57 -59 -51 66 -76 -14 -12 18 -19 83 87 -96 -33 -84 -59 -25 -25 8 99 -5 -10 91 47 -22 -60 -86 0 21 -23 -46 58 -11 -34 35 78 17 -24 71 53 4 -69 30 11 -99 62 20 -6 29 21 13 12 
-34 85 18 -9 -97 22 -3 41 -86 -1 9 98 38 -52 -32 -99 -25 -43 94 -49 -9 68 -29 -66 70 -8 -75 29 -73 -5 -35 -26 79 -74 -33 -64 56 65 -45 40 -17 -15 14 10 90 -37 -22 19 10 -71 -31 95 -44 37 9 99 -44 -16 -6 -57 -98 88 79 26 48 33 -64 -78 -4 13 99 -24 14 -53 7 -75 -39 5 -40 40 91 -15 23 94 -14 60 -33 51 44 84 91 -62 30 
97 32 -14 -8 -8 -51 -29 -26 -68 67 74 -76 -83 -90 -78 19 33 81 -2 -8 -56 65 92 71 58 100 81 -16 65 -58 27 3 -9 55 78 23 77 -65 -51 82 41 -70 -41 -78 43 -94 -76 11 6 38 99 89 2 58 5 -3 -58 -87 60 -94 -25 75 -88 -59 75 -54 53 -23 77 -83 -97 71 -58 34 -63 44 51 -35 62 88 -16 0 28 -33 36 50 -38 24 59 15 -56 -30 68 
45 -95 -35 -22 -38 -58 -67 -52 68 -54 68 55 6 -73 44 98 9 58 -100 72 -14 48 -78 19 -53 98 14 93 -32 21 82 -23 -62 27 45 8 -24 -47 27 -21 77 -76 46 39 15 23 -21 31 -70 -59 47 -77 -67 -98 20 40 55 -8 -15 91 77 -31 64 -29 74 -15 22 68 23 -11 -65 -65 -5 85 51 -81 95 -35 -58 37 6 66 38 -58 0 -90 -56 -78 96 73 30 74 80 
-84 38 5 17 48 59 92 -95 73 75 -42 77 15 -71 -45 56 87 -74 -45 49 63 13 -5 -98 -81 -36 -82 -89 -44 99 35 66 62 -43 -50 50 -66 47 -4 -65 -17 62 -51 100 -60 64 8 -77 -32 -2 30 -78 -94 -17 66 48 92 -66 -66 -9 -99 -48 -27 -87 -60 53 20 55 0 -41 -58 -62 6 -65 55 -8 -3 63 -42 11 70 12 69 -19 56 -89 -21 42 -39 -92 36 -80 57 
-69 55 33 -44 -69 78 53 54 55 -28 1 -56 -50 93 -65 2 -6 61 21 21 -88 -4 -22 60 -26 -40 -3 -84 46 -7 19 17 37 69 49 58 89 -14 3 99 21 3 -84 85 19 -29 -34 8 -7 -36 28 -68 -9 17 99 -59 72 -39 60 -50 28 -9 91 -80 36 9 -74 -74 -84 -64 -92 -30 76 95 32 -19 -13 -47 11 51 -99 3 41 83 -17 -33 -43 94 4 -16 99 41 13 
-8 -29 65 -25 -2 38 17 -16 -68 -66 -7 11 -27 -6 100 0 16 70 83 -18 -36 99 2 2 75 -69 -97 2 -43 -48 -98 5 -40 -68 -43 20 -14 80 6 9 -62 79 33 -16 -17 47 22 -95 49 27 49 -84 75 -9 -53 90 15 91 41 -27 -82 -61 -39 -87 34 -71 29 49 46 -28 -12 52 -62 64 22 -95 90 -73 5 1 -44 -83 -52 25 -39 -84 -75 30 -81 -68 -78 57 -100 
-14 -98 23 13 68 40 31 90 65 33 55 12 66 -25 35 67 5 -32 7 -9 -80 91 -19 30 69 51 -58 -15 -100 -9 40 64 -48 98 5 95 2 1 48 -14 -32 -3 -4 -81 -67 32 60 79 -69 18 -8 -58 0 -17 81 -79 50 50 -62 -19 59 -28 -18 -3 -10 41 -12 -23 -45 -17 -93 45 -48 91 -54 -48 -20 -8 -19 97 29 9 -70 10 -17 -82 69 -12 -79 -96 -6 -44 -91 
-57 -49 99 -61 33 70 3 29 33 48 100 10 40 87 -12 66 64 -4 17 40 92 -52 -68 30 87 67 87 80 97 10 49 -45 82 -83 -62 63 -41 44 -73 72 97 -66 -86 41 75 28 -74 19 -25 29 6 59 -55 4 42 37 45 -95 -94 -88 81 -89 46 -88 -78 -33 -54 -37 -82 63 77 99 -67 0 -11 6 -6 -53 64 -27 89 4 53 36 -52 70 -11 95 -91 16 -100 44 14 
3 41 -39 -49 59 80 42 -42 66 29 61 -6 70 78 44 16 68 -47 -88 19 27 95 56 -21 37 79 68 49 -37 -90 98 -84 -39 -7 7 54 -89 66 42 90 -8 32 -26 89 -62 -84 -39 52 -90 7 -73 -81 -49 98 41 69 -30 35 80 5 49 -7 -48 -67 -81 88 -29 -5 86 -22 29 -74 -40 99 -58 -83 27 -83 -61 67 -61 83 -76 72 -46 -80 -71 65 93 27 79 19 -97 
89 17 30 8 -58 42 -90 -18 -61 -38 46 38 42 -63 44 -58 -46 8 -87 -22 61 52 -21 5 -29 -80 6 -81 71 97 -19 -50 -12 53 -60 -72 73 63 81 -99 -3 -59 22 21 -24 -16 23 -79 82 -64 -49 67 50 -27 73 -21 -96 -38 69 66 40 -100 -24 -1 49 -98 46 78 47 23 10 65 -64 -94 38 56 -82 89 -61 70 -62 -1 93 -2 -100 66 79 -76 63 93 -98 56 -94 
