-95 -20 40 -52 -41 -73 54 30 -46 -71 -66 30 -29 86 -45 57 -99 -32 72 74 -77 -89 76 -3 -64 66 29 2 -2 -6 -75 35 62 -26 -83 34 -26 4 88 63 31 94 22 12 -95 55 46 90 -88 -18 
-55 25 23 15 67 62 -80 96 -21 92 32 -96 40 -43 -97 -23 27 -41 17 51 61 -83 -43 -14 66 -22 -42 36 4 -46 -41 -77 5 -73 45 -70 -25 78 95 40 69 40 22 -99 -30 21 25 -9 32 4 
72 48 -48 -29 -65 -39 -40 74 65 -25 94 88 97 46 85 60 81 -29 -95 -49 50 56 -95 48 -93 -68 77 67 92 -93 -49 -98 74 67 15 60 24 -80 -29 -76 3 -93 -28 99 81 -95 -68 -41 -64 43 
47 -40 -82 39 -16 -32 32 30 96 -89 -32 70 -90 -58 46 -56 -27 -40 69 -90 -48 60 -71 66 -39 -43 -96 -50 23 83 4 4 16 -70 -63 98 18 77 -26 51 -99 14 -97 38 -52 57 40 26 -63 76 
74 26 7 49 50 -43 63 -14 67 -93 -66 47 -48 8 16 -13 -88 95 -4 -74 92 57 -91 -35 -39 67 -6 -41 1 -32 -99 56 -56 -63 -55 77 3 -95 48 8 88 19 15 -97 49 12 15 -99 67 73 
83 47 24 72 -69 -17 0 -56 -98 78 -14 -39 69 78 21 -65 83 -29 -78 27 44 48 45 83 59 45 -93 -23 -58 67 -6 -43 90 73 -4 80 29 -11 2 98 -93 -27 -87 60 -91 -35 -70 43 -9 -65 
-42 -41 98 29 -81 81 76 40 17 -68 91 6 40 -51 88 -35 -58 44 59 -70 7 99 33 60 -41 33 -12 -41 -18 -62 -19 -73 38 -24 -73 90 1 19 19 -50 -62 -27 -96 -31 43 -71 -53 -31 76 -74 
76 -63 -14 43 26 -81 -16 -25 -63 30 37 5 -4 36 78 17 61 -17 -41 -98 -93 84 46 29 14 -82 -96 -38 -40 -38 34 -81 -78 -70 -78 -21 -9 52 65 36 91 -56 -47 -8 -15 68 -64 82 -44 -2 
-76 -27 -45 69 -28 -30 -99 82 -36 64 47 80 -87 32 -73 9 40 -91 4 -22 -3 52 10 -76 24 -51 32 -31 -83 3 11 -32 -22 -19 95 -25 61 -24 73 14 -44 63 92 -2 80 38 -6 90 -22 41 
-81 -15 -89 17 86 53 89 65 -79 14 -34 -59 57 -52 -39 20 61 51 -37 46 -92 70 18 78 65 -69 75 27 -11 -27 -81 -93 -37 -42 51 35 64 29 -31 43 57 -71 20 -12 33 33 40 46 12 -50 
44 69 64 -19 -61 -61 -75 34 92 20 81 -31 -33 96 21 -29 17 -86 4 -30 -96 -77 -86 -22 -10 -97 6 -14 33 60 19 89 -12 41 -98 -94 4 -74 2 -16 51 -14 -79 -58 17 38 100 100 37 -87 
27 61 94 -5 -48 -8 57 -86 14 -34 -45 25 90 36 -92 88 38 -34 -28 48 11 56 -58 -27 32 70 -13 -92 48 -95 79 49 16 -6 39 -2 -48 48 96 44 55 -85 69 -6 -96 -25 -41 84 -5 68 
64 -61 -42 -78 -84 -59 84 19 -16 94 -56 -16 -49 26 79 -82 -96 -27 21 52 -35 95 55 88 45 77 -2 -32 -56 -71 -21 -88 -26 4 -35 66 47 -40 69 -66 -62 4 -57 87 2 30 11 27 -29 -49 
-82 25 74 -30 -78 99 -53 -91 -6 -75 93 -25 -20 -17 -4 -30 -63 98 40 -43 -12 -51 -86 -29 94 -41 -3 -76 9 89 -49 30 100 77 -39 -95 -59 -92 -40 26 39 75 68 -100 22 -26 67 40 -49 -58 
62 -18 -37 -96 94 84 57 47 -54 30 -3 92 10 9 83 -58 9 -26 95 -75 -99 -27 91 58 -4 39 -4 -1 -21 9 46 -59 -32 -82 -80 92 89 1 -49 -24 67 -53 95 -35 40 -57 29 -86 -89 -90 
76 2 -28 -25 51 6 -63 -84 49 -62 -79 72 -35 -97 -1 18 -53 -100 -28 13 -44 -5 33 15 54 -40 -9 12 -46 -25 -20 -42 39 38 -60 -52 11 -3 -36 -22 -5 -86 -86 -97 -32 -62 -78 78 70 -3 
-13 -20 -22 -8 -75 -89 -65 -22 12 16 -7 -74 59 -66 75 -64 70 -36 31 97 86 -23 -8 61 -59 -23 39 -67 -2 -63 14 -49 -20 -39 -25 25 61 -9 52 -12 -63 72 -48 79 73 -32 85 17 25 -39 
-11 77 -13 -95 83 -36 73 1 50 -89 -58 73 19 -52 58 -24 9 -23 15 64 -94 95 39 -54 15 -27 79 6 77 21 -76 -47 -37 73 -94 40 1 58 33 45 -99 -19 60 13 -1 -3 16 -90 97 -22 
90 -39 -12 62 30 40 82 -70 61 42 -40 -62 16 -10 83 -38 -74 23 -43 28 10 42 -61 71 17 47 -99 -29 51 -8 -68 -56 -88 -5 -28 -83 24 -100 -83 66 -74 61 -88 -86 -90 13 -88 -13 60 -36 
-30 -25 6 24 10 -42 100 5 -87 -49 32 26 71 83 -15 -53 27 -81 48 -6 -22 40 91 14 44 -65 77 -89 -97 41 45 74 -69 -57 -58 -23 -2 24 3 89 69 -54 -34 90 78 -20 10 -37 -88 -90 
18 54 -51 -72 16 -97 -62 -7 -3 -22 -68 57 38 -33 -21 -99 -67 45 36 9 55 -43 -55 -30 15 87 85 -61 23 19 6 22 61 34 11 67 -13 -5 -17 -74 -59 61 -99 -91 9 -98 -57 -13 -65 88 
-32 -4 25 -18 22 -58 11 75 -79 -48 99 40 6 27 2 -56 67 77 98 -7 34 -10 93 -35 -19 63 -58 90 -51 8 -88 -1 16 40 -89 99 -82 -56 24 82 -5 32 -39 46 61 -12 95 -11 100 4 
-35 -52 18 -96 98 6 -36 -13 92 -21 -51 -38 -43 75 -92 -28 25 -31 -48 8 -28 56 51 17 71 54 86 55 -25 -64 -14 54 58 25 -39 -66 -38 -99 56 -32 28 -74 7 -3 5 -17 17 10 38 63 
-80 -54 43 -87 -74 94 -85 -2 51 -48 -50 41 96 -76 57 95 -80 90 -22 -72 83 39 3 34 17 -95 38 55 40 -12 85 24 50 -23 50 -98 -60 93 81 -91 -98 24 12 49 42 -12 74 -7 -20 13 
45 63 84 -52 -98 18 16 57 -70 53 61 87 84 73 -68 -62 49 74 -73 90 63 21 -92 70 -60 56 -79 83 -98 -87 100 90 -34 28 -29 59 -34 -93 -11 -97 48 27 -3 45 2 -59 -83 -14 -49 -80 
47 49 73 -35 95 25 -23 46 9 96 85 48 88 91 -3 34 -73 26 94 -93 65 -62 -80 -7 67 -88 -57 34 88 0 -65 -32 99 -91 -13 68 -57 47 -62 32 30 44 1 -79 16 -15 65 26 61 12 
-30 8 52 17 35 -6 55 83 -16 85 -47 -95 55 -9 7 9 -81 68 35 89 54 -16 -7 67 -23 -22 63 -57 -10 19 8 -22 -21 2 72 36 -59 -6 -2 81 -24 -15 74 64 -96 69 -31 -80 -44 93 
61 -22 88 -96 63 58 -27 -97 -96 9 -71 -58 -57 2 30 42 74 -25 -72 48 60 65 54 3 44 -22 -74 -75 9 -94 -34 -93 22 -15 38 87 -76 -50 -73 53 73 -46 -79 -77 -19 97 -24 -39 -47 90 
-77 52 82 35 -3 26 64 -37 71 64 -49 -7 52 -89 -3 -55 -77 -76 42 59 92 61 69 8 5 -21 -13 84 -99 92 -100 -71 99 -27 74 -28 -36 1 18 82 -95 22 62 -36 100 -72 1 -25 -10 62 
-81 -44 63 -81 95 22 38 46 83 -78 -57 82 -100 43 -41 -85 -71 -35 71 91 -53 -55 -26 -69 42 -27 10 21 -90 -67 62 33 -51 -29 -84 71 83 -50 89 69 10 3 -23 -31 -34 -82 37 4 -19 22 
-67 -21 67 -62 52 46 -54 27 -28 -89 -66 32 -46 -54 57 67 -21 -75 1 -22 -24 30 86 -68 -100 5 20 -89 -39 11 79 30 76 -55 -15 -7 7 71 -48 -19 82 -72 -59 50 43 -36 -9 81 51 -95 
-47 -95 -8 34 -32 42 73 -24 -36 -3 -9 -99 61 86 82 34 -29 1 -98 -33 -92 67 88 56 -57 26 -15 63 -40 -86 76 95 54 -22 60 33 17 90 -48 86 -60 -77 -75 19 -55 -67 -25 -56 -85 -86 
-43 -2 -18 -32 48 -96 29 21 -4 -49 -92 -34 52 23 49 -66 -22 -90 57 27 94 27 -66 -22 17 40 -32 -78 38 -31 -3 -58 -54 -41 -68 42 -49 89 5 -90 40 73 47 -29 -51 14 -89 -62 -40 -46 
-9 -37 34 19 -75 -37 -30 -31 -14 -82 57 -1 -17 -65 -40 49 29 -20 56 83 44 -66 9 48 62 93 59 -44 88 -63 48 -67 70 -51 53 -66 12 83 44 5 80 85 -90 73 -2 -89 -96 67 12 70 
-64 -79 -29 -63 83 -85 90 -48 54 42 -96 50 25 74 -99 -97 61 -64 4 -67 -71 46 -76 21 82 -44 69 -30 60 5 -15 -57 -42 -66 32 9 14 -88 68 74 -17 79 43 -24 52 -19 26 -97 -91 -91 
-69 62 -53 59 -48 -30 13 53 87 52 78 25 98 -31 55 -19 -66 -79 -99 43 -58 71 72 21 -86 -3 -91 62 -74 -17 -56 54 -88 -25 -42 -98 91 -67 -12 -54 -52 37 -10 70 -32 -98 75 -97 -78 65 
38 52 -40 -65 -41 73 54 42 -46 -8 6 -20 64 19 -46 -81 -8 57 -60 51 7 -13 63 31 -94 -95 -7 -45 97 49 -22 -26 39 -78 -31 -26 44 -93 71 -8 -68 40 100 -51 -76 48 49 -96 -97 -51 
-25 41 77 -12 -56 -52 -33 -85 0 -66 -95 98 49 63 -90 35 99 -47 -90 -85 -94 -97 66 30 4 25 14 65 -46 -44 -21 -5 34 -94 -40 -64 -94 -20 42 -39 27 53 -68 -40 17 -5 31 -49 -52 28 
68 12 62 -80 33 -88 -60 -10 6 -73 -16 10 86 38 -13 -46 -14 5 57 -91 -66 43 -93 57 -84 95 77 8 87 7 58 96 21 26 -30 2 35 75 87 11 -15 64 12 -24 -91 50 95 24 -90 -78 
84 57 27 92 76 -78 23 71 16 -69 12 34 -67 -82 3 -49 52 46 -4 -42 -5 12 -87 -20 47 9 -6 -76 35 75 -52 60 -54 80 -16 -54 -22 -81 -68 -30 51 6 85 -69 -40 81 -67 25 -47 -81 
56 -83 72 -26 -94 -50 -24 44 -36 45 -25 -97 -52 -40 -38 53 -53 70 -44 48 95 32 -87 45 82 -25 70 64 -4 -84 19 -12 93 -67 -52 27 8 -23 64 76 -53 32 -34 -100 97 46 86 -3 -16 -1 
-67 89 93 -75 0 -53 -69 28 88 -53 -8 -98 -89 -45 -63 -29 13 58 16 86 -15 22 -12 24 29 40 -93 -39 46 -16 -64 29 -72 31 -20 -72 -39 48 35 28 -9 -57 -42 -54 98 -2 75 -11 -65 -38 
14 -62 7 21 55 84 64 -37 92 46 -32 -40 16 44 -36 8 72 -69 -90 86 75 -14 -4 88 -37 -40 35 -86 -21 -5 0 72 10 -69 -46 -42 93 -12 49 99 70 -55 13 25 -1 -85 61 -89 -35 85 
-78 -8 52 -89 57 84 16 76 87 -89 -11 50 29 18 -88 14 72 -8 -41 96 -86 -84 -45 49 37 -65 27 7 -76 -34 -91 -61 -98 48 55 87 -58 42 -92 -49 -73 12 69 25 -28 67 28 87 74 41 
71 95 10 73 -16 17 -24 70 95 98 -89 -66 -46 -27 -11 -24 55 35 71 -34 -85 81 -26 50 -46 53 -71 50 -8 -75 -7 -18 -78 -68 86 -58 -81 83 63 -41 49 -41 95 27 4 -98 30 89 40 30 
-21 53 27 -58 -84 -17 88 -72 92 -88 75 86 -38 11 -30 69 -21 87 -54 99 97 -57 -69 99 -90 94 44 45 0 69 -29 -58 100 -21 -56 49 -84 46 -7 7 20 -93 -36 73 46 52 -11 73 61 -36 
91 -96 -96 -30 -28 57 -51 -27 -79 -96 33 -80 -25 39 -89 -58 54 87 13 -34 27 8 33 -48 -74 -94 50 -57 -13 -21 -67 73 -62 88 65 90 -71 28 74 -75 -91 67 40 -12 15 63 -38 -45 66 57 
89 -75 -66 -96 40 -12 46 97 94 -85 2 -55 -8 83 19 14 -40 89 87 -22 43 -37 13 -92 -92 -99 93 65 59 -63 79 -94 93 87 19 -73 81 3 88 -100 -48 92 -43 72 -8 6 89 11 96 -91 
89 -64 8 25 -91 24 29 44 29 -78 26 -96 62 -40 -14 -46 -25 -99 11 1 -55 12 58 38 -12 65 17 -40 87 -86 99 70 36 86 -42 -53 -6 -36 -5 34 -18 -94 -12 -32 16 42 32 -39 -18 97 
-7 -14 60 -28 27 84 -17 71 15 3 34 -42 31 65 23 -73 47 19 95 86 44 -5 36 -73 -84 18 44 -2 -45 -8 -43 61 -68 -53 -32 -98 -5 -59 -50 95 31 80 58 98 -10 64 -70 44 -37 -1 
44 75 12 -71 31 -4 -97 -25 -97 59 -39 -35 25 -82 75 -97 -20 -20 -23 -56 47 -57 6 32 -46 -88 60 47 9 -66 86 -45 83 -75 -62 24 -90 49 -6 -22 -28 5 67 -80 -3 -47 39 5 84 -31 
88 -16 26 59 78 63 87 -10 -39 88 25 -49 83 -87 -44 37 23 81 -84 45 -98 29 45 20 -68 -95 13 -50 68 90 -81 -1 -21 -29 -94 -32 -12 33 62 54 98 -89 -59 8 89 97 -50 70 -64 -90 
0 -23 -14 -12 -13 -55 -32 -82 93 -23 -34 40 -100 -99 100 39 7 -74 -98 -55 95 56 1 -34 61 -14 -65 -45 -37 -73 -4 -95 23 -98 46 64 30 -27 41 9 -97 -25 -51 15 38 92 -87 -76 -54 -74 
-69 -90 -44 71 -23 64 58 -83 -98 42 -72 -10 28 -69 -73 -12 39 9 59 48 43 66 -17 -15 -65 13 62 -42 -60 -7 22 -98 -87 69 4 13 -10 78 18 13 77 -68 -87 -80 47 -10 6 77 29 -82 
-42 -6 71 -70 -65 89 95 -36 -92 -5 -87 35 89 -100 -50 74 45 37 -42 -32 -30 14 -68 41 -81 26 34 13 -67 19 76 -35 92 -39 24 44 72 27 -56 -37 -56 -46 -54 -41 -71 -64 8 39 37 72 
-67 65 77 49 13 76 -83 -51 23 -92 -12 -32 31 -100 -68 -3 -57 -88 -15 43 -50 -33 -46 21 -73 14 -31 32 12 -48 -31 45 42 -34 -39 -95 -63 91 -31 54 -17 5 -99 -44 71 99 95 -27 -15 12 
-36 -100 73 96 26 22 20 46 -22 -67 15 -59 28 75 -40 -41 -1 3 -85 83 2 -56 16 -57 46 67 -82 0 54 -92 -18 -38 88 64 -78 -8 42 62 89 89 27 52 -95 -33 -52 62 -100 52 -5 45 
79 -22 55 81 -52 10 87 -6 83 5 69 -17 34 88 67 73 -46 35 -35 -75 33 -6 -27 45 -9 -34 96 0 36 70 70 -37 -35 21 -17 27 -17 26 31 57 -90 25 -57 -51 -8 -55 -88 16 79 -39 
-58 21 0 -63 56 -36 -77 68 36 -14 75 72 -63 -15 87 96 38 -5 -51 26 -50 -59 11 -83 48 44 70 95 -49 54 -45 91 41 89 46 71 -88 -99 -60 8 82 -13 -64 79 43 -42 39 -49 96 -33 
70 -13 -67 -55 8 -54 -36 83 48 82 -88 93 57 -84 5 -57 35 96 -84 95 -40 78 86 -25 -76 -28 -13 36 91 65 -27 -22 -37 54 72 7 46 -91 58 -82 -46 -33 -75 46 -83 36 -46 -61 -67 85 
28 27 87 -88 -3 -89 -13 -96 63 -75 25 -46 -14 -44 -84 67 -76 38 87 -46 62 25 45 -35 -75 62 -57 -94 -60 -34 93 23 -36 53 16 -41 -20 87 -3 -25 -22 -55 -44 -26 90 -65 -49 71 12 -67 
50 -44 -62 -57 -52 77 74 -14 -33 -7 99 15 27 -48 -7 50 12 -53 34 32 -45 76 -10 43 95 -25 -80 -67 -96 95 50 -10 52 -71 -35 -88 -33 -63 93 -73 59 33 66 80 76 30 -14 -43 -80 -70 
-75 -80 -89 -100 -18 -18 -8 -21 -82 -17 49 -45 -57 2 -11 -37 78 -96 -100 -92 54 -27 81 95 83 -73 -31 -11 -4 88 -88 -19 -12 46 -83 -83 92 -26 34 80 -49 -60 -17 76 -9 -37 -93 75 -97 94 
11 80 42 2 56 59 -32 1 -79 71 -99 73 63 58 8 39 46 -37 -15 -57 62 61 -44 -52 13 87 89 48 33 -47 -48 -67 66 -86 12 92 -32 -9 27 95 80 51 -82 -11 57 75 48 60 33 98 
-60 -73 -59 -24 53 -80 -54 38 91 -53 29 11 83 -31 28 -87 29 -62 -64 -69 77 -40 -51 -57 28 -43 87 -52 -45 -15 48 28 -83 -36 -38 7 -85 35 87 97 80 -63 16 -78 40 -96 -32 -36 52 -46 
66 32 63 82 -69 97 -20 37 -82 36 43 16 79 44 -14 70 -14 -63 -89 95 -19 100 -64 45 -86 -69 -30 55 25 -37 93 -16 72 12 42 -55 -76 62 4 -23 -49 13 -79 77 99 77 -49 -59 -83 -7 
8 -100 26 -6 21 5 9 95 41 -96 -12 -29 -74 55 90 -44 49 -93 -54 61 0 -29 -94 37 100 -8 -52 62 28 -87 -17 -47 35 92 72 92 -44 -37 81 -73 2 53 -22 -11 75 86 -6 -20 -63 -80 
-24 28 32 -24 48 92 -21 -47 -56 -15 11 78 79 35 28 45 36 45 -32 -39 7 -44 -45 60 -95 -27 38 36 -91 -56 -48 -92 48 -11 -89 17 -22 90 -26 56 -87 24 56 12 -27 84 18 95 -81 -2 
-18 30 -64 15 46 -65 -87 -81 52 12 -10 85 -79 -59 -16 27 -76 19 33 35 -27 -13 91 22 43 27 -62 -100 6 -39 -27 -88 -77 -46 77 42 34 26 63 -20 96 -84 -74 85 37 20 23 81 -2 25 
41 -5 -21 -21 0 -31 5 -88 -27 -78 80 99 -24 4 -77 -43 58 -67 -74 -57 94 -93 -27 96 23 -30 2 99 29 29 -81 -67 26 52 88 61 -46 -100 48 -91 -38 85 -82 1 8 -32 -64 96 15 86 
-64 44 81 -72 93 -62 -35 98 66 -78 6 6 87 30 87 91 90 76 25 -88 20 28 32 87 99 -69 37 -40 50 -72 34 -49 -85 45 -81 -6 73 -78 47 -91 27 60 -54 -44 -41 80 14 -75 -25 -48 
-14 -56 -69 -61 -71 96 -85 -99 99 -38 -30 3 -23 -67 -2 100 -4 -42 44 -40 85 83 -79 -11 20 -29 -47 -30 31 -30 -51 -9 -10 -29 -21 -31 -44 -48 -73 84 -54 -91 -10 -53 -82 -13 83 4 49 -65 
83 -56 -100 0 31 35 6 -39 75 -83 -76 83 -97 -59 47 -80 59 62 -71 57 -94 -80 83 0 -16 52 -43 71 65 -90 -95 -62 34 -66 92 63 -21 -42 74 -40 47 -86 -43 -37 48 -40 -51 -3 40 -60 
90 -86 59 60 -30 -30 -8 91 47 -8 62 -27 -31 92 -83 -45 -92 -77 43 98 42 -33 -63 99 -95 28 5 61 51 31 29 -100 86 -37 62 -56 -75 -59 22 40 92 11 -10 8 73 -79 -72 80 77 -42 
-99 -38 89 -25 -32 7 -12 -24 -95 77 82 -19 40 42 13 -46 57 -71 -22 91 47 -66 19 -58 79 31 -11 80 -36 -26 -15 67 8 23 51 74 26 -41 22 -56 -52 -18 -26 -83 -43 28 -23 -35 74 47 
-68 1 19 15 -35 50 -59 -52 53 94 -49 26 54 58 -60 66 17 51 -86 21 60 -2 70 74 76 -42 8 47 4 71 100 -98 -68 -87 -25 82 88 52 85 -3 -59 39 -59 40 71 -43 -25 83 -96 69 
99 91 14 -45 -85 100 -31 81 71 37 34 47 34 -82 -73 -74 -85 -85 37 21 70 21 23 -50 -32 -36 68 -39 1 78 91 77 40 30 9 64 81 65 -70 39 97 -25 -43 -26 -11 60 -100 46 -30 -83 
64 36 64 3 49 53 65 -23 9 57 42 61 -81 60 -68 8 17 -57 98 26 -5 -41 -81 -23 -65 31 -28 55 -12 -27 88 -81 -24 -20 -4 32 79 78 -10 -84 -36 -67 -76 -90 -80 -23 -29 -63 -25 39 
-58 7 15 38 72 47 -33 89 68 -51 72 -49 -37 -93 -64 49 -3 -24 -55 47 -72 -86 -47 -28 -88 22 -5 -32 76 35 -59 39 -57 -88 -36 20 46 60 -70 -11 -49 58 100 49 -10 15 -41 -9 3 43 
94 0 -69 16 -31 69 -25 -82 16 16 95 -84 17 -95 -43 63 -5 78 61 -70 -21 -23 -51 44 41 -1 -55 29 -53 26 -14 -13 73 -17 48 71 25 -21 75 -97 5 76 -37 10 73 -32 -14 -32 -57 69 
-82 19 -89 17 -66 -100 65 -75 -93 73 31 27 48 72 -59 -66 -65 94 82 16 95 -69 -39 52 97 -32 -15 23 29 -67 -30 -52 22 19 95 65 66 61 -50 -22 52 -55 -12 -58 95 -92 30 -72 -34 -46 
42 -99 -20 58 -33 -4 -15 92 -24 -39 -86 0 22 -38 -70 -12 -43 -79 -90 5 30 -99 75 -12 79 -18 75 -87 24 67 -37 87 -67 -75 -31 15 57 -41 -79 -58 -88 39 -31 -43 -33 84 -78 -91 -57 -10 
-80 -3 50 -32 -91 -92 -99 83 -52 39 88 -70 -75 -29 53 62 -58 -84 5 52 83 -14 -85 80 71 -38 96 92 -95 -12 84 71 30 27 26 89 53 -17 67 1 -41 66 74 30 -59 -100 -98 -7 56 86 
25 17 95 -88 -83 -79 -74 -40 8 92 76 96 71 -97 -90 71 -37 36 -2 15 -2 23 2 33 -35 59 -62 -50 38 89 99 64 42 13 -52 83 -11 97 -48 69 -43 74 -78 -71 -89 -97 -46 11 67 -97 
72 22 38 65 93 17 57 52 23 -57 -100 -66 -74 92 -77 -48 -100 -81 -35 2 -84 24 82 12 94 80 -70 91 -95 81 -30 77 -26 28 39 28 -34 -99 -30 -48 -6 -26 73 -14 29 23 92 -94 33 4 
-75 -100 -68 -31 100 7 46 -80 96 60 22 -94 -40 27 84 -63 -84 98 97 -97 -51 66 -35 14 61 -45 -83 -45 28 -94 -68 32 -56 76 -76 -77 -20 70 -95 -61 -53 2 92 31 -96 -18 4 -40 75 53 
42 74 -98 90 52 -17 0 -26 44 -99 -26 -76 83 -82 35 -99 -63 -14 87 -62 74 52 60 11 -79 -11 90 -83 82 22 -57 20 44 -77 -85 -74 13 56 96 -4 98 -26 -81 97 92 -40 -92 73 -84 17 
-53 52 -68 -42 37 44 31 -44 -94 66 15 -29 51 72 -23 62 17 14 17 79 -78 -24 79 58 -67 -89 16 10 36 -95 -61 -38 35 -5 98 -74 55 -86 78 -47 96 52 30 -73 0 -64 38 -86 8 -2 
-98 -78 -32 33 97 -55 -61 61 -32 39 -26 87 -90 50 41 -53 -23 -78 -12 39 -73 74 94 -1 52 -27 -24 2 82 -98 2 -81 -82 -50 -57 38 54 18 26 -2 -17 -78 -64 -99 13 79 -50 -78 72 15 
-77 74 -94 -87 82 -91 48 -66 -36 -33 61 97 -77 -56 16 -88 20 45 46 -64 -93 -99 -88 67 38 63 -33 -71 -94 -9 -21 -22 -85 -8 -92 35 95 13 4 7 100 4 100 -53 -83 7 54 12 -60 -60 
49 -31 -84 -93 25 -99 78 -43 -100 -76 -11 -53 48 -32 27 -87 74 -32 -76 89 76 -25 -80 53 -21 -28 -76 -57 -34 -98 65 -63 80 -13 99 -58 38 -85 -50 -95 81 51 68 -76 -22 -51 -38 20 -28 -48 
41 61 35 71 56 -63 -48 29 -100 98 -57 -54 -70 89 -16 1 38 23 52 -90 -8 -17 -56 -13 -25 37 -28 -58 34 17 -80 24 -51 -83 -70 -24 77 -86 -82 -55 22 -45 74 58 98 -61 -45 -95 -67 7 
73 -54 5 48 -50 -7 -84 25 -10 22 -25 -4 -60 29 -76 -56 39 69 17 31 -13 80 74 9 98 14 63 57 -79 21 63 14 -70 4 23 -51 -23 2 78 84 43 -12 79 -74 54 -60 21 -60 42 -91 
61 33 92 45 -27 53 -28 -57 -91 49 77 41 -65 98 85 -9 -7 25 45 26 -67 39 -50 87 90 -43 28 -99 69 -2 -9 -30 -41 16 -5 -87 31 46 -49 31 -31 -2 -80 77 92 80 -66 14 -41 -71 
27 -86 55 -100 84 1 21 1 44 -25 -59 11 -9 -42 58 36 49 -28 -59 -80 -30 58 -28 52 40 -89 -6 -55 8 -56 12 -83 -7 28 -42 28 -33 98 24 21 76 55 58 -54 -21 79 -4 -33 38 -74 
69 51 -46 -48 -81 -84 62 43 50 98 10 0 31 92 -13 56 -89 -33 -76 86 27 -1 39 -49 -37 50 -34 -57 -21 -47 33 -3 9 -86 73 74 80 3 83 95 94 20 44 -80 99 -91 35 16 77 88 
30 39 39 16 97 85 84 -91 33 69 67 18 -20 -43 45 21 76 -85 -93 47 -69 -35 93 48 50 60 -89 63 -7 31 14 7 100 -21 -91 58 -61 37 -82 -41 79 -86 81 73 99 -22 23 -22 20 38 
53 9 -48 88 -94 2 13 21 -92 -97 -75 43 69 13 -6 62 -89 27 25 -15 -49 -67 77 27 91 -78 3 -46 38 -19 -74 -42 -73 -42 19 -20 -17 -67 -67 5 -6 51 16 65 71 -38 8 -60 -19 96 
85 -23 52 13 -60 -48 -48 23 -50 90 29 30 86 -60 -38 38 82 -84 -53 -33 -73 -89 30 46 -86 2 -80 91 70 24 -81 51 93 94 -3 -74 36 17 -12 -58 57 15 -71 26 86 -67 31 -93 78 -72 
27 26 27 -4 -27 -70 69 72 -22 -62 -69 -45 -83 79 56 53 -24 -59 -92 -70 -87 -40 83 -89 -62 4 -8 -3 6 78 -14 25 85 -15 -28 23 -65 26 -68 -6 -51 45 -31 50 33 -90 9 -2 24 9 
