-13 32 54 -24 -8 -100 -12 -98 -68 -31 -14 -41 -8 92 -1 -70 -93 17 90 -53 79 -100 -11 -67 27 -87 -59 26 62 -42 -66 -8 94 -6 34 -34 -29 83 -65 -38 -42 -86 65 90 -98 26 58 -96 -8 100 -61 -88 -64 50 -100 -32 -3 37 -15 98 -54 96 58 -67 17 11 72 5 -42 -2 56 -82 -87 54 -96 -82 -42 -60 -98 -33 -22 -5 -26 21 -56 
-41 32 -95 12 -12 -21 37 -19 82 -38 63 -29 35 55 25 92 -36 -6 50 28 -98 76 34 -80 -35 -86 -86 -60 10 12 -92 -33 -14 33 -98 -18 -28 -22 -94 -2 -38 -68 15 -97 -96 44 -56 -73 -88 75 69 -94 52 -49 34 -39 87 -30 16 67 -19 -2 35 -1 61 30 -76 -51 -39 -37 -24 85 61 -28 84 -63 -35 25 -74 20 -79 63 20 -35 -86 
58 -51 14 17 42 74 -95 74 -88 6 90 -25 -19 -45 -35 -50 75 -85 -41 -70 -74 -99 57 45 -49 -79 -92 -26 -52 -35 -55 -94 20 -77 -84 94 -82 63 -26 16 -22 -95 25 22 35 56 -33 -83 88 -41 -95 10 -22 -53 67 2 11 41 91 70 53 -35 -29 78 54 -38 -84 40 19 27 -2 93 17 -95 -78 35 -95 -29 -88 41 50 -97 -15 98 -89 
86 -58 -19 41 16 -96 69 -82 -74 94 -65 -72 90 72 61 -80 -47 -97 -17 -43 38 88 86 -39 -69 50 15 15 75 9 22 -9 -17 53 79 -91 89 2 31 -41 55 -72 -91 -56 26 -35 -50 36 54 1 -43 19 2 23 -67 -79 16 60 43 33 -71 -24 91 -90 -41 -23 30 -4 -14 21 94 51 86 72 63 -73 -24 17 29 55 71 -34 61 71 73 
10 76 14 93 -23 58 -62 27 78 -72 -88 13 90 -1 46 -77 57 -6 -20 50 -35 -3 -15 -66 -50 94 -21 48 61 61 63 100 88 -42 4 -70 -16 -74 95 -68 -71 -60 70 -23 89 89 -86 -49 81 74 -18 76 -58 49 82 -51 16 -99 -72 21 7 84 -86 6 54 -76 71 -9 -18 38 92 -9 48 -77 -56 -34 -47 7 38 72 6 -10 41 85 20 
-13 70 -41 17 13 -18 69 -56 63 51 -70 -35 -12 -90 -16 92 -30 42 -62 -81 -49 -100 -70 33 -98 50 50 55 -56 -76 -41 -31 -57 53 -65 -62 22 -99 93 92 71 78 66 -87 -56 36 -42 21 -61 32 -73 14 49 6 66 -37 -41 16 -55 -35 29 85 64 -65 99 -6 -56 -65 -9 32 -2 0 25 8 -59 89 -63 -94 1 -31 29 -73 91 31 99 
-72 -20 78 -45 -80 94 -93 89 41 84 -69 51 -96 22 -35 75 -68 14 2 14 -63 -97 -20 35 100 83 2 53 -23 68 -52 37 20 -86 87 77 -87 -97 36 98 -22 -32 45 37 39 14 -64 -100 44 9 -3 56 5 -61 -90 4 -88 48 -53 98 -76 -72 4 79 56 14 100 -88 -28 -100 99 -100 79 94 -1 46 60 -26 49 -65 -22 38 -52 -74 -83 
-2 -44 -65 62 -45 30 0 -87 -51 26 -72 3 8 -80 -61 62 -59 41 -28 -28 -25 -11 -77 66 90 -49 13 99 -99 7 -33 -1 -98 56 86 58 -75 -81 -50 8 -60 97 -23 -9 100 -12 38 -38 -24 -45 -56 -36 6 -75 -80 -18 -94 -62 -7 -85 -76 94 62 61 67 45 -2 -27 18 13 -19 -97 26 -84 -64 -76 97 -19 -91 -47 27 -22 -60 -17 90 
86 -8 -80 -20 -80 30 -14 -1 16 -55 -11 98 -61 7 -2 82 36 35 3 24 -96 -4 -15 65 -80 13 50 -34 -5 -60 63 0 99 -73 -95 -21 22 -18 67 -52 37 35 9 51 41 -83 30 -70 30 19 -24 32 91 -15 29 -32 99 -92 -37 -38 -74 41 -19 -11 12 44 6 -82 -36 69 21 6 -13 -68 72 -28 39 9 -1 36 2 -68 -54 -92 50 
96 81 82 -60 21 -51 -81 -21 5 -52 67 -92 97 95 -59 -28 76 91 12 66 -87 52 0 -9 -20 88 4 13 -17 56 -37 -68 10 -36 -59 92 9 -62 48 -24 6 -8 -68 -97 -35 10 78 -38 10 11 -71 94 -27 30 44 90 52 76 14 -64 30 55 -8 -73 -2 -20 68 -47 51 52 63 -93 7 90 -27 -73 4 98 4 62 93 41 -76 -91 19 
-68 -73 17 -79 37 -10 40 -90 24 -80 74 -39 28 -28 83 91 -54 -31 -44 83 -37 74 61 -41 50 -15 -50 -36 -6 13 -43 -32 -41 64 -18 -25 -97 92 -100 50 -36 -10 -90 2 -32 94 88 -100 -99 86 43 -16 48 -64 -9 -87 78 9 -60 17 79 87 73 40 -33 79 -5 97 -12 83 90 99 -20 -41 -24 82 76 -33 96 -98 81 88 46 -4 92 
54 25 -11 82 58 -75 46 -63 84 57 -100 83 88 -72 83 28 -39 -65 -97 23 -57 82 62 -50 -37 62 -95 39 97 -60 -75 79 -38 -35 78 -49 72 -31 27 -98 -49 -39 58 -17 55 6 13 -26 -65 64 10 -76 65 47 -14 -8 72 -49 50 -56 -56 74 94 65 -15 8 85 67 -2 65 -89 -54 56 42 -39 -47 61 91 24 -94 49 -40 -56 52 -3 
9 -69 56 47 -34 22 8 28 89 9 -90 -100 98 95 32 -17 26 -55 -7 -71 37 -62 -93 -44 91 78 56 -5 -86 -68 45 -26 -57 65 -33 55 -14 -23 -75 -65 -100 -61 -89 -85 -7 7 -48 -100 10 -40 37 61 -87 -51 -11 14 19 0 41 52 -17 -9 20 82 0 14 -48 30 -88 27 20 -32 66 14 -23 52 56 38 -51 -27 15 -11 13 77 -73 
77 32 33 -79 55 -94 -14 -11 63 21 23 -91 40 98 73 -76 82 -46 87 -49 -22 -33 -56 -60 87 -31 75 -41 -4 -27 -78 -85 27 8 -76 54 -70 40 -63 81 -35 24 -87 -43 29 66 -24 -14 -26 -13 -6 56 32 -39 98 -38 -12 -77 -15 93 43 25 -76 -56 -31 79 6 86 -67 -12 -30 88 -56 -57 -51 66 87 40 -21 -81 22 -92 51 -33 9 
51 -44 63 -91 34 22 -74 -95 -37 7 41 40 -68 84 -58 -75 -13 51 31 -17 40 6 -95 -57 -75 2 -29 -76 12 -27 -67 100 -45 -13 -100 39 0 20 58 -61 -77 -62 79 33 34 88 -68 68 -42 7 29 18 87 -40 61 -80 -67 11 5 -48 93 -87 14 18 -92 -35 3 27 -79 40 58 42 -79 -68 -1 51 52 -61 64 26 67 -9 -36 -36 30 
43 -78 7 -36 -37 -20 -27 -57 -23 51 -55 -19 -13 -21 6 -48 -18 -49 4 -28 -70 39 98 47 -20 83 -35 -20 -61 35 90 -44 -88 -62 -57 29 30 59 -37 -82 62 -90 -67 -89 -28 92 23 -5 -79 65 77 -61 -13 41 -69 99 -66 19 -91 -39 -60 28 -93 -85 -87 -13 -36 -75 3 100 57 45 -48 49 85 77 49 -93 50 93 47 -33 -39 -38 -63 
-82 -44 -67 23 95 -51 -4 -68 -29 -91 -64 -97 16 4 89 -72 -73 87 57 -34 8 -70 -25 -69 -6 -4 100 81 -80 18 72 17 56 -76 41 71 -16 -98 -43 -30 -92 24 -40 64 43 11 0 16 46 6 74 14 71 -53 -8 -72 42 15 -51 -12 83 55 -24 -39 66 -21 -1 -90 2 80 -36 -76 -97 59 8 -22 29 70 85 -6 -31 -42 -51 71 -51 
12 34 39 -59 -48 68 -67 -36 -73 36 16 25 60 -19 -70 27 -46 -89 -7 -81 28 -30 -99 66 -18 4 71 -7 73 -28 93 93 53 94 32 33 83 56 65 41 -25 -34 -82 -27 -61 -28 71 60 34 9 97 -31 5 80 93 29 -89 31 98 -100 -95 -20 -44 20 89 -69 -80 9 8 41 -6 -30 -87 -30 42 88 38 -29 -40 -73 -67 -18 -60 -99 5 
-98 28 -99 -65 -13 -4 45 15 76 -55 70 -45 -60 60 -57 -24 44 -29 7 62 0 10 22 53 49 -95 51 5 83 -47 -45 14 24 -54 -44 -48 -97 28 15 81 63 -48 81 81 26 43 -33 -35 -49 32 33 31 7 -20 20 26 -60 -32 24 -28 72 48 -12 26 36 67 15 -42 42 81 88 96 -24 82 37 45 -33 -27 -73 -59 17 6 28 51 -90 
44 -57 26 50 45 6 60 -58 -41 -8 -17 -67 27 64 23 43 -99 -95 19 40 -28 48 31 1 82 89 -66 -37 -57 -92 -6 61 -15 28 -36 83 83 -36 -64 34 51 73 -16 6 -85 -5 -16 -67 89 -56 42 57 56 82 18 -71 -30 18 32 15 97 7 -100 67 -73 96 26 -6 -42 -59 -45 -19 -53 12 79 87 59 9 -59 61 -67 -96 -92 -8 56 
-3 73 99 54 -32 -65 -70 31 -29 49 -79 70 -98 -13 11 26 18 0 -7 93 -98 42 -98 7 -67 -80 -65 -73 -55 -83 -71 -91 -80 -40 63 -77 -17 -95 10 85 -54 71 -4 70 -6 50 -72 40 51 30 -18 81 15 36 -25 25 -39 -10 -96 61 -63 -37 66 -74 72 -76 4 -37 62 98 -86 -96 -64 17 20 -34 38 -97 20 -4 -95 -65 -31 54 29 
-11 -20 32 -96 40 80 89 -38 12 -7 37 93 33 -48 82 -61 44 -100 85 94 17 87 46 -85 68 -24 92 -86 92 32 37 -98 79 47 97 -37 18 -55 92 33 -30 -96 -92 60 -17 50 -96 28 -70 70 -16 38 91 -3 -100 -95 96 -89 15 86 16 -20 -68 13 16 -72 -25 15 -19 75 98 54 35 98 -37 -85 -67 -30 80 79 -32 -20 92 -44 -3 
-71 75 4 -78 -7 -66 -27 -70 -63 -53 -31 -56 6 71 64 -1 -29 6 -97 -11 100 61 -25 -64 84 38 -8 57 -18 -79 -74 48 90 -82 52 20 38 -62 12 -73 88 41 -43 -7 9 15 65 72 26 -80 19 78 31 29 -47 -43 72 -30 63 86 58 11 79 93 94 -91 -4 94 38 16 -42 88 -27 -1 -42 79 -70 -69 -44 55 43 -72 82 25 -47 
-34 -85 87 -7 65 65 50 -19 -63 -76 29 31 41 52 -65 100 -21 43 -50 -78 -79 41 -76 -100 -20 68 49 80 97 -29 88 2 89 48 -65 -1 57 73 -70 -54 98 -23 -15 -96 87 58 74 -93 94 -63 90 -79 2 -67 30 -48 -36 -17 -12 15 -94 71 51 -1 45 -87 -12 96 80 25 98 -47 8 94 22 -42 -84 -76 -21 -39 89 -28 -56 62 63 
-82 50 58 81 87 -45 70 66 -28 3 54 -72 -41 -78 58 47 -76 -19 -84 6 -55 -93 79 47 31 -92 -21 76 77 44 -60 73 -94 23 96 34 54 -17 -84 2 -40 57 92 14 -30 46 -7 -80 22 13 80 -69 22 -35 36 44 12 65 80 -47 -34 53 25 -11 -18 21 88 -64 -67 42 83 27 23 -100 -25 -65 73 50 50 66 99 -16 -95 6 12 
-5 39 57 44 43 23 69 -93 -3 85 69 -68 84 80 -72 -29 -40 -2 -2 -48 98 100 -21 -16 -24 36 42 -21 -78 -78 44 -38 -91 -7 56 23 39 91 58 -30 -33 77 7 -61 -17 -72 30 75 -68 35 -8 74 -93 -67 39 -86 50 -82 81 -18 -59 93 -41 -81 57 70 -49 -63 43 18 1 -37 3 -4 98 16 -75 39 65 -27 55 -61 -81 -48 64 
-25 -31 -94 81 49 -2 18 -98 38 54 44 -6 -31 66 -13 -49 13 56 65 -47 45 -86 98 -27 -47 -34 60 4 -91 -35 94 -29 16 59 -64 -21 -93 -9 -85 -44 -10 -45 -88 -93 5 87 -2 64 37 98 23 63 -50 79 29 -40 -55 -96 39 -54 65 9 -87 -41 -31 -1 -2 -66 25 -18 -57 40 -57 -15 90 -69 27 -75 -77 89 -88 51 -46 -59 -95 
27 13 28 71 -4 -100 28 -43 -73 -97 1 39 -81 -47 -35 32 79 -35 -47 90 -82 88 11 65 54 56 44 -6 -33 -30 12 -32 -73 -57 56 6 -66 51 -42 80 74 12 44 73 -18 -93 -20 -26 -10 -63 -52 -52 37 -53 64 -81 -3 -86 -35 -75 -4 -4 -22 -79 -95 58 56 -92 -97 -79 -81 -88 36 74 8 56 -77 -97 10 64 -32 96 44 79 -33 
5 88 12 57 -52 -46 100 -90 -85 86 94 -55 -27 68 11 8 -71 -32 15 36 11 88 67 19 -49 47 -8 -63 74 -100 97 56 85 70 86 87 7 37 -46 7 -90 92 49 65 -10 69 -13 50 20 -39 -34 -12 76 25 -4 41 63 60 79 9 -85 -28 -88 -57 68 34 18 3 -10 -88 -69 34 27 -65 77 20 -71 -71 0 -48 -85 -71 33 8 60 
-62 -74 -64 -78 -34 -66 89 -20 -80 27 14 47 -6 37 91 -93 -35 -37 -74 90 16 -42 -28 93 -66 -77 42 38 -77 -45 91 57 21 -96 5 -75 -20 -40 -93 25 -43 3 -50 56 -50 -60 -98 -38 -42 -30 -73 -69 -36 77 45 -7 -47 -55 31 -65 57 -3 19 -12 -3 -49 43 -58 64 58 4 86 91 -61 -92 -73 84 25 1 56 53 96 -86 80 83 
-89 -19 -77 27 -9 -53 -4 13 65 -97 -26 -57 96 -68 -51 6 -24 -20 36 -41 71 55 82 -7 18 89 57 45 43 56 64 72 -79 -100 -8 -2 87 -74 -44 20 4 56 -25 -84 -100 53 92 -94 -26 0 4 -33 -75 -82 44 -12 64 84 -50 -12 51 -10 17 75 9 -93 31 -42 35 39 -7 -30 93 33 -17 -91 21 -10 8 39 -89 20 98 4 55 
-48 46 73 23 90 -8 34 -21 62 0 -37 -18 41 -5 96 -13 86 22 11 30 -28 23 -1 90 61 -7 64 64 14 52 67 -84 -29 92 75 63 54 45 2 22 -53 31 87 -59 32 71 53 17 -65 17 90 -80 45 -96 75 -1 -12 12 -28 -88 18 87 70 -61 -61 -28 28 -75 -80 -70 -82 -64 -18 29 -33 62 1 -29 39 1 -32 -58 58 39 -46 
-5 18 1 41 13 83 -96 -15 -82 3 85 84 -9 -52 26 -22 48 39 -50 -77 -40 -96 -41 10 -99 50 2 68 12 44 -44 95 -65 1 60 -23 -14 65 -53 51 10 84 -58 60 -64 -94 28 -10 68 -60 -69 23 -95 -25 44 10 4 91 99 18 -54 -84 46 6 21 -6 12 50 71 -30 61 -95 -52 -2 68 48 -86 98 -90 81 42 -12 -13 32 -72 
46 -44 -59 -71 -89 -74 100 -81 81 38 -98 -12 41 46 -37 13 37 -24 37 23 40 64 98 26 9 1 56 83 85 31 56 -41 -71 52 75 -23 42 10 42 -52 -37 60 33 -43 -61 26 -53 16 -1 85 -77 -12 98 -4 48 -37 -12 -47 65 15 81 -30 -40 35 57 -93 -89 74 41 14 67 22 -27 -13 14 -18 -59 35 81 -60 -25 -14 -54 -44 -29 
1 -100 -56 -4 -7 61 45 -22 -34 -85 -41 -13 -21 -82 64 44 27 50 77 -43 17 -94 -37 -39 -27 79 -92 62 86 -91 -4 3 -63 -27 -35 78 -45 98 50 -58 -84 -16 56 34 82 31 39 23 15 -31 -45 -17 99 6 -46 49 14 -69 -54 0 90 -75 -98 -66 72 99 94 -93 43 -31 -63 4 3 -82 3 39 -80 34 -66 48 -83 15 -33 62 98 
80 -57 -24 -27 -88 -73 1 -47 -3 -34 67 6 -95 -20 96 -75 -48 -22 -80 -80 -18 59 -53 -50 -96 5 -88 1 -9 29 47 16 13 -24 85 -22 32 20 -4 27 -64 -26 62 1 -53 9 -9 59 -80 -3 -72 -33 91 -38 42 25 0 -23 -94 -42 84 13 -20 -11 -88 48 -5 -43 -94 -27 41 -51 -82 -92 92 -21 -38 68 -75 -55 -77 -49 60 69 -26 
-68 -22 30 47 -75 -48 -77 15 -35 -92 -58 -90 -60 -19 -23 31 57 -99 44 12 18 24 26 80 -41 -97 -86 91 59 -61 -48 -42 -11 67 7 66 77 41 22 63 86 50 23 74 -18 8 53 -83 -54 -12 -89 17 -1 59 -22 -94 -77 -96 -58 -60 15 52 20 19 23 -76 14 -30 38 -64 39 -84 -12 -22 -53 20 0 30 94 -21 -39 20 -27 62 42 
-97 -48 16 -89 -91 48 73 66 -6 16 1 -14 -95 20 -67 57 18 30 -45 -91 58 67 -11 -61 97 -14 88 -64 95 17 65 37 -100 15 13 -31 94 22 59 -44 40 40 19 37 -37 -65 84 44 -1 -60 5 46 -3 -2 66 -18 89 -89 -80 -86 -69 31 53 54 83 37 -54 9 -95 -18 69 98 -10 59 -35 46 39 92 20 91 37 23 -31 -46 56 
-19 -38 85 93 90 87 -37 -74 -92 -55 69 97 47 57 61 -53 -32 -50 -96 91 -93 100 -41 79 86 -100 42 -40 -41 40 21 67 -6 51 56 61 68 90 58 76 25 -3 -31 -57 16 -33 52 -100 -48 37 0 85 -99 48 -14 27 -19 16 65 -10 84 33 41 54 43 -95 -90 63 29 69 -4 -43 -11 -52 68 33 -6 6 59 -49 -99 64 48 77 76 
36 -25 -99 -62 -86 78 34 16 2 23 -14 -31 95 64 74 52 -23 -19 95 -75 50 -27 -75 67 31 -96 60 -3 61 40 37 -14 81 71 -53 81 -27 -35 -30 -68 -24 -96 -92 74 -68 97 -1 36 91 -75 13 70 -23 36 -34 25 -23 12 -73 -46 -52 -83 68 99 -94 65 -90 100 -71 -41 1 -96 -70 36 -89 7 -19 18 -15 26 3 83 -13 -49 -22 
-2 -91 -41 -38 -42 12 13 22 7 58 80 36 -28 -43 -3 41 -87 -48 -23 22 77 89 -65 13 -10 74 9 -6 48 -18 -62 -86 -39 -97 49 -91 96 92 -43 82 25 -5 24 -3 -98 48 -39 -86 30 -10 15 -82 -28 -31 64 -28 59 -65 4 2 84 77 67 -20 17 -5 -11 -16 -97 68 -78 -4 -52 75 -5 -54 -43 -36 37 69 33 -17 81 89 -77 
-3 -10 -7 -8 -48 25 49 67 -58 -15 12 -61 1 -32 -55 -27 82 -69 23 -33 15 42 -24 21 -6 69 56 54 80 -62 80 1 -18 -90 -73 24 26 -58 -71 -92 -58 85 81 44 -44 14 8 -30 3 -48 2 94 -93 28 -24 83 -42 -47 -25 56 -16 -61 -88 -50 1 16 -29 9 31 -40 58 52 96 -59 -23 56 -33 54 77 68 -55 -96 -35 98 -6 
-52 78 -8 -92 51 -62 -30 1 26 -35 33 -86 31 -52 80 53 -52 17 31 58 44 75 -51 -49 -1 34 27 -100 25 -36 60 58 97 -36 -95 -92 12 80 17 67 24 72 70 -65 -7 -53 -33 -81 32 27 -84 17 -64 -65 -13 79 -26 -98 -14 41 84 -38 50 -46 -24 50 -88 -65 -84 -27 -49 14 5 -44 -36 23 36 -30 -81 6 44 -96 -25 53 92 
96 41 -52 -15 65 46 8 -38 -54 -38 -44 7 30 51 22 66 -13 -15 61 81 -66 -72 61 -54 -27 90 0 -12 -1 -46 67 8 47 -44 -84 35 1 21 50 84 -93 35 81 30 10 -93 -39 -46 -1 -19 -11 -30 -44 -61 -76 90 28 -82 -71 100 -79 -63 25 79 -10 -50 12 -37 -15 80 57 52 85 -19 -67 -87 88 -1 10 -65 -52 -72 -49 -49 -93 
48 -18 1 -78 -15 -54 80 93 83 -87 -16 91 -95 55 45 7 -46 100 -64 82 -7 -61 92 24 -3 97 -42 44 90 -96 29 -44 -79 74 -2 30 -44 92 -77 -60 64 -28 18 5 40 4 10 -5 -56 -52 -21 95 -42 -61 -86 71 79 -71 16 20 77 -65 -3 8 31 38 58 -79 -51 98 -26 12 -91 -78 -81 -92 32 -82 -76 15 -73 58 -60 13 10 
13 -69 32 -79 15 -97 -59 3 56 60 -94 -21 5 -38 -6 98 -23 -34 39 -58 -14 6 91 -85 -8 39 -81 -26 -63 -86 34 -67 -65 -65 80 75 -80 88 -100 8 -12 -56 -58 -76 -56 70 -58 -73 55 98 -35 8 99 -51 -91 -69 2 -55 81 71 -76 -60 97 100 94 86 -46 -71 -99 91 -75 -41 26 34 4 87 83 88 -53 87 79 42 -25 13 6 
-92 60 -97 81 -88 65 -15 0 -28 -18 -86 96 96 -22 3 -81 -66 69 86 -65 -17 45 -47 11 -12 -93 41 -20 -66 -58 100 -43 -44 96 -89 51 -31 -6 -98 4 9 -72 -7 39 99 43 34 -26 -50 -32 78 22 -98 -13 -26 24 -37 -63 9 -40 -96 -78 80 87 -43 -30 -54 -9 -81 50 99 -3 74 -25 -55 -31 26 -87 -60 29 -60 85 -78 -52 -65 
-11 3 3 -77 -41 -21 -79 -69 66 55 -11 46 36 -40 -47 8 -88 -68 73 -1 -47 44 47 21 8 77 -98 15 100 -48 17 93 3 -86 70 -3 8 58 -19 41 -25 94 -72 -97 6 100 -84 13 44 -71 58 -24 -34 95 58 -99 -58 71 -51 -20 -41 -10 95 -16 -52 35 -65 60 37 -53 -68 29 89 -47 -99 -65 19 30 -55 -9 -45 -70 21 48 -82 
-3 -17 -26 51 -50 -95 -55 -29 97 13 14 74 -56 -71 22 -17 16 80 28 54 47 72 -5 83 0 -69 4 -82 37 -29 -82 -19 53 55 37 -28 -4 28 -13 -65 61 5 13 31 -9 17 42 -75 33 -77 -6 -79 -39 17 -39 -46 38 35 45 12 -38 54 -43 2 -35 79 -19 12 43 -54 -73 98 -93 -37 37 -61 -79 88 4 -83 6 23 97 88 26 
48 59 -41 96 -33 86 12 -62 45 -30 5 -59 -58 -56 66 -96 11 75 24 40 48 9 -82 -70 -44 67 -45 81 59 -81 7 17 -68 -61 94 72 74 -59 13 -20 100 -30 -60 75 87 -50 -23 -10 51 -25 52 -58 -98 72 1 79 -86 -27 62 -8 67 66 97 -21 50 -55 -36 -69 100 -3 -98 38 -73 54 -86 -10 -38 -44 -48 56 74 25 -89 -70 -76 
81 22 69 93 -9 74 31 -23 33 -33 -25 -54 -6 -36 61 -40 50 -91 81 43 -21 27 -84 53 -68 -95 -12 -16 -51 -75 54 96 -33 34 1 95 -43 31 5 -74 -69 -7 49 14 -11 -66 -93 -52 69 -46 -44 33 -85 34 69 -15 -95 -37 77 -57 -13 27 47 16 84 100 31 22 4 -26 74 20 25 -41 -25 40 -100 63 15 89 61 -75 -24 54 27 
21 14 -2 31 6 -30 -61 91 3 89 48 22 -89 8 74 -12 -56 72 68 72 -3 -35 59 79 -36 91 -64 -32 -39 89 92 -22 -50 -62 54 74 64 -83 4 39 16 -50 -45 15 -64 -83 49 56 40 10 74 -19 44 62 -67 83 60 67 19 -88 -93 -77 -3 86 -32 -45 -90 80 -7 98 -9 10 43 55 -28 7 -9 -50 58 59 -74 61 99 68 -96 
97 93 42 72 -57 -30 -33 -82 -32 1 -66 40 61 -18 47 15 27 -2 -87 -60 -65 99 -37 -14 -68 -4 -97 -51 -22 74 -18 -83 -78 -11 -16 -75 -69 -39 88 0 -79 88 89 86 32 9 35 -62 13 -45 -6 32 42 30 96 60 23 28 55 13 42 -14 80 -17 -79 28 44 71 -34 22 63 -8 -16 1 -30 -44 -30 -30 -14 33 31 51 -17 -27 -4 
69 25 -26 79 -24 21 -56 45 22 -34 -97 -65 94 41 -46 -20 63 71 30 66 70 32 4 94 57 23 97 2 -76 -73 -63 -92 -31 -36 51 -65 -26 92 -17 55 -26 40 -82 -40 -33 -61 11 -53 -19 -34 -87 -20 2 -6 -63 -37 -21 64 -31 84 52 -38 -77 -17 59 -65 70 6 -74 14 8 7 64 -49 13 -69 -13 -78 64 -74 70 -86 -54 17 55 
-69 -18 69 98 -91 40 -26 99 -32 -62 -64 -7 -96 61 97 -19 -36 38 -60 73 61 24 62 -8 1 -18 -17 17 -45 28 -55 -22 73 67 94 -78 54 -47 22 -47 -34 -42 -53 96 7 -91 83 -94 -93 -87 1 -66 71 9 69 16 88 54 65 45 -78 -70 -63 21 46 73 39 100 -32 -96 -1 92 -55 -47 -63 -78 -62 -58 64 -16 -90 8 90 52 48 
-81 -86 -85 1 -29 98 -98 35 -89 35 26 91 -49 83 62 46 91 -63 73 87 -2 -29 67 -68 94 71 56 87 -77 33 8 -76 91 -28 94 -56 -80 38 44 -56 -31 -71 77 -85 -42 36 13 32 -3 -88 -2 -38 -58 33 -65 8 -4 -49 -65 -60 -43 -53 58 -15 -30 63 57 6 -7 45 2 62 -58 -60 -65 -33 -39 97 -22 11 35 -91 22 -20 20 
84 15 3 92 67 -79 -96 61 20 -82 37 -15 75 -76 83 43 -93 -37 -20 86 48 -64 56 100 -57 -10 -68 -27 76 -35 14 17 -62 12 -27 -65 -96 83 20 -37 36 -17 19 -69 -64 -86 -13 75 100 71 35 -2 -68 -84 -68 -66 79 42 -14 13 -48 -69 -84 -26 75 35 35 -44 -40 37 55 -10 84 -13 34 -44 -14 38 -39 -27 -69 45 53 83 -35 
-94 72 90 -38 -83 -27 -36 -94 -17 -79 -92 -88 -6 18 -91 84 -93 -25 50 -65 100 25 -84 -58 -37 -10 -90 -19 -83 43 -1 -44 49 69 89 47 -97 21 -37 26 -46 -12 61 77 -55 61 -48 -57 -28 100 -41 -79 -36 77 -79 15 -58 60 -51 -28 -6 83 2 6 87 28 -21 -55 -38 1 -69 -80 -60 21 -90 -77 -94 -27 40 10 85 -44 40 -21 13 
13 -84 74 -93 21 74 -70 -73 80 -74 -99 32 19 -100 -42 97 35 43 48 18 -60 -24 59 -90 84 -96 -54 -56 -30 55 31 36 -40 -17 -96 -19 -53 -39 44 -39 -59 49 -12 87 84 -96 -16 76 -50 -31 -21 37 24 -28 -31 89 -96 65 80 -60 60 15 -40 -33 66 -7 -26 -50 44 -61 -5 100 17 -99 19 62 -51 -54 82 -1 -14 91 90 49 2 
-90 -14 -16 -60 49 74 -12 -35 72 98 35 78 -76 82 60 57 32 -57 85 99 -83 -16 -55 95 -58 69 -81 39 81 -45 -93 -22 7 19 47 -95 -93 -67 90 74 38 -93 -30 79 -23 -82 20 33 79 88 -99 -8 70 19 9 29 0 79 -90 9 -93 11 -97 91 -29 -20 -38 34 -54 -41 43 -18 -10 96 29 -11 12 -32 -71 25 -36 -22 98 98 -9 
-62 23 69 -41 -3 42 -11 11 -87 -32 9 19 10 7 8 92 -10 -81 19 96 -91 30 14 28 -42 -32 -100 4 -100 -77 12 2 -88 -90 24 55 7 42 -45 -5 -75 -83 -30 -95 -93 -56 21 -29 85 96 89 -76 -95 -47 -87 67 57 43 -52 -53 -32 93 -65 0 99 1 -9 41 -86 -74 -54 45 47 -39 -49 -14 -40 39 -43 -65 100 -3 -26 41 -33 
53 -82 -89 -26 -81 -70 -15 -68 -41 -39 -35 -19 -71 -51 -6 32 13 -98 10 -32 -43 -24 -4 -79 -83 16 45 -95 -53 -76 22 87 -77 20 98 98 54 -55 26 52 -91 55 88 -40 92 11 19 -54 99 -22 -85 -72 24 13 -92 96 -57 -57 -58 -54 -16 -8 8 47 -50 3 -63 95 95 71 25 -22 89 -21 94 99 26 -15 86 -7 -28 79 -70 82 50 
56 63 67 -57 59 95 -58 28 5 36 -84 45 -52 41 -7 2 33 83 57 -28 -48 -100 73 -31 86 -29 9 -5 67 75 -71 -36 93 -32 -15 44 -2 -33 -73 -84 93 40 1 69 -64 59 -24 35 45 -2 -65 -69 -51 77 72 -16 -42 32 -3 67 90 30 9 -94 -37 -19 99 -41 -60 71 -62 -11 94 4 46 97 -27 -31 -36 -5 21 33 89 48 96 
-25 62 -46 96 -21 -27 99 30 -68 -7 -100 54 -48 40 45 -42 -12 -16 45 15 -31 54 -83 -49 -15 50 49 -79 -52 13 59 46 -33 39 10 -69 -14 14 85 20 -75 -97 28 -77 -42 -87 45 -54 -75 70 94 82 -59 -42 22 47 -40 -26 55 -40 32 -78 -86 59 55 -93 64 -36 -1 97 -73 -57 98 27 -36 -25 39 -21 -91 33 -57 100 86 79 -32 
-5 -25 6 -44 68 -35 -50 -43 -82 64 -49 -62 -14 85 10 29 36 6 -64 -27 -99 55 8 -72 -56 -97 59 57 -19 81 -65 -2 48 34 -53 25 -38 85 -39 92 -84 -58 -39 -98 93 -25 93 -4 -38 1 -16 92 3 -39 -45 -58 2 90 93 26 -89 -57 10 16 -16 -58 71 83 80 54 60 -32 92 -98 78 14 -33 88 56 -41 -99 15 13 89 53 
93 20 52 -33 47 71 9 19 86 -99 22 -40 78 -66 -42 -5 -62 -31 -82 -69 38 -71 37 -44 52 -39 -60 -12 -99 29 -82 -78 5 78 -26 -76 20 -87 2 -70 -68 80 18 25 -81 19 -61 11 49 -91 -79 9 45 -46 -93 -53 -73 -83 -7 -67 28 59 74 -33 -7 43 38 65 1 -32 97 95 -73 28 47 91 -83 -72 -14 76 8 54 -98 13 -4 
12 79 -87 81 37 14 36 -88 -79 0 -55 49 -58 -80 -18 34 -64 26 31 72 -93 -8 -53 41 -24 88 0 100 18 -42 100 -68 82 23 2 82 23 -65 -66 32 -33 7 76 53 5 17 -37 -81 -82 -23 -9 -50 44 78 -49 -79 -54 94 -29 24 -85 27 -6 25 -39 6 -10 -27 -55 83 -48 61 -6 73 -73 -7 62 70 90 78 -7 -67 90 38 -29 
-27 -99 -77 99 92 14 22 95 -16 -76 56 40 69 30 61 -18 -50 -2 33 -76 -52 -3 66 55 -14 -26 14 73 -3 -2 -8 8 3 45 -82 48 -1 -51 15 96 -63 99 71 81 -22 13 -73 -90 -16 49 75 -85 48 23 48 64 15 -32 -51 -15 -65 -93 31 -13 18 66 28 91 10 -45 64 -15 -7 14 -58 19 -14 27 -80 56 -96 85 -78 -22 -50 
-24 2 92 -38 100 44 -15 49 3 -53 16 8 -46 18 -3 -99 -79 83 59 -26 15 13 -23 13 22 55 -2 67 -86 -46 -67 -71 -49 -91 10 65 31 -7 37 -70 -30 3 45 35 -85 28 -43 -4 -100 -12 31 58 -76 2 99 -16 -73 -53 32 70 -47 56 20 -57 -24 -68 -79 -51 51 -84 88 -17 42 -90 -86 -94 96 -15 -12 -65 11 89 -71 -84 32 
25 34 -61 32 15 -21 53 -18 54 -56 56 -79 -99 -21 -40 32 -90 51 79 -8 -1 9 68 -42 -98 -98 59 38 66 -61 80 51 -54 59 98 -97 2 69 -13 -35 -65 -67 -30 -13 33 19 -87 29 -96 84 39 17 -33 90 35 -21 82 30 -59 -75 0 95 -9 83 -16 -11 49 -26 -79 -99 -92 -98 27 -28 -61 75 -25 -94 18 -68 -23 31 89 -92 -38 
86 -54 -70 78 -99 -11 27 -22 70 -51 5 -46 -68 -56 76 -23 99 44 -14 66 1 91 50 -65 -6 -69 -80 74 0 91 -26 6 -40 58 91 -24 94 46 92 -96 22 37 -43 10 30 69 -69 -1 74 29 92 -69 100 -70 34 -24 42 74 -80 33 17 -39 39 46 44 49 98 91 -74 48 -38 38 30 -21 -92 19 -63 7 44 -38 95 -86 72 -34 -78 
1 36 -48 92 86 55 -27 2 100 99 43 -17 -68 72 -43 27 3 5 -66 35 -5 21 -99 -49 46 0 13 67 80 -15 55 -23 -63 70 -34 -32 91 54 26 83 8 -44 45 -92 72 -18 -89 -7 12 6 -83 31 -66 -7 -11 -36 -31 70 -18 53 -87 -60 -2 -98 8 98 -41 28 91 -35 -63 -76 79 -88 -100 25 46 33 10 76 58 -6 50 52 46 
-50 50 -77 -61 62 -95 -29 13 -98 41 -14 62 76 -79 -20 36 56 69 46 -33 77 -61 -92 75 -56 30 61 -6 -19 39 12 38 66 36 70 19 -18 34 26 57 31 50 93 -32 70 -8 -38 -37 -22 -98 -40 29 97 -88 42 0 6 15 69 -44 38 -61 -8 20 29 -51 22 -69 57 -4 -30 32 79 -62 64 -5 14 -75 -70 -87 79 14 89 97 52 
43 91 -29 -78 2 -97 -90 -76 -14 -25 84 -10 26 47 63 -63 51 -62 -58 10 -56 99 97 -50 0 -35 -82 -46 34 -37 -76 66 30 78 76 -72 96 -80 -68 -88 -18 89 -33 58 36 -25 -4 -64 -54 78 26 -47 7 93 -71 -91 -11 83 -87 78 -14 93 66 -18 -79 -53 46 -51 -37 -10 -78 -41 -35 -71 -90 23 60 48 -2 -56 -35 -58 92 96 46 
5 -71 -27 -76 -90 23 94 14 -83 -79 10 -9 -79 43 -70 -11 -62 0 29 -79 14 39 78 24 17 30 -83 81 33 -79 80 38 -98 -26 71 26 30 -80 -100 -71 36 21 -13 23 -47 -24 -87 -54 25 86 67 -12 49 -8 -80 18 71 10 -44 94 -96 -53 -8 -7 57 100 -38 24 21 62 54 -100 -39 75 -99 -41 -30 46 -68 -26 -51 -40 56 99 -75 
-68 -49 16 10 -47 51 -19 -87 35 -60 87 36 100 -87 -57 78 38 -13 -35 -46 58 -58 -37 -34 -29 -52 -26 52 13 41 -85 96 38 2 -71 -90 -35 68 30 -7 -58 -62 32 -100 34 -12 78 31 -36 32 86 33 17 7 -78 73 95 -87 64 -16 -82 -67 -44 -38 -5 61 70 23 62 -98 82 7 94 73 -85 -74 -26 -99 40 35 -27 30 67 -90 58 
29 -62 -7 19 23 -49 -75 49 32 10 54 56 77 -11 -80 33 -22 4 86 -78 22 70 -2 49 -66 87 -88 -49 -92 78 67 52 -81 -52 -88 -28 88 -92 -75 -33 -33 -4 65 1 16 30 77 -100 1 -16 96 25 -85 -95 -69 -70 100 -25 -31 -67 100 87 33 83 -64 -19 14 -51 4 -73 -13 8 72 -44 -23 -74 38 52 90 -45 -80 -55 -67 -58 47 
-62 47 22 36 -1 -40 -68 56 91 -81 -95 -2 -44 74 98 -10 66 -78 81 23 3 0 -26 29 71 50 -55 -8 -17 56 49 -87 -78 -60 85 -11 46 79 -14 -69 -38 -42 -57 -59 48 -81 59 21 -27 9 23 54 40 93 94 -39 -24 32 91 -5 -27 -11 -86 -25 22 56 -84 25 -57 -57 -21 100 96 -64 0 -80 8 -44 -86 30 74 60 67 92 -65 
-100 -8 48 3 49 100 7 -46 18 34 32 -50 -62 21 91 72 68 87 29 -84 -57 -35 -58 3 -36 -56 5 11 0 58 20 -13 -23 17 77 40 -72 -36 -26 -18 -47 -27 -29 -59 53 75 -63 -31 66 -2 57 -62 -96 77 3 51 11 -75 55 51 50 -10 -90 20 71 85 99 -60 40 -50 -2 -46 -12 76 87 88 -20 39 8 0 -56 56 21 -14 89 
-72 5 -23 32 5 -24 13 71 -13 25 27 -60 -70 -64 64 -48 80 63 -94 -26 -98 63 -39 81 70 83 63 39 76 -22 16 96 42 -74 -25 -18 -95 -74 43 -78 4 0 -39 98 -91 100 81 92 40 -20 84 -14 73 -64 -97 -19 -36 82 -29 -26 33 92 -50 69 68 22 -20 -96 -44 8 67 17 -23 -5 1 19 -29 -32 50 -18 0 74 33 65 -20 
67 48 -74 19 -69 64 -27 -19 -49 -36 89 71 76 44 65 64 -92 -56 -53 -10 16 22 33 32 -16 -46 -69 -1 37 -37 90 78 -62 -42 -83 66 96 94 -3 -16 -87 -69 -15 -21 -64 82 7 49 -55 -5 -92 90 15 99 88 -82 -34 -73 -2 -65 69 -14 -16 24 -28 -99 -1 18 58 -53 24 -16 22 -83 -5 75 -1 -81 27 -73 72 77 47 -83 -93 
-44 -71 -83 27 22 14 -10 43 -31 -100 -97 16 -14 -7 98 -84 85 -89 -74 -1 -1 21 -53 -23 -98 9 -42 -64 90 -5 -57 67 -50 -23 91 14 -79 -23 -59 -94 72 80 -41 -59 -61 -21 75 -2 21 -97 80 23 66 50 82 69 16 90 -16 -97 -71 40 -38 -59 -96 -6 -57 -48 -1 -44 66 -54 39 -42 -4 -68 -60 17 89 21 -79 14 59 65 -2 
15 27 8 -36 81 86 27 -36 -24 91 89 26 63 15 -38 -81 60 87 -45 -16 36 49 18 50 -77 69 -76 37 59 37 20 89 16 -23 15 58 -29 86 -64 16 -11 -66 -8 -37 -44 -34 32 34 -74 -57 -44 -73 -63 67 -57 47 -63 -44 -43 -93 -92 67 52 -72 46 98 -69 -89 80 -86 -79 -90 78 -100 90 -90 60 46 13 -83 22 79 22 -28 -54 
-74 1 6 37 -39 -24 -45 53 -56 69 -8 -98 -40 -91 -99 98 -31 88 -13 7 -72 -14 -50 92 52 15 4 -95 -69 9 88 -16 -60 -10 -18 -52 -23 -46 -54 22 -74 69 -10 -71 -80 -80 -65 -21 -8 -100 -27 96 16 81 -70 -74 11 30 11 -37 3 36 27 -7 -43 -68 -58 -94 -23 4 -16 21 85 28 -87 -14 -42 -20 -79 18 87 -42 -34 36 22 
-82 -3 -88 -29 -43 66 -49 30 80 6 -67 -40 75 -2 -47 -79 2 -18 -15 80 -13 -52 -70 -39 -56 -34 -74 9 53 86 2 -42 19 47 -7 55 -100 -87 -40 24 4 -82 33 -55 -57 -10 -5 -55 34 19 -73 7 46 -65 -93 -39 -84 57 -8 96 51 84 -18 3 -28 95 -26 -89 22 82 36 33 70 -96 82 -89 35 -80 -59 51 -11 -44 26 20 -45 
99 -69 78 73 -22 -99 -45 -77 -31 -90 -40 11 9 -8 -94 15 28 76 100 -30 -40 6 68 -36 85 52 98 -69 -93 41 -28 -47 -86 -75 9 55 69 30 -85 92 -11 14 -57 7 -44 36 -60 36 94 82 56 98 53 -31 58 90 -44 -25 77 -42 65 77 89 -78 -46 18 71 -69 -46 98 -75 -32 -11 59 47 -67 -77 5 5 -96 85 34 -91 92 72 
-47 58 -48 72 -20 -58 -9 -33 -26 -45 -33 69 29 -51 19 -31 -99 -100 -79 12 -79 97 60 41 -11 -13 11 69 -76 14 -42 -59 80 -69 -59 13 94 81 65 -11 43 -64 -73 -8 -24 90 -71 -86 56 98 27 85 49 89 -40 -64 71 -14 -54 93 62 39 80 64 43 -88 -78 -59 -78 34 79 67 -70 -87 11 -64 -33 -47 -78 49 -93 13 99 -7 -6 
4 54 41 100 44 82 -91 -69 -84 41 25 -51 46 42 33 28 -46 60 37 29 -5 -1 -89 -96 -40 39 -92 -33 -32 54 -3 51 -36 -43 -28 6 -65 79 47 -65 -62 -53 32 61 5 98 -40 -97 21 -11 -77 16 -89 -56 85 40 97 85 -73 -91 21 9 78 -97 -88 -78 -23 -90 18 48 16 -70 80 -91 17 -58 -84 -74 -17 -72 -11 79 89 -64 14 
67 -93 82 -83 -55 -32 -12 -48 -38 26 -75 36 -14 40 42 -53 -69 -90 -55 80 -78 -87 70 14 -81 -74 -8 44 72 65 17 -82 -92 -59 -48 -99 -41 -36 76 100 -52 19 53 58 -1 13 2 0 88 -33 4 -9 52 -45 -14 44 -49 -80 -53 -60 -59 70 69 -46 -65 100 -45 -43 -92 73 13 45 -65 82 -52 83 24 -97 71 8 -92 45 71 -12 77 
4 72 59 75 -69 -81 -47 60 -7 -17 56 34 84 32 -62 29 -21 89 -95 2 -8 90 -97 -38 31 25 -98 -74 -30 -51 97 32 81 65 -93 -1 -96 -98 51 17 20 49 -45 73 -14 87 97 -17 27 -33 43 94 -36 5 -92 94 -94 49 -74 3 63 -85 -21 9 -5 38 60 -27 -11 63 -12 66 -26 -72 71 52 -8 51 100 54 38 -87 3 -92 80 
78 5 51 64 -10 -54 -29 -89 -7 -6 -40 -81 84 81 99 -66 80 -73 4 -60 98 51 11 47 60 44 3 58 4 -13 -23 -54 97 97 55 -29 -26 39 -50 -10 63 -90 1 -40 -48 -56 4 69 90 -35 94 77 44 -93 33 -85 -27 -28 -7 -50 -67 -44 -89 -93 33 -30 -15 46 66 24 60 74 -76 94 28 34 -57 -6 51 -8 17 97 -83 88 32 
8 7 67 57 -12 83 60 -31 -94 44 -79 -44 -12 -90 98 69 73 -35 -60 84 -3 27 -80 -87 -68 44 4 16 -67 -91 89 -77 -96 29 -4 -44 34 30 -73 41 87 94 -49 25 97 -46 75 48 -85 18 -27 41 82 100 91 21 74 24 50 -60 -41 91 -56 67 -26 70 21 -62 99 22 67 29 -19 -77 -33 -23 23 24 -63 -77 -80 27 2 13 -66 
79 56 -49 20 27 -1 30 40 19 -17 95 46 77 -85 -84 58 -37 -45 -55 91 66 -44 -16 12 17 -14 38 -27 30 -4 51 13 68 33 21 -11 6 -9 20 15 -8 94 -17 -63 -56 20 46 82 34 79 -94 71 92 -38 59 -17 -100 -33 -93 -21 36 -62 91 94 -93 92 -91 35 85 12 71 -45 21 -50 25 30 68 -60 -44 79 -36 -17 -54 -27 -39 
63 -21 -17 -39 -15 80 -86 77 59 48 -3 78 -85 83 7 -29 42 76 43 51 9 -88 -51 64 -31 3 8 76 51 -68 -5 99 -70 -39 61 29 87 -61 2 -74 -53 6 16 72 -9 82 51 -56 -64 -23 17 -90 97 32 43 -71 -55 6 73 -62 -86 -38 32 58 97 1 32 -73 -97 -88 -70 -22 75 -13 -36 4 -89 7 63 -88 -83 66 51 48 -43 
-24 7 62 91 -1 -56 -53 2 62 -65 -34 81 18 -22 -62 71 -79 -93 45 41 67 34 -51 13 72 15 -13 8 95 34 54 -50 -95 -92 19 -66 -22 -100 -92 -29 -25 73 -100 29 11 69 -51 -47 -11 -99 58 -65 -69 -72 100 70 42 100 -19 76 -84 -12 67 -91 -9 8 46 -93 -38 58 3 25 -54 49 47 -27 21 31 -36 90 -11 -88 -7 27 20 
-58 17 28 -45 89 -79 16 -6 98 -83 -63 47 84 32 34 -66 -38 -47 65 -59 -77 41 -60 55 -64 47 3 -100 -64 56 -95 9 25 99 43 24 60 91 94 -72 11 58 -76 -58 -98 -63 -12 14 23 22 -29 -77 -9 42 40 12 -15 -21 84 -39 -87 78 63 40 90 85 -45 61 96 73 -20 59 -87 -31 -95 16 -68 -87 -55 -92 61 -90 -69 -43 -89 
37 48 -68 -87 95 69 -34 10 -76 24 31 -46 -13 75 -55 -7 88 -57 -62 22 -32 -20 58 21 19 7 79 -5 -57 86 20 50 -17 -80 87 -11 -63 65 -30 -10 77 15 82 30 -1 1 -88 -56 77 -63 -75 -59 33 79 -53 49 -3 62 -98 39 -54 77 95 -37 -80 -99 90 86 -10 56 89 24 -86 30 -79 -60 87 51 77 32 26 -9 0 -38 -21 
85 7 -93 48 69 49 47 -34 -86 65 51 -18 -89 -39 -1 -23 -89 43 22 70 -64 90 38 55 -29 -18 -2 93 -53 97 49 -91 11 70 51 46 -9 90 14 -69 -59 -6 4 21 85 -42 79 -58 -25 67 76 91 35 16 51 46 -88 96 71 14 3 -82 -23 -93 -18 -47 69 79 87 -20 -81 -45 -81 61 -37 -67 27 -47 -32 -58 -54 -5 -91 75 -50 
28 81 -31 -15 -91 19 78 -50 -92 -27 -89 10 48 -65 -94 3 -73 -63 -68 16 21 29 54 -18 -22 48 -27 13 23 -10 53 -25 -87 78 51 -72 95 14 -84 16 6 -16 24 -64 -79 83 5 -17 28 -21 19 -93 79 27 39 -33 75 -56 9 58 -58 -89 -96 54 60 -36 75 -40 -77 -31 -81 -50 -87 7 9 -85 27 -56 81 25 -62 10 68 84 -62 
32 25 -90 61 -63 -25 73 -5 66 -83 -40 47 38 -9 -62 32 -15 70 -80 -6 -44 26 -86 33 -78 57 -1 -85 95 -61 -28 -93 90 -16 -38 -12 -15 80 98 -81 52 30 -26 -41 79 15 -95 -4 26 -61 -53 79 31 91 0 51 -61 53 -36 99 -87 -80 -90 36 51 42 -41 -19 49 -13 18 -10 -23 67 -5 65 26 -7 -53 -89 98 16 2 -40 21 
-18 -56 44 42 -38 -90 50 18 -79 43 62 -46 43 13 69 -20 -60 85 -33 -71 58 2 -88 65 9 29 84 9 -55 42 92 72 -74 -76 -72 -99 88 80 -57 99 -78 9 -71 -80 -10 -56 28 70 33 40 -7 52 -45 11 -72 -64 -37 96 64 -12 42 5 -31 72 -23 78 -47 70 74 -30 -39 90 55 -92 69 -6 24 54 90 -8 76 22 28 41 74 
-81 51 43 80 -94 -48 72 66 -52 80 -84 -88 -40 -23 -24 36 75 85 -5 37 -39 60 94 -25 28 7 73 -85 -25 1 -56 -14 -45 61 47 -3 27 -3 -39 -18 -54 73 -66 -63 -88 -29 -74 3 -3 -53 -54 -67 -11 45 71 53 -71 15 -49 50 -71 -100 -74 -58 6 37 -1 -63 -40 56 49 -25 -78 98 -59 -44 72 -29 48 -53 1 -17 -23 74 49 
-77 -84 -81 -59 73 -35 35 -54 63 39 -10 -47 72 -87 -51 -19 5 -98 92 -99 24 -93 -54 41 -99 40 25 41 -68 42 -6 81 6 -21 -7 -75 47 76 -99 31 -84 13 -77 -2 11 85 -14 10 21 -72 -52 45 69 1 -57 62 2 -88 9 -27 45 40 44 -94 -55 29 31 -64 -38 66 57 9 26 -51 77 74 -10 -72 -41 44 43 94 -82 -1 -94 
3 92 93 29 35 36 49 -58 -14 58 57 -25 40 0 -84 55 89 47 17 -78 -18 1 14 8 36 79 -78 -38 74 21 -70 -6 -17 -48 82 2 22 86 93 74 96 -4 -21 -71 63 76 -20 -8 28 -49 14 -43 93 90 57 0 -9 5 -94 57 -98 52 77 -80 62 -33 55 -69 30 -18 -97 -63 -54 -1 -13 63 15 75 -69 -6 -39 47 -95 -24 -56 
-75 -8 33 99 -98 -15 -12 -86 61 -67 -26 75 43 98 35 89 -75 -54 -15 27 -43 42 -88 -36 18 79 -81 -12 93 81 70 20 84 12 -41 37 -49 -53 -9 -77 -78 -97 88 -27 -16 98 44 -54 -56 17 -43 51 -92 -37 -48 30 83 -77 6 10 -59 26 -46 -21 10 -11 96 63 -93 86 -63 51 54 -68 94 -65 49 -19 -58 -100 -71 -100 -64 55 83 
37 88 74 -27 -98 70 -28 -30 -15 11 13 51 72 -94 -60 25 63 89 90 21 -40 -87 -44 51 64 93 34 88 -59 35 -31 -65 -58 -99 -38 -60 -47 69 11 -13 -40 -26 31 -97 44 -88 73 67 58 67 -84 -98 -90 60 -54 -64 -3 -45 99 31 21 15 -84 25 -77 -68 68 -81 -70 18 -88 61 54 -35 86 25 61 51 -35 43 75 -29 -58 29 87 
13 -87 -90 71 -66 -50 27 -10 18 93 30 97 -42 -61 10 44 68 24 -33 -1 -71 80 -37 -51 -82 83 -71 -14 58 -43 39 63 18 6 28 17 -78 24 -8 52 -55 -40 -39 33 8 -35 -74 4 40 31 19 83 -29 12 88 26 11 89 60 -63 71 -83 -92 -16 -46 33 -5 -78 -84 -84 -53 19 49 -12 -42 86 -17 -99 52 84 23 -70 -44 -92 87 
10 50 -8 -56 -12 5 -22 82 -29 -56 -44 -79 -1 -67 38 -58 64 -91 2 5 49 -63 95 10 47 -58 41 -27 29 22 -46 -2 -50 -10 -19 26 -64 73 66 80 86 7 -57 6 -35 -58 -7 92 -80 -54 -71 -84 57 70 28 -59 26 0 -96 82 -19 51 12 39 55 -75 -100 -46 -36 97 41 78 7 89 -40 59 25 -56 -84 17 -24 29 1 -3 -75 
-33 16 -53 -20 46 71 41 -100 -65 28 84 92 36 13 71 71 -60 74 -40 69 78 -81 53 56 66 59 100 42 80 70 -84 5 37 49 2 -39 -5 66 -24 -36 65 28 83 -8 -26 -90 41 -33 52 32 99 -64 -24 28 -96 -13 98 -87 11 -38 -70 -90 47 -6 54 87 15 72 -41 -81 -14 -56 -16 37 42 -32 32 -55 -12 -95 -83 -27 16 55 -97 
-19 -76 -57 51 -96 -40 41 -75 -39 68 -67 -1 -72 -99 29 -75 53 -63 -76 -70 83 -49 -40 -24 -65 98 48 -22 10 -90 -76 -44 -93 -73 99 91 55 -24 -90 72 58 6 16 -86 85 -55 64 -74 -80 -26 -52 -11 -100 73 70 43 28 -15 74 -54 89 -20 -66 -55 -84 -69 -85 7 87 -20 51 -93 85 -48 -14 -26 21 -82 37 -12 35 78 -97 21 21 
-42 -17 50 -47 -67 30 -31 -43 -39 23 -51 -5 8 -8 -81 97 -59 -99 -7 -28 61 -43 -78 47 -35 -94 54 77 -1 84 -31 100 -58 -73 -35 72 -64 -89 14 82 -39 -4 -9 4 -80 37 76 11 -28 -62 -65 -83 12 10 -70 -70 15 -51 6 -56 -68 -10 -22 40 7 60 3 -39 -82 -55 -63 -40 60 -28 79 72 73 -94 22 -34 -92 24 -65 88 21 
11 -37 -44 -91 39 -47 42 -88 -91 100 -43 -27 6 -38 10 56 -50 74 -63 55 86 -25 -5 87 77 18 72 80 -19 -46 53 -95 -25 -28 -95 88 77 -35 -96 -88 82 54 -70 16 -86 -99 -15 80 -59 20 5 -30 -34 -77 83 -9 -80 86 1 -85 -50 -79 8 1 77 98 -61 -90 -70 -82 63 -95 -57 -14 -4 -2 -85 -92 15 -74 27 27 67 66 77 
-41 -44 99 63 -6 -47 -70 0 -49 16 82 -83 -61 -8 -72 25 -96 86 27 61 19 33 -6 57 -3 1 -33 -10 -59 32 9 -21 -25 -6 -18 58 73 -90 -38 85 -49 90 81 99 43 76 -10 87 -11 31 9 -9 -95 42 20 78 2 29 -6 7 -37 -29 -58 55 -78 82 93 -66 -78 47 -70 4 91 51 15 83 -39 95 2 -97 29 -92 -42 32 79 
-46 49 -35 -88 26 77 67 37 -93 19 -44 63 -95 -66 -44 48 -4 -55 -41 59 -25 -85 76 -87 69 -34 -31 -1 -97 56 -7 -1 51 95 -93 84 -42 26 62 -79 64 -73 -87 15 -42 71 68 41 -29 -8 57 -60 -89 -98 40 -15 13 -67 6 24 22 6 -82 -98 49 -18 -33 0 -81 87 39 -8 -49 -6 -84 90 77 41 -60 -70 -66 -39 -41 25 98 
70 27 -28 83 -77 -29 72 -69 53 76 39 -51 -79 9 -30 -74 78 68 -40 10 -34 61 28 -50 14 -40 -64 22 58 -57 30 -71 71 51 60 26 12 40 95 87 -57 83 -81 61 -76 45 7 -10 -38 69 42 38 24 -35 30 -88 -7 17 -5 23 61 -57 -86 -1 3 19 -99 -10 44 18 -12 48 67 24 100 -25 -11 83 56 -2 -76 -87 -16 29 29 
-5 23 -55 -86 78 -18 -36 49 -42 58 27 -48 -40 82 -52 1 -17 -48 24 -18 43 72 -73 -43 -4 -50 -25 -85 77 -14 -5 -56 73 89 -29 42 73 -98 -61 85 41 -31 6 29 -40 28 77 4 15 -39 25 -25 -86 44 -4 -52 -6 17 54 8 18 93 -49 -52 -16 -81 60 -92 60 -9 -98 67 3 71 6 18 -59 -95 -53 -83 -61 -17 -73 -95 15 
-19 -2 68 -88 58 -27 29 -86 16 79 59 -33 -21 -30 -90 -53 -27 8 39 -47 -90 -29 23 -44 14 -78 34 -80 -27 95 28 -96 75 -73 -64 57 85 -14 39 18 -63 -99 -85 13 5 -91 -67 -51 -69 57 63 97 97 -7 -28 63 -34 21 67 -85 7 31 -42 13 -68 -32 -48 16 -26 -2 48 63 -54 2 -37 -18 5 71 90 -97 -11 41 2 -78 11 
73 11 -75 65 -22 29 75 32 -29 -85 91 -5 -26 67 -74 -69 -92 21 -43 -11 -17 -58 -57 -52 -57 -11 -32 1 -50 -80 98 46 0 -33 -100 -85 -15 99 8 -31 3 1 -91 -34 -36 93 60 23 -60 26 22 22 -19 40 25 58 58 21 -24 -47 -75 86 56 -27 33 -50 -20 -10 -84 -10 -57 80 45 -90 -71 81 28 81 59 -85 18 75 -48 -31 -24 
33 84 32 88 14 -27 22 15 47 -63 -74 -9 70 36 70 -16 -87 -98 -21 -64 -19 13 -21 56 -68 94 -65 88 -8 -13 30 91 -91 -100 31 48 -38 68 -46 38 -94 23 26 -55 -60 -82 89 -8 -33 -79 -79 40 -83 -88 70 -75 -84 76 -11 -19 -59 -96 98 -47 18 75 41 -50 -72 7 88 50 -73 74 -36 -78 -49 98 65 -98 -55 86 -27 -37 -91 
1 48 67 84 36 43 69 73 -85 74 -66 51 56 -6 50 59 -82 -95 -39 -75 -43 -20 -86 84 -24 81 13 -87 5 66 -21 27 -30 -92 -24 33 -97 -77 22 -20 -62 -54 -95 6 -70 -28 -2 -18 26 -71 -94 98 -57 96 -63 -19 25 38 -7 -52 -34 32 -23 3 78 -93 62 75 -36 28 47 29 71 -39 73 29 -20 -79 -7 18 -67 -10 -29 45 -80 
44 59 -82 -100 74 76 6 -85 -78 -40 46 67 17 97 -51 -89 43 35 93 95 59 -22 -9 55 94 -69 70 82 -5 21 70 90 -41 -29 86 -11 -48 -81 46 18 -39 -31 -8 78 -59 37 32 19 -11 -15 11 75 56 -26 86 -83 -2 -89 68 23 18 29 75 34 -94 26 -45 -28 -34 13 32 -50 -30 4 32 80 -91 -90 53 -78 -84 96 4 -10 -65 
73 -25 -46 -16 34 -40 20 -63 -31 30 -1 20 -73 -76 31 3 -91 95 -27 93 -25 -15 -51 40 20 -46 11 72 21 17 -34 -10 -35 -56 100 -21 -98 -99 6 -4 43 52 70 34 22 -15 55 35 51 75 82 -19 -98 92 73 -69 9 8 -19 -78 0 -95 84 74 -41 57 80 -35 -22 32 -14 65 -18 41 -56 -18 -91 71 9 -29 -29 -37 -64 -65 88 
-49 -65 -32 97 -84 1 5 54 -82 -15 -57 -48 -25 80 -94 -18 59 78 -85 34 -69 4 -80 47 -12 -57 -26 87 -68 -72 58 90 90 -57 61 76 -64 37 -81 50 -40 -85 27 -47 25 -85 64 47 28 4 60 -80 60 45 -67 -31 12 -89 51 21 -32 -89 51 -25 61 -73 -5 83 24 39 -92 41 51 8 -77 -96 28 89 6 -81 52 -68 -57 -24 33 
-66 -90 5 -28 -65 -52 -83 80 86 -61 69 -72 80 -82 -78 8 -63 79 -87 -77 99 -26 -51 74 -58 -27 -35 -31 52 2 -84 23 45 -4 -37 -44 28 -19 77 -26 35 33 75 -10 26 35 -29 -63 9 -45 66 61 47 74 46 70 100 75 69 -85 -42 83 86 -44 -92 27 13 3 -90 -92 -59 -99 68 61 56 25 -73 -10 -14 -6 -63 -19 -7 -25 -25 
1 -73 72 -93 88 -58 -21 18 -38 -26 34 -56 -19 -22 56 -64 -6 56 -39 -77 -98 -17 88 69 -44 37 -50 2 99 -44 21 18 -66 63 -8 55 -1 24 63 43 45 -68 -1 -87 -83 32 -85 19 -80 -34 39 -36 83 33 20 -77 17 96 78 -85 27 55 11 -10 -5 62 98 56 -10 -65 78 -48 51 -64 25 45 25 8 -7 -48 -74 -51 97 -59 -82 
70 -89 -38 -3 -47 96 -69 17 29 -96 66 -33 75 26 3 -77 32 -96 33 32 11 54 -16 -38 56 75 -7 59 -68 47 5 79 -34 32 35 -9 39 36 -93 9 -77 -98 23 2 47 92 31 -90 -37 -72 -7 33 -43 17 -34 65 -90 26 87 41 94 78 -28 -5 54 61 40 -56 -80 43 -19 13 31 -29 53 -56 -39 -30 -42 41 19 37 -85 -20 73 
97 -85 -15 -35 -42 6 7 -53 -38 47 -64 31 -67 73 -80 4 81 -96 -57 38 64 -68 -6 37 12 -19 40 -58 55 -50 -92 -56 -39 -88 -53 56 -54 25 9 64 -74 2 -67 84 -62 -33 31 -86 81 -2 -21 8 -29 62 97 -37 86 -44 37 -23 31 61 74 22 -93 -57 -58 -58 -7 -90 -73 -70 -12 9 21 -89 -65 54 100 27 56 -97 71 -82 -19 
-85 55 -5 -42 29 -39 31 18 2 100 -36 -79 -39 -14 7 6 -94 -36 30 -88 76 -79 -64 -34 70 -64 -17 41 61 -71 -24 54 -42 82 -17 97 -59 51 -80 47 69 -40 75 40 86 -87 50 14 74 -63 79 -63 -14 4 -3 -11 86 -3 52 7 -18 62 48 -88 -73 70 58 10 -94 -60 -64 -46 -45 -99 -100 38 60 40 -53 49 -72 -95 20 69 2 
-14 32 -88 74 -94 -77 -99 53 85 -39 48 -30 55 -43 -39 -3 3 42 -1 -7 39 -23 -90 47 7 16 71 36 50 82 89 60 1 4 94 -91 -93 57 -92 78 90 -32 -62 12 88 -44 -80 -98 -18 -15 79 -37 52 -16 40 86 -3 -69 6 -47 -25 -4 37 32 18 4 39 -100 -16 -47 42 -98 -20 -56 -9 -29 -90 -13 44 55 25 -3 -7 65 53 
94 -53 -67 -21 47 69 -24 -70 14 9 -17 73 -47 -27 57 -41 37 -98 35 -34 -18 35 -98 36 61 31 -81 49 -95 -2 -82 52 -66 -69 -30 76 -11 -90 -66 41 2 18 -57 52 -16 -46 34 54 9 18 34 -22 30 42 -60 30 34 -34 6 -37 87 18 82 -52 97 -100 35 -36 -18 -2 -7 -40 -24 35 -78 -62 -88 61 -33 -11 -92 0 58 -14 -77 
53 -26 -46 -75 -10 -5 34 -77 37 -10 63 -45 30 81 -11 -97 -86 1 -58 -37 -18 -58 60 -50 -73 90 -9 -1 39 -24 46 14 -70 69 99 24 -48 -18 36 61 -94 14 -52 29 -30 10 70 -72 95 -53 18 -43 -35 64 52 -49 -54 -29 -68 64 51 -64 39 38 -89 17 -12 54 -9 87 -91 66 80 -10 100 -93 76 23 -84 92 -73 -42 5 -100 -52 
74 -36 92 -28 -91 36 72 24 47 99 -72 92 -10 74 -30 0 -11 58 32 7 20 -69 74 -10 49 85 -2 -99 13 -32 -93 22 27 44 -46 -9 34 67 2 16 71 78 -73 8 -82 47 74 -30 17 -70 -63 -30 -58 -94 -19 -53 -53 95 -2 11 94 10 -86 -31 43 -97 26 40 -92 74 -4 -51 83 -1 -67 2 -81 85 -51 63 -83 25 -98 -87 73 
34 -64 -21 -18 -60 -39 2 51 -35 74 -84 -47 69 -43 99 59 -72 60 -91 -26 -96 -98 -67 -92 74 -75 -34 -70 49 47 26 -33 73 85 -56 -79 61 -39 39 -43 28 71 -13 -41 15 -63 71 -15 20 1 82 95 28 -16 25 -46 21 -47 -68 99 -86 100 -88 2 -1 -58 53 -37 -51 13 -45 31 73 42 -65 -9 -78 -19 0 -93 34 -88 -47 73 -31 
7 4 18 -75 -38 42 70 -5 -45 67 -21 -20 -52 -23 -29 26 27 71 -58 20 7 93 78 33 -23 -36 -51 -12 -63 51 -70 3 -96 -72 -61 4 38 52 -59 97 -68 90 -3 -40 95 96 -91 48 -50 -48 83 39 55 83 -43 17 -56 -44 -64 -85 -13 -61 -72 -75 -8 59 -51 -82 13 -77 -97 -82 -68 -49 -53 4 -62 78 -29 38 38 34 86 -56 98 
4 -35 -57 68 -44 -42 45 88 -96 -100 -68 -77 -40 40 59 48 79 14 4 -51 4 23 -88 -9 -48 6 -55 9 -67 -8 -12 -23 -64 51 -83 -78 -32 32 24 -19 -43 -78 -47 14 -39 56 -17 -92 94 -74 -56 -73 83 12 76 85 -85 -94 26 -72 74 79 -18 34 55 -76 57 -66 66 21 100 -99 -39 -35 -96 27 33 88 54 -55 64 -100 21 -30 -84 
-55 -35 -85 74 -78 54 24 12 -26 -73 84 72 -65 -52 82 47 22 87 -95 87 45 96 89 -77 94 38 -34 -93 66 41 -49 -31 28 61 -31 75 100 -49 33 -39 92 -81 -89 43 -21 -62 83 45 2 92 87 -12 -62 12 -86 -75 24 0 -94 93 -35 -22 -80 40 78 52 75 79 42 -42 -64 -79 -100 9 -42 41 33 3 21 -97 45 32 -20 -50 -93 
1 10 33 23 66 -54 -93 -46 95 -31 52 53 -53 -21 -45 93 12 10 15 -93 -55 90 -53 -76 3 -47 51 5 50 -37 -25 -55 -72 -68 45 73 -33 26 92 -71 -82 -66 -57 -73 44 -38 -68 -1 -32 -74 -87 91 -36 -51 67 -22 -79 -79 47 77 -71 94 -27 62 38 82 -1 32 64 -41 -31 13 57 -37 -4 -39 -49 69 -81 -8 28 71 86 -26 -86 
-100 -49 89 27 78 22 7 -43 -67 -57 56 -56 -47 -47 9 3 -12 93 -88 -35 69 24 16 -60 28 28 -8 -32 53 -25 -30 -14 -54 54 -65 30 -80 45 -19 -17 -71 17 -23 -89 -91 -92 71 46 44 -11 45 -3 -3 -10 16 -19 -9 18 87 19 84 -96 9 -85 85 34 8 -87 -47 -76 -95 -69 -40 42 -34 -25 29 -43 3 81 -55 -38 31 63 -71 
-9 56 63 10 42 40 92 4 -91 84 -5 -41 4 33 44 -63 97 -41 -51 2 69 -10 -49 -42 45 -6 -37 55 -49 50 -81 -49 -87 52 60 32 15 12 62 76 94 81 -39 -74 -82 11 -24 -71 0 89 -30 -92 81 53 26 53 -100 -30 90 68 96 -31 71 7 10 41 63 -67 38 -33 47 -84 75 79 93 23 53 -100 -24 13 -28 25 56 6 39 
-42 -47 68 22 -83 39 -87 0 88 42 68 -94 73 -81 -33 -65 91 -54 -42 86 88 -72 10 86 -31 -63 -96 -56 1 -47 55 -97 88 17 -16 38 87 7 -6 -32 51 -25 -66 -88 51 92 13 -48 44 66 47 -15 45 -51 53 61 82 -80 67 -43 30 -61 -24 81 -65 99 38 -26 94 -43 -79 22 -30 -60 -43 71 12 55 -27 18 -22 57 -90 -41 61 
-72 36 53 62 32 -12 -25 -12 -35 -51 93 10 25 85 -1 -89 -84 4 2 -68 16 -58 -86 -37 35 -69 -31 89 -98 -80 -17 19 -57 16 -79 95 -16 66 67 -89 98 63 -31 -57 13 -82 -85 -59 -73 -19 97 100 -2 -31 -41 -49 -71 56 34 24 4 -25 86 74 69 99 60 45 32 -30 84 94 17 0 73 65 90 70 -15 -67 53 0 49 4 -84 
95 0 38 10 -35 29 37 63 25 -39 4 63 -82 -67 -32 -55 100 16 98 -2 68 87 -23 -89 66 -44 -10 94 43 -46 -18 -69 24 99 10 -35 40 -31 -56 27 18 -9 -85 -4 79 -81 -9 71 13 34 22 0 14 -15 8 21 67 64 14 -53 -50 26 -45 38 -32 19 1 -27 -13 -64 -31 24 85 -43 -53 -78 2 -20 83 -39 -28 61 -24 1 91 
27 -93 89 63 89 -62 -22 46 -48 49 9 -41 -38 88 -29 69 -84 -46 6 -51 -76 -73 -11 93 -66 90 -49 -57 -66 14 82 2 -30 -33 -12 -54 85 7 -58 -4 26 -48 36 -40 -58 52 91 -82 86 50 87 81 56 85 -57 54 -26 23 0 -39 44 -74 -100 -54 13 47 80 -2 -25 29 -35 -14 -40 -66 55 85 -89 75 -48 -26 -21 -79 -64 -41 -3 
-48 22 -84 20 -97 -10 -85 65 -65 28 98 -88 -35 -49 2 4 -64 -81 22 -20 -22 -66 100 33 30 71 -97 -3 -64 26 -55 -47 -10 -6 -72 68 -48 -75 -69 56 -91 -82 32 -79 -10 -17 -89 11 -77 -36 94 53 -70 92 53 96 -24 20 -4 -56 70 18 61 -75 41 33 56 43 -99 97 35 -82 73 36 -14 -47 61 -82 -95 20 -20 84 -17 37 32 
64 -26 -69 40 -39 42 66 91 -37 14 -61 -49 94 -17 21 -61 49 -89 9 32 71 68 23 -100 -54 -55 -62 54 80 66 -75 41 17 46 70 44 24 30 -93 8 100 1 -8 33 64 -58 24 -14 54 -57 -39 -48 -32 -4 -92 52 -92 -34 78 -27 68 57 7 0 57 -34 49 41 59 -15 76 -39 45 -59 85 -59 29 26 -69 100 -53 43 23 -44 -63 
44 -63 72 57 20 82 -21 36 68 -84 -100 77 64 14 -76 88 22 72 10 50 36 70 -14 4 36 53 -49 11 -34 -7 -91 70 -42 53 34 -17 -94 28 26 43 42 -37 78 -91 10 24 6 27 41 -76 -77 90 76 45 -36 33 21 33 2 82 -24 -24 38 51 84 46 -54 -44 57 37 -99 32 1 41 -38 -39 36 84 -31 -89 -13 -51 -85 23 -93 
-48 -72 2 -60 -92 -13 94 25 34 -21 -76 69 -82 -22 -68 -51 -98 98 -6 82 -38 61 -94 98 98 -67 -17 1 56 -17 87 55 79 -37 24 69 50 -8 96 -56 63 -84 -4 16 -31 98 -37 80 82 58 39 -76 89 92 -42 -59 51 53 90 36 80 40 53 -4 7 18 -64 -68 3 -42 -79 -44 -39 -55 -56 21 -49 72 83 18 56 -18 -39 -52 19 
100 55 -37 95 73 -8 67 -87 45 76 2 23 -18 64 84 70 64 -40 38 71 -27 -80 10 9 74 0 64 96 -46 25 -60 35 77 -83 37 76 -36 -66 63 -36 -6 -49 -23 -74 17 3 2 83 -11 -56 4 67 -47 56 1 85 -37 -92 45 60 -32 87 -22 -50 12 -69 -85 15 -28 -26 -99 -46 -61 -83 50 87 -55 -81 45 -28 -91 -61 -1 65 -51 
8 -71 -49 7 -100 8 -63 -15 35 2 64 -53 36 -92 -22 -54 -82 0 -96 76 67 91 61 -23 -37 59 35 14 37 -90 76 -65 -40 39 21 -67 11 -97 22 -56 -72 -12 79 -89 -3 -59 -3 -25 79 34 65 -88 -6 59 53 56 46 5 -72 -81 16 26 -65 27 -84 37 27 -72 -92 -34 41 -6 -64 -82 56 -90 -6 -25 33 10 -75 -22 -87 59 -87 
-19 42 90 49 -58 25 -61 51 81 -76 -52 99 -25 -72 13 11 -13 57 -19 39 90 100 -52 -31 20 -62 -61 -35 -19 60 -64 -39 64 -8 46 -26 -87 51 7 83 89 -88 75 79 -25 -57 -93 7 86 -77 62 25 -15 29 47 63 58 65 -96 64 -91 76 -37 -92 -64 -63 92 -61 -45 24 14 -8 -43 52 71 -19 -54 52 80 99 65 74 69 -51 -28 
-89 -93 53 50 73 -86 99 82 -30 -32 -30 75 97 92 -85 -100 23 -16 91 57 -14 0 -42 97 -75 39 48 20 2 -100 -57 -80 56 15 73 -87 19 -48 47 -29 89 69 -31 5 61 -53 -53 6 17 73 1 53 -92 -79 -16 25 82 -100 50 90 30 18 -77 -55 5 -70 -6 -68 72 -18 62 42 -36 33 -55 -57 16 0 -20 -75 72 -46 67 47 44 
-79 80 67 12 4 2 44 25 -89 -85 66 -64 -20 -62 81 -66 96 81 60 -5 -45 -24 10 -65 77 -88 -44 -88 29 -4 46 20 -72 -50 72 -12 -100 57 -74 92 76 69 97 69 -64 -8 82 52 11 -29 41 -85 15 83 -14 -39 -6 4 33 -82 -31 87 -30 -31 -49 -90 75 -70 91 67 -17 19 -94 -11 50 -75 -10 57 -65 -67 -43 -86 59 97 -51 
-100 38 92 58 64 42 -28 40 -67 48 -31 -81 -39 -94 -81 37 14 -64 -43 -49 11 14 4 -36 -87 -21 43 -32 -35 7 -56 61 -3 -17 -26 21 39 32 37 0 15 4 -94 34 -86 54 14 23 -14 9 -59 -13 42 -40 43 -24 -94 63 73 -42 10 11 20 85 89 83 1 87 -10 -100 46 33 24 -27 -12 -28 -86 40 8 88 -24 -21 100 52 87 
-39 8 28 -9 -42 -29 -97 -3 95 65 46 -97 22 -99 -31 -41 -77 -34 63 -92 19 26 7 59 -27 50 -92 90 -55 -47 -4 -47 -62 -28 61 -34 38 -90 9 14 -93 -56 75 -89 -43 46 1 79 10 -27 -63 -29 -78 11 -24 68 -39 -56 -47 20 21 -89 92 -61 -22 61 78 10 -14 58 34 93 87 -4 -45 36 68 -11 98 76 -48 0 11 26 -79 
-82 19 -7 85 77 41 33 86 48 19 87 -29 -8 28 47 23 -17 -50 -49 96 -2 -5 81 -37 -15 17 -39 -3 0 35 -89 -18 46 -42 -58 47 -91 66 22 -35 73 99 34 81 -17 -75 27 19 -76 53 25 -54 91 -30 -1 -58 33 -71 17 -85 -71 47 -90 60 90 -43 -21 -69 54 -74 -37 24 -5 -92 79 13 56 -42 81 -29 40 -86 -75 39 15 
38 -30 74 -57 27 70 -3 -50 75 -75 -61 -50 68 -6 28 -30 -78 -98 -16 -78 45 -16 88 1 -59 88 64 63 90 -57 42 66 -21 70 -40 -5 -99 -35 -15 99 35 -30 -15 -27 99 -1 75 -65 -92 87 -51 50 -34 -48 54 -6 -29 -25 -1 99 2 32 -58 50 -87 53 34 55 58 -83 -61 69 -54 -96 48 -75 -69 93 17 91 16 -25 20 -4 85 
-63 -52 75 53 69 7 72 93 74 -21 9 -12 -81 85 35 91 19 -57 26 85 40 90 2 -93 -93 -20 11 -81 3 -99 -81 38 -69 -40 21 41 -66 -29 -89 56 90 49 -90 32 -47 16 -77 -49 -25 -68 19 -38 -62 -82 -28 -40 63 7 -99 -10 -85 2 -20 -43 80 -15 -58 -44 20 99 -2 -32 24 48 -65 -48 92 -61 -4 -16 -51 26 35 41 -15 
-61 99 -87 63 -85 -39 31 -45 36 44 -29 -73 78 12 8 84 -10 38 68 -74 -17 100 -70 11 -58 -3 -58 -76 71 -4 -86 -48 16 -44 -70 -59 69 -16 2 33 -89 -81 -100 95 -48 -78 -52 -22 10 0 31 -95 -75 63 -83 100 -59 12 27 -15 40 51 -59 85 -13 19 34 -92 63 -82 -22 -14 62 44 -13 79 -63 -19 24 -35 -93 36 34 32 22 
23 26 99 20 100 -38 65 100 -43 -20 26 -83 42 66 -7 -74 -32 -53 -79 78 -2 24 41 58 80 -33 -9 -10 -91 -25 -34 6 -99 74 -75 89 -78 -22 -46 27 -41 85 -31 32 -33 24 78 -8 -1 -10 9 -22 -77 -91 62 40 41 37 91 44 -38 -22 26 -32 -93 -26 66 -13 -19 99 -12 95 -44 -52 52 41 77 40 44 31 -62 100 51 24 19 
5 91 90 6 40 51 50 77 -50 38 75 -99 72 49 11 100 -77 -16 6 70 60 69 -48 -34 -20 -1 99 87 -15 -54 34 90 -84 58 88 100 7 -93 -33 -61 33 80 -58 -21 90 -61 21 21 68 13 53 95 57 -23 -77 8 -61 71 6 -42 60 41 -70 -35 -67 -70 -36 -36 51 -56 -7 54 99 -4 62 -37 -47 -82 -62 -59 -95 -30 -35 54 41 
-71 -52 -3 -91 -24 98 95 25 -79 -5 -15 92 -66 36 45 -74 82 -6 33 -61 -38 -67 -92 87 29 -40 -90 -98 30 43 -12 -59 -7 -73 -62 89 10 53 53 72 88 -94 52 -69 72 79 -15 -81 64 73 11 -88 -26 44 66 88 2 26 -27 -30 -98 -27 40 -60 42 -58 47 63 -33 -7 21 40 -27 -24 -66 -52 -57 -94 -79 -52 -13 94 35 59 85 
-89 15 -30 8 91 77 -100 66 28 40 98 -4 44 -87 85 73 -82 53 -5 49 81 8 -25 -20 36 91 36 -72 -48 6 49 7 -32 100 84 -62 -50 64 -81 61 3 17 30 26 51 69 -27 44 -56 -18 -95 -81 -16 -7 -38 -77 14 -65 41 60 56 -29 -62 -76 10 37 53 51 37 -14 -69 3 -13 29 -98 -94 -81 13 53 -76 -78 58 -6 -98 -49 
-86 -63 -39 -78 -78 -30 -80 35 -39 -94 17 36 -80 99 -41 2 55 75 -87 66 6 -84 -16 62 56 20 -58 57 -97 39 -98 20 -26 66 72 -48 60 91 17 28 -34 2 93 -41 -40 -79 -71 25 55 67 65 61 -87 -43 0 42 54 -48 -18 -45 -96 -7 -38 95 99 -12 -88 53 79 80 -65 -54 -81 -32 80 -53 -93 21 -32 61 -49 -37 -61 -95 -58 
92 16 74 -74 41 -55 29 66 9 75 -45 -72 56 26 46 59 74 85 -94 16 91 81 -8 -36 26 -74 57 64 -90 -86 -98 45 -20 6 87 8 -92 -86 77 -50 -67 -99 -57 2 6 86 -75 -27 -56 43 94 -59 -98 40 -42 -61 -89 -64 69 73 5 -99 -35 20 81 -56 4 27 -34 64 15 29 51 15 -45 -69 -85 -92 -38 -25 -9 -58 -4 80 29 
11 8 75 -74 -37 37 -50 -50 13 -54 -62 -79 -89 -71 83 44 -87 41 -78 -47 -53 -31 6 -40 61 47 1 49 7 72 -67 82 -51 -45 -70 7 -97 -82 -77 70 40 -48 53 65 -99 -98 -63 13 90 -52 1 2 49 25 52 97 -19 90 75 -86 75 80 80 43 50 99 -18 53 34 -76 -96 -83 -5 34 -84 -12 -65 16 63 83 -27 -81 -77 23 80 
89 -34 97 89 -94 17 40 75 -54 -73 -96 -91 -17 -19 -64 -95 63 -34 -6 28 -74 85 -91 -14 -13 100 -10 54 -75 86 -8 82 19 9 -88 19 -31 -40 -56 39 100 -82 94 -64 39 76 78 -46 -59 -25 11 -100 57 -89 79 -93 53 69 -38 32 -52 56 -1 -99 72 15 -63 38 77 25 -60 72 37 -22 -5 81 -53 -59 1 -55 -28 -83 11 34 0 
35 60 -78 -26 -49 68 -45 61 -22 57 -55 4 -88 -2 37 1 -8 32 -54 55 56 76 70 -12 33 53 -71 -60 44 34 -28 60 21 -16 65 0 68 55 -73 -69 3 88 -84 14 72 49 58 13 38 -24 67 71 20 99 4 -85 -69 62 95 -32 98 43 55 92 81 -7 -13 95 -77 -92 89 90 -13 53 -43 41 -50 33 -61 -43 -27 -89 -47 5 43 
29 66 56 -24 -97 -77 45 -39 41 19 -45 95 -51 61 35 58 61 -33 9 77 15 12 81 -79 66 57 -70 -62 64 92 97 -64 -100 -66 93 82 -50 45 -90 -54 3 4 -97 -28 91 52 -45 56 -38 56 52 -94 40 95 -69 1 -82 74 -98 50 100 64 -58 -21 56 67 -25 93 -9 98 42 42 48 36 -47 63 -53 34 -26 -89 56 -93 -62 -23 74 
74 49 3 -69 -12 -18 61 69 80 -89 47 55 35 4 80 29 -21 -99 -45 19 15 -99 49 62 -21 16 16 70 -85 -81 8 27 25 73 -2 78 -1 -14 19 -3 51 78 77 9 23 -4 63 39 -88 -10 -27 -40 88 55 45 -86 -11 -40 28 -48 -5 32 -38 17 41 -76 52 -1 -98 -49 34 63 -89 96 98 24 89 -64 -16 73 51 -49 -46 -95 61 
69 24 46 93 -62 -13 -68 15 0 95 -22 57 -28 63 59 72 -58 -99 70 31 28 34 -15 -72 88 -95 10 -9 -6 -59 -47 -90 -100 8 51 47 59 -100 -26 -27 -80 -69 25 41 -35 -76 46 -91 -91 -18 -41 77 20 -26 33 -35 54 -49 -40 81 -45 -34 -39 80 -39 -73 60 -52 83 69 48 -27 49 13 34 95 35 50 11 -65 49 -19 23 11 -21 
