-21 -99 52 38 45 -44 8 -64 -52 -65 -76 -86 6 28 -8 -56 -52 -22 97 81 5 -96 100 -67 -36 -95 -56 -43 5 -15 -73 -14 -51 78 77 63 7 36 1 -22 62 97 -41 -75 -63 92 -18 -18 -95 -89 -55 86 66 -25 -15 -95 -78 -47 -13 29 -47 86 -94 -65 -60 46 52 -13 -44 -38 -4 79 -88 60 -42 30 -72 5 -2 45 68 43 -66 80 24 52 42 -25 
-10 77 -45 -41 -55 -99 -58 13 -99 57 -9 -45 -73 -58 71 45 77 -81 85 -55 83 70 94 -3 -23 -73 13 50 87 -34 -18 -87 -32 47 38 -73 -17 65 11 -56 -38 -79 90 71 -15 37 -18 7 -76 -72 -10 93 80 -6 83 11 -40 -74 -5 14 7 45 -78 64 61 -3 -33 36 -21 -32 64 -100 67 78 24 -61 -76 -14 -49 -85 -19 -68 93 57 16 -66 22 1 
54 -1 83 -90 -73 -89 100 94 -36 100 -59 17 34 -100 -79 -4 -31 -91 -80 -99 -1 -52 2 57 -28 61 19 97 49 37 -9 86 -1 54 -26 33 59 56 -68 -19 50 23 -80 1 21 -97 -66 28 57 -66 -7 -69 34 3 -88 20 -72 -4 28 78 61 -41 62 57 24 31 -54 45 71 36 -21 13 19 70 62 -29 -79 21 28 73 75 95 0 -72 68 14 -21 26 
-73 -58 8 3 -19 8 -89 20 96 52 33 -41 -40 100 41 61 -86 -63 -55 -23 -97 -31 20 -69 -64 62 -30 -23 81 -90 28 -39 -3 26 -55 20 -23 46 15 -12 10 94 -86 34 -74 -12 -32 -84 -55 -91 -62 -12 15 -4 72 80 -23 44 42 52 51 73 97 73 98 49 -83 -28 50 61 -59 -96 -44 -71 4 -66 81 56 0 14 14 -23 33 55 12 16 6 -35 
-53 -36 -73 -19 99 -12 -85 17 -76 17 18 79 -94 -79 25 -34 9 5 52 -31 -36 -77 64 -47 -36 89 -10 8 53 -65 20 63 57 -66 90 -40 3 13 -41 -79 35 80 -60 -42 33 28 46 21 -96 14 44 -70 44 -100 8 12 83 -77 -43 67 -67 43 55 -26 -8 -96 -63 -17 14 56 42 -50 46 -62 9 32 -8 56 -72 -82 91 24 15 -34 17 37 -3 65 
-38 -1 -22 88 77 -95 61 -62 -52 55 97 -38 -66 64 38 -18 60 -87 -93 -84 -29 44 -2 -58 -91 -52 -39 -88 -48 99 84 -69 23 -48 81 70 -27 19 28 30 -69 -89 34 67 43 79 44 -13 3 39 -94 -48 -93 80 -33 35 -40 58 -90 92 -17 -83 98 -60 6 56 -78 49 -28 61 3 -68 18 14 71 -47 -60 -100 -84 -23 51 -39 -100 -80 16 74 -33 -43 
84 7 50 -18 86 -84 11 16 55 1 48 -2 -75 -36 -77 31 96 -6 -10 -84 92 22 -97 -52 -40 14 -79 89 42 -71 -35 49 -13 -69 58 -46 -89 -39 16 -17 84 -78 -100 -76 -74 28 -7 40 -97 14 85 -72 34 -39 100 -8 -10 -2 -69 50 10 -41 79 5 37 -79 -12 -81 3 88 -14 -3 82 42 12 -83 62 -98 -30 -42 -44 -32 5 95 34 -74 43 -92 
84 38 40 47 58 90 68 76 90 16 -31 55 -25 99 -53 88 98 43 -64 84 -53 14 -55 91 -83 84 -9 -40 8 74 90 -72 28 -7 -67 -72 15 19 82 17 -54 68 47 -62 9 -5 33 80 -82 -77 -89 2 -67 64 -12 -93 60 -51 -42 -77 -7 -5 -71 99 37 -50 -49 -55 -94 -92 34 -36 -12 80 95 5 78 29 40 30 73 85 19 -98 -7 -34 30 76 
-84 -22 -40 -51 -13 2 -27 20 55 -88 -39 -15 14 -25 -21 23 41 16 -84 -35 34 -28 -18 88 -20 77 66 18 -21 60 62 17 -72 -43 -31 42 31 -61 92 -60 34 71 -20 80 4 -27 11 -40 -83 87 -79 51 63 29 41 72 26 -48 23 -40 -34 56 -23 -57 -73 -67 -80 -78 63 -54 -32 -32 88 -72 -94 -78 67 -23 -25 -22 -9 95 87 -35 -76 53 57 25 
-67 72 79 21 5 -33 -77 20 16 30 77 9 -86 42 2 77 -92 7 -69 95 -79 -55 99 35 50 -28 93 -86 35 58 76 77 -47 -95 49 93 -29 15 96 -98 -12 -53 -85 -46 30 -38 -66 -66 -29 96 26 -1 -19 -2 -72 -8 -29 16 99 -58 -99 43 -72 -57 -37 -50 -43 68 69 -27 50 -45 35 -97 76 85 28 25 -84 -25 -6 92 -51 -29 89 -88 -6 -81 
-62 -29 88 97 -3 -58 76 84 -77 -60 70 8 81 -11 47 91 -46 56 -72 48 -65 90 50 96 -62 -67 -68 75 -99 -9 -27 22 -26 61 -45 -2 -74 -43 78 -66 -2 -86 -56 37 79 36 -26 41 38 4 67 -88 61 44 29 40 65 -29 39 -16 10 -54 -62 64 64 -87 64 -59 -53 8 78 -94 35 -14 -6 14 19 -48 40 52 -88 -15 60 26 95 44 45 14 
-18 -20 45 64 -50 -94 -50 33 -4 -15 93 -100 76 -39 -29 -82 52 75 60 67 -41 5 5 -92 -35 47 -26 73 100 27 93 -63 44 -37 -100 -39 44 -66 -18 -57 97 -19 6 -37 -58 85 -21 -22 41 -82 42 -36 -46 -11 82 -19 62 10 -78 89 70 -28 100 -31 97 50 58 -39 42 74 49 71 -72 -74 64 -79 -11 -24 -45 59 -26 71 5 -52 -77 57 15 -95 
-42 -91 -84 -62 39 -9 -54 31 20 -27 -72 56 40 -41 -42 41 -73 77 -1 -12 -32 -32 59 -79 -71 -28 -22 -95 -47 80 -57 29 -48 27 3 -70 -46 66 60 -2 -79 -42 64 -32 51 44 -33 40 67 84 92 -74 -78 5 -48 -18 65 96 -65 -58 -89 -63 -67 -51 -23 54 -50 -95 48 -37 -93 -14 76 25 63 43 -6 54 70 33 -100 53 56 -99 -22 -51 -38 76 
-31 -70 67 -98 4 2 -9 -85 41 39 -24 -32 27 97 -44 -93 8 8 -54 -58 97 -53 79 -99 -69 53 25 -59 -37 9 -23 -37 3 -68 87 -55 -60 78 8 10 -58 70 68 28 -43 67 -71 27 -66 -50 -33 -88 -38 11 -58 -58 -83 63 54 72 90 -53 45 38 72 16 -72 8 -57 -97 75 63 55 -1 42 -60 -34 51 41 87 90 93 -17 100 -57 -93 -38 83 
-4 29 -89 16 -39 -94 16 -28 36 10 -79 -21 -35 9 79 88 -28 82 9 64 49 18 16 68 -88 -49 62 88 42 9 -65 54 49 -91 -5 68 -6 18 -69 -84 57 -46 -84 -40 0 -26 80 40 24 -22 -84 6 -75 -9 90 41 69 -53 -42 88 -95 -71 -100 -59 34 19 87 15 69 -22 62 84 29 67 33 -64 -46 -50 -42 16 -45 60 44 41 17 40 -99 -56 
37 -91 17 -52 -43 99 16 -65 -92 20 -78 6 -67 -40 -14 -57 92 42 56 85 -45 -65 48 11 72 -22 -60 16 -80 -33 8 90 19 -67 -6 -34 -30 86 33 57 -27 14 18 -94 -2 -11 -30 97 -15 -74 -88 -8 -73 -96 -66 72 62 -52 -46 79 -60 30 -55 -83 -73 22 -86 21 69 -97 -50 -65 46 25 -55 -51 82 -50 -55 -92 83 -73 40 -38 56 -2 0 -93 
66 -25 -49 -57 -15 -52 -40 16 94 -30 37 53 -16 26 75 68 -31 33 68 -24 -61 20 71 74 68 89 -67 77 -43 -83 25 -52 35 -38 88 77 61 2 38 36 41 -9 16 76 83 -21 50 -75 -58 -47 83 -77 -52 72 -38 -56 35 -40 -58 -97 -50 73 -68 8 87 60 -38 26 82 66 52 37 -1 32 -89 77 -4 46 100 37 84 -33 65 48 83 60 94 -17 
92 82 -10 7 28 -4 -99 -7 39 -13 -78 13 29 -71 62 10 -80 31 -100 47 31 -7 38 -77 26 -11 19 94 -16 -77 68 32 75 -50 95 -2 79 0 -35 25 5 -49 8 -28 -73 63 28 39 86 -36 -63 -46 71 -34 87 -35 -19 48 39 -88 -79 -81 -38 61 76 23 -41 92 12 -51 -75 -49 -88 -58 40 -95 65 7 78 98 69 85 61 0 65 57 -79 -38 
-2 42 -31 56 57 80 -61 -32 -19 34 19 -41 80 -60 -90 17 76 -82 -48 -20 -14 -83 -12 19 42 3 -96 15 7 -72 19 79 -16 -32 22 81 46 -55 91 -19 60 -98 60 84 57 -21 94 -16 49 -83 -82 89 76 -73 -84 60 -71 54 -94 29 -98 -23 -20 -67 70 -27 7 85 88 -81 -16 -59 32 -39 32 50 61 -74 2 -48 -63 -35 11 63 16 -81 56 38 
-91 64 -87 -52 -27 46 60 -78 93 24 -95 89 18 54 53 43 26 -85 -56 -43 87 41 47 -15 -73 55 26 45 88 63 31 -34 -78 -7 -59 49 -52 -80 -82 -62 -35 0 -91 -94 -2 -91 -16 20 -37 88 53 -47 78 30 34 87 84 -25 -24 -50 -13 -91 19 -4 -44 90 -20 15 -47 -20 83 18 68 12 -37 -33 -4 81 -48 65 -7 -79 -69 93 12 65 96 73 
-39 -42 -56 -92 95 61 -35 25 57 -38 47 65 -30 -66 26 49 -21 92 -41 18 20 14 -97 -89 -58 -62 -70 -31 78 -63 -87 9 87 -74 -31 -64 -95 -64 22 -93 61 -38 -52 -92 7 63 -90 -64 -77 95 -61 79 -69 82 -79 46 -81 52 69 73 -43 41 -49 33 7 8 -15 29 62 63 84 -80 -54 95 75 -55 38 -13 2 90 61 -5 9 -69 -78 49 -88 25 
-56 75 -23 17 58 -10 -70 95 -6 59 93 52 -99 -27 87 -2 -85 27 -83 95 -7 -53 -69 -75 -12 25 94 61 -82 -96 13 -16 64 92 51 -56 -54 65 74 -17 37 -10 85 89 -51 -79 15 -91 39 82 59 -39 -20 -34 -3 24 93 65 -34 26 44 -33 16 47 6 27 -28 -48 81 41 82 22 -74 61 -46 -57 -16 50 -25 61 -15 -21 86 49 -50 59 7 -38 
-35 31 64 -13 13 75 72 -32 -85 68 -6 40 -99 -3 -67 97 26 83 55 96 43 36 58 -62 -92 9 -16 88 97 89 -92 -97 -49 7 -21 62 91 91 -47 88 -72 41 73 -58 9 64 15 4 98 -81 45 16 -99 36 -16 25 -20 -40 -2 21 46 -36 -38 5 27 24 -13 87 65 89 -94 -34 82 -52 36 65 60 -65 30 87 -51 -82 -10 81 48 2 -7 -88 
-36 67 -27 -87 -15 31 -2 87 -90 37 -55 8 -50 64 54 -22 -48 -10 -14 15 -4 86 -70 30 44 -75 -12 91 72 5 -8 -66 48 -29 16 1 -17 -94 75 17 -53 3 86 79 -45 -83 -66 40 43 -87 39 40 93 -5 -20 54 38 91 4 57 1 -26 19 40 14 11 -67 -27 -13 -40 -37 -89 -76 -53 -75 33 65 18 -94 91 88 91 8 4 42 26 -3 16 
-87 -1 91 -30 -36 98 -35 -54 -35 100 42 100 76 -60 34 -3 16 36 16 -31 4 34 27 15 14 24 -42 70 98 12 -37 2 56 91 -93 49 87 35 -6 29 -4 52 -41 80 85 88 -75 88 -89 89 22 -44 -89 -2 97 64 13 86 72 -77 15 -2 29 -19 -81 21 -79 -31 62 47 -13 -65 57 100 59 95 -68 98 -92 -73 8 45 28 -95 -13 39 81 67 
-75 -81 -28 -93 -4 -5 -21 5 -66 93 17 24 20 -18 35 -52 75 92 61 78 -28 -21 33 -4 6 18 25 -88 -94 -53 -3 -55 32 95 61 40 31 26 -67 17 -41 35 -16 11 64 -72 44 -90 64 -5 -64 89 99 100 -23 30 -42 -93 -64 55 -37 -92 -65 66 -42 -87 25 45 46 51 -26 50 -82 60 -37 -2 -5 29 45 -45 92 28 -5 -43 26 -19 -80 -46 
-78 -50 61 29 -34 -85 -70 45 -57 -32 -65 -82 45 73 -97 -11 91 55 69 -22 -81 -94 -80 -52 -68 -10 -58 -22 71 -62 26 -13 -33 21 61 31 -80 53 25 39 -98 -89 -66 8 65 20 -28 79 76 -40 22 -10 39 9 -18 -68 85 27 -38 -72 -95 6 89 -57 32 -70 -86 70 74 -35 37 -4 -24 62 63 -76 -89 -24 94 -66 -78 35 -92 34 67 56 -88 87 
-36 44 73 85 18 72 0 -78 -4 73 68 -57 77 34 -33 87 -88 -64 60 -82 71 -81 25 54 -28 -55 99 -49 -16 -93 -39 37 20 -52 -87 11 96 85 -67 93 -55 15 -49 -19 72 2 -94 -8 -65 -86 -77 42 -51 -41 -9 33 -78 8 94 -49 27 90 -48 31 -24 2 91 0 10 29 28 -99 -55 -64 37 -44 -3 0 -13 26 -54 70 -69 -84 -19 1 69 80 
-46 42 80 -100 1 39 -48 -36 -15 91 -78 34 30 -27 -42 90 19 -35 -82 13 -92 15 79 68 -38 49 -78 -2 76 89 13 -14 -22 82 -40 7 -71 -49 93 -28 74 -96 78 -55 -25 -72 -1 84 81 -36 80 -41 27 -23 -62 28 -7 3 -57 -58 -77 79 -2 -60 -3 -99 -1 23 -60 -99 3 22 40 45 21 -50 -86 -15 -75 36 17 55 -11 -11 -2 -77 47 -89 
-52 -23 -94 -38 48 -45 -49 7 31 47 84 -14 27 69 -45 -80 41 38 -48 35 47 -91 -93 46 -18 4 -25 1 -20 33 97 34 -15 -51 10 41 11 -42 -51 44 -34 24 -40 84 96 -17 -86 70 -12 -85 97 -90 71 22 89 -72 86 40 -15 55 93 44 -72 -78 80 -77 13 41 18 65 50 81 13 -98 -17 1 -7 -78 45 -6 35 14 45 16 -55 25 -88 -86 
-3 77 21 -17 45 39 7 74 -45 -24 86 65 29 -18 99 40 38 -72 -71 -52 -81 87 -15 64 -40 44 95 2 36 -25 -71 -3 -59 36 7 -75 -29 13 52 45 -28 56 8 3 57 -10 -79 -77 -97 -62 44 -30 18 21 70 -68 -48 -93 -13 7 -95 -52 54 -39 -40 60 -60 -76 52 -93 -97 -98 71 -11 -58 51 88 45 -27 -14 -16 49 -18 25 57 15 -83 -73 
-3 -41 97 54 32 93 -47 -43 21 20 69 50 86 81 99 57 -63 32 -44 2 -21 -14 -4 72 93 34 -53 62 77 -1 28 -92 0 2 18 58 29 89 -67 -40 79 -63 -95 75 51 39 29 96 17 87 -34 57 31 -93 -30 -9 73 -14 68 -92 -8 20 -18 -31 -83 -74 52 -58 -60 -57 -93 -77 -3 -21 -89 39 71 10 -89 -30 99 -41 40 71 -61 -31 23 16 
63 -86 69 -98 -48 16 -91 13 -19 49 46 -82 89 -73 -38 60 23 19 -24 56 -93 24 -17 -91 -48 77 61 -95 65 36 43 -94 24 -76 -62 95 55 63 52 -26 -76 70 73 24 -6 -86 -96 84 -46 85 -89 -41 -29 -13 67 54 -71 -39 51 24 -60 -47 35 10 -70 31 -16 -60 -75 76 -47 51 48 99 -24 -79 -49 -94 63 64 -17 61 -58 -99 -47 -36 -85 4 
-26 100 -35 45 92 97 47 92 -64 10 85 6 -9 34 -60 -48 -6 -53 -56 18 29 6 60 94 21 -25 65 30 -27 51 59 -98 45 68 36 -23 47 9 27 -13 47 86 36 -22 28 -45 -76 -7 -41 32 54 -74 66 -64 -7 77 -58 -99 91 -30 4 59 46 24 -7 68 -63 24 61 15 2 87 -31 42 -14 -24 46 45 -93 -48 63 -2 -5 -88 52 45 41 -28 
-23 43 -75 90 -94 -16 -61 37 61 3 60 71 22 -27 97 -60 -34 -64 -31 67 54 -3 48 45 57 -93 63 78 4 65 21 -38 -93 -31 72 15 -9 -3 -60 -52 -75 -29 -5 28 33 -52 -89 -52 40 -24 78 47 -93 71 -20 86 37 95 -19 76 69 -43 -70 -28 -85 100 -87 -24 -51 59 -19 49 69 50 32 -33 -33 80 100 65 -78 3 -73 60 87 -37 -94 -18 
52 80 -56 72 25 -94 -23 -34 99 88 -11 -86 -99 -37 47 -1 94 -9 21 -30 -49 -34 50 -4 37 -10 24 -14 -87 13 79 -85 -93 -39 -14 28 -81 -44 3 -100 -35 -60 -72 11 -89 -46 100 -29 -36 17 90 53 -22 99 16 9 75 41 -44 -71 91 0 6 -57 -78 -86 -28 40 94 90 3 -56 62 -95 94 -26 32 12 0 -33 91 22 -67 -39 -67 3 -43 -72 
-61 -89 6 59 -72 23 -91 3 31 -94 -79 -12 -60 -54 65 -89 -69 -22 -22 -92 -92 80 79 56 95 24 1 1 67 90 -77 49 6 -25 24 -47 -93 73 -55 31 -22 -69 93 -53 -35 55 25 12 -62 34 1 -68 9 96 87 -13 -91 70 65 24 68 -39 49 90 2 -37 76 -40 -84 37 -27 -74 24 -91 56 -34 -81 -22 -56 57 -56 -16 74 85 69 -83 73 -38 
70 -54 76 56 -61 -82 -7 60 -56 0 -43 49 26 -100 -98 -12 -69 -100 -71 44 -16 -67 -65 98 91 96 -95 -71 -36 12 -30 94 31 -5 57 32 -74 36 91 -37 6 -89 -81 -77 44 24 -23 -1 16 84 -54 -18 83 29 -81 -49 -75 47 -70 40 -9 -78 -86 64 29 75 37 71 40 30 93 -84 87 -17 -71 38 -97 68 -64 24 -67 4 -55 -64 -9 -31 86 -82 
3 -10 22 95 -19 -89 -20 27 75 84 -86 -93 -60 48 79 13 -86 85 -21 73 -67 -2 -80 62 71 -13 34 39 -22 34 -71 -55 13 95 -15 94 -32 33 -68 -39 -22 -18 -37 -36 -41 96 50 41 46 96 -75 57 57 35 -3 -91 -73 10 -76 -79 45 -34 -59 11 87 -86 -19 -60 46 -84 64 56 18 71 -76 -69 -63 -59 -7 100 -51 -98 -5 3 84 87 -67 -70 
10 56 3 13 -65 -7 -29 -80 -6 -30 -74 41 22 -1 -16 10 34 -36 -16 -15 0 -92 -18 -27 47 91 -44 92 -35 -29 45 -16 56 -91 -93 -20 -92 -53 -98 23 -2 9 -11 22 65 56 -99 9 18 -19 37 -34 93 -9 -2 -100 73 -87 59 65 -96 74 -19 -40 -34 97 -49 -49 75 -71 95 85 63 32 38 65 -49 -75 -45 -88 81 77 -58 -8 11 -94 87 2 
100 3 -7 70 -20 47 43 76 -65 -87 -54 31 -7 -84 37 28 20 -52 -47 58 97 4 -64 -25 -94 83 -93 88 39 26 26 100 -65 55 -82 64 -87 41 36 -81 78 92 -74 90 89 -89 -31 -61 -70 -47 46 16 96 -86 65 -27 -55 100 21 -7 79 -7 45 -98 -24 -91 -90 -84 -43 -17 54 -74 47 -35 71 -94 -79 42 71 -61 10 64 67 64 -59 48 5 -36 
38 -4 56 40 -58 -38 -100 30 -61 -90 -84 -27 87 -70 52 -72 63 -85 73 -74 32 44 -43 59 -50 49 -57 99 55 -13 34 60 77 -95 -23 -96 83 82 -60 98 -50 1 97 -81 41 -75 -53 -56 -21 -33 -87 -72 93 -48 -2 -3 53 61 53 0 46 98 48 -77 6 -71 77 -63 -61 -2 41 -58 -93 49 -34 -45 -66 23 -91 57 -100 -83 84 8 25 -32 100 -26 
57 54 65 29 28 -98 75 -16 96 94 45 61 -83 47 -20 68 -49 17 20 -85 -84 -31 -72 5 -5 -38 -100 -92 -75 91 -52 12 -19 62 -21 76 -28 -27 -80 -23 -32 -40 82 93 89 75 21 21 68 55 -38 -47 35 -88 73 88 -34 -41 -70 -16 16 20 -29 -75 -86 65 -20 -7 10 -46 -71 43 47 85 44 99 71 42 -7 89 -17 -60 -86 76 75 -100 23 -30 
54 -65 -94 50 -4 -20 -34 24 -91 -45 31 77 -25 -98 70 19 -57 92 31 -98 30 0 -14 -23 55 -61 38 86 -25 -85 2 -4 -2 -73 -6 -32 65 8 89 -70 85 0 -54 82 -49 17 -66 -29 -20 -69 -95 46 67 21 -70 -34 100 14 -78 -81 -62 3 74 20 -5 25 -84 -80 -47 -39 -91 -81 -74 57 -56 -7 97 74 23 -74 3 -34 -3 92 13 28 97 -60 
-85 -97 -55 60 62 -25 -62 30 54 -56 -91 -35 -73 0 -63 -93 -3 70 -73 -77 -66 59 -67 -46 73 85 -93 77 -25 88 -69 96 -53 -46 -100 76 -97 -28 -46 -53 -57 -53 54 -16 90 79 -48 -80 -100 89 4 -82 -83 -96 40 81 -6 -58 -69 23 82 -43 15 75 86 17 -59 -3 -12 88 44 15 -51 -49 76 8 64 -81 11 14 92 4 -29 41 -44 20 -30 63 
82 83 81 -23 27 90 51 -23 -30 95 44 16 -67 51 40 -87 -86 -71 74 -7 23 41 -94 -28 54 13 55 -92 26 -20 -72 -2 13 -66 41 25 -26 93 -77 100 -29 -90 -11 69 -80 -66 56 -85 46 -99 -24 11 -100 65 -92 2 -85 100 0 -86 -71 54 74 -64 -46 -8 61 -74 -53 41 -100 97 74 -25 64 48 -17 10 -4 -33 45 14 -39 99 -5 -63 1 -41 
39 -13 -26 51 48 -4 -78 30 -56 -36 -15 -26 -12 10 -59 78 -3 -75 -27 -5 43 -19 54 -90 60 14 -86 28 8 25 50 -73 91 74 70 11 -9 -27 -26 -59 91 68 -30 32 99 44 -46 -83 -94 58 -16 -79 -85 14 79 77 20 -86 50 -81 -21 -30 26 -32 -13 22 -90 51 38 61 -86 75 16 -74 -67 -61 51 50 13 60 -31 -14 -28 -93 -90 -57 -55 -22 
78 -58 62 36 45 -75 100 30 32 38 78 -78 -75 17 -80 -66 85 -26 2 -7 -66 -68 -36 83 99 46 1 -58 98 83 91 -81 -66 -58 98 72 5 -52 42 -75 64 -40 74 -27 33 -26 -35 -7 64 -88 29 100 13 54 2 -99 -7 73 -48 24 -26 2 100 -49 36 54 60 -34 -43 -29 54 21 97 -23 -98 16 -47 24 -37 92 -82 -82 70 -92 73 -74 -17 -62 
-33 21 48 10 48 18 59 -54 43 45 -75 -85 -11 39 46 41 86 -37 3 8 71 53 15 -2 -47 -44 -30 9 -61 83 52 81 -36 15 -87 -18 14 94 59 -77 67 -27 48 58 -56 -38 94 -65 -27 -58 -62 -95 -24 76 -100 49 69 -5 -31 -90 -27 41 -38 -94 80 37 33 -98 53 53 -82 92 -59 0 -76 61 -65 43 53 -85 58 -38 -63 33 -28 -72 60 -50 
-24 -21 -42 37 -17 31 -91 89 58 46 56 92 -23 -92 3 81 -100 -14 96 -25 -11 67 -6 -54 53 -92 -49 22 89 -5 35 55 -72 -54 -44 -96 -19 -29 53 81 -10 -66 30 -60 -59 49 -36 -91 0 82 -85 -59 -60 -82 43 64 12 71 -51 -44 -75 -46 91 -36 0 59 -3 64 -52 -86 -43 75 99 67 52 98 -3 -54 80 -67 36 -94 48 24 49 11 1 92 
0 -53 -56 -94 53 59 97 38 42 79 -23 74 -14 -20 20 33 -30 -42 36 47 24 -84 -42 -31 15 -22 32 38 70 32 -87 -59 -81 -40 -5 -96 -52 26 -55 -63 82 5 -86 92 36 -34 -36 9 24 77 -57 100 -49 -52 98 19 -82 62 -16 50 -48 23 21 -41 45 -48 41 -87 -67 75 -77 -20 49 53 73 -5 37 -52 23 -23 72 -5 -6 -17 -54 -57 -93 57 
17 37 56 -69 -14 57 53 99 56 98 22 -13 -100 14 -26 76 46 0 44 -32 -8 96 -62 56 -26 -88 -18 43 4 -78 33 -86 -16 28 -11 33 73 -47 -84 47 -71 89 71 -26 -57 74 -40 -85 93 -28 -58 -31 77 92 -97 -2 88 -78 73 -59 -50 -63 97 95 -1 -46 21 -93 -99 -4 -33 81 -15 -6 96 65 67 -45 18 50 -27 98 -35 -83 65 -40 59 -40 
-8 5 1 -84 95 -99 92 -38 -37 -9 -12 55 -100 -10 -26 68 26 95 80 74 9 56 -37 25 -6 -54 10 -92 84 -8 43 48 82 64 -90 -55 51 -21 88 -24 97 -5 31 22 35 -87 28 -99 2 -26 -69 -69 -5 18 40 -4 56 -59 -90 45 89 -54 -100 94 75 -10 -64 -38 0 -5 44 -97 -100 -92 45 20 -63 -44 -23 32 -45 57 -8 94 -7 58 21 7 
82 -41 -28 -53 77 -68 -23 50 -19 65 -24 26 28 92 83 -92 -3 10 -16 90 33 73 25 -23 42 94 -55 16 -44 13 -61 94 8 -9 36 39 -38 23 38 20 -97 -9 -34 -96 1 18 -84 -65 36 97 -86 -53 46 -50 -59 -66 -16 89 -9 59 -76 75 -60 55 38 54 38 2 88 3 -79 -40 -68 -26 35 -3 -77 -36 -4 65 -61 25 63 -77 4 99 -61 70 
0 82 12 -13 53 -69 -46 -53 -3 9 97 -98 -45 43 4 63 -22 -39 -35 -69 -30 24 -4 16 -56 -82 20 73 -82 -37 20 -94 67 73 12 10 3 -96 89 47 11 -24 97 54 89 13 -86 7 -40 97 -67 48 -41 2 -61 -41 98 91 90 -6 -83 -6 74 96 58 92 91 -78 10 -60 -4 86 80 15 96 -69 16 69 58 -2 -39 33 -88 49 -92 -46 -54 -57 
-7 39 36 58 -98 2 62 -19 65 -31 -57 -26 -90 -53 -96 -50 -70 -13 -11 -12 87 74 23 -26 3 -1 -57 -51 11 74 73 -77 62 -8 39 -51 10 68 95 47 87 -41 4 97 -95 38 -16 66 8 50 -64 -86 -50 56 -27 97 90 86 -27 38 11 -1 38 96 8 93 -18 69 93 78 -9 -35 -82 -11 99 8 -24 -85 67 34 97 -74 98 -100 -19 -14 -46 -90 
-96 -18 18 77 47 -19 -33 52 -60 -27 15 46 58 81 40 21 96 35 47 75 -66 -80 -48 54 -11 53 90 46 -44 100 37 89 97 27 33 -18 85 67 44 75 -43 -32 35 -36 81 -96 -62 -14 -62 -32 87 0 74 13 78 -98 -79 -96 -7 12 31 -9 87 46 -40 17 -36 32 -19 -11 -79 -41 70 -25 -55 -57 -37 52 37 72 7 -82 35 72 -32 -78 -92 100 
-34 1 -21 92 -77 93 -46 -14 48 78 -48 -97 80 -24 40 75 -61 -5 45 -6 26 59 -100 35 -47 17 15 -15 -91 27 -44 -71 39 92 47 49 -64 89 8 21 -9 -59 -78 94 -14 -34 -44 49 91 80 -22 14 48 -75 -64 61 -16 57 -14 24 -9 -94 -87 93 -92 11 -30 -16 -2 99 -77 -30 41 -67 -75 -39 -66 98 -24 51 -57 1 -25 68 -19 61 -57 89 
24 76 83 21 90 -28 55 -82 -73 -72 -43 30 33 -88 -78 81 71 21 62 -84 -30 41 -43 91 29 -22 -98 57 16 3 -94 -68 -70 -39 -49 72 36 20 -79 14 -89 -46 -24 10 5 -15 71 -15 -92 22 -90 65 86 18 4 -87 -37 -69 -2 73 30 55 -17 -20 20 -19 54 -19 40 61 17 -38 -9 -53 34 79 -5 27 67 -76 -36 20 90 -95 -35 -37 91 -30 
-96 89 73 -14 -78 36 84 45 -9 -70 -85 58 95 -31 -20 13 61 32 -21 79 -61 -31 47 -44 98 91 18 95 -64 13 -79 -24 79 75 47 -29 -57 63 25 -9 56 4 -13 1 45 -27 -79 -77 -95 55 -50 82 59 -83 32 -19 -68 -63 -83 -6 29 -58 -28 94 -68 -54 98 72 58 83 -2 -35 76 90 6 81 -70 -53 95 -61 -87 -85 58 -61 8 77 85 7 
-98 40 -41 -55 89 82 -28 -36 0 12 -56 -6 96 45 57 53 45 -14 -29 2 43 -48 22 -23 28 78 -47 -28 0 -82 -39 -19 -99 54 48 34 57 30 8 -48 55 51 -3 -3 -53 -77 -96 -21 90 -10 -36 -77 -41 83 -44 93 34 -98 33 -32 -97 -83 76 0 12 31 -90 -32 41 96 23 95 -80 -86 86 7 40 25 -32 -93 -42 -96 -15 10 -63 2 -45 9 
20 72 37 -81 -73 -15 -47 2 -12 39 -85 -96 62 83 -60 9 -28 28 -37 80 -42 98 20 -92 -23 -78 86 31 92 -56 -70 -74 46 -26 22 17 18 -86 -49 82 -33 -50 -8 36 -58 10 -68 10 -63 19 82 -13 99 -73 -76 91 3 -67 -87 -1 -27 50 16 88 74 -61 33 -66 42 82 -30 -74 -10 -21 -56 29 -38 -79 9 -61 97 -96 41 -48 -30 -10 91 -2 
-68 44 -38 -92 -63 63 9 78 1 78 -95 72 -13 52 -71 45 -11 40 53 -81 -84 33 2 86 80 -100 70 -41 -81 -22 2 -34 11 31 24 99 -83 74 -16 -65 -84 -31 -43 85 -49 41 -73 3 -5 7 -79 9 32 66 -75 39 60 -9 16 -41 -37 -58 0 -45 60 -40 98 31 -25 14 -76 94 -99 -36 -38 -23 40 -64 27 -98 -41 -13 -28 21 -59 -83 -75 80 
-99 70 84 50 -62 62 -9 78 -63 -19 9 -4 13 44 76 -73 -38 25 72 25 -45 22 -76 -72 -9 1 24 59 -86 -26 9 -59 -59 -13 -33 9 -89 -82 -92 12 -82 86 27 -37 25 59 -75 36 -6 88 58 -82 5 64 82 -26 68 26 -24 22 95 54 61 -30 37 -74 -11 45 -44 -46 -45 64 74 2 -58 -73 -14 70 -53 -64 -62 58 -39 35 87 44 55 93 
50 96 20 -81 -1 97 37 2 -2 85 -66 0 -58 -14 -58 -53 55 -54 52 45 -53 -41 19 -67 -82 77 4 75 45 -91 -18 -19 77 -91 10 0 64 32 -94 -13 22 79 -68 23 34 53 -39 -15 27 -89 -6 9 -81 -34 -84 54 -36 -24 -33 80 16 22 -83 31 15 3 -33 -26 -88 -55 54 36 -27 51 -7 -3 60 -38 -46 14 -34 12 -8 82 46 40 20 -42 
-27 53 25 22 -16 -82 -79 64 -12 31 81 1 14 19 45 -90 18 -82 -9 -13 -9 -71 15 63 53 -35 8 -6 89 -23 49 -34 -100 -22 92 -31 -76 -77 -51 -61 -43 -2 -57 25 -34 22 45 -68 99 6 -55 -19 -20 64 -11 38 -29 -69 -8 -37 -68 -76 15 9 45 28 38 -37 -35 -29 -99 47 -69 70 51 -28 -80 85 49 40 10 -29 54 19 73 -8 57 30 
-39 93 -53 84 -89 -32 48 -4 -44 -51 4 42 82 -19 -38 10 88 16 19 -7 -76 8 -78 67 -26 78 74 -99 23 -17 66 27 85 -67 45 74 8 -17 42 59 -5 -100 -4 -42 -42 -2 59 -16 62 -57 63 -82 16 -40 -54 -89 10 -54 51 -8 29 -41 35 -4 -75 -88 -54 -44 59 -24 69 -96 -91 -81 -32 54 -61 73 51 68 45 60 8 -33 28 71 -23 -67 
-98 -89 55 99 76 -89 24 86 -32 91 -21 -15 -46 -15 -75 -90 -87 -28 46 -27 88 -32 -54 100 67 74 -46 -43 46 43 -46 41 -77 -46 0 97 2 -53 69 25 9 -56 -75 61 -24 21 85 -91 -10 82 31 -16 40 -94 1 27 75 -23 22 -75 32 81 35 -56 90 -59 -64 -66 -35 41 77 -94 37 -59 -96 46 89 -81 -67 -24 34 76 -54 -8 -83 85 -67 53 
94 -85 53 47 91 -79 67 -29 83 -11 16 28 84 -79 -5 19 56 45 25 -38 -30 -68 21 59 28 -72 -32 51 82 -18 -21 -91 -7 -59 43 -85 -89 90 -65 80 3 -19 -20 -11 -64 11 -17 57 25 84 75 43 84 31 -63 -48 59 13 95 -15 -49 -7 13 -39 -70 99 77 -78 98 59 -89 -14 37 -30 -70 -11 -23 53 -86 -72 -12 -100 -59 -37 -44 -57 -48 75 
61 48 99 -10 54 -52 -39 -76 99 -51 -99 47 -78 -77 64 -95 2 -29 11 14 58 -16 -73 -6 20 70 59 -26 -61 13 40 77 53 59 -27 1 98 55 24 34 -97 -73 46 -56 -77 93 -81 85 10 -53 -22 50 -75 -49 -95 8 -81 35 87 -76 -28 -66 59 9 54 29 59 -5 -24 -16 -55 -91 -1 33 -74 47 77 86 1 -38 65 88 35 -93 22 24 63 -70 
8 -28 25 -23 -17 13 -84 -72 -9 -29 57 -43 -60 77 -63 -76 -9 -47 60 12 48 -2 52 70 16 -32 -56 -21 -46 -5 0 -52 34 -25 -49 -38 -3 -48 97 -98 -16 84 -11 76 -43 40 -89 34 8 80 -52 -71 85 76 37 -97 49 19 -35 91 74 -64 20 18 29 -42 -57 -69 21 7 -86 -44 26 -75 -73 -94 -69 -36 3 40 43 -3 -16 34 38 5 93 -5 
-10 60 -33 76 73 85 -32 -37 70 90 84 -54 -58 32 -17 69 -65 -19 83 19 64 -63 -95 72 47 70 20 72 -94 -86 -59 -100 93 52 -89 -96 -10 32 75 -55 96 -69 -59 14 -46 28 -83 -90 63 97 -45 -46 -68 -76 -94 -89 64 -55 5 -80 -68 -62 -94 -17 -17 17 66 77 -62 -47 -77 92 -77 24 -16 -87 -5 -10 -60 -68 -92 94 99 71 100 -12 74 74 
6 69 99 14 -90 93 -50 -83 -5 -81 -15 71 81 36 -72 44 28 -27 -22 69 9 12 -75 40 -99 -36 95 98 -62 90 -4 84 -34 -51 39 28 -60 -85 -48 -56 -36 -86 -28 -86 -62 43 82 -38 62 17 -94 -100 81 25 -98 81 91 0 -12 28 50 70 -27 66 -70 -6 93 59 -95 18 -34 -14 53 -87 -39 -46 -6 78 -95 -44 -55 -35 83 -57 81 7 -11 -98 
-11 -20 88 21 -9 55 -37 15 25 -55 12 -78 93 53 17 -82 -9 -83 -24 -53 76 -61 -64 -83 45 -89 27 28 38 26 39 -17 -60 -35 76 41 -61 -87 79 0 9 -20 -82 92 80 -63 -29 3 54 -43 -91 51 90 27 56 -75 23 11 47 84 83 -59 17 85 32 41 -19 7 -26 -31 41 -68 -97 -23 97 -46 70 97 55 74 39 16 86 -8 -74 -75 100 8 
-31 91 -79 56 -99 4 38 -32 32 -86 64 -70 -53 64 -78 -26 75 71 -34 62 97 -87 -7 86 -6 -6 82 -73 75 -47 -25 -69 14 -79 91 43 -28 58 -65 40 -26 76 -39 11 12 45 -86 -89 -13 45 11 -5 24 -51 -58 -82 93 -34 46 82 -48 -13 -2 88 15 -29 8 -52 -46 32 46 11 64 37 -56 18 43 36 74 -90 75 9 87 75 -87 -83 0 -60 
1 31 64 -67 47 45 -62 -92 -72 71 -68 -98 -80 55 67 -69 -13 56 94 -60 76 -16 42 -95 -71 -46 -63 86 -63 -23 100 78 -46 46 26 -75 78 -54 40 84 -92 -39 50 -49 34 -10 83 -60 32 37 -29 -37 75 -51 -50 48 100 2 36 -53 9 34 -6 96 -32 58 -56 19 58 -63 -57 -43 -70 54 23 -94 -87 -50 70 -57 72 -97 -72 -39 69 -91 91 -99 
66 -70 93 49 17 -88 16 -20 60 72 16 82 -15 -60 37 -31 -99 -76 24 -21 8 -15 -90 -98 -40 -41 -2 24 -72 15 80 -3 -79 -59 -71 28 68 27 -25 -60 -95 -36 -61 -86 32 9 -88 -68 -58 15 -53 -43 -1 45 41 54 26 -82 73 -1 54 8 83 77 -68 3 -79 -36 77 -69 43 -95 7 -70 30 3 -38 25 93 -47 5 -80 -50 -77 -39 -29 11 40 
-53 72 77 -84 -53 -61 -70 -95 -1 -61 -86 22 84 68 -38 -61 -1 -20 32 78 -100 37 68 87 15 86 83 -79 59 58 -74 -83 -85 22 -85 -80 -41 -53 -97 72 -98 -60 95 -47 -92 39 2 -47 54 -32 -67 81 23 -60 55 -16 94 90 82 60 42 -56 -8 82 27 10 -28 -51 61 90 -100 43 96 73 50 -58 -75 -69 -18 93 38 -78 -22 -50 1 -39 -89 79 
-39 -67 20 58 -66 24 -47 64 -31 54 27 61 39 -61 -72 -73 -65 -43 72 28 -13 66 -1 11 -32 -99 76 11 28 -24 -24 -88 67 18 -42 34 -28 -59 84 47 -14 -66 -67 -39 -73 -28 -76 36 -95 48 54 -43 -89 46 67 23 52 -93 19 28 34 -77 14 45 48 -73 53 43 74 98 -86 -44 31 40 -41 -24 48 -21 -99 -64 33 80 31 -42 22 81 58 46 
-2 79 85 71 -65 18 89 -86 23 0 -26 44 74 -100 -83 11 51 -95 84 78 -5 70 82 -72 96 -83 -39 -87 47 -89 64 -33 -47 -74 -93 41 -66 -98 81 77 -96 9 -78 23 -19 -79 24 -89 -32 68 -84 -47 80 -10 -12 -52 67 -76 4 -62 -72 10 55 -97 -47 63 -24 57 94 -7 45 39 2 -26 9 47 52 92 5 31 -19 -39 -84 76 65 47 36 47 
11 72 38 15 30 -70 10 -67 -94 76 2 50 59 -75 10 76 -58 87 -20 -30 86 64 80 40 10 28 -64 29 -36 84 31 -1 -91 -13 28 -71 -38 80 36 -29 -5 78 -25 -18 13 33 64 0 32 -35 -35 23 43 -45 36 41 78 19 -38 15 76 -33 -85 30 -62 79 -28 -34 61 98 70 69 49 15 19 4 79 -67 84 52 -15 -71 59 4 -77 62 38 -14 
-25 -36 33 30 -16 -20 73 90 -18 50 61 -94 -85 6 22 -47 -5 55 51 47 -6 97 -52 97 43 -57 -23 -47 27 0 35 -50 7 28 -44 -76 97 -34 -27 -28 89 49 60 -23 -80 57 -67 43 -23 -31 92 6 93 64 55 -1 -87 34 -93 -74 76 75 -42 92 83 37 50 19 -55 91 91 -57 -82 46 54 -82 69 11 -54 55 -51 -42 -87 -95 63 59 57 40 
-56 38 24 -94 3 -30 -70 13 -20 -7 31 13 -70 -5 -1 24 -16 57 -82 84 -90 -37 26 87 -4 -39 -46 1 46 -6 -92 -23 -27 1 43 -87 25 -39 -50 -84 62 55 -18 -48 19 -81 -55 -89 -19 36 46 68 -34 -6 46 -62 -37 -88 19 -86 78 63 -60 89 -39 -23 59 97 68 -33 42 -46 3 -42 15 81 38 -28 -99 17 65 -78 54 72 -99 -81 33 7 
81 -10 -68 -35 -85 -6 79 7 46 19 -44 82 -77 56 39 74 33 59 -43 56 -16 17 40 -4 -46 1 5 -10 49 -32 64 80 -62 -55 45 24 97 77 48 -50 37 24 4 45 -30 -5 -29 11 82 -48 43 -51 14 0 46 36 -99 14 -56 -20 1 60 -16 96 0 36 39 66 56 1 -22 78 77 69 -14 -100 20 16 -6 76 44 -23 23 -92 -100 4 -60 -12 
-19 -53 -96 11 46 -94 19 -51 -68 91 23 47 51 -77 83 51 44 41 1 -95 23 7 -35 87 95 94 -21 -96 -18 89 -94 -35 -18 -45 -67 -3 -24 63 57 70 -43 69 -55 30 60 44 -3 -31 22 -19 -93 -69 5 -20 -34 95 23 -10 9 -9 -78 6 -89 -83 -14 20 87 52 -65 56 84 -56 27 58 85 -17 88 62 -16 7 10 -99 82 59 18 19 29 13 
-26 68 -41 100 54 -98 88 -58 -7 46 88 33 94 10 -69 9 31 -80 -92 -73 -70 39 -96 -70 54 -80 25 75 -88 -63 -59 -69 -54 -95 -59 96 -57 99 -37 -91 -65 83 -92 6 62 -96 29 -9 -95 -86 -30 -42 22 94 7 14 -42 78 -61 -89 23 -64 69 -66 -44 -98 -15 21 42 -44 -4 76 -70 98 18 -51 74 21 20 66 43 -74 -92 -86 14 100 72 32 
-68 14 89 24 -63 10 3 -95 61 -1 26 -2 96 18 12 -37 30 -91 -6 77 71 -75 80 -92 97 25 -51 -76 54 -79 83 53 -44 -70 83 -87 -30 97 28 -8 38 -78 -63 -31 47 37 -63 74 -38 -68 61 53 50 94 50 -71 32 -29 -49 -8 -4 100 51 66 85 -41 9 -9 -83 -4 59 -54 78 -84 39 45 57 -69 0 -69 -98 86 -11 -25 -94 17 27 -68 
-69 -93 -94 71 -4 73 -80 -52 -73 20 77 83 -77 -36 1 31 94 99 -47 46 -53 76 -86 38 -42 -55 21 50 0 -45 -39 14 -62 98 37 73 62 -97 -82 21 -98 -18 -48 -65 23 32 -17 6 23 89 -65 -2 -70 -81 34 76 72 28 -1 34 63 -83 -37 50 -91 -51 -61 -95 -87 -13 41 -51 81 -81 19 -2 -53 50 54 -84 14 -75 59 65 -45 -59 96 17 
-18 17 -67 -34 29 -65 -28 49 -47 35 84 14 -83 66 -15 67 96 -86 79 16 -90 7 -85 30 -50 -96 -35 97 83 -22 78 25 20 9 -33 -24 -42 28 76 57 28 42 60 88 -24 -29 63 -34 45 -47 -84 98 -53 -70 -46 10 -49 -100 23 -39 39 43 -56 -27 97 59 28 -27 -22 -58 49 -19 -71 -68 -31 17 -22 -68 -38 -55 -88 32 62 -6 44 99 75 42 
-28 8 5 -18 -10 20 64 -54 29 100 -18 61 -30 47 93 11 79 70 23 32 -76 53 47 24 -78 -12 23 -1 -36 45 69 -93 25 24 66 -25 -51 45 -43 63 -77 -44 67 -63 -19 2 -8 3 -42 -90 -66 77 56 -42 -58 -22 24 -46 3 61 19 19 -61 41 -53 -7 -51 -21 -99 -46 -83 -17 -77 -74 88 74 23 -31 64 17 50 65 60 71 100 61 16 -25 
51 -13 -2 72 86 -58 -81 -51 -6 -50 -66 92 66 42 19 -19 -21 76 -66 20 -4 -84 -62 -76 6 -81 98 -95 77 -7 97 42 -36 9 74 -37 10 -81 33 61 -19 -29 -31 46 67 64 88 -44 -67 -18 62 -57 55 96 -73 5 -7 78 -80 80 -20 -38 -22 78 -23 -17 23 80 72 -7 8 82 42 18 41 -6 -47 56 19 -38 65 44 47 -52 94 80 -82 -78 
58 -85 -20 -85 2 -81 -73 48 -7 3 -41 7 -79 59 -72 -61 45 -1 -19 -16 -30 5 98 70 -35 -96 -97 -84 80 -42 -38 -64 58 55 -15 -83 -61 57 13 30 47 -92 -22 -17 -13 -83 -6 -68 -30 74 61 -68 28 -20 27 -51 15 -76 -27 -55 4 -95 -17 -5 -66 47 0 -38 -95 -89 -58 -14 -44 18 70 11 4 -8 62 -41 -2 -34 71 -41 81 -33 -99 -62 
-62 -78 -18 -58 -25 2 37 -86 83 -19 34 -26 -93 -2 -78 30 -41 40 -15 -97 54 78 46 9 8 76 -57 51 42 54 -12 75 -81 72 -35 -28 -14 -29 88 -19 67 50 75 49 -70 3 -73 -15 29 -99 -36 31 89 62 7 -63 33 100 -53 -60 68 91 -41 -30 85 6 56 70 25 -15 -70 58 -54 -63 83 89 -51 58 93 32 72 4 63 51 -42 -78 94 44 
34 -3 -10 27 -26 -69 73 99 1 87 -48 -64 -98 -79 -60 93 -72 -85 30 -98 -11 -32 53 85 100 -60 -12 -9 -76 -48 19 -11 -78 -27 -12 -5 -78 -94 -33 19 -99 -70 92 65 -21 -7 60 92 -59 -84 -20 -82 -92 23 72 77 33 -1 -9 -86 26 6 -99 -86 -93 48 38 32 87 28 -58 19 -45 42 52 -97 -43 85 -84 3 88 -42 -16 49 92 66 -33 -88 
33 76 14 -17 -67 -33 -68 49 -64 -58 -36 99 -55 27 10 -57 31 61 9 -18 -28 55 -24 -4 -97 -99 12 -18 7 88 8 81 -34 72 -59 12 6 -41 54 -80 -34 9 62 -60 -5 -79 -19 -64 -47 -86 34 87 -3 -100 -22 -88 -84 -45 38 64 -75 -59 75 -15 -10 -2 -91 -31 31 55 -24 -46 -80 -74 -33 58 98 -40 -31 29 -7 37 79 99 -46 84 -37 -84 
50 -87 -74 12 -40 19 43 -64 -25 18 20 10 22 35 -55 75 35 29 -69 13 -52 -86 34 -69 62 -15 -41 -70 -73 68 14 -92 -32 -56 -29 -76 56 -98 15 -87 -98 -4 7 -89 51 -94 2 44 -67 64 -44 98 -85 -23 -10 -76 -68 30 -16 70 -59 74 -90 91 -62 -40 -32 -38 59 -69 86 79 -52 84 -31 -4 -69 5 -6 57 44 -73 -56 37 21 17 -41 10 
-82 44 70 75 -63 91 86 52 -87 -14 -87 -69 -68 42 -45 22 29 66 -61 98 -8 -86 -76 67 -51 -23 10 -44 79 -53 76 -5 -23 -42 -98 84 -33 -42 -7 39 -13 -40 22 -12 -96 74 27 6 -3 -63 -15 21 -1 -77 59 -25 67 -27 -97 -70 73 -65 -52 -43 -26 -81 -54 16 37 52 -11 -32 -66 88 21 93 -89 89 48 86 -51 -58 -13 92 -31 40 -83 -100 
25 99 -5 98 -98 -64 24 -74 -35 17 -11 -9 -92 -62 -90 -41 -100 18 23 -66 68 77 -16 -72 81 51 -52 -49 32 3 -78 -98 -38 61 -78 8 -87 21 50 55 48 -43 82 41 13 39 -72 -94 42 86 15 -88 -59 7 -52 -31 -6 35 -11 92 81 48 35 94 -77 61 -50 33 -10 64 -5 -47 -25 14 -72 89 -86 -89 93 -60 13 18 80 33 -1 -30 -52 9 
-34 -7 13 -16 78 59 40 58 -67 59 -63 12 38 90 14 -40 -60 70 9 70 39 -63 53 -95 48 53 84 56 -43 19 -51 93 -81 -26 16 50 -10 98 83 4 59 -53 77 -94 37 -75 -72 91 26 -18 -99 71 1 -23 -80 -59 -3 -69 -98 -79 -42 1 99 88 -11 38 -87 74 88 -99 -57 -83 52 -29 29 99 16 51 94 -1 67 47 -53 62 52 -66 57 -73 
2 50 51 64 -7 -65 72 -56 7 -20 8 9 -84 8 -88 -88 40 10 43 42 12 75 82 88 -13 36 8 91 -37 -10 -48 26 29 32 59 13 -93 78 -24 50 -73 83 80 -78 -64 58 -87 25 86 -98 -40 50 100 93 -91 72 -56 77 12 80 -56 -64 -66 98 39 -92 -50 -66 1 45 -26 68 17 -66 -84 -7 38 69 69 -2 -4 -9 -94 53 -5 25 -76 37 
-50 -92 5 81 91 89 -84 -40 -33 -23 71 92 -91 63 72 -30 91 -73 -36 -67 -38 91 65 22 -48 96 76 -68 -57 90 83 16 48 82 80 27 62 96 -36 -33 -59 -40 66 70 35 -24 -31 -44 58 -30 -81 -77 12 -23 -92 -37 -6 -34 41 19 23 52 98 -56 -36 -14 61 -53 51 78 -81 32 51 99 49 56 -51 -10 28 64 70 76 -61 -28 11 -6 -12 90 
-32 -28 -85 31 84 63 -80 -60 -77 -85 25 33 20 58 -16 25 -86 40 -64 33 51 -37 -95 61 -80 -79 96 33 -99 87 71 90 84 49 33 16 -97 -31 -61 -81 -67 66 -32 -38 38 28 59 68 -52 62 -86 36 3 -63 0 -4 -48 -67 -55 98 -52 42 9 -53 30 99 37 -62 32 -37 22 -32 -26 72 63 17 -71 -41 -53 86 -26 46 20 67 63 -26 -87 61 
71 -65 2 -98 20 7 75 94 0 -52 34 -84 93 -89 -35 -29 -74 19 15 79 76 -13 58 77 -68 79 -46 -30 41 65 81 -84 99 -17 -89 53 -15 49 -89 -25 -62 51 54 -41 -17 -90 46 -63 -8 56 -96 -52 -17 50 -20 27 -60 11 69 -75 15 8 -41 -6 6 -100 84 61 -67 77 -37 -1 -75 -49 -70 -100 -72 -19 71 24 51 72 -21 -46 92 50 54 97 
51 -10 -77 -59 17 -90 41 -7 -26 -87 33 -88 -91 -1 67 88 50 99 84 -22 -19 -59 -66 -30 69 -75 82 -69 62 18 -42 -99 54 -5 -78 71 68 -51 67 -42 26 81 -28 37 78 -1 -77 20 68 12 76 75 82 -44 -69 31 -14 -54 29 -62 -3 -2 -46 -91 31 9 -27 80 45 59 76 -37 -44 -35 -88 -47 -61 -12 -68 -26 36 -99 -37 37 -97 -70 -41 55 
9 80 -26 98 44 36 91 100 0 80 -88 29 -58 87 -54 12 66 17 67 -18 91 85 9 9 50 -52 31 -38 71 14 -62 -29 -70 -40 80 21 -18 95 -43 14 -26 75 26 -79 -81 12 22 -100 97 36 65 -75 -71 -33 8 -97 -53 -80 -33 -26 -98 -35 -29 32 -42 -26 9 -89 86 63 18 88 -7 -72 70 6 -17 -7 -11 -1 35 -5 -35 -92 -100 -95 -17 -31 
-38 66 71 99 84 64 70 -59 14 50 82 -6 -24 47 -23 16 81 -80 32 93 62 -75 -71 -60 -6 -49 84 49 46 -87 -94 40 -96 83 -100 36 -40 -63 -34 -94 -3 42 -89 36 -96 8 27 98 -75 -37 59 28 23 -80 26 81 -71 63 -85 32 -15 23 -83 71 -70 74 -46 40 -35 42 -54 -80 -31 42 46 -22 -85 28 -12 23 -21 55 18 90 68 -40 50 -32 
34 -57 -77 -38 -97 50 38 20 42 20 -4 34 11 -56 67 62 95 -72 84 -32 39 -32 21 32 83 -100 -32 78 77 6 -6 31 -99 74 22 -22 81 -39 -91 -10 -65 86 55 -63 -31 -28 -10 89 -86 -52 55 55 -75 64 82 -35 -87 -100 69 -16 28 -6 -62 -27 89 100 83 -63 -88 -10 3 45 64 60 77 80 70 -44 60 87 20 37 -73 76 -98 -40 6 38 
-90 100 -43 56 79 86 68 94 86 -63 -27 60 -77 59 -97 2 59 12 100 -27 72 -9 -9 -83 -95 69 20 18 19 -70 -20 -38 -42 56 51 36 -48 97 15 60 -69 -35 20 6 38 88 55 82 67 -62 -73 75 -76 94 100 -29 -74 -57 97 60 18 85 43 33 -89 74 76 50 -2 84 -44 55 -1 27 70 -46 -71 73 -11 95 -64 30 -20 57 -11 75 48 16 
41 7 -38 40 0 -85 71 16 77 -44 67 18 62 66 -61 -73 14 -86 -91 -95 27 97 -85 -69 76 -81 -13 65 -54 -87 -22 -90 -7 -39 -51 66 55 84 -97 -99 83 -36 -58 -85 -91 -2 56 -79 47 -38 33 54 58 50 -57 89 14 59 -33 36 73 -10 63 47 -11 50 -53 38 38 -12 95 8 -93 -93 9 56 -10 -72 51 -96 -2 32 28 73 92 0 -40 3 
83 -75 94 5 4 -30 -53 72 22 85 72 69 76 -74 0 1 39 -72 -69 73 -75 61 22 23 -10 -57 -46 72 -78 -40 52 20 38 50 -56 -31 -42 -46 -49 -11 -30 -44 87 67 47 -10 -98 14 4 28 86 28 2 0 -35 -93 63 57 -9 -35 -44 -48 66 -40 -35 -15 -3 -8 -1 73 -35 -26 61 29 6 -85 56 -50 16 -19 26 84 -74 62 -6 -96 50 63 
-73 -100 -74 -35 26 88 -69 -62 -69 -61 -52 -38 -29 1 -88 -65 -47 15 -46 66 -19 79 -26 77 43 54 47 77 -29 -86 42 98 -85 40 -38 87 -79 74 -36 -31 100 95 36 -51 -45 67 97 32 -70 -57 0 27 -92 61 -93 -86 65 26 -13 -90 -93 95 17 43 -7 -42 73 -82 98 -56 -77 70 -94 -42 -73 -90 9 -27 -83 35 -81 55 59 -31 -4 90 97 -3 
-62 56 43 90 -36 55 5 -89 17 63 16 -26 -63 -81 66 -84 -3 33 -79 -11 27 24 -22 -96 15 -66 -90 21 -28 54 65 -12 97 48 25 73 26 23 91 45 -41 62 1 -11 52 84 -59 -18 73 -83 58 -82 27 10 -47 -47 -18 27 -15 -15 65 61 55 -73 -26 -30 69 32 -96 -43 83 -50 -81 67 17 57 -66 -50 -58 -13 49 -54 90 -78 18 -55 -51 73 
14 -54 -26 -9 62 -6 -16 -85 -52 -74 -7 -85 9 -91 98 -74 -43 -37 59 15 -1 -64 -62 26 69 89 -26 -87 86 65 33 -49 -80 -52 44 26 -90 -34 -59 94 -2 43 0 0 27 -78 9 30 67 -47 -86 63 26 79 -78 -95 -64 48 -39 41 -38 -25 -58 8 -37 65 40 -53 -65 3 -44 100 -1 -76 41 31 66 79 -94 -22 11 23 58 -14 -15 -93 83 -26 
-1 14 -87 36 64 19 -81 65 81 49 85 65 -44 -85 20 61 -27 -21 -36 -63 64 -11 -17 97 60 -67 -6 55 -79 -35 98 90 -50 -28 16 -93 66 -69 83 -76 60 -28 14 -78 -82 -33 64 67 27 -52 28 -46 -41 -69 -31 -56 -71 23 -39 -68 73 -71 97 90 -64 -36 -29 -15 36 21 9 57 -65 -58 71 40 77 -87 -45 -23 -99 17 -5 -95 -20 73 100 0 
-21 -99 44 -37 -9 -69 -5 -39 76 -2 -18 -89 16 41 -40 -75 3 71 70 45 42 3 42 11 51 76 0 46 35 -54 79 7 63 92 -21 -37 52 -18 -93 93 89 -81 71 -19 -94 81 77 -22 1 -96 -76 -16 -76 85 -42 -29 46 -44 88 -77 -70 65 -22 89 77 -84 36 -58 -88 -12 13 84 87 -71 -16 -17 98 -1 3 -74 2 -34 -40 12 -4 -63 1 -1 
-6 -64 82 -13 97 -20 -64 78 25 90 -69 -70 59 -20 -35 -7 73 -92 -62 87 -90 -71 -11 -10 81 -40 -82 10 -46 -44 91 -35 84 49 -27 72 22 -59 -75 4 -28 95 -82 34 59 -24 59 93 4 43 -48 76 -75 -21 -79 -18 88 -80 -93 -12 -57 -51 17 40 -43 -82 30 34 -91 89 87 8 72 -34 -83 -53 -2 -36 -32 -6 8 7 56 39 28 -8 -74 51 
-96 44 -54 59 -71 -43 78 51 1 6 -55 -97 42 96 -65 -48 72 17 65 96 68 63 -87 -96 -31 95 3 51 -13 13 9 -73 -56 5 46 -44 -57 23 -22 -34 59 -28 -57 -8 -42 -43 -89 13 -51 -35 54 -75 92 7 -2 -56 66 -41 6 55 56 67 -38 -86 -5 -93 -4 -87 -82 -67 -57 -27 69 63 69 -82 1 67 -78 75 -66 50 -4 88 8 -91 -47 -66 
76 -4 -81 -59 99 -69 9 88 -100 75 77 -10 95 -83 -9 76 -22 -59 46 -8 -83 43 -20 -3 -3 5 22 -36 81 -11 77 -86 34 -54 -51 -67 97 -21 -34 90 -64 8 -13 19 22 63 -98 -13 -81 -37 24 -44 -16 -56 10 -11 -27 22 -44 -19 22 44 74 69 -37 88 58 9 -76 -35 -6 88 31 -95 -60 84 83 41 -35 -7 -77 -58 -24 -58 35 84 -75 -45 
69 15 -72 19 -7 -26 -20 -20 -54 35 -52 -67 -42 84 63 17 -88 -10 76 -24 -46 97 -88 13 41 -100 42 92 -35 -71 23 93 43 26 7 66 -32 54 48 -94 31 94 100 -71 8 -88 -44 91 -28 91 -54 -60 -52 49 37 31 -49 -82 35 78 32 -89 -26 26 -85 -14 -24 -87 -28 -91 63 -31 21 71 16 57 -31 -11 99 -49 48 -6 -37 34 -63 57 -7 -32 
-70 20 -74 -49 -12 9 -43 25 -38 18 -22 -15 34 36 73 68 3 27 -12 -20 14 -34 59 -18 9 97 71 -18 60 94 78 30 -97 -51 -95 -66 -41 91 85 17 28 35 -47 77 18 -20 48 -31 11 -52 -32 -4 46 -56 83 12 -72 -28 -23 54 59 -58 55 -1 63 -12 -91 89 -47 -7 5 -8 -16 91 -11 69 -90 -93 48 -45 -33 7 5 -3 -13 51 5 30 
4 -58 -36 70 -98 43 -51 95 -91 22 31 81 69 3 -36 86 -55 25 -23 43 -6 31 -21 4 -78 87 -59 -4 -63 81 -18 44 63 -85 5 38 41 10 -58 84 23 27 3 24 -25 16 89 -38 38 -96 -27 -61 26 85 3 31 67 -51 75 39 -83 32 -36 -1 61 78 15 -22 84 -41 82 -45 -5 74 -99 -38 -99 60 27 31 -77 62 59 -96 -54 100 86 62 
89 -32 -23 25 -76 71 81 -60 24 47 -100 -41 76 52 93 95 -5 -1 -73 90 -6 94 13 -91 26 -19 -29 -23 97 -27 49 12 10 5 78 18 -75 -26 65 33 -15 -16 -58 90 -59 93 57 82 -45 -14 -42 -95 -71 -33 84 -92 17 36 -78 -67 -25 6 61 -51 12 93 12 -39 -75 5 100 80 -2 -30 41 -37 21 -50 -6 24 -78 69 -14 2 4 56 -73 33 
42 -90 -63 -4 -15 -35 81 69 -57 73 -29 -62 -48 75 -5 96 -35 34 -21 55 -24 -68 6 -30 -55 97 -91 44 69 -92 -20 -56 -28 -61 -59 -81 -66 -81 45 44 15 37 -68 -63 29 -27 -14 -26 87 -6 7 82 52 -67 -76 68 21 -33 73 29 -53 76 -98 34 -12 -79 4 35 25 7 0 43 81 -32 -22 -45 66 50 -30 -28 -37 62 -11 6 86 -22 -25 85 
-75 74 7 43 -1 -13 8 21 -13 95 -12 14 34 -31 -17 71 4 39 98 -93 78 7 -93 78 87 -98 23 57 -63 -50 -59 -68 61 21 -31 85 -37 25 -82 52 25 -42 -41 -44 55 -80 100 26 -96 -42 -65 36 83 -60 62 -56 71 51 80 40 18 -87 96 60 -75 -48 -15 49 98 84 -79 -78 80 86 43 86 -44 -19 90 35 -51 31 -36 -89 19 -54 -90 65 
-77 -50 54 -27 72 -43 -18 40 -39 0 -22 76 4 -17 -41 -35 -40 -17 43 -82 69 48 6 49 70 -95 -93 -59 -4 -24 88 11 70 30 -61 -93 -16 -99 -31 77 -33 37 17 -3 -62 -30 -83 93 69 -40 -85 -3 86 -25 71 20 73 -6 -14 -84 -36 -96 -54 12 -3 16 20 -36 -33 -85 91 -41 93 -85 -55 -33 -85 63 86 61 21 -25 -3 96 -22 100 93 -64 
-23 -22 -88 18 70 -50 -37 -11 -84 -20 -21 74 -64 -9 -29 38 -50 -97 76 -23 100 -55 -17 52 18 -3 35 34 0 69 -33 -57 -2 76 -36 62 20 56 -98 -2 -7 -83 -25 -32 64 49 -13 90 -52 -5 -35 58 -23 48 0 -94 73 -47 -17 21 82 67 41 70 5 67 -98 51 -4 -83 -78 11 -68 -37 91 -68 9 29 -44 64 4 84 -87 -82 -67 79 -51 37 
94 -72 -59 -98 -23 96 -47 -65 -29 -39 17 -31 -31 81 -50 15 3 41 43 55 -3 22 -32 -38 21 57 34 -33 -100 42 -59 90 -87 8 -87 -61 -48 99 36 20 7 75 -81 -20 -38 87 91 -3 -47 -50 17 -62 -89 92 -63 50 47 46 -99 -19 -45 -89 62 -62 -65 75 53 90 -38 94 54 15 -19 -86 -37 -82 -27 77 57 92 13 81 -33 12 -65 74 -43 -47 
-53 -46 -75 -10 -100 -69 -19 -78 -81 -56 -61 72 86 -56 -100 83 72 6 7 82 85 97 80 30 51 -27 -16 0 4 -73 -32 -17 -41 -58 -64 70 87 -71 -39 -34 -15 53 -67 32 -59 -53 -28 46 -44 34 61 76 87 -25 -48 -21 -99 -54 -21 45 -31 -88 76 -44 -88 33 -82 3 -81 -92 -10 2 10 -61 -41 -8 12 100 10 88 -13 -71 28 3 -4 -15 -11 53 
9 -18 -6 -15 -87 61 -8 -74 75 -23 46 -56 64 42 -74 64 35 81 29 1 44 -59 -77 88 7 -36 -32 1 -22 82 -79 -49 -58 73 -82 39 -76 -70 -31 24 70 46 52 -1 71 9 10 -11 75 12 -68 69 68 73 12 -42 -16 46 12 77 62 34 71 -28 -34 -31 -64 39 -21 6 -95 58 23 -27 -25 11 -38 -74 34 -7 -70 -42 19 -1 87 89 42 73 
-47 -80 5 -1 70 -31 -56 -90 38 -47 28 -71 -22 -25 -99 16 70 33 -24 -32 -62 -85 42 -3 -42 1 -43 13 83 -92 -43 43 23 -77 95 27 36 -30 -39 71 -84 53 3 62 50 -47 80 33 -2 -38 -74 -91 -68 -69 75 -69 42 53 23 -84 48 5 45 39 39 -15 -8 -2 -63 36 -92 -32 -57 32 -55 -4 -5 -14 61 10 3 67 -22 -98 96 -87 -52 -57 
-35 16 -33 -100 28 -69 -54 7 -93 -8 -13 4 56 84 -81 95 30 -24 25 8 -48 -48 -2 -3 -74 33 -46 24 89 -100 -66 -73 -53 -49 -27 53 43 -42 7 -22 -20 52 -65 -18 -29 -72 -68 76 -27 52 -21 55 -84 41 75 28 -95 7 13 -92 -19 -29 65 13 -30 87 -70 42 75 44 -13 -19 3 54 -5 -22 74 49 80 39 28 -37 14 -14 -37 -25 4 22 
-94 43 38 -99 -24 47 41 -77 -77 -78 -96 55 70 75 0 92 -35 -5 38 -60 -97 77 -3 -26 -46 25 73 -27 78 19 43 27 25 65 3 -18 40 72 -77 88 93 -14 21 -74 -29 39 -83 83 23 49 61 -16 -80 24 -80 56 76 95 -30 79 0 -25 13 97 -42 41 -43 -65 -59 0 69 34 58 -61 97 -94 -40 60 -2 -82 -32 96 18 76 -57 -62 97 -94 
-46 -89 100 45 18 -81 27 -57 5 86 94 49 -76 68 -5 -21 -11 -85 91 -76 -25 -23 -15 -59 -28 46 -92 48 -80 95 40 72 37 94 -46 24 -27 -79 84 -66 -17 -44 31 58 -37 14 -44 98 -40 74 -61 -59 48 -20 -16 12 -74 80 -16 -71 26 10 96 -61 12 -95 15 -75 71 54 56 10 74 92 28 13 14 93 34 39 50 -62 21 -50 5 30 97 -62 
55 81 -43 60 -74 98 49 16 88 69 -33 7 -1 -10 7 42 -12 -7 20 -1 2 -69 41 -21 -95 -11 -48 -88 -51 56 39 -4 -71 -77 -16 -85 79 98 50 51 -14 47 66 -69 -97 88 46 27 -98 -13 -22 -28 92 31 96 65 63 -2 17 92 99 23 -78 11 -2 19 -53 69 6 -59 23 -35 49 -23 95 -84 75 -86 -43 51 75 -5 44 -97 -43 14 53 93 
-84 -39 -80 -73 55 75 16 15 -77 -39 -91 -85 92 48 -55 28 18 -22 -83 53 -20 55 -73 4 22 25 -9 41 -20 9 9 -18 42 -19 -70 -51 -15 6 69 -31 85 76 75 33 58 -50 -83 93 24 97 18 -87 -29 -92 94 -39 -66 21 7 -33 42 41 -34 -16 -72 97 45 -60 82 -46 58 12 -23 -79 -88 -55 59 52 -8 -75 -50 -68 -57 -22 28 29 38 59 
1 89 1 41 -50 98 14 -69 11 -99 -61 -14 26 75 11 73 96 99 93 -11 -31 -83 49 44 -47 -41 79 58 -20 -8 97 -54 14 76 -62 -23 -87 -88 -26 -74 8 24 50 18 -6 29 -53 -39 2 -92 -13 -29 -25 -5 -17 96 -87 66 27 -22 20 -90 79 -74 94 81 47 -47 36 17 -86 -30 59 -9 -17 -2 -42 -37 -12 72 -26 13 -28 -20 59 -31 -17 8 
33 98 -34 -43 82 -18 43 -78 37 -37 46 21 24 -36 20 -73 80 46 57 53 -20 96 -6 -86 49 -92 -89 -52 -51 38 -80 -34 75 67 -78 57 23 -27 -70 89 -11 -16 7 -72 -92 68 89 -63 -1 -40 -27 -64 -94 -5 -37 -40 -8 33 -74 -50 59 -60 -62 65 41 60 59 -32 -32 -51 12 34 40 -53 29 -94 77 6 34 -49 76 47 -29 -99 -54 19 -83 13 
60 -98 56 18 -70 92 96 -5 -5 70 84 -34 -98 -24 85 9 86 25 99 65 20 12 -37 -23 96 -36 8 48 59 43 91 93 87 76 100 91 -71 71 -96 91 28 24 31 15 -67 34 42 -60 75 -75 61 94 48 -93 -99 -3 42 76 28 -21 -81 -51 -47 -97 26 95 50 -32 -57 -29 88 -22 56 -16 51 -75 45 87 -15 -16 -85 -97 -19 -7 -44 80 56 -66 
-46 90 52 84 98 57 0 -41 54 4 -36 -36 23 1 17 22 -26 92 76 22 26 -25 8 77 67 62 20 -12 23 -41 71 1 -95 76 56 -78 -86 -90 -86 32 -25 51 -88 -44 89 99 26 -26 90 -63 -49 -90 89 64 82 -45 90 -11 -16 -67 -49 -22 -81 48 -30 43 -77 3 5 -93 -5 -72 57 -37 83 31 69 42 53 34 54 -23 -65 -96 -40 53 55 -77 
-61 43 4 51 -9 39 42 39 7 -7 -8 -100 16 93 19 31 52 -50 -4 -9 57 -20 -93 40 -21 73 15 54 19 58 -49 -16 -45 -28 -15 -46 65 12 61 -27 91 -43 57 11 14 81 -93 -97 0 45 -65 -60 10 -47 -24 89 -89 23 -5 -75 -4 93 -55 32 3 83 -16 -87 -43 -8 -94 48 97 -67 -70 10 18 56 -20 35 -24 -98 -10 88 52 -62 -14 -70 
70 -77 -2 -48 79 24 -26 -59 -40 35 -42 -3 75 30 61 52 -56 17 -89 93 43 95 -32 -19 59 -95 -47 -67 20 -20 -85 -64 -43 19 93 -86 -75 -68 -24 27 -99 -52 90 -37 -90 79 58 -40 -61 40 -44 -85 28 -43 58 -50 -97 20 -7 -31 27 4 16 5 -62 -16 -26 49 85 40 -73 52 -66 -71 -15 -30 29 -86 -36 55 75 -64 -96 -32 71 74 94 -65 
29 -50 -80 60 9 9 79 -70 -79 -10 36 44 24 -1 46 -97 -75 0 -53 40 -41 -28 7 -2 34 -19 15 6 88 -73 -80 91 -43 10 90 -56 -62 -66 -38 -41 -21 -44 -17 -91 -89 45 92 15 -66 69 -77 44 -91 -100 -69 -67 -55 -49 3 -95 42 41 -23 -95 -71 29 -15 11 68 -71 -43 63 64 39 88 -72 -86 57 94 -95 -65 -65 78 37 81 -64 -36 -69 
98 -99 -67 74 -3 -83 27 -28 -87 80 -54 45 -47 -75 -25 52 4 100 -56 -67 39 -12 -35 23 -3 88 -60 16 -87 -2 48 30 50 28 -74 98 28 68 -51 -49 33 -56 -17 5 -51 -84 -32 100 -92 62 -42 25 -55 -47 -51 98 98 0 -29 76 77 -1 -14 -2 7 35 -97 39 63 7 -40 26 -96 -5 -34 -83 29 -49 -29 -91 -52 100 -65 55 -44 35 -2 51 
56 4 63 -11 91 30 -46 -40 37 36 63 -43 -58 35 99 -36 88 -80 75 96 34 -81 78 -59 37 66 12 -47 -71 -57 -59 -35 -65 -33 -46 -14 46 52 78 -62 57 -74 -69 52 -3 -76 -16 -36 -14 -39 56 -65 47 60 34 85 -53 95 -22 -27 -65 98 -19 8 -25 -49 31 -93 49 28 -74 -50 53 -78 51 63 39 11 3 3 22 -9 97 84 42 -89 25 -13 
-18 55 -9 77 -7 64 -76 -82 -11 -30 38 -99 -80 100 16 87 30 77 -4 -51 37 29 -96 23 11 -38 59 -25 -88 -70 21 31 69 -31 40 89 -89 -38 2 -2 40 -25 25 -45 18 -48 -65 -66 -63 -37 18 -73 98 44 78 -23 2 -10 -28 -98 -30 -93 -33 -85 -93 31 93 44 -9 -72 12 62 -11 100 65 -87 60 -67 28 82 -74 -65 -25 77 -25 -48 96 -99 
-28 9 98 100 72 48 37 88 -41 3 49 -50 78 -5 61 46 -38 -71 95 -24 -23 58 -49 24 -62 13 -62 23 95 -44 -70 -97 -54 12 -64 56 -72 45 -74 78 75 48 -81 96 33 -20 76 76 -4 20 29 -54 12 11 -15 -61 63 -29 31 -79 -100 -37 43 -75 -48 60 77 -49 80 -18 67 30 9 -6 -83 -80 -54 97 -94 -65 100 3 -44 45 -52 89 -77 32 
-61 -70 -4 -26 -81 -36 -64 -78 -85 84 -79 70 -46 17 15 -53 -59 -62 -21 -68 24 10 60 57 96 -62 -51 -17 -15 47 -88 -70 74 41 52 -44 -99 -19 -59 -32 -62 95 6 21 44 -59 -75 76 20 -71 35 -57 15 78 -30 -45 -18 -55 -45 4 -4 -78 20 -38 45 -92 -35 -91 -34 99 -36 -26 58 -4 57 -89 74 -18 -47 47 -88 -56 14 93 63 -67 100 31 
64 94 -89 17 79 -28 55 80 84 -20 20 -46 -13 60 -90 -15 -99 -48 -23 63 -30 24 17 -34 91 -17 11 -60 0 -5 27 -81 61 -40 33 -31 94 -15 20 12 -17 65 -47 -28 -23 100 -22 91 -86 51 -68 -29 87 -77 -32 -33 -93 -31 74 51 -91 -17 -88 -35 -12 -46 72 1 -65 53 8 73 40 6 -19 2 -39 -13 74 61 35 -65 -91 -67 -75 45 -45 -5 
-33 15 100 1 -15 -50 -90 -16 7 -41 11 -61 3 75 -66 85 19 1 -48 -96 55 -86 -6 99 92 -82 24 98 61 -68 -5 -33 -11 -14 -84 -32 -92 18 -6 -47 55 -19 19 74 97 67 16 -26 4 74 81 92 20 37 -7 -82 -46 24 4 89 -35 -83 99 -40 -98 90 15 -1 -77 -5 -58 40 36 81 42 74 63 50 29 18 -24 76 -41 82 -63 -90 100 86 
-4 7 75 -94 -65 -4 41 75 2 -94 -37 63 29 -68 -71 58 -100 100 -94 -62 24 -50 -77 16 -37 60 -40 -91 2 -12 -24 -61 -33 -98 62 -56 69 -49 -3 75 -26 51 -74 -82 64 13 26 11 -18 -28 12 -20 94 26 10 70 32 -72 2 17 32 -48 -65 25 79 0 -50 43 -59 -2 -35 -95 -69 70 -81 -61 17 91 16 -33 -80 -63 86 6 87 54 -50 -15 
-5 -55 -32 49 -43 64 -13 -47 -55 50 66 49 -13 -40 -46 39 26 69 -91 36 28 49 -97 -33 -6 79 18 -34 -89 -7 -74 -25 62 31 -68 27 -86 -7 -5 -27 43 -53 51 -35 -70 -13 -82 -58 -86 -62 5 34 -92 17 -98 -36 -7 72 68 -43 56 10 -87 91 51 -84 85 -69 -73 22 -78 -22 68 41 -78 66 11 85 46 -72 60 91 -48 70 8 58 17 -100 
-59 0 -3 0 6 -67 -70 -95 4 -13 79 8 90 72 -21 -85 18 76 -72 -66 22 -47 -52 -73 23 8 53 18 -96 -48 -63 -93 19 41 -72 -92 63 -36 -66 75 3 -72 7 37 -64 -40 5 85 72 9 -29 -23 41 76 58 92 1 -98 -7 -3 -24 67 94 -42 80 60 -26 41 83 67 6 -53 89 -41 65 75 -87 -21 67 37 -10 -91 -15 -35 59 19 -84 68 
-48 -20 9 65 -38 65 25 -75 17 -28 44 44 -77 -82 82 2 -5 31 43 -96 -56 -7 -69 16 66 28 95 -12 24 -61 -19 -42 66 17 48 25 -49 98 -12 0 82 31 -27 23 64 -8 -44 -9 71 -54 90 67 32 -19 1 -2 99 4 -89 -55 71 91 -30 49 -26 -4 63 85 48 89 5 71 -62 -38 -72 -90 73 88 0 -98 20 6 26 -61 18 78 87 23 
-90 -55 -40 1 -41 -53 71 69 -99 5 18 74 33 -48 -15 3 -18 -15 -15 58 -44 55 48 -17 -15 26 66 58 76 63 82 -24 -54 91 6 17 11 25 -60 -29 7 -14 69 12 95 -44 -63 -60 -61 80 32 26 57 15 -62 -70 -55 69 39 -69 56 -89 75 -90 6 -59 -47 5 -47 -38 21 -97 -24 56 -100 -16 -2 62 68 95 81 -60 2 -1 25 70 -16 -11 
57 -87 -75 90 73 -24 -27 20 -33 36 96 -88 50 -93 93 86 41 -75 98 -33 35 11 100 61 67 -25 66 -2 97 59 43 -69 10 29 92 42 -66 -10 53 99 -58 -64 89 -32 -49 14 47 36 100 -61 -83 21 -95 -4 -54 32 60 87 -33 -84 91 -92 -31 -78 27 -66 -64 5 -28 53 27 -90 -86 10 -75 13 -73 -11 93 2 -21 12 -6 -31 -14 68 97 -26 
10 57 18 56 61 -20 -86 -69 -20 -81 31 99 -91 77 38 90 -81 -78 -71 48 -81 2 -66 -59 -15 38 51 -48 -79 85 -46 58 -34 -42 79 85 75 -50 55 80 -7 -1 33 56 80 31 16 47 52 -76 6 -40 -26 45 34 -95 95 -54 41 -32 -96 -55 39 -50 61 -78 -47 45 -58 -49 27 25 71 80 89 55 -16 86 -33 -40 69 53 62 -83 97 54 -56 -28 
41 33 95 85 43 9 49 -39 6 82 -85 -16 -30 40 34 -6 -93 2 55 -36 -97 99 -76 -22 64 73 -75 92 41 33 -71 36 44 -69 -54 90 46 -92 -75 -46 -65 66 9 86 -34 -76 61 -60 75 -92 14 -41 -61 23 -24 1 96 -11 44 -100 -42 92 44 -8 -32 13 -30 63 -45 43 -18 -47 43 79 -82 -84 -80 -81 -42 54 -60 28 -96 -47 -31 -13 -39 66 
-22 -58 -24 78 94 -23 65 82 -55 -18 89 89 96 19 92 -76 66 80 -85 38 89 12 44 3 60 -70 53 -8 -75 -99 -10 30 -69 -26 -90 64 -62 -76 31 -24 65 39 50 -18 -22 -83 78 -100 73 -65 36 -25 53 8 -89 71 -93 -33 -39 82 -61 92 -70 -9 -53 -67 -12 -75 -28 -96 -83 30 73 -53 21 -34 -45 -43 -77 -27 -56 -66 20 -9 -25 81 -89 -27 
-26 -36 100 9 -86 -97 -78 -87 -50 100 -10 -65 70 37 88 69 4 19 48 59 93 94 -73 84 3 -22 36 38 89 -44 -5 -75 56 4 10 3 53 41 8 -62 94 -7 83 -54 1 50 78 -59 9 95 42 -45 93 0 80 35 -62 -34 -24 -99 -19 4 -78 -61 -36 16 5 49 21 67 -60 1 40 -46 -66 -81 82 55 41 -88 18 -97 69 -26 -27 47 89 -51 
-9 -26 -25 19 7 7 -67 67 17 -97 87 -74 19 43 -2 -66 71 12 -19 -13 28 70 -5 -28 -92 9 78 -95 -39 -41 -24 93 -37 20 -49 3 -48 38 -9 -74 -90 78 -98 -91 -19 81 94 -29 -53 69 16 37 13 -90 -74 -72 -6 38 -28 16 81 16 13 46 54 -74 82 -73 21 70 82 77 68 26 -23 -57 84 -68 30 49 85 -72 -71 -83 -35 72 83 -29 
80 -52 28 -52 68 40 -62 53 -84 67 -14 -75 30 -57 84 17 68 -8 36 76 90 -59 100 -57 -70 85 27 71 87 32 -65 18 86 -23 0 96 71 64 -36 -48 -65 52 55 47 -31 -92 3 44 6 -62 40 -81 46 -67 -14 -34 21 56 88 87 45 51 29 83 78 23 -76 -44 -79 -95 9 -7 -18 21 78 -22 -26 85 -80 81 27 -78 19 19 -39 -81 -100 -56 
-30 80 -45 77 -53 36 50 23 33 16 -87 -81 -87 -100 -80 83 -14 53 -80 -27 -83 -9 -93 9 -59 -49 -23 97 -2 -64 82 -94 -51 8 27 -64 38 -1 -72 14 -50 -27 -5 29 28 -93 75 -83 88 36 -39 -58 -100 87 50 -24 26 50 -66 55 -8 -51 23 1 49 -43 10 -43 63 -11 -40 -51 -50 -70 43 28 -22 -33 -28 48 -97 -86 -95 -88 77 -51 50 60 
-7 -39 37 7 -24 -9 -38 -27 -75 -46 92 36 34 14 -80 -34 16 71 -99 84 56 78 0 75 29 -8 -76 31 22 -2 -74 -49 94 14 65 -86 -56 19 -94 -71 -11 0 -34 93 -16 30 84 -98 76 27 5 -58 79 -15 95 -69 93 8 -81 50 -20 59 -55 48 3 59 6 -99 -35 1 61 -50 16 69 -24 -31 88 -20 46 -76 -19 78 34 13 -89 82 76 -59 
-91 -31 11 54 -87 -23 -96 19 32 -68 73 -21 -17 77 -6 -3 9 -20 -31 -55 21 -52 51 38 -28 -34 -24 79 -24 70 75 23 -71 10 0 -82 -27 -30 -8 -82 65 -7 -65 -60 -25 93 -34 -29 -71 56 -92 -12 -25 -92 63 66 -11 -82 65 49 82 -63 -17 -39 -65 -90 -45 6 -21 -20 -52 -12 -69 24 3 23 -13 57 83 -50 83 -57 6 -88 -22 90 -49 -33 
13 -16 30 22 4 -53 -97 76 42 -19 -75 46 16 12 -41 94 -43 62 -84 41 -22 -14 -39 -4 -36 33 3 81 -43 -61 70 20 70 -84 -30 49 81 -10 -87 -42 82 -85 -78 -94 -62 74 -3 -92 -62 -54 -10 -23 6 55 -14 -14 21 -9 83 -94 59 6 -7 89 54 36 -59 60 -100 -3 -16 -89 -45 -93 -67 97 99 53 90 79 0 96 -81 50 -96 -10 -88 3 
16 27 -80 -48 -85 -43 2 9 9 36 -85 -68 -83 62 60 -1 -38 36 -46 -92 -77 97 -53 -20 -18 -53 -19 -6 -47 78 66 12 59 86 20 34 22 -17 -23 67 40 3 50 34 52 92 95 100 -6 -90 3 -9 22 -25 60 72 10 25 -48 64 -97 -100 34 41 48 -22 93 12 -54 -80 -16 -20 25 -50 92 44 -30 -3 -94 -22 17 89 -56 18 38 -53 50 -27 
79 27 74 -11 -65 -1 66 -52 -40 -82 8 -55 63 22 80 -16 60 -46 81 -95 -100 -34 73 -4 -46 -42 -94 80 -66 13 -95 -54 36 -10 26 -27 19 12 3 96 24 -82 57 81 64 -54 44 66 -92 -95 -17 14 25 -64 53 -91 -36 -22 -44 -24 -74 71 -89 7 -23 15 -40 -71 15 30 -32 -98 77 81 -27 -52 -5 -64 99 52 -27 -77 90 73 -36 -63 -46 -11 
-24 -50 -38 31 38 52 -88 34 -13 -22 -68 64 -28 -5 46 16 7 97 -87 54 70 72 92 -1 82 -37 31 -57 -21 92 -76 -15 59 -15 -30 -45 -87 -82 -81 4 88 54 93 97 23 52 -45 2 -16 4 -89 -27 53 -89 66 -17 -59 57 -38 -39 -78 -65 30 -35 98 59 61 -17 -99 38 -89 -18 91 -84 36 81 -86 -10 -19 -44 18 31 -72 35 84 -89 60 -5 
-42 -9 66 -55 3 91 68 -9 -34 61 31 11 95 16 18 -62 7 -44 1 58 -8 8 -65 -59 13 -84 31 -33 55 25 -81 -72 -74 -88 22 -76 57 -40 -87 31 99 33 -4 55 90 -92 -3 -88 53 29 30 57 80 0 81 32 100 -88 -37 -76 -11 -61 -41 39 77 -74 -48 53 20 29 47 92 2 -5 68 -41 2 44 5 61 69 62 -69 -55 45 68 36 45 
-43 -95 -46 -16 25 83 -16 26 -98 24 17 51 13 35 20 -96 -74 68 61 -74 -47 24 48 52 -16 -48 1 3 -81 11 -61 -71 -39 -22 -40 23 90 28 -5 -54 90 48 -100 31 -13 -60 1 22 -73 84 -83 51 18 -20 87 34 -55 66 94 9 2 39 2 34 85 -60 93 -99 35 62 72 -42 77 -14 -3 95 67 -18 8 -86 26 85 -41 22 -67 -31 -85 69 
-13 25 -92 58 -23 63 57 89 64 44 -9 -53 -28 -49 -61 -72 -84 -90 80 -84 -41 71 22 42 65 -82 -34 23 -31 9 99 23 69 6 -79 -28 47 -46 -90 65 -83 -31 21 87 50 75 -57 -18 -27 38 -27 -95 12 9 38 10 -26 20 -25 -36 23 -84 28 -74 57 -78 -22 57 94 43 -67 93 36 -50 21 15 44 52 28 -82 63 -10 6 -99 -60 -77 -9 58 
68 -14 54 -50 64 -16 88 53 65 14 94 100 -45 -81 0 72 70 -86 26 87 -8 -14 -27 59 35 22 76 86 48 57 34 -63 99 -63 5 -64 -100 -1 -53 97 96 -78 -97 -95 68 87 78 -79 90 -82 -16 78 75 -38 64 68 97 -51 84 95 -83 -84 25 -95 -41 -73 -15 18 -94 64 -97 35 -56 28 23 -15 88 -36 -44 82 -51 -59 58 24 -85 49 92 -45 
78 98 85 94 -54 -94 20 29 83 -12 59 9 66 100 1 -14 90 -33 64 22 73 37 -20 64 -41 -74 -86 -69 52 -95 79 50 -61 53 -88 90 50 43 -64 89 83 65 -37 -47 20 55 -44 -5 -89 -85 -100 47 -6 -87 68 -67 -75 33 -51 -43 94 1 -21 5 -82 22 65 74 64 59 58 -49 -46 46 64 77 46 48 -90 -26 -59 99 54 39 -47 -27 -59 -98 
-58 -65 -99 -23 49 -13 65 -74 73 56 61 41 14 54 -38 -11 10 -68 21 -80 27 65 85 19 83 67 10 -15 34 -25 37 60 52 81 50 -45 -79 76 -25 -19 -94 36 -83 92 -72 -34 2 -82 -26 -53 -61 -89 59 36 4 69 26 52 74 -33 -88 -47 73 -52 60 -58 -99 -43 -95 70 -87 79 -49 54 94 -38 74 -100 96 36 68 84 -16 -26 98 -27 -61 60 
-79 -61 97 -96 -52 -70 58 -63 -90 -13 63 -73 -77 17 50 33 -79 76 97 33 -67 -71 -79 -83 -56 -2 -71 72 41 -62 17 65 -47 -87 -14 -75 -20 -41 51 97 79 83 -44 -59 25 -56 22 -2 -68 37 -31 -24 -95 -11 85 82 -26 95 77 -14 8 -39 28 14 77 -76 -97 -54 -92 -60 7 -2 62 76 -92 -21 82 73 -59 -16 -15 30 -70 -84 -3 -90 75 46 
74 -60 48 84 -9 -97 76 -76 -8 86 30 78 83 14 88 -8 -57 -97 40 -19 79 73 -96 43 -82 -84 -52 89 36 93 -3 55 36 41 -46 -30 65 -43 -85 46 -56 74 73 -63 -31 21 43 -5 57 -24 -67 64 20 -65 51 -9 -68 27 -86 15 -20 -95 54 -92 8 83 90 24 -82 0 30 -34 -42 76 100 -62 -19 -45 -83 -43 -29 -53 -53 77 71 92 26 2 
