41 -33 -83 55 90 -20 -43 16 -70 -36 -67 100 -25 83 95 -61 -46 -2 -81 68 -89 -73 24 -44 48 79 73 -79 -14 -38 53 18 80 -41 77 16 -48 7 58 22 -65 -59 -76 -47 -74 -8 51 36 65 -95 53 -27 54 96 12 -51 22 -54 31 9 80 -66 -88 12 -36 -16 -25 6 75 -20 -71 74 -61 -95 90 5 -71 51 1 -41 3 39 63 32 -25 90 -34 -12 53 -60 86 -40 -46 48 -91 99 -21 99 -3 5 26 83 
85 88 31 50 71 -64 87 5 -79 63 -35 65 -88 68 -5 37 -86 17 4 -46 -3 -30 18 11 -19 25 -26 -68 -14 60 61 -39 35 -32 58 43 76 -95 -67 -94 39 -5 -83 100 -38 -70 -25 -49 57 -96 64 -10 64 1 32 -67 6 -74 -6 17 -61 -46 13 27 -74 94 85 -18 56 -47 -56 -82 52 -7 -76 49 42 66 95 -4 -26 -61 -31 22 -33 20 72 22 97 43 -22 41 -67 -52 -4 -81 22 72 56 9 -43 23 
37 -23 -24 -30 -48 77 11 13 -38 -58 73 85 -66 -13 5 -53 -51 -38 -67 -96 55 -55 -37 82 50 32 -33 -90 -68 92 -88 9 91 -70 5 -99 -64 -13 56 -19 -32 24 -52 86 30 -48 -28 68 -90 -26 77 -81 6 96 65 -12 37 92 100 5 83 -76 -3 -31 6 31 -3 -74 29 -62 -78 4 20 3 -78 -59 72 10 -24 -97 -54 -47 -87 85 84 42 98 -14 88 -83 92 -92 5 -17 30 -31 -56 67 21 -24 -96 -35 
-21 -75 20 14 22 -80 49 47 1 -69 25 37 -66 0 42 58 68 -76 -1 14 -65 0 96 -42 -12 -9 93 89 86 -24 7 -20 24 5 -82 76 -44 -52 69 -56 -41 36 -12 -100 94 58 65 -83 100 -47 26 -100 64 -11 -53 35 -35 -83 -89 -82 74 76 -6 87 67 18 -31 41 -47 84 -60 48 34 -10 22 94 -46 77 24 47 -42 100 -24 -13 -36 -69 -96 2 98 -15 19 -33 63 2 28 77 7 -90 9 99 42 -80 
-22 26 16 -19 -62 36 -43 69 21 -30 18 73 57 -33 21 15 -11 18 24 -80 97 77 -4 -60 -91 -70 -63 8 -67 -80 -70 76 -14 -9 -70 -39 34 15 85 -49 -92 -71 77 70 15 16 61 -87 -69 95 25 -24 -20 -28 -7 -66 63 -43 92 -70 -49 15 -50 -93 -33 60 5 33 53 100 -8 88 57 92 -25 65 79 10 73 -86 -67 -60 -58 -83 84 87 14 -80 19 85 -82 -45 83 19 35 65 -85 78 -66 -69 -15 38 
-15 22 90 -67 2 -55 4 -4 -74 5 -24 75 22 -49 50 -48 -47 -23 -19 91 53 -13 -63 -52 60 -90 26 -65 73 -76 -29 33 21 -3 66 -78 62 -70 -38 -19 -30 -59 60 -4 44 -45 -20 -90 47 -39 57 36 -42 -72 -7 37 78 -53 95 -2 39 -41 -22 5 -57 17 -13 10 75 40 -19 76 29 -77 48 83 23 59 -96 29 8 57 -80 31 66 60 -10 -14 -37 -4 -67 -80 -8 -62 93 -79 52 -62 -56 -19 40 -53 
37 5 78 1 -67 -69 98 54 -83 56 -82 60 -70 -31 -8 12 34 100 -7 32 29 -70 -83 -69 -15 74 -50 -94 46 18 -69 -71 -57 -26 -33 -67 -89 -13 -62 -23 -39 72 57 -72 36 28 -51 4 16 -21 98 34 3 -98 -66 -30 -60 63 -69 74 76 -46 10 -3 -12 -97 -78 -64 31 -83 95 18 72 -31 79 -29 -62 40 30 25 42 -91 42 -24 83 40 -86 34 -95 -65 38 -87 -55 67 -92 -71 -74 14 -56 -68 42 14 
-37 -63 22 -1 -66 -4 92 96 -11 -74 -78 100 -22 -57 18 54 -70 7 58 35 -85 -41 69 40 95 -64 -37 -65 89 -21 -19 -55 90 -77 -14 82 -11 -56 4 98 0 -41 28 -86 81 38 53 99 -2 -10 39 42 -67 -54 26 74 50 26 -4 15 -6 -39 -55 91 98 -93 37 -64 79 -4 82 -47 -42 26 -48 -35 48 -99 -50 -46 -87 71 7 87 54 -72 -87 66 -73 46 47 98 38 8 -39 -28 98 10 -78 30 -28 -99 
-26 -24 6 -80 89 -63 -7 -57 -36 -34 77 6 64 52 20 -61 -28 -69 -69 82 1 53 89 72 -12 9 75 0 26 -14 63 -62 7 -85 -40 92 24 25 94 67 77 -73 -89 -85 33 88 36 -9 -99 -91 63 32 91 34 -62 -70 -37 37 58 89 -95 78 73 -56 -27 100 -98 -62 -21 -38 35 63 20 -73 77 -70 -68 -18 67 59 12 -10 0 90 -67 76 87 -94 -8 40 -40 29 63 13 34 -80 59 -95 31 24 -64 4 
-34 -43 68 87 12 -47 -13 35 -7 -2 3 -59 -62 -54 -39 69 49 62 67 -60 -89 -93 -55 12 -71 67 75 96 -26 -63 100 47 91 56 67 55 -63 -22 32 82 15 16 81 -48 -81 -96 61 -12 -37 -5 90 -31 -45 -13 77 -64 -82 -61 26 -74 -96 7 -59 66 -28 -44 -69 51 80 -77 18 -66 -76 58 59 -78 12 -34 51 89 -72 -70 26 -20 88 40 -83 -8 -88 33 87 26 32 -80 45 -19 87 -86 27 17 60 64 
49 -41 80 -98 -60 76 -65 -27 68 -52 40 4 -2 94 67 86 9 -55 42 83 59 45 36 -2 -81 37 -80 13 -26 -38 46 -11 74 -19 -21 27 -12 64 -4 83 45 96 50 38 74 51 -44 -29 -2 63 -29 60 -5 -76 -75 -87 18 -29 -22 -12 -14 67 78 50 -94 74 14 26 70 -6 -54 -64 52 70 84 -87 -58 -73 41 2 -63 -88 -46 66 44 39 -55 -19 -73 -62 -14 -82 -26 79 -98 -62 -89 -86 48 54 -98 -95 
-30 14 -39 21 26 -66 80 -36 86 63 24 -64 43 78 21 53 59 76 6 -72 42 -43 -54 -74 32 4 56 -58 36 -33 -89 2 41 40 -56 -56 -86 40 57 -80 -96 -4 -88 35 76 -56 44 -93 -81 81 1 -15 84 -62 -36 66 65 2 28 24 -77 -56 41 -97 47 65 89 1 52 -96 -19 73 78 15 9 -22 30 85 43 15 -72 -85 61 24 -20 -79 -5 97 -33 77 -17 -89 -82 0 -68 -8 -1 6 37 -76 77 37 
38 98 -23 80 -47 74 99 -17 99 -61 -25 -11 -27 98 57 10 -72 -38 40 81 45 28 19 33 54 -72 51 11 5 -86 56 70 12 -96 -4 2 -80 -39 -69 -19 -68 -17 -84 32 54 6 91 8 80 22 -22 -20 -67 32 89 -36 -53 -85 -49 75 -80 -84 -24 45 12 96 -18 -37 12 -84 55 -15 42 4 37 57 58 70 28 -49 64 52 17 37 10 -42 53 14 -82 -71 -90 92 -60 84 -83 45 -36 74 23 66 71 81 
-4 -49 92 -6 -2 52 -11 -72 96 31 -98 -79 -18 -61 89 -98 -58 -37 57 51 -48 -1 37 87 -77 -37 21 -20 -62 98 89 -1 98 -57 -72 92 75 42 -62 61 59 -69 3 0 -37 99 -37 61 -56 -52 -3 58 -32 -37 -34 90 97 -29 41 -64 -29 23 25 -18 -21 -31 -81 -54 17 44 71 -61 39 -27 71 82 97 -100 -88 80 70 -38 -3 -69 -29 -44 98 85 46 81 -35 -43 -4 92 28 34 40 91 -83 76 -89 -72 
30 -11 77 -43 95 50 80 -77 -41 -94 -34 -34 22 7 -57 -32 -62 94 16 96 86 -79 9 31 -86 48 -85 10 80 19 -87 -64 -51 -9 -8 -76 -88 57 79 4 -38 93 -3 14 44 -54 -65 -27 58 -30 -93 -85 -45 -88 -52 89 6 64 14 -23 31 86 82 99 -12 92 -91 -85 -97 38 79 79 -91 64 -80 94 88 -42 -37 -85 9 29 27 -27 74 19 98 26 16 5 -40 79 80 50 25 -48 -88 -100 -33 36 -42 44 
79 -32 -48 75 35 78 48 -12 -53 62 7 -86 43 -73 -14 -47 -48 51 48 66 -70 96 -84 40 -37 -25 1 -52 -10 -65 -27 12 -32 35 31 -60 -30 38 4 -51 -41 -81 45 -97 -38 35 -97 -19 42 -41 96 35 -69 -6 -76 75 42 -46 -97 -69 -46 84 79 -96 -91 -11 -8 -96 45 -80 -92 80 -45 69 24 -50 7 82 -81 -32 -97 -88 49 72 -82 -69 72 -57 -87 76 -28 -33 64 11 -10 -77 -3 -36 -42 27 29 -13 
15 -57 -31 -89 -35 -93 73 0 17 88 -45 63 11 56 73 47 66 -67 79 -47 -9 86 13 -1 -12 11 -78 -5 -73 -87 -37 15 -68 -1 90 -64 90 -55 81 -20 -30 98 88 39 59 -96 -93 18 -14 98 77 72 -68 32 68 82 25 -81 16 -40 75 -38 -21 -85 77 -30 4 52 -70 44 63 75 23 22 37 -41 78 57 -71 -95 -71 -71 7 -74 -40 56 -22 -97 63 54 99 27 47 -97 -9 -92 38 -73 15 -74 14 -65 
94 -95 -77 -38 -15 59 -70 -27 -11 -43 40 -31 -10 70 -92 -89 -36 81 -21 -43 -98 -34 -4 -44 81 -36 52 -75 32 12 -88 66 -53 97 -67 57 52 0 51 -45 -70 1 94 17 3 -94 -91 -7 -72 -81 -84 -47 55 15 -94 -23 -53 -97 -16 53 89 -93 79 -87 -40 28 -6 -84 -10 95 29 -19 -71 3 72 -70 19 0 48 -67 -8 45 -59 -72 -11 -88 -78 -73 12 69 67 -67 -30 68 54 74 14 99 -86 -87 91 -43 
13 9 -13 58 89 -17 58 -29 -39 87 16 -72 -56 40 7 81 7 31 -70 -53 53 -59 -15 -50 90 -6 24 -28 -86 -1 -60 20 -94 48 -98 -99 56 50 45 -35 -83 20 81 33 61 -7 71 -23 -46 -99 -40 -85 72 21 37 4 11 -14 2 81 -52 18 -72 31 83 96 -94 100 -48 -45 -60 55 -9 -50 -37 2 -77 -99 -48 -4 -10 -90 44 89 -52 -33 36 96 38 29 -81 100 75 -44 -84 -84 -61 42 79 -43 -65 -95 
-86 12 -91 83 72 -35 -16 -23 -43 94 -85 74 83 95 -23 -93 22 82 45 -43 -56 99 -40 -68 -99 -32 78 99 15 -39 100 69 -58 19 -91 -15 -31 -58 -72 35 -43 5 97 30 -62 -7 61 4 -27 21 82 38 -62 -100 -18 -25 45 -98 -81 -21 -67 43 81 6 -94 -51 56 -66 60 -87 100 -62 -2 -63 -55 -67 74 -73 47 -50 70 19 -67 -78 -82 68 -93 93 44 93 -56 16 -63 -33 -41 -60 -37 -16 16 88 -78 -16 
-36 -40 -87 -91 -12 48 -87 71 -63 -13 -3 82 87 56 -77 2 -22 -72 -33 21 -30 27 -93 -59 -48 -76 -40 47 -39 -85 -10 -84 -53 83 67 61 -7 98 51 -99 95 14 65 34 -61 44 62 18 -78 10 -62 54 2 68 -97 -35 -85 -91 27 -73 -93 33 -12 -91 52 -93 -49 -87 23 18 -75 -77 69 -24 96 -42 -28 88 -96 32 20 -18 25 39 70 31 -4 -67 -25 46 63 29 -55 73 71 46 44 -92 -40 -51 -59 67 
94 18 -87 39 -57 -53 100 26 3 74 87 -14 82 28 94 31 -44 -15 70 46 97 91 3 -85 0 -72 -67 52 -28 -62 -93 38 -29 -7 -11 -10 -69 18 -13 -67 -36 -94 26 -33 2 12 -68 44 31 9 -70 -23 51 -6 50 61 48 94 13 -3 -94 88 -29 80 -89 54 45 -18 10 2 12 -9 98 37 -56 87 -40 41 -95 23 -30 95 -42 12 14 48 -16 -47 16 13 -10 -28 89 -61 100 -81 -79 -69 36 50 95 90 
-24 -90 10 -33 80 -42 30 -95 -91 -26 92 37 -96 66 80 91 57 2 44 -33 -15 -72 -60 38 9 92 3 -20 28 68 17 46 -93 -32 -65 -59 -1 -65 -67 99 45 -93 97 -18 -64 39 -10 -59 91 -47 -65 59 17 -32 -23 96 81 71 -73 -71 -75 85 -90 -4 -72 -43 5 41 53 76 11 40 -52 45 -78 94 -94 91 95 56 -32 -41 -93 50 58 54 -66 -69 -75 -40 -54 -95 -100 -53 -45 -82 -93 -56 -47 63 59 -40 
39 32 81 -92 2 -9 23 -27 -34 -70 -17 43 32 -58 18 -11 95 -47 36 -64 79 9 87 51 -87 60 24 -63 -84 -44 33 88 100 83 -85 13 56 66 -54 -99 26 -31 49 -82 -25 72 -36 -18 -2 -31 -6 -4 40 67 71 -23 -36 12 69 -27 63 -9 -99 -87 6 -98 99 38 -14 73 10 -26 -15 93 -30 -95 -3 53 -95 27 -94 -63 -98 56 -14 28 61 13 38 -94 55 -45 74 76 68 83 -9 -31 86 6 61 -52 
-35 -16 88 -87 -18 92 -55 -10 13 75 -10 94 -24 70 -37 44 42 -95 -54 -18 73 -91 94 70 -51 -8 29 -27 69 -64 -100 -50 -16 -18 24 50 -59 -57 48 -18 -83 -32 81 74 -81 30 -35 -58 -87 -10 62 -53 -3 46 43 -11 -76 53 37 -78 82 63 -4 74 -100 29 -58 -93 91 -79 -34 -6 31 64 -12 -89 51 93 96 -19 -40 20 47 -64 -62 -61 44 -52 55 31 -45 -64 -76 -79 89 -5 57 -53 89 100 -80 86 
90 27 -3 -83 88 25 9 49 -10 95 7 6 23 -43 -47 -89 8 -34 57 89 -94 -7 92 50 76 87 -62 17 -19 90 -37 -93 -13 -95 -27 67 23 88 -29 -100 -3 -26 14 12 0 22 -59 85 -5 89 -46 -46 87 -36 3 -91 81 63 -89 -82 76 12 -25 -28 -97 4 -68 20 71 -16 -54 42 -41 45 -12 -87 40 -21 -94 -66 -30 82 35 -13 26 61 42 24 49 94 48 17 -40 73 2 -10 69 55 49 -69 -70 49 
-75 1 -43 17 -45 5 81 79 -50 67 43 44 29 36 43 -41 50 87 -96 50 -40 49 90 -16 92 -6 -62 -71 9 -94 -80 -10 13 26 65 -14 -15 26 -1 -67 -68 94 4 -62 94 22 16 94 -75 75 -9 69 16 -6 -46 11 -75 49 10 14 0 -73 6 -1 -35 -12 100 64 80 -64 77 -37 68 -19 -63 -56 28 82 40 -74 -66 2 12 -100 -33 7 30 -32 -39 -4 -86 -95 -22 53 -79 -5 -97 -73 -8 -49 20 -94 
6 93 81 -2 -67 -32 35 -73 -96 29 -90 -88 62 -26 -47 30 22 73 -65 -89 34 -57 -95 60 -68 48 42 -85 -96 -2 67 10 11 -27 98 -64 82 -5 -39 -35 20 5 83 19 61 41 79 12 34 46 31 96 45 76 -68 -10 49 50 39 -39 63 49 -70 -72 -56 -35 59 -19 -40 82 48 91 -58 -42 40 32 71 94 -45 63 -69 -21 53 79 37 -50 35 43 61 -98 -43 -17 40 76 35 10 97 42 -43 -45 -98 94 
95 29 -40 -38 15 -69 67 60 21 -34 86 83 67 -40 -37 43 100 -15 40 -94 5 25 2 -48 8 43 100 100 -57 58 66 90 92 -89 85 26 63 83 -48 23 29 -23 -98 -38 6 -93 -97 -89 22 -63 -41 -29 -70 -63 56 -36 12 25 -21 95 -32 -15 -75 -3 -84 -1 -15 0 53 39 -39 15 7 67 90 29 -25 47 -29 -9 -57 -62 -27 71 97 -97 63 6 -1 -93 -51 40 37 42 69 85 91 -24 -11 -5 64 -51 
-86 -15 86 -31 -44 -75 38 8 -21 -44 2 -57 -76 27 -81 -68 -55 62 62 -18 -87 16 99 -20 -33 -83 -90 -87 -66 25 -16 90 -34 -55 6 64 0 -5 -59 -89 45 30 80 -16 -44 -71 23 39 69 -12 -43 -14 58 52 50 -17 -54 -70 35 -66 70 72 66 -97 -10 -59 39 -86 -69 68 76 -92 -91 -38 6 -30 -98 -62 64 52 -89 -87 27 55 43 76 -76 -18 -65 -36 -57 59 13 26 92 28 -22 -2 -20 93 -28 -17 
-73 70 -53 -54 -43 7 -19 -19 78 -45 61 97 80 48 -59 -87 -58 57 -33 -76 5 -52 16 -57 -64 -91 55 -17 70 56 -41 31 59 -29 86 -35 -80 -99 23 63 83 -49 -50 2 -14 67 35 30 49 -75 -1 60 68 -27 -70 -74 -53 66 -81 -36 -75 -86 -38 34 87 -21 66 -30 46 -24 42 -62 -80 61 -85 -16 81 -57 -60 -43 -31 23 93 -92 54 -3 -23 79 65 93 -96 18 6 -3 -94 94 -14 33 -86 -67 12 35 
0 45 -11 -100 -1 -10 69 -26 99 -34 -61 -98 12 -36 82 61 -78 83 -87 4 -53 -65 -16 -34 -40 -19 90 -71 4 50 90 -18 -39 86 24 45 19 16 100 -21 -96 -17 6 97 81 8 -7 52 -45 -9 91 -23 100 -17 -93 -85 77 -10 -83 51 35 -54 -91 -17 -12 87 -83 3 39 88 -63 -52 -10 -19 17 -65 -45 -87 -45 -83 71 58 63 26 78 11 -88 -69 11 80 -47 47 -63 47 77 96 -18 -2 -18 -100 -46 39 
57 -84 96 -14 16 28 60 -33 -89 7 60 65 62 31 -32 64 73 32 -77 37 94 62 -90 45 51 -71 -92 -28 -40 63 -80 -79 79 -73 52 52 26 63 -11 -87 70 69 -5 52 -99 -2 70 82 -37 -35 19 80 99 -39 81 84 62 83 74 -69 24 -96 -93 56 81 75 97 91 48 -50 65 -90 83 -29 -18 90 -16 -77 -23 23 99 95 28 72 18 8 31 91 96 -95 82 64 -82 76 93 69 7 30 -100 84 44 98 
70 -39 -86 -75 -49 97 -80 -64 24 -90 -15 -16 5 82 61 -66 -30 14 -88 -15 -6 -34 1 -41 27 71 42 -99 -66 -55 83 -69 31 -41 -47 -67 -28 -36 -98 -52 53 -48 59 -24 89 -94 -53 17 15 -68 44 -27 24 -98 19 -72 98 61 86 -71 -15 -87 -77 36 29 10 54 -7 -52 -88 89 -18 97 40 77 -29 22 -64 8 49 8 46 10 -86 73 19 83 -1 4 -60 51 5 21 43 5 50 -95 -38 -66 -76 88 61 
-69 -45 -66 -28 45 -13 25 -63 -48 -44 100 49 23 -72 -89 -78 87 -44 -68 88 -47 -62 -97 79 35 -20 -92 -85 49 -99 -35 28 -23 -6 -32 -98 8 41 95 21 39 -32 -31 -15 -87 -100 100 14 10 9 -45 -4 23 -7 -53 -65 -25 21 68 -10 60 -94 97 96 -44 -52 18 60 -34 42 -58 -70 -23 37 13 36 -66 9 -52 -66 83 -25 -35 25 -83 16 -19 -54 27 -65 -31 -73 -4 43 -48 7 89 46 -67 50 56 -83 
-87 20 20 98 -85 87 -8 -82 -72 -82 -34 -99 -16 -34 99 -63 49 -24 71 -53 -88 -9 -47 -35 99 -80 91 91 31 -26 -87 98 -96 52 -69 40 35 -26 61 17 -44 12 -92 -92 69 -82 -90 -78 -32 -97 96 -49 5 -43 -21 -27 69 52 -8 99 -4 86 47 26 43 -77 8 -86 31 -29 14 -41 -57 -60 13 16 84 26 80 34 -73 16 92 -80 -100 -93 60 70 -93 -78 -100 82 -43 -45 89 -54 29 26 -78 1 3 -57 
93 56 -86 -53 -80 97 -33 83 -95 -52 40 19 23 -9 -81 0 80 79 55 -100 -17 -29 82 -75 -35 95 -10 80 67 62 -35 100 98 -74 -11 -66 -23 68 -80 44 -19 40 38 16 -79 -57 14 58 -8 -62 -56 -13 -59 85 33 -70 -10 -70 -12 -53 69 58 -59 -90 8 -18 -19 -33 99 -50 -59 -92 98 54 70 53 -86 6 -85 -26 -45 97 2 -98 -50 33 61 -49 -75 -79 -7 -26 -40 100 -62 19 -18 -59 -38 32 -33 -30 
-77 4 -12 -85 39 71 60 62 29 -67 34 29 -4 21 2 -74 -3 -15 -31 62 -82 59 -34 -40 -55 75 25 11 54 62 -8 -21 -48 93 -4 -36 -48 42 20 24 2 66 21 -88 -4 -53 2 59 -17 -3 -44 1 -88 54 98 -27 9 -92 -49 58 13 -83 38 14 79 -17 34 81 -99 -4 55 -40 -49 99 12 -74 83 -5 -80 -95 -40 45 91 -47 8 -10 -85 -7 32 78 -44 94 13 76 -30 28 20 15 77 -14 -44 41 
43 -3 -44 98 -41 54 -38 -91 -93 90 80 -72 -60 -85 92 32 46 42 -95 2 -71 -56 -38 -69 -78 10 -100 -7 33 33 89 -26 66 15 -88 13 76 58 -60 91 -48 12 87 -83 60 -81 25 -40 -82 -88 -97 75 -16 -51 -35 -92 -72 -25 71 -5 4 -22 69 -73 -67 72 2 51 73 11 85 -45 -45 60 19 0 -22 91 -72 -12 57 -33 21 -41 77 -76 30 -72 -73 46 6 85 -21 -70 -68 18 -82 20 -23 11 91 6 
15 13 -44 64 82 -93 15 -63 78 94 86 -11 21 16 43 -81 6 88 26 -54 45 -4 58 95 21 20 -72 -44 -48 100 -34 -92 -26 -37 -35 -59 -18 67 59 57 7 95 1 74 21 10 -85 34 79 99 94 0 -99 67 61 35 -5 -3 -11 -88 -33 -53 -3 98 20 19 97 98 99 -23 -74 63 -75 92 0 -24 -57 -51 69 -25 -11 -11 13 34 17 51 -25 32 17 -92 66 18 60 14 34 -3 63 51 69 -6 0 62 
37 81 -6 97 -80 58 -95 7 48 83 -36 -46 10 -20 36 80 80 -84 -81 -31 44 -29 -3 47 78 -5 -42 53 48 -65 7 38 10 20 -92 -70 50 -76 -78 22 9 40 15 34 40 -9 -24 98 -92 40 -26 -7 0 26 33 21 -46 4 -47 -23 -97 28 -50 31 34 -46 -51 61 37 71 -3 -64 -43 43 -46 77 -99 6 15 46 -59 -77 11 32 -14 25 -35 83 38 -43 96 -53 71 97 70 38 -93 44 -15 -45 -27 72 
24 6 93 76 -24 -61 -85 25 76 -23 91 100 -70 -3 43 19 16 30 8 100 31 41 -36 33 17 41 96 100 43 -72 28 -87 -69 53 -98 -68 -95 73 71 76 -23 -84 1 17 19 84 -70 -83 18 98 -47 -92 17 -63 -52 -9 -63 -77 -79 -5 -66 100 -41 -11 -7 35 -86 -64 -33 -64 -13 10 -64 -55 -37 -42 -40 -24 0 81 76 -32 54 -32 -63 55 19 -79 67 -65 -90 -70 93 -6 16 81 -87 16 -61 26 -93 -97 
-46 -26 31 92 26 -41 40 -52 71 44 -78 2 72 69 22 -15 81 -94 51 9 -28 -22 -78 -40 -27 93 -3 -55 34 22 57 47 -74 -86 69 -9 -27 -15 8 54 93 27 -92 84 12 -45 14 -74 -8 25 -19 -32 43 -63 -43 -71 -36 -13 37 -9 47 69 -69 -87 -4 -91 10 50 17 -78 -75 -92 -22 91 -7 83 -12 -95 53 15 50 23 8 6 -43 26 28 -63 32 65 77 -65 85 -44 75 -24 -70 85 5 30 -73 -26 
78 -38 16 -92 -47 -49 -83 12 -52 51 -99 -37 -40 37 31 72 45 89 -10 92 -38 -33 -83 -42 51 30 -23 54 34 -11 99 60 11 10 98 48 50 -85 17 85 -80 -80 -62 -18 47 -76 30 -4 33 38 -2 -63 1 -58 -5 -31 61 -37 -13 45 48 45 54 78 -59 98 -68 -80 19 -45 81 62 -64 19 -84 -80 -76 36 43 -99 87 59 -59 41 15 37 62 87 -30 -27 -91 -100 -16 33 -84 -20 -56 -33 -32 -23 -85 -54 
-2 -5 3 -80 -34 19 84 -28 91 -65 25 35 36 46 53 -78 26 51 -33 3 49 60 -30 -100 89 92 4 88 -38 84 -23 20 -35 -70 64 -13 -28 -67 50 21 -54 -72 -33 -16 30 70 -59 31 27 -9 14 -72 -3 -22 -3 -58 44 -49 -55 -61 -3 91 -3 41 -59 81 -50 -62 41 62 68 84 86 45 9 53 32 -68 -45 96 14 59 90 18 24 -41 -58 16 -84 -99 85 -27 47 -22 -36 -38 -24 -70 -13 5 48 -2 
-59 85 -55 -87 -29 -100 -66 22 71 77 68 79 -70 82 1 88 -40 53 14 97 -93 71 -51 -1 -37 -65 -97 85 -47 90 -36 -61 2 95 22 -32 -10 -1 71 -29 -20 -40 -68 -60 -1 53 25 -79 -87 100 -26 -98 61 -4 66 -54 45 -46 54 -89 91 66 12 -21 91 43 71 70 93 -74 10 25 -47 -93 44 49 11 63 -74 -13 -19 58 -3 -28 -71 -17 -46 68 -54 -96 69 59 78 -69 7 50 -32 -9 47 39 59 -80 
-16 58 5 -41 16 -30 38 -20 84 28 -46 98 69 17 -79 12 76 56 44 -4 47 31 45 7 -78 -57 34 -8 95 14 8 -23 63 39 54 97 22 40 66 -88 -37 -94 -91 -29 -94 -58 46 -11 -34 86 -2 97 -11 34 57 27 96 47 73 -84 33 -65 43 17 2 0 -59 -34 -9 -48 31 -88 -26 20 67 -95 57 37 -63 -50 49 -75 -68 -46 27 -74 84 34 -53 94 71 65 -8 85 3 33 -61 -52 50 -55 91 -68 
15 -3 -55 -43 78 38 -46 -25 -18 -81 47 -52 61 -78 -56 -1 -53 17 57 35 99 -59 -66 -90 -24 68 22 -70 70 -17 28 -26 9 -20 9 76 -48 88 -12 72 -61 -52 -58 64 -65 13 85 53 -56 99 -10 -25 -91 65 -65 -86 26 20 -27 40 -88 83 -12 -84 -55 0 21 18 4 -85 80 50 -90 -94 98 2 6 64 8 -97 52 65 -68 -72 72 -4 -2 -33 -29 72 92 32 90 -52 93 36 43 -73 -70 -3 -54 69 
63 62 12 96 9 -31 94 -70 -76 40 -35 -54 34 39 -96 98 79 -20 -60 -42 47 -74 76 34 94 72 23 64 34 25 -47 67 82 -26 80 82 73 -48 76 41 33 59 -100 49 48 22 -56 -37 -10 14 13 -51 -50 -79 -16 5 30 -69 40 -87 81 -42 16 25 -9 -97 -3 -65 40 95 -59 22 -19 50 50 20 -7 -80 76 77 -78 97 1 23 -30 -61 38 -2 32 -41 76 3 -83 31 68 14 -82 18 -57 -59 -16 -22 
97 44 41 60 91 -20 -51 -25 -16 91 89 -33 -92 7 84 94 -8 -8 -63 -99 7 -25 -24 66 -91 -48 -69 37 15 31 -47 21 51 -11 43 59 -56 -68 33 26 -74 36 -15 88 33 -42 -88 -19 -37 88 -60 -73 -69 -25 -46 67 -2 -98 71 2 -80 66 86 -27 -2 -23 83 -77 -2 80 -97 -92 78 -46 -18 27 -50 13 -55 39 99 36 -32 -6 70 -38 94 -14 -16 -68 81 43 44 -99 61 -54 30 25 -62 43 73 -8 
-51 41 -67 -94 -22 -37 81 -83 54 -57 55 -69 -9 77 23 -33 -7 -70 16 -64 63 -39 -55 59 63 -19 -53 11 4 -74 -52 -39 -95 9 -49 99 -66 -40 -52 -63 34 -42 -72 -42 -58 84 -92 -28 -24 -18 89 -77 74 12 -40 12 82 -60 -56 23 -10 -68 -60 6 -47 38 92 2 -87 60 -85 52 98 84 -70 -61 89 -10 -47 -11 35 -79 -33 -87 99 -93 0 -55 -21 59 -2 57 32 -35 -59 33 1 58 97 24 -87 100 
15 -43 -11 54 69 52 61 -40 8 -43 -9 -42 -50 3 -40 -88 -54 76 34 -48 -14 54 -26 -77 -5 -72 37 11 -25 77 100 -6 5 26 -3 24 73 83 -79 80 -24 -61 -77 55 55 -67 14 64 -54 -67 52 43 98 -60 -90 80 -99 -87 -24 7 -34 -1 78 48 19 -84 -4 -77 33 61 -99 31 14 90 -39 77 95 85 -24 -18 -94 24 71 -10 25 1 96 -43 2 -66 28 10 65 -70 71 26 -53 35 86 93 26 -22 
76 35 88 -28 -46 -79 -22 -34 -67 58 28 -63 -33 -67 8 -47 -35 -66 -15 -44 50 30 -75 30 31 7 52 5 -48 -77 5 -70 -45 75 9 -59 49 80 -96 89 -59 -73 0 90 2 56 2 -88 -71 -96 -65 -50 -73 -55 -73 44 65 93 19 87 83 1 -24 0 66 43 27 -17 -4 -77 78 -22 -3 78 29 16 82 -12 44 2 -31 61 -54 -17 89 -72 -81 39 -66 -45 51 -1 -99 -10 40 13 -57 -30 45 -80 62 27 
-40 -77 -39 36 81 -7 54 -100 -50 -92 16 -76 -24 98 -3 3 -80 -40 23 -9 33 98 5 69 22 87 23 -30 -55 -89 -29 15 56 -28 -5 -9 -99 -84 16 -71 -36 -71 -26 18 70 93 -23 -46 6 -34 -67 52 -5 60 74 -78 18 -7 -15 -22 -60 82 60 -6 -70 92 48 51 -45 -48 -40 -64 24 13 -72 -79 75 51 66 -79 99 -61 95 -60 4 -94 -65 66 25 -77 1 -1 83 43 -51 -40 2 -2 16 27 97 -6 
27 63 -64 97 -47 -85 17 -85 -97 94 94 71 -1 89 99 -97 -5 86 -69 16 36 45 94 89 37 87 83 -57 -4 -90 100 100 55 -93 -68 34 -5 26 29 -44 45 83 -63 -79 58 -61 43 37 19 -36 61 31 -6 -61 62 87 -42 -54 80 66 60 -81 -28 -73 -70 -92 -45 -28 -39 -60 82 44 9 -91 -3 56 -22 17 -64 -28 -2 -85 61 41 -69 10 -98 41 59 -41 -49 -97 78 44 88 58 -67 -63 49 17 37 -68 
-80 11 -44 61 72 -96 6 100 41 37 53 6 94 19 -43 -8 89 6 50 -29 -23 73 -41 -39 -6 10 42 -48 27 44 -100 -94 -92 -31 -3 7 57 47 56 81 61 -71 14 43 -18 44 48 -21 99 68 62 -40 -27 -95 -53 90 88 -9 22 -29 76 57 70 -49 67 63 78 -57 42 78 39 85 -64 -31 6 -14 -100 -100 -45 28 -78 72 86 30 -25 1 70 76 -81 48 83 -57 65 -67 2 63 78 -69 5 97 65 -62 
-63 14 98 -94 -46 -67 -25 -55 -24 62 99 31 -84 72 -24 42 -93 -85 14 0 -36 -6 70 22 -84 -77 33 61 -7 -48 -47 -19 24 11 31 26 89 -64 73 -28 -37 -19 0 -83 80 73 20 17 -37 100 -74 71 -10 20 5 -73 23 -92 -54 84 -57 -64 61 -48 -18 -53 48 -80 -26 79 52 -62 -97 -32 -91 41 57 31 98 -31 92 -92 49 -51 11 -45 83 -9 80 -57 7 27 -40 88 -47 -90 -85 -30 -74 -5 -58 -14 
-89 -52 -18 -45 33 -38 -96 76 63 40 -7 -29 -32 7 0 -61 -31 -29 99 85 6 -87 39 70 -67 57 -91 -65 0 0 -10 -43 -10 90 65 -75 -44 35 65 -54 93 90 54 25 -82 -61 -60 -43 -82 -47 -66 -95 41 43 92 79 65 52 -12 48 19 44 88 22 -91 23 17 89 -47 -4 -35 17 13 -79 -86 -59 -19 -34 -20 -76 -45 26 16 10 -46 89 -50 90 -13 50 11 85 -41 26 -46 -88 85 94 -6 91 63 -31 
23 89 -74 78 74 -48 38 4 67 4 -9 72 73 -3 -53 -68 -4 100 83 13 -70 74 56 -36 36 24 -31 77 17 -66 -14 28 27 73 1 88 -26 42 -39 45 -58 66 -69 -15 42 -2 -77 98 84 9 -25 -50 26 -93 85 -68 -45 34 62 0 -92 -53 100 -31 30 40 -88 87 77 86 -33 -87 -67 19 62 54 72 -30 65 -71 79 -55 -61 -21 56 -83 -90 36 66 4 -94 9 31 4 -72 45 -86 69 -48 -58 -91 -88 
100 81 -3 49 -56 -43 -83 69 -72 22 -12 40 89 13 85 -25 -6 19 71 3 -49 -55 82 -52 -53 -99 -28 -98 -24 52 62 61 -72 -56 -46 68 -28 -58 -85 63 -66 -58 12 75 -27 -75 -77 -42 13 -9 7 57 50 -73 -76 -29 -64 34 -38 -46 -69 -14 3 52 31 -21 -12 28 -56 58 -86 88 -30 -45 43 -54 -90 90 7 -7 -70 -16 -65 60 -26 -55 -3 30 -85 -54 19 -72 20 68 -8 12 34 55 26 46 1 -34 
-68 -10 -15 -64 66 57 -32 -57 -82 -89 96 -2 -6 80 14 -100 -48 88 -19 18 45 80 -12 -9 -87 -34 45 -46 33 79 -82 -83 59 -42 -94 -57 25 -100 86 -30 67 35 32 -94 -80 -32 -6 -38 59 31 -72 -9 64 50 58 -77 -45 -24 -67 -16 -55 31 27 48 -52 -3 -63 -24 -58 94 -51 27 -51 71 4 12 -76 -97 -23 73 4 -87 -34 -47 48 -63 76 50 10 -4 62 20 18 -2 -17 -5 4 -18 -15 -14 31 0 
100 20 -81 40 -72 -45 -19 57 -20 -82 -44 -68 25 89 -51 35 -88 100 25 26 66 51 -1 -54 -40 83 97 69 65 -67 -13 91 -54 30 -97 -41 65 -21 84 -72 79 -57 -42 14 -96 -65 71 69 25 22 69 90 21 -94 -26 -22 49 67 32 -76 86 -4 -90 -94 67 42 45 19 -7 -53 58 13 78 -15 -44 4 15 62 -67 -6 -31 -70 46 100 78 77 -100 36 29 71 97 12 18 60 -96 1 -38 22 23 -2 23 -41 
35 -17 -32 -47 -55 57 60 29 -20 -14 32 57 -15 -99 23 81 45 89 -59 62 -44 -97 80 -70 15 -61 -60 -54 91 -18 51 -72 96 -4 -51 -23 99 -30 -45 44 -17 -94 -50 -77 22 -44 56 12 11 -97 -14 -78 -66 -58 17 63 34 76 14 -78 82 -20 -16 -94 -35 36 85 -6 77 -16 52 -56 -18 -3 13 20 -51 49 -53 -12 83 16 -21 -78 41 -68 -53 -79 57 86 -75 -71 -56 70 -85 63 -23 -42 -24 63 3 -77 
33 -37 26 58 44 -50 -27 37 66 30 100 64 -78 19 24 84 -2 -47 93 -71 -71 83 -14 14 24 68 -52 -71 -74 67 -15 -8 -30 41 52 -99 15 -14 30 -23 76 -6 -53 -22 32 72 -67 26 -91 85 85 20 -89 -26 6 48 -81 31 64 78 -36 86 -58 -80 61 0 -90 -63 0 91 -96 40 63 -18 -66 -99 94 -17 59 -66 -22 0 -18 -82 -43 -60 80 79 11 90 72 -80 -47 -37 81 70 7 -67 81 44 -55 44 
-78 -54 27 -47 76 -10 68 -6 -90 -78 73 76 -81 39 -39 -48 -70 21 24 -49 100 13 -26 45 -21 25 -58 -53 -66 3 92 -6 33 56 -96 -34 25 -95 65 -81 -6 -56 -69 52 -48 30 39 -67 -37 85 -63 -10 69 30 -63 6 16 9 44 67 -18 -65 8 9 -36 18 -44 -23 5 95 33 -71 28 -33 37 -83 98 8 20 -51 -25 52 -23 -1 35 -95 -91 -51 61 -28 -11 47 -19 0 30 -47 31 73 -17 -94 -66 49 
-41 -84 85 53 -25 69 -20 -69 99 -74 -18 -45 69 -9 24 63 35 -50 60 16 58 49 -38 -68 56 11 4 69 -34 73 64 9 -68 26 46 7 -86 -10 35 67 -76 -8 -30 -3 48 -46 -49 56 12 69 -72 88 11 -77 24 5 -1 -60 33 -68 -30 -58 47 -57 -25 4 29 41 -26 -38 15 -7 38 96 -84 17 45 14 80 90 15 1 44 -53 -14 50 0 -22 -97 76 39 54 -17 -58 27 81 79 15 -40 -2 62 29 
1 -45 -6 97 -13 -47 60 46 59 -39 77 -41 93 -23 -44 -8 -14 69 -47 -97 0 63 -82 -9 6 -44 16 -19 -12 -5 0 -95 79 57 97 -64 -6 -98 -38 -61 63 82 7 -64 -85 -54 -93 8 -5 10 -44 39 -85 91 -56 44 -22 -88 0 85 -60 -73 -78 90 -49 -57 -40 76 38 -83 -55 71 0 59 -23 -3 64 -26 82 74 -30 -19 -80 30 -97 58 83 8 -96 -23 -24 -51 10 35 -43 55 84 -69 29 -30 -93 -87 
46 74 23 -30 99 -96 48 -50 33 9 -25 77 49 -44 -12 -48 41 65 -10 -17 10 77 -5 42 35 -31 76 -22 -69 -93 -83 -44 13 -81 17 -11 -48 25 1 -50 -36 24 -56 -5 -23 64 64 83 -2 -79 -98 65 0 18 65 -1 -76 -25 -87 -57 -64 -72 -53 -95 -48 40 -20 -42 -34 70 -23 9 7 63 11 -81 92 -65 -5 74 -14 60 59 3 47 -55 82 -50 54 -49 -91 44 53 20 75 -5 -81 67 -15 -86 -46 -90 
23 90 44 -29 -58 64 27 100 -94 86 -77 73 -11 -56 -58 64 -54 2 -98 40 12 -49 19 84 -49 -79 -72 15 -64 55 -56 84 -65 12 -74 57 54 15 94 28 43 71 -63 96 16 -33 65 -81 46 -26 79 99 8 -19 -9 82 -15 10 -85 73 4 62 65 69 80 24 -80 -75 -19 89 -3 23 -71 69 98 23 23 72 48 52 85 94 -24 32 -10 -76 30 -96 58 -52 -74 94 -48 -87 78 -92 -42 34 -34 -88 79 -20 
-21 -66 4 71 -18 19 -67 -79 98 39 -91 -27 52 -77 78 -27 73 66 -6 91 93 -5 53 -39 67 46 84 83 7 89 -18 -69 48 -76 87 33 -44 -81 25 7 43 -20 -79 37 95 -31 91 32 -41 -30 -22 -17 -58 7 83 86 72 -41 50 -67 26 -91 41 42 85 17 83 8 -64 -76 8 52 78 -58 32 -25 62 -94 -71 -13 92 -88 -87 -90 50 -78 11 65 32 -36 -39 -1 -40 -11 -36 91 -60 -25 -27 73 -89 78 
-10 55 87 -78 51 49 4 84 -84 46 -42 96 32 10 12 -94 75 -64 16 -44 -39 -71 27 71 -4 -37 -96 36 -68 78 57 44 50 -79 70 81 76 -27 64 -62 -67 -61 74 20 93 62 -78 -94 36 -88 22 -18 -38 -58 -88 -83 -9 -17 -81 -42 -13 39 47 70 -45 68 90 44 11 -50 54 63 -24 -97 -55 -33 89 -59 -33 -41 -68 -71 61 -58 -70 -80 -15 -95 82 94 -91 -66 -51 -96 66 -6 84 -17 -29 -73 89 -68 
-87 -80 49 11 -43 -19 -64 -98 70 -33 -41 71 53 -31 -73 45 -32 -68 36 -100 -89 16 94 -86 21 -14 88 -47 35 25 9 32 -98 -92 33 -13 -34 1 78 71 57 58 42 10 -35 55 39 37 34 -74 -37 -83 -81 -4 61 -71 -61 -61 65 -4 18 67 100 -90 59 -26 -1 83 -16 46 5 17 27 61 91 -20 13 -16 -73 56 -35 -23 -41 -86 28 66 54 56 35 -54 24 -45 29 50 85 -74 -98 10 28 67 11 99 
-41 90 -68 -14 -48 -85 47 -76 -30 -12 72 -86 94 -25 44 15 100 96 0 66 -95 -91 -95 -69 22 -58 0 -79 -18 -65 6 41 -95 -17 22 1 85 -36 57 75 10 51 -5 -93 45 -96 40 -30 -81 -64 64 84 -11 -60 -6 -99 -95 4 -72 -32 100 -5 10 81 -91 62 -8 -40 32 -64 -91 19 -51 -17 -43 61 25 95 34 -31 65 -40 -65 -37 -32 57 -22 -89 77 -19 -98 -30 -80 52 3 -52 14 65 0 100 -75 55 
4 88 -43 55 42 34 -99 44 7 -80 -60 -39 52 36 -93 -4 -60 32 64 -32 38 -54 -13 -20 22 19 -41 21 -11 -83 -22 1 65 -33 22 11 34 7 -48 32 96 -37 -34 12 19 -69 14 -88 -81 22 -30 -91 -11 -37 90 94 57 -93 -53 -100 67 -28 -85 72 98 36 8 -21 -21 71 -72 100 25 90 24 96 61 -49 95 -50 -6 -23 -59 25 75 71 -76 55 -98 -58 8 -84 55 78 91 14 -68 80 67 -72 -45 10 
-3 79 65 -63 73 -1 -53 34 22 -91 -83 -16 89 62 74 -7 1 -21 -52 -36 -44 18 37 -100 36 -72 83 -61 45 -80 -26 -40 88 -9 80 -62 72 -50 -6 6 48 -10 32 -46 -67 -96 -98 56 -88 25 22 -52 -4 84 -71 -36 -41 -42 43 -58 -45 73 26 -88 73 -70 -51 -69 -33 30 89 29 -87 -23 -21 69 -93 52 75 -23 3 -13 12 100 -77 55 100 -44 11 -16 -56 14 39 68 -83 43 -2 70 76 -10 21 28 
27 84 -91 7 91 -48 35 4 89 84 49 -83 56 -70 -71 71 9 36 62 -36 -92 -81 86 70 -46 -21 100 -88 -23 -39 -24 -79 94 0 -8 -71 -26 2 58 -28 35 -54 87 -43 -100 -46 82 -58 -52 -3 -10 74 -96 38 9 83 -95 -47 78 2 -42 67 -52 -57 94 -31 -65 42 30 0 -5 -63 54 96 63 93 30 -36 -68 29 -95 34 -20 91 52 69 68 72 73 -61 41 -69 -87 17 56 76 -79 -93 0 -25 72 33 
-94 99 -54 44 65 69 -35 -22 38 53 -82 63 -10 -13 35 17 47 79 -63 23 69 -82 16 -12 87 91 48 2 82 1 -40 38 -74 -49 90 51 80 -72 -70 14 -45 68 -86 40 20 -40 53 66 83 94 63 5 -6 22 -66 11 -63 -96 78 1 -72 38 -44 65 5 65 -45 -11 48 68 -3 -13 13 61 88 93 3 -80 85 22 -51 24 74 -5 -98 27 86 -23 5 36 -19 44 95 32 -67 8 80 -53 -68 100 -73 54 
82 39 92 16 -48 -6 1 70 99 51 41 71 -4 34 -1 -30 16 -1 -61 77 -43 39 49 -14 -52 -49 42 -7 -42 -96 -96 -33 34 -18 -57 9 -5 -99 -35 86 15 35 65 -100 -37 -96 45 -64 72 -59 4 66 100 -37 -71 62 -56 -52 86 28 48 57 74 -96 -74 28 -38 57 -51 -66 55 0 62 -75 -80 -25 -8 23 -40 93 89 58 44 -76 -39 -20 -49 31 -13 48 -89 37 80 50 -40 -96 -73 84 -54 2 -86 -80 
-69 81 -52 -93 -45 -22 74 -82 47 44 31 50 17 -1 68 72 -38 -2 -51 -88 0 -59 86 -98 11 37 29 -70 13 -39 58 86 89 52 21 -30 48 97 80 99 -74 29 47 27 -21 61 72 -69 47 28 78 -17 -2 -5 99 24 28 -88 -83 -28 49 45 -2 99 -75 80 -66 84 -34 1 -60 91 2 34 -32 39 -20 -37 -34 34 -71 -61 44 37 72 -51 -57 88 67 -93 83 -38 71 96 77 72 56 34 63 25 59 -67 
80 -20 -15 -52 -71 -37 70 -38 -16 -95 -18 -47 49 -62 71 -24 47 33 89 -47 -20 2 -30 -94 -29 64 94 75 72 30 64 86 79 -76 -17 -60 90 -84 10 83 7 30 72 -43 98 -16 64 5 -12 -52 -34 7 84 -32 13 89 -20 -65 97 -86 32 75 60 96 44 53 -28 68 -94 10 100 10 -41 -52 69 80 80 -57 84 84 64 -43 44 -85 81 65 80 41 -42 7 -79 -58 -55 39 -21 80 -47 -97 -81 68 -23 -61 
-50 74 -87 -58 95 -22 67 -12 92 39 98 46 -39 -79 69 -51 -45 -46 70 22 38 92 -45 5 60 78 59 -2 -61 -72 -70 70 -68 1 83 -76 24 77 -73 77 -49 -38 14 -5 -28 18 39 79 -90 -28 49 -86 -36 11 78 31 69 91 14 -14 56 -16 71 47 69 -85 -34 95 -63 -13 50 -82 -24 -41 59 53 76 -12 -89 -3 91 88 23 74 -48 -78 -33 15 7 -18 -88 47 -11 -54 -51 -45 -1 -89 -59 16 -30 63 
80 93 30 -45 -26 -90 -98 40 9 -74 -66 -10 94 -76 -57 -52 94 -21 89 -34 -5 3 -39 13 62 9 -15 -84 -44 -46 -39 -8 23 -46 -96 22 33 67 -45 -19 -17 -98 55 63 -23 41 -67 11 10 49 -2 64 -77 37 67 61 -64 -64 -2 -19 -90 34 -48 -23 -41 94 4 22 -27 -51 -98 -5 25 68 -99 12 -94 39 -51 9 -13 47 76 97 73 -24 -91 -47 -99 90 92 8 1 7 88 48 76 -78 -47 -97 -68 -27 
-14 95 -22 11 -13 56 1 -3 -65 -85 31 -66 -65 89 -67 -18 68 -95 -22 60 4 -43 98 -8 -87 -88 -49 -21 -96 -74 -51 59 23 -16 98 -92 -8 -51 78 3 -41 -5 17 25 -2 -77 -60 99 -87 46 -30 -37 -49 92 79 -71 -32 -5 68 47 -19 88 -97 -69 -75 99 -53 -93 26 -36 -53 -70 -31 61 -39 -67 -34 -5 58 61 61 40 -80 -21 94 -1 60 -56 38 9 -71 -2 -84 -24 72 33 61 -100 -58 -71 82 0 
0 43 21 29 -96 -50 -88 65 41 21 -23 -36 -38 -91 50 -98 -30 37 -5 -88 -9 -93 -76 -77 82 67 -61 -47 -54 -3 -58 -94 62 -19 15 23 -62 9 13 75 4 -86 -34 90 42 -5 -20 49 26 80 -100 9 -91 74 19 87 73 57 31 53 98 -63 -31 39 -91 68 -57 -15 42 22 -63 50 15 -38 12 15 82 3 -85 -16 -40 -64 -7 76 100 -28 13 33 5 80 12 -63 -1 11 -45 68 -2 6 -1 68 55 -94 
35 -82 -51 54 -48 -96 -80 -38 -38 61 83 -10 86 -18 -93 -27 23 46 38 -28 50 -1 27 67 -89 79 -11 -14 2 95 -80 -62 86 19 13 -83 8 -6 94 29 -3 -23 60 -4 -40 -60 50 76 -56 -9 -13 -91 -93 34 -33 70 -48 20 -43 -5 28 3 62 39 38 -31 84 -70 44 -74 -20 -100 37 48 -27 89 61 -49 -91 62 84 -50 -83 -97 -63 -62 -86 55 -71 -6 34 80 -90 48 -80 39 15 31 15 -5 -72 -31 
52 -46 6 15 37 -80 82 -28 -97 25 70 -35 -44 -26 -99 90 41 -92 -85 -2 -18 -43 -10 -4 -10 -62 8 35 11 -74 39 -35 -13 -67 -80 -16 9 -52 -83 40 -95 55 14 0 -7 -6 -76 27 -11 70 22 4 22 44 -4 74 56 -30 36 43 -84 100 5 -42 30 14 -26 44 3 1 46 6 -8 -92 -2 65 56 56 23 72 -70 -86 -22 92 -86 66 -34 57 78 29 99 27 69 100 -5 -50 -33 -31 89 76 45 -100 
27 32 39 33 19 -95 62 8 -25 -7 -1 -43 -59 -81 62 -6 -1 -30 38 -100 34 40 27 -9 54 -64 10 59 -33 -60 -72 63 -16 2 47 -78 -96 -94 -93 66 7 4 -15 33 22 49 67 -34 -97 -78 19 98 -16 -6 3 -61 21 -73 81 16 -32 45 17 -53 -49 36 -87 -21 -10 -40 -22 -58 76 22 -42 -51 33 -48 93 74 -77 -97 -47 -42 -97 87 -22 -52 53 41 -48 67 -31 54 -51 40 -41 77 87 -93 11 43 
41 57 -87 99 8 -77 5 88 54 -56 -95 66 12 89 -72 82 14 47 -67 -68 -91 90 59 -32 -15 -15 -26 -79 -35 17 60 69 -37 54 78 -44 -53 -18 -65 39 -7 85 56 -30 99 -23 45 -62 -51 49 -72 -1 2 63 71 4 57 -1 -66 -14 75 49 -85 -5 -78 -42 -46 13 -3 -5 91 32 -58 -34 -22 -89 38 -98 60 98 54 62 81 -81 -37 -2 -5 87 55 -13 89 9 99 69 -27 -51 73 -8 14 -51 31 81 
49 -79 -81 28 50 -85 79 6 -74 -37 -1 60 -95 -35 83 61 76 -55 84 36 -16 83 -20 35 4 -37 15 20 86 -86 -6 37 -4 -7 8 67 42 -89 83 -36 -85 -58 -52 -86 21 4 39 82 91 75 41 -40 1 -67 80 -26 17 85 78 59 -84 87 41 50 -40 -3 84 0 -35 -26 -26 27 3 30 14 89 -25 69 85 55 -81 -59 -86 -21 -14 -75 57 89 1 84 89 70 62 6 -8 24 49 82 -96 -89 -40 93 
-64 -50 -58 53 -76 85 -82 21 48 19 87 67 62 -53 44 -41 50 -80 64 -4 -88 -89 -47 74 64 -62 79 -24 14 -85 -26 -38 -89 45 -46 -45 20 -45 -34 27 77 -17 -52 -51 -100 59 63 53 -13 -52 54 58 -60 -22 -48 19 10 80 -45 -34 100 68 71 3 97 79 62 1 0 -77 -48 -14 57 -61 -44 -41 -67 -91 57 63 -6 37 -19 26 79 95 29 30 -3 51 43 8 -35 -21 82 44 1 31 80 -38 -47 -86 
35 16 -77 -47 -91 27 -11 -14 -7 79 31 21 -83 -58 -57 98 73 60 80 3 39 -45 17 -14 92 -63 89 62 -48 21 88 89 33 -14 40 -41 -65 58 -64 6 26 78 -25 47 98 33 14 26 -59 94 18 -62 33 -40 49 -76 -94 -53 -10 -70 -44 11 -55 0 18 14 22 -26 11 87 -30 -7 31 -15 -59 93 52 50 -14 99 -27 84 93 -97 30 -12 -49 48 74 7 -55 72 -13 -21 13 42 89 -38 87 -33 -43 -96 
31 -54 85 -48 34 94 -66 -1 28 97 -95 1 10 -64 -53 -35 20 18 -81 -96 -79 -14 66 -74 -28 78 -4 -6 -10 53 84 -21 28 95 43 -10 46 -46 -12 -37 -6 34 95 63 -90 -41 29 34 -68 73 -63 -63 3 70 37 -79 92 -94 -94 74 86 -69 99 -98 56 -49 29 69 -6 63 -98 2 92 86 -8 12 58 77 91 36 81 24 -45 -3 11 -28 -76 -99 -39 62 15 -61 -20 -40 -34 74 63 -52 51 -27 86 -62 
55 60 50 -99 -17 -18 91 73 -27 -37 14 87 -2 70 -99 -9 39 80 20 95 41 -41 -92 -32 42 -37 65 75 96 -25 -64 -17 55 44 -53 -19 70 11 50 -94 80 33 46 -20 26 -33 -67 -10 84 58 -32 93 -71 -34 49 -98 44 12 -36 -60 93 -37 15 -81 12 -94 -65 80 73 -10 19 -96 72 -77 -34 62 -28 -72 13 56 -28 -66 32 -64 35 72 15 19 52 62 50 44 54 -20 -67 27 10 53 78 25 -29 -36 
45 68 51 -2 18 88 56 -60 -79 79 -63 -83 8 29 -96 12 -64 3 -97 -30 65 -76 42 87 -79 -78 4 -97 29 20 -27 -87 -88 -44 -51 -23 85 5 -11 -53 62 -23 1 95 61 31 100 20 63 -61 -93 -44 5 -95 -46 -39 -56 -69 27 -66 87 57 63 -10 -96 -2 -54 -47 -20 -36 -30 61 -69 -15 95 91 -97 -99 22 33 13 -97 4 -66 84 80 94 -14 1 -46 70 57 23 -44 -72 -66 -78 -76 6 9 13 71 
-88 -84 -74 -58 -74 -5 23 5 -87 75 89 -40 -48 70 20 -13 -1 80 -76 80 -92 -54 -5 80 29 -5 -18 82 -8 63 -5 55 -44 37 14 97 64 -26 98 -24 17 -33 90 -23 4 85 2 -74 63 94 -100 85 21 -3 42 -82 29 32 -82 -36 -61 -61 -75 80 -71 -71 -59 -97 -49 48 5 36 -79 84 -7 1 -43 80 25 72 -36 -30 -52 -10 -2 80 47 -62 24 18 28 76 63 -51 -30 15 -74 53 -95 -58 -50 9 
22 35 -44 -91 -67 46 -47 -99 44 58 86 -84 69 -2 -70 74 91 -79 93 -20 -37 66 -77 3 -80 -47 -2 57 18 29 -38 6 70 35 -34 8 -56 -4 93 -69 -44 84 -58 79 96 -21 55 -46 -23 2 80 38 -92 -63 83 -68 88 43 -99 -55 25 46 20 -90 -63 -81 -53 94 53 70 -50 -79 -90 -21 -2 -9 -27 57 -75 -45 -55 52 58 20 18 -61 -43 -10 -16 -92 -88 19 -26 -32 68 2 20 -53 -41 8 -10 94 
13 51 -23 89 46 -28 -9 -75 -16 78 98 -34 -23 -54 83 -79 13 -28 41 -11 3 -69 36 54 61 -3 23 80 96 -51 44 96 58 19 -2 69 68 46 -72 -76 12 -59 74 83 85 30 -48 -76 20 -1 6 -83 24 -70 77 -17 -100 -19 31 8 -67 7 -64 53 60 -73 64 54 20 -91 -80 -1 31 -37 -14 -82 87 34 -3 38 -16 -67 -13 -36 -41 -39 -75 13 31 -7 47 93 36 57 95 63 -15 38 -46 -61 -11 27 
-16 54 38 43 56 85 -24 19 66 94 -54 53 67 26 -69 -96 2 82 37 -39 -10 -34 -5 51 -64 15 -83 -88 -42 -28 23 71 -100 9 35 67 -1 -88 -91 -20 -12 71 3 55 -85 20 77 -22 87 73 -56 -11 -72 -9 -33 -76 9 -16 -76 -6 -85 -78 43 36 -20 86 -61 -80 -24 -37 100 -71 -77 -12 -46 -26 31 87 -74 19 99 79 72 -2 100 74 99 -56 90 -69 -7 16 -23 0 -36 4 -38 57 51 77 -14 -48 
45 -83 -51 63 -87 -69 69 -12 12 -64 71 38 88 15 30 2 54 26 -13 -77 -34 -60 46 60 16 32 -89 63 -64 -18 71 -100 89 1 5 100 -55 82 6 -40 -89 42 -76 -46 -88 17 44 25 -26 92 -93 -44 -3 85 35 52 57 -68 98 5 -19 25 -26 -50 8 100 13 5 74 -87 89 80 27 44 -100 -54 38 -25 4 -95 93 49 70 0 5 -15 97 -93 -62 -59 9 1 -1 -48 -56 64 -13 48 67 -76 -41 88 
-84 16 15 -20 86 86 30 -47 16 -28 -24 54 -62 100 44 79 84 18 -68 21 -32 -41 68 60 -90 -18 17 -63 40 3 98 -31 -87 55 -67 -95 -57 -49 1 0 -2 44 -67 4 -1 -55 -23 -63 20 5 80 -60 -78 -20 -81 46 90 -30 23 -50 -38 -23 95 17 82 -43 40 -75 -57 36 -26 6 -36 97 -62 -88 9 46 -35 17 -42 33 21 61 -20 -40 51 -77 72 68 89 91 -77 -13 -46 -100 45 -7 69 -68 -2 -87 
-44 51 82 -43 -27 55 -14 77 -48 3 -50 56 2 87 -19 -10 -50 -43 -16 -24 -14 -98 -69 68 45 84 18 54 53 -22 -64 -43 -95 -91 -61 43 -6 -43 23 -71 -71 -70 93 14 40 16 -36 42 85 2 84 -44 -94 -67 -40 -46 -17 -19 76 91 -28 67 48 18 -35 -99 32 -31 -47 -50 94 85 -65 -54 -1 -85 88 23 7 -1 58 14 -18 12 -35 -65 -4 86 -60 33 -8 38 -98 70 7 6 33 58 -84 14 -93 21 
-23 -67 -16 -13 40 11 96 -75 26 95 -76 -22 47 79 -67 69 25 55 72 4 79 55 -18 67 -32 38 -3 68 -72 93 74 25 -17 -21 -14 66 58 5 -79 -9 -59 -79 31 -12 -16 -1 -43 -65 21 9 60 95 45 -41 91 -42 97 -28 67 -100 -81 -63 71 43 -13 -64 45 16 59 66 99 77 3 4 12 -43 92 60 -97 15 17 -96 43 -64 7 -27 -12 54 -43 74 60 58 -87 46 -82 -90 -30 -48 -53 -65 -83 20 
86 57 -66 -94 -93 -24 -92 -41 34 89 89 9 48 -6 73 -38 -38 -19 54 -36 89 -54 67 -71 11 30 -26 34 -31 56 67 89 -59 36 -64 37 -60 -52 -26 41 19 55 62 5 9 49 64 -11 100 73 -32 -53 -99 85 -85 81 49 11 98 47 -11 99 -52 15 -81 99 -98 92 -86 -68 83 3 68 -64 34 -14 99 -61 76 12 -48 73 -51 -30 75 -70 19 38 57 -59 -80 -84 68 10 48 90 -60 -56 -94 52 -31 -45 
-47 -76 8 -11 -23 22 -65 92 -76 42 80 15 -40 -88 13 -62 -16 75 47 39 65 -51 -34 86 42 -52 90 -43 -60 12 64 29 -8 21 -76 -16 -57 -51 4 -98 17 47 47 39 -39 -85 -9 94 0 83 74 81 81 12 -1 -84 27 -65 35 -29 79 -85 7 -58 69 -84 51 8 58 36 -36 0 -73 69 -65 -96 14 -74 60 22 90 -19 85 15 -77 81 -23 -16 16 83 76 -98 -2 74 20 62 42 -59 70 -71 65 -77 
59 28 87 -19 -88 -94 -35 95 44 26 -24 -31 59 52 -43 40 -84 -76 59 52 7 -10 13 -66 -98 -53 38 47 -35 -71 -89 44 10 -4 -22 -34 -78 -58 2 -20 6 -49 27 -49 99 -70 39 -90 -98 -18 -15 -48 68 4 -75 43 22 32 37 50 -67 57 -20 61 -20 -1 47 -22 77 -32 -9 -90 46 -29 44 -89 -53 74 92 -25 75 46 -76 -95 -46 -47 36 49 -44 18 -90 39 50 93 -34 -15 56 -35 -35 74 -82 19 
30 -99 70 62 44 -94 76 17 56 -20 -4 65 -61 49 -31 22 72 -53 -80 -67 -36 -83 -12 -13 -56 69 -54 -37 -34 -16 34 7 -57 78 47 -60 35 12 82 -33 -33 -66 -41 -97 -5 85 32 44 73 -15 86 -93 -12 -100 100 -37 39 -82 69 -11 -70 -44 -3 90 34 -92 81 -61 -25 33 -91 92 82 -12 -18 -24 87 -40 25 -39 1 84 32 -45 50 -99 -6 -10 30 -56 36 72 86 -26 2 -31 31 -63 22 49 35 66 
94 42 67 -41 21 58 -96 51 57 -74 48 -19 56 -68 59 -25 -23 12 -39 -30 30 44 66 -91 78 55 93 -67 97 49 -62 85 -42 47 -15 87 86 46 -42 -26 -98 29 74 47 -2 -55 17 -4 0 65 -11 -18 89 -63 -65 -44 -51 -41 60 -17 -25 1 9 -84 -50 3 -96 -21 -27 -19 -65 0 70 -80 92 -91 -22 -11 38 0 -2 41 -75 41 19 5 64 77 26 60 5 -44 49 87 -57 -51 76 -29 -1 -4 -50 77 
76 48 -63 64 -68 12 -40 35 12 4 -90 31 79 31 -74 48 -78 100 32 42 42 57 -92 50 94 28 -36 -25 67 21 53 -45 -30 84 16 32 -90 25 62 44 79 -61 -73 -67 -14 75 -29 78 -70 -29 24 7 25 -48 78 41 -32 -24 -55 66 -55 21 -62 -6 -66 -60 -7 75 9 91 52 33 -53 -82 -33 77 44 -23 38 41 -78 -41 93 11 -90 43 45 -38 -98 19 5 -26 -96 -58 98 78 52 -50 -67 45 26 -28 
87 -30 86 64 -9 13 78 -56 87 -79 64 -84 -48 74 -39 -51 -49 15 -9 70 -14 -14 -36 45 -69 59 -58 -100 31 88 -13 89 43 71 -54 67 -63 78 -34 77 -83 -99 39 81 -29 14 -46 -57 25 -51 40 66 -62 -94 6 -26 28 -72 -95 -59 5 -67 -84 -1 32 15 56 59 -51 -88 46 -60 60 -44 42 52 -70 53 -8 51 31 -87 -13 -63 10 40 -90 -30 2 42 29 -25 97 -35 81 -71 -42 74 -92 17 -79 70 
-24 10 81 9 -73 -50 -18 50 -41 98 6 -91 -68 -95 21 -81 71 -81 47 5 -20 1 24 29 81 43 -79 61 63 -19 85 60 87 -13 19 -86 -72 45 27 99 88 20 62 -59 -7 -36 -98 -54 59 -17 -12 -87 61 -23 16 -24 77 -53 -52 -69 -63 99 67 -5 -73 46 33 -45 -75 -80 -52 66 64 -24 29 29 68 -41 54 25 -54 28 54 10 93 2 -78 50 6 -33 -22 -86 -30 38 92 23 -95 -97 78 67 84 15 
70 -16 48 -77 65 61 25 -68 12 -34 -69 78 93 39 -29 61 -50 40 -65 -20 -22 40 75 80 -3 51 78 67 -2 74 -52 92 55 31 -20 34 99 -94 100 -29 -47 78 -19 -29 65 66 43 -17 12 50 -97 -74 50 100 -48 -27 96 18 -24 -6 47 6 -5 -20 -63 -73 4 93 49 23 -86 -30 97 82 21 -62 80 98 -44 -28 -29 21 56 -65 -20 -98 -45 -82 -94 -99 -9 -45 -81 28 -49 -91 -47 -41 74 -76 -28 76 
63 -47 -64 -85 -61 -17 50 25 86 46 85 72 7 25 -20 -85 68 -81 23 80 -18 37 -34 95 64 -98 -58 -25 -72 48 -17 -5 -42 0 40 2 -7 37 49 52 -74 47 45 -53 57 -36 -38 -54 -84 13 61 -36 51 -49 -84 18 46 69 -3 4 -95 -24 63 -99 -47 42 -38 -33 26 -85 33 56 68 -84 28 -27 -21 -93 62 9 -88 -41 35 -50 -4 -5 89 -30 -90 -45 44 1 12 27 31 65 -25 -43 -22 -80 40 99 
-37 -12 28 -67 -24 -67 -37 100 90 -58 -76 74 -84 90 -25 59 54 -60 -63 -59 -83 -89 42 -13 58 84 21 28 -11 -77 -75 9 51 -11 28 71 -98 49 -66 -6 38 2 -27 53 27 69 44 87 -14 75 34 0 -89 -35 100 -65 46 99 32 16 -63 -60 -49 72 42 66 -30 -31 -82 -30 14 1 63 54 -85 55 -52 70 10 -72 -26 -26 -82 1 -71 -12 69 -28 94 -76 -30 -17 -53 -89 5 -84 -71 -82 58 -30 -66 34 
-26 -60 22 95 47 -28 -63 33 16 -88 -89 -20 -53 -24 -41 38 40 5 -67 -84 -75 -66 83 13 -52 12 12 -20 -31 75 -57 26 73 -25 30 -21 -7 -52 92 52 76 41 -53 -37 -74 28 44 25 77 -16 -100 -93 27 13 -31 43 27 46 -82 20 25 8 -86 -93 33 56 -20 16 71 54 24 71 1 10 25 95 -92 -47 -14 85 100 -38 24 -23 -70 -44 -64 35 -70 32 82 -63 -96 -41 78 -95 7 42 38 21 41 -9 
-5 16 77 11 24 78 69 59 -11 -3 2 -14 -98 -59 68 14 83 -36 -76 -32 -12 38 62 -24 67 10 -65 -67 28 99 21 65 -5 24 -76 51 -14 64 79 -8 34 61 36 -82 -48 78 12 -26 -1 12 76 15 -35 43 86 39 100 34 82 -72 -35 -87 2 34 -61 12 23 51 -43 -28 -100 63 -51 -41 83 45 -66 14 13 48 73 -19 -7 -68 -5 -74 -89 84 23 82 72 44 29 60 67 -78 -89 41 -44 69 -47 -3 
-16 79 -96 -72 -14 -91 -91 -39 96 64 94 -71 19 -18 77 98 -69 -38 93 -13 58 64 -91 -42 -87 -30 68 -83 21 98 90 69 -73 74 12 20 -71 -67 72 57 77 24 -54 86 -11 42 52 52 -56 96 64 50 -69 -58 71 -52 38 -15 93 42 73 -13 98 -99 45 56 40 -79 67 -39 -97 -4 -99 -81 8 45 32 82 -63 67 -34 11 72 47 63 -57 82 -25 9 87 -80 97 68 -3 -8 97 55 -15 34 -87 -46 -4 
19 81 -63 50 19 98 47 52 -84 69 -74 32 73 41 -55 34 97 -50 12 -96 -5 83 95 66 -68 79 64 81 -85 -64 33 56 75 -44 97 -39 -81 82 17 -63 39 -51 22 47 -83 -87 11 4 -26 72 82 14 50 -67 12 -88 -71 -58 -30 -43 -36 46 -36 74 -36 62 12 -14 57 -78 52 19 86 45 59 29 99 -53 -50 -44 42 -38 -46 83 -11 44 -31 -42 100 -69 27 -13 47 -23 -41 18 87 -78 -2 -51 -40 43 
-35 -95 -22 69 6 -14 -31 31 -46 -39 -64 16 -93 -2 -24 16 80 81 -29 71 -85 -8 78 -3 -80 0 -54 51 -47 -25 33 18 81 20 -36 8 78 -87 87 12 -90 77 52 -31 75 55 -82 -27 -68 -18 24 91 73 13 10 -84 22 62 -78 94 53 65 63 -10 -23 -46 -55 72 -15 24 36 76 -75 -96 -91 -26 -63 33 -76 -7 -93 -5 88 0 -10 -90 28 -61 -48 48 -20 -63 -5 -30 -99 80 -46 82 81 2 14 -65 
15 -80 46 -60 -61 47 1 -77 -51 0 -26 -48 -24 -53 14 40 -86 -31 0 -51 -8 59 17 -5 -91 70 96 41 -20 41 23 81 15 59 59 -83 28 68 -5 3 -89 37 95 -61 32 -9 -91 -45 -39 -39 43 47 -99 33 -24 -65 -24 -77 -1 -29 78 -44 -83 -76 100 11 38 96 -25 -37 6 -43 1 47 14 -29 -2 -53 32 95 -93 -26 90 -37 55 -66 -46 96 95 73 -48 -81 92 -79 -60 6 -70 -16 -81 -56 31 -69 
40 -59 54 -79 -95 91 7 3 70 -58 -17 17 70 -86 17 -93 67 56 25 1 27 -98 63 63 -55 42 7 -62 -20 -80 26 -49 -44 7 27 22 -53 -56 46 4 -24 -35 19 98 27 87 -44 13 -50 51 -49 41 71 43 35 -46 81 -54 28 33 -62 85 -10 -7 45 -1 -19 63 -95 -67 -15 59 88 -65 -94 -79 -40 -59 -30 -49 8 9 -70 15 -33 52 12 27 59 14 35 65 56 70 -35 -5 -85 80 -85 -38 50 93 
39 -82 -22 25 88 88 -76 -94 -27 71 80 -48 -11 43 41 -9 4 -17 39 -24 -21 -57 -31 86 99 -88 32 73 -34 68 -16 -14 -15 22 -56 30 90 -75 65 -53 -77 38 17 -51 56 -5 -21 85 -49 19 87 61 -49 46 19 26 -61 20 65 -23 -2 -11 -58 38 -27 15 83 -77 -14 50 25 67 -78 98 43 42 -3 59 -48 -96 40 59 -93 -14 8 -35 55 60 13 -17 -24 56 -82 6 62 -64 -73 -62 94 44 -43 -63 
83 -7 45 3 54 8 31 49 54 -46 90 -7 49 49 -4 93 44 -26 -1 1 87 -55 -75 86 22 52 -48 37 83 42 20 -68 -92 92 -13 -24 16 14 5 -67 -17 -67 -7 -78 -21 -54 75 -74 2 -94 -22 96 -85 -61 36 30 -2 -51 32 -11 82 83 19 69 58 63 62 -10 100 -3 -56 60 -1 49 68 20 91 -49 -54 -61 31 -23 -54 -63 56 -62 -3 -26 52 -44 -28 8 -26 -99 78 -77 -27 -29 47 -66 7 -67 
-88 -16 -33 99 9 -64 17 16 -31 54 24 -99 42 15 77 84 72 -31 14 -78 97 -43 -67 -94 -40 37 36 -98 31 2 96 40 51 10 -74 12 68 -20 -14 74 94 -23 -70 -29 -13 -67 -50 -56 -36 16 69 96 77 -51 -29 95 -99 -89 -83 -94 26 56 -18 62 24 -23 -96 -90 16 38 33 28 21 -90 92 -55 99 -83 -84 100 15 82 29 21 76 52 46 -88 -10 -68 31 -80 -39 -80 -48 -2 93 -41 49 72 -60 71 
47 36 36 -53 -73 73 54 91 -33 20 -60 19 51 23 -31 -28 81 -26 70 -93 -9 -82 -45 -98 -2 51 -100 -87 -99 63 -19 -50 -20 80 20 -47 1 -27 -13 -3 -31 -7 34 18 -43 -42 -72 -95 47 31 -99 45 -41 4 -91 35 -41 -77 81 -63 -52 -18 89 23 45 -73 78 97 36 96 -66 -82 -44 47 21 9 -9 -8 -11 -34 -4 -99 37 82 -40 -30 -9 -99 99 92 -24 30 61 22 80 -40 11 -61 52 92 52 -65 
56 -76 10 -29 -77 100 -78 -98 25 21 -82 88 50 10 80 -49 -70 -66 70 -33 -62 -99 -47 -72 16 -64 3 63 -52 2 62 -18 16 -42 13 -62 -30 14 -55 12 -45 -36 -55 -33 40 57 -21 1 -97 44 -71 88 -20 -94 94 -57 24 0 93 13 -4 -39 -15 -22 -15 -24 33 13 78 60 77 -62 67 41 -73 -82 35 57 51 -45 93 14 -12 1 -38 -97 -26 91 40 17 -60 59 76 97 21 -3 95 8 37 -31 71 -43 
-14 75 63 63 -43 65 -31 26 80 71 20 42 -96 77 29 47 -65 -8 3 55 37 26 28 19 -12 98 -75 24 -14 47 -80 -59 90 95 -28 74 72 58 6 -69 2 8 10 -62 -76 54 -13 17 -45 -22 14 -59 -64 69 -22 20 -76 84 41 24 2 -39 -19 72 17 -71 -1 56 -10 -22 96 -83 70 -27 -15 10 -2 24 75 62 -17 80 -57 -82 -4 -90 -4 -13 8 50 51 35 -25 -49 -61 19 -5 -22 19 36 -9 79 
-31 -31 11 -81 30 -26 61 55 23 88 -8 16 -87 18 54 87 69 -80 -73 -21 32 -23 -64 -65 60 64 -46 -68 -27 33 20 -63 -33 -15 -54 -47 -13 -57 -68 30 -32 16 -15 -39 -79 -26 -35 -31 56 71 34 -74 18 38 -76 56 97 -31 1 -16 55 6 -15 -43 63 -10 -1 -57 86 85 -20 0 -54 31 4 5 -14 -78 -26 99 17 -73 -64 -49 98 -80 -84 24 2 5 17 -47 -100 39 -9 -19 12 4 69 -7 87 -81 
0 -60 89 -56 -98 98 -56 -22 -50 35 -37 -19 82 -59 -59 46 52 -38 45 15 -85 -51 -84 35 100 -9 47 2 88 14 67 -21 -40 68 -42 5 -77 -17 61 -7 100 17 30 83 -21 -64 -25 78 75 44 -65 -29 84 45 -91 -59 -65 -16 -44 -19 99 -92 -32 10 -25 76 29 74 30 -26 44 -40 0 55 -66 78 -48 32 -65 -99 -90 78 4 77 -71 -63 13 -68 70 30 0 -83 66 6 92 -67 73 -91 6 91 51 8 
24 83 12 12 -61 36 -56 -53 -73 -18 71 -60 33 5 -90 -74 -48 -77 -55 47 9 -72 100 -41 48 3 -96 -74 -54 61 76 44 -17 89 -50 83 -84 -38 -56 -84 -92 -79 -14 57 -98 37 -32 72 -80 -50 -21 -27 31 -71 23 43 54 -30 52 42 13 32 -86 -1 4 78 98 8 5 -2 72 93 -24 41 -81 -70 33 87 -46 -25 82 -28 14 -52 50 -5 -53 -35 95 -60 57 54 -21 40 57 18 68 -57 73 33 74 1 
-19 26 32 -83 10 -91 -14 68 50 -12 42 -11 84 -18 -94 9 41 -72 72 47 22 60 24 45 -52 38 -82 -16 35 2 82 18 68 57 98 100 90 -30 26 -36 25 -60 44 -7 40 -94 -10 72 6 99 68 -89 -76 -47 -81 37 10 80 81 52 -51 100 -16 92 -96 35 -90 -33 -62 71 -21 -78 -43 0 78 66 -59 94 34 -48 -51 -64 55 -34 42 58 -87 84 -68 41 40 19 -59 81 95 7 73 -56 73 -72 58 30 
-97 6 29 -94 -25 -70 92 -88 -66 -57 -36 25 -89 -78 -46 40 -45 -8 -92 60 -25 -56 -48 -15 -58 10 -75 -36 72 7 -15 -72 66 83 79 -26 58 -63 8 -92 -86 -47 98 -37 -66 -59 55 66 -94 -81 -59 36 14 62 -62 60 29 87 -4 -18 12 -33 78 -20 -83 55 95 -72 23 -48 80 -38 70 67 88 -38 65 -39 30 82 -86 -54 -55 -82 -23 61 31 -55 -63 -97 -12 93 17 -68 -71 -76 -17 -69 -48 16 87 -58 
100 -67 54 -22 83 -57 -48 73 -93 93 6 39 12 52 -99 33 72 -67 -64 -51 -37 45 -63 -68 -36 -6 52 99 47 30 13 97 -48 16 51 -47 -22 -96 -15 91 -32 59 40 40 -70 -58 54 -22 -78 40 -65 9 -98 -69 -16 10 69 55 74 73 26 78 1 58 -89 44 -66 -42 43 27 -87 -7 -74 43 94 93 -34 -74 20 16 -1 -66 96 -29 76 -23 19 -11 36 -91 61 -94 3 -45 0 83 -54 56 60 -82 52 5 
32 -59 80 27 -98 80 -55 -40 -59 -100 -80 -97 24 27 -20 12 20 59 -43 92 51 -24 -65 -87 -6 -38 99 -48 5 -5 17 -32 -95 73 13 32 82 -82 1 20 13 -44 -8 59 -59 100 -17 -54 93 -71 -26 -45 -36 -77 75 -10 10 78 50 68 -74 41 -77 73 63 -75 91 98 -51 -95 17 64 -59 -46 1 79 72 -90 41 -65 -78 87 81 -85 32 -23 -15 15 -7 -39 76 -61 -71 -24 -41 -67 73 85 92 74 38 -30 
-8 -49 -34 16 -56 -48 -94 -58 16 -10 -83 26 37 86 -40 30 -67 49 60 90 31 -71 -98 -15 -43 -19 96 -40 80 -75 2 82 -3 -60 -25 -45 -83 1 -1 17 -75 32 -13 -60 20 -92 -25 94 -52 92 -90 -15 -77 52 0 51 -27 10 61 -64 -20 82 64 -90 -97 -72 99 95 -5 -93 22 -19 33 90 67 81 0 -13 -54 -38 -55 66 -69 6 -75 -91 -90 89 -69 92 28 4 -74 18 -35 97 -93 -77 97 -72 -93 12 
-37 -84 74 41 23 72 -48 11 89 -99 79 77 48 85 -39 -36 -41 -21 54 -62 -33 -39 19 72 -7 -34 20 13 11 5 -30 -24 84 38 -72 50 65 1 92 35 4 -54 59 0 -36 -92 -7 -11 -2 -46 -92 -68 24 52 15 -5 13 70 -99 -94 -24 -49 8 -32 -43 -74 -32 -57 25 -36 -14 93 43 26 85 40 67 1 28 94 -62 77 93 -50 9 71 10 -10 -8 -52 -23 34 43 -26 -74 -54 80 -45 58 -10 -1 82 
5 -28 1 96 9 -87 -98 93 78 30 -95 -82 28 53 -90 2 64 74 16 -67 30 60 -55 52 -64 31 -90 -9 -68 -37 -88 22 44 -72 51 44 60 -36 -75 93 -19 -17 5 -61 100 -77 -53 -73 20 -7 -60 78 -76 -38 50 97 -84 -27 78 -57 -79 -46 -14 -2 -81 98 97 14 -11 -56 66 -98 -62 -28 97 67 -48 -25 -65 73 -42 54 51 12 -76 20 -7 -32 86 3 -32 88 -48 -20 82 -30 -87 -48 -38 97 -13 -19 
-31 27 53 -47 79 -84 82 45 88 -32 -100 -100 -99 35 78 -38 41 50 11 -69 -17 -13 -95 28 -48 -33 -77 14 16 -24 -26 58 16 -72 -65 -20 -50 73 31 19 93 46 47 24 59 78 -5 38 96 -23 -24 83 23 38 -5 -47 65 71 -37 4 -36 69 49 -72 94 83 72 -44 -96 -96 -15 -60 -80 3 -37 2 -24 -91 -48 -64 74 81 -66 76 -2 -36 -52 66 -19 -34 -29 -56 39 -98 -82 -99 10 17 -13 10 70 -56 
23 89 -47 8 1 -72 76 -43 -65 36 84 81 -25 -13 -91 -66 12 59 -41 100 -82 5 -99 -69 45 -93 -39 -37 45 -53 85 1 -44 -89 48 -37 -29 78 7 22 3 48 67 -54 68 16 -46 79 -40 -61 66 13 -72 2 -58 10 6 -24 -62 -12 -73 36 100 -65 38 14 -33 -85 41 -56 67 59 45 -63 95 6 -23 77 -36 -22 -71 -60 60 -70 94 -13 50 38 -16 62 35 -69 -44 17 -15 -28 5 45 55 23 96 36 
45 -48 17 98 75 72 57 -1 0 -96 53 -9 82 68 -1 87 -85 70 19 -82 -52 -22 43 90 -96 -32 -16 -90 -32 18 67 -26 79 -93 -91 45 21 -83 -51 -100 -54 31 -78 18 -33 -55 -51 38 -34 45 -69 -31 77 42 -24 38 -55 27 -10 -81 -44 -21 28 60 36 34 -60 -83 -77 68 86 -35 52 95 45 -98 -84 34 3 26 -70 -22 69 93 67 -72 -99 64 15 65 31 5 49 44 58 -55 6 -54 47 -55 -17 93 
80 1 73 -73 38 18 -59 91 -97 -94 -16 -67 17 87 -48 -99 -75 24 -52 17 10 -10 92 89 -87 67 -85 9 -58 -26 57 64 -33 -48 -37 -5 12 -74 62 -67 24 94 26 -9 36 4 -59 99 65 22 80 -48 83 67 -58 96 -17 -67 12 -53 67 -86 5 -90 -99 83 66 -50 -61 -95 -67 -93 6 25 86 -95 -91 -81 2 -70 -82 -51 16 81 59 76 -48 -19 39 31 -37 98 63 36 2 -53 -62 -28 0 36 -85 -72 
75 -13 -37 -64 -40 17 -76 -37 -10 -11 95 83 -12 -85 16 -49 23 -83 -27 -67 23 33 -62 94 58 47 74 -12 -44 19 5 35 23 71 -73 -16 82 -16 -46 -8 -73 -9 -50 -17 100 -81 -2 -38 49 18 -64 -32 -76 -76 8 50 91 78 74 -49 -21 67 -18 -4 -58 11 60 -43 -84 32 82 -80 -30 24 -64 -98 98 73 -17 67 66 -89 54 5 75 -32 23 24 -34 95 16 -53 -90 -6 -52 68 63 90 59 -13 46 75 
20 -57 -18 82 -89 84 99 18 -66 -32 9 -71 -100 84 41 15 20 39 -57 -53 -91 23 -76 -30 -46 1 -86 -26 -26 67 -73 93 -76 65 -54 99 -45 -20 -71 -86 69 -13 15 -19 47 25 27 -95 -79 46 -26 32 -74 76 -37 85 -58 36 48 74 26 -53 30 -5 -93 24 32 34 4 -91 -19 -59 -87 -27 30 -100 18 79 -53 3 48 -100 -78 -84 -73 -10 80 28 97 89 100 19 81 100 -38 28 34 -76 -59 89 -12 75 
-78 -55 -80 -8 -28 -28 26 3 92 47 -71 -42 -74 63 37 -52 -88 -21 -39 -10 89 -45 68 61 70 70 -22 59 -75 86 -70 35 24 87 -71 4 -9 -20 -42 -21 81 94 -62 27 90 -91 59 -97 -15 -96 -83 -87 18 -6 24 38 22 -21 59 40 -73 -27 -39 -23 51 95 -68 11 -10 39 -56 -89 70 73 60 -10 60 -83 -48 -76 78 -22 -68 94 98 85 67 93 22 -77 -16 75 30 -99 35 40 9 -49 89 -5 -14 46 
-23 -36 -7 47 -60 84 83 67 42 -55 21 42 57 50 -25 49 -60 -4 -48 61 -70 -52 47 17 64 -100 58 95 45 83 37 -85 -86 75 -100 -27 74 42 -94 14 38 -57 73 -98 54 87 91 -75 -94 61 51 3 22 -7 -81 72 12 -50 36 58 -55 -54 10 -15 -68 67 -10 70 -36 1 -1 -87 -54 -76 -94 16 78 8 87 91 -9 -22 15 84 -3 78 89 -82 92 -14 46 -89 60 78 63 54 -42 -25 30 -3 76 76 
-34 33 29 79 -11 2 -77 -92 48 75 84 -98 -64 -98 -14 24 90 -43 32 49 100 -100 93 -96 16 88 -38 83 25 24 -91 -20 -56 -5 13 46 -32 -45 -19 -33 -19 -40 0 84 -77 -17 12 100 23 -81 -4 -85 -17 -59 -88 79 -10 -33 68 -85 32 -81 -30 -68 -18 58 46 56 -5 -71 22 86 -59 -16 -19 39 -62 1 53 -15 79 11 70 46 -28 98 -83 54 32 -54 -71 -7 54 -12 7 5 -3 19 49 27 65 24 
-27 -83 -53 -42 -33 -13 -62 72 89 8 -43 30 -52 -16 -27 -74 -39 84 57 -51 26 100 -52 -38 -12 1 33 -82 23 -17 38 -65 -23 36 75 -48 -42 -42 75 70 4 74 43 54 1 11 -93 5 -77 -84 33 -18 21 -1 55 -3 15 -21 29 -93 -8 88 -73 -82 -100 14 -91 -56 38 -25 -14 -5 -81 -7 -49 4 21 99 -17 -29 -14 8 76 -62 42 76 91 28 60 -94 42 13 57 92 21 -38 69 -27 75 76 -51 -42 
-84 82 85 61 -91 -85 15 21 50 -52 8 22 38 -86 69 -30 -35 -25 -62 10 91 74 34 49 -85 -80 -1 -50 -93 -59 -22 -54 -80 -100 3 -9 41 -54 -77 -80 91 -18 1 -40 10 13 -50 -14 56 -94 68 56 -61 -76 5 45 87 -89 64 88 67 -87 -71 53 90 -6 60 -11 34 -12 80 -33 58 64 -94 -22 12 63 -77 0 18 -99 -49 71 13 -55 55 -57 27 -81 51 -66 -60 11 -24 -74 17 74 39 91 -22 -34 
-46 36 -15 -37 28 75 4 -19 18 35 -55 -71 1 -49 -53 63 61 -99 11 -82 -48 -72 -13 -90 -60 46 91 34 89 86 17 -58 30 74 45 51 -49 70 31 -57 -48 36 -92 -31 87 -91 -31 64 77 -10 -70 -6 56 -17 -79 85 98 38 -84 35 -71 -48 -17 2 20 -19 89 -23 86 -92 -65 48 21 -83 -40 -52 -75 59 18 14 75 -1 64 92 -96 -42 31 -7 24 57 69 -98 -41 89 -61 -97 -89 -14 26 41 -64 -47 
10 -9 34 6 8 72 -10 -16 93 38 21 -69 -98 57 69 -18 -52 4 2 97 -15 -4 48 -7 9 -98 -44 32 87 -82 92 0 16 36 -75 -42 -48 71 67 51 90 -48 8 95 78 -91 33 -87 96 64 78 -82 17 41 -13 41 -41 93 -13 62 79 25 2 -20 -57 -11 32 72 98 -7 30 3 -82 -86 -67 79 30 -92 -8 50 87 88 27 -47 -10 83 69 -24 -29 -25 74 57 70 -55 -31 -9 76 73 -14 -30 -71 -91 
59 97 57 66 28 -29 -65 91 -80 77 99 -32 67 81 -78 6 28 -17 68 85 -37 31 72 93 -24 -84 -90 -43 -78 -65 12 66 -73 76 -68 56 -77 76 -73 14 -10 67 10 94 -17 15 -65 -83 -41 -74 -21 50 6 -23 43 -17 27 -89 86 -64 59 -37 -6 -55 -6 -23 47 -6 -69 -46 -34 15 -86 65 -1 -75 99 -16 89 -41 -52 75 -91 16 17 17 -3 -8 80 -61 -58 -88 -67 13 50 -66 -6 36 77 -11 9 -24 
13 77 53 -25 -40 6 -91 13 4 18 32 -8 -4 -7 -75 52 36 -71 92 73 13 -78 -30 31 -80 97 100 -89 63 77 27 44 100 -39 76 33 87 11 -39 90 9 -26 -87 -37 19 69 99 -30 74 -60 -52 87 -56 -70 98 71 90 43 -69 -83 29 10 32 -27 -2 91 41 82 -86 -20 93 -5 74 0 16 32 50 -51 19 -41 96 -22 64 -21 80 9 2 85 63 -86 70 82 91 66 -32 -98 92 11 -56 -20 33 -41 
-77 -81 65 94 35 30 61 59 82 -38 57 56 -89 75 -58 31 23 17 -75 -31 -54 95 -63 -51 30 3 -8 41 22 -78 65 51 1 -74 -10 7 82 12 -40 31 84 -97 -83 8 75 2 28 -48 -57 11 -86 24 -42 -58 14 -44 23 68 58 60 72 -22 53 33 -100 -83 -28 -35 -21 -12 -56 91 95 -54 63 99 85 -29 -65 65 68 20 -41 -60 -72 39 18 -94 22 -96 -85 -73 36 1 -33 99 -23 -53 -51 -65 38 -42 
-23 86 20 -73 -92 -24 -85 -42 16 77 95 -64 38 90 38 -75 97 -85 -73 12 69 -56 55 -92 29 45 -75 -30 -44 25 96 -56 86 -31 -57 74 55 75 -21 -57 -40 21 82 -78 59 -59 40 85 67 95 -89 -55 27 -4 67 76 43 -60 -57 57 -54 87 -18 -23 -67 64 -46 41 -44 -23 -79 -40 4 -10 -55 57 -100 90 -32 15 73 39 -24 28 -92 30 -5 -93 53 97 43 83 -26 -48 -3 27 -49 35 65 -16 -52 -98 
67 1 70 -5 -37 -17 -72 -99 -90 63 -69 -6 -7 -98 -34 31 24 18 -99 66 26 -8 36 -78 -32 -58 9 -49 62 -42 2 72 22 76 -78 57 56 -72 25 -98 32 81 53 10 60 -81 96 63 61 -13 21 -15 3 -22 9 35 63 78 -7 97 -16 95 -86 93 15 73 -27 17 -79 -32 -60 -65 12 83 -100 -27 32 70 4 66 91 31 20 54 81 87 56 -12 -11 37 -40 19 56 -48 -9 -32 56 -56 -63 -16 -96 -32 
-44 -45 -20 77 39 78 -77 -94 19 79 64 -51 -49 61 -18 100 -74 -4 97 -53 -87 -10 31 11 11 -15 77 -27 42 45 59 -85 -72 50 23 47 2 70 93 62 59 1 -19 30 86 36 94 27 -86 -4 66 8 -47 35 43 -31 78 18 -58 -31 -9 -33 -99 27 -67 -13 84 7 -39 -61 -68 -7 -15 37 -97 -17 56 -93 100 34 -16 -15 99 -87 -66 42 28 99 -34 11 98 -100 -75 -34 -91 54 99 -93 78 -37 12 31 
99 40 74 85 -33 37 7 -68 -67 82 -68 18 1 -6 71 -71 -12 -100 40 -69 -77 56 -5 -94 6 -40 -18 -28 10 -60 -89 98 -48 98 -30 -50 -32 57 -22 82 16 -58 71 77 -44 53 -21 -53 36 65 28 -49 87 37 25 -79 -56 41 95 15 10 -28 -20 77 -17 3 -45 -41 6 -68 79 -2 -29 88 -42 -100 0 50 76 85 -14 31 12 -5 -45 78 -60 74 68 -77 13 56 6 2 55 15 -6 96 -51 91 -52 33 
47 -88 -77 1 91 -9 88 -65 -32 12 11 -45 -22 -30 -5 -39 39 78 85 56 -15 -43 74 -55 64 -39 22 80 -21 -34 94 81 -37 79 -35 -48 92 -21 -1 95 37 -19 7 83 -71 -40 -18 -7 -79 -45 -35 -75 -14 4 35 20 94 48 17 23 -23 54 68 -6 -65 -83 -33 -39 20 -34 -47 -78 77 4 -26 -37 -93 5 -41 32 16 -28 39 -85 -97 12 14 32 -70 -42 -37 -6 52 -28 -33 3 89 83 2 -86 -35 -82 
3 21 18 3 -53 -16 32 90 0 -19 -82 -5 28 94 -66 -31 -54 -17 -2 -75 99 45 84 28 76 -21 37 -21 -34 20 -28 1 -68 29 58 -29 100 96 -53 -29 -90 -25 -81 -78 -18 -60 -93 60 -43 31 65 -44 83 -14 92 -61 85 80 50 11 -44 22 -5 53 -4 -38 -71 67 -57 -4 -18 17 -100 -12 -2 -43 -4 2 60 -92 85 20 50 -45 -37 -61 -67 -60 -8 80 5 -20 54 -3 81 -44 -45 51 -28 66 -95 64 
74 -73 -11 85 56 -14 -30 43 0 -32 16 69 47 -39 -61 -47 -85 -19 -51 97 -18 8 58 67 -11 -53 -96 -23 -6 -52 -52 -99 49 22 -28 -14 16 1 15 -86 74 -77 -20 -73 98 84 -24 -67 -54 -47 82 9 51 -38 -74 -17 -65 -30 2 -93 87 -10 14 -78 21 -94 80 40 65 93 0 -24 10 37 -52 91 84 65 56 -7 93 -86 15 71 91 -37 24 87 23 -29 80 -59 76 88 72 55 -3 11 -97 -54 49 -34 
81 87 70 -90 89 -24 70 -78 -4 64 -17 -70 -24 -81 -42 34 10 93 -8 -65 15 -13 -70 96 25 82 -52 3 -49 36 25 -11 -11 90 36 97 36 -34 10 30 46 -29 -38 -73 42 79 -57 36 54 -69 72 25 -65 61 10 91 85 -100 -6 21 -29 69 -81 -32 -56 -70 -6 -32 54 -86 -91 -68 -53 89 -58 -42 69 -54 58 -1 -21 -13 86 -10 -27 65 15 0 -4 -24 38 -67 15 69 71 93 19 55 -94 -15 75 -44 
-100 -67 26 89 7 -33 -32 -3 79 86 -64 33 -38 -6 -41 35 69 6 -70 -1 31 -27 65 -15 100 66 -59 -5 -15 79 23 -55 -84 30 -2 25 14 88 -37 52 -37 98 55 -94 9 -84 -78 -77 -81 -34 -62 -51 -17 46 -57 -8 64 55 90 -54 -3 -77 -27 39 -8 68 14 23 45 79 94 15 -76 -81 -29 96 79 -46 -30 43 63 -42 5 64 -2 2 -55 62 -30 77 -25 -91 -73 -14 -16 -90 -1 -7 -48 37 57 37 
44 -60 -75 5 45 9 58 12 -72 -50 34 42 79 -1 9 -47 0 79 -59 48 80 -6 -35 58 -81 -43 -31 67 -37 -76 -17 -86 29 -2 -69 -52 -57 -1 41 41 -91 91 -24 -5 -6 65 34 -65 3 -76 38 22 12 82 -40 4 -95 90 95 -61 -94 90 -20 -1 -51 -18 41 -51 15 31 31 61 90 33 20 64 -24 86 -59 24 84 -98 -33 0 32 92 -58 -34 6 18 65 -69 42 80 -18 -96 -48 -32 64 -41 -22 55 
82 -15 22 -87 1 94 -21 -6 77 -56 35 -58 -26 67 -57 -83 -91 71 99 -39 46 -84 -35 19 90 -78 15 1 -69 -69 -41 8 52 27 -99 -28 29 -30 -91 -100 48 35 -65 -72 -3 55 -7 -86 92 81 17 12 22 -24 -62 84 31 -13 -69 50 7 44 -62 39 56 9 -32 -3 94 -11 96 92 83 55 30 23 -37 86 56 100 -30 -24 -14 -28 99 96 -75 -36 96 99 -25 25 -75 -77 -58 53 -61 -95 -96 -40 -15 36 
20 5 -66 -11 -46 -40 -44 -64 -87 10 -20 -90 -67 42 63 35 67 -73 42 55 60 25 -64 0 -100 77 -11 -15 37 64 85 -49 -85 -15 -40 -35 70 -77 -92 -65 -31 25 -87 50 -65 29 -49 91 65 -95 35 -42 -71 94 -33 -39 47 1 -39 -12 21 73 -69 -47 -30 -81 -43 -5 84 -39 31 -70 68 42 59 -59 94 -86 -20 -70 98 -6 49 61 -100 -99 50 35 32 -59 60 6 28 65 -93 89 -63 -8 -40 90 92 70 
-45 -9 -15 65 -57 -93 -100 91 77 26 1 -79 -45 -57 -27 -60 -30 16 -13 -31 27 91 74 -88 -59 46 -33 86 -50 54 -1 79 -78 -24 33 -49 -94 85 73 -54 83 -48 -65 76 76 87 -1 44 -37 -64 -61 -81 29 70 -59 -15 -61 -98 -65 85 -19 97 -38 94 -22 -58 40 73 -72 -84 -15 83 49 32 -93 -42 -36 -77 -70 73 -52 -35 -13 -81 -90 -58 5 30 -68 -75 45 87 -42 -80 17 90 15 -83 -72 79 -9 53 
19 -24 59 56 29 -9 62 29 2 17 11 58 73 -14 42 -75 35 70 0 11 -76 15 -60 -22 68 75 25 59 -66 -28 -11 -87 59 -82 -62 -59 -8 5 -20 -7 64 26 55 35 15 99 31 37 -85 -6 -95 25 57 30 -61 14 15 94 98 78 -31 -2 -16 36 6 -99 -53 -34 -28 -24 -49 -11 -59 93 71 61 95 42 -65 29 -62 -100 -83 -16 -10 -45 -49 15 -44 -48 -24 -93 -33 39 -53 -50 90 86 62 -1 95 44 
-39 -86 -11 74 75 -49 38 24 37 52 10 86 87 89 90 93 -24 100 10 88 -39 -18 -15 -84 -2 43 97 -38 27 45 -14 -69 100 83 84 14 45 -25 15 64 62 71 -66 -7 -44 -60 -75 -97 -80 66 -38 0 72 -3 81 10 -61 -65 93 -6 8 92 87 97 88 36 1 3 -55 1 -19 99 68 -30 -92 -53 -14 -29 84 -18 -53 -72 -48 -60 52 -98 -4 29 -22 -40 -81 53 -38 -77 0 -17 -17 -41 -63 34 -2 68 
32 -82 -24 2 -51 -95 -47 53 84 -58 50 64 19 -47 90 -83 70 -2 -55 99 33 -13 9 82 45 51 -45 -34 -37 -99 80 64 -95 -28 68 74 -28 95 -80 -89 10 1 -80 -57 -16 -71 -21 16 5 48 -42 18 -41 33 -84 48 -45 -91 33 34 24 1 -76 -23 -7 -62 31 86 60 57 -26 -72 -5 19 56 -73 -47 -40 -54 -44 60 -80 -26 68 1 11 -62 -37 27 -18 37 -88 15 8 -48 99 47 29 -85 48 -66 94 
93 -49 25 39 -4 -56 55 -100 7 -34 53 82 86 -25 57 10 73 -68 -38 -79 -31 83 -86 -31 -96 6 7 6 40 -97 -90 -40 -77 34 -9 36 -99 -67 -64 91 -95 -29 86 91 16 52 -59 -93 63 -36 -84 -48 1 -17 -17 21 0 -7 -36 -72 13 38 5 3 41 35 -79 10 -29 68 -95 -23 32 44 -69 -66 48 -98 -79 -69 74 -69 -71 -31 -44 46 -76 -84 -3 31 -13 -90 -52 -23 89 16 -78 50 97 98 -62 49 
-13 3 -47 -24 42 -32 57 90 48 55 63 -68 -25 62 -1 46 -90 80 -65 81 3 15 95 -64 26 -80 -5 55 -95 67 -34 76 10 -10 -5 -17 -34 67 73 99 9 35 -31 -82 -58 46 19 -96 23 -77 76 75 33 -46 18 -97 -30 -77 -49 -25 31 84 13 85 -90 -13 26 -13 -6 32 -99 16 -26 -19 -91 -33 -31 -81 12 -89 -51 -6 72 -34 -26 82 40 17 47 100 -5 22 -75 68 -93 15 -70 -31 -57 15 -45 16 
-22 -97 13 -29 -24 -21 24 19 -32 5 5 -80 91 35 97 83 79 -55 76 -4 -3 -99 -29 16 85 -51 22 -100 14 -62 99 1 18 -67 -48 42 58 -82 -62 -82 3 -85 61 0 13 66 -13 60 -97 90 -41 -79 -21 93 21 -88 32 28 40 -56 11 29 23 -17 -98 -74 61 -20 3 72 34 10 91 -90 -21 88 85 83 50 -80 -15 -1 -67 46 -31 -3 33 58 6 28 -95 37 -84 0 -62 81 -72 -54 -77 96 -97 -96 
97 -16 -55 -29 81 -32 98 57 6 -45 59 63 48 -9 74 -42 30 87 45 85 -1 62 58 -38 -66 -71 26 -5 84 -69 -16 -9 52 -53 -96 -98 -95 31 24 -31 62 72 -60 -44 11 31 28 4 57 58 15 62 73 -10 -82 20 -78 14 36 67 -13 11 -53 32 85 -23 5 34 51 31 -80 -57 58 -88 100 72 -51 -17 -44 -50 -41 -79 95 -77 51 -38 -24 84 32 -17 73 56 38 31 -17 -49 59 27 -79 53 13 55 
-54 95 -2 -65 -67 96 56 9 21 -55 -39 19 94 -51 39 93 20 17 43 99 38 69 55 24 -72 -65 37 59 85 -24 5 -83 -51 84 10 -74 57 -78 -24 -95 23 -95 18 61 13 -45 -21 68 -51 53 -35 -82 65 -57 46 37 49 -16 90 84 -26 6 -80 14 12 -55 -23 -25 34 -78 2 -43 39 2 9 -76 -14 57 -40 61 -62 95 0 -85 22 -32 74 -89 64 -73 15 24 34 -25 -74 -94 19 75 -90 30 31 -13 
1 77 -79 42 -86 -3 12 -70 24 41 -59 -14 -96 84 -6 63 49 -10 43 89 -59 -18 60 -76 -37 -38 -22 -67 38 -85 6 -19 89 59 76 91 -69 27 -26 -64 -69 -97 14 -85 -64 70 67 7 -43 -25 54 -89 97 93 -30 -84 -91 -18 -74 11 -15 85 29 25 6 68 -51 -100 66 -30 95 -33 -85 44 26 -14 -99 52 -49 -70 69 4 74 1 52 64 -12 -9 -98 -76 77 11 -29 84 79 77 -18 96 57 18 22 -48 
-24 69 -48 -55 -67 33 32 92 -98 -98 29 91 52 6 85 -35 63 -49 89 -32 -51 93 52 91 -78 -46 -5 98 -41 3 16 -31 33 -60 -85 19 49 -64 -31 -70 76 81 -66 21 95 81 78 5 51 87 -29 -22 58 -16 -33 79 -70 -47 -24 3 80 -67 -15 9 52 3 -52 -44 -85 95 -31 59 89 -89 -16 21 -8 34 -28 91 -68 31 -19 -95 16 4 -2 -50 -38 -2 -36 -49 30 -40 21 -93 -98 -58 -27 -71 -12 50 
74 -17 -93 85 -28 -72 -32 -49 -44 46 46 14 -44 -8 -100 -100 20 43 -9 98 -57 96 -35 -96 -99 -77 68 -76 -88 -95 -93 53 -49 17 1 49 7 35 31 -83 -27 -54 -98 36 88 8 -5 -97 -34 8 57 -17 91 -99 -99 -46 43 -96 82 92 -53 11 -64 -5 -9 -85 -40 -24 59 86 37 -97 -46 23 18 -54 76 -60 -72 -58 46 56 49 44 -49 -56 -31 -49 56 -29 80 -80 -52 13 43 33 -63 -71 36 83 -98 -55 
56 100 -83 -22 27 86 57 -78 -3 75 7 -65 17 -47 28 -46 69 -70 -88 -17 -36 67 33 -12 -12 18 -85 -31 1 3 29 -79 -41 71 100 -80 14 37 -70 -89 -10 36 69 25 73 43 -58 74 -86 -58 77 83 -73 20 42 -26 -83 -26 94 73 20 26 -4 58 -52 10 53 -89 -27 95 -33 -97 -14 -59 91 47 -44 -98 -32 -5 89 -56 45 74 -13 -4 -94 -99 -2 -62 96 -63 -2 -26 8 -18 61 -96 18 -19 -6 -67 
61 48 -43 -82 12 -93 -99 -51 79 20 -26 5 40 -90 88 -61 77 48 -30 -71 99 59 -61 52 -15 -73 68 58 -34 -38 -84 -98 -37 1 53 90 -19 -90 -39 -42 -84 -48 53 36 28 -59 60 12 -66 -4 39 -47 75 30 79 83 51 53 96 21 -24 -21 13 -37 -83 83 -22 -73 55 -17 38 16 -61 50 80 -5 -19 52 93 44 -73 -4 32 -80 -30 -93 27 18 16 -12 -59 81 62 -29 -51 59 63 61 7 -35 80 -14 
-32 88 24 75 -28 -98 15 -38 70 18 -13 -21 -10 55 -11 67 93 -66 -64 -16 15 57 -1 8 -93 -25 49 -1 -54 -13 -96 38 12 -47 -51 -6 30 36 -27 -13 64 20 60 95 86 17 47 95 61 -48 -42 -69 69 57 53 96 -48 -72 -32 -18 -77 16 -31 16 5 -89 90 74 -84 90 -67 -24 -6 17 -25 30 69 60 -60 -84 1 -8 -61 36 -41 -62 -7 26 49 1 -56 -2 -67 77 -76 -28 52 50 45 40 -81 60 
-34 38 -99 8 87 -92 37 17 87 52 84 3 60 -39 92 -70 21 -87 30 -98 -4 0 -93 -36 81 -67 -55 -67 68 68 -73 45 -93 89 22 51 89 -20 -10 -49 -78 -38 20 -20 4 -70 3 -37 81 74 -39 23 -3 79 86 -9 83 7 -82 -44 -71 43 31 21 -60 -73 92 -95 53 -26 51 52 79 80 22 -50 -56 -52 -78 0 -70 43 7 72 20 15 69 -73 70 79 26 -26 -58 52 -10 -16 91 -55 42 -41 55 5 
-71 -65 12 -79 -75 3 -18 21 -31 -10 -50 42 -55 -47 73 83 -27 80 6 12 -93 -68 -34 -58 -18 -84 -28 -44 26 -30 12 92 -3 44 -37 34 -69 31 92 -43 -65 65 -92 -29 -17 -30 69 -54 -92 -41 -100 -64 -73 33 65 -32 -41 -81 -40 64 -59 -9 8 74 3 -97 21 -18 -76 24 -67 -34 -1 3 68 -40 -81 82 44 -50 15 -61 99 -6 -95 52 54 46 93 21 -94 -54 29 51 35 92 9 -73 -33 -92 -8 -78 
11 -19 25 44 -59 -5 59 72 -2 98 22 -48 53 -27 12 42 -1 -99 65 100 -21 82 -30 36 19 17 -94 70 -33 -54 36 12 94 -20 -58 22 -50 -53 75 -18 -61 35 -89 24 78 -53 -86 30 -100 -74 62 -17 51 -12 -95 -86 -85 100 -41 -62 -97 -6 24 45 93 39 -31 44 77 32 -82 4 60 -79 -91 52 29 1 31 54 -16 -74 60 13 63 -41 -88 -85 -62 -46 22 56 99 47 89 -57 47 -72 -97 -11 57 20 
-63 32 -49 -59 81 -87 -87 -34 88 51 -80 77 -45 -14 28 -92 94 100 -49 74 90 14 29 93 66 -76 63 38 -86 2 91 31 -75 77 54 17 1 79 82 40 38 -26 -42 -30 99 5 -34 59 77 87 55 82 77 50 86 12 -73 -79 15 0 53 -90 79 20 -4 44 6 62 -75 -5 -10 68 -74 -83 -16 -23 -40 -34 35 -4 32 75 77 1 -37 -52 18 -54 9 13 -47 -58 -90 -67 -28 56 -70 -32 -81 -76 97 76 
55 4 73 17 -7 -60 65 -99 79 18 92 9 61 27 32 -78 28 -93 -22 7 -38 -65 0 14 59 -5 44 -40 -99 87 -58 14 -28 87 -58 -41 -13 -65 97 3 79 -59 44 -92 -87 -95 20 -79 98 77 1 -22 -14 67 -25 95 -89 -69 -57 -77 59 39 63 -98 -70 -6 -2 -31 -9 66 -79 57 80 -95 73 74 -63 -83 -87 -93 16 -73 90 62 -44 68 -18 -34 14 -45 32 -88 -100 20 -40 75 88 -83 79 -98 -18 26 
94 11 -93 90 28 -40 -15 72 1 -71 43 92 10 -48 -30 -85 -98 -91 -41 90 69 75 14 83 -50 52 42 56 -42 -31 -1 -57 -35 100 -36 21 -60 -8 44 -99 22 -57 14 8 -33 53 -57 29 -89 -94 -81 -24 -21 -15 -7 13 30 -34 71 83 -56 -94 67 97 -67 -49 -31 -99 -87 -76 -11 -77 31 90 41 -50 -53 -59 52 -1 -52 -98 -10 46 -48 9 -99 -57 65 -71 -47 -56 -7 93 -68 56 48 3 73 21 -88 5 
76 94 -55 76 49 100 90 -78 -8 63 87 -65 -41 82 -45 -95 -34 -44 -66 -58 -79 59 -34 4 90 95 -52 3 22 -13 -70 -61 -62 -72 68 -52 59 39 12 55 -8 -45 22 -94 89 25 35 64 -28 28 -95 89 43 -36 -85 10 54 -7 -39 -38 90 -51 -98 95 -16 -75 -11 -70 14 48 72 65 -11 -91 15 79 37 72 -80 32 38 33 55 69 25 -40 96 69 -81 -58 36 -1 65 88 42 13 3 0 -38 52 -66 65 
-68 -65 -52 35 -61 -34 -15 -45 -21 22 25 68 69 82 -92 54 8 -100 -21 47 30 84 -50 36 -20 -86 6 13 -34 87 85 -3 -98 25 -92 93 50 -2 51 27 23 -37 4 -57 -48 -21 81 -7 82 -23 72 36 39 -29 25 -68 30 -94 -16 73 -72 -65 15 -41 92 66 16 50 -58 72 -34 22 2 -72 -68 49 -95 79 -74 1 -78 25 -13 -41 23 -10 62 0 -55 83 6 -21 100 -27 -48 -54 36 -2 -16 28 -10 -70 
-68 -32 -81 -41 -1 80 14 48 99 65 9 98 3 52 30 -89 -91 -48 10 -18 78 -15 -72 24 -72 94 -58 74 90 35 -75 -61 93 35 -30 -35 -67 94 53 -59 28 56 -50 -80 -14 34 -82 33 86 28 -82 -16 37 2 -60 -78 -43 21 -2 -99 99 -64 -61 75 90 -72 2 -29 -83 22 -43 -82 55 65 43 38 14 -83 18 40 -27 56 -7 -36 -32 -74 20 -63 96 7 52 -90 30 67 83 66 -74 63 -41 -61 -16 -84 
-37 9 41 -35 96 -99 61 65 96 76 -64 -2 37 -63 3 -41 -57 -13 -51 -91 -90 -96 39 25 83 53 -27 94 86 88 97 -54 -100 -95 -87 46 -7 -52 16 94 9 96 42 70 -80 11 30 -55 17 69 71 0 4 36 100 57 -39 39 -25 -30 74 86 26 -16 -85 -93 86 67 27 24 9 78 20 -20 -60 86 16 -25 -54 -99 -39 -30 51 59 -81 20 -96 30 -81 74 51 99 62 -59 64 -60 44 97 -95 -68 -20 98 
63 16 34 78 -44 -10 -47 51 -69 -27 60 -35 91 33 55 -32 -92 -9 -25 64 -1 27 -67 75 -87 87 17 -44 -10 -4 -81 64 -39 -75 9 -91 -100 -37 -72 -19 37 -27 -5 68 -65 90 -60 12 91 -83 13 21 -59 38 15 -23 -5 -69 -39 -76 -74 25 -69 2 -59 10 -11 -43 -80 -1 82 78 68 -97 52 34 28 99 -30 -3 17 -3 90 48 -24 -80 71 -53 -98 -73 86 -2 -33 2 -19 -44 -1 57 1 100 87 25 
-15 1 -22 -44 61 23 -80 59 18 13 -83 55 54 -57 -35 41 100 -66 39 -13 -89 -47 -10 32 16 -72 25 3 -13 0 -33 -64 -9 -88 47 -55 -95 98 19 -5 -47 53 -40 -87 -36 56 -17 43 -17 -56 5 76 88 89 100 -15 29 97 94 37 87 31 80 -30 -60 2 -71 73 -31 43 -78 -47 -58 -49 -57 -62 81 58 4 8 78 97 1 -33 53 70 49 -96 69 95 -57 -90 -31 49 89 97 93 -21 36 25 1 18 
-1 70 3 1 -18 -73 0 -85 -60 -20 11 -88 -48 -27 32 47 94 -13 77 60 -98 -57 55 -31 -22 -51 50 -94 34 51 -35 28 -83 85 86 51 -82 -17 17 76 28 10 76 -10 -65 90 76 -61 -23 -12 -100 -52 59 -17 37 -78 -79 24 67 34 26 65 61 83 -3 -76 23 -15 73 72 -81 51 65 -36 -30 16 27 12 89 20 -60 48 44 -28 -71 13 -100 -26 20 18 -5 -19 -39 99 -70 18 76 45 -7 80 67 29 
-28 27 -18 -52 -3 -40 -41 68 -51 84 64 36 -7 95 -38 -90 86 24 -50 82 19 17 -93 61 -69 -93 47 78 52 40 88 86 -67 -39 -63 -53 -4 13 -51 22 64 -90 -59 -25 73 -96 1 55 -2 62 -83 65 74 92 -82 -100 -48 42 2 -14 -10 72 76 58 100 -93 81 30 -52 -50 76 47 -27 59 -79 -19 42 -55 -26 40 62 -39 -75 -24 -49 63 57 -68 34 41 59 43 -52 20 -44 90 -7 28 -14 76 4 -57 
34 67 -16 -89 96 28 -47 -26 49 -73 80 -21 -49 88 -4 70 13 14 -2 -63 -15 -52 -94 -93 42 -78 -28 86 -77 4 -68 -52 -1 -86 3 -1 -100 81 17 77 -38 -36 74 36 -65 99 85 -32 34 33 -80 93 -44 25 -58 31 74 67 40 24 79 86 -41 -70 -48 63 100 -35 -94 58 17 60 61 -19 -14 -97 -21 46 -3 42 -62 41 61 -19 69 -39 4 -45 91 -12 69 -31 70 7 2 -11 65 -32 73 -73 -20 -42 
38 -49 -77 -86 18 -66 51 -74 -37 -66 0 -35 48 -36 25 70 -99 29 -11 -87 76 87 73 59 63 -6 61 -5 -6 71 -15 68 -7 -72 90 3 -80 -64 -92 -88 -37 -83 15 -51 8 28 -71 -48 -28 -21 51 88 70 90 73 -69 -32 -68 -74 45 -1 -22 -48 26 -40 1 -27 -37 -78 42 -26 -66 -51 -39 -63 -76 11 55 16 -22 54 37 -81 -47 40 -89 90 89 49 -26 -56 14 -37 -37 -16 82 -28 -74 78 86 20 -25 
-72 -1 -34 0 -4 -33 -51 -30 -84 19 -62 2 43 38 23 -60 29 -8 -66 -65 -15 67 -71 74 36 -99 67 74 -50 -98 -56 -38 54 79 100 56 38 -65 92 -83 -75 -59 79 17 15 -46 -44 -2 -6 9 88 -79 -34 27 3 -97 31 72 -65 28 -10 -2 91 -11 -96 -63 67 -4 -11 -64 -84 3 -45 -86 -17 -6 30 17 -87 -9 -10 17 87 -94 20 93 15 25 96 -100 85 -61 -14 69 35 -98 -36 -21 -60 7 -46 -30 
-31 32 -73 -76 -94 53 -57 -33 -69 11 82 42 13 0 84 -36 -98 -21 83 -40 -1 -93 17 -69 -100 -40 41 -24 -31 -52 34 22 2 52 -34 -55 -73 -94 -16 -39 -48 99 88 -5 -61 4 38 94 -7 88 -33 88 -43 -84 -19 42 69 21 -57 -75 -34 72 -36 12 -64 42 -30 25 -69 -94 36 25 78 58 -10 -55 -46 -54 -22 -97 -82 69 -18 69 66 59 -68 -4 40 -12 47 36 57 76 47 -2 62 67 -9 -23 23 37 
61 -36 24 43 -29 37 8 62 80 76 29 -70 13 35 -23 0 51 52 33 -14 -6 91 41 -80 89 45 -6 7 -14 87 -60 24 94 49 -8 -22 66 90 -68 98 -57 -43 -61 16 -56 -9 42 -10 -33 34 41 -50 25 87 17 79 29 84 -15 -73 -16 15 11 -12 -14 -4 -3 20 -48 -49 -67 69 93 31 -78 73 -33 3 -65 -89 26 99 -26 -55 -48 58 16 -1 85 47 38 -43 -84 -20 -1 -38 9 -22 -53 40 -8 29 
-84 81 41 -31 81 75 33 -25 18 -25 -55 -54 -42 -61 -38 -27 49 4 -19 44 18 -40 69 -71 -56 -46 -87 -17 -52 98 20 -25 -28 62 -33 37 -74 -76 64 77 -20 5 21 -15 -31 16 60 10 66 -50 -54 51 -75 22 95 40 2 76 48 -1 -4 51 -18 -51 1 9 -88 -68 -20 -47 -32 16 -42 68 -20 -64 20 -57 92 -85 74 76 -10 -43 -42 -33 100 -41 -34 -88 33 49 -51 -16 16 -18 48 88 80 -21 82 100 
13 13 -7 -9 67 60 -54 -24 -41 -68 -24 -99 -90 -84 -6 -90 93 74 41 -35 93 99 92 40 -12 -28 31 -47 10 -43 -35 36 -10 -88 58 -71 40 -47 -19 -92 -88 68 -43 -68 67 -3 -94 -82 96 70 6 -21 48 69 68 62 -32 34 -31 -81 -95 -69 -94 31 -100 -43 -76 -82 -2 -72 30 26 39 77 -49 -93 -12 60 -1 -33 -16 -28 75 41 -96 71 -35 -10 -36 -28 -41 58 -14 15 25 -48 -20 -62 56 -81 66 12 
95 -2 23 -65 48 38 -46 -86 82 -92 28 25 -11 24 17 38 20 -25 91 63 55 -63 38 -4 -43 57 -60 -33 -15 69 60 20 -13 -36 57 87 84 14 50 58 -43 -72 15 95 -79 43 90 -9 -83 -63 99 -42 -7 89 96 -68 -3 22 2 70 16 48 -89 64 98 73 69 -38 -25 91 -51 -53 -49 -80 -75 73 -98 -43 -98 -54 -43 45 95 51 -26 76 -78 -86 -56 15 -56 -49 14 70 76 20 48 -38 -92 -62 32 -17 
-26 100 58 -5 -13 53 9 -16 -18 -97 28 89 59 12 -72 77 65 56 -78 -46 -100 35 20 88 -60 91 54 84 -5 21 65 58 -71 30 -79 57 88 -57 31 66 -64 -22 -10 -71 14 34 -99 -21 57 85 64 1 -42 -81 50 62 -25 -81 -27 22 23 46 68 -28 -90 62 -64 21 10 19 -60 94 -58 17 -84 91 93 0 -79 -16 11 -74 -97 60 -33 -34 -82 -46 34 5 -89 -81 -22 28 -42 14 -3 77 89 -65 -28 -45 
-1 76 96 -92 95 63 -56 11 -71 73 46 -63 94 -11 -99 -55 -91 -17 88 -33 -95 79 14 -81 -22 -64 56 93 6 -91 -45 -9 14 -69 -90 -83 29 -29 51 35 44 -69 46 68 31 -69 16 22 1 48 70 60 -23 80 47 61 -45 -54 39 -30 59 39 -26 91 29 -37 -61 -76 -31 -58 84 -34 -55 43 -75 -65 48 11 -25 -58 -52 69 -54 40 -40 -24 93 -3 -66 -63 90 -43 60 30 85 21 68 -38 81 -13 26 -62 
11 -42 -14 -17 -35 31 23 -68 -84 67 23 -100 52 -73 -56 49 -13 90 -42 -80 -60 11 22 34 -10 -18 12 40 -35 54 63 -10 2 -91 75 -67 -53 -74 98 -41 83 -100 8 5 53 79 47 -2 -54 33 25 64 -26 48 -29 30 -69 -44 80 93 -20 -53 -63 -7 29 -16 35 -49 74 14 73 45 0 -84 -53 46 15 92 -6 -65 49 75 -61 -39 -30 87 48 -47 28 5 -12 44 -83 -94 57 -34 64 74 -67 2 -76 12 
