40 64 46 77 -55 39 76 11 97 69 75 -59 -34 16 84 95 46 -1 5 74 92 54 2 -98 20 -93 19 -16 -63 89 22 -96 -15 17 -66 38 -97 81 -27 97 8 38 93 26 -88 -76 4 -54 -42 -14 -57 -45 38 -79 50 51 -53 4 -44 -23 -27 63 -60 -79 -83 1 -76 23 33 72 
-71 96 -93 -39 -85 -91 -52 34 3 89 78 71 15 -31 -3 83 -21 54 70 -53 -75 -85 9 -88 -28 77 -81 88 69 -42 36 69 53 89 -99 16 -36 -77 89 -66 -63 15 -68 33 -90 67 -59 -65 -42 92 39 79 57 25 -37 -40 -44 -34 4 59 79 27 69 47 -29 -40 86 -85 0 17 
-26 -24 -77 41 8 -1 5 31 2 61 -22 -12 -23 46 -49 -46 93 -57 34 -43 4 58 -14 -14 63 -25 -82 -97 -96 -15 -46 6 96 -94 -8 54 -14 59 12 8 -14 11 -61 39 52 -50 90 22 23 -94 -10 -20 -92 -66 54 -88 33 79 4 63 30 -68 100 12 -82 -73 6 -39 59 47 
99 20 -96 80 35 -31 -11 -98 -55 6 23 -9 -85 -19 -25 -86 -69 50 95 -65 -72 -72 -3 -98 35 -43 26 -32 42 -51 15 52 54 -97 -32 -3 29 76 -89 -27 81 99 71 88 -39 91 82 -88 -79 88 78 2 78 -34 -91 28 71 51 61 -67 -47 25 -5 89 29 38 38 -7 -2 -3 
-95 -94 87 -79 68 -11 -82 55 -97 13 -76 -60 -63 -6 69 97 -38 58 -85 -27 -36 5 -4 77 -30 50 -24 77 -61 39 -88 -89 58 -76 17 -48 90 54 -12 -23 35 -2 -54 -45 -34 28 -80 14 -78 -8 72 7 95 -70 -82 70 -64 15 58 91 45 -88 24 -68 -65 -64 60 53 -70 -91 
72 -31 -65 -49 -53 -25 7 25 19 -42 32 39 -66 73 70 54 42 6 -7 -3 -42 58 59 -71 -97 -90 -25 -95 -47 68 53 86 -94 29 -81 -54 94 -24 62 -75 -25 17 22 23 89 43 95 89 -73 -84 -25 -6 11 6 -82 10 -21 43 -86 -42 -54 -76 -95 73 -31 -41 14 18 -3 66 
-93 -89 -86 -16 -59 72 19 -73 -76 -10 1 -77 -28 72 -67 -35 62 -89 -23 -60 92 54 -61 96 65 66 29 -27 -80 -33 17 -50 -4 -47 7 54 56 57 -33 -15 -7 58 -86 88 9 -44 23 16 -53 86 -90 -51 -71 -53 -68 71 95 83 -84 -63 94 -53 93 -89 74 -6 -12 -37 -50 8 
49 -3 -5 43 98 -37 54 63 -87 -55 -57 -92 -79 83 -61 -36 -50 90 -89 68 -65 55 -38 38 96 -89 31 19 15 -21 -86 29 -81 -25 -79 37 20 2 -11 -22 -56 3 28 -7 76 98 13 -84 -29 32 43 -31 50 85 81 -11 -97 -5 19 72 64 -75 73 -60 -53 79 55 14 -19 -97 
-82 26 83 -80 49 -93 -49 -50 78 -74 -15 17 73 -47 13 -59 -79 74 -5 30 -51 37 11 56 -4 80 -64 70 -33 1 5 73 -74 -8 -84 -38 -7 -13 38 -70 45 6 11 15 34 -57 -88 -48 -16 39 -21 42 -45 -21 64 -28 70 -33 66 72 -78 59 -25 72 75 35 -54 59 79 -98 
-19 -73 73 75 -20 17 -2 -14 -32 -24 -39 -28 -70 -69 -53 -98 62 -16 30 36 11 -34 -12 -63 70 -28 11 97 51 16 -57 -30 74 -70 -84 -6 -60 -36 45 63 41 -17 20 30 59 -3 18 -39 -65 17 10 -73 97 53 2 88 81 65 56 -93 -4 49 11 -88 -89 -41 49 -57 -73 -14 
96 -45 43 -94 75 -41 -2 78 -4 88 -61 57 -87 99 -22 -18 -59 5 -7 58 49 -13 -24 2 -99 -84 -65 25 64 -94 -59 -52 -84 18 16 40 -9 45 72 -40 -96 -25 -67 -54 86 47 -57 64 -99 -28 -9 -14 86 -61 39 -13 27 -4 -67 -32 -50 -52 -40 -36 35 59 -99 68 -68 -100 
71 -45 10 -67 -9 -82 -85 45 13 -5 28 -59 79 -38 4 -3 -51 -36 -79 -6 -12 -5 -97 55 50 -94 -15 69 -19 93 -78 79 -81 -15 82 -10 -88 -68 43 45 47 -39 -48 -87 -27 -66 -92 2 -65 83 -92 -58 85 -81 -95 -84 -46 -10 -43 10 -30 82 -39 28 -52 -12 -65 -82 -41 -8 
37 -59 98 -43 -57 -3 -85 -60 57 -53 22 17 62 11 -98 -39 38 -80 92 -95 80 6 -36 28 -43 -27 58 41 45 12 42 70 -20 -95 -16 82 45 -20 7 -86 23 48 1 21 92 -34 -70 58 19 -13 -18 -32 56 93 100 17 -88 -20 -69 -53 89 84 83 -36 -66 -78 97 -93 -5 -80 
-47 90 78 68 -21 13 -73 67 59 69 23 -35 72 -31 29 -86 68 -36 -31 -90 -51 86 52 -37 -23 64 50 8 -24 15 -75 -48 44 -93 90 38 24 91 34 -31 -54 -97 17 73 -59 46 -91 -12 -66 10 -87 98 97 36 76 -80 39 88 63 76 -11 -93 35 12 -64 70 -45 73 81 -26 
-36 -79 66 91 -58 96 73 55 -74 -44 -28 31 39 69 21 -47 8 80 -63 -11 -68 -23 4 41 -43 -70 -27 50 91 -76 -12 73 -2 63 -81 -38 -46 82 36 56 -13 62 94 -94 67 -62 92 -20 -47 70 17 38 20 -1 77 -17 45 -60 -47 45 48 99 -80 40 73 -31 -58 -7 -97 -57 
82 -44 68 -88 48 10 -17 -9 94 -50 21 -38 13 58 -40 86 41 35 -5 57 46 -67 -93 -56 -83 95 43 -50 13 -4 -12 -45 73 -84 -40 64 67 -98 21 0 40 -66 -30 89 45 46 -36 10 -6 35 48 69 47 35 35 -39 51 28 -67 38 62 -33 -13 60 7 62 45 41 -70 92 
-37 17 10 -28 14 55 64 50 -78 -73 0 25 71 49 77 11 14 -68 75 40 -22 -70 37 -45 14 -34 -74 -46 -72 36 23 -91 -1 12 -92 0 -92 76 -27 -73 -13 -26 -67 51 -31 92 36 28 45 -80 -39 49 -7 34 -41 -37 63 -86 29 -24 -99 -61 14 -10 -62 78 96 71 -44 -82 
99 -94 10 0 -62 -30 -65 47 39 63 23 -58 26 -18 86 -48 -10 -20 -39 -74 57 75 60 -58 -71 76 -10 83 41 54 97 -45 37 38 50 -5 -17 46 17 95 5 -43 30 7 -22 -5 13 68 -5 48 -29 71 -53 -44 53 -17 -3 21 93 48 -42 -5 -48 29 56 -12 -8 -50 -75 -1 
27 68 -63 84 -98 81 21 -84 -100 89 6 4 52 67 49 59 -61 -97 -16 73 7 61 46 93 -74 83 -34 -68 -63 -36 -22 49 -24 -90 0 -9 18 -35 -79 -19 -68 -25 -60 15 -89 -42 -98 59 21 -40 52 99 70 -32 -29 90 -57 38 -99 -13 47 -69 79 -92 -59 84 86 -75 -45 -46 
-70 71 -52 77 -83 -21 25 67 2 65 -67 93 -88 -7 -50 -38 5 -65 43 6 -85 -10 17 78 -86 -34 9 56 -13 29 70 4 25 -92 96 -87 21 -81 95 -32 -49 46 23 85 47 -66 74 79 -47 4 -78 35 89 -33 -98 75 -45 -72 12 -1 -1 6 3 -20 -3 61 58 59 30 -42 
-80 -44 -98 94 -33 52 -27 -39 92 -42 39 43 31 -58 3 -47 69 -93 -24 -6 77 12 -69 -77 47 -85 -80 32 31 -37 -79 -36 -88 -39 7 -85 89 8 -65 7 78 -94 24 -30 12 36 -24 -1 -4 -82 8 94 -82 50 100 28 -57 54 -46 74 24 94 60 43 74 77 -67 19 -38 64 
30 4 64 -77 41 50 -13 -35 -36 -76 65 49 -33 -45 -40 -17 28 -1 -4 -2 -66 -8 8 96 -97 51 -38 79 98 -22 68 53 -89 -59 -50 27 9 -68 6 22 18 -80 -60 61 59 88 36 12 -71 -39 61 41 -51 -44 -57 84 36 -9 -71 -98 -32 79 -15 40 84 -8 -85 0 -35 3 
-72 7 -83 32 31 -88 18 -9 -87 60 1 45 -54 -46 48 -36 48 2 38 -52 91 -26 -23 -42 25 -44 -82 100 40 -69 71 55 70 -98 -45 3 9 -91 25 -13 66 -28 87 -60 -47 16 37 -38 53 58 9 -61 13 30 -37 -27 -34 19 66 82 -19 -28 -63 71 -66 19 95 100 99 -52 
-2 -81 56 46 -84 -36 65 37 -90 -87 95 83 -2 -81 45 -92 9 -46 74 -25 30 -14 22 55 87 75 -43 32 -21 85 76 6 20 -72 -34 -88 12 67 75 78 -76 76 -61 15 28 -12 -40 -77 22 41 -30 -71 -51 79 59 55 68 55 90 -48 -26 -13 -13 -37 -11 -50 -54 -51 6 40 
-23 69 -15 -79 -45 5 19 -89 39 54 -97 9 41 51 -65 -85 65 -23 8 -17 -63 40 0 63 26 -88 -96 -18 -46 -48 95 33 84 18 -2 -72 5 43 -25 -56 -80 -75 13 26 40 -90 67 -39 52 39 -17 78 95 92 95 93 38 16 75 24 63 -69 -3 -92 -97 -80 -18 -41 -3 16 
-92 -42 34 56 73 47 32 46 43 -63 99 71 63 -95 84 79 82 46 -29 47 59 91 -88 -86 42 -94 -42 8 88 -2 -51 32 -79 84 -88 35 -91 -70 -10 56 42 65 -23 12 -79 -79 -15 58 -91 58 17 -33 -61 -2 36 28 18 2 -99 50 -74 -7 12 23 36 47 77 22 -2 17 
17 -69 -8 -15 -47 -22 -15 55 -21 -71 91 30 -15 50 15 19 -85 89 -96 -81 75 -57 14 53 -90 16 32 24 50 37 84 58 31 -96 -62 31 79 -24 -16 31 20 72 23 -1 -75 -59 35 11 65 20 -94 -57 -77 57 23 39 -62 -65 -28 -6 53 -95 -92 60 -27 -6 -18 -76 8 -15 
100 40 28 -79 -47 -78 92 -98 99 18 59 -79 23 -20 94 -94 -60 21 -26 69 -54 54 21 -95 68 -64 84 -40 64 17 61 89 57 -64 69 -71 76 89 28 7 -48 -55 -27 78 29 -32 40 46 -5 -71 51 -32 97 -65 -95 -85 -31 71 -9 -92 -38 -28 -97 20 -79 43 87 -36 -24 -63 
26 9 -10 0 68 58 -21 93 66 -67 35 15 -8 13 -87 -17 92 -87 -25 92 26 10 -58 -79 -21 12 -63 29 -67 -60 -49 -90 87 -85 -87 63 -5 11 -76 44 73 -41 -24 -45 -94 8 -86 83 -90 -69 40 -56 -2 11 76 77 -40 -93 17 100 2 -7 85 56 54 90 40 -77 46 -49 
13 -65 -7 -96 -1 -27 -95 -5 91 2 -90 -95 38 94 -8 -87 97 15 -57 76 -21 5 7 29 -10 -81 14 -2 -82 -3 -87 -14 -56 62 -15 -88 19 -47 12 -6 -11 -67 -30 85 38 14 88 -53 -16 -92 -29 -62 -70 7 64 -75 15 38 1 -59 -48 0 56 88 -45 -88 -95 -14 6 11 
0 67 -42 99 82 85 5 -43 34 -97 91 42 40 52 48 73 -35 -2 15 -86 -67 -15 -88 13 -84 -49 69 -12 97 0 70 -82 40 5 -15 -48 -86 -100 -34 15 -87 74 -15 16 46 -99 -87 -24 -81 78 -72 -96 46 10 28 -100 -99 62 67 -93 -97 -7 -46 -68 -100 -12 43 -51 52 -39 
-4 6 49 43 -58 -17 7 -6 -12 18 63 2 27 27 57 -70 55 -30 62 -22 -73 -73 -99 -37 -53 -26 -78 -31 -23 11 16 50 8 -43 51 -69 -44 -62 75 74 36 10 53 -96 -25 -64 31 18 24 85 78 33 93 -48 -94 -91 -15 -87 46 83 -95 -92 -45 61 -19 -43 -84 56 40 -27 
-22 32 -48 -67 36 38 -97 -27 -77 -100 -33 63 57 11 88 99 47 -36 -59 -95 51 -75 63 40 73 72 -20 60 11 23 54 92 50 -67 -16 93 -75 -65 90 25 -74 -87 22 88 29 27 -18 62 68 -27 -48 -65 -84 62 42 -26 23 -97 13 -45 3 57 24 -60 40 -58 98 15 30 98 
66 12 -6 -23 74 -96 52 88 100 75 38 27 -29 -96 -17 -95 98 44 -56 99 44 -55 79 54 -21 -98 55 -29 -54 33 -24 -14 -24 -10 65 -22 9 71 22 59 -35 -22 3 23 68 39 81 -37 -58 54 -93 -67 -77 31 -80 59 87 -97 -55 17 37 12 -68 77 -43 72 -81 -30 72 45 
-59 -40 -92 -70 36 44 55 30 71 24 -10 82 7 -1 90 -95 -97 -10 -47 72 60 27 41 -75 38 -73 25 16 85 94 -78 35 -16 -84 47 -72 28 9 -96 -8 47 95 69 52 65 72 35 -86 58 26 25 31 -53 53 -42 -100 67 54 33 89 -85 46 53 80 32 89 80 13 36 -10 
-5 -77 47 -17 55 -49 -79 88 29 -32 7 80 5 82 85 -19 -79 31 -37 68 33 -11 -65 31 6 -7 -53 8 -90 -6 -89 -40 -96 -88 33 -8 92 65 -49 26 -70 67 -86 -46 -36 68 -11 3 -43 58 -48 -22 14 52 -53 62 -56 -62 72 43 -70 10 46 99 -77 -50 -26 -62 31 -50 
57 -15 90 -67 -45 -75 26 83 71 -89 -16 58 -31 97 37 -43 -1 89 32 -86 -38 69 -67 -56 39 27 66 -44 49 100 -59 91 -63 64 -58 -35 54 5 -61 66 -41 88 76 -92 -25 -32 -99 -28 -19 76 -43 -24 45 -33 -17 -6 -66 6 -42 89 6 80 65 -16 87 0 45 75 -11 -15 
81 -68 70 63 -55 -91 84 -7 -41 48 70 -42 -21 68 -32 -67 21 -19 88 69 22 76 -12 50 68 -48 -77 -52 0 65 -33 6 -61 -12 -93 -30 -39 -72 74 80 -96 -50 50 -48 -98 -69 -32 58 -28 22 -62 -99 28 -10 14 17 3 -53 -61 25 80 93 68 71 84 -3 -8 -24 -25 -99 
-84 42 -32 47 -54 -63 -69 -63 -71 -31 94 -6 -30 -80 -48 80 82 -40 -34 -75 -19 -11 -68 59 -52 -37 14 64 82 96 -68 63 -65 -25 -18 -30 74 -56 -90 93 15 -47 69 -52 31 -6 -99 -49 21 -57 51 64 -38 -12 -60 93 80 73 -59 25 16 36 98 -71 83 -28 -99 46 -57 17 
82 -98 85 24 -57 -68 -68 61 92 -91 -79 99 -86 95 -55 -53 -98 -42 -67 -19 -50 14 10 87 -92 7 -100 -30 95 93 0 80 29 -66 91 84 -35 2 -91 -59 39 -4 55 -58 35 -62 -45 -82 34 64 -42 88 -51 -79 -88 22 52 9 94 45 47 92 6 76 -100 19 5 29 -48 41 
-82 -2 -40 -17 -66 -100 -76 53 75 18 31 -67 -49 -43 -54 -13 -36 -41 6 96 -61 26 22 72 -45 -36 -88 -44 76 92 26 -24 36 -11 92 -79 7 23 40 23 -93 -19 98 83 -82 -41 -91 40 -70 -70 17 74 -89 14 93 64 93 89 -78 -80 18 79 70 -53 -50 17 3 -58 83 7 
52 -72 27 -93 -100 68 -14 -27 -88 -43 23 -100 39 14 -66 18 -15 -73 -45 96 -55 46 -21 -97 98 25 100 -74 85 -43 -43 -92 51 -5 -50 -36 -25 21 98 87 -95 39 -2 58 51 36 11 45 33 -5 20 -7 85 86 -6 57 -44 -24 -38 89 -61 -81 -37 -38 -77 70 89 87 -87 24 
6 -89 -73 85 -99 -50 92 59 75 10 47 85 30 40 60 92 6 -28 31 -66 -16 97 89 -18 -37 -9 8 -56 -23 36 58 -86 -87 91 90 -3 -70 40 -18 -89 -39 -53 45 25 -82 -21 -10 62 -59 37 -63 67 -92 39 82 -86 29 74 -77 39 -23 -49 66 22 49 -72 -44 -14 -54 55 
96 -27 17 -7 54 69 -86 19 80 18 -14 33 17 42 -48 83 -77 -86 -43 -1 -74 32 -83 -38 41 -49 88 -1 88 -6 -94 -90 29 7 12 70 -36 48 51 30 -82 99 71 -62 -82 -48 -78 -61 59 -16 -30 35 92 19 -53 95 -20 31 74 41 -64 -24 -9 -22 -78 -13 -46 87 10 -26 
-4 -37 -82 29 64 -42 85 79 -10 91 16 -49 59 75 25 -1 83 86 87 68 23 30 -91 -49 -97 72 21 -35 -2 53 -57 -15 45 79 19 -44 -86 -50 -31 11 -5 98 60 -55 55 58 -61 -58 14 -6 54 -30 27 -75 -77 10 18 -21 -58 -27 3 99 0 -68 -71 30 -60 -84 57 97 
15 20 -34 59 -85 -71 -50 -36 -27 -52 61 19 -44 -88 50 -43 80 36 -56 20 -16 79 3 57 100 16 89 32 -6 -89 13 14 -39 21 67 -30 83 85 -61 -23 -80 -81 86 -40 71 -20 -35 -70 43 -4 44 44 -12 65 0 -43 -67 55 10 -79 -59 -26 -85 -45 60 -1 4 19 -17 97 
-88 77 98 34 45 96 49 -91 -14 24 72 -20 -88 -2 -59 67 89 -16 45 -32 -69 -99 -37 -64 -36 15 24 27 -25 35 -1 94 -72 -48 73 85 14 -56 72 46 -56 51 -85 20 -39 94 37 86 55 44 -7 -22 11 -69 82 37 61 -44 31 33 -39 77 -64 -57 -74 -5 95 -87 48 -56 
55 52 -98 71 -88 -95 73 -58 23 -45 -65 34 -86 28 -92 50 32 86 -68 1 13 27 -29 -77 -65 -50 -33 -52 -36 61 -47 -82 -11 -61 72 -39 91 -72 42 39 -96 40 -73 -4 -44 -22 88 43 41 -33 20 48 -53 -38 -23 -98 56 -50 -71 58 -32 15 -44 -39 75 46 -91 -65 44 -79 
57 -40 92 81 93 0 19 57 23 97 67 -53 -30 -57 -13 -85 48 69 58 -75 -78 64 -43 24 81 -96 48 -22 72 -78 -63 29 -46 63 -1 74 -89 -29 -83 -55 36 -56 79 19 32 84 -6 100 -70 82 6 -4 49 0 -29 10 -78 -43 -54 -82 99 -49 -99 24 -86 54 82 100 45 -4 
49 20 32 93 1 -44 -43 -25 -97 -8 25 -85 -24 -54 98 -17 32 -8 -69 -74 -80 -16 55 36 -45 50 44 -100 38 36 28 72 -69 21 18 53 -41 -49 64 66 0 48 -40 85 73 75 30 58 -40 62 38 -40 -66 45 -51 70 5 65 -75 -32 91 -37 -62 -64 48 -17 14 -54 81 16 
-6 -10 20 -71 -44 -58 11 74 -5 -14 -75 20 -55 -29 -96 64 63 72 92 -90 27 96 -20 12 86 -16 65 -5 4 -41 44 12 42 -9 18 22 99 94 -46 36 91 34 66 19 -93 84 -12 78 -97 -11 52 -19 68 98 -2 1 75 -22 99 67 29 -23 -59 -7 67 -55 -39 8 -60 93 
-34 -9 52 -33 82 -91 -71 61 4 54 -31 55 78 14 43 59 71 66 51 80 -87 24 -84 -27 37 83 -10 -79 29 -10 17 91 -79 -27 -17 78 21 90 -5 -45 55 48 -59 -52 93 37 10 2 88 76 8 33 17 -35 5 67 -65 61 67 37 52 10 -54 76 -77 -94 -23 -23 -88 27 
-75 40 28 -79 37 15 74 -13 -75 97 -61 -5 -67 75 -19 47 49 -60 51 -16 -62 -45 99 -26 -17 63 -60 -13 -84 74 -42 -38 18 61 -43 23 -67 82 97 27 -95 -59 -18 -13 -85 84 14 -74 -21 -68 -20 68 -25 29 4 76 -42 73 -9 69 64 -87 73 -57 50 74 -49 -23 -97 45 
-79 -4 -23 43 25 -52 85 63 14 -68 -64 22 -17 -2 86 25 -50 14 -69 -82 -97 -46 45 51 -84 49 -75 -3 39 31 88 89 -2 -55 58 -86 94 51 -79 66 15 98 -43 60 -38 -41 -34 -43 28 74 -80 65 -31 41 53 88 47 78 -14 6 87 -39 -40 -70 -81 18 -81 -33 5 57 
-1 -3 13 20 95 -73 -49 -7 -21 -6 -95 93 48 15 -24 11 65 94 53 -62 -86 -62 -33 -7 -18 -91 -57 -39 -61 -27 -16 86 37 12 95 29 -70 98 -94 67 -89 79 90 38 9 60 -21 92 65 -59 -99 -46 -4 90 -32 78 -90 84 -94 77 37 -21 -67 -28 43 93 -10 -14 73 22 
98 -74 -91 -29 78 -73 13 49 57 -52 -69 24 30 -39 -21 -29 -6 24 36 77 -92 -37 33 -68 91 -92 -84 14 25 -59 -95 16 11 10 -45 -49 2 -45 100 -59 1 -50 -8 87 45 -73 94 -86 -48 -50 28 -59 100 41 7 8 1 -71 -14 44 53 -31 -89 85 99 -56 10 44 83 16 
-87 9 -56 23 79 -8 60 -35 -39 80 -59 36 -40 12 23 -34 -24 -93 -86 -54 68 -14 -67 62 54 -73 89 55 2 -39 57 28 17 -18 75 67 -93 -50 -97 64 -24 62 74 40 88 -72 12 -66 70 42 -47 -43 47 -55 91 55 75 43 -59 -96 -71 -90 17 -43 59 -6 -74 -79 60 -70 
-44 -90 -34 55 -9 -81 -37 -1 -43 -78 75 56 13 13 -16 -2 23 11 11 16 -27 -5 10 -79 -65 -57 -22 -87 -31 90 -18 87 -91 39 76 -89 -79 -28 -50 83 14 -90 -74 -28 -33 -39 2 -71 82 -22 78 -98 -36 7 2 38 39 -79 -85 37 21 3 43 -81 -95 -85 -10 -90 -67 -80 
72 13 -71 5 -76 -17 -83 95 82 -27 11 -87 -47 90 93 38 -94 81 -28 -48 62 -43 -95 -42 -90 -1 98 98 15 19 72 76 -36 40 21 -15 -60 62 -4 -81 -44 73 -96 -69 49 9 55 39 -49 -76 67 42 -95 98 86 37 -22 19 96 31 12 -87 -58 -59 -90 -37 -86 -2 100 13 
-94 -5 -98 -56 -79 64 -77 -20 100 -49 -94 -56 -63 -81 -68 25 -54 0 -87 23 -28 75 -19 48 -65 93 -69 -66 -64 36 -92 64 76 82 -21 -44 18 95 33 53 13 30 32 -21 43 -35 61 -81 92 -86 15 55 13 -41 98 -74 -5 51 51 100 -29 -97 -49 -83 -10 -97 79 -31 -5 -92 
-25 -80 -39 -19 50 58 76 80 32 30 52 -50 34 -21 78 -74 9 22 20 -65 30 -90 -89 66 39 -34 -59 -11 52 -12 -48 -83 -29 1 79 74 -96 7 7 66 44 -11 -46 20 48 29 99 -51 -34 8 -30 5 15 -20 33 2 -83 12 10 62 -88 20 13 91 -66 -78 22 -26 50 54 
-85 3 -21 -96 43 77 62 77 -59 33 -70 -70 -51 -25 -95 98 -38 -79 -59 -11 6 58 -81 49 -90 22 38 -15 18 -96 -86 -82 -24 -79 -66 68 28 63 57 31 11 49 -86 89 -3 34 -54 49 -90 -59 -54 59 -100 5 16 -80 -19 -100 63 26 -78 18 3 57 78 34 -63 -63 -76 17 
62 -6 14 -50 85 10 -48 75 -29 94 57 -69 -13 44 58 -32 20 86 -16 -87 -9 3 -75 100 77 -64 -51 -97 -29 -68 -83 74 27 -82 -87 70 62 -59 76 85 -9 -15 50 -82 -17 -12 -36 -91 -39 58 -28 -98 -60 1 76 -11 -90 -39 67 -19 85 -33 30 34 18 56 -56 -11 -67 -28 
4 96 -31 -33 -46 55 -29 -88 -39 -81 -85 29 -67 -44 -67 83 36 78 -13 82 68 -77 61 -22 51 -36 -83 -40 67 -88 -98 30 -48 -12 46 -98 -86 93 -30 -69 60 3 -53 0 -60 8 -87 77 68 18 17 59 -49 29 63 98 -27 28 -61 36 93 -58 57 -43 96 65 1 -79 17 -12 
-53 83 -24 -52 37 -32 74 -91 -9 60 100 -27 38 56 -69 -46 -51 -19 4 43 53 -12 -68 64 22 -39 -89 24 14 -30 -29 96 56 -90 -56 41 77 80 -59 -28 97 18 13 -36 4 88 77 4 -31 15 11 66 -75 -83 -25 -64 -61 -57 96 52 -88 -37 -69 -5 16 3 -11 -38 -56 -60 
-17 -72 -2 63 23 16 94 -53 -54 -51 -93 -67 -43 6 69 -36 -7 90 -27 3 32 -38 -29 -57 95 -36 70 47 -8 -60 -3 87 16 53 -8 -80 22 52 -44 -10 -73 -90 -21 23 -80 -82 52 -90 -87 -15 38 -30 -6 -39 -5 -7 -63 -16 -19 -65 7 -24 -53 -73 65 23 98 -78 17 -74 
-66 96 61 -15 -31 77 96 -24 76 11 33 -39 -82 -37 -1 -96 3 5 -74 -17 -92 81 -33 -71 -48 78 -64 73 74 74 83 22 -74 -15 -90 74 -84 90 39 65 -41 96 91 -83 48 -25 -56 33 -99 -46 24 -36 19 -61 -43 -79 -10 76 -76 89 4 -23 -41 -79 -88 20 35 -89 97 9 
86 -36 -16 -1 -68 23 34 -67 89 48 99 -27 57 -16 -17 99 -43 -92 -51 -9 -85 -95 82 76 59 -2 81 51 -7 97 -52 61 -82 -48 10 -88 36 -92 -58 93 77 14 71 -58 -10 -51 56 -93 -89 14 100 15 -86 88 -20 56 -26 35 -35 55 9 -85 -1 -50 -46 -10 90 -94 -75 -61 
77 43 53 -45 6 18 10 70 -17 -67 75 -73 -67 -14 -19 65 -27 69 -7 -44 -14 -82 62 30 -18 -75 37 81 9 29 -98 23 17 11 -83 81 -86 34 62 -65 60 11 -85 30 -63 54 -17 1 -75 -37 -35 -55 -5 -92 -7 48 -38 70 39 -36 -76 81 13 -55 -93 24 27 -58 -47 -60 
97 -61 -2 14 67 67 29 31 57 -85 47 85 27 17 -72 -63 -14 9 84 55 79 84 -70 -44 -76 32 -52 -97 -22 34 21 -33 24 -67 0 19 76 55 -22 -76 -59 -59 71 85 -29 -73 14 -28 62 -89 -2 77 93 -65 -32 -31 49 -91 -63 -57 -4 -80 -71 70 77 29 2 41 42 -11 
-6 63 -39 -14 24 53 35 45 -17 -62 49 93 52 49 71 39 65 -62 24 -75 -81 57 100 2 -30 -1 -80 21 59 18 -79 -18 42 -52 42 77 47 99 -75 1 45 53 -34 -90 53 -26 6 -2 21 -89 -17 -33 -71 48 -78 63 31 14 38 69 -94 -90 6 -49 33 -43 -34 -44 40 -33 
-84 -42 -50 72 38 -77 -42 41 -10 25 72 99 -59 53 1 -77 -88 -45 -98 -92 -45 97 -34 52 -29 38 -62 -37 -83 18 -41 -100 32 55 -13 -42 9 -31 25 25 41 -90 44 -58 -34 -43 -87 -38 86 20 -80 82 35 -52 -29 64 -42 28 76 -40 17 94 2 -24 3 11 -99 56 -48 49 
48 -72 -31 -97 -2 100 -83 17 53 32 -90 87 -36 77 -31 -40 -11 -78 11 3 77 -91 37 19 -27 49 56 27 -50 52 -23 3 -2 77 26 35 56 -42 18 -77 -35 -39 -60 62 40 -90 38 -53 -29 41 56 -56 -84 84 20 -87 -93 70 80 26 41 -71 -30 50 56 -2 -64 -93 -38 67 
96 -67 -75 -90 -15 51 59 72 -33 -55 37 51 -13 -38 -14 -67 -83 86 -87 58 72 -1 -60 -33 -57 60 41 -42 -82 25 95 -52 59 82 -54 49 -21 68 3 11 -1 76 -8 -50 -62 32 -83 -42 86 -3 -73 95 -87 -55 29 28 -78 91 -15 81 -8 -10 43 24 -65 3 -6 23 -24 -80 
3 48 -85 15 -20 53 15 56 52 -55 -97 -94 -18 -29 77 -97 -81 -14 75 -80 10 27 -84 -61 -5 80 54 51 59 -3 61 92 80 72 -24 -21 72 1 -38 84 -78 60 92 72 48 19 -48 -5 70 -88 41 -76 -60 4 71 96 -61 88 85 -58 81 -83 -76 98 -90 9 1 26 -20 28 
-7 0 -39 -97 60 34 79 -70 69 93 -83 78 -94 63 73 38 5 11 -78 11 21 -14 13 56 -46 -68 -40 -21 26 7 67 42 -49 -71 86 -16 -49 -97 -21 69 28 10 53 -78 62 -90 34 -81 0 29 83 31 21 37 10 35 51 -4 -72 28 49 50 -21 -46 -16 12 9 -55 -31 -63 
-62 -32 31 17 13 49 27 38 -59 21 -11 31 -25 50 94 39 0 18 -7 -84 22 94 -50 -64 71 76 6 27 -87 -51 99 -44 73 -79 76 22 -82 -74 91 0 1 -67 -18 3 -24 57 94 43 -83 -62 -10 -16 37 41 -95 -41 9 60 -40 60 22 41 55 14 -14 10 86 -23 -73 65 
78 10 -34 22 12 94 41 37 7 -86 -63 47 -14 0 64 96 -35 73 57 71 31 -97 64 -55 37 5 -99 65 -81 -41 31 2 83 81 -26 -43 80 -67 29 -21 -53 63 67 42 87 -68 12 -61 -14 -74 5 39 -96 10 -57 57 52 -36 -4 85 6 72 -76 70 65 -98 -3 -94 70 -98 
-20 86 92 58 -78 21 -49 -74 99 -6 24 96 -30 96 72 73 -88 -42 -55 20 -41 -33 12 -39 11 11 85 33 73 -89 -31 7 68 -26 87 -71 39 14 -96 -16 -95 86 79 -67 91 95 -66 -98 -73 82 -99 -72 66 -44 40 -78 82 -19 -21 -80 48 -29 -1 48 54 87 27 -10 46 89 
-93 46 11 -12 -95 -70 94 63 8 -97 80 51 -99 -38 60 -42 -4 53 86 51 -60 0 -46 -95 58 -42 -45 40 -82 51 80 37 -47 84 30 40 -82 -7 -89 -63 73 -26 -2 64 -48 -14 -92 11 2 -97 16 91 -66 -82 -12 30 -29 31 79 75 61 9 -79 -66 -28 -47 -21 -99 -81 27 
-33 34 -29 -87 24 -92 -83 85 63 -21 -30 -20 47 11 -91 -78 -19 -87 57 -92 -85 -35 54 71 57 -20 66 64 -91 88 -84 90 -49 -2 3 -95 70 63 -74 -30 -2 6 22 -64 27 -71 64 44 80 -55 99 -32 89 7 -10 -42 -75 -91 87 -63 55 -25 -84 0 29 40 -83 60 -11 -8 
-67 53 1 85 -78 67 26 46 41 -19 -53 -21 76 -31 -18 72 12 39 32 -13 56 -95 -3 -51 -94 -29 -61 -48 -88 75 34 -37 -50 38 37 -63 56 -54 -51 -55 -17 -13 -9 41 11 -57 7 -98 -95 -47 52 -77 -65 -14 58 -27 -85 36 12 11 63 8 25 65 -70 27 24 17 73 -80 
32 57 20 54 13 -31 -80 2 3 -43 -43 98 -2 -27 20 -3 46 -64 4 14 -64 60 18 75 -45 48 -12 10 27 -86 -84 83 72 -7 62 45 -83 -41 -67 31 35 52 50 -79 30 -50 -5 -91 87 97 44 -93 -99 -78 31 0 11 -84 -1 54 -92 -12 -68 12 41 40 -77 -64 -39 98 
-91 53 -42 -45 -76 74 75 -65 -37 -81 2 28 75 -56 -24 60 96 45 76 -62 1 74 -92 -100 -44 -54 -84 -66 11 -3 58 -56 85 -21 49 77 29 6 46 -8 -17 28 -17 -28 90 3 -33 -53 -30 94 -3 -88 -26 -29 74 -75 -26 -38 -86 92 84 -22 12 -90 -98 -66 -11 -91 27 -60 
16 77 83 32 -98 3 66 -26 69 41 -34 -90 91 -2 12 -62 13 64 -77 -9 -72 -42 30 -54 20 -18 -64 7 -34 64 51 -70 -10 62 -23 -82 -80 -14 61 -82 90 78 19 10 58 53 84 -69 -37 -72 -90 -57 72 -18 18 -79 97 34 89 32 -7 9 -35 -59 87 -55 18 -22 -60 -2 
-45 100 69 59 -37 93 -68 -10 31 66 73 -10 70 -77 -70 2 66 65 -81 50 -18 -43 19 54 -84 -23 10 -73 43 20 94 -2 -34 66 -84 8 -47 47 5 86 -44 26 -8 91 40 92 18 92 -25 63 -52 28 37 70 -71 -65 -47 20 -6 78 -43 52 -62 -40 -95 61 4 29 38 21 
65 -43 -54 -99 46 -37 29 -75 90 -5 -9 15 7 -12 -77 26 86 97 -25 -76 -78 -89 73 13 27 2 5 33 69 75 74 -50 19 -5 -59 33 99 -71 -47 -21 53 -50 -18 22 -98 -33 -85 -67 -12 -27 56 68 -16 -88 64 -75 -9 77 37 -34 21 -77 48 17 -8 60 30 32 8 48 
56 36 -2 -40 -66 70 -4 -78 13 36 -53 -33 -57 -45 45 12 95 -2 -3 11 -88 68 69 -36 -71 3 35 -10 48 21 19 -64 -95 60 21 -99 -30 -28 -36 67 14 -91 19 -68 86 86 -46 -36 58 42 -86 -91 -93 -24 -11 -14 -4 -15 -20 73 0 -59 98 49 -26 -6 12 -71 84 54 
14 -90 -37 -8 48 96 -15 -33 84 82 -67 -54 63 100 -21 69 73 84 31 20 46 18 37 73 61 -70 -7 11 42 22 99 90 85 -64 38 93 26 -15 -80 50 -25 -41 -86 15 59 -3 60 52 14 57 39 19 42 6 0 87 33 19 -9 97 59 70 -7 -5 56 89 21 -19 13 -96 
-92 2 92 -83 94 59 8 -92 27 91 20 -13 -56 15 72 81 82 55 -93 -70 4 1 41 -45 98 9 45 34 7 47 -80 -91 74 -97 21 31 -24 51 -66 -90 76 19 -79 -45 -99 -82 -15 -78 -60 86 85 -62 -76 -33 -99 75 7 88 55 -58 96 -2 -53 -30 18 -13 -21 70 -2 89 
-46 -89 -4 -94 -53 -23 87 -81 32 -35 91 73 -86 88 70 17 -100 56 73 91 -36 91 -80 80 -6 3 -64 46 -80 -13 73 -29 0 86 -96 86 52 89 8 -30 -86 84 -51 69 63 -47 -63 36 -83 14 -52 -32 -81 83 -40 77 -77 82 -13 87 47 8 -9 -25 -75 -50 -55 95 9 2 
-61 -79 -13 41 43 22 35 -69 36 98 -32 53 -76 6 13 95 37 38 45 7 -82 98 19 -24 56 -93 17 -96 35 -19 57 56 78 88 -91 -56 -11 -13 -79 28 94 38 -7 -47 14 56 -26 87 54 88 -99 -76 85 -83 73 -53 -42 44 33 -29 21 -78 13 84 72 14 95 -85 80 -97 
50 27 97 84 32 15 -26 33 -13 -61 -39 -46 -76 87 -77 -83 -58 -70 50 54 -43 -5 48 -96 28 -20 76 22 -43 -31 -65 -9 -85 8 -87 15 24 -24 36 -1 -79 -99 -90 -8 49 70 -76 -72 -81 95 52 -90 20 88 -22 9 -77 -9 76 -43 19 5 -32 -39 -90 45 -65 -64 50 -62 
-91 61 -2 -22 -3 -36 -60 -68 62 89 89 8 -42 -68 86 -6 -79 31 -85 41 35 73 97 59 -85 12 83 -1 60 89 87 -24 7 -53 10 -40 -16 -81 81 -71 13 86 -56 -49 83 11 -84 -8 21 34 -33 -11 -82 -49 -38 16 75 -31 -4 46 87 9 58 43 87 63 -72 -47 -37 -17 
75 -30 -56 -35 -76 8 -11 23 94 -29 50 42 30 76 34 23 -22 36 14 69 -28 52 15 90 -91 13 14 69 -32 58 -50 43 7 73 -21 -17 36 32 76 80 -87 -10 57 -79 -39 -58 -99 -29 4 89 91 -59 82 -77 -54 -17 -81 29 -54 -23 38 26 -30 95 -82 -70 34 81 -8 -8 
38 3 1 16 29 -98 -10 44 -60 -20 85 100 -65 -74 57 16 39 -47 -24 -79 -14 44 49 43 15 83 44 55 44 -100 -54 93 85 -100 -9 42 57 33 -3 86 -16 21 -98 7 -59 -52 -79 63 -84 -26 57 -54 -2 -97 1 73 -93 5 10 39 -1 -80 82 -78 85 -97 23 -14 -99 -32 
-4 -99 -85 -19 -84 -17 -17 69 84 -93 31 26 68 90 7 -84 -11 -26 -21 -42 -8 -95 22 -15 51 25 70 -85 -86 -81 33 -85 38 55 23 37 -88 -37 -17 -1 -9 14 88 90 81 34 -43 -43 86 97 -1 -98 93 11 -50 3 -82 6 -93 71 91 -80 60 -62 -96 -15 -67 -90 -11 37 
52 -60 8 30 -96 -16 -64 53 40 -95 82 31 -21 62 -82 40 74 -9 -90 57 -59 97 -57 21 79 -24 84 -23 68 -29 60 -53 -66 85 46 21 2 -94 -58 -38 1 -9 -35 49 69 -8 85 -39 -83 32 -42 12 1 -53 45 -87 -29 32 -74 69 -38 -71 87 -90 78 92 -24 -85 24 14 
-65 95 -43 33 5 -56 -20 92 11 -83 77 83 -48 26 15 32 -52 -43 69 -42 41 -15 76 70 -69 84 -97 31 -63 69 75 9 -8 -10 -12 82 23 -37 62 78 -94 78 6 99 46 -12 13 -84 -16 -51 60 -26 -76 -31 -46 71 -12 -94 -96 -6 80 -22 7 -89 -96 58 95 -38 70 -12 
-66 48 87 -25 -97 -52 -92 53 -29 23 -4 -62 74 -70 12 -73 -16 75 -18 -7 91 -27 -1 89 68 90 0 -59 84 67 -64 53 90 -83 28 7 6 -94 90 4 43 100 78 -47 0 -56 87 -25 -98 -60 -100 -6 -36 13 -37 27 88 -69 -71 25 -89 -53 -23 -22 -50 38 16 69 -30 81 
73 -61 -10 92 93 32 37 -56 42 -96 96 38 -56 -89 -7 -21 -67 -16 42 -38 -3 -17 -44 9 62 20 -68 -61 -80 -99 -31 -40 -5 43 100 -75 95 -95 -25 -68 6 -64 58 87 4 84 -88 -3 -95 -61 94 -88 -42 -89 -42 1 -59 -6 81 -47 14 25 34 63 -91 18 94 -96 40 35 
-90 1 80 -38 81 -62 60 -29 78 -49 -76 -40 -39 -67 -84 24 79 -87 90 -75 -100 -85 -74 -20 -5 -50 -40 -84 -23 -40 40 11 46 69 20 -92 62 -16 11 -85 88 -77 2 7 29 6 -22 -39 -78 -34 69 -96 -86 -5 -65 60 -27 -74 43 73 41 -39 58 47 -89 -71 -49 -4 87 77 
-83 -4 68 -26 -94 66 12 -52 -91 74 96 -92 7 79 64 -97 -9 50 80 -77 -61 -63 87 44 4 89 36 -44 -85 71 -65 -30 -14 -88 -29 67 -32 31 30 -79 -43 16 16 -43 -43 55 -15 28 -13 7 -93 13 36 -83 7 35 64 69 82 29 99 -78 -39 -31 -95 60 36 -62 -8 59 
-17 -17 -35 13 5 -56 73 28 -62 -2 54 94 31 -51 10 7 4 50 82 22 -73 67 -50 45 39 -46 -17 -12 -83 -85 50 38 78 -18 2 -8 94 -39 53 25 96 81 6 7 100 -48 -47 87 100 87 22 54 18 -27 -23 -42 -58 59 80 -50 17 71 68 -30 -86 62 96 -73 -51 100 
61 -76 95 -4 -43 63 -10 -45 -38 -92 33 95 92 16 -87 54 -21 -60 37 -19 92 30 96 -82 51 11 -79 96 20 -33 -78 -100 68 -58 48 -28 92 -84 56 -46 -29 45 -92 -14 -58 -20 -46 -72 -88 -84 53 91 -63 61 -73 -77 52 -61 -100 34 87 55 -83 -2 9 -58 66 20 -42 -56 
24 -30 94 26 -77 23 22 -22 -27 -74 46 -100 -23 -33 90 -69 90 76 72 -79 18 -15 50 40 -80 -90 69 62 -61 -58 9 -82 49 -40 -91 47 -46 49 -89 -20 -77 28 -17 59 67 -2 -42 75 -52 -14 -89 -91 9 -94 56 41 -84 -56 -67 14 -71 14 -31 28 -84 40 17 -41 62 -57 
72 49 5 83 -58 -88 89 -10 72 -56 -82 6 -46 -64 81 32 6 -15 53 28 67 55 24 0 49 5 45 -40 -81 26 -91 -73 -36 80 -90 -78 47 -33 -71 52 60 80 -74 -48 -56 37 68 -100 -76 62 97 -32 -43 26 -56 40 41 -7 42 92 87 -32 -40 34 77 -44 15 -41 71 86 
-70 -10 31 98 56 20 0 -23 -4 84 -21 -9 92 -62 81 -37 -71 -74 -98 -82 3 16 42 28 23 -20 -64 7 36 26 -53 -22 -55 71 9 -16 -70 97 75 -95 -47 -93 7 12 48 82 98 81 -44 -6 -76 -93 29 -28 80 -86 -73 -41 -27 23 -15 93 29 -9 -85 96 -97 63 -18 58 
95 54 99 -78 -47 -59 -7 48 54 16 -56 3 -4 -96 -28 -92 -86 -29 12 85 -34 -37 -6 -13 -31 -81 79 -54 51 0 21 -28 -94 69 -100 23 4 43 -50 -51 70 -88 -44 -15 -10 87 -95 94 -5 76 81 48 95 94 83 88 -2 -43 -13 -4 80 -49 -24 -14 -7 -55 -46 2 -12 72 
-72 -49 -63 -97 62 -12 -52 79 -29 -17 -39 -89 19 -20 20 97 100 68 -83 22 13 -71 50 -12 90 -85 97 -14 23 -25 -83 77 -58 71 50 82 -36 23 -99 17 -2 -7 -88 -31 89 84 71 -80 51 -39 100 32 63 -12 22 -89 -13 16 21 -91 -34 31 -94 33 88 -25 39 25 -13 -85 
-79 7 59 -28 -27 23 74 59 68 51 57 -15 -1 -13 76 -75 -60 62 1 65 83 -62 42 86 20 -24 3 -75 1 -89 67 18 -85 89 88 -100 -37 -13 -87 -43 -10 -37 49 -68 64 13 89 -70 53 -6 64 20 -61 91 88 -11 52 -29 -15 28 27 34 -38 -95 -96 93 -65 67 -31 41 
76 79 -65 66 85 65 -28 -35 76 63 -56 -88 -44 -10 -23 -8 -16 23 -10 29 -10 -71 -85 -46 -32 1 -14 -52 92 -72 -83 -57 -75 -12 76 1 -87 -63 58 -18 -91 -89 -49 -77 38 78 67 49 45 -7 -47 -38 -64 14 -48 10 45 30 -5 -63 95 60 -44 -38 83 87 3 -100 -96 10 
11 -95 -50 -91 97 -15 11 89 -73 36 -64 33 -36 90 -54 -45 64 -40 -96 47 -69 54 100 16 80 39 -79 46 24 -97 26 -99 78 53 -52 77 -95 90 -17 68 -82 100 27 -71 -97 -29 -9 -91 34 -67 -41 0 -100 1 45 99 63 20 65 49 35 -88 -9 78 -75 55 -70 14 35 80 
-39 90 -69 75 -36 26 -58 -54 -33 -32 59 -87 75 63 -87 -50 71 35 -3 80 13 -5 58 24 -52 25 57 39 -2 -23 91 -99 81 -66 -42 65 35 -5 4 -91 34 -98 -49 28 98 58 -50 -16 37 51 -25 -45 -77 -46 -98 -53 -61 -29 -52 -16 61 53 -95 1 90 -81 19 38 97 -23 
13 34 -71 -85 36 -73 26 -7 -64 54 -3 -85 -15 19 -28 -1 87 42 13 31 -72 24 78 -83 -99 44 -6 11 -42 -14 -52 -94 -35 -79 45 40 -98 -87 1 90 -78 69 13 29 -54 17 17 -29 35 -3 -12 -51 86 64 -63 42 74 -16 75 -60 49 -100 68 91 40 21 34 88 -12 -94 
57 32 44 -100 31 -72 10 100 92 -65 36 28 -65 26 -40 1 49 81 47 58 -39 -43 -25 4 -4 23 27 -86 -28 98 -24 19 -18 95 74 72 -96 -64 54 60 52 18 -24 68 59 -14 -25 -91 -91 11 6 -76 -85 36 63 12 -74 70 -94 9 -41 88 -79 -87 35 -99 47 -95 19 -18 
34 -82 -94 -77 -67 -80 34 -26 94 74 99 52 -41 -72 97 10 -10 42 50 20 85 -32 17 51 -63 16 -72 65 -4 -88 11 -87 35 66 -10 -51 50 13 60 -46 64 90 38 -63 -93 69 61 71 -97 -1 53 64 31 36 79 61 17 -89 70 -9 98 -64 -98 -19 29 50 -19 -82 -41 -42 
60 -70 -51 -84 30 15 -35 -18 -43 41 5 15 -81 -60 -18 -3 32 -84 15 -96 61 85 78 -9 -79 60 -74 -77 62 7 47 -82 98 -34 40 -58 19 -50 74 -71 9 59 -1 16 41 59 -66 -3 -59 45 -43 -98 -94 -92 35 49 83 49 46 -69 -42 59 -87 -21 43 89 46 52 -31 -94 
72 57 75 89 -40 -13 72 46 -86 78 -66 3 17 -33 -53 91 -29 28 65 -45 -34 -34 -6 74 19 17 -97 -71 83 -41 -76 35 59 100 66 44 -93 -31 -54 50 29 -66 63 -76 -82 43 76 -4 -61 -70 -58 -42 -100 -41 -38 41 -63 -13 52 48 29 38 32 33 -38 20 35 39 5 52 
48 41 -53 90 77 -76 1 -11 -56 37 41 -78 -38 55 -42 85 55 0 -66 52 -76 -41 77 -26 97 -36 -100 -16 17 44 -83 -51 -65 59 -85 -21 29 -51 -31 62 7 5 3 -82 -17 -66 -30 56 -73 -61 -44 23 -89 -73 -88 64 -47 -98 1 14 45 78 -13 71 -88 -98 -4 15 -16 -24 
1 -70 -10 -17 -99 -36 -52 90 -96 -15 -44 85 49 -95 -79 -85 31 27 13 -21 -90 96 -35 53 73 76 65 76 -6 58 -85 70 36 48 10 -14 8 15 -22 6 2 -15 84 55 -23 -51 87 -42 -64 71 -67 -87 -40 -99 -14 3 5 74 44 -28 -39 9 2 -25 29 18 -38 86 39 -85 
-51 34 94 78 -33 28 -14 -1 -63 87 19 -25 9 90 79 65 70 16 -46 6 -45 -90 -66 -31 65 -20 31 -55 11 96 -78 -24 -16 85 -62 -53 50 -38 3 -95 -73 -74 -69 69 89 16 1 32 51 100 68 26 -46 15 -7 -30 6 -93 82 -99 49 11 -22 51 -19 28 -98 11 -55 -15 
-65 -60 20 98 25 80 -37 88 87 -45 11 55 -83 -95 -60 -49 -85 -37 -70 -73 89 14 5 -98 54 -41 -39 93 98 70 45 -69 11 13 -24 39 50 79 24 74 -80 -85 27 25 -80 49 -39 91 -2 -14 -73 -2 60 69 -19 5 -75 -38 -52 -24 17 -68 81 -5 -41 -54 11 80 6 97 
0 -34 -15 -55 65 12 -42 78 70 -55 70 89 30 30 72 -53 -77 -29 16 -68 -34 -37 25 72 15 -51 39 -97 -61 94 -42 82 10 97 -41 -87 56 62 -66 68 29 -20 -25 33 -64 -70 51 19 -18 22 -86 -25 72 -7 55 52 41 9 58 -27 -100 94 -36 -66 98 -88 36 -23 -74 -39 
-27 15 83 35 -54 -98 -89 61 82 -86 -43 -51 -35 99 -99 96 100 -63 59 -31 85 -95 18 -37 95 31 76 -67 74 -62 -6 -26 55 -97 16 85 3 91 -7 90 -73 61 24 25 -32 -22 11 20 -89 -26 -51 -8 6 -42 -13 27 -65 23 63 -98 62 -38 71 -31 47 -49 37 5 -18 41 
36 -7 -14 50 1 17 -12 -23 -27 83 57 53 87 -41 25 -8 -47 -1 30 -73 -84 77 -80 64 -8 -59 -85 -3 -8 78 98 -29 -94 12 2 -41 -53 -56 -24 -40 65 58 -40 -10 -98 -19 -51 -24 -41 -58 -62 94 20 12 15 -54 -1 32 -8 -16 5 50 -64 2 -85 5 11 66 -99 -93 
-92 -43 -30 41 73 0 73 68 -14 45 87 -15 3 8 10 -20 54 -43 -13 36 63 77 7 -71 -74 9 -94 -51 -1 55 47 -55 78 23 72 50 -83 29 -81 -93 57 58 76 52 -71 25 -43 -8 52 -1 70 -88 61 -38 30 97 -8 -9 23 -49 -11 25 74 27 8 3 1 55 63 76 
-71 56 -66 -77 -74 15 63 42 96 -10 -71 12 -97 79 -58 -98 -61 36 38 9 -16 45 89 -10 14 64 66 -62 34 91 25 31 40 83 -58 17 -22 -8 -63 -54 91 -45 73 -98 27 5 -42 -30 94 -6 13 84 51 -51 75 -77 -24 1 54 79 93 -7 92 -45 -8 -66 78 -40 -68 77 
-79 -51 70 34 31 51 68 100 -47 -32 -15 11 -46 19 -65 73 -20 -99 -50 -52 95 -67 -7 -65 -63 72 96 -5 -1 0 -55 -86 -63 -93 -15 24 28 11 -49 44 -24 47 2 13 67 40 52 -33 -27 89 58 21 45 -17 52 22 -7 39 19 20 -19 52 62 2 72 -29 90 32 3 90 
40 -38 56 -40 31 96 -75 50 -27 36 -16 23 34 75 -44 -72 -20 -66 -25 -44 86 -83 -8 85 -26 93 -41 -36 -57 -8 79 20 -84 -57 40 51 76 -92 64 96 -30 -64 27 38 -1 11 -36 -2 43 -5 56 41 -53 0 -64 75 24 -28 -33 59 -10 -92 -4 12 -50 -100 52 41 73 -71 
-57 -81 53 -14 -75 48 -44 -38 -82 44 -38 70 -56 -23 17 -66 15 -99 -80 -12 43 15 55 -1 79 99 61 34 9 45 -89 47 51 -98 -47 -30 70 2 -64 5 -51 48 -27 -3 -31 57 70 -37 -44 -91 5 48 16 24 -83 -24 25 -42 -95 -29 -35 35 -42 -24 -26 4 -95 44 87 -37 
16 -94 -28 14 74 57 10 -73 -38 -28 63 65 94 -20 -85 -38 -94 17 -39 34 -26 22 -48 -12 94 -10 73 -11 -85 44 40 -44 84 -64 -27 -28 92 -46 87 84 -84 -65 26 -74 -54 -99 -14 52 68 27 41 78 2 9 -47 78 -64 74 1 53 36 -10 44 34 77 78 94 -82 85 -40 
42 29 -79 99 11 -87 27 57 -75 81 -44 -5 92 39 -9 -43 -75 -3 37 50 97 -67 -81 -56 -45 21 23 40 -65 -88 -96 6 43 -41 -47 -60 -91 86 41 -37 19 -75 -4 -13 -85 87 -97 -39 57 -66 -83 86 -79 -34 86 68 -20 -88 92 -24 -79 70 -97 27 -36 -70 5 -18 -39 19 
53 70 -59 44 22 -21 -65 -82 4 14 65 17 21 -49 99 -8 16 25 -93 18 -92 63 22 56 -52 -15 43 -46 44 62 87 -52 43 85 -38 -89 -68 36 -60 -48 -66 -34 35 74 55 76 22 -14 -94 -6 7 49 33 -91 -61 23 -22 -31 22 -41 22 65 -100 -98 -11 -98 15 27 -23 28 
-67 58 -69 -66 -3 -49 2 -47 -95 52 -98 -26 -92 48 -18 -51 -85 1 25 -28 -94 -58 69 -80 31 -48 -14 61 -85 -35 -90 86 78 23 79 -43 48 8 -74 -13 -99 94 -58 -62 41 72 39 14 81 -64 68 -32 -89 -14 33 46 68 62 92 95 53 53 -33 -98 -60 -90 -47 35 -95 -92 
35 92 -89 -14 83 0 7 -35 -5 -78 38 26 -44 46 -23 -86 62 -32 18 46 65 66 -75 -64 -35 -29 89 87 1 -76 60 45 -9 -67 -33 83 81 10 -42 -71 25 12 36 -97 21 -5 70 -40 21 82 39 -28 -30 92 52 -30 -72 -34 83 60 -91 -28 -89 -89 -5 -24 -1 -26 -94 75 
17 85 53 -61 31 26 45 -40 48 23 10 41 -66 39 -16 1 -34 -99 -68 11 67 -23 -84 -62 -1 -100 -52 -88 85 79 -35 7 -56 90 50 16 -72 98 74 -16 26 -4 66 40 71 -16 63 42 2 28 77 44 69 -64 57 76 21 64 37 57 -76 87 52 42 -47 -65 67 -92 -80 -91 
95 77 -9 74 -41 23 -93 17 62 57 -93 -5 -29 69 31 -95 -59 -12 37 -22 -87 69 49 34 12 -64 -80 -40 -96 95 -97 16 -53 -28 -28 82 -14 30 6 96 -27 68 -58 72 -42 -2 67 52 40 45 -72 -62 -13 94 64 32 86 37 88 -15 -33 -38 -66 11 -97 61 -39 40 -9 -22 
42 -39 -47 81 65 13 -58 -14 -64 -57 36 -69 22 -47 9 -22 -91 -23 56 33 73 15 54 66 -75 -43 29 -44 37 95 96 -70 98 31 -73 -57 -61 1 9 11 -1 -8 -20 48 86 17 74 -98 25 -36 31 -32 10 -28 -19 -55 -24 -89 -87 -59 97 86 55 40 -82 38 82 72 100 75 
100 -72 95 -72 78 -98 -19 31 63 93 14 -70 -63 -98 -99 83 96 -68 39 -6 -60 3 79 32 17 -10 -13 35 83 37 20 87 -72 -9 -61 23 -34 45 -65 -97 -98 99 -79 -96 91 -35 5 3 21 -27 -75 -28 67 -68 -99 -98 -86 -89 -37 -53 33 20 -59 49 49 -66 59 -74 34 45 
