-88 5 -91 16 -58 89 -60 -94 13 88 45 80 38 88 100 89 88 -17 2 -58 -66 20 -77 43 -30 56 -49 -88 59 51 -49 23 46 -82 60 -53 -82 30 -59 -13 26 -7 1 27 14 -16 8 65 16 -69 -11 -17 -33 -72 -12 -67 64 -53 16 60 74 27 38 78 78 71 87 -24 70 -57 -1 -12 -60 -68 95 -83 -96 -48 -59 -49 -37 -56 18 95 -64 -85 -74 59 -65 
76 -24 -86 -78 -8 13 -10 -95 88 56 -27 -29 -84 -26 -93 40 -98 -39 -59 -30 -32 -26 -83 -60 57 94 -20 75 85 23 83 -76 -17 -8 -22 73 69 87 -71 -78 -8 -91 98 -45 -31 85 76 64 71 43 -100 62 -1 54 86 21 61 -36 71 29 22 49 -72 -3 -45 -65 -84 68 43 35 -53 -4 13 100 5 -25 -74 79 83 -31 74 34 -39 -18 59 -41 67 -3 -77 
-72 -73 4 95 -12 56 45 -43 -25 56 -32 18 -78 -27 42 -70 62 -63 -34 95 -6 -33 -8 -35 40 96 100 -29 -83 -75 10 -79 -4 -59 42 -40 -2 -76 29 98 87 85 -31 -57 -8 54 83 -52 82 -12 68 -30 -96 60 63 34 70 -91 -10 11 94 -5 22 -94 6 -91 -44 24 26 16 -1 -29 62 -47 96 32 37 3 64 -84 -97 -92 54 -13 88 -12 -94 -11 -56 
9 78 62 -61 -76 46 -15 -6 -21 100 -58 14 89 -43 30 44 -28 -82 0 -52 46 -8 -86 -13 30 -83 -52 -59 35 52 -88 -16 -6 -98 88 61 71 -21 78 -21 57 34 -23 4 -64 1 -21 59 -97 57 47 -5 71 -73 47 51 -24 16 51 71 -40 84 -30 -79 2 -17 -18 -57 72 -57 89 -66 30 96 -90 -9 85 -97 6 -25 -38 90 8 24 74 63 48 62 1 
19 43 -26 -24 46 0 36 -31 -81 -69 7 18 -78 -87 93 -77 99 92 69 -4 -21 -12 -90 100 -87 -52 45 74 -51 94 -30 -91 -28 -25 -6 -66 85 2 11 1 -71 -57 -43 56 13 52 24 97 40 53 -79 2 35 71 -91 57 60 -20 -16 -100 55 75 85 1 -97 33 -79 64 -95 62 -25 7 -24 5 20 -13 70 10 3 83 96 -93 68 51 -45 85 82 96 -3 
17 -21 -85 -76 28 39 -96 6 -42 67 -21 5 20 -47 -62 35 99 -76 -50 65 -43 -49 82 -89 16 93 -70 28 -66 -100 46 -49 -98 -16 61 72 32 -42 -70 -94 -85 -24 35 75 -77 -46 -56 94 -7 16 -52 -9 21 -41 25 -59 -13 -66 -92 96 -35 -39 82 69 29 68 21 -27 -98 -90 -38 -88 83 77 -55 -19 86 28 -11 53 -49 20 -91 -72 -12 -56 -47 76 91 
7 95 100 -86 -41 -78 78 -17 -72 -65 -56 -37 -40 -77 -51 93 8 -46 -35 61 47 -25 -54 -42 87 -7 -41 46 -65 22 70 -39 -69 -79 62 34 -30 -47 8 -27 44 13 13 3 52 -71 66 -45 -69 27 -31 -12 -40 -17 72 69 32 -75 -63 27 43 -42 -39 -91 1 51 -7 91 -1 -28 -93 -67 95 91 81 20 -95 -95 39 -33 33 -19 74 52 81 69 -12 22 15 
-57 -86 42 98 56 42 -23 8 40 -8 7 -12 9 -96 -76 -87 9 -67 -100 -16 58 -7 66 -1 97 -71 3 -68 -77 -78 -80 8 -51 -29 21 88 13 -42 100 -56 94 -19 63 39 20 -62 44 16 -29 27 79 24 47 -81 6 -9 62 -62 1 -62 -56 -6 45 1 35 -9 89 -41 -89 -77 -91 -76 23 75 90 91 53 13 -60 12 23 38 -67 -9 70 63 -100 30 -1 
-23 68 -85 68 99 64 -42 -29 11 3 13 94 14 -98 32 84 -18 -18 -79 40 -15 -13 -69 -86 84 19 -4 42 -1 -88 -8 -22 27 -87 11 61 62 34 -2 -97 50 -78 -83 -27 -84 -61 -70 -75 100 53 -2 61 -28 -42 95 34 50 -16 40 -10 -10 24 70 57 -9 -32 2 -77 95 -96 -22 -79 -37 87 63 48 -41 12 -95 -75 -64 42 -53 78 -69 70 93 -77 -52 
65 -91 44 77 9 -80 -90 75 91 -77 -38 -72 -100 -89 35 -16 -20 41 -6 59 -55 -86 -20 18 -68 -14 -94 35 -37 -85 66 -75 -20 63 -62 96 19 -98 39 93 34 19 -45 99 15 -73 -79 37 -42 59 -84 32 -35 26 21 94 -27 64 -62 -11 -38 -65 54 -43 89 14 -35 40 -12 -53 62 -6 -66 67 50 -49 -67 -85 81 -67 56 27 73 86 -51 59 55 57 -61 
-37 -90 65 68 -10 28 36 4 -50 35 -63 42 0 -8 -26 -94 83 2 -96 13 23 -41 -8 -52 88 13 21 -2 16 -28 69 -83 -28 -71 74 -22 -82 8 -50 -75 -45 -61 -77 -75 16 98 -11 -34 -58 49 90 -59 -25 35 52 -83 -35 90 -96 35 14 70 8 -75 55 -16 -59 47 55 24 -94 -86 -38 -81 42 -10 -75 -64 9 -94 33 -86 83 58 50 -81 44 50 -100 
-24 -81 -79 59 8 -43 -1 -52 23 -8 -82 -34 -97 -11 2 61 42 -73 97 84 92 -14 -97 76 55 70 -3 34 -78 58 -57 -32 -84 -75 19 76 -29 74 -29 -45 -94 -76 47 100 -38 -81 82 93 -23 -34 28 -36 18 -48 -77 -27 93 -38 52 76 -19 -69 -41 21 -76 95 -53 -85 17 56 14 -31 -17 94 38 80 -62 -54 -68 -10 33 -100 -32 -26 -8 29 8 -67 -22 
89 -48 -33 -48 73 14 14 -28 14 -55 -14 -23 23 77 38 -56 -60 94 6 -9 -16 86 7 -10 52 -66 -91 80 73 14 66 99 32 -85 84 23 -47 -71 -83 -24 64 -13 -1 -55 -42 34 -40 -57 30 59 -40 35 -54 -36 -2 -99 -64 41 47 -53 81 -16 -43 11 51 63 -8 -21 93 17 49 -40 -97 35 -60 24 12 -75 79 -52 -25 -73 -46 -59 62 22 84 -66 56 
-99 58 -5 85 14 59 -77 -55 -90 -82 97 -93 76 -7 87 -10 9 -35 2 58 70 -2 9 -17 -41 -57 82 -65 -51 -37 -71 -21 16 75 90 46 54 65 -99 3 25 -8 -67 59 18 3 100 -89 -5 56 -10 -79 53 -53 -44 -22 91 82 27 -43 31 -29 53 93 5 -30 8 -50 -89 52 -30 95 92 -10 -96 -98 60 -73 -59 -66 57 -37 89 -93 50 29 -83 -50 19 
93 -53 -6 -78 -26 -85 97 -35 41 -12 -3 31 -48 -7 -8 -28 -92 4 50 93 73 82 -69 50 5 17 -52 -24 2 10 -69 28 -79 15 -74 76 -90 -16 78 -18 -50 -10 -62 -19 -56 98 -5 -96 -7 53 -26 20 -6 67 72 -16 1 75 -100 -93 2 -43 -7 -72 66 -45 78 -12 80 62 10 -87 -62 -90 -31 -85 -29 26 26 -5 -64 100 -72 71 -89 35 81 81 64 
6 -85 -6 -47 31 -70 -97 34 6 -12 94 -36 -94 -3 -76 -74 12 -48 39 -16 -71 -20 -41 -61 2 -33 -72 -77 -50 -76 46 -76 3 -92 -15 60 -92 54 61 80 18 66 31 57 -27 -61 95 -58 -51 -87 -100 59 -54 -47 56 41 3 -91 92 30 53 -42 72 -33 16 -5 47 40 18 -71 -18 -34 -28 54 55 -85 93 85 31 0 -81 -41 46 85 20 14 11 -96 -59 
30 99 1 24 51 61 0 43 -65 48 -56 88 -25 2 -49 84 -36 -76 -70 20 -36 -47 -64 5 -33 -12 85 -61 6 -15 81 -96 -73 -24 17 -71 70 79 29 -68 39 31 -87 94 -52 14 -36 19 -29 -16 -32 -22 -43 77 61 85 100 40 1 -62 -94 -52 -74 -30 23 13 3 62 50 -23 -78 -86 80 59 -33 -94 93 -45 -9 3 86 67 -82 11 91 75 8 94 -65 
-30 12 10 100 25 -56 -13 86 -47 70 19 64 -50 -22 -56 75 -63 39 -72 36 89 55 -56 -73 98 27 -10 67 90 -94 54 39 15 -30 67 -93 7 -68 -56 -63 12 -86 85 -69 -94 28 74 65 20 -63 -53 81 -8 62 -55 -69 -35 28 80 -67 16 100 -100 29 69 67 89 -52 -57 -96 31 -4 -39 -21 -7 30 -28 1 36 -33 -57 6 64 -44 -97 -18 77 -39 -4 
18 95 -83 43 80 25 48 75 -35 -100 -57 84 -32 -17 27 -8 -100 -12 92 -30 70 -41 -25 -73 8 97 -84 -22 -46 42 39 94 -80 84 -35 -92 79 15 24 -54 -30 -7 97 9 27 25 -50 98 -10 -25 7 -84 -97 -62 -65 -25 7 -95 32 -10 17 60 -4 -70 94 47 39 64 -31 -29 -14 93 -43 73 -18 16 38 91 51 -29 41 -31 8 -46 58 -52 -37 30 29 
44 -97 -44 19 -22 -59 58 -13 -80 70 -38 -31 -92 -74 18 -60 4 55 -71 47 -4 -60 -58 67 -75 62 -48 74 -2 90 77 -33 79 47 1 -86 -39 33 18 33 -37 75 -57 -33 -11 54 33 99 34 56 -22 69 88 -19 13 -73 26 -7 82 60 36 6 -91 -85 -9 11 43 -35 58 -10 -27 89 -4 67 96 41 41 -94 -16 -56 -46 57 -54 8 -55 -100 89 20 -56 
-32 24 77 0 -25 -9 -51 -6 18 19 50 -60 96 34 16 100 -13 21 -53 -96 100 93 -97 100 -9 -14 -80 57 -25 -37 -26 16 -91 94 17 60 94 -79 82 76 25 -63 19 27 41 -92 57 14 37 18 -86 -30 37 -27 -75 -22 23 5 61 0 -45 37 -1 39 -37 -6 -12 12 -20 -93 -85 -77 74 -84 -94 -25 9 -49 53 -55 69 74 -3 40 100 -3 -37 -49 58 
67 -25 50 3 -99 -58 78 -97 -5 73 58 58 -58 -71 -44 3 -57 46 -92 53 -67 56 77 28 26 -18 -70 -48 -54 84 -73 87 71 -23 33 32 -49 49 -51 48 -13 -40 -60 -41 73 50 48 50 86 -21 -92 -34 -94 81 29 -33 -27 68 -52 -64 10 -1 65 -23 -63 -25 13 46 8 -23 -87 44 10 -95 -32 -18 -9 -92 -42 -39 54 35 100 -8 43 9 92 -49 17 
34 -87 15 15 -79 43 39 24 75 81 40 81 23 -11 -79 -41 42 -11 14 -44 -55 -47 -53 80 89 -54 -72 -31 20 36 -21 98 87 -49 -92 10 97 83 -4 0 -66 12 100 82 -52 34 26 -94 37 -44 62 98 82 -65 -51 95 47 37 -87 79 -13 54 9 11 1 -73 44 -28 -44 -55 -22 -97 53 89 5 35 -87 45 -42 69 4 43 -7 39 -97 6 -56 14 -87 
84 -27 -72 44 87 -4 68 -21 55 32 26 97 19 -32 -52 -47 85 45 -17 18 21 43 23 44 99 -66 2 -44 -55 -41 -65 25 -36 37 -77 -38 74 -24 87 -37 1 61 -69 38 40 -25 72 47 61 23 88 -55 -3 -90 22 48 57 93 52 99 -26 83 -68 -72 76 -86 36 -90 86 73 83 8 58 71 -15 -57 57 -97 82 -48 -9 -18 85 -89 -6 -41 -83 35 28 
-83 98 77 -21 -68 -36 14 25 -50 55 16 85 -7 79 -88 63 -8 88 34 -29 -46 -61 87 25 -80 25 78 41 -81 70 0 -94 39 93 -52 -78 -88 -15 -44 -63 80 -27 59 -80 -100 -74 -35 91 -30 -74 53 74 75 -57 67 -58 -29 -21 -99 -1 9 -77 -10 -54 -91 -100 32 -87 -62 -85 47 55 17 60 -79 48 75 -60 -64 31 41 -71 -73 -94 33 -99 77 5 31 
19 20 30 37 71 43 -41 -40 93 -45 -34 44 -34 89 43 -51 17 17 -67 -3 -62 43 -95 -42 73 88 -77 43 -94 -50 -71 -57 -88 7 49 97 -80 -39 91 9 76 25 -81 9 21 40 96 -100 15 -23 31 80 12 -42 -43 13 -28 73 71 -80 -11 76 68 85 -42 -35 28 -90 -82 41 -51 -10 98 51 38 -32 22 59 45 -36 -24 -83 -100 -41 -14 98 34 55 18 
51 -25 86 85 -52 65 -37 17 52 86 -38 67 89 -25 -64 76 97 -17 -61 18 -95 -82 -2 26 -41 43 -6 64 -8 -5 11 50 -80 46 40 77 -42 17 -93 -58 -24 -77 -17 -66 42 -34 -25 67 -86 13 88 -90 88 -45 -11 -7 -17 -74 75 63 -58 56 -51 -26 85 -71 -51 49 -25 -1 71 -90 40 2 -83 -59 79 82 29 -56 -24 -5 -49 18 72 -39 -64 -17 -63 
34 80 36 12 -81 -8 -80 99 90 51 -86 -34 61 84 -12 45 -43 -96 62 81 62 -59 29 -11 58 -90 83 33 84 -7 97 -27 48 51 86 -55 -21 81 -63 -11 31 -43 -92 -91 -68 16 13 93 21 82 -93 -63 22 39 -73 -65 -4 -84 -54 -82 72 36 -76 47 58 73 -95 -70 20 83 33 -42 4 -6 8 43 41 34 0 -95 13 53 35 -50 64 82 -41 25 -25 
59 -79 -94 49 90 -20 37 -47 52 70 -14 37 46 -45 -53 -98 80 56 -47 -47 72 70 -11 -3 -63 -24 79 10 99 56 -46 35 97 32 -77 27 30 66 81 -7 13 -44 40 49 -41 9 -64 32 -10 22 -87 -84 -100 -52 -37 -34 22 -100 -12 -95 -48 -100 79 -20 81 -55 -96 -13 -10 81 35 10 50 4 34 39 52 19 -86 90 18 -83 -53 31 -47 -10 -66 74 -49 
43 36 -5 -100 79 -48 -6 87 24 -79 -53 0 -5 39 86 -77 -35 71 -70 44 82 74 0 -41 -59 -58 -81 51 -81 40 -95 -31 -88 -33 65 -71 21 -79 -80 88 73 96 42 22 -17 71 14 90 91 84 43 -55 59 25 18 4 81 3 76 -56 -2 -20 51 -2 -20 -11 -91 -15 18 35 -76 -12 56 79 -58 26 70 41 92 4 51 -45 90 -44 7 48 37 -3 97 
-61 -85 89 16 -77 54 24 80 -42 68 -71 -33 16 23 47 -99 25 47 -44 26 -13 88 -85 -47 53 -61 1 7 -49 13 7 -84 -50 55 98 45 56 72 8 -53 -47 -21 41 87 -55 -58 72 34 -26 -50 92 -63 55 -58 91 -17 11 -62 33 -75 74 -53 14 0 -10 36 79 -70 40 61 66 -22 -53 -94 -57 -18 54 -54 -15 95 32 87 -3 -78 75 -98 62 -48 92 
89 -37 22 -62 -69 -96 -24 -62 -68 -60 85 -76 19 -83 8 -70 41 74 -40 34 -10 -77 -17 -48 -46 12 -37 33 71 24 -92 81 79 58 -6 -42 -99 -61 97 -59 -41 89 25 24 -44 5 79 -80 -38 84 -4 4 -2 -41 91 76 62 90 98 85 9 -3 64 11 -69 64 -29 -12 -94 -80 1 -39 -94 42 -90 -15 -78 -64 15 -25 84 80 16 41 59 -57 -45 73 5 
-85 69 -37 -56 -65 -69 -14 7 4 -18 75 86 88 -78 -50 22 -14 26 -78 13 86 -61 57 -98 -58 -86 -77 -40 36 -39 29 -82 83 -66 22 79 -51 73 15 -42 96 37 65 -45 17 85 -20 -25 -4 60 -49 81 31 54 23 40 89 91 87 -26 -100 52 -5 -44 91 -10 -65 -87 -63 -85 -50 -1 42 23 -5 -88 -12 37 -52 -77 -98 82 87 -24 93 -100 40 -21 -39 
-20 -65 88 -14 94 -21 93 58 -62 29 -39 -29 -75 49 86 47 19 58 -5 -92 54 -71 50 -33 71 33 95 12 99 22 -53 13 -9 -22 -59 -80 -96 -98 -39 -1 -62 63 29 37 -4 73 -8 53 -21 35 -47 -82 1 -33 9 11 -70 97 -48 26 3 -22 96 -35 95 12 -47 -6 -71 -6 10 73 -1 -100 -52 -63 -51 65 58 51 -33 -88 32 30 69 -89 93 96 63 
88 14 -60 87 97 71 -86 -81 -20 8 10 79 -46 -61 46 -15 -24 62 -1 -52 -27 -17 62 -71 -34 -31 -86 -67 -22 56 -90 -20 40 -41 -62 10 -15 -64 -92 99 28 -77 69 18 -47 -90 -35 -64 50 -39 -10 27 92 -6 -3 -39 -81 -2 -29 23 73 60 66 22 77 94 97 -4 0 -64 -22 -32 91 -12 -85 -26 98 42 -36 -4 -33 -11 -13 27 99 99 31 -93 -15 
17 -15 -81 36 -24 -19 -92 47 47 32 51 27 -94 34 21 19 -71 81 -70 86 -29 15 93 94 -64 58 -5 21 17 -93 -88 15 -87 27 12 -66 10 92 3 95 -31 6 -57 -51 -72 -40 -84 -61 94 31 -98 31 -54 -35 90 12 -1 99 60 87 -39 63 -95 -54 60 37 -13 98 31 44 -87 -96 -32 17 -80 79 -15 -8 -15 -43 63 56 -10 -27 51 -74 -61 44 -63 
28 -7 59 -75 23 26 -2 5 52 -82 -16 -24 59 -8 44 -14 86 91 -40 0 -21 98 40 -67 -75 -31 -50 48 -55 -100 -64 96 -67 -36 52 33 71 -57 12 45 -35 -56 47 57 -14 35 14 -27 -9 41 -52 -11 78 28 -10 29 28 58 70 49 -79 58 16 -33 37 -18 34 43 -53 -30 -95 87 -16 -50 -66 -57 -71 28 47 49 -55 65 52 41 -61 -24 -42 -25 29 
20 36 -27 -39 -90 63 27 55 -83 18 13 -94 52 57 -10 61 -72 80 52 53 -63 76 60 19 88 56 6 73 -12 88 -37 -40 92 25 16 -65 -85 -49 -47 -77 75 -77 73 15 -31 7 -95 -19 0 -11 -48 -33 99 93 78 -46 42 59 -82 -47 36 97 -33 -69 0 -82 -95 63 -12 9 72 -73 -61 36 1 -96 -40 93 -63 -79 -35 5 -16 95 53 -73 -61 33 85 
83 80 55 47 54 8 24 -95 30 86 -5 18 -5 -63 90 76 38 67 -37 -51 -99 0 -36 62 29 -1 63 33 -31 -19 -76 -63 8 -32 83 85 -68 -80 -52 -24 -2 69 41 -60 -54 88 -90 -54 39 72 88 54 51 -90 -70 -100 -91 -51 -20 -63 2 64 95 97 -24 -86 -29 -62 55 -41 44 -49 67 20 -15 -32 -57 35 28 89 -31 8 -83 -53 -62 15 27 -37 -99 
-90 84 -82 -6 -60 48 -29 -39 7 41 13 26 -37 41 21 81 74 90 -67 -14 25 -84 57 80 -87 -16 -58 27 -51 100 -20 31 100 -75 43 -59 -86 70 49 -79 -54 -31 -29 -100 -37 57 57 -25 12 -51 38 2 -4 13 78 -96 0 -9 -12 91 -10 60 -42 -69 -25 78 -74 -85 51 7 -70 -88 4 10 80 -11 -6 10 -94 75 -65 -24 67 -93 46 81 -34 73 25 
7 87 44 -10 70 54 -5 84 -73 -58 75 8 7 -51 -74 -87 93 10 1 41 73 -20 84 50 -13 53 2 46 99 -46 -54 31 -4 -30 45 49 35 -67 -64 -11 93 98 70 88 -17 -45 4 15 -89 -57 68 -92 -14 66 -2 -61 -75 -34 -34 69 93 84 -4 34 0 -53 -31 20 76 36 -81 -53 -31 -17 64 -95 44 -69 -87 49 -8 -28 -31 10 63 -75 47 -97 76 
-59 -63 -33 -65 62 54 34 19 14 -92 59 -54 75 -92 -36 -40 96 55 -29 47 -16 -95 80 -48 19 -72 84 4 17 -95 -66 21 38 -98 11 95 80 60 -35 -60 83 50 93 78 81 -78 -51 80 86 -46 44 16 -46 32 -63 -57 -13 56 30 52 66 -51 -90 45 90 -95 16 96 -14 33 24 -42 -77 19 0 -74 -1 12 99 -12 -33 -32 52 90 -90 49 82 -75 91 
22 -25 -34 92 68 75 -87 33 73 -47 35 43 -64 84 56 -27 -90 50 98 -82 50 83 -91 17 -8 78 76 13 -25 -21 -67 63 -23 56 -79 42 75 -17 -32 -79 -86 -19 -40 17 9 90 -32 10 -24 -2 -84 52 35 -44 19 71 1 11 86 2 35 16 73 40 96 79 -13 85 -76 -65 90 -23 -17 -86 43 61 -47 41 -43 -54 -91 -41 -24 -93 14 22 -79 21 6 
76 -18 -83 14 -36 -96 -75 -81 55 -69 56 -21 27 -30 26 -43 19 -25 31 -61 100 26 -20 30 18 95 -44 -38 69 48 59 -48 -38 55 35 94 82 64 -67 -72 1 94 14 -15 34 -87 63 -58 -63 -93 97 0 40 -17 72 -87 21 35 42 -9 67 40 -37 -6 -59 51 34 -5 -30 -88 60 2 -69 -52 95 88 -82 89 9 -11 46 -41 82 57 -28 54 80 83 -81 
-67 -65 55 37 -46 -14 -51 28 -55 -12 -38 21 84 -74 -30 98 29 -62 -37 68 18 -52 77 89 -77 -4 -11 9 48 -34 28 77 5 32 -13 64 -39 -13 -67 -66 10 81 -54 -91 -51 -31 98 77 93 52 93 -51 7 -99 74 95 87 -94 -33 -95 -45 63 4 -69 48 -6 -7 -47 -1 66 -18 -82 22 -2 77 -17 39 -72 52 -35 -60 97 49 -92 20 -70 -47 -81 -99 
91 93 41 16 -89 -5 -17 70 36 62 -25 -65 -66 93 17 26 46 -54 -53 25 48 -79 -37 -9 20 -79 -23 -58 -68 43 79 -29 88 6 73 14 -92 61 -73 25 -43 -64 40 79 -2 5 -66 -74 85 -80 -6 68 -76 100 -90 4 51 13 -80 -62 16 72 -8 86 -76 84 -62 -17 -19 -47 -42 -85 -38 -87 -26 98 -78 -89 4 -60 -41 12 30 -35 62 -70 -81 49 -56 
17 50 -100 14 -38 -72 70 -10 -83 -24 -45 -39 -44 78 -97 33 -61 33 -6 -93 95 18 -65 78 -11 -57 -79 -77 17 64 84 45 -83 76 35 -80 -38 13 35 -61 -15 -16 62 91 58 74 -4 35 86 -56 -76 -54 96 -27 67 88 40 -25 18 46 -64 53 77 -12 25 -23 94 -65 18 28 95 -55 -61 67 -29 79 -19 -1 -25 77 33 -100 36 -56 71 82 -49 -86 20 
28 -50 2 78 20 38 -22 -69 48 52 -36 50 -66 -77 -28 98 59 -57 -58 63 -78 15 -91 74 91 94 27 -34 -49 -50 -69 15 77 76 -37 78 -6 90 6 49 78 17 80 -42 -73 -8 -91 0 29 -92 93 80 -21 39 21 72 59 26 97 -63 -15 -67 -52 78 -35 -40 74 83 85 99 38 21 -97 85 44 33 -82 43 68 69 -69 65 54 22 95 61 19 -48 -28 
9 -64 -69 -55 95 88 33 15 57 21 60 1 -95 93 17 -15 40 88 -100 -96 33 -68 30 19 -38 -15 -24 7 -76 -29 37 -94 24 -87 -26 -65 -91 -34 -91 10 71 -86 -71 -16 56 47 96 -82 94 -94 -32 -44 76 -54 -7 11 87 -71 43 -35 15 -31 -35 -62 -7 -74 -89 -100 44 78 34 94 4 -39 1 25 -26 -24 -92 -89 63 -100 -46 99 -45 32 -63 -26 93 
-81 -82 69 -71 62 58 67 0 49 -47 -56 -57 24 7 -55 99 54 36 -11 7 72 67 -52 44 -55 23 -42 27 48 63 6 -14 -94 -39 -58 14 -98 72 28 -17 24 33 13 35 40 43 21 95 50 100 -13 -53 -58 -3 77 30 52 -50 -47 92 40 93 83 -2 97 26 -50 11 73 42 -53 -88 -45 -44 -51 -43 37 -67 23 -55 -79 95 97 23 -4 -82 -33 -95 -99 
41 3 -32 -29 89 -47 66 -89 -76 -13 77 20 -37 37 -55 38 -71 -91 -49 73 -68 22 3 -62 50 76 -20 -96 -49 55 -42 -72 36 73 83 -99 -74 -40 -100 -41 -92 15 50 -38 19 65 6 -50 13 -2 -70 -57 14 -74 -1 20 -83 -67 69 100 -4 -90 -95 -24 -86 97 -2 91 77 -51 -33 -25 85 31 -1 -80 86 -7 3 -22 13 -19 -43 56 45 -54 -54 34 88 
43 -17 49 2 27 32 -5 -66 35 -26 100 94 1 -55 -28 -8 -73 69 9 -53 20 -34 94 -1 -5 3 69 88 46 48 47 -89 -40 -5 63 50 45 58 -33 -25 -99 10 77 21 -42 3 66 -37 73 -48 53 -23 -54 21 85 1 96 -28 -81 -32 -99 -82 -68 36 28 -6 -64 22 -55 -96 -23 62 -70 -35 -72 -56 -74 -90 -97 -93 2 -33 -81 -67 48 38 22 -4 56 
41 62 -82 -98 -40 83 -45 99 -69 68 45 82 -55 -48 45 -83 24 -18 62 -33 -49 -24 -83 72 3 -28 -79 -31 60 78 58 1 26 91 88 -8 -93 -86 -33 -19 -95 15 64 70 62 -44 62 98 74 36 10 11 35 76 98 -88 -80 93 15 26 -89 48 -88 36 16 -12 28 -43 -78 -54 46 14 -92 24 86 23 -32 47 51 38 -14 -10 99 -33 -92 87 76 16 85 
-30 -44 -28 -14 58 98 14 69 -10 44 -80 61 -96 -74 -93 63 2 15 -98 -45 36 -51 82 -39 80 -45 -93 -46 -22 77 -95 -14 7 -48 -60 62 28 74 -94 -3 88 28 -38 -60 -92 51 -86 -78 4 49 1 -48 69 -54 4 -29 75 24 -64 57 76 35 -4 -3 -44 4 30 -1 28 2 51 -7 -55 100 7 73 -63 72 -80 -38 23 15 98 94 56 16 5 22 94 
-66 -6 95 37 13 38 26 -42 35 -25 10 -14 -36 56 -93 96 29 -63 -44 69 78 61 -21 87 79 45 -28 -32 55 85 7 75 -87 42 -3 54 68 -56 0 -86 1 -33 -81 30 52 35 -31 17 75 67 78 -1 20 -41 32 11 81 -73 -11 36 4 -58 87 -84 -30 -70 -10 57 16 67 43 18 1 -50 90 48 94 46 -8 74 -1 -100 74 94 7 -62 -56 14 -50 
2 88 -83 -80 61 -96 27 -70 -48 -58 5 -4 -14 -15 61 -41 68 40 -23 -87 60 -57 93 -57 47 -92 15 -90 -36 0 76 -50 11 86 65 35 18 -17 34 -64 -75 -44 17 -11 -38 74 2 -79 -63 80 48 -85 34 -60 57 -58 17 0 -79 -68 45 -2 70 92 -75 -8 13 -85 -25 53 66 46 64 68 43 -78 100 -97 18 -32 81 86 -78 -1 68 -99 -70 40 -17 
21 12 81 -76 -2 -18 -15 59 26 65 7 -93 -36 84 6 21 24 -69 -5 -30 -98 51 39 23 -3 86 63 57 -64 6 -9 -90 46 75 -34 -18 22 9 13 69 66 97 77 45 79 87 -34 -17 83 77 77 48 -100 3 27 -99 45 72 28 87 89 79 -72 15 73 90 100 24 -40 -64 34 23 1 -36 48 11 47 -28 -84 80 90 -26 34 -48 30 -77 -71 -5 -93 
-95 100 -27 -40 -64 -47 -69 90 37 62 25 24 3 -41 -98 -41 78 -68 -18 16 14 25 36 -37 -57 78 11 -25 31 -72 -40 52 18 8 88 48 47 -60 -87 71 1 22 -33 48 -7 15 71 49 78 -58 30 -85 1 89 -100 -74 67 -66 -78 -94 51 -33 89 94 -17 28 -20 -96 92 -72 -56 -42 92 -62 36 48 4 20 -67 68 79 -87 38 -64 91 -9 -81 -64 47 
51 91 -6 20 13 23 -57 -18 -72 44 67 -50 -36 22 -68 -100 -54 100 -25 15 -46 -92 -76 10 -95 60 -20 65 18 29 60 -25 -46 60 -19 60 61 43 -19 -74 -40 -75 -46 -7 37 21 -87 29 -20 55 -21 -40 96 -60 -65 87 -91 -57 99 -79 83 -13 -53 -82 -87 22 17 21 27 -45 13 -77 -39 -36 37 8 -90 -41 52 -98 -60 54 -92 58 89 -23 -24 -88 35 
97 -91 -1 66 93 -96 22 46 25 60 97 40 -82 -6 -62 59 -4 78 47 -46 5 -46 54 88 96 25 4 -12 -22 12 21 0 76 1 91 0 28 66 -71 73 -50 40 4 -99 -49 -52 -95 -68 -73 32 -95 73 36 -12 98 -20 2 -86 7 -16 6 -64 -47 -38 -93 65 -49 81 95 -41 61 33 -56 29 79 69 37 51 -60 79 16 84 -37 19 82 34 67 97 56 
48 -53 -54 -69 -72 60 -60 -65 -42 -70 -84 72 24 -27 -69 69 45 5 -61 -31 58 -17 -58 -12 -63 -79 72 -21 8 -57 -54 -76 39 -72 61 -20 29 -96 79 -94 55 -92 -89 19 73 -88 4 3 87 43 13 72 41 65 33 -100 89 -60 42 59 -66 -97 62 92 66 -9 -25 -7 29 34 62 77 -25 5 -69 51 6 -92 -38 19 -31 94 -37 -67 79 41 20 40 -46 
21 42 -20 94 3 88 84 28 -64 38 -80 30 93 -39 52 47 40 -49 51 -33 11 11 -46 -9 68 -30 5 -48 50 62 -23 -60 5 34 18 59 83 -5 48 17 97 -95 46 -82 25 -62 -42 2 65 93 -79 5 14 -10 -44 -17 91 30 -96 39 100 -36 44 -94 100 -57 -10 18 -93 -54 -78 79 71 84 75 53 53 23 96 97 52 85 -95 -77 72 38 84 -82 -95 
13 -49 -81 -42 -32 25 70 -23 99 25 -19 78 -22 63 -67 17 -66 -84 -24 40 -41 60 -17 50 72 57 -10 56 -63 22 -23 63 6 47 -70 -59 70 -81 -86 3 35 -10 -78 26 93 11 -9 -10 -19 -25 85 -99 67 10 34 51 44 -24 80 7 -75 -51 37 -80 -51 38 -22 -2 70 -34 -65 -67 30 -54 -38 -14 71 22 -24 50 17 -17 24 -19 21 -48 -18 -82 58 
-5 -66 -33 86 -67 68 66 -93 -26 -1 -63 -97 -8 83 -53 -51 18 20 -53 29 -80 40 17 -90 50 -10 -74 -44 -38 65 -71 88 -16 97 19 -89 19 -9 -49 -12 -99 -67 -38 4 -77 48 -58 28 -11 76 26 54 84 89 -61 -23 -52 63 92 -25 33 -35 -71 -36 49 -37 94 45 -12 -40 -90 44 99 -56 41 -7 -35 47 -86 50 60 -57 28 43 96 52 -90 86 -90 
-68 81 -54 58 86 51 38 -48 24 45 -64 81 -6 -24 20 -54 96 -70 54 47 45 10 -73 43 100 82 -40 17 -92 -98 83 -75 -28 11 -57 -70 -7 -57 43 33 54 93 37 -79 31 -64 -64 -4 33 45 35 -59 -17 0 -74 53 -72 0 44 -1 -45 -58 59 88 47 -11 -19 -3 -40 61 75 88 -2 -30 54 63 -59 93 66 14 -79 28 34 -59 37 36 84 44 -82 
73 91 95 39 11 -24 -9 -84 87 44 61 -70 28 18 -96 59 6 44 87 63 -1 43 -20 -23 5 10 -35 -65 76 -24 48 -64 38 39 66 77 -17 88 -61 -17 29 52 -57 10 47 49 -81 79 -98 -37 -36 -67 12 28 64 71 58 -15 -84 59 -16 -72 96 -64 29 -76 53 -11 39 -77 -61 72 -48 -21 55 -36 -12 -75 9 -22 -9 15 -11 3 -33 -57 -4 16 16 
13 76 98 -34 80 -5 57 -51 -12 70 -29 -88 -38 67 63 56 60 6 12 -27 8 -90 -27 55 46 -50 -98 67 14 -26 -73 81 91 -6 37 15 81 -51 5 -20 6 70 -74 -80 25 -89 7 -76 -64 44 90 95 -33 -59 -87 8 40 -58 -75 -59 -10 -33 73 59 -9 20 -89 -58 1 -74 15 -37 67 -52 -7 -74 -53 -56 -9 57 -95 -24 15 -30 27 75 49 0 -31 
-40 -80 -23 65 -56 84 -27 -60 29 72 -69 -26 -92 12 60 -17 97 -69 -27 -16 76 33 2 -47 60 -45 89 33 77 12 80 -70 79 8 -31 -77 61 16 4 54 -68 -19 -35 -6 -88 89 43 88 2 -4 -80 -16 14 -64 8 83 40 -36 -60 14 5 -73 -74 -100 -26 -53 83 -52 18 77 35 27 44 77 -68 100 -20 86 65 17 -97 -21 -69 97 32 -37 -20 -8 47 
65 37 -75 55 92 5 -83 -78 77 43 -6 -82 84 87 -16 74 -5 -95 71 -19 -54 -96 -12 90 36 78 -44 -66 24 -53 -68 -7 44 71 -33 24 -20 -33 37 -3 -90 36 20 -35 -47 66 33 -25 83 40 -48 -48 61 90 -53 -54 -25 41 -57 20 -14 -14 78 33 -47 -93 -46 28 -80 -6 -89 -66 -95 -10 51 -11 73 -66 -30 -20 -42 -86 -11 -60 -8 2 -71 53 92 
23 -30 -45 -61 -91 -35 70 -77 20 49 -18 -7 82 -56 -95 -66 -92 -63 -72 -63 -45 49 -71 -92 -76 -2 -74 -1 -42 25 82 55 19 52 42 -3 -88 1 -28 20 56 94 29 4 -92 -28 57 32 41 44 86 -62 -40 98 -65 -6 -31 94 -81 23 -28 -90 38 44 87 -56 92 41 24 -9 41 -23 2 -30 -65 85 -94 10 -100 91 -94 -57 80 -93 82 -6 6 36 54 
-98 15 -15 84 52 7 43 30 19 48 -99 -25 80 -62 19 71 46 91 -100 63 -9 -71 -63 -49 -66 -7 -92 -29 -48 -59 7 70 -22 -23 99 -10 -7 -59 -28 -66 -39 -32 -59 -29 -83 -37 6 45 -5 -83 -99 -32 57 -21 55 -93 62 -58 97 -76 -100 -16 -44 100 -85 -2 80 -75 -9 57 -16 12 -6 40 -81 -22 -63 40 -80 -62 22 -14 28 -50 -8 -35 -66 -9 70 
4 12 -10 -64 11 48 52 3 -87 -21 97 84 64 -96 53 37 75 -48 11 -94 2 78 -91 45 -60 7 6 71 -33 -72 98 51 -81 98 42 -88 -88 21 -93 -22 52 -25 -28 -65 -37 -24 -71 -22 25 -38 94 89 -57 79 -91 87 29 53 65 86 90 74 -10 -76 -2 9 -19 -100 -80 -89 -36 29 -4 -33 -27 -63 75 -4 -40 -55 82 79 12 89 60 -20 -87 28 98 
54 -45 -6 14 -25 -19 -27 47 31 56 -56 73 10 -70 -67 -26 -14 -75 -20 -71 70 30 -19 45 15 99 95 -90 67 -7 63 -65 77 -2 44 -13 -95 6 47 -48 49 -100 -69 -76 73 12 -89 7 67 46 21 -57 -1 64 64 -29 98 -99 5 -81 -67 -73 -79 84 48 -47 23 -55 -86 -52 29 -57 27 3 7 99 13 -81 3 91 77 58 -22 11 34 -37 45 57 34 
85 -31 47 -30 -3 -56 99 98 -56 82 -30 -41 -55 -26 48 32 46 60 -18 -44 100 -38 -61 -44 87 81 -24 -85 92 22 -21 75 -76 -58 0 15 -25 21 -74 -8 43 78 -60 -66 5 -50 -66 73 53 -57 -89 70 39 -70 -44 71 25 85 -30 -22 -79 30 -63 9 21 63 -36 -4 -7 82 -22 73 -83 -97 -47 -15 -50 -43 -99 83 -67 75 100 -45 1 18 17 -80 -62 
-11 -22 -54 33 19 50 -36 67 47 -75 52 -95 -96 27 -19 51 -23 6 61 19 -48 -12 -34 25 -80 62 -27 -72 28 32 -38 -11 83 30 40 -22 57 92 34 81 98 56 41 -62 -28 97 0 79 15 -62 5 100 -4 -48 -61 -75 -48 27 -31 -19 -28 -79 -5 97 -16 11 -84 40 4 52 8 -11 91 -99 72 20 -98 -78 67 76 28 79 91 -80 8 -45 -15 -68 -54 
-5 91 90 -57 -83 -4 66 60 49 35 -95 -27 73 -60 -65 68 -71 -23 11 65 57 64 35 -60 -82 -19 21 -6 65 -46 -27 -50 82 52 -61 -28 -18 80 -94 -61 -73 -50 -58 65 -42 -45 -75 -44 -85 12 -89 -15 99 -22 -68 31 25 93 78 80 -73 23 82 -9 -34 39 -19 37 50 -96 -32 -46 10 -77 88 72 22 -1 -93 -47 -91 92 -41 -73 -88 36 37 -93 91 
38 -35 -32 92 7 25 -92 -83 -81 59 -25 -18 -98 -33 33 11 -30 29 -20 -57 38 -60 30 -66 52 72 12 75 -40 64 -8 -85 63 72 56 -38 -21 82 21 -75 -70 -26 -28 8 60 27 59 63 26 -90 -76 -31 -21 -14 -52 1 53 -89 26 -42 -53 -46 97 -19 -89 43 73 -98 33 -1 69 68 80 68 73 -32 10 60 89 -20 96 -20 40 80 63 3 58 78 51 
58 -5 96 74 19 -97 6 -3 -59 19 -37 67 75 -3 69 -26 25 -38 93 92 -35 -12 -66 19 56 -20 38 -35 -95 97 9 21 -53 70 -21 16 -1 -55 -15 -57 -24 42 -32 -46 59 -48 52 -40 17 -31 -64 9 -79 -78 55 -28 -69 69 11 18 -76 70 97 -56 21 -85 90 55 37 82 -21 -73 44 -97 -27 34 73 -66 40 -6 4 -60 52 -90 38 63 56 84 61 
26 24 50 38 -57 28 89 38 63 13 -60 72 -26 67 -98 -44 35 20 38 -90 1 84 65 -77 82 -35 75 51 55 86 -59 -72 72 81 -65 100 7 -84 14 99 68 36 40 43 20 -44 -35 -34 35 34 -57 4 -22 53 10 46 -68 -64 -49 36 -1 -4 62 91 7 26 -75 -8 1 42 71 88 25 -24 -97 16 17 -31 60 25 -48 6 -44 -39 32 100 -73 -87 45 
-24 75 -42 88 -7 43 -39 30 -80 73 -29 -31 -57 63 69 -98 -54 3 66 3 15 66 8 -31 10 19 -70 86 80 28 -1 -51 -48 73 -5 -85 5 -12 -82 -87 -100 99 -63 -29 32 -85 2 68 51 44 36 -33 -2 81 5 10 73 59 -67 55 -97 39 43 82 -57 51 -60 -63 -24 -35 2 78 -89 2 51 73 -68 -99 -83 -58 -90 -97 56 -13 -81 -59 -21 3 15 
51 72 -74 -6 -6 -95 -64 37 -79 -69 -97 32 76 -71 -25 -30 -92 -76 -62 -93 -27 -96 -58 -18 -16 27 -60 2 -24 54 25 -48 19 3 -99 -84 -19 -83 -11 75 63 13 -62 24 69 59 69 -2 65 54 17 -36 -99 15 -99 99 -51 -76 89 -84 -44 2 40 12 -86 43 -9 77 15 25 91 -59 63 -27 -46 -10 -87 -29 -78 44 17 31 -34 86 -23 -74 86 -3 23 
66 -8 78 21 -26 20 -86 75 87 -84 -62 -23 88 -70 -48 51 58 2 -53 -38 40 -72 -85 -62 45 -29 -5 -91 64 -75 83 70 93 -14 -7 -36 28 72 70 5 -46 67 -6 33 -67 -19 -71 -83 -84 56 98 -21 82 59 -94 -2 -87 -37 -53 -57 0 100 -27 -59 -30 -99 -18 79 -60 82 32 100 5 11 79 2 98 -54 84 6 26 42 70 -99 -67 -3 86 -35 52 
16 6 -27 -4 37 -30 1 2 36 46 -28 75 -75 -70 29 -74 67 -26 -79 -69 49 83 13 40 96 72 68 70 94 19 -92 -76 58 93 23 -25 -31 -71 -31 -88 21 59 -7 33 91 -48 -77 -3 79 49 4 46 -27 -79 49 67 -89 81 89 -56 -97 -80 41 -17 0 74 29 45 99 93 39 -62 -52 12 63 -88 16 49 -37 -36 38 -43 39 -38 -53 -71 3 80 -71 
92 74 14 43 24 -50 90 38 -31 -23 -10 14 -75 19 51 -69 76 -59 -59 -99 -5 24 -97 -72 -92 42 14 76 -64 -19 2 4 54 100 -51 -61 89 -27 -32 -36 51 6 73 -66 -35 -54 -30 32 -35 -74 25 -31 30 -27 -58 10 3 43 46 65 -29 -62 -29 -36 20 44 70 -15 -76 -89 0 -47 -92 -94 3 -13 75 -77 -27 67 -24 50 -79 -96 95 24 62 -79 85 
31 59 96 -36 91 -20 -39 75 -44 65 100 97 -6 49 -31 9 39 -88 -81 -94 -71 43 40 23 8 -25 50 -55 95 12 78 -38 75 71 97 -13 63 100 48 -65 90 -58 85 -36 -35 67 -24 -77 97 48 -3 -31 -3 -100 45 -57 -26 -23 -74 -28 60 -38 -20 99 9 -94 57 -48 25 -22 53 80 77 -82 -62 -21 -11 -7 -9 -6 92 -77 78 14 75 44 92 63 16 
38 6 -5 78 -43 81 -90 47 7 38 88 -90 66 30 -63 -89 21 26 83 72 -68 28 23 -73 38 35 65 -52 -94 65 23 -68 -10 -86 -44 -2 -86 51 -98 -47 -78 36 -71 72 75 -92 -34 -23 95 86 -43 -60 67 -18 -5 -49 -46 41 -83 -4 28 46 10 -53 -7 29 -4 -55 24 -46 95 100 71 32 89 -28 60 -79 48 85 -28 62 -27 -92 54 18 -19 -58 -8 
66 87 12 97 68 -87 69 75 -82 75 35 86 -17 39 72 -18 -2 -17 8 -66 72 -47 -56 35 20 -50 -69 66 86 21 76 29 74 25 -51 49 -9 27 -84 78 18 76 -88 7 -63 89 69 59 39 -54 -26 -94 87 89 -39 -98 74 -97 -97 95 -54 -69 80 71 38 85 44 48 -45 -80 -42 -13 46 -43 -64 87 -25 46 -2 15 -10 50 6 3 9 13 12 5 15 
-92 -43 -83 -28 -100 -41 81 -91 -50 -47 -39 51 23 8 12 -37 30 -84 -99 -50 -83 63 95 5 -97 16 11 -24 -31 85 -70 92 56 -69 23 14 9 71 -77 46 16 23 71 -26 13 94 -98 -81 -55 -41 -14 75 95 52 4 98 19 -45 -38 85 -89 -40 69 -59 9 -41 -11 -17 31 59 -36 -100 -62 27 32 96 -27 -20 22 -8 -56 13 -85 -79 43 -92 -66 13 -100 
72 -73 -12 78 7 67 80 73 -77 -18 3 -35 -56 -53 -87 77 73 70 65 -96 69 0 -42 24 21 -76 95 -29 66 47 -82 -52 45 -43 -3 64 -87 -66 82 -47 67 -43 -15 0 81 16 -24 62 -9 64 -77 -49 42 -60 -79 -27 30 -59 -57 54 -48 88 -78 93 -92 85 88 97 -67 64 32 23 -10 -81 -89 45 100 15 -15 54 88 78 -34 -60 -63 -86 10 9 -7 
-53 -5 -67 -84 -17 -54 -10 61 23 31 -1 20 51 59 -61 -57 -55 -5 15 -14 -13 -29 -74 27 29 -2 -27 31 6 82 -8 42 2 31 -21 27 100 92 -9 -41 25 -19 71 -79 -25 86 -34 7 -79 5 -82 88 4 -72 -11 29 -53 92 -55 -75 95 4 -54 -54 -50 77 24 -22 38 -40 34 97 36 -83 -9 72 -21 77 41 -36 23 9 -54 -49 35 7 -10 0 -76 
0 55 66 -64 41 99 -3 44 93 58 -65 47 -97 -96 -33 -41 -85 49 88 -78 -11 -3 -86 -23 33 81 -46 52 -44 54 -74 6 9 -7 58 -66 -37 -72 -30 -14 -73 50 29 66 -11 12 -34 -33 59 -4 -44 -85 -25 96 -16 -40 96 -17 -2 27 42 96 -100 -74 97 80 4 -42 9 -14 66 -48 66 -27 -13 -59 0 -50 81 -25 -68 24 -12 -13 -10 -10 -30 -67 -50 
-32 53 10 -47 -18 4 -26 -62 -25 -47 -98 80 71 91 80 -55 -33 75 70 32 -91 -1 -94 -86 -88 8 -67 97 -84 -64 -95 -42 -99 25 5 -15 60 -63 67 65 -15 -38 47 -16 77 -56 29 -33 46 9 57 -61 28 -22 73 86 1 -45 99 30 -88 -68 -67 -39 80 -40 -29 -82 79 -51 -55 62 46 -77 -52 55 -50 65 -33 -81 92 -12 -78 -66 -54 25 95 1 42 
-20 -64 59 -95 82 15 -51 -7 -80 -79 17 37 -96 -27 -18 53 -100 -12 -73 -85 75 -74 -99 -52 54 -46 -91 51 -15 -55 -79 -37 96 -49 -47 94 34 -100 66 61 60 3 73 -77 15 76 -7 -33 39 60 -7 8 30 32 63 -46 4 11 -9 -33 -60 70 55 -29 23 25 52 82 29 6 -93 59 65 -27 -25 31 -99 63 83 -83 -79 -56 45 -71 -72 -99 -17 -30 91 
-18 -48 -55 -30 88 22 -90 -99 -31 34 66 -12 95 24 -41 -61 98 22 4 -80 46 12 -74 60 41 -29 -39 -35 69 75 -12 -71 -65 3 96 -26 -28 -92 13 31 19 40 -75 10 -40 -1 69 64 60 56 30 71 -47 -32 -64 -74 83 -72 98 49 77 25 55 -14 81 55 -40 -3 -43 62 -44 -20 -56 54 59 94 -22 35 -19 96 32 43 97 19 72 -38 -41 -28 98 
-39 84 -83 -53 -45 10 71 70 45 96 76 72 -79 -91 42 56 -75 84 -79 54 -75 -27 -62 3 -25 50 -2 42 -14 -28 -62 -79 -37 -69 61 -34 -18 -56 -33 54 100 35 86 -47 -73 89 37 -69 57 -83 61 -5 73 -83 7 -13 -81 -81 -19 37 7 -10 46 -63 -32 -12 -59 47 -67 78 16 41 99 57 -43 -56 -65 50 16 -65 -71 -14 32 34 -5 88 19 -30 38 
91 74 89 -27 87 38 -15 -53 76 -67 -39 -33 93 33 -99 31 40 -58 55 45 43 -25 -93 -1 14 94 -89 36 -19 -86 42 51 47 34 -61 -96 33 -55 -68 28 37 48 49 -43 3 -67 20 -98 78 2 71 -64 99 7 -58 -71 -75 -57 72 -47 85 -34 -29 -21 54 14 63 3 46 -44 -77 -77 -40 -27 37 19 27 -63 -89 83 -82 -3 73 75 -67 13 -56 -17 45 
-12 17 -84 56 -84 -88 -81 -72 20 41 -62 0 10 -8 -75 -52 -83 97 -98 -20 34 -83 6 74 90 -53 72 -66 -38 18 -34 -50 -26 -30 -70 0 46 58 60 -24 -98 -90 56 45 -61 -59 -79 24 -44 -43 -12 41 -21 73 -38 49 -42 16 66 8 -47 39 81 -77 44 -54 -31 -42 29 68 70 84 12 85 -86 37 -5 1 15 77 -22 -92 86 26 46 -98 90 42 25 
-49 -51 61 -76 -46 61 -34 98 -64 93 98 16 -3 -70 22 -66 -78 43 84 65 93 18 47 -7 -44 -11 -63 -91 -61 -43 -85 79 66 28 -100 22 66 88 -6 -66 1 58 -91 -47 52 -1 -1 -56 81 -78 1 -77 -78 59 -99 40 68 -7 -72 44 -77 -99 -63 85 -21 -26 15 -45 46 36 -41 46 67 21 -44 -72 -57 -99 87 -18 -27 -3 -32 -22 -63 -99 96 -53 -77 
6 34 93 -33 -51 -7 -24 66 57 -39 -29 -70 -68 -49 93 46 96 -22 -92 19 17 -62 57 96 54 -32 -100 4 -70 -22 -51 -42 -25 -82 -96 3 50 -34 29 -64 -30 -49 -39 2 -87 19 -22 96 85 5 -55 38 84 -27 67 20 -73 61 92 56 -95 81 -88 -45 67 91 95 -44 -61 -56 -21 79 -17 35 37 43 43 30 -90 10 -79 73 -20 -69 -43 -81 98 5 -64 
-5 -6 58 -26 -98 0 -71 49 41 16 36 14 38 -82 -47 49 32 -10 -19 17 -13 58 50 -8 -14 -37 56 -68 -86 44 64 -19 -96 -61 -14 4 -73 62 -32 81 -13 16 -40 -13 -71 -71 -57 74 13 68 5 40 -99 45 3 -36 -94 -78 22 -36 5 45 64 33 94 26 -8 -20 89 58 8 13 98 -55 -99 -42 81 51 1 -51 -20 -63 -24 85 57 -7 80 -6 -83 
1 -73 62 23 -94 -27 25 -97 -49 62 15 60 -47 -29 -17 -28 4 -45 13 -25 -10 57 -100 94 -90 53 -25 87 -5 95 -61 23 -15 -88 -74 -3 -17 90 97 21 69 -33 26 -46 2 85 -70 -51 -16 -59 77 18 5 -76 -13 -3 -38 17 0 43 -7 -15 7 25 -95 67 16 -55 -57 72 82 69 39 -30 23 -8 -1 -91 49 -28 -87 -28 13 15 83 13 -26 0 9 
14 48 27 -66 5 -3 -20 -63 57 93 54 -53 -2 -54 -70 69 -96 72 -75 -27 56 -33 -70 -64 1 -75 64 49 39 -87 42 -27 -63 31 62 33 69 42 -64 -39 12 -42 82 63 83 -67 71 -11 71 -93 40 46 9 63 -39 42 94 -63 -71 -84 -49 -16 23 69 -65 -28 22 -43 9 -15 -49 -77 80 28 10 81 -37 47 31 -82 -91 -23 53 -64 83 -1 -74 88 -75 
-60 -29 -88 -9 45 19 67 5 -15 70 30 93 -97 -63 68 -18 69 -87 32 98 40 -33 74 -24 -63 93 -78 92 -95 -53 -34 -44 24 -90 -51 -72 55 61 30 14 66 29 -58 0 76 87 -90 -3 52 71 99 35 56 70 52 -90 75 32 59 -95 76 65 73 -73 -45 50 70 76 45 90 86 57 77 -75 -61 53 -10 -15 -19 43 -96 55 -27 -7 12 -23 -27 -54 -70 
-60 44 4 -97 -88 53 79 56 -19 46 36 66 87 57 91 -6 19 -78 20 53 -12 15 -69 -22 -93 -80 -86 -65 -36 -8 -89 -44 -53 96 83 0 63 66 -41 80 45 -13 21 28 80 -11 -95 -51 98 -93 -38 74 46 -39 33 74 100 28 72 53 79 62 90 18 25 31 -50 -13 30 20 87 -76 -20 60 -51 80 -35 -15 -85 -71 58 70 54 -84 -7 -66 -48 -31 71 
15 55 71 -45 22 99 27 -27 -7 27 73 51 -25 7 -96 26 25 32 -32 65 82 52 23 -97 33 0 22 -20 -10 -88 71 99 -21 59 63 -31 -52 40 29 -8 95 -7 -88 27 19 -89 5 60 21 22 89 -8 -15 -88 27 -15 95 -74 92 77 -60 19 54 -35 -99 -94 -97 -77 -92 18 -36 -13 50 70 -8 -9 -95 -61 50 43 -81 -47 -76 59 6 16 -5 96 -100 
-83 -1 7 95 -90 -72 35 -13 65 52 -21 -59 28 84 -32 28 -30 -99 26 26 98 46 -55 -14 -46 -83 39 89 69 -45 -34 -46 -77 9 65 38 48 -95 39 -81 46 -69 11 95 -37 -6 -6 92 -26 -75 -27 32 18 42 37 -95 -13 -71 70 -98 -74 6 -33 23 67 24 -37 -64 -54 75 -30 92 -91 -83 -92 20 84 50 40 -88 69 35 34 -53 21 -30 -97 8 -81 
-59 15 -77 28 45 -97 -23 70 -60 4 34 83 -62 -18 -90 95 13 -42 -49 22 -19 72 63 -81 85 -87 34 78 -57 -25 -82 75 87 14 -76 -80 68 -79 38 29 34 90 -85 57 10 -100 -29 55 87 17 16 85 12 97 -10 -42 -85 56 -62 -26 -59 -67 -43 3 -30 41 64 2 -52 -92 46 -85 -1 -99 22 76 62 -61 58 70 43 -39 -6 44 75 66 74 96 69 
-78 -4 -84 1 -16 4 95 -68 -52 22 -38 3 -100 35 -85 22 -28 81 39 42 -24 -34 -90 -85 38 -39 29 -47 -5 46 0 41 -36 -74 57 -8 -43 18 -95 -63 -21 -5 89 14 38 -56 -2 -43 75 29 45 -58 86 -5 -65 -17 -19 64 58 -74 6 65 -91 -83 -71 67 42 2 -90 -18 -28 13 -44 84 70 -98 -23 -27 27 -18 -1 -40 -45 32 -18 19 39 -92 90 
-53 -35 -52 74 -55 -99 86 -20 10 -61 57 -68 85 54 -40 39 -64 10 15 95 21 -51 -33 -42 66 -75 -10 -36 -29 23 9 17 9 -84 62 -63 34 -99 -71 26 -68 39 44 -20 87 97 18 9 -59 -46 90 -93 -20 25 -37 74 44 -54 61 -21 -82 31 42 16 -2 84 69 38 -100 -54 55 25 -40 77 29 -76 -72 84 -49 79 -74 58 -48 83 -42 -18 55 -65 5 
99 -1 33 -16 6 71 -99 97 -60 68 -49 -29 83 -7 -38 -49 -59 -80 80 61 -93 33 -25 44 25 95 -96 -48 19 91 -47 95 -33 49 17 -84 -4 5 -27 -99 -74 -45 56 -18 -69 40 76 89 -5 -75 -61 27 -77 -92 37 -22 99 -37 -11 8 -75 -84 -29 11 75 1 84 18 51 -88 45 -75 -18 -54 -56 64 -25 -80 -80 56 -73 64 48 13 87 0 -46 83 -48 
50 -91 23 -42 -53 -67 -49 -79 -7 -55 99 56 55 92 60 1 -51 -84 57 -83 42 85 25 35 -39 72 -100 -49 49 -91 -64 -100 90 63 -10 -20 -17 -91 34 44 84 -90 4 -37 -45 -99 -98 52 74 25 5 -32 -88 -16 -90 67 56 74 -12 -29 -59 66 88 -2 -5 -8 -61 0 20 62 63 -27 66 -51 70 -92 -22 -6 -4 67 33 -4 -73 42 -40 -35 10 59 -12 
15 66 -95 -80 53 -44 65 -34 -34 -46 -65 -50 89 -32 -19 -31 -49 -63 -36 98 96 -67 4 -71 100 22 -61 -35 83 -14 83 47 21 -97 -78 96 -96 -16 51 -16 -51 -46 23 -92 99 -24 -43 29 97 8 50 -28 -72 76 -78 -11 99 93 -8 -64 38 52 -28 -100 -21 1 64 -80 -58 38 -28 -32 -14 96 -53 -39 -87 22 78 61 -14 5 63 69 10 79 -66 -73 52 
-36 36 57 93 45 31 -12 -4 -7 57 74 6 60 -14 -24 -25 -69 20 -11 52 82 12 -50 -17 72 -85 -68 -90 43 16 -33 42 -85 -52 18 -11 -7 55 43 -68 -79 -68 71 43 77 43 -82 57 -52 80 -90 -7 52 68 -8 -100 29 -98 -95 -17 -85 -53 26 53 -47 18 -67 52 88 40 28 -1 -86 -6 61 -73 98 -25 -86 92 9 39 2 -30 88 21 98 -87 74 
-79 -46 -66 -35 -89 -81 -25 -47 28 -71 41 -65 7 96 91 -78 96 -85 -52 28 8 -91 -54 -74 -45 59 90 -95 35 -51 -39 25 17 -18 -71 -84 -76 81 -82 -55 67 18 -12 -32 58 -30 -83 -27 -86 -1 -16 -83 -35 -62 -14 32 -54 97 44 86 68 82 26 -28 -66 -48 37 -5 21 40 41 -44 5 7 -64 -13 -97 -46 -70 -73 37 78 28 78 -59 42 -45 -62 78 
-94 -69 -68 -85 -2 -48 67 46 57 7 93 19 77 -10 59 -47 -76 59 -37 20 -54 -2 -46 -67 -80 -39 -17 21 -57 74 -10 99 -15 -71 47 99 22 -12 14 -12 -16 36 -11 97 25 -88 -80 80 97 -65 67 20 -58 65 5 -94 -76 83 -65 11 67 -76 -94 3 -68 33 100 -74 29 24 16 16 -16 -36 -57 -53 62 -28 10 67 86 53 -90 -30 46 23 -34 76 -54 
23 72 -25 -86 -95 72 78 -36 -23 20 -41 66 -50 52 74 91 -81 93 39 89 -62 -42 70 70 20 68 -42 65 17 97 21 -53 23 29 -69 -3 -85 -95 -65 47 -62 -70 -1 6 10 -81 32 83 -67 73 58 1 84 17 66 99 -96 5 -94 12 100 -46 31 51 96 54 46 -88 -42 34 35 -1 21 48 80 29 71 -87 -12 -99 -44 -11 61 49 50 -18 -90 -64 73 
89 47 -8 29 55 -44 60 1 -32 -58 32 39 3 30 5 -37 -9 27 95 48 -40 -65 69 48 69 1 -15 -77 60 28 76 -79 -90 -22 0 16 -84 -93 -13 7 86 13 -18 -33 27 7 -88 -12 -59 31 -59 90 91 45 -53 -87 -44 22 65 -68 -3 15 90 -98 -21 45 97 64 45 18 99 10 -28 37 -62 -93 -20 7 -21 -86 -41 79 -70 -83 76 -32 -94 17 -8 
21 60 -54 6 23 62 29 -66 48 1 -95 92 51 18 43 -31 7 11 87 -64 83 -50 -32 18 96 59 -23 39 98 -63 -10 89 -26 49 -45 -94 4 -2 -55 86 65 6 31 13 16 93 -57 -96 11 -2 -54 -7 -17 51 -43 -67 16 -31 -57 40 -45 -38 -85 81 -51 60 -51 52 94 14 -36 10 20 -31 73 51 33 -79 -40 -84 -33 68 5 -11 -62 -5 89 -43 -59 
-14 -11 -63 79 -98 -40 33 -89 -15 -28 -15 93 68 72 -71 -47 -34 68 59 5 97 68 72 73 21 15 -35 10 -87 6 24 87 -62 5 8 46 -70 33 -86 -26 62 -71 -30 -1 -4 99 50 83 23 -14 -42 42 -98 20 -66 0 32 76 18 -9 -100 -38 60 67 -35 36 -37 -7 94 83 33 43 59 -76 7 87 -35 58 -72 85 -33 -63 81 -64 82 -91 40 -90 12 
96 85 -70 -72 71 -8 66 57 -87 -86 20 63 -65 -59 -93 -56 92 74 23 75 -92 2 52 50 85 -7 44 -90 23 -35 62 57 -41 39 0 -66 -62 26 -99 75 -39 80 -13 1 16 92 72 100 13 94 51 6 -30 -8 23 -14 -58 -31 70 -10 99 -95 -17 -89 -10 58 -9 62 -78 13 -81 -38 -55 48 55 67 -53 -78 -70 -34 79 -8 93 -5 72 -26 92 -24 -64 
80 -98 88 71 94 47 79 25 -5 96 -61 -24 -54 -20 34 -10 33 -35 -21 54 90 41 -8 -18 -32 31 95 -42 -26 37 -65 -11 34 -44 -43 -18 34 59 37 -71 39 73 62 16 -8 29 -96 100 -70 57 -34 -68 81 -15 -45 60 59 7 -97 67 -28 -16 -46 -79 -11 13 57 -24 -83 -9 0 -26 12 -93 100 23 49 63 38 84 -34 -70 -14 21 -79 -67 -59 14 24 
94 -8 19 93 -15 -73 -21 -32 -28 -62 99 -39 -18 -55 2 -88 -16 19 -77 98 -77 52 -99 6 -1 20 -51 17 92 -49 82 13 88 44 -14 96 -25 53 73 -62 -54 42 96 -75 87 26 64 -44 20 25 4 -32 36 83 55 92 -18 90 -74 39 50 -46 -14 61 -24 38 11 6 61 55 100 98 -28 -45 -42 3 -11 56 -16 -60 -90 23 -60 -41 -70 -44 -13 50 35 
-45 64 -9 71 77 -16 62 79 58 -86 -52 72 -80 75 -77 -90 -63 19 -58 62 -27 -49 73 77 -5 -68 68 -41 -79 -97 77 -73 -22 -65 69 30 87 94 -26 -51 -68 46 9 -1 24 -61 -21 -42 100 44 -17 -56 32 42 22 -67 -6 40 22 87 86 -18 -64 -93 -32 74 -42 83 9 23 -96 -30 -96 74 65 -97 -49 -65 -9 16 49 25 -64 66 27 -98 23 53 -86 
-76 80 -14 -29 -41 -4 6 -8 1 23 51 96 -73 -34 -57 -13 -23 34 -54 -87 -43 66 1 0 72 69 -64 -18 91 16 56 18 2 -81 -94 65 7 18 85 27 99 76 26 18 65 -76 79 38 17 43 3 -30 -89 -7 16 40 -4 35 80 82 54 -16 42 -63 -15 8 43 40 87 91 -27 12 -40 43 -15 -87 -73 63 84 33 63 -83 94 -17 -85 -17 80 8 10 
-82 -62 -34 20 77 -53 97 -1 -46 76 29 39 -84 -51 49 80 -35 -54 65 32 87 -60 48 -1 -8 -56 -71 -54 90 96 94 50 9 -26 70 92 26 -99 96 41 -60 70 -90 -45 -59 -96 -41 36 -61 -86 -76 32 -4 -57 -55 -13 -66 72 2 -22 70 -62 36 20 100 -21 18 -22 4 -54 -35 95 -57 92 96 36 83 -94 30 -6 -58 69 19 -76 50 70 -33 -47 47 
-59 65 -73 24 -66 91 25 -86 -59 -27 50 -23 65 44 56 -24 26 89 -29 -42 -50 16 14 55 10 -90 -48 48 -92 -69 40 35 -95 41 23 80 99 -37 -100 58 23 -68 -78 95 -28 -36 -94 -23 77 90 -28 10 -51 92 -22 -93 -73 29 39 -53 28 36 78 90 -87 16 0 53 -25 42 94 -53 -66 -66 62 -24 -89 70 -5 -86 -94 18 68 -74 -84 99 18 -16 32 
-91 60 8 48 71 -32 1 91 -31 8 -1 -18 -92 47 9 75 60 -24 -73 11 82 -23 -61 56 -12 -55 -34 -61 -7 -32 -53 69 -39 12 -82 -48 -71 -6 32 -40 63 -4 95 58 92 -30 -34 20 -61 -26 -31 53 60 -47 -45 19 -51 -33 -29 -55 99 -39 63 31 -18 70 -55 5 33 -68 -35 18 -28 -89 -33 59 6 -25 -14 -20 16 -42 86 -50 -49 17 87 -15 76 
-21 -62 -99 49 -47 -97 -37 -97 -78 67 5 4 55 -82 -98 17 -77 37 -85 27 44 20 95 -97 -16 31 81 86 53 -87 -69 79 -6 29 67 37 -4 55 15 43 -90 -17 99 -52 76 -14 75 -72 -28 -78 -10 -99 59 1 3 -44 -87 14 -15 16 -53 100 52 -40 -92 -16 -76 63 83 94 30 74 51 -37 76 -53 79 -13 -67 31 -79 57 83 2 20 -9 -42 -20 24 
-61 -28 -54 -6 96 70 47 -41 -16 61 78 -61 20 -14 57 -11 3 -19 -58 10 -55 -52 97 -44 54 49 -93 -27 -27 57 -92 -36 73 85 57 66 -16 89 -45 -92 55 -69 28 -54 -88 24 96 -89 34 2 -4 84 86 79 -30 -75 -46 -37 -72 -77 -45 -38 -31 70 -32 20 24 -23 -59 -62 49 56 21 -23 -96 -98 -15 78 44 -76 -8 71 -16 -89 -52 -1 70 26 -91 
-6 -82 -41 -87 -99 69 -80 64 70 79 19 47 -6 20 100 -83 -88 -19 13 74 -14 90 -10 -15 -98 67 43 19 77 48 42 -51 20 -30 15 -4 3 56 9 -7 10 59 -20 -33 50 60 -39 -68 -22 -86 -67 -30 64 -3 92 -81 -14 96 -21 92 -9 -12 20 -66 -38 47 43 74 -97 -35 -97 -36 -95 11 91 25 -85 -36 -42 -91 63 78 -23 33 2 69 -8 18 -31 
-6 -1 36 64 -88 -4 92 -37 8 22 -11 47 40 -82 54 22 -74 4 42 15 69 -95 -6 33 -85 29 48 77 67 -20 -36 95 78 -94 -55 -15 -85 -41 99 -32 -89 24 13 -44 -75 82 -78 51 -25 50 -20 4 69 44 82 -10 -27 79 15 34 -44 61 28 75 40 93 48 -68 15 -73 -22 -87 15 25 -6 -1 49 59 37 -11 34 -74 -100 -1 78 -42 -97 29 -3 
2 -10 -12 55 69 -38 -72 92 14 -58 2 31 98 59 17 -53 19 -82 -85 -35 -30 72 -19 56 63 61 -83 -38 82 74 80 -31 -79 49 -51 -94 1 41 -7 5 48 48 84 26 -39 89 21 -60 -82 60 100 -3 75 -86 20 -71 22 -57 35 -35 19 -25 -3 -97 61 -1 3 -35 -49 12 9 11 47 33 -64 28 -2 -84 88 -80 -76 94 -7 33 -12 0 -90 -59 -82 
68 49 64 70 -55 30 -75 -31 -74 27 -6 -29 -55 27 10 -69 -1 13 -35 33 30 100 -38 -28 96 -77 19 69 98 -67 -32 88 31 59 -94 71 -43 99 -76 -43 36 12 30 36 -8 -15 28 -70 54 -58 -21 68 -100 -85 -40 -8 -40 68 19 -62 34 86 26 -88 -12 9 91 -65 -40 91 28 90 -83 -85 -85 -68 -56 -92 39 -90 82 96 -98 -69 98 21 48 62 51 
-1 7 -25 -95 57 49 -6 2 -6 -37 55 51 -28 -100 -7 71 67 -61 -46 -53 83 31 -3 -95 28 16 54 53 -2 1 -42 18 -41 81 37 -10 -60 -77 -2 93 78 72 62 4 67 -27 72 45 -90 51 14 20 50 40 88 -98 -12 -86 -99 -7 -75 77 -40 7 -71 -36 -96 -59 -18 5 -17 -2 15 80 -3 -2 -3 -15 38 -60 53 -20 -24 80 19 83 -87 -3 63 
13 100 81 59 91 46 22 -93 -27 -85 -69 -41 -11 -50 90 -41 83 -20 91 43 -84 0 -74 40 -13 40 -90 -35 97 -17 -79 -10 53 57 61 -62 -19 -58 38 92 -26 1 34 95 63 -10 -100 54 -56 -97 -67 -84 -26 64 69 91 -48 -100 -45 -73 29 -70 -53 -53 -5 -26 -25 -26 -42 -77 -33 -28 -100 82 43 8 -88 36 -51 -38 -20 -88 50 -45 -72 44 -23 -35 -90 
15 92 3 -1 -58 34 23 28 -37 -19 -41 93 -50 23 -20 -76 -45 94 52 13 -27 -13 -13 -87 -33 93 74 -5 88 5 35 -74 93 76 43 47 -59 -47 -54 -2 -2 84 13 91 -75 -10 42 -78 -8 -87 -25 -31 -48 84 28 -32 40 -84 -61 -82 59 -74 -10 52 84 -16 89 -53 -1 -28 17 58 25 -71 53 -46 24 -66 82 52 85 -74 -67 42 -43 91 -26 -2 88 
-64 -92 -42 -70 -85 47 85 100 11 -92 -73 -98 -79 34 46 -52 -97 -12 81 43 -19 2 -23 -12 35 -29 -72 -72 91 36 -97 -28 -62 -67 -83 96 46 -59 -47 -65 66 -18 94 -98 -86 -33 -78 89 -1 -42 -53 89 -25 94 -7 79 -38 51 74 38 78 65 65 98 40 -75 76 83 -2 -75 -41 64 38 32 -45 -83 -43 -3 92 61 -18 23 -69 67 59 76 15 46 63 
52 -65 31 66 8 34 -59 93 -2 -78 84 38 -51 91 -63 94 98 -34 -91 -93 88 -16 -37 83 62 26 66 38 21 -100 -48 99 20 32 52 -62 -41 -61 63 39 -91 -65 93 100 -4 42 -90 -98 14 60 -20 -80 64 -82 -94 -20 -26 24 99 -93 62 98 -67 88 90 -3 46 -31 35 -12 -51 -36 41 60 -89 -10 52 62 -29 96 -69 49 -69 53 -4 -26 -8 68 28 
-34 32 74 26 -78 -90 -96 46 -41 3 -65 -53 41 87 94 68 -59 -95 -50 -77 -49 -9 91 37 23 -10 -7 -23 2 25 -47 24 -4 -26 -22 53 58 91 -81 18 -16 -89 58 61 81 28 -57 68 2 33 39 55 -11 -15 18 14 -84 -94 -44 0 35 -5 -2 47 -70 -98 73 96 43 33 32 -33 94 12 -29 -59 59 -75 -89 -74 -31 23 15 26 14 -58 -98 -37 56 
66 -43 45 42 72 -63 -15 -10 49 -2 49 -31 58 -12 38 92 16 34 32 79 17 26 -72 54 28 52 58 28 8 92 58 95 -79 -61 99 81 -75 -10 42 -8 -28 -44 -85 -67 -89 50 -28 -80 -85 -39 85 7 -77 33 43 -22 73 -3 5 61 -47 54 -99 28 -15 -60 46 45 24 -98 9 -45 -56 -3 96 33 80 -1 79 -81 -38 49 -42 -19 51 -65 -57 -1 -71 
-88 -10 99 -23 -42 -68 26 -97 60 93 -37 84 -28 88 68 -32 -14 66 -78 -43 35 -87 -76 -63 74 71 -68 5 83 80 -61 40 -88 -8 -70 -97 -19 -24 71 77 -85 0 33 -41 69 17 15 -40 -4 -70 72 -36 -40 27 -42 91 78 32 64 59 51 -24 -43 -89 -22 -39 -87 74 -98 -57 -3 73 49 66 -87 -9 76 100 -79 -33 30 -32 -30 -82 20 51 -36 -31 33 
-33 -9 -18 29 -12 -22 -38 -75 -98 -59 56 -40 -27 -63 -20 -30 52 3 33 81 -10 2 -5 7 -60 95 -44 65 22 -61 67 45 70 35 -23 50 -70 -42 -60 -57 -27 41 27 -41 28 -20 57 -92 19 27 -11 44 74 76 -25 45 55 13 -42 -81 -9 50 -88 80 -91 -18 -28 -39 13 -78 88 41 55 72 -89 37 84 -27 19 89 11 -46 32 51 -34 -53 -66 -57 -64 
64 -77 37 -93 52 80 -71 -95 47 -26 -37 -97 73 -65 -85 -7 5 -69 75 -89 40 19 -75 29 -21 -66 -44 47 -65 15 -81 -3 -37 100 -2 -98 -8 -66 -48 -42 -4 -70 20 97 73 -60 -30 1 -49 -66 25 -81 51 80 -61 68 31 27 58 -89 87 93 -5 -19 -16 -44 46 94 -86 5 62 -47 31 40 45 -45 60 0 -90 -8 20 -33 -70 77 98 -2 -61 50 96 
-81 8 19 24 88 -20 -9 -74 25 -30 86 -47 87 -29 -87 -71 90 -45 -90 26 -91 -56 -30 23 33 -91 92 -78 64 82 55 20 0 -37 -6 -69 -69 67 95 -54 75 75 93 -82 -75 -99 -20 42 -70 52 38 27 -96 52 98 -28 -7 -17 -8 10 7 35 1 78 99 10 -16 33 -70 -90 16 -19 -49 -52 60 27 33 -7 -58 55 -26 -72 -15 -34 37 8 76 58 -96 
68 -7 -75 43 34 -66 67 -24 -61 -29 46 -25 79 55 -63 8 60 -47 -25 25 -82 42 -97 -12 36 85 -100 -11 -14 100 75 98 64 -37 14 5 34 0 -90 80 -7 78 87 52 -18 43 -32 -48 13 5 9 -53 22 26 -43 -39 -6 -89 70 78 7 -21 87 44 -99 0 -44 -21 51 42 54 -78 8 -56 -57 0 -24 73 65 -75 81 69 31 -22 36 -20 -61 -90 -1 
-77 -93 -70 14 -70 77 -87 42 -68 78 -32 -41 -34 8 -73 -18 -15 -38 -80 97 70 -7 -96 -61 31 -100 14 89 -42 87 65 31 -96 16 -30 -47 -72 97 -35 -69 39 -91 -39 68 44 87 3 41 74 -10 81 58 30 -12 87 81 -60 -59 73 -61 86 -61 41 -90 -65 77 -88 27 -53 -59 -10 54 -49 -83 -17 59 -20 -57 -74 77 -92 -69 -81 45 -42 46 -8 88 40 
64 -51 90 -84 64 -17 46 21 -30 67 46 45 -66 -71 -49 -41 20 -1 -97 58 49 -93 29 -47 -28 -50 11 19 71 3 79 59 -37 -76 -54 -85 12 17 -10 -60 -8 15 64 -63 -69 -59 84 12 -71 -2 39 -85 76 14 -51 7 -95 -37 22 85 24 -28 61 -34 87 81 87 39 59 50 31 -97 69 -21 4 -19 81 -2 -48 69 79 83 27 -16 65 29 5 -48 31 
-25 10 53 -19 -89 12 -10 -46 -80 40 88 34 -15 -53 89 19 -31 -27 27 -90 -63 -80 92 -22 38 -85 73 -50 16 -95 36 2 27 -88 -44 -72 -94 -85 -74 -79 -61 71 -83 24 2 42 25 74 33 14 -59 72 -17 50 40 2 -46 90 -98 25 -84 -15 -33 -99 85 -17 -58 -74 9 -21 86 35 63 -35 20 -80 24 91 15 -66 68 43 -96 55 75 -79 -42 -47 -18 
-78 -63 54 -96 -1 -92 -37 -16 81 -56 64 53 -54 -28 -23 -83 -12 -99 -7 18 -72 -51 -11 -7 37 10 6 -28 32 -33 -33 -60 -87 -75 29 30 -29 -18 70 -74 32 -24 -74 3 -97 45 66 86 32 46 54 83 -59 57 -26 -61 41 -41 30 -97 30 92 -66 -45 -66 33 34 10 70 -85 -2 -82 -74 66 4 -30 23 -82 -74 35 -17 -34 95 57 -8 -93 -13 -12 85 
47 90 -41 -36 46 -87 0 51 -75 35 65 18 -47 -59 -80 -26 -86 -84 69 -48 -8 -15 -22 90 -62 75 -72 66 -14 -6 -62 -84 85 80 12 75 -90 -30 25 -94 58 -64 -100 40 -91 -70 -69 -43 93 24 -67 -56 -27 -25 18 44 88 22 62 -11 83 47 -37 100 39 -89 -59 -93 -92 -51 -71 -7 -91 22 -15 53 -10 25 -16 -11 -45 58 79 75 21 -38 67 -41 93 
40 -85 19 47 38 -1 -81 -16 -29 83 11 -26 -28 -26 -82 68 97 24 71 -1 -90 -23 67 12 87 -82 -42 40 -56 -53 -29 -59 -27 87 -90 60 11 -71 -45 -74 -26 -75 55 26 -75 -11 62 70 -28 -79 23 66 68 68 -68 -1 53 83 48 -54 8 -28 -23 -78 -63 52 -2 68 -28 93 -29 -50 63 -49 -11 32 66 -28 37 -20 -50 -43 32 60 -12 -49 -23 -91 -53 
-62 36 -75 67 59 2 0 -2 -30 65 87 47 -12 11 26 -64 -50 -81 -79 73 -69 -62 88 55 81 96 24 -81 -99 -42 -14 -9 -91 36 -30 54 -36 53 -23 18 43 -38 -78 -65 -93 15 98 78 -60 -73 96 -40 67 -61 -66 3 78 -10 -1 53 97 -51 57 -28 -48 -35 60 95 63 48 -96 -92 33 -70 -2 -25 12 -10 27 -81 15 -2 -59 47 51 29 -44 -19 -36 
-79 -90 -55 57 61 -57 34 78 64 -39 88 -61 -11 61 -64 39 -39 -86 42 -13 59 -82 42 -59 -47 -76 -75 40 50 -29 13 -63 0 -52 -70 18 97 -88 63 31 -45 -66 65 -74 50 -59 52 33 14 -98 61 90 -96 -100 77 32 86 51 -8 -9 -26 -88 -82 9 12 13 10 17 -79 43 34 18 52 -54 -95 -43 -84 15 -44 49 -21 -32 58 -23 -2 -59 32 -78 100 
-90 -16 -36 -66 -31 -65 -47 64 -50 -5 63 -29 -10 -50 -13 -49 48 -65 -36 -11 36 50 87 -71 28 -33 80 64 -37 77 77 -92 26 62 -34 -67 78 -36 28 79 58 18 -35 22 -30 0 10 -34 -91 27 40 36 -26 19 64 -12 84 33 46 40 53 -8 -63 74 44 -35 -10 -84 -49 -67 63 5 -28 -53 59 -47 35 47 18 63 -85 81 97 -37 -44 -53 -6 25 39 
-34 -13 -28 61 -57 12 -82 -76 3 46 24 74 -61 -27 -12 -68 22 -22 -32 -86 89 32 -28 16 -32 34 79 -31 -78 47 -82 -95 95 -49 46 -58 -44 -45 -26 -72 -78 -21 49 -12 99 -12 99 25 -55 25 8 -36 61 -43 57 93 -4 -38 78 78 -84 -9 96 -45 -81 -62 -91 8 -83 74 1 -96 -92 97 79 34 87 -94 -27 -96 90 92 78 12 -55 -33 -38 -67 84 
31 -26 4 -38 -20 -11 -98 -38 89 83 -6 -14 -52 91 -86 13 10 -55 -66 31 15 -83 -54 -90 -70 7 21 78 48 12 -41 69 57 98 -83 -58 0 -69 91 -80 29 10 -49 72 -39 95 67 -78 -2 -44 -9 39 85 13 19 34 -82 82 3 -34 -66 41 26 65 -38 87 41 -60 79 -2 -43 14 -17 -10 54 -77 -56 -7 40 89 -10 84 -37 -64 -68 94 -2 35 78 
56 88 100 -35 31 -33 -41 68 6 -31 -53 -51 -99 -49 91 -68 12 79 93 45 72 54 -85 57 -18 21 39 6 -30 -7 56 36 34 56 -79 -83 -81 11 3 -10 53 -1 28 -32 80 28 71 58 -93 -49 -50 91 3 -60 49 -66 -83 -32 -16 -13 -66 -80 56 -57 89 -85 47 65 -78 98 -53 87 -64 66 98 55 -66 48 -50 -34 16 -91 27 41 -18 61 -29 96 -22 
-51 39 20 47 -65 -98 33 -61 51 88 -33 28 -33 -31 -27 100 -39 0 -82 20 8 46 8 14 -60 15 -70 14 67 -42 -92 -59 -25 29 100 -39 -41 -3 -18 -74 62 78 -17 -56 89 92 22 11 89 60 -85 -29 -81 -56 77 55 -20 35 -7 11 -34 -19 96 75 73 -59 97 42 71 -14 -29 -11 26 49 62 -65 21 99 -59 55 -96 -26 95 -59 14 -50 -9 81 93 
-79 -10 -16 20 -73 -75 39 -80 92 88 52 -59 -87 43 -8 -52 -88 8 100 -36 92 83 -63 -49 -21 68 -26 16 83 -71 32 -96 -37 -36 -50 13 9 57 79 40 -28 -84 -62 -19 8 58 -91 -13 -2 80 38 84 43 31 87 27 66 -79 41 -28 -33 76 -11 -82 77 -14 32 -60 -99 -85 19 -62 58 -35 49 79 55 -52 96 -80 -21 56 -36 86 31 -30 27 -10 -39 
55 4 5 40 -26 -37 91 23 47 26 -34 -40 20 -55 -1 -99 62 -16 -43 59 -24 -23 -21 21 87 -94 -94 -65 85 -56 4 59 -43 49 -73 -17 -97 9 -18 -43 83 56 -35 68 48 -15 68 -18 -12 -17 19 92 -67 24 79 -88 -85 -46 60 11 -15 21 70 -78 9 -50 24 76 -46 -9 -78 -67 -64 48 -81 68 -54 -22 -100 88 -21 50 -90 23 93 -59 67 -81 34 
41 -5 -36 64 -81 93 -18 29 -5 -44 -66 71 -68 98 -70 -28 0 2 70 78 -47 4 -89 -27 55 -79 0 -95 48 -83 71 53 -25 61 67 -9 79 -55 -98 42 -60 63 -92 -51 -98 -98 33 -92 12 -26 93 -81 31 -27 75 -100 -61 -95 95 7 -87 -12 66 -34 -99 38 -35 22 -87 -43 2 -12 -62 -47 69 60 38 21 44 64 -45 -43 86 95 -58 88 68 26 -18 
88 -89 -96 -57 29 17 -24 -79 67 -69 -98 26 0 -14 7 -60 43 -45 11 14 -91 -7 68 -79 77 -69 -49 23 -99 62 -22 -28 44 8 82 16 -45 61 52 36 -49 15 41 71 56 81 -84 -38 21 64 -56 94 -83 27 85 48 -71 24 -66 -31 86 -8 32 4 60 26 35 -81 68 -44 -33 46 -44 22 70 -25 -71 -11 -88 -13 -80 38 -26 -30 -37 52 -95 20 18 
90 51 21 -77 -79 -70 18 -82 35 -26 -7 85 53 12 -69 -22 56 -70 -25 87 -11 -43 -24 72 11 -99 46 -16 52 -5 10 67 73 15 59 47 -95 9 10 -77 -63 7 63 -21 -60 76 -65 -35 -18 92 97 -52 60 54 20 -53 -56 77 -99 -93 -41 17 -67 99 -31 61 -72 87 1 -97 -100 31 -14 36 88 23 -75 -28 73 56 10 -7 -95 51 -59 -52 89 -1 65 
-13 -99 88 -42 61 52 90 72 17 -79 61 -74 21 -36 37 -85 91 95 37 -65 20 3 -85 89 28 -42 61 -14 63 -67 -59 -43 91 95 57 -19 91 31 50 64 -97 43 19 -88 89 65 14 -70 72 -22 -1 96 -77 67 97 -24 -57 -41 21 -67 -77 -68 9 98 -25 38 62 -6 -50 -48 67 84 -58 34 89 -96 62 58 55 61 -69 -62 1 97 -94 -6 -57 -26 -17 
-20 -15 24 -44 -65 -72 -5 -34 -70 -54 -80 -55 -64 -22 -78 89 24 -88 -95 64 50 -29 -73 13 -21 -21 -80 46 25 -27 29 48 -69 84 -1 -24 -41 -42 25 58 63 75 62 77 58 64 -54 -74 -8 -2 69 -61 -33 -17 -35 30 52 -22 13 -90 99 0 58 -2 -5 -5 -71 8 -26 -12 -84 42 -24 -97 48 97 72 8 -85 85 -33 13 89 33 -17 83 19 -97 53 
43 -31 -7 -89 -19 -20 -76 -90 81 -21 -66 -3 -88 87 -91 44 -54 -15 -29 45 -5 16 68 19 72 83 32 19 30 85 -66 20 -99 -42 -87 34 62 88 57 -25 -71 -42 32 -27 -36 29 -43 1 -71 95 70 40 3 -69 -98 -99 36 -78 91 -71 -32 -66 -57 33 -36 -89 94 -95 95 57 0 39 24 50 -56 -35 -36 93 61 -48 44 -69 2 99 100 -59 13 -12 -92 
-36 6 30 -20 28 41 60 -29 -94 15 -67 -100 3 -49 -27 -95 -21 25 81 40 22 45 88 92 60 37 89 84 -39 -7 43 -22 -32 -8 -45 -90 -90 -44 63 -94 -90 -94 -29 5 37 92 80 -33 14 28 5 -92 -15 -12 -89 74 -51 18 -3 -82 93 17 -42 62 -77 -9 -49 78 -97 64 -8 7 -37 -4 100 -79 -51 68 -79 -54 -5 70 80 75 -92 66 80 -23 -70 
-39 81 -30 73 1 60 56 56 -63 -41 -49 21 5 -3 -63 -67 -98 -58 -46 56 39 -100 92 9 88 75 -57 -43 -33 64 -52 22 100 -34 -62 97 -1 -22 72 53 -82 26 73 -64 62 -30 -87 -47 47 24 -96 -86 -78 -2 -72 -69 -91 65 2 -30 -29 -35 17 13 55 -83 -68 -80 -6 3 -54 57 -81 -91 -63 -80 81 -90 -57 -74 43 23 -59 -37 2 -30 4 73 86 
53 -84 -14 31 51 -41 26 70 -11 49 -53 29 88 70 -63 81 -92 -25 87 35 23 -42 75 63 -38 23 71 25 -49 -20 -17 -76 30 -8 -21 22 46 -89 76 0 46 99 -59 -12 98 -52 -24 -67 -56 38 100 0 -23 -32 -54 82 94 90 56 -73 -37 99 72 -17 5 -100 -17 -50 -50 15 11 -75 83 -85 72 9 49 38 -24 -6 -97 33 42 -82 14 9 67 -3 26 
-44 32 -11 -62 -99 -24 78 10 24 24 19 4 -24 -95 -72 -98 37 -4 -1 49 -51 -99 -55 -59 -29 2 -36 4 -92 7 -24 -63 23 -40 19 -66 -75 -4 35 69 67 98 -33 -68 41 -70 -25 -12 6 57 32 28 -61 -34 23 53 -93 12 9 -44 -57 -65 29 90 34 -74 18 -21 -6 91 71 51 75 -52 -51 -12 -4 27 -77 -58 -59 32 -51 -40 60 -29 33 -10 -6 
-41 -66 82 72 -8 60 -78 10 -14 -24 -53 85 -34 -43 91 -69 -57 -99 -77 38 52 -63 -82 -12 91 43 -57 -96 43 29 -96 77 -54 -61 98 56 -3 -7 -98 -25 26 46 68 -50 -52 -86 30 -88 4 -57 59 0 86 -80 -85 79 56 -61 -44 8 0 26 36 -45 -21 11 99 -100 27 30 -51 -89 -59 -57 -80 65 -57 48 -64 10 79 12 -18 64 -41 -42 -78 32 71 
19 -71 87 93 -35 -24 87 -49 -30 -90 92 80 72 70 3 41 -59 2 11 64 -95 42 67 18 42 98 81 -61 -69 15 -95 -79 32 86 -56 65 -81 79 55 -97 40 13 1 -42 -9 -87 56 5 22 -13 -41 66 -72 56 36 3 68 -5 64 -14 37 12 86 -34 -45 -94 17 -25 -52 92 77 33 -57 -1 -66 -62 50 -7 -35 30 80 66 -70 97 -24 -51 -6 -33 -20 
-69 98 17 78 81 92 -79 -5 64 18 10 45 -12 79 -74 -85 45 98 7 -76 26 -42 19 -59 -87 91 91 -7 13 -14 69 -55 25 74 -52 65 -2 3 99 -78 -81 40 100 -17 -26 61 -5 100 20 60 37 -19 78 -79 17 -79 -10 -47 -63 -53 -8 -32 -31 -66 63 81 -65 -16 70 -91 -47 67 100 -48 -88 -46 -67 -18 28 5 -83 -16 -73 2 47 -83 87 2 31 
42 46 -32 -68 -70 50 71 77 82 48 27 -57 37 -15 80 -16 47 76 -45 -91 -75 1 -95 61 -100 -65 68 91 -16 76 3 58 63 -68 97 -36 29 -63 -25 21 44 35 -13 40 -67 42 20 69 94 -44 -33 -80 44 -41 89 -19 -50 74 82 -13 -83 -14 -33 -17 -96 50 -60 -1 -17 -25 -12 -22 52 -18 17 74 47 -10 49 98 80 72 85 -89 33 46 -99 34 73 
94 57 98 -12 -27 95 -65 79 41 41 -99 93 -57 -12 17 74 -85 -94 -8 -98 72 99 60 -32 -79 -69 44 -19 58 -100 -23 -37 -60 48 -36 95 100 83 82 94 40 93 32 -31 78 -16 -80 -37 -27 -87 -47 72 -58 -42 -86 -59 -18 87 -39 -51 -53 -56 -15 20 91 89 2 -48 -24 -80 63 -23 -10 81 74 -22 44 -93 20 -84 1 25 27 48 -13 67 26 2 -63 
91 -46 -74 -93 91 82 66 9 27 -22 14 99 44 79 19 67 -42 -40 -94 -50 -23 -45 -42 52 -34 76 56 -84 94 -72 -75 62 8 98 20 -7 84 59 -90 48 68 -6 75 -27 -66 -52 -80 -96 -45 3 88 74 -40 35 -13 -44 -12 16 -23 51 62 53 4 -54 -75 -17 -34 77 1 6 -66 55 60 44 -87 95 -63 -53 -83 47 25 17 99 -30 -86 -32 -98 10 -97 
12 -53 -79 64 -75 52 -77 -41 28 -77 1 37 32 60 75 -57 76 -79 -45 -84 39 -53 88 62 -13 14 -52 20 -45 37 -84 8 35 27 19 -30 -11 7 -67 95 -18 94 -96 99 52 1 19 -12 -11 56 -94 36 77 4 84 -82 46 -62 -20 41 0 -34 -39 -9 -27 -50 -43 77 -10 -76 -57 26 1 -78 -52 32 6 1 -31 -53 30 91 -40 25 -5 -71 -29 -62 -17 
-7 -76 33 21 -16 31 36 1 29 -72 6 38 83 -92 -3 -73 -77 -88 20 97 38 48 0 -84 93 -17 -85 82 -15 -8 37 -32 -73 85 -28 -57 -47 69 -90 90 0 -70 -69 81 34 -69 -23 88 38 3 58 63 -21 -67 -45 20 -65 -68 70 29 -17 80 3 8 -64 82 92 -12 -91 74 95 89 -72 87 -36 -91 -46 -35 -57 35 16 69 89 71 2 -16 -53 -27 96 
