-9 89 -33 -28 -39 -11 43 58 -87 9 -27 -37 -24 58 -78 -78 -38 18 -93 48 88 -73 -71 17 -95 -47 -52 -26 -86 -33 27 -59 -65 -16 12 -96 -62 50 -50 -54 -75 64 32 -94 -37 -97 81 53 -25 87 -97 -86 -78 -33 3 -56 23 98 -58 2 -80 -36 37 -39 39 25 -45 -84 -68 -16 14 7 -40 -2 3 83 84 -28 -88 -65 86 -49 13 -15 8 83 -77 57 -3 79 -55 -47 -26 -59 92 -21 -39 25 19 46 25 -91 -98 50 -20 -87 76 23 -80 89 27 -12 52 4 
40 41 -66 -54 56 -12 82 -10 -34 -8 77 -91 -59 6 -40 -52 49 -99 -42 96 38 66 1 -58 -71 100 59 -58 71 91 -70 51 34 -57 -52 54 -29 19 61 -5 -47 -50 35 46 25 -76 48 0 -24 22 -74 11 62 58 -67 -33 97 3 13 51 -95 -38 67 98 -22 -5 4 -17 31 91 -2 -12 82 -15 21 -74 -49 69 61 75 -78 94 13 -53 -25 -7 -16 -6 12 -65 -20 -92 40 62 77 -93 -50 -75 23 43 -45 -54 -99 -63 -61 -42 -79 99 -100 -52 69 -73 37 99 
8 -51 58 39 11 56 65 -65 16 -55 -75 82 63 90 13 6 -50 81 -65 65 16 56 34 72 -46 73 60 -36 -56 37 32 21 32 65 -35 -99 78 -78 88 76 87 8 5 96 14 54 -27 -2 -29 -61 -61 66 -31 -100 -59 19 -13 -84 -37 56 66 -52 -58 -72 80 53 64 56 31 -15 -3 -64 -26 -32 88 -88 -97 43 -19 -16 -30 71 7 66 2 63 -77 -52 25 65 70 -95 -11 -86 -60 -31 -29 -37 81 35 -88 6 26 47 -17 -9 -40 -66 -95 -17 86 80 53 -62 
-13 58 -51 17 -7 90 46 -28 7 -85 51 58 72 -8 83 -78 44 46 42 37 -3 21 -17 85 83 -87 -28 -80 -67 -75 63 -12 71 -23 10 73 -100 44 5 42 -57 42 87 -18 47 -18 -27 42 97 57 48 -1 -52 42 56 -41 -21 14 71 64 -65 -43 6 -44 52 55 -88 -62 -93 84 86 48 -78 -96 84 9 7 -84 -7 -68 45 61 -42 89 -51 47 -64 -31 95 -70 -65 -82 -38 -28 74 95 52 54 -32 -73 86 -83 -25 -72 85 -48 -2 14 38 -13 48 91 -75 -51 
93 94 -43 19 46 63 61 -43 -20 79 8 -98 -27 -26 16 -60 -21 38 -86 -83 82 -82 47 59 4 81 64 97 -18 44 66 -73 67 -65 31 -36 82 60 -76 -43 70 57 96 46 0 -28 12 -12 71 62 40 -43 -25 17 -79 -38 65 -93 43 -31 21 -37 -43 28 -60 62 -76 8 90 -96 -70 -7 59 23 41 -93 32 80 63 18 -8 25 -20 -32 77 34 -13 45 -23 93 -68 35 91 -66 79 69 91 83 -13 76 45 24 24 -48 91 -18 56 86 -48 83 31 77 -15 13 
-94 -50 63 16 -93 12 -10 58 -90 -29 -15 -96 21 66 17 -6 -100 -69 -80 72 3 -67 -96 -38 -33 82 47 83 87 38 -87 64 15 -98 -76 -30 97 -59 3 54 -26 -14 70 -19 72 -70 -77 99 -35 16 59 33 -59 -23 -40 36 75 -1 85 -22 -32 7 75 -44 14 11 40 51 82 -50 -74 10 -14 43 -77 54 50 31 -60 64 28 36 84 9 11 62 21 -42 -84 11 71 36 87 -11 -35 13 66 6 -53 44 -31 26 -64 -41 -55 -73 28 -80 95 79 -85 -22 -39 43 
64 9 -23 88 48 83 -22 79 85 33 -76 9 -22 48 -63 -77 -13 -68 95 -25 -72 -37 -86 14 -12 45 -85 -64 47 -4 24 -65 -35 26 -7 -17 -92 -51 -31 80 79 -26 -88 -47 51 26 5 -13 96 -14 93 36 -27 4 -31 74 98 5 28 54 -68 -79 34 83 61 23 -40 -56 98 -1 -23 33 -22 -62 -29 7 -96 76 -26 -55 11 94 40 53 70 -63 -53 25 96 -19 71 -92 -79 -1 70 24 -76 -52 -1 -57 70 55 43 51 -60 -43 70 -82 77 -92 93 83 -65 -23 
20 81 -3 -43 30 24 6 34 -51 94 70 74 29 -52 -66 -38 27 33 77 -67 74 71 -53 -44 44 -1 43 85 -63 76 -91 81 12 86 69 12 65 -85 -19 68 -92 4 51 -35 69 40 5 -6 -100 -47 -70 -73 19 -81 26 -62 -53 -41 -59 -51 42 -67 89 3 99 78 84 -49 -27 -97 -85 41 -66 13 30 -77 8 -89 37 -41 68 98 14 16 32 -91 2 83 -54 35 -22 53 -49 81 -8 -95 -92 1 -22 -87 7 38 -29 -95 83 -46 30 -73 -94 50 91 7 -77 27 
-84 -16 50 -35 64 -70 -98 -70 -61 50 58 -80 -63 -89 -89 42 -74 87 -26 30 74 -54 -56 -54 -31 26 -46 98 -20 31 -12 87 -81 42 -43 35 -74 -16 -39 71 -72 33 71 -8 -85 72 11 -49 41 27 77 21 -37 -50 -69 64 -12 28 91 -52 -12 5 82 86 -99 85 67 -73 -93 -2 -44 66 71 31 75 11 -60 -11 84 -61 20 -62 -87 -13 -25 -78 -1 -95 97 -28 82 -68 99 34 -24 62 -96 11 39 35 83 34 -15 -75 35 61 -96 55 86 -51 17 23 52 14 
-57 50 -81 -17 85 70 69 -96 -18 -91 -38 -66 86 22 59 32 -92 -12 -23 -49 53 47 -80 -63 -80 22 64 -47 99 7 55 -13 -83 12 90 -35 97 53 -55 83 -48 -45 -84 26 -11 65 -79 33 60 -64 -77 70 69 51 -29 25 3 98 -32 23 -57 12 36 96 16 63 -77 -60 9 75 -64 37 -92 57 42 50 50 77 30 34 -95 -82 -46 60 -67 -68 95 67 35 -62 76 -5 -68 85 77 56 12 96 43 -9 5 26 45 -40 -27 97 31 51 98 58 -89 93 11 -93 
-28 -40 -34 -81 65 42 14 62 8 -55 84 -40 40 -55 30 -46 -53 15 -66 -71 -73 -46 -76 -100 -70 91 -25 28 -92 -79 -20 89 40 24 -79 45 -76 5 -100 -45 98 -53 -59 53 -93 8 -12 41 77 -20 -89 -14 -27 -97 33 70 7 -29 43 12 16 30 -24 -76 -38 86 -44 -79 -24 -46 -8 -58 -80 -41 37 -49 -67 100 -11 -54 -13 58 -68 33 -70 -94 -54 31 84 -65 -61 -56 30 -10 -38 -12 27 -36 -78 -69 74 76 39 20 75 -96 -78 -9 81 17 -68 45 -48 -52 
-16 -24 -1 85 71 67 -9 30 -89 20 -46 29 -27 48 -7 30 70 -27 45 81 -72 -6 87 74 87 79 25 71 31 16 -94 2 -87 98 16 -52 41 71 -99 54 45 -1 -72 41 59 -89 88 14 27 -79 -29 2 -81 46 -97 -84 78 47 38 -15 -90 -72 82 68 -50 84 58 -9 -55 26 -77 8 15 66 56 -24 -91 18 97 -19 30 -9 99 -60 -62 -6 -32 -87 -90 -89 90 89 43 42 -63 45 32 24 90 -64 82 -47 27 85 36 -56 -44 48 98 2 -83 38 90 64 
-2 79 -72 35 78 -15 -6 60 84 -12 -74 -61 15 9 33 -69 78 -78 74 4 -73 -42 -13 -43 -86 73 -46 48 9 58 -95 25 -31 -70 62 28 -24 -77 82 -64 -44 86 99 59 55 43 -97 -62 49 -17 -35 49 10 67 27 54 12 -77 19 -88 -5 48 63 -90 86 -86 -50 -37 -14 -25 -10 -88 11 71 88 -35 -65 -58 2 63 18 64 -73 71 -48 -6 43 73 -53 -85 -85 -53 -81 29 -70 58 -71 -33 -23 24 12 -66 100 55 66 10 -44 -77 -41 20 -7 -56 56 -64 
41 -89 38 -62 40 26 88 -42 48 -71 -43 -4 -58 -76 81 -26 -34 -72 91 93 -84 28 85 13 80 6 28 100 38 56 28 -45 -58 57 30 -10 -49 20 19 -62 -15 49 -29 -89 29 -40 -66 44 -20 -35 -37 48 73 -6 80 -57 -35 52 63 -12 52 34 26 4 51 -63 71 -58 7 -6 20 18 -41 -99 -20 68 -22 94 -27 -5 -42 -88 -55 -81 -72 -56 87 6 58 13 3 55 -96 37 -88 -65 -54 16 -50 -96 13 -98 -69 16 47 43 22 -74 7 -80 -72 -53 -28 -1 
15 -72 -29 83 64 -68 89 -95 7 -20 -69 -35 -79 -94 89 -67 -4 55 -13 -94 -90 53 -79 91 78 45 99 -89 -17 -88 -17 0 -3 -31 13 -12 -26 39 53 -12 83 11 92 -35 60 97 -61 -98 39 49 -88 61 71 -20 -59 39 83 -88 10 73 -82 44 60 72 24 11 -66 -68 24 -15 -11 -98 71 -57 95 -54 -84 32 15 2 42 62 41 16 8 22 47 29 -89 -71 43 17 60 42 -49 21 35 40 -18 72 -49 52 33 43 2 1 -38 77 -68 42 -53 14 57 -64 
-28 10 -31 -51 1 73 48 55 -67 47 53 -89 -31 -82 55 69 50 95 -41 -76 74 -17 60 -52 -42 93 -34 60 84 81 -99 -36 -28 79 -52 24 -54 -61 15 -20 -41 46 100 -21 -27 92 12 -52 -23 97 -46 45 -68 -20 71 -98 16 -9 -76 20 79 86 56 30 77 53 32 68 -9 90 -44 -18 -43 29 19 -95 -78 -85 -70 45 82 63 30 -37 2 -8 96 -37 -24 32 -7 -7 -13 8 28 -20 79 24 14 2 -85 -26 22 -43 -33 -48 -32 16 -81 29 -78 -87 93 -28 
100 11 45 -27 0 15 -83 -73 -24 12 -51 -41 -51 -91 3 -1 -29 -36 66 32 -98 70 83 33 96 -27 -71 52 -10 95 32 -95 32 80 62 -78 26 30 -46 86 37 -98 -38 -15 -19 -80 17 -25 -1 97 -89 -46 21 -10 -73 -69 93 -88 38 26 -57 55 -53 -58 -15 17 -78 -80 -59 49 -70 43 2 35 68 5 48 -100 -80 -1 -42 13 -62 -57 69 52 -12 85 -70 -70 34 -95 15 46 -11 45 -13 -31 52 18 92 -87 69 54 -38 41 -97 -88 93 23 -69 -4 -9 25 
-40 37 59 93 26 -36 -44 -71 -14 30 -57 -40 -16 84 70 59 -57 7 31 -24 -28 19 -65 4 -16 -85 -50 65 -55 -11 84 16 62 33 12 -40 -7 72 14 -88 84 85 -38 -88 62 60 -1 -5 24 98 -44 -90 92 -33 83 7 -55 -64 46 50 92 -14 64 -40 64 -21 68 58 -74 70 -79 -64 -70 48 46 56 73 -43 -46 24 40 78 -39 96 -26 26 81 12 53 4 7 -98 -87 51 -69 -6 -30 55 -78 -42 -57 -2 -69 22 -49 -17 -32 -21 60 48 -36 -89 -1 -21 
-45 15 43 50 -3 87 1 -47 -39 43 -56 -51 84 -17 80 77 46 99 -76 -79 -4 -86 99 -97 -88 46 -74 -25 27 -34 38 -25 48 60 -93 85 79 -29 -49 67 37 71 -88 -71 -82 -60 39 95 -19 100 43 -87 64 52 76 -2 4 -4 -53 44 51 45 87 31 97 -42 -5 -59 -15 -58 22 28 -99 -47 32 -31 -70 92 55 59 8 -87 75 76 -72 -14 4 63 -67 -38 36 33 -28 46 -39 -59 23 -40 24 -47 -10 -89 70 -40 10 -44 -70 -32 92 -64 -51 78 100 96 
-35 -8 64 13 -86 58 -46 -68 100 64 41 -61 14 -81 35 97 41 42 72 -75 -88 -18 84 67 -86 100 21 20 26 -52 -8 -41 23 -87 57 -100 77 -35 31 28 -43 -99 -58 -71 97 -26 -69 -64 -97 70 32 -1 -44 -6 47 -80 63 -43 39 33 73 30 -51 44 67 -17 -68 -71 6 -86 50 94 84 -51 -71 -40 -67 84 50 77 25 55 -5 98 -44 -14 -45 10 -36 17 59 -19 34 83 -68 84 54 -9 -79 -68 -44 -76 82 -19 23 -68 93 51 -31 10 -52 -18 68 60 
-14 59 -19 25 73 54 -68 -13 18 -13 63 57 -77 -29 -87 -81 -82 93 -55 99 17 -41 86 -22 -7 -30 -31 -87 90 100 92 -96 45 -40 -37 -87 -63 -49 -36 81 89 -44 96 -55 46 -71 3 62 -58 45 5 -58 -8 14 -96 75 -22 -57 -12 -47 50 -23 -92 -99 64 21 -94 77 39 37 -76 -29 -61 73 60 85 48 -64 -74 -60 23 -20 -75 -14 91 72 -29 -60 -35 4 50 92 81 7 89 -41 -90 -43 22 17 23 -22 25 68 63 -38 96 -82 77 93 28 -3 5 -90 
-27 76 92 69 45 -43 58 -31 45 -19 2 24 72 15 -17 70 -74 -90 -42 72 80 -20 -34 91 14 63 13 52 35 28 19 84 -61 -26 -14 -59 86 -26 76 -33 85 5 94 76 -14 75 -60 -71 -33 6 -60 -20 9 -46 -79 19 79 86 -94 -6 92 -14 -84 4 -68 76 -10 -43 53 -24 21 -20 30 54 64 -100 12 48 -35 -95 11 20 -2 -28 58 88 -22 -49 62 79 11 8 37 99 -66 -43 -62 -20 -66 -79 -64 -86 -94 -5 -84 56 76 27 -38 84 64 -65 7 -57 
-65 -5 75 -28 90 -13 -28 56 -72 17 -36 -19 -37 96 24 -14 42 -21 5 -93 70 -78 -37 -61 96 -75 -47 40 -16 -21 -82 -71 38 65 3 75 -3 -35 -29 -64 -56 -31 -65 22 -53 -83 14 89 34 33 -22 -46 3 67 -24 -51 46 -8 -6 -81 30 -14 -80 -47 54 -80 -24 -76 80 -35 -99 -50 -71 -92 -22 70 42 -35 -38 -50 79 13 -83 69 -86 -32 81 -100 37 -71 14 86 -64 76 -30 5 -8 58 -18 -43 17 -3 0 -56 83 -23 -73 84 -5 14 88 23 -89 -39 
6 69 5 -58 -44 -68 50 3 -86 -63 1 42 53 -9 -1 -19 -22 9 59 -100 -18 -5 88 -65 55 -2 95 28 60 41 51 16 -27 51 -17 49 -9 -54 45 -48 49 -30 -32 19 -16 -66 45 69 -23 -88 -39 32 10 73 54 69 3 -21 38 10 -96 22 -60 13 24 -48 85 -48 47 -49 29 -21 35 -1 -83 70 -55 26 94 70 83 7 -17 62 22 79 -16 62 -63 17 61 -82 -48 -13 30 -14 -36 -89 92 61 39 90 92 37 45 -89 68 37 -25 17 88 -38 -56 81 
42 55 53 -86 -28 55 68 3 97 -25 6 34 85 84 -83 14 -2 -90 -22 -30 53 94 23 -19 68 -85 51 83 -46 89 -32 41 -11 71 -76 -20 72 -70 -13 -66 -8 -58 -96 -19 31 87 1 81 29 78 32 79 -70 0 37 19 69 -10 -86 -41 -15 56 -13 18 -17 90 -90 -36 51 -37 20 -36 48 91 53 -81 91 91 38 -55 -96 -69 -15 -99 65 -14 0 80 -27 -13 39 56 -14 -39 -56 -15 47 -43 -24 -52 -37 67 -53 77 -74 -14 -44 83 39 -14 -23 26 56 -28 
85 -23 -82 -47 34 -92 -82 -94 2 45 96 85 38 21 9 -92 -99 -90 63 95 -61 -95 -73 69 -88 70 -46 -38 53 -13 -10 9 75 -50 83 -100 -3 41 -11 51 40 23 -20 -96 -34 -10 84 -89 -28 -3 -74 88 -38 -25 -72 -6 54 -6 -100 53 99 -14 -94 -90 68 18 -96 -55 -45 41 -43 42 56 -46 96 81 -98 -42 92 92 -99 -64 72 35 93 -9 53 79 62 -18 90 -99 6 71 -42 15 61 20 24 79 -78 -3 63 38 18 -21 28 -38 58 -21 -41 64 75 -30 
92 73 -88 100 -11 51 23 47 33 -25 -20 59 17 -2 -22 -83 32 13 -17 58 8 -14 -94 -40 -12 62 23 -32 -84 -39 23 35 -29 -58 -100 49 3 -53 -98 -92 19 49 45 15 -65 56 14 -23 36 18 47 -32 -95 -80 -52 37 -48 53 -45 94 14 -37 19 -94 80 -99 -35 -84 89 -17 -30 -2 37 -70 99 62 -94 -55 -41 42 -52 -4 25 98 -69 99 9 26 -1 36 -57 62 -48 71 -43 -61 91 34 16 -63 17 -43 -65 -47 -31 15 -44 38 -68 -60 -33 -60 -16 94 
-56 -76 82 90 11 26 41 29 -90 11 -30 -70 -6 78 30 -44 -70 3 -75 75 -12 -57 -69 -26 -41 45 74 -57 -48 -97 -69 -40 37 56 42 92 -32 67 5 -32 99 52 -7 -41 35 -41 -45 92 63 -90 50 -81 49 94 -67 -24 -39 82 -77 -87 39 15 70 -13 -47 -92 2 -95 94 16 -97 -54 -1 -80 2 -34 76 84 53 -75 -63 -72 -99 34 -25 86 89 92 80 -27 -96 -98 38 6 79 43 67 -28 -11 87 -28 -22 63 54 -45 27 -98 -32 40 -65 24 -69 -56 60 
-13 52 -27 58 -6 -71 31 45 87 0 18 54 -14 -62 -8 -19 39 -46 58 -48 33 -46 -93 -87 -32 71 27 12 -64 -67 -34 39 -26 36 20 -23 100 59 -21 22 -6 -50 60 -93 -96 98 0 74 -54 78 90 28 -93 67 23 57 -69 -29 -56 -42 20 81 -45 -45 -12 -78 -58 68 -90 11 -89 -62 59 63 -92 -75 61 97 93 63 -5 70 -28 48 -69 87 -88 -14 -98 86 63 -40 -31 -29 97 69 -79 70 -3 11 81 19 37 74 32 51 1 94 -93 12 75 -69 -83 60 
-16 1 9 -45 -75 92 -65 61 -51 40 42 23 64 59 -82 6 70 94 -82 30 57 89 -57 -82 93 94 -59 95 43 1 -60 -83 -99 39 3 74 -9 0 -31 88 -28 -85 -27 -100 19 -48 66 -52 70 86 -40 -84 7 -5 49 23 -30 -85 91 -64 -42 27 -98 66 37 -32 -9 -88 82 89 -33 61 -59 -93 75 -52 -50 -54 67 52 -61 17 89 -44 30 -30 -5 27 48 -88 9 -69 -3 49 -39 -12 -90 11 -47 -35 30 66 -67 97 -91 -41 -96 -38 55 2 -85 -62 -35 -73 
-80 -47 -98 -39 -29 -14 9 -57 1 69 84 90 -25 -77 78 8 19 2 -95 93 76 85 -87 57 -78 27 63 40 -42 61 5 17 1 -15 13 34 10 28 -16 -22 93 17 -6 46 -31 62 85 -76 -48 -88 -43 -25 -7 53 36 -83 62 -3 -55 1 -91 90 -43 25 0 94 33 2 -4 56 8 -79 -68 -95 -99 -16 78 -82 -62 -50 -11 -50 -90 -66 66 -82 -57 -34 -55 33 80 9 -8 35 7 5 -69 48 84 11 21 53 89 -96 -50 -71 -13 75 74 -28 5 64 -35 -83 
-21 59 -34 -51 -56 89 6 35 -8 -44 -9 42 -42 29 -37 98 64 -98 -74 -42 -69 -51 84 62 43 -76 72 -31 -36 -75 -6 0 -17 84 -78 12 38 73 64 -61 47 29 32 77 -55 86 2 1 -98 -27 -30 43 -13 -3 68 38 -60 68 70 45 -55 44 38 -59 -69 48 3 81 22 74 98 -5 77 65 73 80 79 -38 -73 -100 -16 74 64 58 9 63 90 -57 93 36 -91 70 30 -25 34 72 14 78 1 -18 -60 17 77 -27 -42 -50 65 -90 -81 -83 89 -88 -95 -96 
-66 32 -85 49 9 -20 -67 41 -18 95 -28 -70 -49 74 -2 2 100 53 -5 26 -59 -8 24 42 -68 -89 96 -10 59 19 86 -65 -82 94 89 90 50 -66 -18 -59 5 -9 -64 -18 -90 49 46 46 -26 -20 -3 91 -64 82 68 88 72 -38 -68 -4 -1 -76 -27 -9 -36 -10 53 100 -9 66 35 -78 -69 -22 -87 -28 85 -77 84 49 -18 -94 -72 7 -51 -87 -58 -37 64 4 38 -39 28 10 -96 -98 81 -68 3 -41 -59 5 -14 4 87 47 -2 -40 63 -38 -66 64 43 20 
92 7 94 -88 -99 14 -91 53 -50 -4 -95 -35 52 -31 36 83 -33 50 11 -74 -21 -88 -52 -28 40 44 41 -41 -93 -15 -3 52 33 62 9 -49 22 -35 33 33 83 -49 21 49 30 96 -45 27 -52 -75 69 -31 87 86 -60 -31 -38 51 -20 45 -89 5 -36 68 85 24 47 56 -13 -75 -97 2 85 72 94 88 -61 84 70 36 27 -60 41 -61 66 88 70 100 4 -92 90 72 -47 -57 20 65 95 47 -28 57 40 67 -34 -56 56 -25 -24 62 69 -47 60 50 72 5 
-2 -86 0 61 84 -99 26 -10 24 2 26 -86 35 1 72 87 -91 50 96 -96 -92 -50 72 79 -74 -40 -66 65 -46 22 -79 -48 87 64 -38 82 -25 -16 46 32 -85 96 -68 -86 -29 -52 -88 -66 -52 -3 -14 92 77 26 -41 10 -25 -67 77 -32 77 -26 -24 -70 43 41 -37 5 -6 -55 78 -68 7 84 -13 -58 44 -31 -47 31 -60 46 48 -86 -75 -68 -13 52 16 -31 -52 14 88 -45 98 -92 55 -20 -25 -79 60 51 -89 68 -17 44 -35 94 -53 -92 -4 -36 -35 29 
50 -88 -77 -50 -97 -69 93 11 53 -73 82 79 35 -44 60 -38 -14 -13 96 33 41 -7 92 -25 -27 90 -18 77 64 48 82 89 74 -8 36 80 97 44 8 46 30 -98 -19 96 1 -10 -67 -51 -17 29 95 -46 -20 -45 16 -46 -32 -24 -87 84 27 -28 94 -16 14 -93 71 68 45 -40 -78 38 -7 13 76 -91 72 -12 67 20 14 22 68 -3 36 48 45 6 -50 63 -84 22 65 -92 63 -37 97 -95 -5 67 91 -67 35 -11 3 33 23 -81 91 74 89 37 -22 -68 
-79 57 -92 22 83 -50 55 -75 61 46 -63 17 -23 -77 -34 71 67 -80 5 -76 -1 84 58 -72 -71 57 -52 -81 17 11 2 -57 63 -84 56 -7 64 11 60 -99 80 3 4 -39 19 -58 -74 -68 90 86 74 91 72 15 61 63 -45 2 -40 18 -32 94 78 -9 46 27 84 54 2 -92 54 100 -24 -89 -5 32 35 -61 71 -59 -70 70 -70 32 -54 -2 3 71 -7 93 71 27 86 -27 -47 -65 -19 15 -52 -74 -97 58 62 4 -33 -67 31 -24 -35 -92 5 39 -92 73 
-42 -94 -35 61 -18 92 -34 -87 -84 24 76 -52 -15 38 -52 -52 90 82 5 0 33 40 66 -91 -99 -17 -84 -14 55 0 -48 -72 82 55 28 -26 76 -23 -33 -28 52 40 70 -57 -25 -24 -36 -72 18 -64 -23 -8 42 81 -51 72 -70 69 42 -17 -20 30 24 54 36 85 -34 -96 -45 -43 -57 -79 -65 2 42 -82 -16 22 -42 -60 40 25 11 82 92 -76 -92 -77 9 -13 -24 -40 -42 69 60 -91 -75 78 -82 -31 63 -71 -12 98 90 -43 1 65 -68 95 52 81 34 48 
61 86 -63 -95 -3 -91 14 -30 -86 -35 -68 9 86 50 -48 46 78 97 62 53 33 67 -38 53 32 33 -30 -69 92 42 -34 -56 -80 -93 -39 -21 -98 35 92 52 7 -45 -14 24 41 -57 -6 -38 30 98 64 73 -25 91 10 93 73 -83 82 40 44 -75 -96 42 14 -45 16 -60 18 -18 -24 -28 40 -8 65 50 -19 41 -56 46 71 -50 28 -6 74 -11 40 -89 -60 59 -84 -41 -9 58 74 71 13 51 19 11 -61 33 -18 16 38 -82 -12 -18 -65 99 -45 65 9 79 
23 91 -67 84 18 -34 -22 57 -46 10 -68 44 12 -24 -85 -61 22 18 -93 -22 -34 -71 -2 3 57 81 -49 4 -59 -50 -98 -96 -67 -41 87 -72 -62 -50 -84 1 -59 98 -56 -35 -40 28 63 39 -82 91 81 89 -75 -36 -4 75 93 35 34 16 42 -26 35 47 65 57 -18 74 12 -28 55 -36 -89 -47 94 17 -38 80 -44 -10 89 -12 -95 -28 -35 -80 -72 68 83 -16 77 -2 32 85 7 36 -11 89 72 76 6 54 -55 61 85 -64 -96 40 -7 35 -33 99 -74 8 
56 41 40 -6 -28 -89 -49 -45 41 15 53 12 -58 79 -45 30 36 79 -35 51 57 64 50 17 -60 -4 -4 -49 -1 26 4 22 30 66 81 -68 -65 82 -12 2 70 77 -63 30 -9 44 74 -57 29 -54 -75 91 -11 0 -38 74 -76 84 -97 -91 36 -82 -76 88 -87 -8 38 52 -86 -67 51 -88 3 -52 -46 88 -49 84 -80 -70 0 68 -38 -72 20 -57 -12 71 39 97 61 21 -52 45 100 -10 54 41 -95 98 -45 -82 -19 -86 82 -100 1 -5 97 44 -23 33 35 -89 
-15 67 46 34 -88 46 5 75 39 -10 -12 -35 -73 63 -59 -30 -32 -21 -34 15 -64 -97 -54 30 -94 29 57 -1 22 14 30 0 -94 62 -43 -49 44 38 -60 49 -54 79 -18 58 92 -62 11 -24 -18 95 32 -1 -61 -32 -75 -80 93 95 22 -77 18 -55 -19 -60 17 23 -34 16 -77 -37 -95 75 -70 18 23 -74 -44 18 -52 -100 -84 -78 33 -20 45 -12 76 72 91 60 85 -48 -98 -33 55 21 -19 -43 5 -60 92 90 19 64 33 -85 51 23 -59 37 -42 -22 88 -85 
11 20 21 78 -96 71 18 -10 -38 -40 -84 55 26 -39 89 8 -12 -45 -41 9 17 -100 25 80 -8 49 83 -62 -45 -59 11 -46 100 83 -48 -50 -58 31 6 6 -40 42 93 -38 -96 -17 -21 -62 88 -11 25 -100 30 60 5 -31 32 -94 -73 92 -54 -83 -75 -54 91 -4 -1 34 -92 -76 -3 96 -93 6 -71 -77 64 -71 -84 59 -22 29 9 4 50 59 74 -81 42 -98 -27 27 -99 -70 -97 -46 -82 11 37 -44 -34 -75 -20 100 38 -80 -75 75 -83 13 45 -10 92 73 
-21 -30 -78 -97 20 43 -49 -60 77 -92 9 -61 30 52 37 -34 49 27 -78 -42 56 -6 47 25 100 85 99 -43 -14 41 90 20 -9 32 76 88 -12 -46 63 -95 -35 -22 -35 -5 -94 63 5 47 48 41 -25 52 86 -96 -9 -7 -82 64 36 59 -26 2 53 4 -28 0 -80 12 49 26 69 -45 -36 82 -90 -25 89 -17 16 -42 -48 -70 44 -60 72 -36 -46 -93 -83 72 -16 61 34 -41 -19 -40 -29 -23 -7 22 -92 8 -94 -51 -67 19 90 80 40 82 -55 -15 -9 42 
7 -20 23 53 -29 -64 18 -38 91 -17 35 34 -91 88 53 45 16 -35 20 39 -30 72 14 85 12 -77 71 88 31 19 14 0 68 14 94 -72 -38 31 -4 71 -70 -33 49 25 46 -60 49 25 -100 -41 -20 -90 -93 -96 35 14 32 74 -56 -49 -27 -26 80 -93 -25 97 19 42 -79 17 0 88 -77 81 -64 -60 -38 -72 66 -88 70 -65 -68 -18 -23 -52 -70 35 -10 41 -30 -7 -24 11 -56 -70 29 12 15 100 -80 100 9 82 -35 -17 -73 -18 10 79 -53 75 -24 -56 
100 -2 81 77 13 -76 -36 64 8 -17 -1 -38 90 -39 38 -32 30 -4 -40 82 96 53 41 3 81 8 49 14 80 87 -69 -20 -71 -53 -32 -97 -28 61 30 47 -35 96 5 11 94 -71 -41 -32 -89 54 100 30 -16 -61 11 -23 47 57 -15 52 72 -84 35 70 -85 36 14 79 58 39 93 -6 -98 -95 -87 13 87 -70 94 67 67 86 71 -92 60 51 -31 48 56 -99 -15 2 68 -42 -34 -12 32 45 -40 92 -97 -17 69 -11 83 59 56 31 61 -45 11 1 -3 57 
-29 64 20 -96 -22 -25 51 60 -10 97 80 15 -72 29 47 54 90 14 -15 -88 -59 -15 -19 74 -12 -82 -93 -11 -70 56 23 -30 -95 18 -22 46 -21 59 -43 32 -88 -31 -35 69 98 -50 41 97 -44 91 -97 63 64 -26 -68 -67 -5 98 59 9 -67 -95 -18 57 90 -70 10 61 18 17 93 -44 81 -90 14 64 77 -13 -36 39 57 -77 25 -35 -59 -26 -5 -9 59 97 -92 6 85 -11 72 89 -93 48 10 29 64 -64 -87 -22 -38 78 -69 18 -40 81 44 -19 -49 59 
-69 63 10 -96 -51 84 19 41 41 -2 25 11 57 -61 -60 -15 76 73 32 -77 100 -4 94 77 -8 -1 98 -30 79 40 24 0 -74 -97 -62 -39 15 94 -51 -67 28 70 26 23 -75 75 87 43 13 85 -6 21 78 22 -20 52 23 33 -82 13 90 -49 53 49 15 -89 -68 -10 49 -73 19 55 -5 -94 30 -6 -30 41 56 -51 68 65 5 34 -63 -93 -96 96 68 -29 -41 59 -50 -6 8 -98 73 -11 11 66 19 -56 -75 97 -95 -93 -64 42 53 -72 -88 0 74 -77 
-84 73 29 1 -88 67 -17 47 47 51 76 57 17 37 -54 43 35 57 -2 90 -88 -89 49 -18 72 66 -56 -16 -66 -86 -71 -46 46 96 -46 4 -54 80 1 -15 -64 42 -1 -47 2 47 2 -64 -97 -97 -7 94 55 56 68 84 69 -9 -88 -48 72 -62 -6 -81 -64 -73 -60 70 -40 0 42 100 -36 -21 -55 -62 90 13 38 -15 60 -70 -56 16 -18 39 29 -21 -78 58 76 -37 78 67 -36 2 -16 -27 67 49 39 -88 -66 -49 -12 97 -57 82 -55 -4 55 58 63 71 
97 -46 -78 -79 28 -51 -46 -71 50 49 -18 67 -44 -78 -60 59 55 24 39 46 81 -13 100 -56 -54 76 19 -67 94 -74 13 -74 9 -46 78 67 -54 -25 6 86 -81 -46 92 63 -68 23 40 -32 -23 -8 -14 19 93 -5 -15 -86 -18 -37 -27 28 -77 32 -49 41 -72 -71 -28 92 93 60 85 93 -99 -18 -24 76 -19 -31 -99 -96 -74 -12 53 -8 9 86 -53 -53 59 -51 -78 -12 47 -68 -97 -96 96 88 86 -72 88 -65 51 59 28 27 94 76 39 10 -48 -100 93 59 
30 -5 89 88 -81 -99 -93 -79 -43 -48 63 80 60 76 23 -38 2 18 -12 53 46 -38 -30 48 -60 -64 66 68 83 -47 -79 67 -13 -94 -4 -69 -46 90 -23 -31 21 -25 -3 -74 90 -16 6 -53 54 81 -37 -95 -37 -34 97 27 41 53 -44 -28 16 4 -92 7 -29 9 92 31 -48 -65 -34 53 -21 -6 26 -97 -8 48 -52 -54 73 19 -58 40 -81 -94 -98 65 71 13 71 88 12 -2 -63 -100 53 95 29 15 7 93 -41 16 86 -53 -71 -61 -59 -75 -26 -82 86 82 
-72 2 -44 19 84 -83 -88 82 -62 -72 85 -67 56 -54 0 54 58 6 47 -63 94 68 51 42 95 42 -45 77 -87 -58 -22 76 32 61 0 30 86 16 93 38 -70 -34 -40 -55 81 -100 -46 -94 23 89 39 74 38 37 -5 60 -72 -82 18 -84 7 74 -9 -16 12 -24 -53 -49 -15 31 60 25 14 -24 -12 -20 -91 69 40 -30 -21 40 -3 -45 -49 55 59 -90 -12 77 -32 -78 -2 -81 -65 -23 -54 -4 -34 30 -93 65 88 -100 68 -74 98 47 1 -24 -89 -82 97 86 
45 -66 -54 -37 4 -12 -37 95 51 84 -59 11 52 38 -95 -14 14 -4 -28 -10 -32 -42 32 -41 59 -38 63 -8 3 29 36 79 81 -39 -63 -6 62 58 -26 21 -23 -47 91 -57 77 -73 -44 -2 -77 -21 -26 -76 37 43 -77 56 40 -69 -46 91 48 -30 10 -1 -91 18 -53 83 -20 57 -18 -85 -54 -49 -36 8 -47 -39 17 -73 -37 -90 43 36 -71 -66 27 7 -31 61 58 14 -89 77 67 -24 66 57 95 -7 59 -28 -51 98 -13 -90 -16 -6 60 77 49 86 -98 54 
-58 97 78 -71 -47 -99 83 60 -92 -80 -8 -84 -36 -69 53 -34 38 34 47 29 -25 46 -55 76 -8 36 -28 66 -61 37 -36 -82 -12 67 80 -55 36 33 -10 32 -64 -66 -21 -7 54 95 -66 -54 -99 33 63 67 26 -100 -95 99 -60 80 44 100 28 -60 -77 -9 67 67 -31 65 -72 -79 74 -61 -72 82 -61 -7 69 96 81 -44 -91 -96 -9 -39 -10 72 -52 34 14 89 30 -46 78 100 94 -33 66 45 97 -94 -5 96 51 25 -5 -19 3 -89 14 17 20 24 -97 -27 
92 93 -16 52 48 -69 -84 25 70 99 -76 -73 70 -57 -95 -34 22 86 -92 54 -83 -4 12 66 -71 -62 62 38 -99 83 -85 -8 86 -85 -80 74 -97 -21 0 70 62 -81 -61 18 95 -1 -61 -36 -90 51 81 24 -33 -86 -39 60 22 3 55 24 53 63 -26 70 -32 60 90 -17 8 -58 -50 -84 8 13 -88 -26 -16 58 44 47 -9 10 -36 51 29 -88 47 41 -23 -10 53 -32 -93 -87 -84 -66 74 43 48 57 -45 56 -83 -99 91 15 -59 -50 -9 -25 83 28 28 -16 
24 -51 -66 -4 22 3 -68 -82 -52 -73 23 79 32 14 -13 -84 68 -25 83 -92 9 -38 71 44 -48 7 -91 -90 -81 62 85 49 81 66 -91 -67 73 10 -66 29 70 -96 -33 -46 -32 49 8 -31 1 100 5 81 -86 84 -28 36 72 60 -75 75 41 -59 -31 -46 34 62 30 -61 -25 -57 24 -52 -42 28 51 -51 -86 -77 93 -95 -5 55 74 -69 -95 -87 -17 38 83 62 60 7 79 67 73 -67 2 -89 74 -74 -91 -58 91 0 76 80 75 -73 -9 29 -85 100 -71 60 
-11 -70 -89 75 46 5 74 -81 52 94 56 -85 -82 84 36 63 73 -36 -62 -7 24 97 -12 -79 -28 50 -24 -53 -39 -86 1 18 85 92 -30 -5 -86 89 84 93 -57 -6 -28 34 75 -53 -44 -76 56 55 -49 4 56 84 89 -39 71 57 -13 13 67 38 84 -50 11 1 -44 -69 -51 -63 -68 86 -58 -80 -41 36 -73 -92 68 98 -94 -85 19 -65 -3 57 86 -73 40 95 -59 -58 -90 53 -19 48 96 -98 -63 9 -71 -57 -3 7 0 -69 34 18 -100 -15 35 -50 -43 -78 
-85 -39 -2 87 79 30 20 78 31 5 -47 10 62 -37 -3 19 98 62 -99 47 -19 36 -43 63 70 37 -100 93 -55 -66 91 15 98 35 -29 -37 12 27 -20 2 71 -1 -89 -65 -23 -89 -10 87 49 87 48 -18 65 52 6 -67 61 -3 -97 56 -68 -16 -21 18 -92 -59 38 -55 -92 -71 -46 -6 14 70 -7 4 -80 -26 -51 -77 11 -60 -61 -65 -86 -35 77 89 -90 -99 20 38 33 18 46 -88 -22 -100 69 -57 -74 -88 -84 -40 40 41 -36 -71 15 -43 1 -40 15 13 
62 99 19 -31 -17 13 58 19 -52 66 -96 -78 96 -68 -43 58 67 -62 55 68 -26 13 -94 30 29 79 -8 48 82 -94 94 -64 -29 28 -26 -59 -3 84 83 58 -48 24 -20 -71 -24 8 -56 73 -57 94 27 -98 7 -88 -68 -20 -63 11 -45 -19 -86 30 86 -87 -25 -49 54 -38 -71 -54 -5 10 -60 -50 34 -67 59 -67 -5 98 72 61 -72 -11 -82 -72 83 80 5 26 22 5 -55 68 -77 51 -4 -19 -19 -15 -61 23 -96 -50 55 -6 -76 -93 45 84 -19 10 -53 61 
-39 -89 -10 7 -56 -12 -31 94 -88 3 38 -46 -58 -4 -49 -26 35 -26 53 99 28 3 -80 27 13 -60 1 55 -81 -29 71 20 16 -95 42 -73 -47 -89 -3 97 -89 63 86 -20 -27 -24 -22 -51 47 98 -38 -5 16 -82 53 -32 -1 41 -38 -1 12 0 -60 33 93 -3 -54 -50 -46 -72 -15 54 27 -93 83 66 99 -40 -32 50 -6 -21 27 8 31 67 -30 7 34 -42 -37 -57 53 -79 -36 -21 -72 -10 55 54 -83 8 61 98 -24 -26 -47 -30 -54 4 92 -86 35 12 
55 -3 -62 38 23 -96 7 13 40 -5 92 26 -72 55 -17 1 -80 -22 96 -52 23 38 -91 96 -45 7 -44 23 43 -5 -76 83 -1 33 45 -40 24 -28 48 52 -82 -71 73 -46 -54 26 -84 -66 -68 86 71 38 37 -63 71 39 76 -95 -84 7 70 30 -9 2 71 43 -96 76 -58 39 62 -88 -94 69 -81 -3 -98 41 88 68 6 95 55 -7 69 -38 -60 46 13 -76 36 50 -32 62 86 -5 -29 -30 28 38 4 7 -22 55 82 95 54 -30 -17 -99 91 69 -74 26 
-21 74 72 98 67 25 -4 6 85 29 23 -30 -65 4 94 -21 -5 7 -98 -26 81 60 34 -100 58 -6 -50 -87 -89 70 -4 -35 25 -82 13 41 -67 48 -15 -14 -87 100 -44 93 83 -99 -63 -75 82 76 14 7 -47 95 -46 68 -82 -84 0 34 -31 -11 46 -49 -86 -36 4 -42 -46 50 72 -48 -50 87 69 56 -83 3 -49 67 41 93 -71 -16 2 41 27 50 -84 -27 -30 -5 81 44 -9 -78 21 -73 -35 -32 17 -65 -51 -54 19 -11 -51 -49 99 59 33 98 -17 -44 
-14 -67 -50 -7 -91 -31 52 100 77 91 68 -41 51 -66 -97 78 -45 90 97 -22 -63 -30 -61 37 -81 75 27 29 53 21 36 72 -80 39 55 -38 -21 -84 -98 34 5 19 -29 39 -79 -7 10 -84 27 67 -30 41 79 -14 47 -93 44 -97 41 47 -52 -16 -73 68 -91 -56 -3 13 -87 -22 32 9 19 98 21 60 54 -88 91 52 -56 -95 2 30 82 70 -2 -1 87 83 78 -86 80 20 -35 -80 -54 30 47 -49 34 54 77 51 -63 45 56 -15 36 27 3 29 -16 -7 
76 -87 -5 -42 -14 -44 23 67 -47 35 58 -63 -63 60 0 28 95 84 31 -43 -79 55 -76 -38 -48 -39 -64 34 57 54 48 76 -44 47 77 0 2 -96 49 -99 -51 -77 -57 -78 96 -39 7 17 -35 -9 -37 -95 -26 -30 -7 -2 -43 -84 -55 -6 -40 76 -44 -34 -64 -60 -13 50 53 -8 3 -78 -15 61 -95 41 -69 -76 100 -46 44 -26 -22 -60 15 -33 78 -40 -83 56 -19 -43 -42 -91 97 -39 -29 -16 35 66 -29 39 27 -60 -65 28 -93 -3 70 48 61 -66 -14 52 
60 -54 -57 -40 -37 -42 24 5 38 46 60 21 14 95 -51 -64 44 -97 41 -11 46 -12 -70 71 -95 47 -90 -74 27 -11 -61 -60 0 -14 10 -91 -5 -7 51 100 10 -33 -27 -5 -42 -4 -57 -53 20 6 55 -33 -22 21 65 -89 -32 -34 81 55 -94 -42 48 -13 39 44 -12 -17 -16 25 -45 19 48 -68 71 76 -95 31 -100 52 94 -50 38 -45 -22 -96 -25 -75 -41 -76 -52 -49 -52 -36 74 -72 45 -15 82 0 -7 -3 29 72 -59 -48 15 -18 -97 -51 -32 -94 -35 -67 
18 4 -53 26 -70 -24 -2 62 88 -17 33 91 92 3 50 73 28 -26 80 80 51 -22 42 40 -45 -99 92 -77 -92 -17 -85 -87 96 73 -21 -16 51 12 -74 23 -47 -83 -45 -28 8 44 22 45 -24 -49 59 -28 100 93 -96 95 -48 -44 -75 -17 35 -86 21 94 -41 58 82 -50 -73 -35 57 43 13 24 32 -52 -45 -77 8 -47 21 -62 22 75 -86 -67 -31 -66 13 38 -99 44 51 47 99 13 18 41 75 -32 -32 75 71 -58 35 100 -94 -39 1 78 -48 19 10 -78 
38 -30 -35 -48 19 -81 99 -12 20 -65 -90 91 93 -75 66 -18 -37 -34 -42 -1 -44 -26 89 94 70 -24 -60 32 -65 39 0 0 47 -25 -26 -96 20 -30 55 77 -2 -81 -71 77 85 40 -86 -66 -3 8 -10 9 50 76 -59 -88 86 99 51 -46 -7 64 -10 26 39 -52 89 12 -12 67 7 29 -17 -40 58 67 -89 -7 7 -57 46 -92 -100 22 99 24 74 19 -75 59 -69 69 -43 28 -37 80 -65 70 66 -71 47 11 29 -88 1 31 68 -82 0 -7 -42 27 -40 -7 
-62 -40 93 -47 97 -89 66 45 -49 85 -81 100 -63 56 93 -70 -49 -97 -50 11 32 8 18 -73 100 -54 -46 31 -82 -58 -41 62 -16 10 -85 65 28 48 38 -94 -16 43 23 32 38 67 -39 -61 -77 -72 -96 18 -34 99 78 -32 -88 98 68 -25 64 -76 -9 4 -52 92 63 57 69 2 -59 -54 8 -19 75 37 -21 -28 -74 -13 -69 51 0 56 -46 95 58 94 7 21 -17 88 14 14 78 17 31 95 -23 94 -49 61 17 48 27 5 83 -93 -47 -83 94 -63 -7 -24 
94 89 -19 -34 -53 10 -5 97 -24 4 -27 62 -72 -78 -5 65 -46 -6 30 60 20 -22 -28 -59 74 65 52 -46 6 -31 93 7 -41 -15 65 26 -55 -73 -58 61 93 3 -50 -80 44 90 -37 -49 65 12 88 -47 -83 35 19 86 76 -99 -79 -88 67 -8 -58 -54 24 71 -10 -41 -62 99 -90 44 55 -16 -96 -39 -18 5 -25 -75 -58 -16 46 -27 76 63 -20 -61 81 -99 -84 62 -69 -33 -67 -13 -20 78 -36 0 33 99 18 54 22 -18 -37 -25 65 -52 15 -10 50 70 
-65 28 76 -87 75 -9 33 -42 -65 21 63 57 3 -97 -65 82 -7 -26 77 -54 57 16 -29 -6 -32 56 -97 68 -95 15 -56 -42 -83 -66 70 39 61 -20 88 -91 90 -44 -97 -82 100 -14 38 -65 74 19 -64 -66 -81 67 -18 88 3 13 -90 -92 -36 -81 38 -81 25 45 61 -46 -97 66 95 86 -23 -69 -93 35 57 -25 -17 43 -88 -25 -89 -63 88 50 88 -21 87 -31 -76 -63 85 28 -54 -80 -59 3 -22 -95 -98 -82 62 17 77 91 -54 -13 63 -8 -46 73 -45 60 
-94 84 36 -34 39 92 -99 -65 -18 -68 23 -82 31 -64 10 44 -73 97 55 -30 -15 -56 43 -51 71 -89 46 -31 39 -78 -52 57 -20 -97 -71 25 -74 70 -13 -32 -51 8 64 -2 92 -27 -73 -70 -67 -31 -68 -61 58 -41 -69 -89 -5 -98 -96 -30 -22 67 53 94 15 95 -43 -49 -34 -5 79 -39 92 55 39 72 41 94 15 -78 -49 -98 -67 -39 54 -15 73 -49 91 -52 -55 -84 -53 -49 -52 -21 11 8 -99 -53 2 -55 -53 -85 17 20 -70 -16 -16 51 -69 93 33 -96 
-89 -3 85 -18 70 -34 -1 -39 -79 -46 69 78 87 32 -55 -94 85 100 56 55 86 44 50 4 -34 -88 27 14 53 -77 55 78 -80 -56 29 10 -99 50 -45 -58 -63 71 50 -14 33 -84 9 -8 63 -96 -88 26 -42 98 -26 -9 -40 -25 -2 72 -97 91 -99 82 88 -74 92 50 -3 82 82 92 -15 -44 8 -30 -87 -76 6 3 -3 26 -10 -21 88 95 -80 49 91 41 -12 -33 -1 -6 -38 5 -40 85 -20 41 -85 -19 -9 47 12 18 -28 98 -59 60 39 86 63 80 
99 67 -48 53 -92 -83 72 8 8 -48 -9 -91 27 -97 -84 4 -85 25 -3 -3 -35 77 -33 33 15 6 55 -30 -3 -73 90 100 -66 -77 28 80 -62 -46 -80 -64 19 93 80 -99 -93 84 -88 -19 -49 1 -77 42 -72 50 73 -92 20 -86 -67 36 82 25 -50 28 -90 -81 -13 -28 -56 85 4 -57 -76 -75 -36 94 -2 6 -62 33 37 2 -11 -82 -38 -50 -69 -28 -77 0 76 97 -57 9 -84 85 -19 -86 -59 67 85 -54 -6 52 -67 -73 -24 11 -90 -63 -40 100 41 11 
44 99 -90 27 55 88 92 38 57 -5 -4 -56 62 67 88 6 46 -96 56 -60 98 -91 95 -19 44 -22 60 -31 22 -17 -96 -35 90 80 -79 91 -70 -68 -77 -75 -9 -100 44 5 -52 -22 -87 -74 40 93 82 39 43 54 94 2 -64 80 62 86 -15 -72 17 -55 49 -95 -67 -58 6 53 96 -49 29 -46 -56 66 49 -73 2 -51 2 33 -65 -20 -57 -48 -31 -34 -2 -60 -66 -6 22 -53 -33 -53 -59 -88 -56 -8 -81 -2 -82 1 -84 44 -25 8 48 23 32 -27 0 44 
-11 84 20 86 55 43 -48 9 70 -31 -45 83 21 50 76 86 84 23 35 11 -55 65 77 -50 -14 13 -61 71 64 78 93 56 -18 -52 94 56 75 -59 -48 12 48 -10 -56 -42 19 54 -45 -59 -93 -65 -15 -95 -11 -74 -97 22 -36 4 -53 78 -63 9 -73 -8 30 -81 -7 -61 -75 44 49 14 -75 -99 72 -69 -48 26 -54 -26 50 40 -36 -43 97 -43 -60 -84 26 -19 -3 -90 42 -21 3 -69 46 94 84 17 55 -87 -94 -3 22 -29 27 71 62 7 62 26 1 -20 
79 20 -28 -14 -87 -65 22 -95 -49 99 85 -52 -85 -100 8 89 0 -9 84 41 85 -2 -77 -33 84 -64 -92 -23 -98 22 -12 -46 -100 62 15 -18 -56 60 28 23 -48 -95 41 -24 73 93 37 50 -85 38 70 13 -32 -39 -17 -24 34 -1 74 -9 -75 -73 81 17 -79 29 -45 -39 -76 -16 -12 -9 -14 37 -8 -54 88 35 10 -78 -42 -5 -88 64 -85 -49 -2 -52 9 -54 -70 -89 4 70 -96 -25 -82 -30 48 45 72 -92 -4 -6 40 -35 -2 -86 52 -88 -100 66 59 81 
9 53 100 81 25 36 -91 -21 -58 -82 77 83 27 78 65 -100 -22 -91 40 66 88 60 -18 48 66 -65 80 -53 -2 -24 51 -51 -58 -68 -28 49 75 -51 72 9 -22 -36 -65 71 51 80 -47 -82 -93 81 -89 -82 9 14 100 -94 37 5 30 42 -1 6 -94 82 21 -19 73 -53 -58 15 46 81 65 5 98 91 -24 67 -85 56 -1 -93 -94 38 55 -8 46 56 87 33 55 -87 34 -11 -85 -38 -92 -69 -100 -29 77 95 -47 -1 -51 29 28 44 -23 47 57 -98 -30 -47 
9 95 -75 -66 45 -64 -67 -15 22 -96 11 -37 52 82 98 -38 -58 100 22 11 15 89 -49 60 -71 60 49 -1 -23 94 -23 48 -90 96 -88 86 -37 -3 -39 -96 16 33 2 100 -6 90 23 88 -91 -68 4 -67 52 -49 -76 54 -3 -80 6 -50 20 -75 86 14 -16 -78 97 -70 -64 -10 53 96 16 -43 -61 -21 -80 16 -24 -41 27 0 97 -83 9 -50 -98 81 85 -23 -38 -52 48 41 -90 -93 -85 -37 72 -11 8 -44 84 47 -57 -53 5 -25 -93 35 -47 14 -13 73 
66 59 -95 -93 17 -57 -66 -32 60 68 51 88 1 72 -88 11 -8 -10 25 -20 -64 -88 -60 11 -16 83 67 -34 56 -14 2 -58 -89 -2 49 -29 89 -75 25 24 -19 65 33 4 -7 -78 80 -10 -15 -92 -94 -70 9 78 79 -30 10 6 25 -47 73 -35 -75 -89 -21 41 33 -66 -9 -13 -79 -29 -45 4 23 10 100 -72 -85 5 93 -72 51 17 -40 -7 -67 -38 -75 38 39 32 69 19 63 53 -39 76 99 92 97 83 -45 -29 -100 -100 24 44 -71 82 76 19 -77 73 
78 -3 40 38 -7 22 75 -45 63 -71 -92 6 -88 -84 33 65 27 -10 -64 82 99 -80 -88 -81 30 0 -10 71 -86 -100 39 -93 9 82 4 -58 -15 -55 74 2 -4 1 25 16 90 19 22 28 -3 -38 -59 -91 23 73 -17 49 33 4 64 -73 -70 57 -100 62 27 -51 76 8 -5 -63 65 34 83 -44 -76 39 30 -21 -42 96 72 -35 -42 34 99 -26 72 -23 3 -4 -26 86 -49 28 -5 -78 79 -86 80 28 -66 -14 -22 5 -5 -100 54 63 -18 -76 -36 8 53 -11 
-15 -15 -16 81 -96 -55 97 -46 24 17 19 71 26 -54 54 -10 -23 43 -33 -24 -98 -28 -88 -11 -61 53 -80 -91 68 40 63 -70 -67 62 47 -76 24 -98 -2 16 19 -26 63 52 -70 46 -40 20 77 71 -19 -25 -2 80 40 91 -70 63 6 97 17 -39 -55 35 20 23 84 -80 -30 83 87 98 73 7 77 35 11 42 72 42 -10 55 -40 -44 -82 18 -78 -98 83 22 -89 -58 -98 30 -56 -3 -29 17 -83 76 9 99 -66 17 90 -8 -73 -28 2 -9 28 -71 17 41 
-37 -47 -13 13 41 38 39 4 48 65 47 -83 47 90 18 -4 43 27 -9 38 -65 -6 -23 87 75 93 -62 76 -4 -87 28 -26 -54 -9 -35 -12 -85 60 45 -21 5 -1 93 -83 -40 -58 96 -83 55 -9 -84 37 -44 -74 -2 -10 -33 -5 13 78 97 -21 21 18 43 6 91 57 34 -12 69 -16 89 -12 3 -61 -50 -98 -64 -24 15 -8 -81 58 -73 -65 -65 -67 -48 35 -56 60 35 41 27 -91 -11 -59 -53 88 -66 -99 -48 -57 80 -80 31 -70 14 -54 -73 -12 11 98 
-39 -57 0 28 13 -75 -86 20 -78 25 96 -1 43 15 -46 24 -43 1 -30 -38 66 -6 84 39 23 -64 12 70 -8 86 -1 -18 49 17 -54 -6 -81 -23 -31 -58 -83 90 100 25 -93 -67 -27 32 61 -12 24 -8 -5 -36 -96 -43 -39 -10 92 37 99 -27 40 4 -94 -85 24 -92 35 34 -6 31 23 90 -88 -34 9 59 71 24 -42 10 60 -91 39 67 58 -2 -57 -11 9 -57 43 -95 -83 -94 -23 25 -62 26 -22 80 -38 80 4 90 -23 44 42 21 -50 -71 99 21 
-36 -72 -24 28 13 27 28 -56 -99 -46 56 -46 56 -68 18 86 9 -25 82 9 -88 53 82 82 42 -35 -21 -54 25 34 25 -79 -65 -83 -54 93 -85 -81 88 -16 5 48 -67 -40 59 -39 84 58 41 45 -95 -32 -80 -86 -22 -16 12 -26 -48 1 97 33 -33 -18 58 64 -38 21 96 -26 -20 61 -80 -73 -56 -72 7 -89 -40 57 -44 -71 31 -96 13 -74 -9 -17 0 -79 -44 46 -2 -14 94 4 -79 0 24 -7 9 -99 5 -30 81 -42 -42 -53 -73 72 67 -55 17 -49 
71 98 -78 -61 -72 -28 51 -28 50 -75 -26 76 60 -54 35 41 -88 -32 -49 60 3 31 -93 -46 50 -43 12 33 -27 48 16 -96 87 -61 45 -15 -69 34 56 -16 -22 75 21 -71 -36 -13 73 -70 -56 53 -30 23 -24 -87 -22 -53 79 43 -36 -40 -62 -28 -41 -76 7 55 -18 66 100 71 -46 21 -47 -50 20 91 2 3 21 42 -48 -32 -55 93 52 -9 77 -45 -8 73 -1 -34 51 -98 -86 -33 2 -33 -11 -47 2 -22 67 35 -50 -65 84 2 27 -60 -85 -52 -76 26 
-41 91 29 -20 -95 35 7 -36 -85 18 -3 -6 1 -19 67 46 -91 -78 52 -33 65 -11 -91 -28 -14 -10 -95 -58 -86 43 -78 -45 -6 -7 -1 -94 83 -18 -98 -54 -28 -54 85 -45 48 29 -93 14 56 -47 -95 75 81 96 8 -90 64 -39 -59 26 -33 -24 -44 42 -83 -99 -31 -33 -98 -88 7 -55 36 -7 43 63 91 99 38 28 88 -33 -69 32 -58 98 85 -14 -4 -49 31 63 -74 -6 38 12 -3 2 96 -92 73 -55 -10 -29 -17 61 -79 -79 -10 -26 -81 -29 33 -76 
-97 -35 -45 -40 85 71 -40 83 90 59 49 48 43 -68 -6 12 26 56 24 -34 47 25 -21 92 72 64 -67 39 -25 -84 4 -85 -93 -98 -41 60 -41 -2 13 76 17 39 -63 -53 52 -47 94 15 -3 6 -4 -6 -61 7 7 -92 80 -16 -36 94 41 6 -94 58 80 -35 81 -67 87 55 -5 -30 -73 80 -74 -55 48 69 19 80 1 -26 84 -77 26 48 -79 -66 73 -30 -10 98 -62 -2 0 -19 59 -32 -93 -29 92 9 -80 49 22 -51 12 -43 43 -32 22 -77 98 3 
27 23 -42 -12 -98 -82 -65 11 71 38 91 32 91 36 64 -96 69 -22 -58 -51 -74 -27 -33 42 -41 60 -37 9 -40 55 93 -28 3 -42 5 29 -62 91 43 -42 38 -89 51 60 -66 73 -61 -72 73 -30 95 -46 -83 20 27 72 -24 40 -41 77 -100 -35 -73 -73 -95 27 -3 39 58 -21 62 67 -65 33 -15 -58 18 -52 27 -10 -91 -11 -43 -65 71 -23 2 -91 53 -47 -69 63 -80 96 -31 -44 86 58 -97 -74 -60 -95 61 80 1 22 -89 -76 2 -39 -51 4 -35 59 
-82 -96 -74 94 55 83 -39 -4 75 43 64 -52 19 -20 -69 78 -77 -38 72 -16 -61 -50 14 -1 90 -93 44 4 78 -73 85 -41 30 5 -6 93 60 -85 38 86 -13 61 13 39 18 -55 -53 -100 -41 32 32 57 74 4 34 -85 -24 -41 25 -98 -91 -32 -35 36 55 -65 55 31 91 -19 59 45 8 64 -38 -25 -25 85 -20 -37 12 29 -68 -67 73 -11 11 -56 -26 -20 -35 67 79 55 90 -21 -18 27 -92 -78 -88 -8 5 9 -95 98 46 -13 92 -75 53 -46 100 -77 
75 -37 51 69 -24 -42 -100 -12 45 -19 -81 -13 -16 -57 -5 58 83 -86 30 63 -70 73 6 54 -18 85 58 -37 -76 30 100 -64 18 -91 71 98 -86 12 -7 -28 -99 -47 75 -60 80 31 -43 86 86 76 -9 -51 -1 70 16 26 12 56 -13 -16 77 75 -28 75 -86 -89 43 -5 -38 12 -9 16 41 8 -97 19 -65 21 56 55 56 29 81 -85 -58 -61 -62 8 -87 8 88 -89 -80 0 -53 -71 3 -50 -5 -3 -13 -4 -90 -68 30 86 29 -8 20 58 -83 -22 31 -94 
-18 -73 -19 75 -19 -80 -100 34 14 -61 -79 80 48 33 -78 92 -42 11 -2 46 27 23 -56 34 40 -12 -37 34 -33 91 39 46 77 -78 -93 -44 -43 -37 98 86 -98 -4 9 -10 73 -20 81 -54 12 -54 78 -38 -90 -54 48 -39 -72 -24 -51 89 71 -76 -28 -42 63 -43 -51 -80 -18 -48 -36 -92 95 -6 95 -27 72 -42 48 99 -98 46 -100 -79 -20 -86 -69 26 39 53 95 -2 21 71 -65 34 58 -70 32 66 11 33 -27 -55 -66 60 -24 -96 -69 35 99 49 15 -7 
32 -8 -4 44 35 41 -55 -92 -42 29 -3 -9 -40 75 -31 34 26 -16 70 -75 55 -3 -85 99 2 42 -59 71 34 -60 26 77 -53 37 19 -13 20 -90 -59 6 93 -67 82 -22 -32 67 59 -21 -59 91 -69 99 42 96 -57 41 -25 26 -69 -80 3 -17 -97 -76 -64 78 70 20 -15 -61 -86 44 27 -88 -59 -78 -72 -30 -87 2 57 -26 -69 -75 -31 -53 -3 25 -44 59 87 -81 -3 19 -62 -6 38 -16 1 -44 -22 68 -75 71 -68 16 14 -39 -76 6 16 -7 -50 45 
79 67 43 -72 -35 -96 68 35 87 -90 -49 -66 78 -8 1 88 15 -80 -53 82 -26 90 -69 -87 -31 45 -31 -89 72 -44 -88 -98 -37 -68 -49 -49 22 -48 -59 -99 -85 2 -35 62 84 83 74 65 -3 -55 49 0 26 -31 30 52 -34 36 -87 39 -68 -12 60 -96 -4 -67 -55 89 27 84 -83 77 -99 -36 31 35 -54 -6 24 93 97 83 -68 28 -84 30 -47 29 89 -81 71 -30 29 97 -26 57 60 -5 -33 -88 26 23 93 -67 77 -91 -69 -26 -24 3 -9 27 -31 36 
87 55 20 51 42 10 -27 4 -72 -18 2 -67 58 -6 30 -30 97 48 65 42 -43 -48 12 65 44 -72 45 -81 -91 52 70 -48 -27 -49 1 2 62 62 25 -27 -82 76 -62 -39 -95 44 -35 66 89 86 -93 98 94 41 28 21 69 1 -46 0 18 54 8 -61 5 17 -80 -17 21 69 66 -15 34 -53 -95 40 88 -20 -85 61 89 -46 67 -16 59 15 80 -21 -45 -20 -86 7 45 -86 1 -4 66 -66 34 52 49 -24 20 -24 -96 90 -4 3 -41 -54 -60 50 34 71 
-10 85 -74 -53 19 21 -90 -99 90 -40 79 77 -9 16 36 9 86 -47 89 20 96 -98 9 69 63 94 -25 37 65 64 -18 30 -87 -6 20 33 19 78 -49 65 52 66 -47 83 9 -7 100 28 55 39 -13 65 -16 -57 57 -10 24 -6 -18 35 31 -78 -72 -21 7 -21 -5 73 -8 -27 -12 36 -87 47 30 88 -100 -30 6 2 -11 37 67 -53 -29 -9 51 91 47 -34 70 -38 -18 23 -4 41 49 -75 67 63 -87 -85 -91 4 59 5 93 -13 -94 75 20 -31 -59 10 
-65 -80 -87 -4 22 67 15 85 -59 -5 12 46 23 4 -61 -42 -3 68 36 61 -64 -84 -94 -20 39 76 -2 52 -81 94 2 72 26 51 -37 10 94 -74 -37 30 51 -81 79 4 11 -24 -6 -42 62 -14 64 29 -13 -24 -83 -65 80 22 -35 -64 41 -84 71 -19 78 -74 -25 29 67 32 -54 -74 -44 -26 40 10 80 -98 73 48 79 -44 -89 -64 -93 16 -55 97 -60 -31 -82 20 -40 0 -62 1 45 -100 7 -23 -60 -83 40 -11 90 78 -95 -66 -71 40 91 -82 -72 -44 
35 38 -88 -17 -32 -80 -30 -99 -64 -41 -73 90 -3 -14 2 -88 47 -97 93 -61 52 -91 -54 -68 59 -68 13 1 -84 -57 -73 -61 -17 -18 48 99 19 -93 99 94 76 22 -55 -49 -35 29 24 -11 -15 -93 57 14 33 -83 33 76 -52 -40 -93 55 -52 -41 -10 -36 -74 22 -49 32 54 50 5 -33 -65 -10 -65 34 93 89 -40 -33 -28 -13 -94 -28 -100 11 44 -96 87 -85 1 49 -19 2 49 -37 64 -58 -8 51 -48 28 32 38 -74 33 59 60 23 82 81 55 10 -86 
-71 -35 93 -30 -9 94 -64 62 -14 -20 -49 -46 66 -93 96 -54 68 -73 76 -75 -36 -85 -7 43 -32 85 -2 99 28 62 -18 -79 13 -67 51 2 14 37 44 -73 -47 -55 -30 92 95 1 28 56 -37 -16 42 66 -50 -59 0 -46 -23 42 -44 88 -67 15 24 -70 -72 22 87 -53 -9 -62 60 89 52 -61 -13 -47 -65 30 49 -38 72 30 65 -49 38 36 13 -96 42 -100 -15 62 -15 96 -28 -12 60 -38 8 -21 -62 -80 -89 32 96 -76 90 0 -100 41 -71 59 38 98 
11 74 -43 -69 -7 37 74 12 61 -31 69 -88 12 86 -7 53 -4 21 47 37 5 -2 42 12 32 -49 11 19 -4 -42 4 -30 -87 42 -91 -89 95 54 15 14 -62 -49 4 -57 -1 -2 2 0 93 -58 -83 -1 -60 -55 -40 54 9 -37 52 -53 86 49 27 51 67 62 -38 -63 -31 50 -70 82 41 -55 57 -81 79 97 27 -83 69 32 84 54 97 12 26 -58 48 23 73 -83 63 34 -48 83 -84 -3 -52 -68 21 -51 31 -19 89 -17 50 21 84 38 -74 -24 -71 48 
76 84 81 -60 -48 41 -53 2 -11 74 -74 -40 63 3 -18 77 60 -98 78 -75 -47 -30 82 44 -11 66 -72 -27 -51 65 -68 -58 31 -45 -96 89 -54 -50 -7 -39 22 -51 -78 -20 -28 1 80 -18 15 17 -97 -78 73 4 -81 -65 50 -87 29 -70 40 -95 95 18 -13 83 68 -25 -40 -37 62 -28 49 -5 -51 2 -45 61 -76 -64 -91 71 -16 60 70 34 80 -13 72 64 21 31 67 -73 -76 -97 28 -2 -33 97 -38 64 50 -63 39 -50 -73 -75 69 -41 87 -29 35 58 
-4 -62 -18 -34 29 80 -85 64 -96 -92 -31 47 23 15 -41 -11 -27 30 -4 100 -48 -23 49 0 95 -40 56 -58 -34 88 -5 29 59 29 -85 -43 -59 -26 33 -38 -17 -25 2 45 31 -65 88 -21 71 -37 -30 -40 -44 69 -43 -25 75 89 -55 -87 -67 -93 -21 64 14 15 84 -74 -44 82 37 26 -16 96 73 22 30 -23 29 -60 71 54 -15 -23 33 43 100 -55 26 57 -67 100 39 -86 -16 15 85 -86 54 99 -12 90 98 -2 77 91 41 84 45 -32 75 -10 -57 76 
80 -28 6 48 -47 52 -42 -45 -39 -79 -27 76 4 -23 -29 -42 81 -79 -77 -38 -69 -75 -92 61 -36 -96 -1 -83 77 27 60 30 -72 -15 58 -95 -83 25 -73 33 -31 -44 64 19 -98 83 71 -55 -7 58 -22 -83 18 -30 -54 -58 38 -17 26 100 100 44 66 -47 0 50 12 -59 42 -43 54 -97 55 38 16 80 64 -99 30 -42 -89 95 34 14 9 -7 -56 72 1 64 77 -19 95 -22 -95 45 70 46 -36 -91 -44 99 15 -72 -95 59 -64 -93 -25 91 82 -51 78 99 
91 -81 -31 -78 -43 45 -71 6 -16 8 -27 5 -13 27 -59 47 -73 40 -60 -42 -40 -50 30 66 55 -59 -21 35 58 45 12 70 -9 -10 -99 48 76 24 87 -28 -19 -24 23 -2 -61 32 78 51 80 -75 2 -64 -96 -8 -84 39 80 95 73 89 -68 17 -18 -7 -82 -75 61 90 67 94 72 5 -34 34 16 -58 -39 79 82 -44 82 -16 92 4 -7 -87 46 32 -54 -41 -86 -81 2 -86 99 -49 -82 -53 -50 -98 37 -80 -73 80 28 53 -50 -80 -29 -86 -56 60 37 -82 
-25 71 -4 37 77 -64 54 -34 29 32 88 80 73 -81 81 37 54 3 -58 1 32 97 14 26 45 37 39 -100 -60 67 82 89 -1 -9 13 -27 33 -90 99 74 28 11 27 8 -94 81 -93 10 58 78 76 22 -87 96 62 4 -82 -74 -82 -81 -11 11 -43 40 3 -85 23 21 65 34 -66 4 17 94 84 0 -17 -76 -62 44 -2 -84 53 55 94 -92 23 90 -38 1 -77 -36 18 -67 70 41 30 85 40 -40 -87 -79 88 58 76 0 58 61 49 -95 62 -10 56 -72 
20 59 -48 88 -98 79 -50 71 -8 56 83 91 36 27 -8 0 7 81 3 -37 48 30 -70 51 3 -74 47 -50 80 -2 25 -67 66 80 25 -76 -20 8 -46 17 46 97 99 51 -49 -45 73 -92 -47 46 -70 -16 66 -96 -18 97 -55 59 -17 64 66 -32 78 -67 4 -52 18 -62 -41 52 -69 76 -53 -55 76 -24 -43 14 32 5 -17 89 -67 64 -28 -100 92 -74 -82 -47 -51 -72 17 -38 -94 9 58 -78 -90 57 96 72 -83 -17 -58 27 13 -1 -73 43 62 43 -12 -96 
-97 87 2 92 -31 -11 -14 -38 86 -76 60 98 -97 48 -84 -63 -83 -81 48 63 57 80 -50 -78 -54 -74 -98 -92 39 73 -19 63 -62 -96 100 -71 12 49 96 -1 -15 73 93 -46 79 -48 44 -10 -55 -82 13 17 77 -27 -51 -62 13 -56 94 -7 -84 -18 55 -23 -21 -34 -81 -3 -45 -1 -43 38 49 -98 31 6 8 -32 -44 93 61 -80 29 64 -5 -40 -50 1 8 47 -15 80 -18 70 21 90 -64 -25 -88 -94 17 -35 -39 51 -18 -51 49 69 -29 -49 -41 -99 -7 -84 
-30 -13 34 -91 -86 41 -85 -39 55 64 -10 -87 64 60 8 -97 7 -17 -42 61 18 -98 35 21 12 23 -75 -94 98 -83 3 54 53 -72 -93 6 20 -55 -21 11 43 4 -37 -77 76 70 81 -64 -27 91 35 82 34 -37 40 48 -86 3 -42 4 -88 10 -2 -47 -18 -55 -32 47 12 100 -2 59 -6 45 -24 -100 -35 42 27 78 -15 -57 66 -92 -34 -62 -59 -3 1 -89 81 82 -79 -81 41 -96 19 77 83 12 8 4 -36 -53 -59 35 52 -39 39 -89 79 -22 18 12 
-4 -2 9 -28 -76 -25 48 -52 -41 -34 46 26 -28 95 -22 -46 -96 22 -21 76 18 21 -36 -81 90 -17 55 -33 57 -17 37 59 69 27 -38 -44 81 40 -71 -83 25 25 62 -2 -25 -40 1 64 -64 -69 49 -84 -98 86 92 21 -98 -88 9 -2 68 48 -75 -18 99 -26 -78 -77 -70 -45 94 44 -80 -95 -92 -89 -62 -9 -92 70 -10 58 -43 -66 85 -37 -72 -51 -2 39 85 3 -39 -35 -45 -30 55 -86 17 87 -25 -97 -88 -76 -62 88 8 -58 -64 -12 -73 74 -78 -8 
43 17 22 -31 -21 98 61 84 -62 63 5 83 -9 76 85 41 58 -34 6 90 57 -12 -63 79 97 -66 34 28 55 -5 -64 -6 50 -88 0 100 83 -32 -76 57 -54 21 67 59 -4 6 13 56 -65 -81 -96 56 -60 -68 -53 -27 -27 -10 73 -13 -18 83 100 -25 -9 64 12 -73 59 -65 -98 -19 39 -22 71 -34 -37 -83 -78 -14 -17 49 -64 -15 83 75 -42 -92 51 -15 -70 69 17 99 -26 15 -5 49 62 20 68 -63 -95 -26 -98 -58 51 96 50 36 -43 66 31 67 
-67 17 0 -66 50 -75 -73 2 0 -9 -38 33 23 -94 -49 -76 56 -40 61 54 21 -93 6 3 36 37 43 -68 64 48 87 89 92 98 -45 -75 -8 32 67 52 64 -76 45 93 18 50 -55 27 23 -16 -87 15 71 -28 1 -54 34 -76 -29 -80 55 -68 97 -67 32 51 98 -79 54 78 -61 -54 -37 -4 49 -31 87 60 44 -25 23 -14 51 -55 -14 17 -50 -48 -61 -91 -1 61 -95 -28 -64 -2 -10 -75 52 -3 -27 12 24 18 30 35 49 -74 47 -18 -89 -69 25 -75 
-14 -63 70 -56 -22 -65 -57 -10 -27 -64 -27 88 89 47 72 70 -99 35 82 -78 30 95 11 43 46 83 -62 22 -16 14 -19 7 -32 14 10 -68 -6 -35 -26 -81 43 36 60 -72 93 72 -28 79 -82 -1 52 52 68 -40 92 -99 61 42 -57 -78 -27 -85 27 -33 45 -37 -16 12 44 -76 82 -22 -65 8 -65 26 29 10 29 -39 40 43 -64 -64 96 84 -18 9 -27 -70 98 21 71 30 -87 76 15 -27 77 -28 83 -99 -1 -34 -88 -28 53 47 -63 -5 -70 -100 -4 -33 
88 84 -88 21 -59 -3 -34 -13 -2 93 96 -21 69 -100 -30 28 -74 17 22 28 11 -83 -79 -98 -62 -4 11 -45 -97 14 69 -78 -27 -34 84 -9 -91 -75 27 -1 95 73 33 48 -49 -65 -90 -41 88 -50 -47 -14 44 -22 29 -33 -87 9 70 52 64 12 22 8 -93 59 -98 31 -62 24 42 -1 78 24 14 18 -26 -69 -100 13 74 -33 -55 -79 3 -45 -41 89 89 -99 -26 -35 96 16 -53 -41 -57 86 90 -86 78 -9 -46 -50 62 26 -4 20 21 63 -91 -90 14 -78 
-82 -26 46 -13 -46 65 -4 4 6 59 88 10 37 97 76 -88 84 -45 -49 -1 13 48 -99 64 -23 -78 -66 28 78 82 98 50 -18 -90 95 30 -11 -94 42 60 -9 9 1 62 -24 -99 98 -43 -90 -77 1 11 -65 -89 -47 85 9 43 50 -14 -70 48 -32 -38 -35 79 85 -34 68 -16 100 100 -3 -51 53 79 -47 -99 -20 -69 46 96 -38 -59 -88 -64 -68 4 54 -51 -55 -58 -42 -34 69 55 -98 12 60 -78 -34 -2 -86 34 -88 -64 64 72 50 -61 -53 -90 13 70 
60 -9 80 41 7 85 81 -21 38 -47 1 80 -70 85 -90 7 40 26 -95 54 -90 73 59 29 86 -82 -11 -48 -24 -15 18 8 -64 -28 19 71 84 -91 -45 -49 56 39 -9 28 13 -42 -24 -1 -53 -45 -70 -42 50 -87 -69 38 -59 -24 72 82 94 31 67 -45 99 99 90 0 87 -68 -20 -5 40 -34 -90 -88 -57 42 -74 -87 -48 33 -42 21 -1 -96 -85 -60 36 88 -85 90 95 -77 -70 28 52 32 88 91 -18 19 65 21 35 -65 100 26 92 28 21 -41 -27 15 
-61 -64 51 23 -51 65 -11 -44 33 -40 15 62 -16 -76 -8 33 28 -59 -71 14 -96 60 -42 -15 -21 -22 16 -22 20 8 -47 26 87 -42 -12 -64 48 91 36 97 13 62 65 38 -58 18 96 -38 -39 7 -53 54 86 -56 -1 -43 31 46 30 26 21 11 -66 -17 -37 11 -77 27 -79 13 -52 8 45 84 24 -30 78 58 16 -43 7 52 49 -46 100 57 -45 -69 -15 16 44 -3 -69 40 58 63 -6 -6 70 -60 -85 38 74 28 -10 93 47 27 -74 -35 71 40 -19 15 
-16 91 92 22 48 -94 70 48 -74 -8 52 -63 74 -25 86 71 -14 -41 45 -79 -100 -45 -2 61 77 71 -71 -69 89 -100 32 21 -85 3 -47 10 20 -34 12 -19 -11 93 -6 79 14 11 15 1 -95 -3 -65 51 31 -94 22 11 26 33 67 4 -42 81 -31 -49 -12 98 8 -56 16 -63 9 -32 -97 -28 20 85 74 3 -21 -40 38 12 75 -26 -62 -13 24 37 -96 67 -82 -59 -83 -89 -39 -43 -62 -31 43 -34 50 -26 -3 99 -29 38 -46 -32 19 16 17 -52 65 -4 
-31 65 80 -55 90 90 25 85 -26 40 56 9 -35 -17 -95 26 -69 -8 41 50 -13 -57 41 71 -81 -88 94 -60 -15 38 40 84 -54 -19 41 -100 -29 90 100 -44 -32 -62 12 32 -19 -19 13 -22 -50 98 51 -88 -97 96 -77 -3 54 91 100 23 -39 64 -53 37 32 68 42 -8 -6 -51 -80 -40 11 93 68 83 35 94 18 -71 -66 -66 -16 -53 38 86 5 -37 92 -83 -66 1 -48 97 -91 43 -91 -47 -82 9 45 -65 -28 -61 -51 26 9 -69 -13 17 30 -63 37 -85 
39 18 -100 -67 10 87 81 41 100 -85 -72 -87 -98 51 58 -17 17 43 -81 75 81 55 23 -99 62 31 -21 90 84 -24 -34 -49 23 48 49 31 -46 -35 9 15 -90 36 54 47 77 -95 77 3 -34 62 58 58 7 50 47 -30 -40 53 34 8 49 14 84 90 67 -65 3 61 -92 59 -78 -35 36 -88 -93 88 23 83 -72 -24 12 19 76 -60 9 -37 43 -9 -13 -37 18 69 85 93 78 13 -48 17 39 44 -5 76 -44 34 32 38 95 60 -94 19 -68 2 30 26 
47 -16 2 95 -55 -78 85 -78 -7 89 33 78 43 -62 48 51 -23 25 50 94 43 -88 61 -65 44 -98 -60 -66 -37 18 -4 9 34 -47 -100 26 -47 98 -45 28 -70 -1 -47 -46 -52 -27 -3 59 41 -14 -89 -79 45 -30 51 60 52 -74 -74 -36 -42 -98 -62 -16 -100 -9 -3 -49 17 -95 23 -30 -25 -79 100 -50 49 -73 63 88 10 49 77 -97 12 99 -9 26 -95 -81 91 72 -73 -38 -97 -36 42 -92 69 92 59 -85 85 45 -44 -89 -9 99 -64 24 89 -29 -49 100 
94 -83 16 -87 72 96 -37 32 76 73 -31 21 -57 -14 -7 6 -17 -60 32 59 -77 -85 -86 -58 22 -22 96 29 56 70 88 -37 -92 52 53 -22 -50 92 -96 15 -60 -5 95 -13 67 -33 43 -51 -78 82 -78 46 -41 43 12 2 -84 47 83 15 -45 59 -7 -55 -52 -6 -74 21 24 -26 38 -69 -42 -55 56 32 23 77 -60 84 -37 -6 -27 0 19 11 -83 -23 -87 -46 24 -99 62 -57 -14 -85 -28 -17 53 -14 20 -53 -14 -77 -77 16 78 43 -8 -47 -46 -51 18 -23 
-34 -32 90 14 72 4 15 -61 -20 -19 -28 -31 87 -83 99 -69 87 20 -6 66 -28 -49 63 44 0 -18 53 21 66 89 -17 -97 -82 1 -16 53 -78 59 -49 -87 -24 20 89 14 -70 74 98 62 -68 92 -97 -68 -19 -63 -57 -91 -79 24 -35 -96 22 53 60 -38 85 15 1 -21 -46 12 -92 30 -93 91 -74 28 -10 -45 17 59 62 8 -25 -4 -19 -9 47 93 -2 4 -19 -47 73 -6 68 64 -68 -33 -57 -95 70 70 82 -66 -46 82 -91 -7 8 5 19 -65 -71 -97 
8 84 14 74 85 -87 56 40 10 -1 -32 -76 82 86 16 15 76 65 -21 -20 -18 -99 24 -5 43 96 41 -23 -44 67 -63 27 -28 35 46 1 -72 -14 43 8 24 -16 -14 40 24 -8 -76 89 49 -20 37 -66 -75 6 52 12 -28 10 52 67 -3 -57 -3 53 84 -27 35 96 -12 -49 -40 -92 61 22 -30 -80 20 30 -68 98 7 -59 -68 -79 -26 -18 -22 51 21 -62 -24 25 -48 29 47 44 80 -18 -35 61 97 -29 23 -29 -82 19 54 53 -93 -95 68 1 -85 35 
-14 34 4 -44 -63 -58 68 32 81 50 -55 53 10 29 -27 -92 -2 9 93 -37 -2 -43 99 -57 -62 14 -85 93 87 -41 -31 32 -57 78 84 -68 73 -52 -59 0 -2 19 33 -8 -87 -7 -93 -22 -71 22 -77 -18 -17 100 89 -57 11 36 -3 8 -77 -46 21 -16 -75 29 -28 -8 58 46 16 -45 -47 97 -76 -51 90 78 32 -60 -77 57 -69 -100 -98 39 99 11 -35 -16 -77 -66 -73 90 47 -79 -23 50 -68 -4 51 56 24 -50 65 28 -55 69 50 38 -15 20 -1 -76 
-93 89 48 0 78 -38 -41 10 -13 -5 -59 3 -30 -35 -73 96 65 6 -98 37 -40 98 90 -79 -51 -8 -67 71 -48 46 48 36 -54 -69 36 -42 94 95 -19 -79 77 36 69 69 -69 87 38 87 48 4 -8 24 9 -67 -10 100 36 -94 -24 -62 -82 44 -53 -93 -44 -39 8 -91 -12 16 -100 -24 -62 64 -37 -48 -33 -70 18 -29 10 -63 78 -67 71 62 -3 53 -46 -18 -87 -76 -93 57 60 -23 -84 12 -48 -37 -56 -95 75 -7 77 -77 31 -36 78 38 -68 46 -49 51 
66 56 94 91 -52 -45 60 -95 46 -70 11 -82 22 -2 0 48 14 47 36 42 -57 -13 91 97 90 -86 7 -65 70 -79 -1 -47 -54 78 -31 8 14 82 -77 43 -13 -55 52 -86 -70 79 -59 -36 28 43 28 67 -22 21 -63 42 91 -46 67 -81 52 53 62 -25 -47 83 33 -63 -46 -56 82 -93 85 24 -54 -3 -92 -45 -38 9 -60 -31 70 -89 17 -69 95 -56 -40 37 -33 -45 -88 -94 21 -57 29 80 12 91 -85 22 87 -92 65 -76 -12 31 69 62 97 76 -46 -100 
-16 -92 -40 22 93 -90 -10 -99 -58 77 -90 40 -86 -87 -22 -36 -46 53 99 -87 -44 -5 47 9 90 94 65 28 -16 -30 60 -60 98 25 -54 -70 48 81 -100 34 32 -100 -92 -26 -87 67 65 10 -69 4 80 88 22 87 95 -46 -6 -88 -70 31 94 1 -10 -78 -25 67 37 62 -84 28 -89 -54 55 34 99 -70 -62 56 -97 -63 85 37 94 -8 66 -99 76 75 93 -95 65 73 77 34 -29 -32 -68 -33 42 49 -3 -30 75 36 55 -46 32 -48 -82 -78 43 64 97 -55 
69 29 73 -31 -38 4 -87 99 -4 -94 55 34 -69 -27 64 94 90 -29 8 -62 -33 -89 -36 31 1 -53 -55 67 91 -63 -59 -24 35 80 -38 -13 -14 42 16 11 -97 93 75 -94 9 -51 -57 29 51 -88 6 -61 53 100 55 -33 22 13 59 -73 86 38 31 37 21 38 82 15 -56 -93 -92 -40 58 -94 6 -12 -67 46 93 37 -1 -80 -63 74 -4 19 60 -68 -28 81 -12 -77 -90 79 26 -26 29 -44 86 71 -100 58 16 -73 -80 -76 -95 -68 -59 -73 -77 -61 -27 0 
-72 68 96 80 -86 -32 -16 96 -80 -46 -49 14 -2 -40 4 100 -71 -5 35 -35 -74 61 -32 56 -78 -8 63 -22 39 31 91 -84 -46 41 26 65 -60 -13 -20 -85 24 10 89 -3 -1 -59 -76 51 87 -14 -47 4 38 75 22 6 -30 0 3 15 -29 -90 90 83 2 -7 44 -34 -14 86 -27 94 100 92 50 57 -56 -45 86 79 94 44 -24 4 29 -15 54 94 -57 -5 42 -72 20 93 93 100 59 85 0 -33 11 -92 -93 27 92 -67 -63 -94 -54 -99 63 -81 11 35 
-46 -39 -21 -43 38 -63 -59 0 24 -73 -70 -7 -6 37 -53 -26 25 79 28 -73 -33 49 16 -49 65 -70 -42 -16 11 52 14 26 54 9 27 22 -8 -47 -51 -13 -80 68 19 90 59 13 84 -93 11 14 38 15 18 30 7 -65 73 -38 -25 -92 -9 -5 -50 -82 -31 50 -43 61 66 70 -33 53 32 -22 -5 1 56 17 -67 -36 74 -22 -21 35 72 70 83 57 98 21 39 -2 95 55 -27 -29 -40 -95 -11 66 -51 2 48 28 57 78 -79 11 -52 30 40 -98 54 -15 
63 32 86 3 66 87 -23 0 -40 21 -67 87 -99 68 9 -84 45 6 -53 -52 90 -4 59 -14 -22 -11 -27 38 -97 8 -42 94 -81 86 -22 -3 -10 25 10 19 82 79 -21 3 -59 -35 12 -36 57 29 -75 41 -24 97 -49 73 12 64 -28 -6 -21 -51 -66 26 -61 -93 35 -88 55 -69 -62 20 13 53 27 5 -6 -4 30 45 19 65 -51 21 31 -64 19 -49 -62 -50 -41 23 -79 86 -21 50 -25 17 31 47 8 -24 -52 -74 -33 -70 48 59 -72 -99 -16 63 -81 66 
23 70 -87 -8 -89 -81 -16 -82 1 -76 60 -27 -5 -58 -74 92 -57 -94 37 43 89 0 -46 -81 23 89 -73 -91 -99 76 -32 -54 -96 60 34 61 36 -67 75 -27 -26 65 -87 83 -30 71 99 11 -29 -97 90 47 -41 62 -22 -53 10 73 56 52 59 12 56 -90 21 14 5 57 -92 -18 18 24 -62 -74 84 -88 54 -97 91 -79 60 -27 92 54 64 -43 -98 59 -5 0 63 79 -19 -63 63 -15 71 39 -31 -40 -99 0 -70 -39 33 -59 42 -36 -83 88 -98 -10 75 -67 
0 70 85 -63 -40 -17 35 -17 -67 -52 -19 -56 39 -73 61 -89 -47 -44 -37 23 -39 83 -51 27 -9 8 51 -91 -73 82 -21 -98 -38 -17 -76 33 -71 60 -84 -69 -8 29 -42 -9 -7 0 47 38 -93 -26 76 -14 7 -33 -85 -91 27 -84 -57 -37 60 -24 -33 8 -53 66 -37 46 -89 34 69 79 53 -79 -67 15 -51 19 -54 19 17 -26 34 67 29 95 -40 -42 -33 42 61 66 -59 63 -62 17 33 -12 88 -17 -30 -46 93 74 11 -12 53 -11 -37 -38 -91 -8 48 -17 
17 65 50 -17 -6 -56 38 -52 -54 -28 18 -88 44 -60 -71 93 87 59 -77 -7 -10 -27 -5 59 -83 63 -47 7 10 71 -78 -82 74 30 -85 -49 -36 15 -83 0 -31 33 40 -7 -86 -83 47 -27 69 -13 -50 22 -90 -1 -48 45 34 -60 100 26 -49 -33 66 -24 -88 -20 84 -45 -75 1 -54 -48 6 7 -28 -52 57 31 99 -82 -64 91 92 5 -53 -56 -4 -29 49 41 96 -86 -66 59 -57 92 -56 8 -31 55 42 21 47 93 -93 -29 93 -73 43 -64 5 62 -56 -41 
-74 -97 3 -100 88 -25 45 99 76 71 -8 41 -34 -75 -19 -58 -77 -53 -51 -62 -58 -62 -45 -20 -45 32 59 -67 80 95 62 -83 -66 -58 50 80 27 -29 21 50 -51 -33 -9 71 35 -31 46 -19 -28 39 46 4 57 36 -45 -85 93 0 97 51 15 -19 -85 -62 86 88 68 -46 -14 -71 -7 -99 46 61 -5 99 -45 -26 80 91 -67 -74 53 51 55 17 10 -99 81 -27 64 -28 -95 -2 39 22 -77 91 71 96 -11 21 -79 91 33 -94 93 -9 -63 50 -40 -25 -56 -86 
-6 -14 6 49 46 98 -57 92 -24 -30 62 61 47 -28 -89 -57 9 84 43 -71 6 81 88 8 98 41 73 -13 -24 9 17 7 -49 -33 -52 -96 -43 12 -34 67 -29 -65 -33 -14 -72 -65 -66 97 -34 57 -83 30 68 82 39 63 3 68 -12 -95 -97 91 4 67 -69 -9 78 -88 -100 -9 -98 2 -89 -30 83 -11 -95 80 59 84 79 92 64 31 -9 -20 16 -94 9 55 -17 63 -62 -88 -52 -41 72 10 24 37 18 82 -53 71 48 -34 24 -88 7 -98 -52 76 3 -84 
98 -19 55 -22 22 -57 13 -17 45 -96 42 -4 87 -83 -54 -42 17 36 56 -35 -15 99 -19 3 -41 -59 71 -36 92 75 97 57 11 97 -31 -61 55 78 63 44 -63 11 -22 -4 85 28 -40 14 82 97 60 20 21 57 28 29 70 54 -49 -94 27 -8 55 66 -52 53 -89 12 56 33 -70 -100 -21 43 24 25 -16 53 5 67 24 98 -32 -49 -17 -91 -13 13 24 58 5 -54 -62 -81 -34 -64 -81 35 60 -12 -85 -29 -61 -72 39 86 -86 -63 79 15 93 67 -2 -98 
32 98 97 -31 67 30 -74 -46 -10 4 93 -65 6 97 66 -34 -26 -53 95 52 -74 9 -28 -63 69 44 95 -34 100 -67 62 -17 -23 68 -4 -1 -1 -85 -28 -4 -66 -94 51 99 65 38 -31 43 -14 -51 53 -13 45 99 -76 94 45 -77 11 -74 51 50 67 -89 5 -16 51 -57 23 -95 85 -77 20 76 73 28 65 -74 -28 40 70 40 -98 -63 3 -57 -21 33 -77 -23 -21 52 53 9 81 -2 -24 70 78 87 -45 92 -55 39 43 92 -14 -25 -56 -52 72 -74 38 -84 
65 -94 5 36 13 49 30 28 -20 -25 -84 51 52 34 30 41 13 -56 82 -33 -81 10 79 37 -90 28 -2 -13 -10 7 -41 61 96 -76 -86 -44 57 73 77 -99 -13 75 -61 -52 99 88 -100 -57 37 42 -72 38 -82 -84 -18 79 91 9 -15 -20 69 16 -48 27 72 -69 -26 1 -42 -97 -6 16 -91 58 18 36 100 7 53 38 43 -39 -91 -83 -93 -28 -65 14 33 -95 -76 -30 23 -57 -98 92 43 -53 -45 59 49 -24 -11 45 43 -59 71 37 99 70 -73 -18 62 -14 
-44 -9 55 93 89 63 4 41 77 75 93 58 53 15 45 46 53 70 -81 34 -66 44 -41 -20 97 -68 69 41 -2 20 37 -86 14 18 68 -23 92 -73 32 80 -38 -53 41 -86 75 -32 -69 -93 -37 74 90 -61 -14 100 93 95 -11 -19 87 31 39 57 -54 -91 -20 -50 -76 -42 69 42 72 -71 -48 22 94 61 -100 12 -42 32 67 -1 45 92 41 38 -36 57 85 78 -83 64 60 -4 36 -71 59 31 1 97 -58 94 -86 64 -43 -62 -7 26 -50 48 -3 -64 30 96 
-36 -15 60 -44 -86 62 75 14 -37 86 94 -88 -12 -57 99 23 81 98 91 30 73 57 -65 -55 -74 59 10 19 -6 49 -34 -6 -86 -34 38 22 17 17 -58 -23 -91 41 -92 86 5 71 -95 -88 -90 -21 56 89 55 79 -48 52 -76 -4 -97 -16 -89 44 25 -78 35 -13 38 -14 45 -84 -82 -45 4 -58 68 71 38 59 36 32 -100 -97 -58 69 -40 100 2 -10 44 85 26 90 -35 29 -23 43 -55 59 76 17 28 75 -38 25 -78 50 13 -21 17 37 -91 27 -87 23 
-91 68 -82 22 88 -15 3 -70 62 67 39 12 88 43 82 -52 62 99 -90 7 6 -3 -90 -55 50 98 28 10 -85 79 -58 69 -97 12 56 -48 56 -17 64 54 -84 -77 -99 83 25 -43 66 -26 -4 -1 -57 -38 -69 -57 -20 -79 61 62 -48 22 27 -81 -16 23 -9 5 94 -41 -50 -64 -86 19 82 68 -2 10 22 -16 100 48 -73 54 -69 98 -93 -13 67 -89 58 78 -7 10 7 -29 58 28 -75 -33 -26 -27 -38 1 43 19 21 -29 -57 67 12 -66 -59 17 -99 70 
-82 -79 -93 -77 -7 -63 15 94 -36 -65 -63 3 -51 22 14 -6 84 17 97 -19 -82 89 -70 12 92 66 -35 82 -88 -55 90 -8 -26 -87 41 90 56 -6 7 -87 -79 -52 75 -77 -28 -30 76 -48 -11 -66 -53 49 -90 74 -30 60 4 16 64 80 -25 6 42 -60 66 17 -38 -13 6 -49 58 -34 51 34 -69 -48 95 73 42 54 21 -55 28 55 15 73 81 -55 98 -46 -92 -48 2 3 30 -81 -15 11 44 -7 52 52 -47 21 -44 38 -6 -95 27 11 48 10 80 95 
-39 60 -81 -15 10 -32 -11 86 33 -17 -90 53 -37 30 58 -49 29 14 -85 -88 -84 -46 96 -26 55 -78 41 -76 76 62 31 -59 84 -39 -26 40 -26 -20 -30 1 -15 35 -10 12 37 67 17 -3 -51 44 -43 -18 -10 4 -32 -34 -17 -92 34 -22 -22 95 77 -75 -51 -56 -44 -28 42 -76 -19 -92 -78 69 50 96 -83 68 -57 -51 68 -86 -2 -47 40 -57 61 -35 68 65 30 -44 8 -19 -83 85 -51 76 32 -65 89 -60 -41 88 -76 -9 46 -6 -56 47 -18 25 89 -14 
-83 -83 10 27 -18 58 -60 -19 87 4 81 -92 82 51 89 16 -33 -91 -72 67 38 -90 -86 -47 -59 -2 -67 -77 27 -47 45 -12 -53 44 96 13 60 43 -30 -81 19 86 87 70 -92 85 -81 -21 -8 -9 -78 28 -20 83 9 -80 -57 -99 -63 -10 14 -58 47 61 88 -67 -72 -42 -74 -44 -52 15 -6 -56 91 61 -11 -45 89 67 -4 88 -96 -95 0 97 65 -89 18 19 -94 -68 -90 30 18 -74 77 -94 -29 -65 22 -94 34 59 42 32 35 33 12 -58 83 -62 96 87 
-7 -53 -84 22 7 37 -11 39 68 -23 88 -98 83 -73 -30 67 -77 26 81 14 92 -47 73 -10 -30 -12 -75 -1 -51 64 -74 -66 9 12 62 39 -92 67 -42 -67 -8 -3 0 91 -58 -62 37 -8 -5 -15 86 11 99 0 -19 97 -54 -47 39 23 9 -91 -50 -66 -57 -55 -90 66 50 4 63 -51 -14 -5 56 94 11 -60 -93 55 -17 -17 -45 41 83 7 -7 63 32 -71 -46 -53 39 -95 -100 56 -29 57 9 36 -21 -72 54 69 -31 -7 23 74 82 31 -11 70 -83 -38 
-51 -25 85 30 4 54 36 26 -68 90 -93 0 28 -30 -85 11 -64 7 -5 95 64 -2 -20 -99 -2 -71 -49 86 -10 -76 -34 -16 62 73 55 85 57 -48 67 73 37 -88 26 91 92 -17 -85 75 62 -71 93 -94 -59 11 -88 -8 -48 41 86 8 -52 28 -98 -73 -24 -91 66 41 12 1 96 58 -86 54 95 46 -40 -42 -68 -64 -22 45 27 47 26 -11 -19 -47 -17 -56 -67 -12 -19 -96 31 -18 -87 1 65 86 -36 -17 95 8 -42 9 29 -51 -12 82 24 -75 87 87 
-13 27 46 -39 25 95 4 30 -19 -17 -17 42 -17 98 -70 -4 97 25 -7 32 33 30 -55 -13 72 -58 -85 -40 -6 -1 -36 -27 -60 96 45 -70 30 92 -62 14 -84 -74 97 -55 -34 -75 -72 59 -94 51 14 35 -38 -1 -32 20 31 34 95 -23 68 85 -84 94 34 17 -60 -85 -9 -26 42 32 22 -5 80 46 83 -39 -47 82 -32 43 56 58 97 69 41 -60 68 4 27 -86 40 -7 -24 33 74 -91 63 -34 54 -48 -10 74 -73 -90 1 -48 98 -68 0 27 -6 -13 
-48 -77 76 62 -66 23 48 32 -8 93 46 -70 36 -43 -48 -50 66 1 -17 41 91 -83 53 -2 73 -25 41 45 71 96 15 -11 53 -48 -63 39 -44 -67 -53 68 80 -24 66 34 -87 -81 62 94 24 -31 13 -28 -92 -85 -50 23 70 -69 44 -88 26 -5 -52 40 42 -95 70 -45 -51 -61 -80 28 -37 -5 36 -95 -75 -69 -54 -45 -95 27 34 -43 -32 85 -61 -48 -18 22 12 -48 -49 63 -17 -68 -64 -46 -85 36 -18 98 -77 -25 -74 79 59 -29 69 10 47 -47 -20 0 
-51 75 -82 -15 -60 -29 -96 -2 93 -38 5 -55 1 -62 89 34 -88 -10 65 -69 -45 39 82 -91 61 -65 75 39 -59 -18 -59 -2 26 -26 26 66 -98 41 14 -58 -33 62 35 42 -31 -84 -36 -66 31 -49 51 -57 -8 -95 -5 -56 47 14 71 -99 56 -79 77 24 59 2 76 95 87 -95 -78 45 -60 -82 87 90 -86 52 33 -22 6 -53 -26 -27 97 57 53 91 -86 10 -48 -77 -54 91 100 -63 85 80 -45 -2 -24 38 -20 -62 -38 -15 17 72 -32 65 25 -78 9 -1 
9 30 -29 77 76 -32 53 -31 -66 56 86 45 80 -53 63 23 49 -1 -95 42 48 -70 -62 25 100 -30 -47 4 -44 -38 -89 5 20 -22 -62 55 84 11 -44 29 -61 -52 73 44 -23 79 -7 3 56 -95 -34 91 70 -53 -28 -8 -2 -71 80 -91 -30 -100 -49 48 -56 98 -94 -90 60 11 20 -57 30 -81 -45 88 -16 6 -40 96 22 -60 -74 -90 21 -30 -45 -42 73 79 -68 55 -57 14 27 -15 52 -58 69 7 -46 6 58 59 -23 -31 13 13 -80 62 -88 -14 58 -58 
29 -31 -6 90 80 92 50 3 -70 -78 -37 53 -48 -80 -60 -77 -10 2 49 -98 -57 -45 -40 90 -34 49 -24 23 71 45 52 91 5 -99 -28 -54 54 76 36 81 -35 -9 -36 -30 35 -96 8 -52 18 18 -97 93 74 50 75 -86 -65 1 -79 -49 66 -79 25 -96 -87 79 35 -60 -64 -14 -64 -78 12 -31 91 87 -79 -40 74 75 90 64 19 -90 -85 -90 99 10 31 -18 -45 -69 -92 -46 41 72 -55 -65 -49 -71 25 -39 72 62 -70 -16 -36 49 -41 49 -49 -21 -37 70 
27 -15 65 74 -68 -25 -7 -25 -77 -44 -60 46 99 -55 9 75 11 48 -28 -75 2 -89 76 -83 -68 -94 76 53 -9 -65 -11 73 52 -30 89 -60 -56 63 -40 91 -75 -46 62 13 -73 77 76 39 -72 10 91 0 -12 71 3 -49 -84 -61 -17 100 21 -46 9 23 -57 -64 -61 63 -22 -34 40 61 90 -79 -5 46 73 -40 -90 54 -97 -68 -62 32 -78 -9 -10 -42 -53 -43 37 59 92 -59 -53 81 -70 78 43 -44 86 -15 -41 25 -57 46 -73 -11 -71 14 54 37 95 -54 
-41 1 95 44 93 -57 -9 46 83 26 46 -87 -78 -61 10 -14 -42 19 58 43 -88 1 -62 -72 -18 36 17 -69 99 94 -52 -20 39 -62 19 -96 -82 -56 -78 -71 47 -79 -82 80 -89 92 90 -57 -30 8 -69 -7 -56 51 34 -99 73 99 6 56 16 56 -57 22 61 41 -48 79 -4 80 82 96 22 -7 23 -72 79 65 -79 71 -5 -66 100 -72 77 77 34 -97 -13 -66 -25 -15 -77 -30 38 -89 94 82 27 -100 -1 -59 -20 -78 -6 71 -31 -56 -49 2 -10 -91 -77 63 
48 -31 69 20 -33 -72 -51 51 84 0 4 -14 94 63 72 69 -30 23 -33 -43 46 67 12 28 56 14 74 -32 -5 100 20 -28 37 62 -20 -14 94 -99 -29 -85 15 12 -88 26 -16 -42 53 -38 89 -21 43 83 -96 -79 52 -49 14 -33 48 96 -61 -65 22 40 65 -92 58 -83 -60 22 -79 -2 -11 -52 44 -34 43 78 -27 -28 87 -68 -9 -84 63 67 25 4 -96 -90 1 51 -4 -63 -66 -38 85 -49 26 -3 60 85 88 65 -55 49 30 -99 97 52 31 -28 54 2 
-5 -2 22 -56 27 9 -70 -55 -52 57 -3 83 -75 17 -62 88 9 -45 84 -85 -93 -98 98 48 96 -83 -26 -2 61 -47 89 30 78 -29 -5 -16 32 -74 1 25 -70 16 -51 -92 -24 -43 98 -6 50 -53 32 -69 47 -49 50 -25 55 89 -80 27 97 27 -64 -88 -45 45 1 42 -22 -61 0 47 -63 50 18 -24 -84 -60 -20 -69 8 40 -26 -19 -14 62 -5 -64 -43 100 -27 38 -33 -24 -88 -63 -87 52 70 97 -4 -5 -27 -64 66 96 85 53 83 -99 -82 6 -85 20 
-95 -58 -89 62 -76 67 73 -16 -58 -68 81 -90 44 72 64 -88 64 61 -63 51 -41 -86 64 -97 28 66 46 99 99 -92 1 2 -93 5 62 51 54 -39 37 -71 -34 -85 -50 14 47 65 78 -44 -31 44 80 -80 88 59 0 -49 31 55 21 14 -93 -34 -77 -76 35 -81 35 97 33 22 25 65 -96 14 44 43 -35 52 -53 30 -45 -71 50 -15 -74 94 -18 -41 3 -87 45 67 -50 23 -18 -71 -62 67 -58 -30 -90 -50 -63 4 15 36 92 22 -97 13 22 74 -63 62 
13 -50 -53 -74 91 73 -68 -75 -72 86 22 23 27 92 52 -97 -73 77 27 38 -28 21 -24 98 -44 95 -83 47 -72 88 80 -58 -73 11 83 -35 62 39 -94 -68 43 -50 56 82 97 -26 80 81 84 -83 -28 57 -1 42 -26 38 -90 11 -4 -61 60 58 40 -69 77 70 59 31 -5 -96 65 -97 -89 -19 -84 9 64 33 93 -26 29 15 -29 -92 -75 -46 -50 -3 -59 -73 -41 98 -51 -75 50 67 -93 16 66 96 -100 14 -46 89 2 54 -21 67 51 61 -83 -95 -58 -92 
26 -93 61 -60 12 -2 -11 42 -13 36 -31 -78 98 -15 -2 100 6 -74 -79 20 83 -84 -36 -38 -51 -22 53 61 48 13 -8 5 90 83 -20 -66 -5 -76 32 40 68 -31 -96 34 94 -92 -16 -28 -72 47 5 -53 -78 27 67 -46 16 -25 38 -80 38 -35 91 -80 -95 65 -22 -11 96 -92 54 -72 -13 16 -89 -4 30 -16 -40 -31 90 -50 -63 20 -93 -45 -58 18 -96 94 -52 -33 69 80 81 60 67 -18 -78 76 11 -31 41 -22 -27 2 91 -91 -20 -59 -58 11 -43 47 
85 -9 85 43 -83 41 100 63 78 72 -41 77 -1 94 -12 -46 7 95 36 -98 -70 -96 34 -26 -44 -11 100 99 -37 -5 -70 97 46 87 100 57 -42 -38 29 36 8 27 -17 -53 30 -76 65 87 91 66 -80 85 -16 -91 -91 71 13 33 -98 94 -37 -93 -41 31 8 -100 -49 30 97 12 -37 64 -37 31 -11 -54 -75 97 32 7 49 28 -56 -93 56 54 13 -56 76 22 -59 7 19 -26 81 13 -81 -46 73 60 -21 35 75 -79 27 -52 -71 -96 21 -53 7 74 2 19 
45 -5 35 3 79 1 8 -100 75 59 32 82 -99 -17 -36 -42 -23 -67 40 -5 69 62 28 -82 85 24 -30 53 -56 -96 10 -29 -43 -53 97 97 -92 82 45 70 79 57 -66 90 -49 -51 -51 -61 88 -41 -55 -21 13 -67 -17 96 -48 -28 17 -87 15 -16 45 80 67 58 -82 36 -78 -38 83 28 -6 7 18 -91 75 -48 99 13 28 19 72 68 50 -25 17 90 29 -73 -7 -18 51 -53 23 -63 -83 -34 46 52 5 -49 -42 -34 -26 -66 26 -71 52 -69 -92 32 47 33 
46 66 52 66 87 26 58 -79 -95 38 -85 -16 -73 -53 -13 -14 -62 95 -39 4 -99 59 63 64 -36 -2 8 72 55 -75 -41 -51 68 -54 -40 -91 -74 -27 -32 71 91 -1 -16 -74 -24 -3 69 -39 -89 -55 60 32 -90 -82 77 53 -14 -87 -7 37 -27 59 60 31 -93 -55 -29 -25 56 -21 -69 67 -86 80 8 2 -58 -39 9 -53 -48 2 -6 -75 9 36 -30 -99 36 -31 -94 97 -74 89 13 -17 23 88 -4 69 55 -78 -89 6 -60 35 81 -32 -38 19 -83 -71 88 -6 
30 -70 -66 -11 -57 -53 18 43 -5 -65 -92 -6 -87 20 52 99 23 7 -2 36 24 -84 85 58 93 23 -5 -3 -78 -94 -31 5 -37 -13 -8 90 -56 45 -68 -39 -10 1 -74 95 19 73 -65 -47 -87 -70 14 -21 -53 34 -98 -43 -10 -18 34 25 -100 21 -78 -55 71 -89 -46 -9 -36 -16 -73 -1 -81 96 -81 97 -90 -56 55 10 36 -32 48 -7 -57 81 -48 -13 14 45 45 -27 -93 46 52 -83 23 -49 -32 39 -88 84 -82 44 60 41 67 -73 -34 -11 -95 84 -68 82 
-46 52 -32 74 90 -36 52 23 -22 -100 -28 69 -40 32 35 83 -95 -64 -46 -67 32 -35 9 -100 13 0 70 55 -21 50 -62 -76 83 43 60 4 -51 -23 -86 50 0 -21 52 -61 -65 -20 82 -74 82 46 -33 -46 -42 -65 9 -79 -99 11 -20 46 92 -63 -24 -29 -96 -100 55 -60 43 -62 -23 -82 -56 -69 97 -89 88 -63 0 -95 -43 -93 59 -92 -70 7 -18 79 16 72 -15 -8 -39 -36 96 -41 32 -33 30 -1 -90 86 -50 -14 39 2 74 95 -40 89 -97 -74 65 -55 
59 81 -33 95 63 41 -20 -78 -33 -55 34 43 98 67 70 46 31 -58 75 -42 -48 62 -5 -15 57 50 -5 -23 -9 -98 61 37 68 56 86 -87 53 -57 -32 30 -100 83 -35 39 -99 87 67 98 74 -4 52 41 75 64 33 -18 66 53 -87 -75 64 43 -42 76 -63 23 -22 20 69 30 18 17 -32 -18 37 -93 100 87 96 -76 78 38 -78 -76 -6 6 -40 22 29 45 -96 -15 -70 -60 42 46 -54 -31 67 -45 57 -51 66 76 99 7 46 66 -56 83 -62 37 -27 59 
-50 29 -24 -92 -62 -36 -6 -48 34 5 -71 26 -3 -18 -83 52 -37 -44 -92 -29 72 66 -71 63 -86 1 81 -20 -57 -28 52 -100 16 -96 -74 -17 -42 -45 62 -55 53 25 -61 68 81 54 -25 12 -90 51 -12 60 -24 88 -55 17 -71 -78 69 -67 89 -12 -74 8 -54 88 84 -62 96 -76 14 -90 -17 -60 -54 -64 7 -74 46 70 -74 -73 -86 -36 38 3 -19 84 -48 36 35 -69 -25 -40 85 -42 58 -67 64 26 82 -69 -77 -82 -5 -1 61 19 76 45 -98 -99 -13 -55 
-100 71 -41 25 -93 76 3 -30 73 -62 -84 -47 -34 -90 -100 62 -64 40 -53 -47 48 7 73 9 -64 -51 13 -94 -58 56 -98 14 -47 67 49 -5 -20 23 -24 -27 -81 -30 -41 98 22 -21 -38 -75 12 -89 -62 73 -89 98 63 83 87 -21 -2 43 -86 -47 36 9 24 -39 -95 49 72 -95 -85 10 42 25 -41 -10 46 -72 21 82 60 66 -93 -97 -76 90 61 93 -40 79 65 -4 39 -82 -30 -39 74 88 -49 -42 -35 51 36 84 81 -54 78 96 -55 36 11 -46 29 10 
65 75 -25 -65 -61 -37 -45 13 -67 9 61 -53 -93 37 89 91 -17 -95 32 50 -57 -98 -84 88 -11 30 -71 -67 -60 90 -90 43 63 -4 80 -12 -45 -77 -55 -40 -34 96 50 11 -22 -67 -41 54 -24 51 24 -10 54 25 96 -83 6 -59 -8 -32 -32 45 46 47 -8 30 43 -68 100 -5 52 -48 -95 -6 -5 -57 -79 70 -87 -82 -50 16 42 46 -83 -1 12 74 -34 17 2 -18 26 90 29 -9 -89 48 24 -9 -68 44 -81 49 29 -64 -15 62 -66 -58 -96 -71 -12 -79 
-74 1 -69 -21 24 50 95 -7 -2 -31 13 -79 4 -70 -19 -53 74 -88 6 65 35 100 -49 6 83 -78 -12 -76 -89 -67 -24 -66 -78 -87 16 88 -99 -58 62 45 87 51 79 -95 56 -43 38 100 17 85 -81 31 -89 77 77 61 41 63 -41 33 -58 50 -65 -28 14 -27 73 -97 75 76 -72 -26 -6 27 27 75 2 44 -82 -48 64 76 -29 -78 -91 -52 -89 -10 64 78 -61 87 49 -5 31 18 -63 -50 -87 -51 63 -16 36 -26 27 -8 63 -98 -35 56 -18 70 -41 6 
-66 78 67 -75 -31 -99 -3 -24 -5 83 -59 -25 22 -15 8 -21 16 96 87 -25 -20 96 -77 -16 -98 -60 60 40 -77 31 -32 0 35 69 -24 53 -15 21 -69 -21 21 16 -27 -61 -16 4 -69 95 -1 76 37 50 32 -56 81 42 -62 20 53 -16 35 7 44 58 -53 47 -83 11 -64 -63 23 -3 84 -86 65 -55 34 4 -25 94 81 65 -90 57 42 24 -39 52 -94 85 -12 -90 68 -99 83 -34 -53 -35 -16 -77 48 -93 -75 -6 56 66 -96 -59 -88 61 76 3 -99 -94 
54 -4 -64 11 -72 -53 -39 69 -9 34 -66 -83 -82 31 -61 -25 22 -74 26 0 3 -67 -96 67 -12 6 -68 94 8 24 -22 24 -27 -89 -41 77 -39 -52 9 -87 -23 -93 -38 -60 42 -60 -78 -56 -98 -21 -77 59 -63 -81 -43 9 -68 52 -74 -65 34 81 30 18 -39 -64 -6 41 94 -95 91 37 -1 80 87 96 68 -48 -5 -52 66 55 -35 47 74 -50 -22 -64 83 44 -90 -7 -80 -1 -70 -58 33 -28 -66 73 98 -14 79 30 44 -63 49 23 26 -81 97 -58 99 62 
-70 14 20 35 17 89 -15 -70 -46 31 33 -16 -72 84 76 18 91 19 -29 -38 67 64 -32 71 33 24 99 79 86 40 -76 -9 29 -1 67 68 -24 -27 63 -65 -42 -52 -1 81 -96 -47 65 -10 -14 -8 -16 -14 83 -82 -60 -41 -92 78 -18 37 55 -10 85 -89 -65 -61 73 59 96 66 52 -42 44 -69 100 82 -63 93 -62 43 -2 70 24 -23 39 75 58 -10 -49 -19 -57 -35 -21 -99 -17 73 27 38 72 81 -100 -8 40 -97 45 95 -76 75 11 85 96 -79 -22 -91 
-3 90 55 30 -18 -53 -16 -99 7 90 -85 16 -32 -87 66 -75 -68 -81 -70 -58 22 49 20 -52 -38 -73 -75 -68 92 -80 29 87 -62 45 -81 23 47 24 97 62 77 43 -89 -70 80 29 -52 22 -94 -13 20 -98 -54 -52 -41 8 0 16 -41 -55 -38 -73 54 -71 15 44 76 86 -21 -32 -35 36 -5 64 34 64 -70 -7 40 -41 -80 42 -41 90 -61 -71 12 77 10 96 -74 -17 -95 -84 -41 -66 47 90 -6 -99 -99 94 -28 -84 -61 -95 9 -65 -96 -11 26 -51 -45 -24 
20 -62 -35 -27 -35 -31 -56 -92 -17 -76 73 -67 38 87 17 -54 66 93 88 -27 76 -41 -3 38 -89 21 46 -12 -43 -47 20 47 98 -8 13 34 -63 -87 -84 -66 -59 25 -69 75 2 -51 55 9 -9 -37 7 53 7 93 -68 -35 39 29 7 -48 3 54 -85 38 -30 9 26 43 71 89 -5 -69 21 -91 86 -91 48 13 50 1 84 72 69 94 -10 43 -15 -66 -80 58 -15 21 -98 35 94 -94 35 3 98 -94 100 -60 -71 -79 58 -45 10 -52 63 -36 -9 91 -82 -95 
6 -61 38 47 12 -89 -37 -82 -24 26 23 -51 53 71 47 65 -36 85 6 90 34 6 -38 -44 2 -99 22 -37 48 -66 -2 -57 -89 59 -48 -39 -54 95 -9 37 -35 92 64 6 -18 21 95 -88 75 66 53 -37 66 -60 23 26 41 -61 -66 -10 -41 37 -37 -37 8 -46 -82 -33 -86 96 -44 23 -23 16 -78 92 -17 20 -27 69 -10 -32 65 16 6 -22 10 33 -84 -15 57 3 76 -66 -33 -13 -79 18 -97 23 -82 61 10 -26 -78 81 4 -43 55 -3 50 -24 15 -10 
-27 76 27 71 35 32 16 -90 -26 -39 9 53 0 23 99 35 82 57 -77 63 -66 -61 -1 94 -59 100 98 -91 -30 -20 -81 38 -37 -64 -28 -95 99 16 -18 25 52 -38 -72 36 76 -2 66 -15 -16 12 56 -78 34 -30 -61 15 59 47 -73 -96 -41 -41 -18 -97 -57 -30 -80 81 48 -28 -29 -50 83 94 -80 -4 14 38 80 56 15 31 65 -41 0 32 -83 60 -52 -6 67 -99 -32 -89 -77 -38 -47 78 60 20 78 -44 -58 -49 -21 48 -57 -15 -58 74 85 87 40 -9 
95 22 -85 -99 94 41 -13 -56 -10 -74 -91 96 65 32 55 75 -54 40 84 69 -9 -48 -53 -45 -6 91 -62 -34 51 -66 -100 -23 10 -56 99 28 -28 -18 -79 95 98 -40 37 -18 81 -56 -44 55 -71 -11 -39 54 16 -3 -94 22 -76 -97 -12 -56 17 23 91 13 93 -70 -15 -25 56 -28 -63 36 98 -10 22 100 -34 -77 19 44 49 97 61 -53 -19 62 -1 97 63 3 -52 -37 72 51 67 24 -13 -32 -14 80 -49 93 -51 -66 58 -70 70 98 3 43 2 26 60 -52 
33 -3 5 46 -67 -13 35 -79 62 -18 -16 48 14 -94 -31 -75 4 -57 -31 86 -75 -10 -75 45 -24 1 0 -78 -14 -34 -75 -37 -65 85 -96 80 81 52 -97 -75 27 98 24 32 -98 -69 -40 62 -41 87 -9 45 84 -75 60 81 37 85 14 12 85 -97 86 97 -29 14 8 97 -8 -56 -7 73 32 13 -64 59 44 -41 -34 -11 29 -65 20 93 -26 89 -16 13 -13 -64 -91 15 87 -17 -100 10 -99 -40 26 -18 -70 -61 -70 85 33 -40 -5 92 88 -69 -33 88 -1 -23 
93 37 22 -98 57 1 -51 -9 -5 -5 -18 -74 -93 48 -20 -19 96 -65 12 1 -63 -99 45 -5 -32 -7 -26 26 -80 -81 78 44 -12 -90 20 -81 50 -1 56 -95 -57 -71 27 70 -35 85 -90 84 -27 51 74 88 78 -54 38 9 66 96 -76 -9 -26 -44 -76 13 -9 -58 32 69 -94 -72 -67 48 45 38 34 54 6 -54 36 58 7 -77 -7 -50 -47 28 37 9 -10 -4 -69 -8 45 96 -22 -64 50 8 29 77 -47 62 -82 87 -8 60 -98 80 23 80 -57 69 -93 16 
32 -85 -37 -4 26 11 71 75 96 -66 42 0 66 -8 46 -38 54 7 -10 -84 22 -10 48 -90 33 61 23 4 -52 -85 98 -50 43 -39 -41 37 65 -93 10 43 -41 -98 -26 15 6 14 49 -44 19 36 85 100 27 -28 41 -64 -31 48 -97 21 -47 -65 7 -36 -61 79 9 25 2 98 -94 61 29 75 -55 65 39 29 -59 29 -88 -49 99 -70 -51 0 -95 44 84 50 6 39 -21 -56 -45 -60 30 28 -41 64 50 -15 -63 83 -40 -48 -24 -15 5 -55 -25 92 -93 -75 
11 98 -30 -45 -66 -73 33 -85 -14 -83 70 -40 -34 -98 -76 77 16 81 -36 43 -28 -19 70 -36 72 -36 45 -68 97 29 -20 25 -19 -99 75 -100 -14 27 66 -72 -89 -22 77 65 31 -18 -56 -65 5 -91 79 51 -7 37 -91 -11 19 38 -43 -44 59 -2 -87 -74 -97 85 -23 43 2 -66 95 -45 34 22 10 0 3 96 57 24 15 32 -8 91 1 -85 24 2 -30 -11 71 58 -57 91 -77 -61 -47 -9 -53 -81 27 -31 -82 -2 25 -72 24 3 -21 -40 -79 87 70 -98 
-30 -80 77 -39 -33 -69 -92 46 -78 -66 -22 -4 -30 21 28 -88 69 66 96 -36 64 -82 -2 4 -39 -77 80 -47 100 -67 73 -62 -9 54 -27 67 -44 -97 -39 38 59 -33 61 -24 -61 -47 72 -30 -48 -37 61 19 26 50 -61 -92 95 -70 -45 12 84 39 41 35 59 69 -88 24 22 41 -69 -45 86 -5 26 92 -94 -88 2 33 -18 15 -56 -43 30 -60 25 39 67 5 -60 90 83 59 -42 98 57 73 -74 -58 59 42 25 -44 40 -52 -75 -60 -28 -2 -33 -90 61 55 
39 6 82 -19 47 -14 78 14 39 -65 37 57 67 55 80 95 -12 -53 76 -29 63 -17 -31 -39 -58 -5 36 7 -93 100 -2 -18 -34 -21 -49 61 -70 52 29 30 55 41 31 -46 -74 87 -6 86 91 -49 77 -64 -22 -15 -26 -95 26 -94 82 -88 93 89 91 -69 -11 33 47 66 99 87 8 27 55 -38 -14 30 20 25 -21 -3 -29 -98 -41 14 42 -22 -91 52 -93 -100 61 0 -80 -74 -58 67 -7 -76 -97 0 40 86 78 -81 28 -4 -92 99 64 29 4 -36 -24 -43 
-57 18 -14 -68 56 -49 -15 -2 81 -8 34 -51 -16 7 11 -9 86 98 18 -39 14 81 70 -53 9 -57 26 37 -73 68 -71 -21 2 -32 -1 36 91 -59 97 72 -9 89 -97 11 33 -10 14 36 39 -39 -17 69 -6 57 73 -59 -72 71 -57 23 -67 -45 -69 5 -13 49 72 92 -15 -77 0 -68 30 98 -18 -64 -54 48 4 -20 58 88 -18 13 -22 -44 90 -79 43 21 -53 1 98 -62 -30 6 -92 68 9 87 47 71 2 -2 66 81 11 68 -38 -68 72 79 11 -23 
60 55 52 -66 -54 12 -83 52 -57 -26 -68 96 8 47 45 57 97 -61 -5 -50 90 -64 -3 -67 67 36 97 -45 -2 46 -80 75 -83 -54 -95 9 -70 -3 38 -25 -62 -19 61 53 -66 46 -85 72 -10 37 -77 79 -90 -94 50 -17 -1 78 -32 -82 31 -61 60 -12 -40 21 -79 -37 91 -82 100 77 -17 47 -22 -74 -60 41 87 -67 -2 -19 -2 -9 -94 -40 83 79 -94 75 31 -32 -52 -26 98 -97 -49 64 8 -67 -8 47 -33 23 -95 11 -65 -12 -41 -57 88 -31 -64 -68 
49 -6 -2 -6 -64 37 -90 -57 86 -19 -49 24 63 66 53 -21 -67 -12 97 -32 41 -40 13 -70 63 85 87 58 -94 93 41 69 39 32 -35 68 -100 88 -34 -10 0 -23 42 -92 -92 61 31 -58 -46 86 50 -59 52 -42 -18 -46 -91 -3 3 88 -3 40 -60 78 -74 -12 38 66 61 75 16 -82 54 -79 78 78 -57 11 -65 51 5 -27 -74 -33 54 29 23 -87 87 -9 -64 -50 73 -60 -15 27 -87 97 27 -71 -74 52 32 58 -4 93 19 -32 63 -75 -95 6 -78 -80 
58 95 52 -52 71 93 -86 11 28 -61 52 -60 -55 -35 80 42 16 -15 -70 89 61 86 30 95 -58 -86 48 -91 44 100 -16 -8 95 -30 19 -90 12 -33 24 65 28 88 95 65 -40 93 52 19 -52 34 -42 -29 -56 30 53 86 -95 -17 -36 -69 -34 -27 -22 48 -86 83 62 -73 -61 17 -80 -97 -49 74 94 -14 -96 75 66 76 15 -57 -87 60 -58 -42 78 0 -23 58 -72 100 -74 87 -3 -8 16 -49 14 -49 -27 -96 -59 -8 -79 46 -51 27 7 18 -43 26 98 -96 
40 93 45 96 -38 -63 -89 -3 76 43 55 60 -97 93 -7 61 79 -86 -14 -64 -13 69 -96 24 55 63 46 84 51 88 -94 -66 46 0 -73 38 -39 -10 94 47 -58 56 -17 76 -82 56 -86 -64 -41 79 -70 -16 35 59 48 22 67 -26 79 -69 -32 41 -74 41 90 7 -10 -12 98 -53 31 22 2 42 -73 -52 44 -32 -25 59 -27 94 67 -58 84 62 -94 -48 79 -65 -39 83 95 63 -95 47 -54 55 52 -12 100 -68 -87 -52 66 -22 -39 -41 -5 41 -3 -9 -79 37 
3 -59 -71 50 -89 98 -14 10 -97 -80 67 -14 57 61 -47 -42 -80 -28 -96 -38 69 66 83 -75 -60 -36 70 72 -90 -27 78 -55 29 -53 -82 -53 49 19 4 80 -99 63 54 84 -7 66 -10 26 -31 70 89 -52 -17 -56 -36 -45 -30 49 -14 68 85 -65 -63 -67 -81 25 -64 -44 6 -25 70 30 -83 -86 22 -36 -66 58 -86 -28 -5 78 0 -89 22 -85 95 75 -15 -75 46 77 81 84 90 55 18 76 24 -29 -4 79 -42 23 83 7 40 14 -6 89 -45 94 -29 34 
-69 98 24 65 80 26 53 17 -81 -19 -38 -98 93 -4 -96 47 28 -56 45 -28 -23 18 99 -56 -80 -65 37 -24 -91 -64 42 -93 86 3 24 -63 21 73 -49 39 -87 2 -75 77 -20 -80 -65 -83 -79 -69 -4 -73 -31 -56 58 55 -4 -63 71 -97 77 17 63 -11 -65 -59 -83 0 30 -86 73 64 -99 -83 86 29 -35 -60 -32 -54 -27 42 -49 -73 6 6 71 99 31 70 52 44 19 53 -32 -98 -74 39 52 -67 -71 46 -59 -73 92 -14 -67 -17 75 37 -35 -98 78 21 
-48 66 82 96 2 69 31 -38 82 -75 54 32 4 66 -80 55 -6 12 -78 -23 -35 87 -100 89 53 -61 -67 9 18 62 -16 84 16 23 46 -57 71 7 21 7 -38 18 63 -53 -73 70 87 -12 97 -29 -32 14 0 -49 -71 -75 48 -75 32 -23 -35 29 -60 81 -91 -25 93 23 57 -84 76 39 97 7 41 -79 17 8 -17 -41 77 -85 20 50 97 -78 32 25 -59 -92 42 -91 -26 76 79 -31 65 -35 -64 -13 -29 78 -18 26 47 96 60 -7 11 -75 31 -26 98 -89 
-34 52 58 -94 -66 23 79 85 -95 -99 15 -41 77 63 -99 -39 96 15 88 20 -14 -12 32 96 -74 -54 48 -85 -16 68 -44 -80 36 -25 88 39 -89 -16 1 -73 -12 30 52 -94 -49 86 82 31 54 93 -75 97 80 35 -7 85 98 47 -9 -7 -10 -27 -65 -86 -45 14 88 -73 51 57 -19 69 47 15 28 -75 -71 9 -85 -52 -10 99 8 -40 -76 -61 -60 -35 -5 84 49 -94 43 -66 7 -13 -74 31 -46 -96 -26 -33 -83 -16 -89 -49 9 -70 9 90 -42 -79 -62 -75 
15 48 57 -34 -80 35 72 -1 -66 -22 -65 -23 -8 -57 -4 25 21 -45 -93 -1 100 -93 86 98 31 -100 -17 -10 10 -52 -48 -91 -90 55 43 -8 -32 57 88 37 68 39 -8 -20 -67 -12 56 24 1 -46 48 -94 -20 58 -97 87 50 99 18 5 -55 39 9 -13 66 -16 -100 -14 71 -59 29 -21 -30 89 -35 65 68 41 75 -27 28 19 29 63 16 -56 66 -7 98 -25 91 10 6 -18 -33 69 62 30 -17 -76 -75 -20 85 47 1 46 99 69 67 -4 -33 94 -62 -19 
94 -97 17 -25 74 23 -6 -20 -81 -72 70 -38 16 41 -23 23 -27 -32 -96 95 78 88 -69 -20 -90 95 -82 -85 -50 -18 63 24 4 94 17 -97 -53 60 -46 -91 -81 -84 82 74 74 -77 65 27 40 -24 -85 -71 -8 29 -37 81 -2 49 -68 -33 -79 37 -48 -67 -89 -59 -6 -24 -65 -19 -88 63 95 56 -88 96 -75 67 60 -58 8 -21 15 -89 12 -76 -57 -92 -53 -4 -57 -63 84 78 -34 -36 20 -61 74 -88 16 -15 -62 33 -98 82 -17 -1 -28 50 -75 -45 -64 -60 
-73 -89 -50 -43 -38 82 84 -89 -76 100 94 -17 42 26 -98 -49 73 47 43 86 -83 -90 -44 -40 6 76 55 -83 -64 -51 -88 -24 4 -89 -6 -9 -5 47 -33 -60 -98 -49 56 -21 -67 33 11 74 -21 -8 13 -37 -75 -34 -96 -6 -100 48 49 71 90 -88 6 -85 -4 -17 92 26 42 89 -29 -40 -7 2 -15 92 71 -86 -4 -4 -21 -35 4 -6 -80 -4 94 -58 30 91 -23 92 -39 5 86 67 -83 17 52 2 -100 -88 23 56 28 46 18 -50 97 6 -87 -66 55 50 
69 30 70 4 -47 6 -100 -50 -47 30 88 72 47 24 -84 -40 30 62 87 -20 14 87 -50 19 -4 -43 -24 83 94 -36 44 -48 -52 -100 -46 86 -68 -14 38 -36 -67 -85 42 16 53 82 45 13 -61 6 -9 9 78 -28 12 -55 -58 9 -82 35 -8 -24 13 1 -96 22 52 -43 83 -98 28 -79 -51 -15 -60 23 -16 90 78 26 41 -93 -13 -26 86 -83 -70 -25 64 30 -58 37 16 -72 43 -57 6 -16 0 37 -40 32 -19 47 -41 41 -16 -15 5 11 -65 64 58 74 
-88 81 -37 -88 -51 -49 94 -44 -59 1 -31 29 -66 -16 -5 83 92 11 30 74 64 -46 70 -87 35 84 38 78 -95 13 73 63 -33 -18 -76 -34 66 27 62 92 41 -75 -26 -39 -38 -82 -48 86 38 16 63 61 -99 80 27 60 87 74 5 -1 -32 -45 -8 97 -21 26 16 -88 98 57 55 7 -89 -17 73 81 13 -94 44 -6 -73 44 10 62 99 39 -64 23 4 -81 20 -46 17 -8 -94 86 28 -65 44 -94 80 86 55 7 -75 4 43 -30 -85 47 17 38 -2 -80 
-86 86 -65 -93 -56 68 -84 -66 -92 57 -59 -18 6 -56 -98 -74 55 41 -5 19 71 50 -91 -11 -54 60 -96 -13 24 -86 -50 -94 -10 -41 21 34 97 -68 26 -24 -26 46 43 -24 41 17 -48 -85 -53 49 84 38 84 76 -3 -23 0 45 -71 89 -50 -88 -68 -82 -53 68 -16 16 -31 -45 -25 45 -9 -13 74 66 -100 45 76 -57 -10 34 43 -6 5 49 -64 94 -31 89 43 -78 21 80 7 22 -66 -78 64 12 65 14 26 -73 95 73 55 84 76 -48 -35 -42 66 -67 
95 47 -61 -50 -24 46 -66 -93 -11 -30 55 76 48 49 -30 30 39 75 39 99 46 -89 95 14 14 -32 -59 13 -32 63 -18 -100 54 -14 -45 29 -75 52 -61 47 -80 -40 -48 69 63 -64 -46 -100 13 -44 -66 -9 -93 -68 -4 -61 -40 -81 23 -62 69 9 99 -13 9 -52 -30 70 88 19 4 38 -46 -92 -19 -38 -2 -67 55 98 27 -5 56 -25 94 88 -69 85 69 81 87 4 37 -82 -29 29 5 8 85 5 -41 -42 73 47 -25 87 41 26 -26 -9 80 -21 -14 24 
-5 61 -75 53 4 -12 -90 -41 64 -20 83 -56 -79 -10 92 23 39 52 -36 38 -80 -47 -81 7 83 -99 43 55 -68 -62 -37 -100 94 84 -21 96 -100 -21 88 69 -10 73 -2 -36 -87 63 -87 -99 13 37 98 -18 -42 72 -53 -23 52 -93 -17 54 35 -75 14 23 17 -82 -61 94 3 66 -35 61 -63 3 -8 -41 8 -39 -71 23 99 1 -96 9 34 4 -92 15 36 73 -34 90 54 -76 -32 8 -43 25 36 -34 -27 30 -88 32 -93 -53 65 22 -69 -12 65 28 21 -10 
20 -42 -17 27 42 4 92 75 -89 63 30 -92 -11 55 98 -53 17 42 -4 -97 29 -79 -79 -18 -26 -37 11 92 93 -85 -23 76 47 60 -14 78 16 -60 21 -47 8 -88 66 4 -52 76 -89 2 60 -5 -68 12 -7 -25 -33 -85 44 -19 -20 33 58 62 -79 -88 -15 -7 64 4 6 69 25 67 27 34 18 26 28 -41 -32 -77 -91 28 -66 55 90 -91 94 -9 66 91 5 9 14 -14 -74 -29 60 92 30 -26 16 -19 15 94 -43 11 45 31 88 -96 22 -18 13 -95 
-22 -62 8 -10 60 -77 -10 13 21 29 -84 2 85 -83 95 -19 -58 -47 -26 32 96 69 70 -20 -91 -11 97 33 14 -19 -69 47 49 -45 77 -45 92 52 63 23 -52 43 25 -94 -66 -91 86 63 -99 31 -13 74 -49 54 -88 -95 -59 -34 0 -84 54 12 40 71 -51 -32 -44 -43 -19 -17 -60 5 62 33 7 50 33 91 24 36 48 25 15 67 -85 7 88 40 50 -66 -61 -49 -91 -59 -41 40 -46 -67 -19 -49 -54 0 70 73 98 -99 -92 -39 48 -48 8 -34 13 -25 
-3 96 86 89 0 -59 -5 35 -49 80 -63 9 37 62 50 83 -47 0 42 -47 86 -4 -94 19 -81 -62 -4 46 -83 -67 -35 72 -97 -80 68 -51 -59 -73 66 -22 -17 -38 -38 -99 -12 -59 8 43 85 21 19 -28 -32 84 -5 72 12 -6 -93 -37 71 34 56 24 -7 -69 28 -35 -100 -62 7 -57 33 -43 97 1 -100 42 97 68 44 58 -7 -83 -22 -67 19 23 -84 -19 -73 -44 -59 -36 69 -43 40 -62 -35 65 10 -67 -85 -97 49 -65 70 -61 53 -12 -66 53 3 -9 
58 90 -5 -66 -91 18 -25 8 -50 42 -34 48 -36 -43 -83 60 89 80 4 1 -78 -32 9 -87 -15 -57 28 86 72 -36 -70 21 58 87 -14 37 50 6 -13 -63 36 37 4 3 22 -14 52 52 -23 -43 -73 98 -95 42 -83 23 -7 80 -39 35 -85 2 -56 -11 -42 -83 -69 -81 44 4 -80 -16 16 71 87 59 -8 1 30 -60 -17 -10 -45 49 31 50 -32 -15 -8 -13 -26 54 -60 -24 6 -24 -23 -90 -81 80 25 -71 21 -68 26 -54 -19 42 82 91 86 29 -31 -99 
-42 90 -27 31 -24 90 -60 18 -59 -54 86 16 75 -62 -50 -18 -90 76 -42 73 -3 11 25 66 83 -70 -94 -83 84 74 100 -90 -19 2 75 51 -61 13 -98 -90 43 34 -65 -6 6 -34 25 -1 13 -22 94 -60 88 40 -98 1 -33 -74 74 -21 30 82 -50 -8 -90 3 -77 -23 57 49 56 -32 -100 -16 46 -15 -47 82 -20 100 -20 85 -1 -62 -44 -74 12 97 88 34 -64 -83 -67 19 -67 20 -32 80 -25 79 26 -66 -75 23 -89 93 46 82 22 -39 74 10 23 93 
-53 -78 -18 -13 42 49 -29 17 74 56 -8 -2 -12 61 -12 63 -12 -65 54 -81 -15 60 94 71 90 55 22 -100 70 -81 85 -19 -57 43 67 -78 24 22 57 8 -9 78 85 -76 32 86 11 -35 64 18 -57 47 -65 -83 95 87 27 -81 24 -57 -15 -53 -60 -100 42 -95 -15 -91 18 4 91 0 4 89 -16 -77 -17 2 -26 94 39 94 93 79 95 56 8 -93 -14 -67 -88 62 -21 -75 54 -75 -91 -25 11 8 -15 -20 63 -15 -65 -80 72 -79 95 -60 65 32 -16 79 
75 21 -29 97 52 -4 15 18 -52 1 -48 19 61 17 -65 -7 -70 76 -55 -46 93 -25 -56 -45 31 -38 -96 -37 66 0 16 83 70 49 100 82 -92 10 -66 -96 -83 17 38 -41 57 88 -77 -4 -18 -4 -85 -7 11 -22 29 12 39 -73 49 32 67 -20 -51 -51 90 -12 1 6 -31 -92 60 -57 100 90 -39 -33 19 91 -58 -56 -12 -77 -14 -35 -51 95 1 88 -66 -10 95 95 -27 16 24 34 48 32 -86 -35 99 52 -79 8 -82 21 84 95 -30 47 54 91 -98 -13 
73 42 -39 78 -67 -83 -61 -30 30 81 -31 -63 68 77 -79 83 1 32 -3 -78 -34 46 -40 56 -86 -53 -61 -94 -3 27 62 -41 -35 60 54 -36 91 89 51 79 -72 14 87 55 82 14 -84 61 62 -10 -13 -76 -3 31 -20 -97 -35 -70 -95 47 55 -36 46 81 46 -60 63 -36 -79 -79 -8 -38 -30 96 32 22 -78 -59 62 -100 92 7 0 -37 52 12 18 -85 -88 80 -58 1 25 30 93 64 3 8 78 -80 -61 7 31 33 39 -15 2 83 -58 7 -82 62 -12 9 
-74 -96 -36 -38 9 18 61 -50 -1 -26 -78 -84 77 87 19 85 8 -68 -40 -91 -96 -50 -86 -86 79 -81 -21 59 -88 19 43 90 78 59 -84 -25 1 5 5 -39 21 92 36 34 -67 -28 2 71 59 51 88 -24 22 41 7 52 3 -51 -33 73 32 83 100 -23 -45 -6 25 58 -83 36 54 -16 -31 38 -32 70 -45 58 94 -44 91 -23 -3 63 -92 66 -71 -8 -81 -84 36 36 -47 -71 36 89 -66 80 -33 -67 -22 40 -54 -63 -28 -32 -24 51 79 -98 11 -32 90 -58 
66 -85 -64 -68 59 -3 18 -69 -24 59 -28 -70 -41 88 -44 -42 42 -28 10 70 -74 88 -71 19 99 63 -53 -70 26 44 29 -10 63 16 53 97 42 -36 -69 7 4 43 74 32 -61 71 26 -10 -33 92 -77 82 -80 89 45 -58 -15 -27 10 61 -18 -51 -24 -65 -26 -10 29 11 32 50 -68 -9 92 -72 0 77 -58 -24 81 39 -33 -6 -27 -56 -40 -10 68 -69 8 -95 -48 30 28 19 -44 27 -61 24 -32 -32 80 63 -51 -100 38 98 12 -9 53 -90 7 15 -10 -45 
-13 -20 23 -70 3 22 78 32 5 -5 -92 -65 53 -59 31 -7 -66 34 48 -34 62 94 -38 -98 -55 62 57 -60 -21 23 -25 -41 82 91 3 96 -61 92 -60 -52 -7 -16 71 -63 66 75 86 -51 -66 -68 80 -49 78 100 38 -42 10 61 54 -82 -54 -88 37 40 -63 11 61 70 -5 31 -18 27 57 23 65 -33 63 20 -18 78 -77 -35 -1 17 -59 -63 -58 -94 42 -70 -21 -87 97 27 -38 59 20 48 49 98 -29 -94 59 -91 -35 59 19 91 26 -59 -75 1 65 -70 
6 71 -41 38 -45 -62 84 61 14 23 -93 67 66 -5 7 -57 12 -15 89 -46 89 11 -45 15 10 -85 54 -72 -29 11 -35 88 54 -11 -25 4 77 -7 -21 -84 97 54 35 -8 11 -79 11 -21 77 -35 23 -84 -29 74 4 -7 57 -26 52 5 5 45 -94 -43 81 -3 -48 80 -78 20 -53 -25 -73 -32 -16 42 90 -60 7 -47 46 -94 -29 95 63 36 86 95 57 -41 80 -32 -78 88 10 27 63 1 2 -93 62 -88 -90 96 -81 4 -82 44 -35 -44 -42 47 -47 -21 
-29 -89 84 92 58 -94 -6 72 -9 25 4 -28 -4 -59 -71 -42 81 35 29 46 11 -91 47 21 4 41 78 -89 100 -87 -42 -83 -44 -68 -25 19 82 -53 100 -28 72 -39 91 -46 -26 -11 -9 79 -79 19 10 6 -23 -55 -56 3 -67 -42 62 -96 -43 -93 -98 40 1 -55 1 1 -23 -81 73 97 -23 65 -87 33 -18 -10 -64 73 89 -71 77 58 31 -90 -61 48 -55 -64 24 -28 89 88 68 15 60 -94 -64 -36 52 -58 -91 -28 67 73 15 49 -52 -40 -3 -58 26 46 
79 -42 43 -75 -53 12 -32 -98 35 57 -93 -40 -20 -66 -98 -71 -48 58 -81 -24 -6 100 36 78 -21 -72 -89 46 66 -58 60 -49 89 -40 78 -1 -3 43 10 -89 -19 -15 69 40 -22 33 32 -43 -2 52 -98 -77 -60 35 0 -93 -54 -48 9 19 44 -90 -42 27 10 11 43 -36 70 -39 25 74 78 84 50 -88 -83 15 -2 -28 -83 -73 -92 89 53 -63 -86 60 100 71 -78 -47 -60 58 -53 93 81 -60 -83 62 65 -18 -82 -45 -100 50 -14 57 48 -22 -45 -70 70 -66 
-54 -50 39 18 -90 -35 -75 98 47 -41 1 17 22 89 -61 41 46 -36 -18 -54 -60 -90 -35 -79 -45 13 -78 44 -90 94 -22 41 -35 94 -66 54 61 -45 -55 -2 59 -9 86 22 -27 17 -4 -1 -98 65 32 26 58 86 39 95 14 -72 26 -20 7 37 -60 52 -4 14 33 50 60 -94 -69 -48 61 -22 -22 -70 -43 -85 58 1 -25 57 -45 99 68 -86 -9 -65 83 -66 -55 -58 -89 46 17 -86 -57 -82 31 72 -17 -13 34 64 -66 -35 40 32 81 -13 57 1 -26 -83 
81 95 97 22 -73 96 -11 1 -1 48 28 -9 -79 -49 -56 8 72 76 63 -65 -58 51 57 30 7 -1 28 28 43 69 98 -63 -64 62 -75 -19 -83 -23 -1 32 61 -84 -79 -51 98 -75 -69 6 10 -97 -100 37 -31 -77 77 -35 -81 -76 4 -53 21 -17 -66 9 52 3 -35 -77 -50 41 15 -71 -51 50 12 -57 45 80 94 -36 75 -73 29 -13 5 -53 -86 -69 -4 -50 23 33 -49 -33 -82 -50 -45 -68 -98 -53 89 69 -92 54 -96 29 -21 -14 -14 12 17 65 -48 16 
-75 48 -52 -3 -36 -71 50 84 -97 76 -45 -29 20 -49 23 -94 -57 -57 42 71 70 1 80 -6 97 38 27 -23 -50 52 -40 -59 -32 -60 -84 33 17 -59 -61 56 70 24 -28 87 43 41 -79 15 -69 -50 -48 -7 -55 -76 78 46 17 17 4 23 -87 65 3 -38 -56 -14 71 -14 42 83 -86 12 7 50 -26 -33 100 -63 45 59 61 -58 -12 24 85 -77 -5 -71 -17 -72 44 -56 -68 -63 -36 50 -43 -72 26 5 39 -57 96 -96 -88 -96 92 -73 52 -83 -47 -68 -31 94 
-50 98 -67 32 -35 90 -97 -54 34 -12 -50 -91 28 -21 -28 10 72 -43 42 22 5 -40 17 -29 -67 -4 -76 11 -3 -62 66 -33 -4 -2 30 -84 4 57 48 -94 73 62 -60 5 -10 -20 24 73 88 8 52 -49 23 99 -7 -32 -74 52 -16 29 5 -89 97 38 -86 -90 -100 79 60 7 -51 60 -66 -1 72 -86 -7 90 -42 64 -92 87 66 -73 -3 -72 -69 99 44 -89 47 -51 99 -23 -51 -62 27 73 63 -81 -80 -49 -64 -10 -59 30 -10 49 10 17 36 75 -13 37 
-63 68 -20 -2 -92 44 -39 -51 -11 -47 68 67 -73 -10 83 21 -86 100 -42 99 69 -75 -23 -49 52 48 46 -30 67 -28 -37 64 -68 -21 -78 18 -26 57 93 70 -50 9 86 64 35 -47 -14 -8 -6 70 47 100 55 32 91 -35 60 -87 85 -22 59 21 -28 -52 -85 8 39 -12 -27 1 6 13 83 -48 -27 10 -28 15 -33 17 72 -59 -40 -39 -36 -54 -58 51 20 36 65 88 55 0 -40 -83 -64 -62 -25 5 41 -9 27 -89 -60 79 3 -3 83 -2 30 -83 59 -68 
48 48 -16 -17 52 -84 -59 -92 -59 -48 -78 -100 -52 35 88 38 10 8 39 71 11 -69 -27 -24 -36 10 -21 5 -53 46 -45 -52 -15 -57 -37 -61 -78 82 -98 30 -26 -60 -18 -70 -8 -60 -28 92 -94 -27 5 99 -44 10 -99 -43 54 -39 55 81 -66 33 -94 -56 -46 -90 50 20 33 -14 -83 -66 66 -55 -50 37 42 -85 86 -73 33 -15 -58 74 95 -64 48 100 -18 -76 -72 -36 68 -27 -95 69 53 -42 23 64 44 -16 21 -68 -88 61 -38 98 -42 92 65 -48 -50 -92 
-65 -87 60 25 -92 29 -37 60 87 62 -72 20 -50 -70 -27 -51 -92 37 24 15 -8 12 61 -100 6 -75 -33 -12 -58 -44 -81 91 46 71 39 -25 20 55 -93 -10 39 53 99 -33 49 -84 -79 -79 -2 75 -2 -47 59 46 74 42 -56 89 72 47 -80 37 5 57 -68 8 -42 -69 -35 -89 8 12 -67 -34 -71 -7 28 17 2 53 -55 -100 -95 -12 -16 -18 -41 -35 94 97 11 -62 -89 -6 74 100 -42 -88 40 31 38 -14 -79 23 -12 98 60 -12 40 -47 -58 85 69 81 
88 -62 -65 -81 2 61 -56 53 70 21 32 39 -76 46 68 -43 53 46 -64 14 -98 -36 -30 -61 58 97 27 72 -75 -61 -68 65 -20 39 -14 -80 -43 34 81 -75 32 -82 70 82 -36 -26 -95 -88 77 -35 13 -91 25 -11 -100 8 -39 -8 73 28 -74 -54 80 -37 86 65 46 -80 5 78 -51 26 94 51 55 -76 -25 14 -55 9 70 77 -90 -95 -96 -44 5 29 49 -85 74 -53 -50 66 52 100 -95 28 -67 58 -45 96 75 -83 -86 -14 -43 38 12 44 -78 82 40 75 
-49 42 21 -20 89 17 100 -2 44 25 71 -34 -52 -35 49 -88 64 -38 76 90 -27 -82 79 -11 34 -9 56 -88 -32 30 -27 -69 -39 -51 -75 15 -43 23 -63 98 33 93 -76 -48 -68 -67 -2 -21 -61 -38 -89 -52 -83 48 46 51 53 68 -11 67 -50 -37 -78 46 -48 39 -90 2 -38 -82 19 18 88 35 -99 -4 78 87 6 -39 -98 -54 31 2 -63 10 59 -92 -89 82 -20 -44 -80 48 -63 89 31 94 -42 92 97 -50 -2 -10 19 -30 -48 18 48 2 -2 -72 38 45 
-37 -78 39 -31 -5 45 -4 85 -15 -15 54 -51 -77 93 72 -51 -48 31 -47 82 -10 -57 -33 -71 77 -78 -15 45 -99 95 94 18 -90 4 -52 -84 -75 -72 -25 69 18 47 12 72 -21 82 -81 37 70 78 -53 0 55 -67 71 96 -15 -71 -29 22 -59 -64 -7 63 -47 -80 -23 77 61 91 82 -96 -21 -43 90 -5 17 -9 46 21 -68 -72 -6 -82 92 -43 81 -98 100 68 -5 97 -49 16 -76 -72 -68 -80 59 -41 -39 39 -13 94 55 -91 86 -89 62 -59 -58 89 -53 24 
50 -9 -56 28 38 -69 -36 -41 3 63 -47 -41 -33 97 23 63 59 -59 -18 -3 59 -12 -72 45 5 -48 81 -16 -80 -15 47 19 -35 -82 -35 93 -68 74 -49 14 95 -27 63 35 -7 -79 77 13 67 -97 30 -51 -36 -21 59 -18 38 -81 50 62 92 59 70 77 -59 20 51 0 -15 -56 81 -85 -45 40 -55 -8 -43 -65 -31 54 -60 -3 58 -97 0 -43 -81 -36 28 -90 -64 43 57 -9 47 31 57 96 -27 67 61 -99 79 26 94 -22 -34 -98 66 18 11 99 -1 -93 
23 -2 -22 -10 -89 -26 49 90 -16 -38 25 -51 -76 -78 -58 -95 96 -59 -1 80 -100 21 98 -78 -21 -90 -68 25 9 -92 -37 -97 79 -53 28 19 -70 52 88 -43 -46 -54 -9 -41 -54 0 34 41 -77 70 33 65 -2 98 9 -6 -88 25 -92 77 47 33 42 -17 81 -34 62 -78 56 42 77 69 69 -19 -53 -88 -91 -50 -38 -93 96 55 -33 -6 -5 -35 17 -60 -4 -62 3 -76 12 -65 72 56 -21 38 54 -47 -46 -10 -15 45 69 -76 -100 42 -4 86 76 2 -91 -30 
-98 -54 -88 -95 -44 11 -70 75 -74 6 47 -47 -56 71 -81 14 31 39 97 17 14 37 -85 13 22 -79 73 -31 -42 3 -67 -34 64 -48 44 16 -9 22 52 19 -71 88 92 -11 96 -78 40 -54 -68 59 41 95 37 -25 -39 -46 52 52 -89 -5 18 -93 -43 -69 -75 -5 -12 -75 -54 -46 -61 75 60 -4 -100 -65 -24 -78 -32 -29 72 -20 26 52 10 89 -42 72 -62 52 -15 -1 -79 -25 31 97 -3 -64 86 -60 -77 30 18 53 -88 89 -42 -17 40 81 -86 -95 -73 22 
-8 71 -31 -9 47 30 -64 -50 24 31 -90 -80 -14 40 44 33 98 -87 63 37 94 -10 53 -41 60 -89 -94 57 -78 52 -17 -70 0 28 100 -60 73 -38 35 28 12 61 57 -84 -1 44 78 -32 51 -57 -7 -83 99 47 -16 -20 -59 15 -7 27 -91 -29 92 -67 80 -79 38 81 -67 -15 -60 -48 84 -12 -7 91 -63 -5 -22 -64 -79 -53 80 -84 65 36 -20 -13 -65 -47 -18 13 -88 13 -10 -100 -16 30 -51 88 -38 60 98 27 -93 -10 -7 90 93 -63 87 89 37 -85 
7 -9 52 26 -81 -5 65 -100 93 90 -18 54 50 -16 67 79 96 -47 -66 -62 -37 -20 -18 -78 -78 -72 -93 -32 32 -23 13 -68 -40 20 8 40 83 -89 63 -39 -62 83 -74 99 63 70 -39 -78 14 33 -42 -88 63 -46 -40 -42 -58 11 -75 -58 -31 63 11 -60 -66 -9 84 -92 2 -25 91 81 55 65 0 100 -37 7 96 -60 -60 17 99 44 -94 -100 -63 -21 76 -63 -2 13 -87 74 81 -85 7 -24 -23 -20 -30 -58 22 28 -51 39 52 24 0 -7 49 49 54 -76 
