-15 -23 89 -81 -45 -27 98 -88 69 -6 19 -67 -70 -60 -32 -15 94 -74 -86 -43 -8 -71 69 14 -1 -85 -77 -66 62 -66 -81 -9 -29 -14 76 78 -61 45 90 77 -65 -85 9 81 -17 -61 30 -46 58 0 60 29 -70 -47 -99 44 95 
47 -87 -14 20 45 -21 -24 66 -16 -39 86 3 -49 17 99 -92 24 74 -45 -92 46 -78 -100 -99 -5 93 -55 -12 17 -76 62 38 -51 71 -82 -68 43 26 65 -23 -21 -73 0 67 80 -28 72 -29 -82 -6 -62 -27 -63 40 61 77 -27 
-75 62 55 -85 5 13 65 49 45 -29 77 93 -10 69 -84 -20 16 -35 -56 84 57 41 -53 72 -38 -84 -23 7 88 -72 96 37 -22 -96 93 6 -65 -69 -84 -66 64 53 27 -27 15 -83 -41 6 -69 -61 7 75 -16 -64 -89 -98 -45 
83 83 -91 -32 42 34 15 18 -88 52 -72 39 -3 -8 45 -2 50 -71 96 73 71 -19 53 -97 -59 -12 36 24 12 8 -75 -18 70 70 -54 0 -35 -74 80 -82 -58 -100 -28 41 -46 73 -60 87 -18 -29 61 61 84 98 67 -80 34 
-92 -10 70 45 57 59 -95 24 97 -42 -70 -44 88 -27 58 -60 -71 1 60 57 85 43 78 61 -40 83 17 24 35 31 81 34 6 93 -49 36 -31 -47 42 7 -18 -14 33 -74 -88 73 91 43 -80 -33 -74 27 -51 16 21 85 -8 
12 28 -9 -97 -91 -40 -94 14 69 72 80 -2 25 79 42 -12 -92 -97 87 -95 9 -90 73 -55 35 -84 -58 -82 -35 88 96 -71 -75 -3 -17 -48 56 100 -19 60 -66 -11 -68 -2 79 -28 91 32 92 -16 36 -62 -76 -70 -74 -84 -4 
59 -13 90 22 37 -71 -70 -95 -97 -75 74 69 -88 -46 62 62 64 94 27 -86 -82 74 -2 10 91 -15 -65 -14 -95 9 29 99 -35 28 17 48 58 -88 71 100 -18 37 -56 27 56 -81 32 -78 13 -12 -6 31 -4 -39 -78 87 -30 
76 95 -60 -73 56 -99 56 -72 -94 -6 -73 61 -39 -73 60 -67 12 9 60 -78 32 50 -73 27 72 -89 70 -66 25 35 -47 54 -70 80 19 -45 49 -95 78 47 -92 -12 -67 -60 -74 -94 59 -40 46 -93 53 -98 -11 70 97 -12 -77 
-58 45 11 96 -31 78 -54 1 -51 86 -25 -78 50 -67 -90 -7 91 69 -4 90 18 -96 31 -90 91 -62 -90 63 -87 -72 6 68 86 -28 -37 -62 -68 8 60 49 52 89 41 70 43 -70 -26 -94 77 -59 65 -45 20 -88 -30 91 80 
-31 29 -10 -6 88 52 -16 -69 -72 -62 -15 42 42 -21 19 19 -1 92 29 22 -24 -67 -97 -29 -34 -87 44 -16 81 85 65 -80 -23 79 -93 -36 3 -85 -5 40 65 100 -75 -30 58 83 -2 -80 63 60 26 3 59 -13 -1 32 -7 
53 31 96 -73 -49 -14 -32 -34 46 -40 68 35 55 -9 -15 -55 80 -79 -86 73 84 -78 -91 -22 -56 -5 48 -89 -89 79 86 -36 99 -62 25 33 -52 23 -71 95 85 41 -10 -57 68 35 40 -9 -16 63 -39 -89 -22 -91 39 92 86 
57 -92 -10 -37 -4 81 51 -95 72 19 -14 1 -54 -20 81 -63 61 -70 -20 -86 -98 -43 56 91 -48 -65 -51 -27 -55 65 72 96 23 78 39 -7 -74 49 -30 62 53 -13 -66 20 68 90 -94 -30 -2 -81 -14 -45 4 -50 44 56 -6 
-55 71 61 48 20 51 43 -42 26 20 -54 95 21 -78 -9 65 36 -46 -2 80 21 46 -74 -25 96 9 -14 -11 80 -78 12 42 54 53 25 29 80 -62 -47 -27 41 -20 17 29 -35 -83 18 74 -91 57 -47 5 43 -66 -95 26 -3 
-30 -100 86 18 -77 -81 -92 -100 60 99 35 -14 -93 -57 16 -47 26 -13 31 -29 -80 -49 -80 30 72 -65 -68 57 65 48 -27 51 -87 -10 -28 -13 79 67 -7 -45 62 100 -7 -72 -39 40 54 69 44 81 -40 -91 -67 18 96 31 -35 
-81 -76 95 -22 1 7 -75 -53 70 26 73 14 71 -38 14 -31 -81 -24 -28 -51 -72 50 -71 30 -58 -94 -65 -4 -27 75 58 -59 70 2 -16 -70 90 30 86 -84 -47 71 -53 58 -79 -56 -26 -56 87 79 99 -13 73 -75 -17 -49 -71 
-40 -78 75 3 91 3 -31 -62 -40 69 -49 22 -64 -37 -81 43 -15 -62 70 87 -67 15 14 35 10 -5 66 -15 27 94 -66 -10 22 -68 72 -35 16 -98 -4 31 -93 -85 -76 93 -81 -29 6 -32 67 98 -67 4 62 -1 -25 49 -1 
97 12 53 16 93 -75 96 25 -28 22 63 86 -74 40 17 -23 -33 -75 -76 14 -8 -78 -100 -40 58 64 -20 21 75 -53 -87 -34 -11 51 -82 28 76 -30 8 75 34 -50 55 73 -19 -37 93 -72 29 65 13 59 -95 -67 -95 83 6 
31 89 58 -42 -92 -63 4 7 97 20 44 2 -11 -91 -36 -29 -14 -90 -92 95 83 3 -43 -95 -5 -2 1 -9 39 26 18 31 -51 -87 -82 63 -56 -19 82 -55 69 -69 -68 78 -51 10 64 65 -78 91 -44 75 -98 -43 -48 75 -75 
50 71 -80 -25 99 63 -11 88 -56 -85 6 17 -35 -97 18 78 -82 -88 -10 -65 21 16 -37 35 -78 -69 97 86 3 8 -47 95 -27 41 -26 -94 61 -67 8 33 -76 45 -31 -2 -25 -10 -76 -72 -18 69 -65 34 -99 -81 73 99 11 
-29 62 52 -98 -65 -99 -89 83 12 52 -98 -18 28 39 -62 -10 -23 28 -64 48 -37 64 -96 30 -40 -10 97 30 -81 18 -83 35 -52 38 65 -93 -22 -69 -62 43 -15 97 -97 85 50 -93 -37 71 -9 91 -80 12 -40 -32 17 -16 16 
-19 75 -60 -70 -100 47 -22 -58 -82 36 44 77 39 5 -25 55 75 73 -2 -14 67 -45 71 43 -45 -65 -50 49 71 -19 60 -23 -57 88 -66 -86 -13 -30 -44 49 -31 32 36 -62 90 13 43 -61 14 39 97 48 -12 -26 27 22 -26 
-87 -79 11 -9 -93 -13 81 27 -98 65 97 31 93 17 -52 34 -11 -98 54 94 -85 -65 37 -5 -79 66 -91 62 4 -14 -12 42 32 -47 -56 21 -25 97 81 3 -45 -14 87 -20 -34 -57 -90 34 77 86 -27 -27 41 -4 66 60 3 
15 22 -16 -45 56 54 -19 -50 -59 -75 -85 -35 58 -75 -47 33 34 -17 30 -11 25 65 31 86 45 22 65 -56 -8 -74 -90 26 -42 -33 4 -89 -11 88 58 89 -25 -70 32 -18 -76 -94 17 43 65 -13 -7 91 -65 -49 -27 -51 100 
84 74 0 -27 -95 86 -59 -9 33 -45 67 31 28 51 -85 -32 87 84 -73 31 -29 -84 -7 79 -4 -26 -13 34 -68 58 43 -25 -29 -91 19 -66 46 -23 -69 96 -17 -53 97 -53 -99 -61 56 11 -83 -11 -86 -97 9 -97 -85 5 -40 
-91 23 58 -52 90 -81 97 9 77 12 58 -93 -86 30 -21 4 98 31 78 -90 -55 16 -68 23 79 39 16 100 64 -53 -36 16 -34 -19 51 -78 85 73 -54 -43 -14 -23 -87 -47 -53 28 52 90 63 -92 60 29 -96 -64 -16 54 52 
38 -37 81 -44 -100 -53 34 1 84 30 -86 85 -64 -41 -49 -69 84 -67 69 48 -35 -24 100 19 -71 -72 -100 -14 47 -21 17 50 4 76 -20 13 -54 -29 45 81 -44 40 -74 67 -92 -66 -70 91 76 54 0 -94 58 -80 -39 42 -61 
-57 20 85 61 7 -17 -38 36 -46 24 -95 -65 -4 74 9 39 -59 96 0 12 -62 23 29 75 -76 43 -52 -28 68 -2 -23 -85 -16 -5 20 71 -95 21 12 100 53 -52 95 83 30 -88 -84 -45 36 2 -31 -63 70 -63 30 54 -68 
-15 42 71 94 95 68 -65 80 -98 -41 74 -44 78 -28 -79 18 95 84 -14 -14 45 -83 -73 37 64 -27 -41 20 -54 -60 -89 -96 -44 29 18 -10 41 73 -62 96 -76 39 13 29 -53 -97 97 29 -45 7 -38 27 -95 -41 55 62 -67 
5 46 88 -18 -18 63 -86 34 52 100 -94 -87 39 -72 -29 20 15 -66 -37 75 84 24 -41 54 -28 69 -82 -3 -95 -64 73 -56 6 92 -49 -26 26 -70 -32 44 48 48 3 37 -34 25 51 -56 -37 -32 44 -44 52 56 -76 -25 -14 
-14 16 -7 59 -45 -97 -45 -14 31 -15 99 -61 8 4 83 -14 -57 -56 -71 -28 -67 67 -67 -94 -75 10 -25 -54 81 99 -69 -10 -59 57 -53 6 -45 18 -61 -5 43 35 70 97 -32 11 82 -21 -35 -22 -19 2 87 27 -4 40 17 
12 21 6 69 -21 77 -23 -7 45 -68 19 -66 -40 -66 -17 70 95 88 -96 -52 62 80 37 16 -48 68 98 97 92 30 86 -16 47 -88 71 97 -35 -95 61 4 -67 41 71 77 89 72 -73 -59 -21 -56 96 -25 74 -98 -63 48 -52 
-62 -58 23 59 76 99 -42 1 -59 85 -70 -18 6 -16 -27 -2 -80 1 56 -3 74 51 -45 66 -85 46 -82 25 46 -51 11 -78 2 32 -35 -56 57 94 -68 64 26 58 -93 21 42 -18 -38 -31 -90 10 21 79 -15 38 -94 65 20 
-11 38 53 -40 -35 59 12 -69 -83 52 64 -38 -21 -99 96 -19 79 6 25 -65 23 81 95 71 -61 5 13 15 66 -10 -33 -29 75 2 -48 -53 -61 -82 -15 -90 -39 71 -92 -48 -89 -70 79 -99 -69 70 39 -8 15 -46 61 -42 -64 
-81 11 -87 21 -59 -76 -12 -83 60 -84 -94 -66 -76 -33 5 -64 -9 82 -34 -41 75 -88 -39 -29 -26 -93 -83 36 -81 4 47 -37 -79 -29 16 78 48 -5 -3 31 -75 20 -13 77 14 61 -19 75 -30 21 0 -71 39 91 -27 -56 47 
-61 17 -21 40 22 -4 73 10 -100 -88 69 57 -68 -3 -34 -35 41 -58 -88 -68 89 88 -38 60 80 86 -43 38 33 19 -77 77 -38 -92 23 -8 -26 -93 -8 -48 96 -12 19 -4 89 -32 27 -90 87 99 32 -43 -70 91 32 98 -45 
42 -83 42 -11 87 88 73 0 -95 -36 98 -8 45 -27 -8 30 -5 63 97 58 -12 -9 5 51 15 -13 -72 82 -23 -99 40 -85 -25 -14 22 99 79 -36 28 -59 56 -68 51 18 20 88 -79 -31 -12 33 76 27 -6 -91 -9 -79 -89 
-19 -1 -88 45 19 35 -78 -97 77 -65 30 -74 -84 -85 -28 70 -95 -4 9 -94 6 -46 -70 -10 29 -76 32 -97 -91 -22 -21 -60 4 -61 91 83 -56 -54 -36 79 -20 64 66 -70 -52 97 -38 -63 -33 -82 19 -75 12 1 -88 -71 8 
52 -37 29 -19 -59 40 -77 30 61 60 22 -62 45 24 33 81 28 75 -98 -8 -38 -94 45 66 13 93 -11 1 -1 -12 4 -44 -17 -26 53 -43 -33 -13 -67 22 -52 26 -18 -63 70 -89 74 -27 -83 -74 83 28 87 20 75 54 -75 
42 -19 -35 -50 6 10 79 -29 -6 -55 37 18 -45 -61 -58 62 -91 41 45 -94 -22 -99 -50 -53 -59 58 78 -38 -4 6 38 -73 85 -55 9 -53 -46 57 -73 54 87 43 -100 -10 45 0 -27 90 97 -10 99 22 -98 -21 -50 -29 38 
13 -69 95 9 2 15 2 -90 -99 -86 74 -63 94 39 -19 76 20 13 -91 95 -82 88 -24 5 -19 -95 -74 -49 -83 -25 -76 -88 -25 -47 34 -68 44 -48 71 13 -72 -31 -61 -86 18 65 -14 4 -29 -80 -97 80 94 91 1 -91 39 
9 45 11 -79 7 78 -34 43 61 67 -93 3 68 -68 -51 70 55 -69 4 55 15 -81 -38 -67 41 -41 71 37 49 36 72 -74 66 4 -47 100 9 -29 -34 59 -7 -15 20 56 1 -61 62 -93 -55 -41 36 -89 -64 -10 9 26 -5 
-24 76 -17 49 43 34 75 -41 -62 13 -27 18 100 47 69 -54 -23 -22 -100 28 83 -68 10 -33 14 -14 47 56 7 1 27 -24 -63 -74 -37 -59 -42 -86 11 -73 10 -1 -33 19 -64 9 22 -50 -60 -45 -2 -25 -28 98 -55 20 68 
5 32 70 36 66 -39 -35 79 5 30 -38 72 -29 -41 15 -5 28 -9 -79 -40 99 8 66 66 77 -26 74 25 98 -29 -99 -62 22 -84 80 -95 42 83 -69 35 77 92 96 -70 65 -19 97 84 29 44 4 65 -19 38 -38 93 71 
-1 -89 -11 26 39 55 -52 -1 78 -12 -79 5 18 -61 77 99 -62 53 42 -8 -8 -17 -51 -26 77 -30 20 -43 -43 29 -62 -27 23 -73 37 77 -26 12 94 -44 94 89 -58 -90 -47 -27 -31 -67 -6 -96 57 9 -27 34 32 90 15 
21 23 14 57 9 2 -64 39 -98 -61 89 23 10 12 -96 86 -97 -50 -71 -76 80 -61 -51 -97 23 50 88 44 9 -12 -21 45 -14 -1 -79 12 18 81 -8 3 -54 59 31 73 10 -42 -8 -62 91 43 -8 -86 81 -53 21 -16 -73 
72 7 -1 -23 54 -14 -43 25 37 10 26 -60 -30 -23 -13 73 -79 -58 -64 29 25 -42 41 71 18 32 44 92 -83 64 -67 -55 -93 26 -6 65 -74 -38 -94 83 28 56 -53 -51 -71 55 27 -72 -88 56 20 32 78 -41 0 -60 -23 
31 -77 22 92 -29 86 65 -93 -7 98 65 14 85 28 -78 -59 78 38 -84 71 -97 60 62 -98 36 -54 84 84 44 38 -94 -79 -81 -53 -24 -79 87 29 -34 19 82 93 -29 93 71 13 -48 -2 61 -81 -62 68 45 -35 -69 36 -57 
11 -89 -48 99 -58 -11 -81 -17 45 -64 -62 -77 -27 -13 89 -75 -4 -12 -61 90 10 38 -62 82 -27 -45 -58 -50 79 73 -39 11 -54 -19 -82 4 65 21 -32 59 -63 -53 -27 -72 -24 -84 -27 -33 27 -38 -76 33 13 59 -18 6 -84 
-66 -83 -73 21 95 73 -42 23 -76 42 1 74 94 70 50 -66 31 -63 -14 -28 -20 -80 -92 36 -63 -77 23 -66 -7 -20 6 -28 -54 -3 85 -1 -65 -62 -44 52 -61 -55 -83 93 -89 7 77 -53 9 -86 65 53 -58 49 -68 -50 79 
38 77 -30 51 67 25 -18 62 10 35 -35 93 89 -19 -73 -63 75 -86 2 94 -15 0 40 -6 14 -36 66 6 6 -32 61 25 -56 -29 -4 -8 -53 81 -95 79 39 -81 5 -24 -1 -72 -30 -85 -10 -68 78 71 -82 75 -8 -50 -21 
-60 -4 37 -23 -72 -68 -88 43 3 -100 -20 41 66 -99 81 55 -32 32 28 32 -44 12 22 -18 -36 -12 -53 83 -24 8 -85 57 -4 -75 21 17 97 13 16 -59 -2 -48 -21 -46 20 -84 -25 43 -58 -43 58 -39 -12 79 -97 -29 20 
29 -51 -84 -38 -67 95 -22 90 81 1 -71 28 -42 73 -66 -23 11 37 -92 66 -9 5 31 3 -77 57 72 6 -35 -14 -18 -20 -79 -16 91 52 14 20 0 8 45 56 -71 -43 3 18 15 11 14 4 9 -33 23 48 -95 11 -92 
73 -67 92 63 96 -4 -68 40 93 -86 -7 66 -30 -2 -32 17 99 -1 15 -47 56 90 83 60 98 53 -67 -43 -16 -62 64 88 64 94 12 -78 -91 -67 -6 58 64 75 -52 -59 -31 -69 -77 87 -84 -28 -99 -23 89 23 97 66 -53 
89 -87 78 57 45 -98 -20 -40 13 2 74 98 15 29 -75 -67 -97 -31 -99 36 -44 -50 1 88 15 78 -91 -67 31 36 -75 84 -34 -15 71 -4 -44 62 46 7 3 -2 77 -3 0 -59 63 -46 -77 80 -16 67 58 -7 -52 37 -12 
0 60 1 57 19 -12 62 -74 72 0 87 73 85 -93 -28 -44 -92 87 -82 -50 14 80 -54 -61 -90 81 22 -19 -15 -14 -89 -49 79 83 53 49 11 89 81 47 63 98 55 75 -11 -8 -80 46 -62 47 46 -72 -70 -79 -83 41 -11 
-43 -15 -66 -70 -66 2 -97 -17 -99 -22 65 -25 99 -73 -38 -88 -87 88 -23 92 -66 -86 49 -41 39 -89 20 -15 -13 67 -49 -23 36 88 39 -37 -38 92 61 69 97 47 -65 -15 79 78 2 42 42 -68 -21 -68 -99 31 45 -83 -82 
68 -64 26 -84 7 55 16 -31 -2 2 13 43 80 -30 -4 93 -19 -2 -80 -50 15 -100 -36 -6 23 65 17 -17 45 47 -95 -39 -16 93 -56 9 22 -99 -84 -77 -18 86 -48 49 0 -34 29 -37 -43 -10 -65 75 -91 69 71 5 87 
100 -6 -100 90 -8 -43 35 35 16 -12 60 86 -56 -36 -92 -73 46 99 -84 -87 -93 -81 -13 69 66 -1 95 63 93 -70 38 -18 -82 -34 32 31 78 63 -14 21 -63 26 -80 -75 66 -38 15 -71 26 -7 1 -17 -89 21 -35 -25 23 
-91 34 17 43 -41 -90 -91 76 -24 -99 -37 -97 9 9 27 48 33 -63 45 -81 -11 -57 6 -91 -3 53 -65 15 45 -58 -38 1 40 -89 21 66 56 -64 60 18 27 50 -76 55 -19 14 -37 -50 29 63 35 -77 1 50 -86 -15 53 
78 -1 -16 41 -56 85 -14 -52 -85 70 -27 91 80 -69 -68 -68 -1 -14 -55 -97 96 47 26 -57 -73 -2 16 43 79 -52 -79 -87 27 -69 50 -31 -86 -75 -6 -81 -8 -49 78 25 69 39 -34 97 -43 50 -48 26 39 -41 -64 -80 12 
-35 -40 3 8 88 -6 98 19 -81 41 100 -35 -71 -96 -72 -68 -48 69 36 82 -10 -84 -75 76 32 61 -87 -25 -49 -1 60 65 -79 61 -16 86 84 -62 -4 34 -25 -98 -49 -22 -39 -71 80 -57 -58 -20 56 -5 -3 92 -81 -18 99 
-55 74 88 -30 2 -55 -39 24 33 -90 84 35 88 22 -55 96 49 7 28 34 -23 66 52 -96 12 36 41 66 48 -1 -74 89 -83 35 -50 -64 76 -37 -70 -22 -14 2 -68 9 -52 -1 80 76 5 76 -56 12 49 -89 100 -9 -64 
13 81 65 98 -50 -55 -59 -42 -29 -72 91 19 51 -95 56 49 -9 30 2 -39 48 7 -68 -8 -80 -98 -61 -11 -73 69 36 -52 49 3 -29 -68 -33 -7 -96 -35 -79 -93 -60 32 -62 -1 32 -82 -1 85 93 -13 -88 2 -19 36 37 
52 -18 11 -96 -51 89 16 34 17 -47 -15 -90 -56 54 -67 7 -17 -68 92 25 1 -55 -99 6 17 -63 -55 -70 -45 78 -14 -46 -28 6 82 -87 -62 -52 -29 -48 77 -36 -62 8 -44 40 -96 -60 34 12 44 40 48 -59 24 -63 67 
-48 66 -53 -63 -46 97 -72 -83 65 77 -48 74 -22 41 18 -41 91 -16 76 -42 -53 52 92 -47 72 -61 95 -74 -63 -69 -15 -6 -3 94 23 -78 76 64 -43 -11 22 95 -7 -84 16 33 16 18 -42 81 -23 -53 84 -78 85 -41 83 
76 -81 82 -91 -34 51 86 87 64 -64 12 47 42 48 97 36 50 -24 -53 -34 49 24 -66 -72 98 -39 -37 24 26 -44 17 9 -7 -13 -32 -33 83 22 -31 59 -27 69 -36 -72 55 96 -6 77 62 9 72 -15 11 81 -1 -34 75 
-71 69 -13 -70 49 -55 -39 29 74 -87 -10 -70 68 15 -78 -73 -49 -13 5 83 17 60 -41 83 58 -2 -49 66 -65 -52 97 -42 32 60 -72 99 9 76 33 58 7 -92 55 87 23 57 -46 30 -65 -84 -28 -48 -99 -3 -49 71 -57 
4 31 41 2 -81 33 -49 -98 28 1 82 -79 -50 29 -39 99 69 -28 53 -10 47 -72 95 25 26 18 -3 -41 81 5 94 35 -10 -32 -6 35 -84 -15 -2 64 9 -18 -42 -96 23 14 26 -29 -23 -36 100 25 -72 54 -42 -20 13 
-81 -26 38 22 -37 90 44 73 83 -93 -40 -56 100 26 19 81 -18 -18 -17 -52 65 -88 7 -12 -93 74 46 -53 34 -86 -9 -35 43 -1 -58 83 -19 48 -88 5 36 16 -61 -98 -71 77 -25 -58 59 -36 30 23 -9 -84 57 -79 64 
7 25 -22 30 -62 65 -38 -44 -60 -82 -40 -18 -98 13 -6 4 -100 76 -2 73 -59 -57 -4 -89 -23 -24 -85 -39 41 8 -92 -32 -10 -51 -13 14 43 86 50 38 28 -15 -93 74 47 -18 -4 -75 -51 -45 69 -90 83 20 -83 89 87 
-53 50 87 16 17 86 -35 -62 -31 -41 13 79 41 -52 -91 -29 94 -8 50 8 65 -99 -6 -13 91 73 0 67 -96 -80 22 49 23 -75 -79 -22 54 -60 -47 31 67 -29 91 -1 63 -63 -95 96 22 84 -98 90 5 -97 89 -23 88 
-9 71 33 -61 55 -30 54 5 93 -28 42 55 99 15 42 6 -32 -73 -18 -7 -22 72 85 -97 70 -82 31 -15 -40 -58 37 -84 -52 -76 12 -15 -86 -8 -82 -75 -90 -40 -57 93 20 -82 91 -93 91 -12 -28 -36 -46 50 44 -63 69 
40 34 12 27 97 -70 15 37 -11 -55 -22 70 36 -27 -95 17 -93 11 5 -18 49 -18 -96 55 31 -88 46 -96 39 -83 34 -94 52 97 61 -2 -48 19 36 73 31 -52 -36 2 49 -33 8 -21 -83 70 -14 70 -40 -76 -81 33 60 
10 14 -77 98 -76 -50 -3 -8 30 -93 62 45 -57 31 50 15 71 67 80 100 100 38 50 -18 -80 40 -89 11 -17 80 38 -33 35 -65 55 15 -97 -56 86 -67 67 -28 7 27 -91 77 14 -27 54 -16 -26 -15 -78 38 -42 85 -6 
95 -84 66 9 47 -45 70 55 -31 51 81 77 -20 44 39 -38 -54 -94 68 12 -61 -95 24 -14 -38 67 93 29 -73 -88 75 -55 79 52 86 54 -14 -16 -67 -43 40 25 -28 16 -49 -70 42 -64 92 96 13 56 86 11 -99 7 14 
60 41 -100 48 32 96 -40 15 84 78 63 -47 21 -9 -52 77 23 -66 -68 54 -51 93 55 -88 73 65 -83 72 -24 -71 -49 99 -94 -66 -52 40 82 76 -100 62 96 -60 7 -31 54 -94 95 -26 -15 -68 -30 -74 -70 89 -100 -48 -94 
-88 -93 34 47 -90 -97 47 -36 94 62 -21 5 29 -21 89 82 16 82 -42 -2 18 46 -90 22 -2 22 -59 4 14 39 18 58 95 16 -91 -97 58 80 -43 -42 99 -51 -48 -52 -81 55 38 -86 35 55 82 -52 39 40 50 94 98 
94 12 94 15 -78 -77 5 -97 65 11 -68 93 -20 37 64 -89 86 30 78 25 63 -79 -75 -81 32 31 -33 85 -4 -52 -6 -59 49 49 -95 41 -18 12 40 -76 -61 22 -10 -65 66 48 63 -96 -46 39 -51 -21 -31 -38 -21 -17 10 
63 37 8 97 -60 86 13 50 -61 43 -94 -28 -100 -83 -28 81 53 1 -92 54 16 9 -25 -2 -77 72 6 -95 61 -100 38 12 -99 52 -95 36 32 -56 -5 76 70 -89 -15 34 -49 -28 -50 3 -82 -49 -60 36 -7 -85 -88 -44 64 
9 -22 -12 -38 -11 41 -48 -22 -72 86 -20 19 7 -81 -13 20 95 -86 77 10 -59 -36 -73 -30 -85 21 21 66 5 -99 -31 -72 -15 -27 96 -7 2 -45 77 35 -3 65 37 -26 -22 97 22 55 25 84 26 -17 51 -84 -16 -41 -71 
-84 49 -11 -64 33 67 -11 -13 -43 -47 -93 10 47 -48 -27 -33 65 77 99 78 87 -63 -63 82 92 -71 21 14 -10 -67 -58 41 -13 21 2 87 -60 -29 -93 -1 7 20 96 31 -46 -86 -38 -78 87 -24 -60 68 -4 76 -10 -27 71 
43 95 -12 -83 -92 31 67 0 -83 71 13 -46 35 -53 52 -88 -79 -100 32 79 -32 40 -12 50 -89 -60 -46 53 -15 -32 52 46 16 -74 -55 98 21 74 -28 65 13 22 -81 27 -4 10 -51 -23 48 56 56 60 100 80 -19 48 65 
-67 -25 27 -88 -58 -88 54 -46 -32 3 91 -4 -66 52 2 92 90 -47 75 -32 26 4 -63 -54 24 81 -29 92 94 82 65 38 -74 63 -81 -53 46 -27 -53 47 81 -38 -42 -36 -38 88 -67 9 -85 7 -53 -59 -8 10 -72 19 4 
-66 39 -51 -42 85 69 35 44 -61 92 -12 -37 90 -92 3 6 -82 -13 -19 -12 -87 15 0 -96 100 3 75 56 -34 32 26 -99 -48 -53 20 67 26 14 35 -12 -9 -79 14 52 -48 -47 12 2 16 -40 9 -17 99 79 32 -12 -38 
22 0 41 91 -89 -59 5 97 7 -7 -35 38 62 0 18 -26 -99 -21 -98 18 -15 -87 -89 -20 1 78 -16 39 75 -92 -10 56 -82 13 -24 39 -24 -40 27 3 13 78 59 78 16 14 52 47 53 -96 -33 -83 98 86 41 99 22 
-49 30 75 29 -29 -1 42 45 75 66 100 -9 64 62 -52 63 63 50 39 35 -37 79 -18 91 -1 -57 -40 -26 -95 -15 76 54 -25 70 52 -16 40 99 80 -8 6 -95 -86 60 -24 -55 50 15 -40 -47 -72 41 44 49 -81 53 30 
-25 -43 -15 -93 3 82 11 84 -76 76 -31 -38 2 -62 -13 92 98 -91 58 44 89 -26 65 81 39 -14 20 4 -32 28 80 18 -7 -13 37 81 -13 -20 -98 82 31 -3 -98 1 41 -21 77 18 -33 57 33 -49 -93 -61 3 -13 -52 
67 -35 -18 -19 69 -92 30 93 -65 -92 12 -58 54 27 96 -18 -4 10 24 -88 97 -32 35 6 98 58 -54 -64 17 -61 -73 47 -42 57 62 -3 -27 15 51 -63 -69 51 10 -96 -100 55 39 47 -54 45 85 30 36 -48 93 93 91 
-43 -31 79 30 67 -37 95 67 -60 -22 58 60 71 -95 -97 51 18 -69 -87 82 -47 50 -55 74 64 -92 -72 -25 31 -55 24 -14 -71 -13 -9 -93 -62 -94 -51 -6 -11 44 6 -73 56 -47 -93 67 62 39 -64 -58 -55 47 -53 58 48 
-31 -68 -75 -65 52 27 -45 -13 73 -87 27 30 12 49 22 18 26 -64 77 78 83 8 -26 59 -94 -14 -21 -89 -45 -72 60 -5 -35 15 40 -13 23 38 -41 7 -98 -75 -85 -33 32 15 -6 76 -60 97 63 42 85 10 48 53 9 
42 35 -25 -49 94 8 95 -59 35 10 -93 16 49 -29 -8 37 -55 42 -1 14 -7 -46 93 -56 31 83 -6 -29 31 91 -27 61 72 -62 -66 18 -29 3 76 -88 53 -48 -81 -4 38 -19 87 76 -33 10 -80 74 -94 -69 -90 3 -35 
-18 54 77 -28 -96 -24 84 97 -30 70 -10 12 79 -1 -23 27 -9 -4 73 -98 -36 61 -51 -68 -97 -7 -44 -42 81 7 4 84 -95 66 49 -50 -95 -42 -17 15 -74 2 -60 -89 92 54 83 -3 -69 -1 10 35 79 -100 75 -16 -73 
30 67 37 24 -39 37 56 61 53 76 -8 -40 93 -57 16 -47 86 62 46 -44 -39 36 -63 -26 -77 -30 -53 -87 8 9 21 -57 14 -50 -81 93 -35 30 46 80 30 -98 30 -37 -9 34 -1 88 37 -57 65 -37 84 15 3 -24 -83 
18 38 90 -40 57 -79 15 82 34 -9 22 -83 0 -76 -56 -29 -16 -89 0 -19 -61 -12 -37 -51 -8 -84 -52 -71 -33 -56 -55 20 67 -89 -3 91 33 -28 34 -53 13 47 -1 -84 59 71 2 -8 -21 -32 -21 68 -1 3 -80 62 -3 
-34 29 75 22 -38 -56 -26 36 38 77 -94 -72 63 19 36 -34 65 -44 44 -23 65 -93 -76 -75 -10 -84 54 64 -82 85 90 -70 -49 -90 25 -19 87 13 48 -55 -87 -89 97 -73 -56 39 -36 -100 -30 78 38 13 25 -54 68 58 -38 
84 -2 -83 -14 -99 -26 62 32 99 45 -32 -6 5 -13 -30 -36 -8 73 29 45 -46 70 76 8 -4 60 100 94 84 78 -35 -96 55 35 -26 43 90 44 91 -28 -16 -71 76 45 56 31 39 49 0 -10 -29 98 -12 94 -34 -89 -1 
-51 34 -96 51 -70 27 -72 -24 72 -31 -72 -62 82 -53 24 -67 90 -48 -88 -6 52 92 -50 -33 16 64 39 -81 19 -3 85 -21 -28 -8 -94 -1 -21 48 -6 25 -92 45 -5 93 -29 69 -61 99 -14 -12 85 -5 -91 -29 80 43 -82 
-39 52 -2 50 21 -78 49 69 -19 20 -98 -22 74 -12 -55 -71 -29 26 19 42 -70 -18 -54 -33 8 -51 33 81 86 56 55 -96 59 -6 86 -99 65 -3 -60 73 25 -59 -80 -43 -6 40 -72 -32 12 41 63 85 15 21 86 -35 -56 
8 -36 -50 -98 100 10 -69 72 12 18 -70 -33 -63 75 -52 -12 -61 -48 -92 -59 -29 54 49 -64 64 -14 79 -17 -79 -70 -60 22 -19 16 -65 -42 59 -56 -32 79 44 44 81 45 69 65 96 -71 48 19 -25 -39 -17 95 -60 -49 28 
-1 87 -26 -84 -94 -65 -68 -26 4 65 2 96 25 20 -79 -93 84 65 86 -7 -61 14 92 95 24 57 -5 -80 -75 -53 -96 -10 -32 3 69 -67 -12 -18 6 91 -95 -62 -94 6 31 17 -2 76 -35 -40 -69 91 48 -5 77 83 -6 
-45 -82 77 -15 60 50 40 20 -74 -21 93 88 -94 -67 71 -88 100 16 -8 99 -93 -37 -11 83 -57 -64 2 39 -32 -92 55 -100 50 52 -28 6 90 75 -93 24 -59 98 -90 -78 -51 -17 -37 -61 36 -49 29 98 15 41 -94 23 -66 
-94 85 18 -74 19 -40 10 7 78 34 -53 -86 -98 72 63 13 71 -16 -72 -24 -85 17 11 -65 -90 -15 -37 -92 -27 -10 -69 -62 78 -1 31 56 89 -96 66 -83 71 -13 83 -37 -99 22 -3 92 -6 -27 4 -40 43 -80 4 81 -22 
-79 -36 23 -12 -20 29 -8 61 71 -77 -57 -56 61 95 75 96 0 49 2 -83 11 -51 42 -83 -40 9 47 40 6 21 -56 -28 -42 30 -97 13 55 -27 -45 -10 -64 -72 -57 73 -57 57 -29 60 50 -41 -33 63 14 42 23 -71 16 
-68 -58 100 99 -34 -80 53 24 -50 -53 90 -26 -21 -46 29 -95 -19 12 -61 -39 54 96 86 -70 -40 -4 -18 85 -93 -10 3 92 71 45 -19 30 4 14 72 -98 2 -32 -51 72 -27 33 -26 11 -96 12 -86 85 38 92 -59 84 -91 
-94 27 -39 98 -45 13 -37 -26 37 70 -49 -79 7 -67 -70 -60 57 87 -86 65 99 -67 78 -16 29 -31 -76 -61 -31 36 -69 54 76 -4 -31 63 15 27 48 4 69 -41 57 -85 -14 90 93 8 71 -63 74 -57 68 -9 30 56 8 
-34 38 27 -71 79 -81 74 -91 -6 30 -12 -63 -99 -12 57 18 -90 -44 48 -44 6 -48 23 10 -41 -94 -2 19 -55 -34 82 58 -77 -54 -5 -62 99 19 22 -79 58 61 -59 -30 17 -58 -100 -21 31 -33 -34 -48 -94 -7 33 82 67 
1 -85 -11 -61 -36 90 -37 -74 -22 89 70 -25 87 36 47 -58 -71 -20 49 -89 -3 28 -73 -81 -58 35 88 33 -8 37 -56 72 32 43 82 -92 -34 59 -72 -39 -80 -4 -62 38 83 46 -33 -22 8 -73 -64 53 45 -83 20 -1 19 
-49 -87 -50 -44 -70 -58 -30 78 35 60 -73 41 -92 -30 -54 0 -61 -91 -80 -45 49 70 91 75 -53 6 8 69 71 66 99 18 -91 -95 4 86 -23 -74 91 51 14 5 -32 70 38 94 84 17 -30 0 -63 -82 36 -81 41 12 95 
8 -46 7 51 39 81 -48 -6 -93 17 0 -14 -99 91 42 -86 -28 -38 -84 -31 -77 -42 -81 -80 48 -88 -44 81 11 -79 -36 58 -67 41 -36 -55 -99 76 -21 -13 -39 9 1 -26 72 -40 20 40 -57 21 66 40 -95 -90 -82 64 75 
79 19 -68 38 86 -70 -12 -100 -19 -47 82 -21 93 27 -8 41 -11 87 91 -42 72 -99 52 80 8 -49 50 77 54 98 -29 -20 85 46 21 -6 19 -79 -37 51 5 -7 -76 40 100 9 78 -81 -28 -44 -31 -84 43 77 -71 -64 75 
-2 57 98 -82 20 85 13 -80 28 -84 -20 -99 -47 -67 -89 42 -24 19 -23 -64 -41 -64 -9 -21 21 -61 -29 -4 46 -96 15 45 -46 29 -45 -64 -81 -22 -77 49 98 100 -93 15 -51 -38 67 -93 98 11 -47 -18 -91 -92 32 97 -4 
20 -41 72 79 -36 -75 -35 -12 38 -68 -99 97 -4 10 54 61 87 1 30 -16 95 51 -76 -97 22 30 65 81 -65 -90 -20 57 27 31 48 -84 -62 44 51 79 -25 38 -73 43 -26 32 -1 -99 -32 -57 -49 38 -84 -9 -52 48 0 
27 -81 -20 -42 36 -33 26 -47 -86 -39 -90 -7 -25 -3 18 -61 64 -22 -76 84 67 56 -68 46 -24 -66 -65 99 -18 28 72 -30 12 96 0 -92 -41 -22 -83 -32 93 -68 97 -78 64 91 -51 57 -4 92 -2 14 93 80 -81 -59 -57 
-42 -51 -19 4 15 -58 -34 66 61 -28 99 -43 -22 -81 40 28 -9 4 90 -40 34 30 -19 7 29 -26 78 7 17 98 -1 -68 80 -9 30 23 -86 -39 57 27 -4 -66 38 -18 30 81 -76 70 -91 -91 56 79 69 80 -93 -3 -30 
