31 99 -19 27 88 -43 -55 -3 -8 -71 -73 47 51 1 -97 -23 -1 71 -68 -27 -16 -31 47 -21 76 13 -14 -7 -36 24 -30 100 -76 14 53 29 74 -85 -58 -12 19 53 -40 -33 -95 
-65 -29 -96 53 5 67 24 -89 37 -79 62 -92 -40 68 58 75 -82 42 -56 -36 -32 -13 64 93 -20 8 -87 66 14 -5 -44 -50 28 -49 -85 -8 -86 -50 12 31 -48 16 2 97 76 
-31 6 -53 37 -18 43 -71 -19 -43 -89 -76 100 94 5 -53 -92 43 -95 31 65 64 -56 -97 -26 -81 22 -14 38 22 -85 -29 -58 90 23 37 36 7 4 94 71 15 -26 5 75 5 
24 -88 61 100 40 90 32 16 -37 -61 -59 -56 -23 -74 -43 60 -35 -46 -69 -83 26 -51 -79 -93 86 6 -55 -73 -91 -99 -75 11 -17 45 17 75 61 -32 67 -21 73 16 -24 16 -33 
-23 37 25 -84 28 -30 29 55 88 90 -63 -27 43 -29 -68 -91 75 87 -37 -44 76 -17 48 43 -11 -50 -94 27 -47 66 67 98 -72 -1 -35 47 -32 -94 17 83 -18 -75 -3 -37 -34 
-100 2 13 8 68 64 77 -68 82 96 66 71 69 30 -74 32 -39 -52 -88 44 -97 16 -90 -19 -49 -91 -23 -8 28 -79 65 1 76 83 17 -13 -55 42 -15 -69 -68 38 59 -17 -92 
5 89 -71 -89 15 47 -73 -52 -40 53 53 -82 11 77 34 91 -37 -99 -25 -55 36 59 -66 65 39 65 -80 -43 54 70 -15 -77 26 -64 -74 61 8 -38 -33 78 -50 40 -6 43 46 
-85 -82 8 -23 85 67 -39 10 -85 -7 30 45 17 -37 -84 28 0 98 89 -100 65 -49 -51 -59 44 -64 54 12 81 -40 47 -91 -31 80 32 54 42 25 26 -90 -42 -78 -53 91 93 
13 11 55 66 16 26 38 81 37 -76 42 40 -31 89 95 -86 -43 30 -14 -4 -91 71 55 63 48 30 100 84 43 -43 -99 44 -53 -29 -76 74 50 63 42 68 -37 -49 -64 -33 45 
-24 -42 -3 -23 11 -86 -5 83 -81 93 -58 20 90 49 96 85 -75 -52 -61 -78 59 -74 -27 7 12 -70 65 -31 -63 55 -97 98 2 -29 97 -29 0 70 -87 -18 90 15 -93 77 20 
20 -87 -10 -82 -91 57 -49 -95 73 23 -45 40 -4 88 98 -95 66 93 84 88 -21 88 94 60 54 -25 75 29 -15 29 -33 9 99 -14 30 -11 -61 -72 -50 64 -53 -65 77 4 4 
50 6 -65 -63 -10 77 22 -68 -45 -56 -99 -60 0 80 74 -90 70 -59 30 48 73 53 94 38 -27 47 99 18 30 49 24 -26 33 69 -56 -23 78 10 -23 99 5 -25 79 -16 50 
90 -45 80 19 -58 -95 28 94 -86 73 78 -79 -72 88 84 -74 71 78 53 4 -66 43 -4 -43 -87 57 -75 -78 -3 100 -70 17 -61 -18 -69 66 -78 -94 31 33 -12 -37 42 82 80 
63 -75 83 17 32 20 -16 -18 82 -40 -80 -61 -21 38 93 3 5 48 27 -35 81 97 2 10 51 -22 18 97 -75 -43 6 75 62 -6 79 80 -11 33 -87 82 68 -97 47 -76 -53 
38 21 86 -50 1 3 -25 -93 -36 69 -51 -6 -65 55 -16 96 -4 -13 7 -30 -40 -50 -4 80 -43 -89 -1 22 -66 26 -94 -98 -62 12 78 59 50 -69 -49 -32 70 85 53 15 -13 
-15 56 57 17 9 62 24 -9 60 -37 -36 -12 -50 -36 61 -44 -90 -84 -91 -53 0 -18 -66 -5 -63 18 -32 -87 -92 -37 45 -11 47 -93 -12 83 31 -56 -3 -11 -75 31 30 -49 -47 
-79 19 30 -14 79 -69 -59 -63 -71 -17 42 -24 38 7 -4 -55 -73 -10 -83 -90 23 81 -40 68 91 10 -32 78 42 52 49 -85 -47 -62 97 90 -65 -66 -16 35 -81 7 10 -35 -27 
63 -14 82 95 -52 0 -28 66 -74 48 -87 -20 66 33 -70 -57 45 -64 -46 83 7 48 -78 34 33 -66 -40 97 -51 21 97 -15 72 -46 -91 -36 -30 51 -86 -72 31 91 59 -62 60 
-8 33 48 84 37 -73 46 -38 100 -79 -72 60 7 -61 52 61 23 -15 37 38 -11 34 -93 63 -22 -71 -13 -52 17 91 44 -34 -62 -73 -84 -40 -50 77 3 -9 -28 87 54 32 -42 
-91 -86 -26 93 -58 83 -50 30 25 -4 -59 47 58 57 -65 -38 1 -38 -8 1 -56 -10 59 82 42 -94 94 68 -4 -36 -58 -59 -14 -78 -57 84 -4 -25 -31 84 -9 49 69 -78 91 
54 84 23 72 -3 -75 -36 50 -9 70 33 9 63 99 -99 -64 -71 -56 76 -24 69 -4 43 -20 50 78 -46 60 88 44 60 87 -36 60 -12 -89 -87 -18 70 83 -70 26 -50 16 -40 
44 91 -22 -33 -95 -67 -50 -55 -3 -27 -84 -29 -100 -40 -83 14 80 -76 53 7 90 -49 33 -73 -47 74 94 75 -32 91 100 79 46 -64 56 71 -28 -97 -85 3 74 74 20 -83 -14 
62 -88 -64 33 19 -9 -35 -54 -89 -77 -32 -41 -11 18 76 89 95 99 -86 51 20 -55 69 37 -41 -98 -46 7 -34 -98 -25 -45 24 -78 28 -33 29 -47 57 16 -60 0 61 40 92 
-84 11 60 -78 47 99 -85 -13 -97 41 -81 -91 -6 -99 -18 -97 -61 14 16 -51 25 -21 -82 -73 22 -77 -12 -54 74 73 13 1 -71 -21 23 4 26 -26 -36 51 -11 -88 -42 5 -27 
-94 7 -85 40 27 98 87 91 32 -52 58 -58 -42 -33 1 -67 -14 68 79 59 -35 -68 50 -47 -40 -6 -18 -35 99 57 71 12 -22 86 -70 81 59 40 9 -80 63 0 14 30 58 
-100 -31 48 91 -35 -96 23 4 -52 -28 -17 86 89 -81 20 82 51 -48 78 7 11 92 42 -67 -34 -22 -84 -61 35 -99 29 -99 38 -6 83 39 -10 14 -81 -32 35 -28 42 6 81 
7 22 46 14 -64 33 -29 65 99 -94 80 -1 -86 42 83 78 53 -97 16 5 -65 -62 30 51 68 -77 -99 69 -67 27 -14 -9 15 -54 30 -50 80 -49 -16 -11 -63 13 -40 -34 -34 
-91 0 -57 -35 25 -39 56 -78 1 -99 73 -15 45 -75 81 -21 36 -83 97 85 29 49 71 -33 77 14 -42 -8 70 36 0 -76 -84 -76 19 -3 -65 2 88 -3 -34 -89 61 -47 -86 
99 79 100 17 -91 29 49 55 81 -1 79 100 -5 75 -62 24 -58 -26 -8 6 77 -75 36 -34 -93 -60 -16 -76 -37 38 53 34 89 -2 22 -54 -94 15 -14 58 -33 -80 29 -25 10 
18 -72 44 -48 82 50 21 -73 -10 -27 -16 24 -46 91 65 -78 -95 -89 -49 54 75 69 -29 73 -20 42 -85 -12 -92 -24 10 -78 -32 0 -1 -54 -95 -82 92 -61 99 54 -67 -64 67 
91 6 -9 -65 -30 54 -61 -95 1 34 -79 3 93 -47 93 -9 -3 41 -81 -24 -76 14 -80 -18 -72 63 -46 -51 -68 63 99 -39 86 26 -90 29 80 83 -79 80 -5 -33 51 -64 70 
-61 58 95 27 77 55 -87 40 64 -48 -54 82 96 -37 49 51 95 53 56 97 -23 71 62 -40 -83 -68 -6 66 -84 -82 72 -24 46 -48 -69 -72 -57 62 71 -36 -10 8 80 16 77 
74 -97 25 32 21 -50 94 6 58 42 45 84 74 -11 15 -77 -65 -80 -79 50 32 62 61 35 -90 -18 46 -37 -1 91 19 -14 -100 97 -47 56 -24 -41 -10 3 -100 -95 -79 -25 -42 
-26 -72 -46 40 94 -62 -12 -71 54 92 10 -69 -55 -9 -82 -64 41 91 -19 -39 -77 -69 9 48 1 41 53 -94 -78 -25 -46 -4 17 96 -23 43 -51 76 71 39 -89 98 62 -11 -77 
-61 31 -13 -96 -48 -64 0 -39 -58 76 -51 -76 96 69 53 -4 -25 -34 10 -71 -65 -62 -93 30 17 -10 37 2 -86 24 -29 95 3 -83 16 81 66 99 -45 -70 1 38 40 44 -95 
83 55 -83 55 -71 -11 -38 87 -64 -59 -77 30 -22 50 56 -25 -59 -75 -77 10 -21 96 35 32 -50 -93 59 -72 39 -35 -93 -58 62 -50 65 -6 -63 -79 95 -94 -4 82 69 -55 -21 
61 -86 -58 -4 -38 -13 -87 -31 92 -62 -84 37 29 -67 68 -31 -79 31 -37 -69 -93 62 89 46 -23 -13 -11 -10 -63 -79 -47 -45 -45 -52 -15 83 -90 26 1 0 66 94 96 52 -41 
46 43 -98 8 -93 -56 79 -2 -27 -70 -85 -42 31 -67 -44 -74 -21 91 65 66 68 50 45 28 -58 -75 78 59 -40 74 -17 77 -61 -42 62 98 83 51 10 -6 67 -85 35 96 5 
89 -74 74 59 42 -80 -53 -30 -26 61 -75 -76 74 26 41 54 91 -70 -47 35 -17 39 100 -39 39 39 -67 5 -35 6 -22 30 -57 31 44 -70 -16 -82 -43 16 86 -11 95 23 -31 
-14 87 -46 76 -87 -43 70 33 -16 -64 -71 -65 -22 -100 -89 33 62 70 -66 46 75 96 62 -8 59 -34 91 10 66 -63 53 -35 -43 -26 45 -92 64 -72 -86 81 5 14 50 -55 -87 
-64 -39 64 -11 4 -86 19 0 -85 13 -17 18 -35 -44 5 -97 -83 -10 1 -41 -97 -56 -72 58 58 -8 -77 89 12 79 51 77 -91 99 -9 39 76 9 52 100 -28 97 -66 26 -36 
29 54 -40 -98 51 75 -56 43 -70 -18 33 -2 90 72 -30 -95 14 -73 60 -94 29 96 -11 4 -87 40 76 -43 33 -20 98 -69 50 36 -12 -76 -84 -38 -76 -54 52 -12 -62 -39 14 
-57 -7 -35 -7 49 72 53 -21 41 47 -1 -89 -51 9 -13 -28 -17 57 24 82 4 62 91 86 -45 -4 35 -67 -11 -29 -41 84 37 -99 93 -57 -27 32 91 52 72 -99 -60 45 -18 
9 -7 14 38 72 65 -48 -7 94 11 -78 -46 -67 71 25 53 -93 -68 35 55 -24 -29 22 5 -32 34 80 99 -31 67 -94 63 81 33 -56 95 87 -2 17 39 -30 -83 -13 16 -67 
83 81 -71 6 7 45 3 65 13 -38 90 -10 89 77 -66 35 76 11 -73 -26 -20 -87 -76 -42 -95 69 -35 -27 10 10 73 -26 -72 -58 -93 -40 64 73 100 36 -81 58 -7 -74 -49 
51 75 -11 84 97 37 -4 82 39 39 -61 -1 27 41 26 -62 97 42 73 76 55 -43 27 -39 26 2 94 84 95 53 79 -37 -51 22 13 -5 -46 88 -92 -95 97 -82 25 -90 -41 
-45 -21 -36 25 61 60 -97 -77 -4 -50 36 -14 -54 10 -40 93 -78 -4 -54 -77 -90 0 -66 -15 -1 -63 51 -14 -16 -72 -80 43 -38 14 -94 -72 21 57 -73 14 -74 -39 -94 16 52 
-87 26 -25 80 67 -94 28 30 -12 -12 34 -55 -83 43 33 -73 -58 -15 59 -61 87 16 17 -35 15 -44 99 98 75 40 -79 -58 56 10 2 33 68 -47 29 -17 73 52 4 -28 49 
47 17 -57 -88 48 15 20 43 -9 -12 91 58 53 -25 -51 11 46 47 86 28 -93 87 -2 1 -13 61 6 -75 47 -99 50 -61 -32 42 -89 -48 95 17 39 72 -90 -78 -36 38 91 
2 -36 -34 -91 -78 88 52 -27 -76 9 24 -83 -68 -83 48 90 -47 10 8 65 73 87 23 -49 4 48 30 -86 -84 92 -10 -38 -100 68 -95 -33 -49 -87 76 40 -48 -49 -30 -63 28 
85 37 25 -95 29 -74 -55 16 30 -4 77 -59 100 -95 -94 -43 51 -36 27 67 -76 53 19 93 -88 99 71 -31 46 -34 27 -76 -38 -75 -85 52 -65 -36 45 76 10 97 83 81 1 
1 -55 -21 31 86 -32 8 89 11 -79 -64 -27 -10 -60 -7 40 -68 -79 87 1 -12 -97 41 -33 83 -35 -59 -11 -92 70 13 36 59 8 -34 -69 -97 87 -15 -100 -26 91 27 -78 -7 
-62 -27 -5 -7 -48 -16 -18 -22 12 -96 51 -70 4 -89 -27 28 -71 -1 -55 3 53 83 -83 27 52 -67 82 -88 11 -78 64 28 63 44 -55 -95 -96 90 -88 -35 -20 76 38 -77 3 
-8 -90 72 -94 -1 43 72 95 47 90 -20 93 85 33 65 19 -91 57 13 -70 80 -100 54 1 94 -42 -78 -61 -76 4 48 -29 31 -56 -71 -57 -83 -17 74 -19 -5 54 -45 93 67 
-19 46 44 46 -18 8 -21 -10 60 17 -58 -94 -73 -50 -37 82 -43 -64 90 32 -89 -19 19 98 10 80 -67 -26 -42 38 80 14 -79 -98 57 17 -96 -92 -61 76 22 99 87 22 -100 
-48 -33 -21 18 -40 86 2 9 51 -25 -57 -37 -14 -17 83 85 25 -37 42 65 3 99 -86 -32 -87 -13 -91 72 -76 -24 -31 -47 10 -71 -68 43 -37 -61 -70 93 26 99 -70 9 65 
-67 -58 54 14 71 92 80 60 -46 84 -63 -41 30 42 95 -93 56 25 -22 38 -90 -64 35 -6 -41 -61 -4 69 19 -61 39 -9 -42 58 76 86 34 39 -15 43 54 -63 -27 5 17 
-23 -25 -14 44 19 54 -95 44 57 89 91 -6 88 -9 35 30 50 -66 -99 78 21 -21 -36 -37 -83 48 -75 -75 40 55 -50 31 68 75 -32 -17 46 56 84 -19 -69 -77 -41 -96 -20 
-93 88 24 35 -52 31 71 39 -19 -87 -12 -42 -35 69 -24 -89 -67 49 -89 -13 37 56 6 19 21 -97 -3 -84 -46 55 -69 -70 -50 -25 -16 19 12 -68 63 -29 81 -89 -76 -4 70 
89 -31 -2 38 1 46 -29 83 75 -27 -64 98 -52 -93 45 47 60 69 -14 -80 95 -35 54 0 -83 59 -75 46 15 -44 44 7 -35 -23 17 57 -99 9 33 -79 -17 78 -18 6 3 
-3 32 -38 57 31 7 44 -27 65 -12 -80 95 -6 25 25 100 57 75 -65 32 -3 -88 73 10 -86 -5 13 -14 -73 -6 -20 85 -95 40 -12 13 34 52 -7 88 82 -39 -27 14 77 
-70 -46 -10 -41 81 -37 -100 -76 -13 -26 -31 -97 -48 -15 -21 -69 13 68 82 -71 -14 -91 43 -93 62 20 45 -20 98 72 64 6 27 34 13 -78 -62 85 -65 -60 47 74 -87 57 49 
10 -3 27 54 69 -70 24 68 4 90 -18 -78 -12 58 -26 64 -15 84 33 29 52 -48 -43 98 22 90 -29 24 -50 -86 -54 84 32 -7 54 3 -73 93 -71 25 95 -7 3 -46 -98 
33 -27 -15 -46 62 -64 39 -69 9 27 27 -85 -47 100 56 90 -91 5 80 -47 72 21 43 -41 22 43 76 69 10 68 85 56 -8 -41 23 -87 -93 53 75 21 23 -26 87 -46 -33 
99 -56 62 -14 -70 -64 -74 54 71 49 41 -16 64 33 -49 -20 -8 -96 57 69 -93 9 96 69 65 -93 9 -43 -30 54 19 38 -78 78 98 -66 68 41 51 41 83 -43 78 -36 38 
-57 51 0 -97 5 34 33 -52 -10 -63 -46 -4 64 -21 78 78 80 68 29 -34 73 35 9 -77 -32 75 -82 32 -26 83 27 26 65 -98 31 -97 46 -30 -64 -26 -17 26 -38 -37 40 
95 -97 56 45 -83 93 -16 -62 -20 -38 -100 -16 -46 -44 -23 88 -57 66 62 -87 90 20 -86 98 8 -52 -70 92 37 66 39 -23 -24 58 -34 -54 -17 -16 28 6 -10 84 -78 -13 68 
-7 11 -76 39 4 98 -58 15 58 49 86 -59 -51 59 -76 -35 1 63 -99 -7 31 -82 87 -87 71 38 26 -95 63 -21 -41 82 -81 -61 -82 -51 -65 -20 99 91 96 -1 88 -74 71 
-31 85 -95 11 22 27 18 97 30 94 -33 -87 -38 89 15 -47 -39 0 -17 -46 -84 64 -82 16 16 -91 84 50 66 -11 -18 47 -32 -41 -85 40 -23 66 32 46 61 39 -92 -50 72 
-88 70 -32 6 74 50 58 68 -16 -49 -7 -27 -5 -20 -83 50 -50 -4 -2 12 -26 30 94 5 -87 95 10 -32 89 -73 50 -92 0 29 -76 -6 87 51 43 63 39 -79 -58 11 9 
-42 -23 -23 -33 -63 -3 22 -98 -33 -61 43 82 -27 -30 -54 7 -69 -84 -21 -93 -47 12 -95 -26 75 75 28 -62 64 88 5 -41 -28 52 96 56 -82 50 66 -59 -75 78 -10 -95 -28 
42 17 85 -80 -86 25 -100 78 -35 -25 30 -13 65 58 -45 -29 76 -2 59 0 57 -45 -23 9 -35 59 36 73 1 -79 5 37 98 68 -23 -25 0 47 -45 -10 17 -48 -70 29 7 
-32 -11 -18 -63 -5 47 53 11 -99 29 57 -57 79 81 -64 -25 -49 -82 47 77 -58 -35 28 -34 -50 -50 81 -53 66 -90 -20 -44 -51 -80 -36 6 -13 -99 -8 -68 58 90 1 92 99 
59 -25 -41 62 -62 -12 -87 69 71 51 -7 98 8 2 -89 97 -65 19 98 3 -12 3 -79 64 66 -30 -8 77 71 -96 27 -12 11 -47 45 -70 69 -35 19 99 0 32 20 -18 -24 
96 -82 45 -37 50 -89 -61 38 24 31 56 -35 63 63 -83 69 70 86 -25 97 -97 38 77 87 38 -25 -20 47 -46 -87 -47 -44 38 42 14 70 70 28 -99 97 -31 -59 77 92 -10 
-30 53 40 -78 -67 -67 -17 86 54 98 -21 52 -72 -57 62 -28 66 -80 67 93 73 -15 -53 10 72 -98 -74 -29 64 80 78 -28 -19 -51 8 -61 30 -75 -76 83 64 84 -76 46 -46 
69 -14 -59 -64 4 -31 -15 10 9 27 -84 -39 -58 -3 -34 47 20 91 18 61 -78 4 84 38 -25 -33 -100 100 68 -95 1 67 -33 -43 -57 -36 16 65 -60 93 40 74 49 80 78 
42 12 -83 -68 6 12 57 21 -13 -16 97 -7 51 49 -45 54 71 57 -3 49 -81 18 -9 92 -45 85 -33 -16 1 73 59 -67 -71 -58 11 17 12 -26 46 -15 45 33 -20 31 -65 
26 -98 -66 -30 -15 -33 91 16 -22 -9 92 -16 -40 -49 45 -43 73 41 11 -29 -22 44 37 46 20 26 82 -18 66 -74 -57 66 37 6 -22 -11 -26 -62 57 80 -54 -33 60 79 -87 
23 -76 -63 52 43 38 -61 77 -14 -26 43 -58 3 12 31 12 -98 75 -80 14 -1 -84 62 68 53 64 3 -30 54 -89 -68 -14 23 31 -85 57 53 69 30 -64 33 47 37 -50 -67 
-45 -51 -64 77 -52 49 -29 50 93 34 18 -62 91 65 -95 -66 11 88 31 65 -60 45 96 84 -81 -71 -70 9 -17 67 72 57 72 -99 90 -3 44 -19 13 7 -37 -55 -12 -73 41 
29 28 -33 -17 50 -11 -86 3 42 -35 99 12 -24 -39 -65 -31 -71 -36 -14 -50 63 58 68 -31 -58 23 -80 66 -79 30 21 -99 6 -80 -76 -74 -39 -69 89 23 23 84 -51 -5 31 
-13 75 -17 -56 96 -11 15 -36 -86 72 66 -71 10 -2 28 33 0 -25 -49 -17 80 -9 -51 55 -82 53 71 37 -22 -58 -21 -64 -35 87 -83 -84 -24 20 23 15 -74 56 -33 -10 84 
87 -97 -41 52 84 -38 12 -47 76 -45 -36 -33 0 16 -3 -18 -92 -100 90 75 18 -62 53 65 -92 76 -98 -84 63 -12 74 -67 -64 47 -26 77 -77 -46 28 -52 83 11 62 -2 -17 
56 2 -17 0 39 -52 -53 -54 -31 32 21 -71 -36 -15 17 62 -85 -73 93 -6 60 -14 9 -37 40 -37 -93 -59 6 65 78 -34 -1 -81 76 52 -76 -42 -12 62 -72 -15 38 -10 -65 
-52 90 -68 29 -32 -92 -24 -65 0 -18 67 83 51 -72 -45 1 3 -7 88 -47 47 -21 -39 46 -94 48 -96 83 -90 20 55 89 -34 -16 -91 -71 -54 37 -28 -34 29 58 -79 30 22 
-14 -46 -39 67 32 -61 -75 -13 97 81 -5 -48 82 30 -100 -31 87 -79 -56 16 16 -90 -63 -65 45 -26 49 -66 97 -94 -82 -66 -7 62 79 -36 -18 -41 -94 8 -5 86 17 -20 -30 
-4 -16 3 -25 44 92 -96 27 88 8 16 1 -2 -85 65 1 -14 -94 -91 -24 68 -9 -99 90 89 -65 -41 -73 51 91 -76 -83 64 -13 -61 -33 -40 11 -53 -31 -41 15 -12 -87 15 
49 69 -90 -54 72 36 41 -25 -23 -14 45 -58 -55 79 20 -49 -33 35 16 28 15 -85 -83 -40 -30 -47 72 12 40 69 -53 84 72 58 -42 -45 -13 91 39 -59 -51 -64 -34 -4 76 
1 -43 27 -2 93 85 60 25 -68 -100 -40 -99 -79 76 42 -1 25 -94 45 86 97 -19 62 -32 77 29 -5 -75 27 -85 84 36 8 -13 -31 7 27 -23 -28 -64 99 -34 18 2 37 
