69 27 31 71 39 -48 -31 -53 -15 73 34 83 -66 37 -68 7 -87 62 93 -14 -87 43 81 53 -31 67 -81 -26 -48 67 -3 -42 -76 23 -80 61 -60 65 93 -85 78 -90 88 -88 18 30 -31 41 34 35 76 56 -19 69 96 -55 -20 56 -17 
4 36 3 82 -70 92 -87 -52 -54 71 -3 -38 -93 45 80 -68 -18 -45 23 -73 90 74 39 -88 -85 -68 27 55 -61 -54 -81 75 7 33 -73 69 -59 4 23 23 5 -61 0 -100 -89 6 -14 86 20 30 -28 43 17 -88 22 -36 -43 34 38 
-10 5 58 -74 -56 -86 -98 29 28 36 55 -78 100 -81 26 -90 73 38 15 -62 48 73 26 29 11 90 -5 -97 41 13 -42 -63 26 -1 -6 -11 -76 66 78 -46 -60 54 -93 -11 -9 -80 -12 -90 27 85 -44 64 -43 -10 -39 53 -28 21 12 
-90 70 -33 -67 84 1 -21 52 -39 40 -52 -1 -44 -24 -40 -22 -27 -73 -26 29 -33 -99 -48 83 47 28 -63 -88 9 45 -23 -48 25 -76 -15 51 -18 39 -17 -80 56 -49 -26 -49 97 22 91 -59 83 42 65 -16 -79 69 -96 -92 -20 42 88 
92 -74 -62 81 -46 14 100 -4 17 90 51 67 -58 -98 -27 99 -32 -39 -55 -44 4 22 -95 -81 66 -99 -5 29 66 -63 -78 -25 -90 -67 -49 -33 -67 31 -59 32 -27 -46 -12 -48 78 -25 -59 -31 87 -25 -27 -25 -32 47 91 81 -15 40 1 
87 15 10 70 -6 2 -43 53 -1 58 -60 23 66 -52 -38 34 -15 -3 -40 -57 -26 18 -57 -49 -90 -48 -72 -65 20 -77 21 79 -75 100 -90 72 3 78 -100 60 -20 -5 64 78 77 31 -64 31 -51 -66 93 45 -36 -80 22 -83 78 0 31 
-16 -11 -65 -78 5 -36 26 -47 30 -79 95 -17 -16 -76 -81 -48 -24 95 83 87 -39 94 -29 82 41 23 -13 -24 58 -32 -47 95 76 -65 -100 43 -30 4 -71 33 62 -66 -54 8 -70 26 -22 -18 64 -79 64 8 -95 71 -31 12 -57 72 85 
-74 -27 -10 -91 85 -39 33 4 -80 -98 14 63 -58 11 39 29 45 -39 -66 -81 -73 35 1 48 41 60 -24 -12 28 -4 -93 -86 60 -14 21 40 -48 -27 -17 -77 -61 100 74 -75 41 44 4 -24 37 72 -64 39 42 -74 97 -93 68 -28 63 
-36 41 32 -12 -90 -100 98 -73 98 52 -35 -58 33 -71 -40 8 -37 1 -4 -89 64 76 73 -20 -72 -60 -8 -28 33 28 43 -8 11 -77 -55 -54 76 -12 92 -47 41 -76 62 -98 -23 95 -66 -70 6 -84 60 -83 -60 49 -64 -29 -56 -77 98 
89 18 21 52 -78 -22 81 -32 94 45 6 41 73 33 -62 -28 -91 -49 1 -49 -36 -17 29 73 48 -31 -95 49 -53 -16 -96 -49 -10 -9 -80 -14 -20 -56 55 -95 -81 -16 84 -99 -44 -91 -6 -81 85 53 26 82 -20 -80 -29 -62 57 -92 97 
-77 -68 -74 -66 -6 72 53 31 -53 65 13 -3 25 11 -69 -13 -34 55 90 37 81 76 -52 -26 -72 -32 65 34 -40 -29 -7 77 -16 -79 -71 75 -64 -79 59 10 69 -62 -62 93 12 86 -98 39 -94 100 38 -65 -60 -82 -50 14 -9 -39 -2 
89 48 -49 -46 -9 90 -61 -1 70 -50 -96 69 75 -45 1 59 -13 -85 -70 -96 74 -76 20 -33 16 14 28 66 63 68 5 -35 -10 -9 89 47 -82 91 -21 -41 64 56 -81 30 -22 80 -48 -90 72 74 -39 11 24 -67 70 -44 -41 -29 96 
-50 -47 -75 28 -93 -15 61 61 12 -56 79 -80 42 80 -81 90 33 -80 -93 80 -7 20 -28 42 91 43 -94 -21 -49 17 39 17 -58 -47 64 53 47 50 -87 33 49 -5 -95 -74 -16 -77 -63 -60 -100 76 -70 46 -25 33 -16 62 -100 -96 8 
15 -70 21 -96 29 -6 55 -60 -92 82 82 -62 66 12 8 10 13 -9 63 89 95 -54 10 19 91 94 -14 93 -14 30 -55 88 12 -45 -26 93 -75 -68 23 -55 -11 -15 -77 49 64 85 -99 -43 -40 5 -69 -81 22 20 12 38 -10 -58 80 
98 57 16 25 51 -37 -70 86 -8 -17 77 -31 32 -89 54 87 69 33 65 88 82 81 -5 -45 99 -12 73 -39 92 -21 65 5 -1 -84 52 -11 -47 86 11 -17 -32 62 -74 18 52 -88 -72 -86 -85 31 78 -67 -97 -10 -2 -99 -44 22 -95 
-86 -38 -75 -79 -4 71 -63 72 -53 70 90 6 -83 63 19 -94 19 42 -96 -100 40 -28 -22 13 -87 -63 -65 85 100 87 -19 -60 28 93 -24 25 57 57 18 -27 -4 79 -20 83 97 -23 3 -60 -12 -82 69 87 80 15 1 -80 -87 28 70 
-32 -6 -9 -27 75 94 61 98 92 -25 -40 92 -29 65 -23 6 -25 -33 58 49 72 44 76 2 -94 27 20 1 97 -26 38 -16 -49 -41 83 -9 54 -30 -11 -9 -40 11 -94 -54 -6 7 -86 90 -67 -32 55 62 17 38 -19 53 15 85 -69 
-54 21 84 -5 43 -94 49 -18 -4 -17 -80 -43 54 35 -34 -59 3 -3 14 -44 10 32 84 30 -98 21 9 88 -86 88 94 -39 84 -19 65 55 -77 -7 59 73 -87 8 94 -7 -39 86 83 12 -28 -23 64 54 -83 65 -30 46 59 -63 -3 
86 8 72 -9 42 43 -41 8 72 -47 67 -76 -2 -20 -73 -28 18 52 81 26 30 -51 57 9 8 -5 -45 32 100 -86 -89 26 23 -87 -76 33 18 93 -6 -4 -25 9 18 -70 -78 2 30 49 -78 -29 23 -11 -35 97 -84 -59 -12 -47 -46 
-82 -61 11 96 -8 -36 50 83 38 -12 -60 -38 85 65 62 -47 4 26 18 14 -15 93 33 -85 89 73 21 -55 38 -11 -24 93 75 -23 60 -40 -19 74 -98 10 -16 37 100 80 -36 -93 31 12 74 -83 68 -76 38 23 81 -63 77 6 -78 
88 -100 97 96 76 60 -23 -18 -11 -16 -24 -4 24 49 -86 83 -69 31 59 85 -31 10 -14 -84 -16 73 71 10 97 47 1 -99 67 -36 85 -28 43 70 100 15 19 -61 2 13 -40 36 -43 68 -39 90 71 53 23 -20 -89 39 -68 -57 -96 
-38 39 57 58 86 -3 100 -17 99 -41 -25 65 -10 -35 77 56 12 59 96 63 49 43 -32 -15 35 -73 35 -32 55 -42 55 45 9 -11 94 -9 59 -26 -4 72 -39 18 21 -27 25 -53 94 -83 96 40 48 42 45 -33 -41 -78 -85 -100 64 
89 -72 -99 7 91 -38 98 56 -78 -89 -95 -79 -64 -24 -16 88 -50 -61 38 23 75 15 -3 76 -12 -96 3 26 -66 -68 -22 -21 20 16 87 -50 94 -68 12 80 94 99 -34 22 14 85 49 57 89 -16 18 90 76 -12 93 -11 68 -83 -26 
39 -31 48 2 66 38 75 76 37 -80 8 -33 27 83 -83 53 -44 94 -81 69 -54 68 -100 60 -94 -28 -4 -93 -47 78 16 -32 -88 94 -76 94 11 5 -24 65 32 65 -19 41 -74 71 34 -2 52 -95 79 19 -48 -17 -20 12 -92 82 -57 
45 -18 -71 -13 -96 44 -23 50 64 57 -60 30 38 -87 83 -5 -24 -29 -22 -10 1 8 22 -22 34 7 37 15 -40 -21 -63 -49 48 -93 40 25 -19 -14 -10 70 -34 27 -77 -93 -85 -58 -9 -10 -70 -35 -52 -91 -45 -80 -14 54 55 34 38 
-3 95 11 -90 -90 -90 7 -91 97 42 24 -99 25 -73 18 21 78 20 -38 -10 71 77 31 -13 -29 -7 52 64 49 71 88 79 55 49 63 15 23 59 54 -100 -11 -88 -2 3 83 74 34 91 94 -24 -77 95 -29 -55 -30 78 98 39 13 
64 -3 -29 78 -89 -11 -4 -54 41 92 20 -70 -46 79 11 11 25 88 -63 69 -92 97 -72 92 -66 42 58 32 20 -46 66 60 88 38 29 30 -54 99 -76 -37 -85 10 15 66 63 30 23 49 81 44 4 -60 30 -42 -48 14 -28 81 -94 
-77 -85 4 68 -61 49 84 48 84 -93 -44 54 -79 46 99 47 -18 70 13 -89 -73 -92 -25 44 -31 -88 0 75 41 41 -60 75 -51 -74 44 -68 94 -39 71 5 -75 62 -33 -50 49 91 -66 46 -33 -66 -48 31 -49 28 16 -64 10 83 -49 
-64 -4 37 83 0 76 13 -21 35 -18 59 51 -5 -43 -55 90 -31 -14 -46 36 -33 -45 -78 -5 26 6 60 26 21 29 -91 -71 24 -56 -4 1 -67 -19 67 83 75 47 78 -73 13 4 23 77 -5 34 -77 -72 -43 -15 -42 14 45 7 -1 
35 47 28 73 59 83 -82 19 43 90 -70 -40 -99 36 52 -26 81 -47 -96 92 -70 -24 -76 -84 81 59 -36 8 -80 29 -70 -44 68 -51 -73 92 15 -94 97 -21 4 -57 -66 45 -15 46 14 0 -17 94 -15 66 -57 -68 -62 -22 18 -67 -37 
-34 -81 -37 -48 56 98 19 31 -60 -39 -99 25 33 -82 10 -65 12 -81 -49 -94 -35 -95 -11 85 -42 83 26 65 37 -9 -18 65 -68 26 -85 25 90 21 -43 4 32 48 -64 48 9 -76 83 -25 -45 -67 -59 -91 -86 -86 57 41 -8 -82 100 
-55 -39 41 -69 41 86 -32 78 55 42 25 17 -5 85 -35 -91 -7 56 22 -50 -9 -49 4 -54 -71 -21 -37 -35 88 11 -1 26 54 -30 63 11 89 0 3 43 19 13 63 79 -47 -94 -91 0 97 8 -45 21 90 85 91 -24 -89 2 -85 
-27 70 64 16 -73 -20 1 -41 -47 93 13 -80 96 -66 -37 -19 73 -54 -32 94 97 45 -79 -7 -30 -88 89 -35 -16 79 -13 -77 -35 -92 -6 -81 1 83 77 57 84 91 -26 -38 29 -84 58 3 70 -68 -16 26 0 -97 -79 79 9 10 88 
23 -73 -41 67 81 -14 88 2 -82 -25 -100 82 95 77 27 3 72 -76 89 -16 7 85 -30 40 -14 -95 61 20 81 14 18 -44 -15 47 40 99 -74 83 -55 10 -67 -40 -64 41 -62 11 -97 -15 68 -33 82 -88 -77 -11 -62 -76 -81 15 -88 
-99 62 -69 -54 20 36 42 -87 -22 92 -70 80 54 86 84 -54 48 18 -11 59 64 -57 -85 85 -13 -34 -67 -56 -39 -83 72 -93 68 -5 97 -36 28 5 -28 -56 -68 -22 78 -91 71 91 -74 52 -44 -74 100 -38 21 86 6 -65 10 -66 -59 
91 41 -66 25 88 -41 -92 -30 -6 -24 72 49 -16 27 31 -31 -41 -30 32 -16 -95 15 -41 -1 29 17 -20 -29 63 -55 4 -49 30 -98 24 -25 -66 34 65 -54 59 91 -19 4 -48 -46 11 38 -62 -48 91 -15 85 -33 7 89 -61 9 84 
-16 -35 -20 33 -66 80 24 20 -59 -38 20 -24 -24 -12 9 -29 46 -83 92 42 -66 99 -51 61 79 37 -6 80 1 -1 -75 70 -32 -52 0 64 -37 24 -1 -60 -90 75 -19 -93 11 -28 -15 -44 1 -55 -22 -88 -90 -67 -78 18 -65 -2 -25 
-44 96 37 -22 -92 87 -6 -34 -17 99 77 32 27 -42 -48 -1 54 63 -70 -13 43 36 96 -78 -88 45 -89 -67 -83 20 16 -16 97 -97 52 75 -87 -59 -64 64 28 -16 -22 -32 -40 60 -85 73 -33 -18 -78 -41 -19 63 -66 75 -41 85 -1 
-83 -47 -86 1 12 84 -70 -54 -30 -35 -44 -29 -1 -44 61 7 89 16 10 22 -15 54 -44 -73 38 -45 -16 -51 -21 18 -83 -90 -71 -54 73 -71 19 33 70 57 22 68 -78 26 23 -94 -20 -24 -57 44 39 -25 -16 63 73 66 29 13 -36 
27 -4 -38 -45 -44 95 40 25 64 -84 -75 64 22 25 -87 70 -38 -9 29 45 86 -54 81 42 29 87 63 -46 -62 86 79 -63 -17 42 -76 60 17 85 73 -86 93 -70 -81 25 48 59 95 -95 79 -87 -51 97 23 -36 50 -3 49 37 45 
13 -96 55 -37 54 -91 -36 86 27 9 -60 15 -21 -19 -66 -85 -36 63 -34 71 -70 63 -16 -46 -75 63 60 31 99 18 -4 63 -89 -15 14 49 -99 14 -76 -42 9 35 29 -68 19 -21 27 -81 21 63 85 -74 67 -20 0 15 40 -45 -67 
75 84 57 -65 -84 -40 51 34 22 68 -62 -83 13 -2 24 41 3 9 10 -29 -97 99 6 -37 90 68 69 66 -70 45 -16 73 87 -32 81 58 -97 67 81 33 -10 84 -84 -95 85 98 95 25 -74 94 -47 -22 -93 64 -57 -12 41 -59 70 
-74 -95 83 -100 89 5 -73 71 -28 -76 15 64 -50 -17 100 2 -75 89 52 -22 -85 73 82 -88 -39 -3 -11 43 89 34 50 62 -2 -1 93 -81 72 -7 92 -66 4 -100 -47 -87 65 50 50 44 24 -48 -32 -2 -63 82 -27 -73 -81 12 10 
6 -50 51 76 -17 20 -39 -29 11 80 85 78 34 -54 2 -94 -66 -15 -65 -60 -67 -91 15 1 -34 -34 -98 -19 16 -46 -38 -64 -18 -91 26 -35 55 -45 -10 3 -61 94 -14 -12 -99 6 -18 -44 96 84 98 89 -56 -19 -5 15 86 -93 -25 
-61 21 -39 -27 67 -87 -95 -48 34 -100 -86 -30 1 -98 -38 -12 4 -88 -11 -73 36 50 98 18 25 -6 -70 64 15 18 -15 -87 -45 -21 -97 -18 8 87 18 -96 -43 -98 76 -61 -93 18 -96 -71 36 -37 -72 10 94 -24 79 35 47 -46 11 
-99 -31 10 96 72 -6 -58 -85 66 8 66 58 -56 -34 -32 83 -15 56 -40 8 68 -32 -57 -95 -49 82 -97 -89 -12 43 -80 90 0 85 -18 75 65 68 31 80 -62 -68 23 43 45 -21 75 80 16 -99 94 -66 -40 -29 18 7 -97 1 -35 
23 -30 63 -54 -91 99 -29 78 82 -76 -4 -74 37 -76 59 -92 78 -51 -7 -76 -67 13 55 -97 18 -52 -3 -97 82 -24 -26 81 69 -51 -38 -24 -12 -30 -78 20 -14 -45 -28 -91 81 -54 63 -35 17 41 57 -14 92 -40 31 -14 27 50 99 
5 -70 36 33 71 5 -50 33 42 -74 88 30 94 34 33 62 83 70 44 -20 87 90 4 -48 -63 -29 55 14 -33 -92 -100 28 43 46 -43 74 -51 90 -6 18 -30 51 -54 9 14 62 45 40 77 76 4 -52 66 51 -3 15 48 87 -12 
29 40 5 21 61 92 88 -65 -71 98 -78 -89 68 87 -79 55 -86 82 -13 25 -23 13 62 79 29 -68 41 62 -45 12 -89 17 -76 89 -49 -88 56 70 -98 -40 16 17 4 57 -40 -57 -35 -59 62 33 48 -66 -96 -68 38 -44 -83 -7 30 
94 69 -77 83 -49 25 -84 41 -13 -74 -79 31 99 88 60 45 43 80 39 -68 -67 -4 -93 -73 87 -76 -63 93 -80 72 50 19 -96 -94 -97 23 -69 85 -83 80 83 8 -87 67 86 72 96 37 84 60 9 78 -66 -90 72 -87 -40 -32 -100 
59 72 -19 77 69 -3 24 -44 18 71 64 55 -51 -53 85 -28 45 25 -45 -48 -72 3 23 66 7 41 61 -36 52 65 -29 -17 58 25 63 -81 43 20 -9 98 -36 -61 -97 -23 61 -78 -38 35 78 -49 -37 -62 60 6 -8 6 8 53 -13 
38 86 97 -78 -26 -33 -22 -12 62 26 50 -10 48 -34 -32 83 96 79 42 4 36 33 2 78 -7 51 -39 -52 12 -58 17 26 27 -19 -67 67 36 -76 56 39 10 57 -9 65 99 100 37 11 97 -28 -28 -1 62 4 93 0 25 -45 41 
63 -75 21 23 31 -87 -53 -20 80 73 -96 -35 100 87 35 -89 11 -45 -67 27 -41 16 -65 28 59 -3 65 12 12 -85 58 -10 20 -31 -58 78 81 15 88 -42 -93 -46 -64 92 21 8 -58 94 -83 -15 -35 80 31 -100 98 76 -57 -74 -70 
-83 21 22 95 87 -36 -16 13 -68 0 -77 46 -66 -86 64 -21 96 -74 -89 -56 18 -51 56 -91 99 -37 -73 97 62 -92 87 -61 98 -95 -63 18 -68 -4 67 -16 38 -78 -84 85 -56 -40 -3 51 -51 83 -40 44 -85 87 75 -44 12 21 14 
-16 77 -61 -28 -53 -65 -99 2 -24 -55 32 -78 64 4 -98 68 -88 -33 73 -8 -36 -18 74 66 -25 51 -57 65 -20 85 -75 -15 5 -4 100 41 0 92 -18 29 -4 21 21 -80 -49 -64 -22 -21 83 80 -47 59 -35 9 -22 71 -50 -72 -50 
0 70 90 -80 29 58 13 25 22 -48 36 -74 70 -24 -100 72 -90 -5 79 -16 -85 51 -75 -13 82 23 -77 -46 8 -12 70 68 -31 -44 25 72 12 -31 -62 -79 76 -23 53 -58 -98 -67 -89 -17 46 -78 81 -86 60 -49 -50 73 -22 -24 -86 
34 -30 -52 28 12 2 64 -65 62 -67 -42 -8 21 56 18 -61 69 -92 12 -92 -7 -84 -5 -30 32 14 81 -87 -37 -14 37 -95 10 -54 -92 -92 -91 77 -89 -53 62 84 -82 -27 -70 -79 -70 -23 81 64 -58 -63 26 83 -19 -47 -22 85 -1 
12 79 -5 -61 23 52 -62 -21 -14 16 -16 -20 -60 97 100 30 -91 -11 -95 70 -44 35 -18 69 -97 -42 -15 8 -29 -63 -97 97 24 -27 14 4 -33 -54 -78 73 29 63 -74 -13 88 -4 -77 -62 94 -17 24 -88 -91 -42 67 -33 64 -67 -66 
-20 28 90 -18 -86 -22 79 -19 45 -18 -22 -50 13 -37 -84 75 77 -13 82 45 -23 -56 -54 55 80 9 -75 58 -9 -35 -4 -63 28 29 77 -44 42 82 56 10 42 -79 33 55 -68 47 -76 57 -93 -91 -64 66 48 3 35 -50 -11 -79 -9 
48 2 -86 -78 -88 73 -53 4 65 68 -76 14 -22 56 -93 -17 26 85 -15 59 57 -79 34 27 91 -63 -90 -11 -36 -84 -33 50 35 -20 -5 23 73 -84 85 -49 -86 -6 100 43 1 -42 45 -89 -47 20 -92 -39 94 1 -49 86 80 -94 -82 
-50 -81 77 -97 54 -98 -78 56 92 -93 7 23 -71 83 -75 -57 64 100 -42 -76 -51 41 93 33 -74 59 55 60 61 46 -93 74 -11 92 -85 -55 13 -66 -89 10 -22 88 22 68 -63 52 56 95 -11 53 35 -70 69 -17 -72 90 -63 -57 47 
-28 28 0 -78 95 23 82 -67 -30 44 44 84 -53 -2 -43 -72 -70 -85 87 82 24 -96 45 76 82 -72 12 11 90 -3 9 -94 -30 54 -53 -12 75 -4 44 -45 10 8 58 -41 -100 27 8 67 8 53 91 19 74 -90 -58 70 45 75 -44 
3 51 52 7 -25 19 -12 -22 -70 -40 -90 -29 81 74 51 -94 -75 -54 79 87 51 -13 -59 -46 45 -65 86 24 46 13 5 80 10 11 -83 47 -17 24 -49 -87 94 -24 -99 -27 -53 57 22 -43 -66 -10 -34 84 0 63 -67 -15 37 -28 1 
87 -17 61 -74 -80 47 -42 -8 50 27 4 98 93 27 -89 32 -35 -88 -16 2 -75 95 40 -52 -92 85 -76 -64 28 -56 -69 70 1 4 -77 31 -86 -7 96 31 8 -39 -42 28 11 15 -91 -82 50 95 41 10 -39 89 20 -97 94 55 -49 
26 -33 5 12 41 95 90 -9 63 -79 40 -83 98 34 -9 -7 78 17 -81 19 -21 59 -10 -70 -37 22 26 -79 1 -65 -21 84 40 66 43 9 79 40 88 83 61 31 -6 77 79 58 45 -57 -1 -15 -44 93 71 -10 -98 -24 73 -80 76 
-61 -61 65 -77 51 -13 99 -90 -80 -14 18 -70 -62 84 -25 -38 64 -66 67 -67 -41 29 12 93 -45 36 -1 -63 51 45 52 -13 -3 -69 -95 -20 22 43 -45 65 32 -39 76 -50 32 -89 16 -9 -28 3 -1 -10 83 93 -4 -25 -90 99 97 
-38 -55 -44 61 82 61 -34 -45 -54 -36 2 98 89 -40 -43 76 13 60 87 47 -58 -74 -61 14 6 -7 92 -80 -22 76 16 87 46 -35 -11 -31 -62 89 -91 -84 47 28 30 -63 39 -27 65 84 34 0 -25 65 26 100 -81 37 86 39 -62 
-19 38 100 76 -32 -11 -79 52 -45 57 23 83 -57 -93 38 60 64 49 24 0 38 22 -58 16 -48 -41 -7 18 15 59 -13 10 24 98 -88 57 31 3 48 98 -3 -99 12 -71 33 -21 -96 -9 -4 0 8 23 -77 59 -9 49 90 -57 -100 
52 -95 -99 65 -86 64 -58 6 82 -40 26 -96 76 -47 -74 27 -37 -60 50 1 42 30 54 87 -99 18 -60 -10 -28 -35 10 95 -42 -79 -32 -83 -86 -30 -46 90 -20 32 27 19 91 -31 41 -90 -43 90 67 -94 91 -38 -98 81 -92 -10 -77 
22 29 -22 -63 -68 -76 -90 -59 -49 -36 86 45 -5 -52 22 -38 14 92 -30 46 72 -2 4 46 14 80 13 -79 -20 -29 -71 -76 -75 33 -65 37 -1 62 -56 27 50 64 -94 -94 -62 67 -92 -40 55 -35 75 12 -97 -47 76 39 53 -46 71 
-48 -73 -56 24 -82 -14 -39 28 61 14 74 -69 23 81 -35 49 5 36 -38 82 61 -44 63 -3 -18 -90 -11 21 86 30 -86 -64 -20 -33 -62 12 -46 51 -7 75 74 -79 28 9 43 -44 -98 -73 82 -15 87 -100 33 96 -75 22 16 99 -98 
-35 -17 -63 9 41 -57 66 78 94 55 -35 -88 -72 -98 -3 -85 38 2 55 -79 -32 94 -12 -71 56 -53 -12 4 67 54 72 -88 -45 -23 -32 29 13 -9 -8 55 61 40 -74 58 54 -3 -60 61 -15 9 -13 31 35 -80 97 -49 -20 -18 26 
68 64 -27 -41 -97 -80 80 -37 52 -86 -36 38 70 -68 -56 17 -8 -31 69 35 -21 65 75 71 58 39 -92 -98 -97 65 70 61 6 -66 -24 31 91 48 6 -48 35 86 35 -71 -84 20 -62 54 -93 60 94 -17 79 -89 77 -89 79 62 -24 
-11 -34 74 91 70 32 82 52 49 25 4 38 85 -90 -98 -89 83 48 -13 58 -85 -97 53 86 26 -45 -92 -15 -77 -63 -35 -42 91 -74 -37 -93 9 14 72 31 -91 30 -13 9 4 -74 40 5 7 -6 -7 36 83 -87 17 -8 -80 -7 -48 
-53 -27 5 -94 21 1 13 -51 35 -8 -82 -63 -84 -80 -76 5 58 -90 36 56 -34 0 -39 85 36 -39 90 23 -94 -37 -100 -25 92 8 29 50 54 -2 84 -68 58 16 -24 71 -58 72 -78 44 64 63 44 21 71 37 -75 15 -55 -33 85 
72 53 -80 -1 49 74 -98 3 79 -69 73 -78 65 -63 11 -91 84 -69 -67 27 72 44 -26 42 32 -62 -3 14 62 14 -55 4 51 -64 49 9 99 -95 -56 -50 -98 65 53 -30 32 -33 84 44 14 13 0 -2 13 -16 1 54 -37 -5 54 
-75 -70 9 -54 -48 -62 22 25 25 -4 24 41 -35 65 -86 -50 -19 -75 1 84 62 40 -61 73 -34 70 86 -37 -30 -7 -84 -19 -3 49 10 -12 -59 44 19 19 98 68 -14 9 16 -49 90 -45 65 -77 -53 -31 -48 51 -24 70 60 -34 86 
67 -11 -63 21 79 -48 93 -30 29 -57 -45 52 26 100 -75 -89 -64 16 44 66 38 38 -35 83 91 -46 74 -17 -13 43 37 -47 -42 -95 99 -64 75 44 -29 -25 -25 73 -94 84 35 -51 18 -53 -69 48 25 -65 5 25 -7 80 28 -8 -53 
-88 39 -91 -72 56 79 49 61 -82 32 89 21 56 46 -8 11 26 -87 -78 3 82 -11 6 -72 77 -28 21 -26 49 93 4 -41 -91 -65 38 62 -1 96 67 73 -48 91 -63 -81 -42 -27 -44 17 5 -71 -30 -15 -22 50 -51 -7 -40 25 -10 
-3 -99 81 -90 35 -27 57 54 1 -8 -60 -85 11 -7 65 -11 -83 -31 -87 -17 73 56 -17 -86 85 -36 -30 -85 -41 -87 7 84 -48 -70 97 90 -20 -78 -52 -53 -27 29 27 -7 80 39 69 41 72 -67 91 -48 69 -70 28 -86 -84 -20 88 
-5 -30 -67 -3 46 -30 47 -72 19 82 -31 79 11 -39 53 -37 -70 -42 57 -47 -17 57 97 4 46 86 82 -45 57 46 92 98 -77 -84 -99 58 -11 -32 100 85 93 59 -97 2 -80 86 81 -96 -85 12 32 -78 29 -70 -70 -86 -50 23 -39 
-83 -89 7 -41 -72 28 33 99 -77 -98 87 -4 91 -44 -77 -75 -55 88 66 16 100 38 -34 65 -95 -6 -77 29 93 65 81 -60 -92 -85 -94 -80 -26 40 -7 25 13 -21 -66 -99 -49 98 42 97 -50 -35 -34 66 -28 66 -59 51 -42 -3 81 
94 -98 -39 -27 -98 90 -83 -19 -66 72 71 49 -90 -66 86 -10 96 -45 -22 5 42 26 -87 -80 54 -52 -17 -6 -42 78 -77 -72 -9 -2 -46 46 -3 72 -39 38 -73 94 97 -74 -8 -97 91 -9 -98 14 -95 -50 54 -75 -31 4 -22 71 -32 
-71 -72 -9 64 -2 43 93 -26 73 25 -60 -31 -46 63 -69 -97 -86 -26 70 41 -8 85 -68 50 37 -81 71 38 -37 -28 60 -69 15 -21 7 45 71 39 -99 45 10 -15 37 -86 -37 -94 98 3 -98 7 -61 45 8 -99 71 59 -63 -13 -49 
76 5 59 55 87 60 -7 91 -97 -22 94 -85 -30 75 -61 -66 55 -59 -32 63 -3 -34 -48 -32 -49 -78 -11 -68 2 64 53 80 -54 2 5 62 93 -47 87 4 5 -24 -87 -27 -75 87 -41 -77 42 35 -15 -88 -32 -41 -40 52 91 -61 -99 
38 30 -31 45 -39 27 -12 -74 -26 25 -31 -21 -77 34 -75 56 -14 -99 32 27 31 0 -61 -62 44 -85 -60 -65 -29 60 -6 -28 45 -49 92 -73 79 -71 -20 -19 50 62 74 94 -40 -1 -9 -89 -95 9 88 -83 14 26 -33 3 81 -25 64 
73 -45 -35 -45 -57 -17 -25 58 -57 -63 -29 46 -27 67 57 3 -9 -31 -40 4 73 38 86 18 43 23 10 18 37 22 -24 -96 -79 -64 15 -61 54 -8 -69 37 37 67 -81 87 -57 80 -26 -8 62 11 -99 -11 69 14 56 -12 -75 -52 -66 
-66 -100 -34 -19 -55 -83 22 18 71 6 33 -56 59 -91 -46 77 23 67 11 7 77 80 45 -6 -97 94 88 -43 -3 -23 86 -70 68 18 -82 -77 50 8 68 -75 -4 87 87 -60 25 7 -86 -7 -58 88 -67 17 -57 67 76 54 95 -100 55 
-45 67 -38 -69 20 26 -81 -81 68 -5 -66 -41 -57 -52 -36 89 10 -64 -60 -54 16 51 -82 95 -3 53 82 -60 27 -86 -8 49 35 19 22 -54 -84 -76 -84 -44 69 94 53 -99 -29 66 48 0 -52 14 -15 35 27 -8 13 89 -91 -87 -40 
-58 -70 60 -86 48 26 96 23 3 -39 -24 -29 -48 61 -77 74 11 77 -93 63 4 -97 -64 -79 77 -46 -46 15 -51 -97 78 78 21 -33 15 61 -84 -48 -30 67 -97 -36 -12 -61 35 88 97 37 16 -65 29 -55 53 62 -79 43 61 26 -89 
81 62 93 86 -37 -22 -1 68 -26 61 -76 53 85 20 35 -10 -40 30 -37 36 -53 -85 -43 49 -100 28 70 73 -38 71 -45 -48 -37 86 -71 -65 -1 -15 -60 -21 -94 -40 47 38 37 20 11 -29 -26 35 31 93 -49 -61 93 -23 30 59 -89 
20 -12 -12 58 -24 -11 -51 80 -4 57 -3 -42 -67 -66 67 21 -57 -10 2 -12 -2 -22 -29 96 17 83 24 -50 39 -74 -47 74 -23 92 20 -99 -56 89 -96 40 55 -84 45 -99 33 18 83 17 89 62 -27 89 47 -87 18 53 -24 86 -68 
65 4 79 86 -4 -9 -5 30 49 -58 -88 -4 -78 -49 -57 -10 -73 -73 33 1 -66 79 86 87 31 9 49 -86 -99 -76 59 92 76 -39 -47 -59 -67 -89 -91 -63 71 -7 10 -41 -41 -6 23 -93 62 37 35 -67 87 -42 44 -82 96 16 35 
3 -57 13 87 27 -12 7 -68 28 -12 -5 -65 80 -49 39 -4 64 91 17 69 21 57 9 -50 90 -75 80 -24 54 85 86 3 -8 69 7 -16 -35 12 -78 -73 42 -94 -11 64 -17 -72 22 69 92 -26 71 89 28 -23 22 -54 -1 34 -49 
47 -85 82 87 48 49 -17 100 -23 -21 -15 -89 0 91 53 47 -9 99 61 79 72 20 -90 -46 59 26 -6 20 79 -64 -88 -19 46 -97 0 -22 46 -29 -91 -30 -48 -49 5 -68 -37 89 40 67 83 50 -13 85 -34 22 61 -31 26 -29 -5 
-57 80 39 86 -89 -57 -32 -8 -37 -98 45 98 -53 87 -66 -38 94 28 89 86 67 57 -53 -93 71 -21 -14 17 33 59 42 15 94 -48 24 44 52 32 -97 -69 -28 -99 9 99 65 51 30 -66 -16 94 -48 83 88 12 11 -32 -17 -25 -99 
-33 -51 20 -14 -80 94 23 -1 -32 -57 -27 72 74 -100 64 -73 -59 21 -57 6 -39 25 -25 -99 -53 -72 74 -100 -99 -92 53 0 -81 98 100 -73 71 76 -58 27 31 30 23 -4 -74 -6 17 12 -64 -17 40 93 -46 56 -24 -94 16 50 -15 
-22 85 9 -94 83 9 25 -85 43 88 -74 -5 76 -23 56 72 -67 -1 70 -64 46 26 44 84 63 74 -18 -96 54 33 31 -32 56 -55 58 -27 89 28 2 19 62 -9 -47 13 84 -54 -30 59 -32 -23 90 23 66 11 -79 86 39 -61 -80 
-80 6 -12 25 32 -69 -67 93 88 2 78 -1 23 33 53 53 -63 50 55 63 -100 -9 -50 -16 -30 95 75 -86 67 87 -30 -97 91 -8 -67 -72 48 16 6 17 76 56 96 -47 90 2 -94 -43 -6 -59 -15 51 -2 -15 -14 -97 -38 -25 -16 
1 12 -16 -58 20 -82 -22 15 -53 -32 46 -48 66 55 67 62 -31 -68 29 -11 34 -39 31 -70 -51 50 58 -43 92 -89 -90 -16 86 10 83 -10 79 -70 -64 71 74 70 -18 -97 -69 -25 -74 -31 -85 -75 -53 27 63 -42 49 -61 45 1 81 
45 27 -71 -38 -21 -49 -87 83 -34 51 94 27 -53 65 88 -52 -69 -64 62 14 -68 39 -10 14 -46 4 -85 -86 77 -52 -54 -81 64 81 80 -66 -53 53 -21 10 99 -64 29 -61 91 73 -32 -43 -89 -70 55 67 -94 86 31 19 86 -36 -80 
26 -21 55 -32 22 -34 -93 75 87 -8 -37 79 58 -48 -37 -88 47 43 45 22 -79 -52 28 -55 -72 -59 -10 -7 -36 12 -11 5 -53 76 -70 -22 51 -54 -10 96 26 -10 14 45 22 -53 1 30 59 74 54 90 -91 -91 -32 62 -1 -99 69 
-20 -40 -51 7 -60 -16 56 -42 45 74 93 22 -85 70 56 -57 -20 -45 -27 -31 -45 -48 -41 -93 8 80 -90 -26 -46 18 -28 -22 38 -100 21 -49 -65 16 50 7 -72 -60 41 42 -68 51 -29 -70 -97 68 58 -95 -67 -59 1 45 -5 9 -31 
28 22 94 -76 30 47 -12 -67 -18 -57 17 58 65 92 -18 10 -41 68 -18 22 91 -82 -55 -57 22 51 -77 98 -97 -75 55 58 -60 -54 -86 20 26 88 51 -14 -11 -88 84 -53 94 -74 -70 50 -70 70 23 97 -43 57 8 58 -22 -51 -28 
91 73 -23 12 79 96 -88 -35 -73 94 -96 59 84 -15 -46 -50 88 41 9 -29 -79 19 81 99 -97 -71 44 -2 95 -55 -25 -99 -74 21 84 -57 81 90 39 -81 72 92 52 -76 21 99 53 -97 6 -13 -42 65 -62 74 17 -32 90 -60 3 
95 90 -72 -17 80 89 12 33 19 50 -64 47 36 -45 69 33 6 74 86 89 3 -59 -10 35 49 -12 -80 96 11 -68 59 -29 -33 -44 36 -37 -90 -53 -60 88 19 100 -25 32 31 -48 93 23 49 -30 -95 -40 33 10 61 -12 8 -37 -68 
45 42 -68 -41 -1 -95 -82 55 -23 -85 77 7 3 94 -26 -9 78 59 -73 29 -11 78 57 62 13 -33 15 51 95 78 -70 21 -50 57 28 -89 -77 -15 54 74 -24 86 -10 14 55 1 59 90 -70 -85 -66 -55 34 21 -48 -49 -34 67 77 
59 95 17 1 88 34 60 11 -97 -78 56 72 12 -89 32 -55 1 26 37 -100 83 5 -99 -25 8 46 95 -60 92 -92 40 56 4 19 57 94 58 70 7 22 -23 83 -77 -30 -55 -9 -91 63 0 -3 47 33 28 -52 6 7 -88 20 15 
55 -7 -72 -68 43 68 -31 -69 98 28 83 -3 33 48 58 55 -32 40 -79 34 23 -20 -51 84 68 -17 -100 -100 45 3 84 -81 9 65 -38 -70 93 -54 77 -82 76 -63 -7 -30 -38 39 -55 64 15 80 -4 -77 -87 63 -34 94 -12 61 53 
-45 64 -28 -53 -86 52 -80 -58 -4 23 88 -22 -25 -78 -94 -24 48 93 -56 -13 89 -20 57 76 -64 -30 -73 -44 52 55 48 48 -34 12 52 -97 -64 -20 54 1 17 66 72 -88 81 11 -51 34 52 -94 66 -47 -17 63 48 53 -15 -43 -65 
-87 -78 18 75 -62 54 -52 88 -94 -9 76 -69 72 32 -77 -21 34 70 41 -46 72 42 -30 74 46 -91 44 11 70 39 41 -7 7 -85 -7 -96 86 -37 61 -44 -3 -4 49 -58 -45 76 -71 67 3 25 -72 37 -9 -10 0 -69 81 47 97 
-31 -86 -95 13 40 -43 81 36 18 -92 -93 8 -99 -40 -90 -46 21 -69 -49 -79 62 -67 11 99 -90 -8 81 -30 -35 45 -62 42 -46 -74 -92 47 72 87 -19 89 16 76 -59 -76 32 80 68 -86 25 -72 68 -91 -77 -25 -29 -87 82 -21 86 
-100 -71 -19 -30 -82 44 -32 -17 59 31 66 -33 -77 -81 -40 -65 -79 31 16 -59 16 -17 -58 53 9 -23 4 -93 64 -39 89 30 -60 -77 48 -70 -60 65 66 -24 96 -3 -78 -73 58 43 22 -63 -64 -84 90 14 -90 -90 -27 -61 -75 55 -14 
78 85 -100 65 63 -75 -39 -49 43 24 -21 72 -90 -10 -12 -95 31 58 7 -99 -79 81 -16 94 32 -53 -25 -8 73 -5 -31 -36 -71 40 94 57 84 -58 -76 -35 -100 -3 43 -69 1 31 51 -42 -88 -22 -72 -42 -14 95 -16 97 -36 47 98 
41 87 -21 85 -90 -4 -18 -95 -81 76 5 85 7 -94 33 -56 -24 -60 51 32 95 -19 -18 49 -43 -69 36 87 29 -5 70 45 60 -93 -79 26 -51 -22 -21 12 75 81 92 60 -87 19 -81 16 81 -14 -10 -26 -58 -10 -3 -9 -51 42 40 
33 71 -34 -83 5 -62 -74 -51 88 -49 -58 20 23 -13 -9 50 23 69 6 41 79 -13 64 18 -3 77 12 -96 -47 58 -56 -45 18 64 11 -22 -85 -93 -55 -56 26 95 56 -25 13 96 37 55 13 30 57 -97 5 -8 21 -22 -47 83 89 
-92 -69 -49 -31 99 -27 72 34 -32 -86 -55 41 -45 2 2 -20 -49 -67 -43 77 -65 -61 -39 48 25 17 -94 -48 -47 69 -49 -66 -51 -20 -23 46 -55 64 71 -16 44 -5 -72 59 27 -42 36 -42 99 -68 56 -56 -39 -66 57 -91 65 4 28 
-79 -5 60 -44 -47 -14 51 -67 90 -20 -8 91 -79 -69 35 96 21 -23 50 80 -89 -3 63 59 -1 -59 17 -21 18 67 -77 -20 -93 70 -18 -82 -74 -23 -32 92 82 87 -74 79 -75 -81 -17 60 64 88 -1 19 75 12 41 0 -24 81 83 
