85 44 62 -73 22 -24 -90 91 55 -38 -89 -19 -82 94 4 59 74 16 -9 83 -22 54 -95 76 -89 -42 -31 -54 -15 -7 8 52 -24 69 6 17 -41 -83 -11 85 -68 37 85 56 -85 -18 -79 -98 -40 56 33 31 75 47 6 -76 
-70 -97 -4 23 -11 86 -16 12 16 50 100 47 -97 -78 -32 82 100 26 -23 62 24 -74 5 -45 -60 -91 -3 -99 9 -81 79 -96 -18 -84 93 38 74 85 -55 65 78 -38 44 -20 -33 -32 67 -87 -90 27 -89 -35 47 -69 -18 -53 
53 19 83 -66 -62 42 76 10 -89 92 49 33 92 25 -25 0 -74 51 27 47 44 -91 -61 -71 -41 -61 -17 -12 -100 40 -94 -24 20 -48 -48 -46 -61 27 -99 18 -8 79 -39 -61 -86 89 24 100 -72 -50 -79 65 8 34 50 62 
-96 86 44 -72 -47 -79 -56 -56 -6 -38 -80 -44 -97 -87 -62 76 96 9 14 -41 -79 6 -79 3 -25 -69 77 -23 5 -64 95 -8 -34 56 19 9 -53 -62 -3 -100 58 -73 -8 52 100 94 -99 99 84 24 -34 84 -76 -48 -68 31 
79 -52 -99 -67 59 -51 100 33 0 -34 -10 -29 -97 -76 -88 61 -21 7 -40 -61 -34 50 4 -100 51 -36 -40 71 -97 -95 -29 -96 -70 2 -53 37 -70 -55 8 -90 -71 39 -91 41 76 91 -12 -22 -81 -26 13 37 62 -69 -48 -27 
-15 44 80 58 -15 59 60 -26 -23 -51 25 -66 38 42 -4 -39 -75 -14 -64 -100 85 -60 -30 -16 50 -38 -67 -16 94 38 -41 67 -65 -47 83 -58 -14 44 53 -63 -83 99 -80 -76 85 -74 -72 -68 33 23 97 27 40 11 -72 96 
-41 95 -74 64 9 99 -71 -91 87 -58 -16 91 85 3 -53 -75 5 -21 55 -93 37 38 -12 -6 41 38 16 32 -90 -22 87 -66 -13 79 -26 82 -87 -40 11 -79 1 73 -92 -89 -29 25 11 -23 32 6 33 50 -84 -29 57 2 
9 30 -66 -29 20 90 -72 -45 -12 -77 27 -67 2 63 -70 -15 -31 -39 -97 -87 23 -67 3 23 -36 -28 37 -52 1 -72 53 -19 85 65 34 -88 45 50 61 -48 -79 -70 20 -39 69 76 34 94 10 -8 -38 -71 52 -70 3 12 
-92 79 -84 55 -26 -100 38 55 -80 -5 51 18 -15 46 -54 61 73 57 72 53 -79 77 11 -35 2 13 8 71 34 -98 85 -45 -20 -47 -35 96 92 -54 19 39 -13 96 7 75 38 -28 -2 -7 52 50 70 95 87 -58 86 83 
-46 -98 -3 42 -41 77 6 56 -44 39 100 -94 94 99 19 38 96 18 -83 59 -51 91 93 21 25 52 71 -55 11 19 27 -7 -98 -74 73 1 13 85 -65 51 22 39 -81 -34 40 -86 3 61 44 100 -31 85 -85 93 91 -15 
-29 80 6 -76 5 -32 -64 -50 -47 60 91 -33 76 39 94 95 60 75 73 41 -15 61 63 28 -60 -42 -18 93 6 -51 89 61 23 28 -10 27 39 91 -4 45 -46 -99 -99 29 11 53 90 -39 -72 96 -46 -81 79 43 -39 -46 
100 -65 -67 18 -5 12 60 97 73 -15 34 -59 -82 -83 -46 -13 -97 -47 -2 49 62 34 67 26 -66 -91 8 27 -48 -94 -69 -78 5 62 69 -47 65 0 -7 3 32 39 -30 0 25 -65 65 90 -56 -63 68 19 -7 -84 40 72 
48 -91 -91 -34 -17 -1 96 -18 -47 88 22 40 8 36 -38 -75 -6 30 75 -17 -21 -71 61 30 43 -67 20 -36 41 68 52 -25 -48 77 -96 41 -49 47 77 39 -88 84 82 -3 -93 -26 91 5 -4 4 -45 53 21 -40 93 -24 
56 57 -40 41 -46 -20 -88 -34 97 -26 81 -44 -85 -62 33 20 64 -3 5 47 -25 -77 10 -64 96 -88 -20 43 -35 3 -58 45 -23 49 87 -55 0 -57 12 -83 -74 16 -12 53 31 78 -57 28 -99 86 82 5 -99 65 44 58 
37 2 84 -24 -86 -23 0 67 -24 -40 96 -49 53 -48 -89 -43 71 37 -51 -33 44 -57 57 -26 26 -42 53 -71 -84 10 3 -23 -63 17 3 -10 11 -63 78 -21 -81 1 98 69 54 -66 -34 65 -95 -76 -81 -75 24 71 -9 -52 
34 39 -34 92 -74 57 100 53 -35 -72 -57 -11 86 -47 74 -9 -28 -22 -5 30 -48 -74 -81 -20 -74 -41 -22 -87 -31 81 7 -36 60 -64 1 89 -52 88 -80 92 -73 -20 -19 -45 49 97 79 16 -4 55 78 47 67 65 78 -40 
-61 -81 27 77 -93 39 71 1 61 -57 -84 38 -31 -91 22 9 61 65 38 32 -19 25 87 -32 -82 44 -82 91 -23 22 14 -8 -79 -12 19 -41 -38 -87 -57 64 -96 86 -21 -34 63 -5 -70 57 76 61 -60 23 -39 -29 91 99 
56 -29 98 96 -59 -39 -53 -3 47 -26 93 -96 -29 -43 67 87 2 -96 59 -27 23 -42 -77 -90 -95 -43 64 -88 -50 -76 85 27 -53 -73 17 -59 -66 -65 98 -52 -29 42 85 56 64 38 67 -89 -65 -12 -49 42 58 -71 -95 -74 
63 -69 50 -5 53 69 6 -86 -98 -9 -48 0 -31 6 75 -68 1 2 -48 -80 49 -1 5 -41 42 81 -18 79 53 -74 -29 -42 90 67 57 -21 -6 -32 79 -2 5 -69 92 17 -59 56 37 72 59 -43 75 77 -99 67 5 -76 
-16 -98 -83 92 37 11 59 41 -24 -22 -4 57 -26 -98 -6 -57 30 41 -44 -46 44 66 32 33 31 -87 59 -49 68 -66 17 10 32 86 24 53 27 -50 -6 36 70 20 -9 92 -23 56 -47 72 23 46 -31 70 -30 95 -85 55 
-31 97 28 82 15 42 -87 36 26 -24 -73 -46 17 -87 -69 46 -50 -90 -79 16 -81 -99 87 12 29 -5 98 7 -19 -83 95 -35 76 82 -39 54 -99 -60 73 -3 9 5 -83 -16 -48 -85 -37 -66 -54 82 -52 -87 98 -11 39 -90 
-100 25 41 -78 -95 71 -98 7 -19 -24 74 28 94 -6 38 -68 31 17 60 -38 -52 9 -46 -27 74 -7 -83 -6 -74 -18 33 -26 46 5 55 -28 -39 2 -57 -39 63 21 90 33 95 -28 21 -50 77 79 98 88 84 -43 26 -60 
-97 -15 97 65 -25 -7 -55 -25 3 -87 -41 -64 61 -79 78 -75 -87 95 6 3 81 -24 -19 -35 23 33 64 92 -98 74 17 93 -89 -21 91 88 95 76 -88 -14 -35 -13 83 -97 -21 77 20 91 89 79 -43 32 42 54 -57 -17 
0 -8 -74 62 -17 24 57 -58 8 -73 34 -64 98 -43 -48 21 71 -50 -50 40 62 60 76 25 53 84 12 69 -66 -46 47 -86 4 -24 -93 -84 -85 -44 97 -38 87 -90 27 90 68 30 -90 -89 -2 -25 0 75 1 -7 50 -52 
-83 -15 -24 33 34 -80 26 17 4 -18 -77 -52 1 47 -30 89 71 75 37 -33 35 36 -77 95 -67 -31 41 -84 -12 -44 87 -24 21 -33 22 67 -95 -37 -17 -25 94 -42 99 25 51 59 -99 54 -31 -18 39 -31 22 60 -90 75 
33 36 98 34 45 -22 80 98 -7 -24 80 14 17 82 -15 -84 -2 -46 12 5 17 32 -3 -32 77 34 83 -14 -92 63 76 4 -96 -77 42 -84 -71 -21 -28 68 24 -16 8 -68 -23 19 -52 100 74 -25 57 -42 -33 -21 -68 -17 
-61 -32 52 24 -79 -26 94 36 0 -8 -44 -93 -84 -72 71 40 -42 -35 -86 80 -89 47 -40 -4 6 -86 -69 52 91 -40 74 -1 -32 -71 79 -92 -69 27 -94 96 -34 69 -51 -86 -94 97 -54 15 -99 22 65 -17 -86 -96 29 100 
-46 39 -45 -1 -46 70 -4 -43 57 -42 -79 86 -63 -98 53 25 52 69 31 29 -42 -76 -91 79 44 -12 -61 -9 44 57 -78 24 -97 6 -95 64 -19 -4 36 -72 1 4 -3 -90 -48 -89 0 -56 -15 -91 7 -56 100 -9 -36 -52 
-3 -84 82 -97 31 -94 -18 23 95 -71 27 32 82 51 -12 31 86 -41 6 39 75 -58 22 -11 -51 -62 -65 -32 61 -53 33 -86 60 -95 -11 23 -6 82 -64 56 28 24 -75 89 -83 65 -12 -51 -48 20 37 -3 -32 93 -26 -42 
80 54 -18 -62 92 -60 24 -3 33 57 94 -96 12 -80 -21 27 40 -44 23 62 55 48 91 -72 -54 -93 100 8 17 -33 12 -2 -36 -61 -43 -17 41 65 -42 36 14 -31 50 67 -100 86 -53 65 -3 -26 -50 72 50 86 -23 23 
48 -70 88 -53 49 -92 -41 -60 6 40 97 83 -72 -99 88 -100 -98 -86 39 -57 5 22 -81 -23 23 -68 -53 -54 -63 -71 73 -78 -30 45 -70 53 79 96 -34 24 -53 -48 -31 -21 -74 -72 83 35 -24 51 -1 62 -16 -52 -37 97 
36 -93 -39 -55 42 -72 79 -26 53 62 58 66 20 -71 -24 -77 -48 -37 83 -19 -18 22 54 72 -24 22 -28 0 -28 -60 -48 52 73 57 -8 41 -12 66 66 87 -83 4 -29 26 22 -75 22 -84 1 40 -85 -21 5 82 -6 29 
18 -17 -93 28 77 -54 23 -70 -80 63 87 -75 44 21 46 -65 19 -94 66 97 -86 1 35 -47 -54 76 -7 -62 87 98 3 79 64 -77 -96 -27 52 -99 65 11 -61 21 -9 -95 4 47 40 46 -41 -86 -87 -5 -11 -77 -13 -41 
-27 -55 100 -36 -9 -68 40 -2 -89 11 -50 -83 -33 59 -100 52 -65 20 84 -18 -85 23 -22 69 -1 81 98 2 -69 94 -9 99 80 96 -26 -5 -72 -46 49 -63 -52 -16 -5 -68 -11 36 -19 -71 83 -38 85 -79 84 -37 -100 -50 
75 -91 -46 -74 -9 92 -68 21 -44 13 45 65 -4 -67 -85 30 33 13 -67 -24 -88 -29 -56 -56 90 -31 -16 -43 -29 -86 88 -14 -27 44 -30 51 58 -85 -34 -89 38 74 -46 -61 53 -13 -97 -88 -78 12 58 91 -84 -7 -28 -15 
-33 -59 100 -20 92 -50 -8 61 55 -45 88 -69 16 -73 91 -69 -48 12 60 -23 67 36 59 -64 -59 74 -18 65 4 2 16 89 -55 42 56 -89 -22 100 -4 -59 -65 27 -90 -27 59 41 -68 8 -3 -70 41 -33 85 64 -95 -9 
-6 44 31 -17 -83 -82 -72 74 29 32 -13 -80 4 91 24 90 22 -13 -29 -79 40 66 20 16 3 74 19 -69 -64 41 -92 21 -38 -73 -6 1 -100 88 -4 -29 -35 -52 -28 67 -74 11 80 83 97 33 0 72 -28 -2 6 10 
-15 98 87 14 8 40 16 6 4 39 60 -43 -22 1 -53 70 -5 14 -74 40 -7 -62 -8 8 65 11 99 87 15 -35 -65 93 -74 -53 6 79 -11 -75 82 -29 84 -85 -50 -46 77 31 0 -38 -37 41 45 75 -47 -9 32 -38 
96 -63 -23 51 -81 -33 59 -57 -2 -69 -41 46 58 34 14 81 -47 -5 93 -69 72 -28 -67 -38 -29 -15 89 -37 95 95 -69 -29 -71 -33 32 -79 3 -29 93 -73 69 13 -29 -62 78 -75 -99 51 -84 -54 -7 -92 26 -42 59 -94 
-73 24 74 -59 86 -27 -61 -31 -76 11 -99 10 82 -49 82 -90 -62 32 84 64 81 74 69 88 93 64 -11 -36 -54 -25 6 -53 44 -10 64 -76 -22 2 18 -1 27 1 -49 -24 -64 -65 -56 14 -78 8 0 59 18 -68 1 65 
67 25 -87 90 -65 0 -88 68 42 -63 52 -35 -59 -12 -78 66 70 0 89 -10 -67 45 -72 15 7 -78 -15 -31 -52 41 64 -91 -19 -58 -16 81 -79 -56 -73 85 38 54 -96 -88 29 56 -63 -81 55 59 -36 -37 -70 94 1 49 
0 -82 38 -9 -13 -99 28 31 22 -2 -49 99 -35 68 -34 -9 -9 3 40 39 -4 72 -70 -14 -91 -79 96 94 -61 27 50 -50 63 -52 59 -5 44 -55 -58 -81 -2 65 76 -81 -93 -54 35 66 92 27 -76 75 -54 -86 -81 -23 
-75 -70 -70 79 17 -82 -91 88 -24 79 94 -81 -68 75 68 69 0 -45 62 -41 94 60 -48 85 4 -30 -2 9 -36 -11 59 -46 -73 69 81 -95 69 -39 -91 6 96 39 -15 42 1 -5 -97 29 -28 -35 -31 -67 81 -15 -60 -3 
46 55 67 -8 1 -14 -68 -42 -36 16 -53 38 33 -32 -7 47 -62 -62 -16 -34 -1 -86 -21 -8 3 93 38 36 -22 -35 -35 -49 -21 93 82 -92 -69 26 -28 9 91 83 16 -59 -32 -90 53 33 57 -30 -76 -60 11 41 -72 -62 
-25 -1 83 -87 71 70 45 -61 -11 44 -21 -45 -39 -83 84 16 -36 54 -6 16 79 66 -49 80 2 87 11 45 -31 98 41 78 -4 97 -48 -46 -28 92 4 39 -86 -46 54 -62 -86 -67 -9 47 35 29 17 -5 -7 11 89 71 
-92 5 -36 -41 -56 -73 97 2 26 80 -34 17 62 -62 -43 21 23 -48 -46 -85 -29 6 -56 -29 -46 -97 46 65 -72 23 -76 60 86 -58 87 -61 -92 27 -87 -19 91 30 -94 -65 58 49 24 -43 44 13 -48 -78 76 43 -55 -36 
-83 -52 37 -98 60 65 85 89 26 -67 80 90 -72 11 90 65 -49 -80 89 58 60 -41 -67 99 34 -12 85 -15 54 11 82 70 85 -54 48 -75 20 -60 23 -22 58 -40 -70 -67 29 55 -43 -70 41 38 93 52 44 -53 -94 98 
2 -46 -75 -31 49 -10 35 -18 -21 -42 18 -80 59 -16 -24 89 -22 86 8 -66 92 32 -18 97 -80 53 24 -86 -85 77 -26 -54 -72 -81 24 -38 14 -8 -55 -52 -83 3 -7 -80 -14 -37 -87 53 29 -11 72 -38 -85 12 70 68 
3 14 -26 -18 20 10 37 24 84 9 -21 -2 -71 4 3 18 19 -76 10 20 -31 65 38 -78 -100 -99 -12 -88 -79 -38 -33 -98 -64 91 19 -51 -37 32 39 44 -63 0 -81 -40 67 96 85 25 88 7 -68 42 -35 -99 -27 -2 
-26 -48 -82 -29 63 8 81 -87 11 -71 -80 40 -69 91 51 -29 -21 -12 34 28 -19 -49 -71 72 35 -8 99 83 -44 -47 -36 67 99 -39 -93 26 81 51 -71 38 33 69 -45 -14 -24 -8 13 86 72 -45 98 4 -87 -86 58 87 
-32 -12 -28 -35 20 -86 3 65 57 88 -9 -13 -28 40 -35 -60 9 -30 -92 59 -46 -33 34 -41 65 18 99 -73 -2 56 75 35 -28 30 47 -31 59 91 -82 15 -45 32 65 39 -9 -4 -13 89 51 -58 35 -95 76 42 1 -54 
49 -21 69 84 96 6 20 4 -45 31 57 -81 -91 100 -48 81 18 -4 -38 7 -30 -91 12 -41 -52 97 -12 42 -100 83 -6 17 10 -100 52 30 -18 66 98 48 -13 88 -52 -53 -93 63 88 35 47 81 -5 66 75 -83 46 14 
-43 -8 23 -1 60 38 -30 -83 -69 -4 91 80 52 73 63 -54 9 -70 48 68 38 -42 -87 -86 -70 -89 12 -56 27 -85 11 64 51 56 56 25 16 60 -62 -80 44 31 39 5 88 -52 78 -71 -77 -35 -4 27 -57 -37 3 77 
-18 89 56 82 61 -51 -83 48 94 0 58 39 -57 -77 66 48 -28 -10 99 -61 -11 -45 -75 67 -86 -79 -23 -92 58 -92 -83 -5 -86 22 -50 -14 47 41 49 99 -73 60 47 -54 -44 73 68 91 -66 -28 -68 -49 71 -17 -98 67 
-1 -60 63 -80 58 -80 27 -94 47 -12 -73 -68 -48 -8 91 73 -25 31 18 4 -44 13 81 -2 -71 83 -5 24 -85 90 60 98 0 -35 -48 32 86 74 5 -52 9 15 43 20 -82 71 68 -76 65 -73 79 91 70 -17 -73 -90 
85 57 -49 -53 -46 27 -79 -86 9 -29 -15 -1 -12 87 -57 46 -90 -95 -76 17 -86 -20 79 42 11 34 -43 81 62 27 96 65 89 88 0 -32 91 23 -38 9 -33 1 35 -62 -19 22 -56 -59 18 24 59 17 -75 -94 -60 -37 
25 39 -24 -19 -11 -12 30 -4 -16 83 -55 61 -40 39 55 11 -64 -6 -71 28 27 86 -80 -76 -2 -77 19 -72 58 -46 -28 26 -21 -100 98 -40 -72 4 25 -44 -51 -80 18 45 -18 96 -29 26 37 59 68 76 -60 -74 32 96 
-90 -4 73 -20 -77 54 -49 38 -100 51 -65 96 -8 -69 33 85 81 -62 43 -71 95 -33 -31 -95 -23 -2 47 0 -100 -17 -72 44 25 -50 81 -93 -48 -92 -49 -81 70 85 85 12 21 11 29 40 -75 -77 14 51 37 -12 69 -35 
54 81 34 -16 0 87 83 -48 34 -31 84 -96 26 68 99 39 43 25 -30 90 69 23 -20 37 -93 -22 7 -7 -95 -54 18 -7 -18 56 61 92 49 -94 -79 -39 41 50 23 59 92 -62 -83 -97 -11 -10 63 12 53 76 -65 97 
5 48 6 98 -32 -79 -97 -70 -40 -33 -94 55 7 6 3 66 43 60 -2 100 -98 -87 45 -55 43 -30 -89 33 57 32 7 -3 -73 -34 -90 -99 -5 15 92 70 55 16 53 26 -72 37 88 -26 -62 41 -34 82 -22 56 -69 -75 
-26 -33 -98 36 98 29 30 91 -22 61 -85 74 -1 -72 71 -35 -77 -81 29 -100 -59 94 63 43 -14 17 -30 -24 46 -64 2 -37 79 -58 -81 -91 -62 77 61 20 87 83 -84 75 -2 -67 25 49 -37 12 -78 3 21 -91 -47 -74 
-24 4 14 7 10 23 19 46 75 23 -54 16 -81 56 -47 2 -35 98 -16 -89 -25 85 4 79 84 -45 -5 91 -36 -86 -13 5 64 -17 -39 -10 -59 -6 53 -31 -71 -33 10 -22 91 -11 -74 58 -15 41 75 -25 24 28 29 -19 
-81 30 -51 -66 6 -22 54 24 -90 -44 -14 8 47 -66 89 -59 -60 -8 18 8 -96 17 -43 -85 -22 -9 0 -83 -67 2 37 -24 9 -62 -98 -3 22 -33 -94 62 37 28 51 5 -41 -41 7 79 94 -89 93 -1 63 91 -30 7 
-94 65 34 -47 9 -16 -26 -51 -36 -58 73 2 98 -60 69 -38 40 25 74 10 -33 -24 53 -33 77 24 -10 70 -27 -24 39 34 -81 9 -13 -31 36 -69 -83 5 13 -41 59 -1 61 9 24 93 59 80 28 69 51 -29 -41 -88 
25 29 -26 -84 -93 73 48 -72 9 37 -91 -58 30 13 -56 -33 -79 98 -14 17 43 78 -34 17 68 -47 43 74 11 -65 26 -55 12 -22 18 9 33 90 65 41 -34 49 -39 -78 71 88 -60 12 42 -59 -46 62 -94 56 -15 96 
61 82 74 91 62 12 -45 -65 83 -38 69 11 74 95 -84 14 -18 98 -82 24 -65 -26 96 -4 54 82 -61 3 34 53 -41 -52 -82 -46 20 -15 63 34 26 -1 25 -17 -67 85 62 -88 -71 -65 100 -51 91 -71 7 23 44 -35 
13 49 1 -88 -43 -13 78 47 -41 9 75 96 59 90 37 -42 37 9 -23 -37 16 -50 20 -71 13 69 77 -46 -17 -36 -15 16 0 -16 -97 31 -72 -20 81 16 -75 80 18 -41 66 -84 -12 12 35 -87 51 76 98 19 -91 75 
-91 -82 78 -28 -33 26 63 83 78 19 -23 -59 -61 -33 74 -81 14 -59 87 -68 -36 84 -21 93 47 51 -27 23 63 87 -22 -88 70 28 -44 -47 -54 15 57 -27 0 35 -97 -77 -13 -55 -40 -46 -77 9 93 -93 -15 -100 -5 94 
59 -82 41 -37 -69 -75 94 81 -49 18 -54 -94 -86 75 99 85 -68 -58 40 -92 -26 -72 100 -77 -90 1 18 -7 -93 -45 -94 -21 -60 44 54 -51 3 -62 41 87 -60 5 59 -100 -24 55 92 74 8 89 -40 -30 -80 -2 27 -30 
8 -62 -47 -33 44 -6 -34 -40 -76 -77 -92 -78 34 -66 64 -92 -75 -92 46 70 -4 6 52 45 -39 -30 -54 -35 -97 62 -40 -53 -1 -89 21 55 38 -82 11 69 14 -27 -94 61 77 28 -41 -65 93 86 98 56 80 -13 -81 51 
45 92 -11 -95 -47 52 -90 -62 -92 94 86 -62 9 -24 -37 -73 50 89 90 28 70 -59 -56 -22 5 -32 64 47 -98 -3 -33 14 -80 -78 39 -62 -64 82 -19 20 96 58 -1 -27 -52 75 -60 -23 -56 -33 31 42 87 -22 63 -13 
38 80 -57 -19 -37 -27 -3 45 31 -55 -28 48 93 -53 -82 -28 -32 -51 40 46 59 83 57 -90 -15 -19 59 -27 -56 -49 -83 -81 48 9 -94 60 42 57 -15 53 1 65 -54 -77 53 -63 56 83 45 -39 75 42 12 56 -8 93 
-93 -74 81 -75 65 -19 1 -78 -38 52 36 -73 83 -16 -54 87 -29 -9 85 -1 19 -70 -89 100 -8 12 29 48 -62 -42 -1 100 19 -40 48 -3 -49 53 -8 -26 -56 -82 40 4 -76 35 -85 -24 -52 -53 -60 100 70 -96 16 74 
2 -75 69 -33 -15 40 24 48 -85 -82 13 21 10 -14 -99 -23 72 10 53 38 -39 13 -52 -98 -45 -50 39 -34 81 -61 6 -96 5 67 -7 -81 54 -23 71 32 88 -75 80 -17 -61 68 -59 19 52 6 -12 -90 -47 35 70 12 
-12 -46 -41 -58 19 -78 -50 74 -31 32 -6 3 16 16 78 -43 15 -74 51 72 75 99 85 27 -6 69 -57 -39 -88 -52 12 76 23 84 35 -68 -45 -96 -71 -69 -75 35 71 93 4 69 33 88 60 72 62 -91 -64 -1 54 -3 
25 -35 1 -36 -60 -47 98 -79 -70 -32 -54 16 95 5 -46 68 47 -93 63 -52 23 -78 61 -81 -5 -84 -88 -91 34 -14 -5 17 -100 -93 78 -74 90 -88 -51 27 40 -37 31 50 76 67 -60 96 42 43 -61 -90 46 -98 -59 -6 
-72 -30 93 -81 38 -49 -60 8 70 48 81 86 -73 -36 5 -69 16 -9 43 -88 49 -38 21 63 -99 52 -45 57 -21 -9 -2 -79 -38 -81 -3 34 45 60 -6 -34 83 58 -99 82 -72 -38 60 2 -19 48 -30 92 11 -52 61 -30 
-34 -90 62 44 57 -100 26 94 -93 45 85 52 -89 8 -38 18 -51 -50 24 26 64 31 62 -71 95 -61 4 64 70 27 63 -22 91 -25 -56 11 -38 9 34 17 -27 -85 86 97 87 50 12 29 -3 -8 62 -54 70 96 -69 -30 
-13 -17 -28 -84 21 96 25 -83 37 91 1 21 71 -56 -20 22 -92 24 94 -67 -42 -75 -36 77 -35 -41 72 25 -87 -28 41 21 -100 37 -83 -87 -48 8 38 -13 4 -47 -51 57 -30 -15 64 -92 -68 -4 7 1 51 -37 70 21 
69 -70 -13 20 37 35 8 43 25 -48 -11 47 11 -73 35 0 -56 -69 -11 65 15 -44 -33 51 9 -1 13 86 39 -65 74 47 85 -80 27 -74 54 95 8 -96 1 -65 -11 -54 95 -11 34 -71 -86 -14 81 -1 42 40 10 -100 
55 -79 -38 16 54 -63 -94 53 -89 58 -66 -35 71 7 -96 47 64 -99 21 -92 8 -99 -71 91 10 -4 24 4 26 -60 -65 -5 -99 48 -65 -8 -35 64 64 4 -100 54 81 -33 -95 85 82 48 52 83 95 40 -51 -43 -75 -69 
42 -67 -34 -36 48 0 -26 9 -66 -43 -89 -5 -98 16 -30 -13 -42 5 -100 39 89 -55 7 -34 12 -31 -7 -20 48 -62 22 3 -64 -4 7 84 7 -17 -58 -77 -58 19 -84 -24 99 -45 74 -66 33 -4 1 15 -39 63 -51 38 
65 15 86 21 45 -22 -13 42 -16 -55 -74 25 -12 -96 48 31 -66 59 -22 21 79 -66 -73 -57 52 88 -59 97 -2 53 -36 42 19 -23 2 65 -80 -38 -8 84 -88 87 15 96 -80 -80 -50 -2 72 26 63 0 16 -27 49 13 
-91 -3 39 30 87 8 49 85 43 58 14 34 -39 -56 19 79 3 21 73 30 4 -71 -22 -16 -24 28 13 47 -14 -32 76 -20 -100 -83 54 9 -26 -75 -97 -14 -62 -60 67 10 -69 -52 -6 60 86 -24 -32 72 -80 -34 30 7 
40 64 23 -86 -14 -54 -13 -74 100 32 -61 82 -24 31 -35 47 -27 -67 19 -22 75 -17 -64 -62 -74 19 9 -95 6 21 -92 -43 -89 -71 -86 -88 -46 94 -72 -24 -54 -86 78 -72 49 -60 -46 -39 -95 89 44 52 28 43 -21 -87 
95 -57 72 36 18 -3 73 -75 48 -77 -55 80 6 39 50 72 15 75 74 33 -24 -26 34 -89 32 95 -78 -48 11 25 -29 65 -84 -13 1 -35 -92 42 -76 -34 83 -82 73 -30 63 58 50 35 -53 40 -2 -13 67 56 -11 -37 
70 -8 -39 17 -19 83 80 51 -84 77 62 -79 -6 -86 -79 -20 5 85 100 96 -44 81 -15 11 18 33 -75 -66 -30 13 -88 88 57 -94 -8 14 61 -12 38 -10 -7 -50 -92 33 -21 -19 62 -69 -35 -17 71 -83 71 -80 -29 -4 
-34 -13 -78 93 -1 19 -81 82 -100 61 -45 -14 -65 -62 -2 -100 27 64 68 -100 -18 51 -91 80 -10 6 -94 95 11 -93 -34 -59 52 -49 -56 -22 23 27 -90 -31 30 99 -39 50 64 70 -90 -75 -73 13 -73 -76 -46 76 79 -91 
66 -7 92 46 63 46 46 -43 -19 39 11 94 -30 99 64 -45 -50 -54 29 -27 20 -87 -78 61 14 -97 40 -78 -38 3 -34 8 -65 39 -63 47 69 -33 -9 -75 68 68 11 74 -57 30 33 0 -35 -73 66 -40 -54 -92 -93 -78 
-63 75 -57 -99 -39 91 93 98 25 75 -96 58 -42 -84 88 68 99 84 -78 2 52 65 68 -46 -73 -84 15 65 -26 -41 96 69 -28 -24 -68 -77 70 -30 85 -25 -87 49 12 80 37 -18 -14 83 -15 -11 16 73 -47 11 39 -90 
24 -47 -57 -45 77 100 -1 50 -88 -98 -45 -74 5 -27 -25 -9 47 -70 43 38 30 -95 -39 -26 85 -5 -24 85 63 42 -6 -83 -65 35 6 19 77 -50 92 27 88 -25 6 37 57 8 93 92 43 -49 -69 55 -14 -65 92 -48 
94 81 100 -29 -29 96 -91 -90 78 27 42 -90 -15 32 -31 -83 -20 -21 0 -63 72 4 -89 56 33 85 13 -13 -65 13 -64 -67 -39 78 -29 -85 -66 -29 24 54 23 -48 -2 88 -50 -76 73 -55 5 55 88 -24 -20 43 0 90 
5 -95 48 -87 -89 -45 -14 -46 -18 10 -97 -41 63 -90 27 -50 95 -60 92 -56 -61 29 -58 -17 3 96 -100 -17 -64 -78 -25 15 27 -13 -97 28 -84 -37 -96 -63 57 -34 -31 -66 42 -16 -82 -42 49 66 42 -64 22 30 36 93 
43 89 -5 -25 93 -100 3 72 -28 30 18 -65 12 -73 94 26 77 -88 -65 96 97 64 24 86 -70 40 95 -5 -60 -92 73 -93 -71 22 19 21 43 -37 -90 -49 27 -73 64 -90 -49 -34 -41 5 -22 -52 94 76 90 -10 42 84 
-92 -9 -87 88 40 -54 92 -35 31 -65 -24 -8 -1 44 42 -88 98 69 -96 100 30 -46 40 -87 -17 10 -3 -11 16 91 -16 -33 89 3 -33 21 -26 51 95 78 6 -69 24 -74 37 -52 -72 -88 -95 15 41 40 -20 38 -60 76 
-62 -5 -14 -43 -80 -73 55 87 16 88 87 27 20 -97 -8 -90 -47 81 -44 26 74 31 41 -73 72 -71 -49 -80 96 -62 80 80 -45 55 -74 -11 26 58 68 80 87 22 6 -43 29 84 -10 39 -43 92 -76 -84 -34 45 -81 89 
48 -81 -20 12 -16 41 -11 77 49 49 80 78 76 -80 58 73 -39 -42 -16 58 -68 24 -70 20 58 -25 -51 -4 93 24 88 1 -13 -17 -90 -62 2 25 30 21 67 71 -4 49 87 33 84 -44 89 -93 -94 89 27 27 66 43 
-28 16 -40 86 47 -57 76 94 100 25 -59 64 -70 -73 61 -6 28 84 -19 -65 -26 -88 -90 -34 22 -100 -29 -61 -28 -76 46 -64 -72 -54 -65 -70 -23 72 -55 -70 66 -32 42 27 71 52 -31 -100 97 72 84 -8 26 65 96 -8 
-98 -46 -1 83 15 -4 -64 11 -90 -75 61 -1 -17 88 -30 -30 72 44 -79 -66 33 -48 -41 65 -34 -33 -33 98 -94 -5 2 32 -14 33 -70 71 26 78 95 12 -84 19 -56 -74 -98 48 13 -70 -98 -33 67 -43 -2 72 1 92 
29 29 45 43 -42 -73 67 -69 -17 -90 -51 83 67 -72 -68 -51 -34 32 -94 61 9 -32 -40 47 68 -3 -4 87 20 -2 -19 -25 56 -53 96 -4 -67 -39 -60 67 -57 72 39 -54 -89 91 -65 -8 37 48 10 -41 60 54 58 98 
21 38 39 35 2 80 -76 82 14 -89 -46 -78 -30 26 87 -38 53 70 17 73 -45 -90 14 -61 -9 71 71 -72 -65 -61 -4 -90 19 -93 -82 51 67 -43 12 -80 -63 41 74 -29 -48 -81 54 -48 -18 24 56 67 25 93 -79 4 
29 64 -27 67 -7 35 -48 93 -68 -35 26 35 -60 -48 -79 -7 -7 -16 11 -41 65 62 0 -77 -65 -30 77 93 77 75 45 79 89 57 1 -47 12 83 88 44 29 -1 -17 66 93 29 56 34 -99 37 -57 -61 -72 -85 2 -86 
-42 0 -19 69 100 84 -38 -92 -77 -17 69 38 -58 8 -68 -15 -29 19 6 66 -67 54 7 17 38 19 50 -47 78 71 -99 -23 98 59 8 -27 -3 58 -67 97 17 -2 -68 -74 6 -5 -5 -74 85 -35 54 -54 16 -65 -47 -28 
7 -29 -72 68 -70 -33 -49 6 65 -74 -28 18 -17 54 -59 -81 -70 24 -50 18 -3 -51 56 -98 86 24 26 30 3 -94 -63 52 92 -82 22 59 90 -92 -10 -64 57 63 39 88 -97 -81 -17 74 97 23 -95 89 -15 -65 75 91 
81 99 0 5 78 42 -67 66 -86 99 -9 62 88 71 -87 -7 -26 31 -30 -45 -81 -46 0 80 -68 97 -53 25 -34 52 41 1 -65 -53 -85 59 -22 65 38 63 38 -47 34 83 68 -89 -61 -32 -48 85 -40 -99 22 27 59 24 
49 -82 42 -95 -82 -18 -13 -51 -98 27 -53 -60 -79 90 62 32 24 -10 -94 69 -97 9 98 4 -14 87 93 67 0 89 33 -50 42 93 26 79 -92 -14 -54 46 -82 95 -25 -46 4 7 -15 1 -77 -93 49 40 59 -87 -19 45 
24 -5 -58 1 49 -56 -86 -57 23 -66 42 97 -8 -43 -82 -23 23 25 95 -66 -12 -53 -37 100 36 -13 -56 86 -18 25 67 -2 -5 69 39 6 74 -87 -4 16 76 -4 11 -61 -23 -70 84 49 -12 -26 70 -4 -30 45 -44 82 
43 -3 -49 -31 -52 -23 -5 17 -90 -100 -20 -80 91 -51 -74 73 9 -54 -10 -58 80 55 -31 15 16 22 -64 16 77 -27 99 98 65 20 64 93 23 60 71 38 -43 20 -94 91 69 -98 -71 50 85 5 25 68 -22 11 -24 80 
4 -41 -16 -46 50 -63 -57 -17 -12 -65 -69 -78 -66 -12 20 97 53 -83 -20 -4 -32 -6 -96 -87 45 -18 -78 -15 -19 96 -3 79 76 38 2 -15 62 33 -44 1 -81 84 -74 84 69 -94 -23 -65 -9 40 -83 -50 79 -28 -63 -8 
55 -37 -65 35 32 4 44 -20 79 -17 -6 79 54 67 23 97 10 76 -36 -98 63 7 -32 2 14 10 29 16 -63 -58 47 -33 100 62 6 -93 -76 29 -73 -72 -99 -83 -42 -53 76 -11 12 51 0 -12 15 23 77 -85 -22 -8 
-35 20 65 -10 -88 22 85 -60 57 57 70 -45 11 2 -63 42 100 33 -53 -68 -63 38 -4 -48 -7 7 -79 74 -83 -5 63 66 14 41 -37 0 -87 66 -27 27 -92 2 -17 -84 75 -93 28 -91 -1 89 -77 -86 -43 100 90 -29 
48 -45 66 -95 -12 -76 -3 -26 -79 -41 63 74 6 -19 54 -98 29 -78 90 -74 -68 89 -1 -50 -46 -45 10 56 34 76 84 -6 -56 17 32 81 87 -13 -77 56 -30 84 5 76 18 48 -39 -57 -74 27 -73 -61 13 72 41 52 
