-72 -76 96 51 -21 75 41 17 38 83 32 100 -68 -36 18 -14 90 -43 -57 -39 7 29 -60 -21 9 58 -34 11 -55 99 78 -78 -71 0 17 -52 -9 40 -34 -4 -69 -79 -33 -57 -81 7 -33 30 -21 25 -21 21 69 -42 -15 27 19 -43 -1 83 -35 -90 -98 20 -9 -40 93 90 -77 -91 -58 73 87 
-42 -58 61 -78 63 -88 33 94 74 89 5 -71 14 94 67 -30 -77 -23 89 -26 23 58 94 53 -83 80 -92 19 -48 29 -91 -13 -78 22 -74 -76 -47 -45 -57 28 -45 -91 99 -73 -99 -42 9 77 -47 -13 -81 28 40 -1 75 70 29 6 72 -18 30 79 -14 -52 -21 54 -36 -87 -33 -51 -10 -67 -70 
8 90 -97 53 23 2 -30 -93 76 2 -85 -41 -41 37 -47 72 62 -100 -82 -29 93 83 -85 -20 35 81 -69 -37 -39 -50 -92 51 87 -82 36 -44 86 60 28 -60 16 61 -10 -50 -14 5 -20 -28 -83 53 45 74 -41 -45 95 38 -37 15 -19 -63 -100 56 -39 100 8 -13 -81 16 4 81 6 11 -38 
54 90 -78 -51 -33 -56 72 -75 80 66 -76 50 -39 73 -73 76 66 82 82 -63 17 -74 36 -4 -80 66 -90 13 -10 -91 -53 -38 -44 100 -68 96 65 -77 3 56 -66 79 46 -99 -25 -30 -31 20 86 81 -80 37 86 -85 -43 42 -11 -59 26 99 -17 -26 42 16 19 99 -4 93 -66 89 99 -47 -79 
-17 79 -100 -95 30 -60 -79 -38 54 -69 -15 79 17 66 42 79 34 -63 -61 77 -69 96 -16 -25 -2 -15 18 22 30 -87 38 -9 -75 -29 16 49 -56 -88 -23 -93 76 -13 -29 -4 27 48 41 -29 -90 20 -11 19 38 -8 94 70 15 20 -24 -95 -78 -23 -32 -36 -95 9 20 -99 60 -34 44 -70 -32 
0 -78 -53 88 -94 54 25 -9 5 89 -91 -19 77 -1 -61 -8 63 -31 90 15 -94 -40 21 2 -86 63 55 -22 -61 11 82 -77 73 45 74 -5 -86 -2 -34 21 -82 -83 -77 -41 -90 35 64 91 91 -56 -49 -2 -42 -41 56 -28 -30 -58 -55 81 49 -92 -29 -95 -52 9 28 75 63 -48 78 68 -40 
23 98 81 -17 -74 69 -59 30 -2 -31 -47 -70 -85 -48 69 -83 13 39 49 -57 -47 -94 74 37 47 100 -80 36 -79 -49 -2 -83 40 -29 39 -52 -63 -54 66 19 -51 45 -70 -89 25 -28 24 -63 -95 -22 64 -69 35 -39 -11 -30 91 49 -96 -22 -15 -65 94 -80 -65 -12 -89 65 36 -16 -99 -71 77 
-91 4 -22 10 15 10 42 75 -97 42 -59 32 -40 35 40 -71 35 52 -15 99 -53 -6 -70 48 52 -25 15 88 59 0 -37 -82 80 -39 83 77 -56 62 58 -89 -59 -42 -41 75 42 -22 73 0 -46 -73 -55 23 31 -27 -77 -2 -53 54 82 68 84 34 -86 90 -69 -89 -48 52 25 -75 -28 36 72 
-48 40 81 -5 -56 74 47 70 -1 44 70 -70 49 51 -55 7 -72 45 58 73 -36 58 -30 -6 37 14 56 -55 71 -37 97 -4 -30 54 -6 -80 -24 -83 -78 -95 -95 -23 -87 2 -27 -50 19 -98 -19 -13 -95 67 29 -60 -7 -47 8 91 100 -70 83 -56 13 58 -3 8 50 55 -90 56 -50 -19 -97 
-22 20 -46 7 -20 90 28 53 78 67 -30 91 66 -37 15 93 -79 16 49 8 -53 62 46 -88 45 79 -11 -7 -29 -23 -45 67 43 -48 68 23 53 70 3 27 -95 -82 -12 42 -28 -18 42 -17 -98 71 -83 39 -30 66 2 -53 20 98 -60 56 -56 47 13 72 33 -23 42 50 3 -99 -77 90 99 
99 99 39 47 39 0 -93 47 56 -64 99 -96 21 27 -40 65 -60 7 33 73 5 -81 -27 65 65 -74 -68 92 -78 84 5 37 65 -95 -17 50 72 18 -31 -79 -36 -66 65 87 26 -33 14 60 73 49 -11 54 25 -45 27 34 -24 79 -5 96 77 90 -29 50 -63 34 -74 20 -14 11 -86 56 86 
83 97 28 57 -83 23 -40 44 35 86 61 73 24 -2 -24 2 7 15 -5 -5 -51 -4 -34 -46 -95 -17 25 94 76 81 -85 -51 77 -8 63 34 -51 -51 29 27 21 70 -8 -65 -54 -35 55 37 -70 49 81 21 -50 -9 -60 15 56 15 12 66 37 -74 63 82 -62 10 -21 44 -51 -74 -39 -5 -55 
32 11 40 11 -84 -4 -50 90 26 -27 -87 -83 100 86 80 34 -36 48 -1 20 -73 -34 -92 -72 -36 -82 -57 -5 67 79 33 50 52 -94 90 83 31 -56 -50 12 -18 -47 39 -94 -68 -69 -83 -14 -82 1 -49 -70 -77 -40 75 -14 -66 -92 -21 84 -89 63 -62 33 12 45 86 52 -89 -35 -8 85 18 
2 88 26 -7 -15 3 88 -79 -23 32 5 -25 -49 -97 75 54 9 -67 -6 12 49 60 57 -66 -7 20 -7 -51 -30 -71 -72 55 -37 90 99 -40 -73 -41 -10 -36 32 -25 -85 -41 -36 -65 56 -96 -53 81 -42 -57 71 69 50 -94 -62 2 -23 38 -11 1 77 -99 -94 -55 100 6 -1 59 -24 22 98 
57 -51 -12 -51 94 21 -56 16 -66 -32 -92 16 72 20 67 -82 4 24 75 67 26 -31 -79 65 -94 -18 28 31 14 -13 72 37 45 96 -35 20 33 1 -52 8 93 -16 75 66 8 -56 32 55 45 -27 -96 -49 -25 80 21 -27 -20 -17 -92 -35 -78 91 11 -50 3 -50 -87 -47 22 79 71 -89 22 
35 2 64 -18 -69 34 0 -8 90 -48 -41 53 -24 -21 -70 -26 -85 -5 -90 -38 -68 46 25 -84 -67 34 73 -51 37 71 48 -95 -35 41 -85 41 13 -53 82 -1 -66 -42 85 -49 -44 47 65 -34 -65 -93 -48 -16 -69 -11 78 -76 -80 95 -8 16 7 -28 -80 13 -72 86 7 72 -2 33 10 -89 -22 
89 -15 74 65 94 69 -79 -44 9 -68 -99 99 27 -15 -69 -61 -48 -5 -43 -2 -22 -55 -57 25 -5 65 12 18 17 -64 61 77 49 -44 -79 94 -77 95 -22 33 12 95 39 56 91 76 66 -19 90 -79 45 -72 64 -43 36 -66 67 -71 17 22 82 -23 75 33 86 38 55 8 -19 -38 79 82 -5 
98 -34 80 56 42 -81 -77 -97 89 -34 96 -66 90 -46 -53 74 25 -8 -30 99 30 -75 -75 -67 13 68 54 -14 -73 -72 -10 54 41 -7 -12 -15 -32 43 -79 -52 -77 -57 43 61 -27 49 -64 -88 38 38 -70 25 12 98 81 93 75 -70 -58 -48 68 -59 -96 13 -44 60 7 6 35 60 9 82 -68 
22 54 -29 -72 -27 -19 -37 -11 2 65 34 -8 90 50 13 -4 -46 73 -65 -75 18 95 24 17 -75 -16 33 82 91 -31 -85 -30 -52 -86 -25 9 -9 -74 53 -23 50 -75 -86 -60 88 -15 10 23 -28 -78 -31 21 -95 -83 -26 16 -95 21 69 52 -46 -40 18 58 25 92 4 -12 -62 2 -12 100 44 
39 -46 -31 72 72 23 -44 86 -19 -75 -81 -56 -6 76 -2 -35 64 8 92 16 -81 28 97 45 71 68 -86 23 23 -9 -95 33 -5 -8 100 92 6 19 68 -16 -50 17 18 -99 90 -76 -73 1 -92 61 -67 71 -82 64 -72 10 -71 80 93 26 -54 2 -72 -43 -16 -100 17 35 32 34 -53 79 36 
-82 38 78 -94 -68 97 -65 9 85 81 -30 -63 42 -57 -71 6 -87 87 48 -38 -16 36 64 83 91 98 -47 73 10 -61 54 -91 -14 -59 10 -20 33 26 -7 59 87 -18 87 -44 -54 -16 -10 -97 -87 -43 -3 96 48 77 80 32 -49 76 -67 20 -81 65 -9 -90 45 -3 -54 40 -89 58 -100 -30 80 
3 -76 -92 9 52 27 53 87 61 35 89 80 37 8 -73 49 85 85 -80 -67 18 58 66 -81 -82 -31 -35 52 86 59 75 -84 -64 58 -57 -69 98 -97 93 -43 -12 4 36 -19 -66 69 -10 21 -10 -39 18 34 -89 18 54 35 58 84 19 65 -23 -13 -70 -84 -35 -27 -86 76 -20 -65 -80 -3 16 
12 -34 21 45 24 6 32 -62 -97 -10 10 -4 0 -71 15 73 -90 70 81 38 2 -6 30 -92 39 -32 97 -55 -63 -41 -32 46 60 18 0 96 -60 -3 -36 4 -81 50 -94 -82 51 3 99 91 -58 36 -78 18 57 -54 43 -77 30 63 -13 29 64 -12 47 -99 -37 -45 13 -3 -65 -51 -76 -94 79 
-66 -49 11 -11 -75 0 2 51 -75 -3 -49 -35 87 15 -13 -27 -69 21 -66 56 -52 -1 22 -75 39 -58 47 18 39 -9 62 97 57 -59 77 94 72 -11 -47 -85 49 -91 -99 -53 -15 -84 38 -46 84 -45 -23 -1 10 -1 -38 99 -13 -58 14 7 -92 -28 19 89 49 99 37 46 -13 -86 -87 46 76 
-98 -25 98 97 38 -56 -6 -5 -16 -46 -13 -92 43 -21 1 32 -4 8 -54 -69 53 75 -43 -30 88 -10 -1 34 56 -11 -24 59 -84 -46 -73 -65 -47 -13 -19 88 -5 85 -72 45 -46 -63 -78 20 -26 -42 43 -5 55 -88 -53 1 63 -17 14 99 3 -80 7 -93 -77 -8 89 -90 -36 64 86 -1 -18 
-24 -18 13 94 -3 -65 -83 -84 -54 -88 -94 -16 95 -5 57 65 -18 61 89 77 -27 19 -17 -14 -80 -41 -25 35 -94 -87 37 66 54 -28 -19 96 68 85 -6 -96 -7 38 26 -100 7 -15 83 -55 -35 89 -90 75 5 -18 -67 33 -14 69 -68 9 28 58 33 -47 77 -19 -97 23 45 -53 23 14 94 
87 20 8 12 -99 23 55 67 70 71 48 35 32 55 -85 -14 -72 6 -71 75 80 24 77 6 -17 88 -59 -35 20 56 -34 63 -53 86 30 -92 -4 -31 50 -18 -98 -87 71 37 49 -56 79 -72 -38 22 -20 -87 36 32 -40 68 -60 41 62 99 10 -41 97 29 69 -37 5 50 -60 -68 -42 -16 -12 
-66 -21 85 -41 -74 -36 12 32 -55 29 73 1 74 60 -84 -95 72 -90 -54 72 -12 -81 32 69 -2 56 -34 1 95 74 -97 -74 75 -99 16 71 72 -25 -89 14 -7 100 -89 12 23 98 92 -26 -29 53 36 -59 -92 -72 26 51 -51 -6 -63 93 -15 -94 2 -23 97 14 7 95 90 -21 -62 -70 86 
43 -98 -23 -55 -48 -29 -100 100 -43 23 63 11 29 35 -66 -41 -61 91 -35 86 -44 31 37 -13 88 64 -42 -87 -38 -90 20 -68 -18 -58 52 90 53 -74 12 -48 8 -16 67 31 4 60 -57 50 77 -20 -43 10 -5 -31 44 -7 4 -85 30 57 -17 -10 -84 60 -40 -83 -25 56 35 -28 -68 82 -42 
17 -11 -8 24 -5 -35 41 75 -55 -13 -37 -18 -45 37 -19 -30 87 6 68 -30 96 -77 69 20 -48 77 54 -69 8 -39 95 82 86 -60 29 28 -17 -91 48 -5 56 -84 71 21 93 49 42 -3 -35 10 2 21 -43 -11 81 69 -34 -60 -89 44 18 60 14 -82 74 68 -86 60 46 43 -7 -84 85 
93 -53 -90 44 99 -100 29 50 33 90 100 -32 -23 18 91 56 97 7 -6 -94 38 -40 10 -77 23 26 65 99 -83 6 -5 -35 67 -72 38 68 25 -69 -62 -10 -88 -27 -76 -76 95 78 90 -5 13 55 93 -60 3 -56 40 97 55 -86 -54 -23 36 76 87 21 95 -61 8 -26 -88 35 18 62 86 
97 17 -100 -90 -22 73 -99 14 -82 -42 -73 60 -66 6 61 -69 -44 -60 -35 -50 49 62 -5 58 80 74 82 -90 -45 37 -15 -67 -46 84 75 30 -92 26 -77 8 -80 45 4 -85 36 -1 -55 70 75 -63 -70 48 35 -68 89 68 -50 96 92 50 73 -96 -78 -43 47 -92 38 -85 -4 72 46 33 -57 
62 62 49 -55 70 39 98 -81 -77 -49 30 98 65 -100 96 90 -43 -84 -6 26 39 -80 84 1 33 49 58 28 21 17 -86 -43 17 72 -83 -43 -60 -11 85 -62 31 -83 69 57 -95 34 -71 3 -42 74 92 -36 -13 86 -85 -70 -4 -78 44 -8 9 92 -62 56 91 -41 47 60 -85 97 87 96 99 
-93 -43 80 6 94 -90 53 10 29 19 -65 68 -50 100 33 54 -80 82 -81 -73 -12 96 11 84 -76 95 -77 81 76 77 30 38 97 95 26 96 8 -9 93 68 -90 15 92 -46 77 99 62 -29 -32 -37 49 31 83 81 85 10 59 -2 -68 54 -59 79 -80 18 97 -92 -10 51 43 83 -92 2 -23 
8 40 27 -54 71 40 -67 80 -61 41 97 -4 -87 -33 44 -43 7 -43 -77 -31 93 86 55 -89 -40 -5 -70 -22 -86 -91 -32 45 -57 58 -25 -64 -84 99 -66 -45 -68 -88 65 75 -74 -87 -28 83 37 72 41 40 70 -18 -89 93 -3 -74 46 42 86 -80 14 -76 -8 2 12 -61 -28 -99 38 87 -44 
78 -29 -32 57 61 -96 23 -35 11 94 -8 28 -97 58 95 -72 -73 42 99 84 26 -24 -78 -87 -13 41 -89 72 -39 -96 -64 -19 -47 58 -50 -29 -53 78 -57 -4 18 40 20 24 -31 -50 -62 52 77 -27 89 -62 70 -28 -55 5 98 -13 71 64 18 53 28 4 -31 -5 32 35 50 -23 97 -85 -4 
24 -71 10 56 52 78 -50 -65 36 92 -57 96 84 16 -52 83 -76 -81 36 77 -18 3 -42 97 -91 65 -84 39 -51 14 70 83 -4 84 97 38 37 -85 49 -79 -51 -29 20 -94 -70 0 -57 29 76 64 -47 -46 -73 93 35 -67 -64 -47 38 42 31 5 83 -15 16 57 55 -46 35 76 -70 50 -15 
1 42 -41 -64 45 -55 7 50 20 97 76 32 64 42 56 28 39 -43 27 71 5 94 -52 67 -17 -31 -9 50 28 -85 -95 -1 75 51 -27 86 68 33 12 9 51 19 95 -59 -89 21 -82 23 -51 -49 45 14 -90 36 -33 98 14 -19 -60 79 -31 58 -15 21 -57 42 -73 19 72 -70 -86 23 -49 
-46 52 77 -7 -42 -64 93 -75 -72 -12 -13 67 -12 -61 -75 11 -60 69 51 -52 -61 -38 -68 92 82 -22 -17 -54 65 -87 -6 -37 94 12 24 -49 -49 -97 34 3 -11 70 -14 -91 -89 68 -35 6 -14 77 66 -40 49 79 -43 35 -5 57 -51 -96 71 -50 31 79 -99 -58 50 28 16 -2 88 -69 -29 
-99 21 -62 61 -57 22 -3 -60 -100 -46 -24 -57 57 -58 56 96 41 -49 -94 -64 12 -14 89 18 -96 93 26 3 -78 -37 94 40 -44 12 -99 42 -66 -37 -93 84 -38 -10 38 -46 88 53 73 -77 -45 -11 -88 97 -36 45 -97 92 -90 17 94 5 82 36 8 -41 -75 93 -80 -75 54 -100 -71 42 20 
-35 -95 24 -60 4 30 28 47 44 -27 -90 -40 79 36 47 -20 -46 -25 68 95 -7 91 -31 -46 67 -89 64 83 98 35 -94 52 27 -98 -20 -52 -93 33 -33 -10 -81 5 95 34 45 39 88 -97 53 -22 -99 96 58 45 -17 84 14 7 -75 73 -8 -77 56 98 22 65 50 17 4 -95 91 -36 90 
-99 -14 -31 -43 -84 27 -30 -87 -1 90 70 20 61 43 -36 -41 75 69 -96 98 28 73 -12 4 -97 60 51 61 -21 -54 -38 -78 72 -41 -98 -51 -9 65 -47 -66 77 94 -31 -18 -61 -99 73 -16 -21 -16 25 -41 -86 15 -75 -47 5 -79 -31 10 -28 67 73 -90 79 -73 2 -91 84 31 46 47 52 
18 -68 13 36 56 54 -91 -6 33 90 -1 42 63 -99 47 98 -95 23 98 34 30 42 29 39 1 -74 -90 11 80 -89 -1 48 -39 65 -24 67 -43 -30 -92 11 51 -65 -42 -92 39 -76 54 14 -49 6 23 43 58 58 0 84 -86 74 5 -11 5 -54 -58 12 -75 -22 12 -7 -24 20 -3 97 -53 
8 33 11 -47 -80 77 -41 12 -74 -16 -37 24 -82 -69 81 27 90 74 56 49 85 -91 80 -27 -49 -13 -33 95 65 -86 -10 -79 -31 -91 95 55 58 -86 -17 -5 59 78 -1 9 65 -84 58 91 -23 33 50 -17 -71 -55 49 83 -63 7 49 52 -74 -35 12 -79 9 -66 13 -76 90 26 -95 73 -32 
-56 -79 -35 -43 -46 -100 80 23 47 -42 40 29 85 -79 100 -5 -7 -3 58 44 3 -1 -30 -15 -62 -27 74 -37 17 94 3 56 16 -16 77 63 -17 92 -55 9 52 -77 -93 21 73 12 48 -76 -82 -34 -20 -2 40 10 88 -76 -98 53 74 -43 -32 -8 11 -73 -83 11 32 30 -63 76 35 -52 31 
-36 81 22 -6 -78 -72 64 -32 91 -17 97 87 -93 83 -53 19 94 47 -14 -53 60 -67 -6 -87 78 81 81 -92 -29 34 12 -45 57 70 -61 -65 81 -77 98 -4 69 41 -71 15 -49 -20 47 40 62 91 22 -45 -92 76 33 16 58 18 -57 38 -47 -33 70 -31 83 -29 -71 62 -56 -49 -18 14 -16 
65 -73 11 82 -29 5 36 -47 63 90 -90 -10 78 -65 28 -80 47 44 62 86 31 -69 -52 -16 -50 22 74 74 17 -29 77 -73 -63 -99 93 -100 12 7 -16 100 97 -62 -32 -54 45 -84 -47 -12 14 43 86 -28 -24 -7 -49 -60 -81 97 33 -80 62 15 -4 -46 -22 30 76 51 -19 85 -40 17 76 
19 70 -47 92 59 -52 -50 -70 -69 -35 -45 83 37 -62 -3 42 72 60 -76 -31 -96 6 100 54 -29 44 99 -66 -77 70 -76 47 47 87 76 93 72 -71 31 8 -29 -91 -10 75 94 -14 14 29 -52 7 92 60 49 100 -83 -29 82 -74 -55 28 -13 -69 -64 34 -25 -11 -83 -100 28 23 -87 -60 -7 
-1 10 30 47 29 74 12 -87 7 17 97 -60 -26 -64 74 -41 -75 7 86 -40 -56 30 45 -52 62 -16 74 -26 -20 -25 43 -58 20 72 88 -93 83 6 55 51 -19 97 79 50 -6 89 -90 -61 51 -21 -68 58 -90 94 29 -88 -9 -59 -39 -34 81 72 35 -70 -85 -10 -12 -75 -55 70 -55 -39 93 
34 44 18 11 -49 -87 15 62 51 -78 -2 94 -12 -28 -40 -44 -20 64 21 43 -62 -12 -72 -94 49 -30 -74 -56 -99 -76 -13 100 78 -87 -27 9 63 48 -91 -52 18 -19 -43 -68 0 1 -14 -69 -66 -67 5 83 85 66 34 71 6 45 -66 100 -77 -57 52 49 -83 95 -60 -54 -49 17 31 -10 39 
-50 -82 -13 -47 71 -31 -1 54 -86 -23 27 7 -25 -93 0 78 79 -86 -70 72 13 -55 -73 99 -30 87 -21 45 -7 19 96 93 -62 60 -59 62 -41 -80 29 -23 -33 -70 -28 49 57 -56 -88 -91 61 7 -63 -27 -21 -66 -44 48 3 54 -69 -70 6 29 -33 33 75 -53 85 -11 0 6 -100 60 26 
83 -97 26 -55 -28 43 27 -36 -19 -78 -99 88 65 -19 -76 -25 16 43 -46 51 58 98 -17 26 0 -86 54 18 -64 12 5 54 -94 -1 0 -30 -83 86 -20 -50 75 35 83 27 -17 11 -77 -14 46 -29 -78 -44 -45 91 -11 -41 69 99 -57 2 80 74 1 22 -22 -45 -86 -91 59 74 11 19 63 
8 -27 64 -95 15 -38 95 -12 -38 -65 75 81 26 10 -83 -63 -32 62 89 93 -21 -47 -12 -52 -5 -70 5 51 -51 19 -99 8 66 40 98 60 45 -87 68 -100 76 -75 -73 -63 -23 9 99 -61 26 -52 -76 76 80 -16 -53 -10 91 31 -82 -73 -72 -3 -7 81 -23 -35 70 -84 33 -29 18 -1 -7 
82 -74 -33 91 -8 -10 89 17 78 -60 -10 20 67 -10 67 -77 -86 99 80 -46 -36 -71 27 -75 55 85 -52 -38 18 -48 -81 -86 26 51 56 -91 48 -94 30 -61 -74 11 -40 -20 -17 -78 -73 -88 12 -1 64 -55 -29 -83 -5 -73 -87 81 -23 55 -76 -42 38 -63 -26 -49 -96 -90 -81 41 -89 -55 -79 
-31 32 -57 -84 -54 72 77 98 42 81 34 -44 33 -86 -30 80 -74 99 92 -57 -51 -98 40 -1 98 -77 41 -53 60 14 -57 60 57 -90 -2 66 9 -58 -38 -84 -1 -11 -58 -84 -55 -16 -62 -70 57 -54 -5 43 -95 -73 -66 -19 19 -77 -95 80 -32 61 -6 60 -18 61 81 -10 4 -11 -94 5 -43 
-62 60 31 58 4 -30 38 -18 32 -55 85 -37 43 -27 8 35 -63 -82 -35 -88 31 -8 75 15 -60 48 34 96 3 68 -15 -49 -66 49 -96 54 -22 -51 -2 -51 75 6 87 3 -30 33 -84 -30 98 95 56 11 3 59 99 40 -10 39 -70 40 -13 94 0 90 -24 -45 59 36 11 -78 -35 15 -41 
-8 31 -6 -65 -52 27 68 30 -90 85 -84 -44 -87 82 -16 -45 -78 76 87 -71 -48 14 -10 -75 53 -54 4 61 -94 -92 21 -20 35 -40 -73 -33 20 72 -18 -39 58 -22 -95 94 -49 -16 69 66 75 98 76 73 -51 16 11 -53 -21 60 -22 0 -25 -85 -59 65 -52 -30 7 92 25 71 26 43 -45 
19 -94 83 57 91 86 -96 50 80 -41 -62 -37 -17 92 -17 -36 64 -81 -20 23 -72 -78 36 40 81 -64 93 5 96 42 34 16 -100 -51 14 22 -34 81 75 26 39 23 -11 67 -5 -63 92 8 24 31 -3 -29 24 -56 48 -79 16 57 80 -47 -65 26 -91 15 42 51 -29 -54 74 78 -42 -48 10 
-68 56 -41 -40 67 -20 35 -38 73 -30 -55 -78 35 -83 20 58 -21 78 29 48 -16 -87 65 -72 -19 30 -3 24 4 77 -41 73 -71 -60 94 93 -48 -51 52 48 -55 -82 95 -58 -5 -72 27 -3 27 11 69 -90 86 50 -56 -76 59 7 97 0 -92 90 -71 -52 -1 42 59 4 -29 71 93 -75 90 
-6 -13 87 -22 -80 -40 -17 65 67 -22 11 -6 19 -22 -90 -76 -51 75 -44 30 -4 -73 83 -59 -89 59 90 52 93 59 -73 -40 70 39 -26 89 17 -42 51 -64 52 78 90 -43 79 77 85 -97 69 43 35 -99 23 -8 47 14 71 51 -63 -70 21 -58 -32 9 -64 -74 -1 24 81 86 -7 98 28 
-39 -36 -84 14 71 99 -12 57 -64 -72 -30 20 -10 -72 -24 16 -29 -76 99 21 -99 75 -3 -55 -20 -14 45 99 24 35 51 42 24 -91 23 77 63 -49 -39 65 -18 41 -11 40 -80 89 -95 83 -76 85 71 -40 72 52 13 69 -40 29 81 -36 -23 28 75 -70 0 -29 83 80 21 -32 -63 98 73 
94 -20 -29 -3 -38 63 48 69 78 85 10 17 34 70 100 -33 18 -83 72 -50 56 11 26 59 -14 49 70 -66 -60 4 -21 29 -1 18 58 -29 -82 -11 -7 2 14 71 42 28 -37 -39 -27 79 -93 -22 17 -45 66 92 82 82 30 99 -50 14 -54 -81 83 15 11 -12 -22 86 18 -11 -1 46 -69 
61 33 -93 18 98 27 74 67 -30 -93 89 3 24 -1 -76 -25 6 -20 -86 -61 -86 -71 -15 46 62 56 65 -69 52 62 40 45 13 -84 0 6 44 30 91 70 34 78 -27 -82 68 -21 26 -69 97 23 89 -42 57 54 -12 90 95 75 90 -49 63 -16 -24 79 -73 -10 -40 -40 44 -96 -40 27 10 
-82 -60 -56 17 65 -100 -62 -49 -71 61 10 -94 38 -89 65 98 31 64 -79 93 85 93 77 -82 18 66 55 -54 65 29 -4 8 3 -84 81 27 71 -36 -59 43 13 0 82 -51 -39 -33 -12 -23 95 -45 -99 89 -10 62 55 -61 47 -78 -83 -91 48 -47 43 -13 -13 -4 -6 -3 -51 -37 76 19 61 
-1 55 -41 -85 -73 -59 97 49 85 52 81 38 -14 -83 68 10 -46 -82 -28 12 48 -24 93 52 77 49 -6 37 74 31 19 87 50 70 44 100 -98 28 -38 93 -17 -90 53 -80 -64 -24 22 95 47 47 39 80 -68 -20 -43 -85 -19 -70 -66 93 -42 68 -68 72 -14 -15 -31 -41 63 -60 -75 -29 -94 
29 -79 -14 4 80 -43 -48 -84 -80 86 40 50 32 -100 42 32 -45 -94 22 -60 -72 -46 47 -82 31 13 18 -43 -80 -91 71 15 -93 -75 -29 36 -6 -56 -35 -8 -13 -12 7 -69 -48 53 -77 -30 35 -49 -16 87 -17 -82 60 -70 65 -43 -44 75 -20 -92 -62 2 -60 88 8 -10 95 8 -34 63 43 
-91 34 -83 2 -30 55 -68 -92 33 39 64 -68 -19 -13 21 -79 45 -24 53 6 -46 -81 -1 53 -81 -49 -23 9 67 -92 -59 10 -37 -80 2 61 -77 77 60 42 71 -75 96 -56 40 -20 -83 9 -59 12 26 -17 9 17 75 -41 -88 82 62 27 -19 -20 54 25 89 98 -94 -59 -67 -32 17 96 57 
32 94 -14 93 -96 17 3 -52 80 -71 52 20 71 7 100 15 -20 6 100 -59 38 30 -21 56 -57 -58 -48 -23 60 54 99 -14 -53 -7 9 -9 -35 -40 -56 25 -23 -19 81 13 9 -40 58 47 -70 78 -36 73 70 -79 -68 19 69 4 -70 -6 88 -81 3 -75 2 14 -87 -27 77 86 66 -32 14 
74 72 35 -36 -80 8 -50 89 45 61 78 -17 35 19 10 -47 -15 35 52 -76 -35 39 38 -7 -81 69 4 10 55 40 -9 -2 4 85 37 -79 -4 -65 28 -16 -17 -39 -50 -78 -20 83 33 -14 99 100 -27 -51 58 -2 56 -54 52 70 82 -51 18 3 68 50 50 -54 66 24 -76 88 -33 -63 23 
-43 21 59 83 2 -64 62 98 -44 28 45 -74 22 2 14 -24 97 -36 -37 48 -59 17 74 -67 -81 37 -44 42 6 4 -48 8 0 -79 12 -82 91 1 -19 14 63 14 83 -79 17 59 -94 89 4 -97 39 13 12 -84 7 49 -35 66 49 -35 35 -77 -8 97 43 93 -57 -89 98 -55 -93 -3 47 
73 -64 -39 26 -7 -29 82 -79 47 -63 69 -79 94 27 6 14 -63 -49 26 -97 -12 -41 -26 -93 -1 33 98 -80 -53 -73 -44 -84 -56 -15 -70 -77 -29 -14 38 -18 63 0 93 -56 -2 33 51 -23 30 -80 76 46 70 21 0 82 95 21 -97 29 -59 62 75 24 -12 -12 26 67 31 64 -80 -94 10 
83 27 44 61 90 -99 16 -78 -57 -58 -60 -48 89 26 -4 92 98 -46 98 23 -3 -36 3 62 58 -100 -24 -100 -79 -61 -76 49 46 -72 -69 24 92 50 -96 -84 12 -46 -65 34 92 -3 93 -72 89 74 -3 -17 47 39 9 -85 -48 -97 -35 -84 2 -27 95 -4 -87 66 -62 59 -56 45 4 85 89 
67 93 -45 -50 67 57 -54 -99 -20 95 48 -58 -13 -21 -74 10 -77 -45 -62 -28 -91 -92 55 92 -73 -37 -88 -36 -17 -32 -69 21 -39 -29 74 -55 54 -49 65 69 -27 -85 49 64 -88 3 -34 58 -81 87 -79 -40 45 -91 6 -43 -69 90 -15 -60 77 75 90 -2 -14 -19 -34 96 57 66 9 -9 -95 
66 5 -71 66 -46 -92 -85 13 -89 78 26 -95 77 -27 5 -65 80 -16 70 36 29 72 8 31 70 -68 69 65 6 -58 42 8 58 -27 41 100 36 -44 72 -37 90 44 -74 17 32 -18 14 -92 36 -32 -94 -21 -11 -95 34 -14 82 -87 -43 -75 60 100 -94 -56 4 -85 35 22 -61 18 -5 -95 14 
-3 -46 -43 -36 63 21 -52 -66 61 35 -49 83 84 -48 38 -46 73 39 3 52 70 42 67 -36 -11 84 -90 -87 54 86 -76 37 20 -74 2 73 -57 -30 -39 84 5 43 72 76 39 -31 2 32 37 97 49 19 -7 -77 6 -94 52 -40 -74 -98 72 -3 84 -75 61 -56 54 -68 24 65 87 6 88 
-61 -51 -67 86 -38 -66 -78 54 -73 -33 -73 39 -46 -41 71 -66 -54 100 -62 -62 -94 45 71 -98 -44 17 -30 4 41 90 -17 -45 60 -88 1 40 -93 38 64 -45 -89 -66 63 17 68 -84 -48 -16 7 58 51 45 -99 99 25 -79 86 50 -27 -15 48 -13 -15 55 -84 -84 10 51 61 44 -64 38 17 
-89 61 5 -12 76 87 25 -90 -30 -62 -20 15 77 -56 -48 -29 -81 48 82 56 3 -88 -95 41 66 6 14 23 89 91 -49 13 -79 -41 13 89 -95 96 -69 -89 -56 -44 -29 -18 23 -95 48 -83 29 70 1 13 1 -84 50 18 5 62 -52 -31 19 12 50 77 -35 41 -24 5 -53 46 34 80 35 
-92 -29 -67 8 79 -59 1 0 -21 36 -75 -53 35 40 14 -66 -1 99 -100 -16 8 11 4 -5 99 -90 95 -96 65 -29 95 3 -38 64 -72 -4 -73 -96 -51 -70 18 -29 -100 6 58 -50 92 40 56 -44 -86 -85 30 52 -40 -65 -60 -32 -93 -70 -34 -13 -67 -7 15 25 6 51 -84 13 -86 -3 17 
8 55 -47 -45 -26 31 -2 -41 -95 -51 -62 13 -71 -14 9 -79 4 -51 51 35 18 76 -99 88 41 -62 -1 -13 -52 79 -56 -34 -94 -22 86 43 -2 72 -6 -58 33 -6 22 57 79 52 -43 -92 23 -99 -60 72 -28 -53 71 63 40 -4 87 -1 -86 51 64 -7 -69 80 91 -1 -92 19 70 65 -31 
-76 65 -26 -18 11 73 24 -93 -12 -81 -50 60 -9 75 4 -26 66 -67 -57 40 37 60 68 77 -25 13 23 28 -22 76 -19 -7 -97 -90 27 -62 -59 -84 74 79 -96 16 -24 55 -31 -77 -78 -79 37 -68 -95 -12 16 54 -29 -3 12 88 -1 -17 88 -37 -33 12 -91 55 -21 2 8 54 -93 64 -15 
49 19 63 -61 -38 -81 -14 81 9 17 -88 84 82 -13 -46 -63 -44 51 4 -62 24 -70 -90 -73 38 41 77 -55 -23 9 19 34 24 -67 -85 -82 -56 77 -84 4 -39 -54 17 -8 70 -39 36 -3 -35 47 -99 -3 -80 41 -77 16 17 29 -24 -82 40 60 -91 -55 -55 -35 81 72 45 78 -77 -3 9 
-13 6 -26 -40 -22 29 -13 88 97 29 -94 20 -56 24 93 26 -32 97 3 80 -94 -77 93 -54 42 91 -64 -3 -30 -34 -1 39 29 -54 53 20 8 15 -69 -72 5 -30 95 -43 40 -5 -59 -74 -43 49 -57 9 -20 68 48 89 46 85 -38 -86 16 86 12 -3 19 -85 84 -18 -78 -19 -94 -91 -91 
-40 59 13 94 57 35 36 -75 -50 -71 90 75 33 -74 -31 74 -20 -95 -50 -22 63 -63 76 -23 60 96 41 78 91 -48 -74 81 42 -40 -86 -33 -73 89 45 6 -11 53 73 -69 -8 -91 -93 29 -1 -76 -68 93 -84 -48 56 34 97 -54 -82 -27 -76 72 46 -97 88 -6 -98 35 -51 -27 70 -48 -66 
32 -24 83 78 42 85 -97 -80 -18 -68 -64 -23 59 -65 -26 -82 -10 33 68 -70 -76 -81 69 -74 66 -75 -42 -10 57 94 -35 76 60 75 -52 -24 -92 -37 -15 52 -46 70 20 -42 36 -76 9 -9 6 46 26 0 55 90 -100 -77 99 -60 -46 -93 -43 80 -86 -44 87 -17 -66 18 -15 -41 -91 -37 37 
-58 -68 43 -4 -88 54 -88 -67 -96 74 -57 -44 -39 -4 17 -56 -53 23 100 -69 -7 -75 -65 56 49 -45 74 71 46 -62 -8 23 -1 62 72 53 8 -21 7 27 71 85 95 89 -85 -11 -89 -26 86 -85 -42 64 33 5 -99 -65 81 -12 -50 -65 61 -19 -80 11 -21 -90 -47 2 -39 -81 -71 66 -15 
21 -28 14 43 -62 24 76 -98 59 -90 98 -32 -62 -47 -46 -52 7 -62 64 88 38 -39 46 54 95 -86 -52 43 6 -35 76 73 -94 62 95 -41 -63 -11 -72 -64 26 -81 66 -50 -81 82 -68 -85 -99 -81 -95 2 43 75 87 -72 -65 27 1 -43 11 -71 61 91 -92 54 -93 -49 -56 -31 83 31 -86 
-85 -39 63 52 85 9 -16 -73 16 -84 33 -70 36 -47 48 32 82 72 26 -93 -38 -98 55 -55 11 20 52 -16 18 74 -94 61 37 -40 53 38 72 -81 85 -15 0 66 -8 90 45 11 -37 78 -23 -64 96 -4 -16 -39 -34 11 85 -66 89 -26 -99 86 61 -75 9 -67 -89 -60 -56 78 21 27 5 
33 -78 54 -24 -76 6 -92 15 95 -39 49 37 -3 -89 17 -41 41 73 -77 77 -2 -70 55 25 59 -84 -79 -19 46 -39 62 35 -33 -45 80 73 -52 13 -52 -98 -2 75 -84 84 93 -26 -46 -97 90 53 100 18 -69 35 -89 -33 -74 -65 -88 92 64 -10 -84 -68 87 -56 -6 -12 -7 14 -21 -84 80 
-39 2 -95 49 -96 74 93 75 12 -30 14 -64 -78 98 30 -59 44 -33 -27 -34 95 -48 42 -10 7 1 14 28 81 11 79 -4 78 51 -53 29 60 -62 87 85 82 67 -52 19 56 80 -17 66 93 -74 -59 11 18 96 -67 -37 -10 46 -96 -47 -29 30 31 22 69 59 -40 -75 55 92 -61 10 95 
-28 14 64 -2 6 43 -82 51 -65 -95 42 57 -39 -28 -58 -54 38 -54 -35 93 -9 -21 9 75 88 -48 -23 -80 39 52 -72 -90 23 3 0 -13 -6 -28 -43 -58 63 -21 65 60 -52 0 24 -70 42 -32 37 -36 47 37 -53 -17 13 -25 9 94 67 13 40 22 45 29 -51 -39 42 94 16 -41 -26 
77 -92 -77 -21 51 -19 11 -40 -8 43 -58 61 -11 -11 81 -37 -25 -80 -60 -45 -19 -73 93 0 34 87 22 13 -66 28 -29 -86 45 -5 50 52 93 79 99 -2 -65 0 -2 10 -100 -74 -95 3 -20 49 80 -16 -44 71 -81 66 -33 68 2 56 85 59 56 -25 89 2 -57 -52 -96 -58 41 -33 47 
-48 7 -72 -52 31 -15 6 96 -74 -14 -66 46 -11 79 73 7 -78 64 82 81 17 34 -58 73 29 -34 49 12 -77 37 65 91 -29 -60 83 -3 -2 -7 17 43 71 80 85 60 -20 50 -69 0 26 9 -63 -43 -73 15 -78 -27 -95 -10 -5 -25 28 10 -1 25 1 73 92 -1 -97 -20 -45 -95 -37 
16 -50 60 44 -36 64 -9 -33 -34 36 75 -62 -94 39 50 -97 -47 79 30 34 -91 -61 20 -85 32 -73 87 9 -73 10 -36 -41 -49 60 -67 98 92 74 27 -43 90 78 11 -24 -20 19 -24 47 13 -88 29 70 -35 59 -31 27 76 58 93 41 -80 -72 93 -62 -96 -56 -24 79 -56 -77 99 -11 -12 
-71 83 -48 -1 50 33 21 9 80 91 85 23 2 -50 -97 -46 -73 -43 10 97 -14 -59 -61 3 45 94 91 -27 -4 54 -28 60 -3 -70 -45 10 -32 60 72 -90 70 40 -14 -70 49 68 85 51 -79 68 -46 24 -90 81 86 -27 -13 -37 82 -18 17 -99 30 13 -41 -64 -51 -65 -28 79 -27 -13 -9 
18 -37 -40 50 52 -94 -38 23 33 24 85 -65 35 -17 8 85 68 -81 -73 63 -63 21 -61 -16 42 58 -11 71 -38 67 6 -79 26 -28 -76 63 89 32 99 55 87 45 -46 -98 76 -73 40 -57 34 100 -6 25 55 69 -26 -35 -86 98 39 49 -13 28 57 -20 -10 -35 -18 -96 -48 -63 32 -93 37 
16 29 -53 53 -82 31 57 -98 -51 2 -39 37 22 -38 93 -91 -85 -55 79 -28 54 98 -9 8 -67 38 4 23 -58 -41 -37 82 39 -99 -17 37 -58 25 1 -61 -40 91 -94 28 -37 52 86 -74 -98 -60 -63 8 26 30 -77 -30 -15 -18 27 58 17 15 -9 25 -17 -64 -79 -100 -42 -83 11 41 -25 
86 -85 -68 -45 -97 -88 15 -77 37 74 69 -56 5 60 17 -56 75 50 42 -34 52 -97 -35 30 -14 33 -96 48 79 18 75 -100 88 72 5 -11 -77 -23 -81 -24 86 -15 -89 40 -54 -46 58 82 14 98 97 98 12 22 26 -96 -84 51 -65 -66 51 14 10 -84 -3 -79 3 10 -90 40 35 -40 -54 
42 17 -45 -49 -85 -66 -34 -93 -61 -82 -85 -23 61 -92 86 -34 67 87 -55 57 77 99 19 18 -75 -56 -48 -18 100 -11 -74 -82 -81 11 -1 -26 -29 -4 -50 -27 2 -80 -51 -98 71 97 54 -29 64 92 -46 14 69 74 -89 86 90 -82 2 -95 -32 -10 85 -63 -73 -19 -15 30 22 71 -25 92 24 
-93 -44 80 -8 -27 67 -34 91 62 74 -76 -98 17 -74 75 -38 3 -90 68 5 6 -51 19 1 67 -76 74 -40 93 60 45 43 -39 60 -10 80 91 74 3 -71 12 -89 -32 81 39 -62 -8 4 -58 99 -6 40 -99 85 -20 85 2 -38 -41 46 -72 -44 -3 22 -56 64 -23 80 -90 -93 6 54 98 
86 -86 -5 73 -80 -57 -19 -30 3 -43 -46 59 -9 -46 -67 -68 -28 70 80 58 -53 16 -100 -32 -5 13 27 -63 15 -19 -75 -57 8 -4 4 -63 87 -22 -14 -49 -88 -64 9 -90 -6 -70 -49 -21 -10 82 -4 11 -96 -57 -6 -6 38 -7 50 -25 -89 -39 32 -75 -79 -4 -29 57 -81 -83 14 17 2 
-32 -22 -48 -81 94 48 80 -99 -8 3 -51 36 96 11 -16 -24 12 93 -17 -68 -30 17 99 51 51 84 -41 49 11 -66 -36 53 89 69 -36 73 30 33 -25 23 -63 -22 57 48 -37 25 -68 -10 -32 98 -3 -97 -88 -96 -70 -88 -90 22 -26 -96 17 60 4 -31 -71 -87 -28 -93 -13 -15 -76 -60 73 
81 -19 0 -50 -91 -94 11 12 50 100 -96 -73 2 75 -6 74 71 -43 22 -32 10 -22 -14 97 -11 58 45 -93 -3 21 -14 42 -93 -75 -79 -42 26 -33 -22 -87 -15 16 -45 29 -40 -44 81 -31 -23 25 -74 13 33 10 24 -44 52 -86 82 -46 -48 24 24 8 -86 -52 10 -48 84 -6 -50 -80 -89 
48 51 -47 -38 -60 58 -78 98 -96 69 43 -99 -18 -80 -94 67 97 3 -90 80 -50 -27 80 90 6 62 35 -59 92 71 94 -60 -16 -41 -1 57 -32 -89 -89 -7 -49 32 -17 84 -43 31 97 91 22 -70 85 -65 -20 -8 87 -15 10 23 -9 89 -52 94 32 -63 59 -26 14 83 76 52 -40 -36 75 
-51 -19 -63 14 -61 -58 -57 63 -75 28 12 -75 -2 -87 6 -25 65 -6 -81 -15 -94 -84 -74 24 28 -16 91 -70 -14 -75 -11 91 42 -92 -82 -28 95 33 4 88 27 -94 -73 -94 -51 -26 -47 35 -2 -9 -74 48 -34 51 -86 -23 -40 -83 36 -9 66 61 39 -74 -42 -42 72 97 7 -63 -74 51 -50 
93 -5 45 -88 99 24 -14 -2 84 -50 89 81 -73 72 54 98 76 -10 -2 27 -15 -93 -52 47 100 36 -16 -32 49 31 69 -89 60 67 64 -12 -38 19 15 -31 52 88 -100 56 -28 -66 18 -62 58 -83 88 -35 72 -84 -96 73 87 77 -25 -17 84 31 -90 -82 40 -95 -98 31 -82 -96 -1 -69 -35 
-89 32 -14 -20 -41 74 49 24 -39 -80 -51 94 81 -25 -85 -26 34 56 75 -39 -85 62 90 -11 90 48 21 85 88 -67 -19 -9 51 59 63 77 -1 -23 -91 -78 57 50 63 93 50 52 71 79 -49 25 1 44 30 -92 -70 -27 -56 -38 -21 -25 -65 42 32 -8 -22 -68 -81 12 34 62 -67 -83 97 
1 -10 -54 -88 -37 68 -95 16 65 -60 -41 -38 -55 95 -56 -4 -53 -66 -11 63 53 86 -40 6 93 57 41 -25 -32 -72 -43 -21 86 -65 18 -70 -64 56 69 86 -35 -47 26 -31 98 5 -48 64 44 -10 45 18 72 -82 -97 46 0 -4 -70 68 90 -24 -58 53 30 -19 100 73 -97 -98 76 20 -46 
-58 64 -87 28 -97 44 22 14 42 24 -67 60 -43 -90 -74 -18 9 -46 -80 64 -39 -53 93 -10 71 88 92 -60 -100 -46 0 -62 -49 -37 42 -52 -88 -61 48 73 -21 -50 73 -43 -77 -26 65 8 87 -86 38 43 -79 84 35 -25 98 -46 98 4 98 96 6 -60 -88 -15 -76 -83 27 6 37 -61 61 
92 -58 -26 11 85 -89 -36 24 3 19 -3 91 -88 27 63 61 2 20 4 -12 94 32 4 32 18 29 -4 -36 5 -90 -57 -86 -62 3 65 -19 35 -12 23 53 -68 -30 -43 12 -94 97 27 68 57 68 -82 15 40 56 -61 -84 -35 12 90 -50 35 -63 2 -51 57 99 -76 95 -45 96 -52 38 67 
-71 83 98 59 36 46 -80 -47 30 95 -63 23 -52 41 44 93 97 -3 -88 50 -51 -55 64 24 74 -33 63 -2 28 -47 -90 -86 46 19 62 -62 -100 25 37 4 -21 -4 -80 -63 88 97 80 8 62 -62 0 73 -33 21 0 76 18 -72 31 48 -47 -57 84 -26 -58 94 43 -2 -78 -87 -90 -89 1 
-70 -26 -19 11 -87 29 98 -33 -98 -28 88 -78 44 47 49 99 -48 -16 49 35 6 -9 -59 13 78 54 72 43 -76 4 -34 93 -18 21 80 -23 40 38 92 -3 -33 -89 18 42 73 100 -21 -34 94 33 -1 89 -6 13 -78 9 6 -80 30 11 -9 -23 32 -22 17 -32 43 -91 -48 30 -8 -63 88 
-54 43 76 85 -98 -4 49 -39 -27 53 76 52 -75 50 -81 13 47 22 -60 94 12 -77 90 -8 -97 91 2 -61 -6 -19 -87 61 -38 -52 -10 26 -94 -76 -80 -25 76 2 71 83 -66 -37 -26 -44 20 81 -56 -35 54 -83 -70 47 42 -75 -94 48 54 32 72 -99 13 59 -56 -43 -35 -24 -38 19 49 
-84 84 -88 -13 -7 -46 78 -8 5 -25 13 60 9 -63 90 0 -90 -65 -72 91 -39 -31 57 21 64 -99 -20 -67 59 -11 -2 84 52 39 -56 -89 -3 -28 51 52 -87 -12 -74 20 97 -18 67 -74 0 93 -53 49 -22 -47 -29 -16 -83 56 -89 -39 -34 75 -5 15 22 -31 -96 -5 -84 -48 -4 68 -79 
63 93 70 70 73 -69 1 -66 -34 89 44 -25 50 40 9 37 -53 77 -58 41 -6 -60 76 0 17 91 -74 -24 40 -47 -19 -8 100 -91 34 -84 43 -6 -6 67 8 -72 47 71 96 -27 18 23 -97 -95 -44 -83 -91 16 61 64 41 96 -15 -100 58 -81 67 -94 -80 -53 17 -11 -8 23 -57 74 -83 
51 85 83 81 39 68 28 -97 59 -90 83 -27 84 -69 -67 43 99 0 81 90 77 -65 62 -48 -43 15 43 -38 -85 -6 -8 -31 -22 -41 -34 -79 -81 99 -3 -70 45 -21 -75 30 -55 -16 -97 91 74 -60 8 10 -96 -89 -10 56 88 -72 73 -87 90 3 -73 89 -48 -74 -76 13 -4 -4 10 40 -37 
98 -4 33 -29 -41 58 -88 -88 -15 100 45 -70 -43 96 38 88 98 -71 40 -20 -44 -91 21 -22 -49 -15 -50 -52 76 41 -79 -99 -56 -41 -96 -27 16 -62 42 80 30 1 28 -50 -35 -77 66 -76 37 38 87 58 54 57 -95 11 -73 -48 22 -64 95 66 -27 3 -16 -46 22 -71 -63 -57 -72 60 59 
-76 37 0 40 45 -89 -18 -57 89 -100 -37 -46 85 -15 15 -39 -80 97 -13 -82 51 -34 85 47 -96 37 70 15 28 -95 54 -83 16 72 -6 16 -34 -3 80 -48 -19 -17 -53 -11 -14 80 12 28 20 59 18 -21 30 -68 -71 -32 -79 20 -98 8 -14 19 20 -60 8 -82 66 -95 61 -32 -26 18 93 
-69 -58 33 42 -15 97 95 -35 -60 -31 32 -43 79 30 -85 73 50 -98 24 -16 -91 94 -18 1 53 22 -76 -70 73 -30 93 98 82 29 0 -42 91 53 0 41 -30 72 -100 -89 -66 -100 76 86 24 99 -60 29 67 20 61 -17 -19 2 61 23 66 70 -72 66 -18 86 44 -55 25 78 25 -6 97 
18 31 67 -74 -3 -21 66 48 -88 -66 -21 -24 -84 44 -29 68 -53 -29 -54 -78 -61 29 -91 -22 -59 -22 -98 -84 57 -51 55 37 25 27 -83 -26 56 -66 -92 -33 -97 -96 -1 97 -66 -48 48 -51 79 -92 -69 22 -94 -26 57 -26 -50 4 8 -66 -47 -91 66 -93 -6 -12 -80 30 -68 47 -39 73 8 
-36 7 74 4 9 69 40 -61 -16 88 40 -81 -56 -26 -46 -24 16 -84 41 44 92 52 -85 73 -57 -58 27 16 55 42 -64 -3 -93 -44 -15 44 -53 61 70 32 -81 -35 -33 47 -88 67 -19 -52 -98 -49 -24 15 17 30 -7 2 -20 -32 -77 -56 -55 -98 88 66 -44 -33 25 35 -77 43 69 -70 66 
55 -65 38 98 -19 -44 -28 32 13 -40 66 -69 21 92 -80 -38 72 -88 87 -66 -1 -44 -57 -12 96 -81 -84 37 94 78 91 -75 97 -86 -82 -71 -17 -91 -32 82 30 -35 14 -84 3 -86 -41 -43 -1 -31 -12 80 56 -86 -55 29 -51 30 50 46 -17 -46 -29 -62 75 -32 0 -36 83 -60 -35 2 -76 
13 -94 65 3 59 -67 92 -1 21 -25 -38 92 34 34 35 82 84 96 -48 57 68 70 66 22 38 -23 82 -10 53 -86 -76 -29 -4 42 79 52 1 -17 -80 -63 -54 19 -57 81 -62 -78 92 -55 1 18 74 30 73 57 47 63 76 -70 -78 -78 -72 65 -96 72 16 40 31 -95 -58 4 -78 -54 3 
-78 -57 -17 -27 98 -49 72 43 -52 -58 33 31 78 -51 8 -37 75 -51 -19 52 -92 7 -26 96 -77 45 -6 39 -17 62 4 41 -50 -50 -92 73 -75 31 58 58 -29 37 78 -85 -90 34 -53 26 -33 66 88 24 -67 79 50 -35 3 40 -66 100 -28 -25 -91 25 45 -13 47 91 26 1 -78 50 30 
83 64 -100 -20 -20 -7 80 -3 95 -13 70 -50 13 76 -29 -31 50 9 -31 -31 -81 -67 11 -72 -24 37 84 90 -5 83 42 -53 53 9 -2 87 -35 -92 30 90 -30 63 -5 -24 -4 -32 -1 -16 -50 -17 -25 25 56 61 28 -58 51 95 -48 -47 -53 94 -38 -88 -22 -81 -85 -67 49 6 -51 54 40 
65 -71 -7 -44 73 35 92 64 10 -42 74 -62 -90 4 -77 12 -13 -64 -76 -96 52 -18 -54 -1 33 -25 -73 77 71 -40 -67 -23 4 -30 -95 -62 59 -76 -84 70 92 22 -13 85 57 -92 -85 99 12 20 8 70 75 69 20 44 8 42 24 -24 98 93 -4 -43 55 -37 84 -73 -87 -17 37 -55 -21 
67 -14 6 65 38 -76 -70 21 92 91 -34 34 -62 4 -12 -19 -81 -60 29 -81 45 -61 38 -76 39 -49 -99 98 -99 -58 11 12 84 -7 23 77 8 -4 -70 7 -89 20 87 -82 83 30 -62 66 7 -26 -19 -66 80 29 66 -61 -25 -92 -62 -5 -8 23 -45 -84 93 -58 -64 78 49 -48 16 -77 -73 
-8 55 52 40 21 -90 77 -36 32 29 -74 -89 1 -79 88 -77 -51 95 33 97 85 65 84 37 -87 27 0 -90 90 64 -74 -33 -8 38 37 -9 -61 -36 -3 100 62 -50 -1 -15 2 100 30 -87 62 -11 -69 -77 48 -16 53 -29 -11 -75 57 53 87 53 -5 -90 -72 -96 10 -50 -43 96 -90 58 6 
56 -18 -52 -16 30 -79 -91 81 66 -17 98 -20 32 81 55 -12 52 -82 -35 -69 -73 76 -9 -65 89 14 28 88 -19 87 -68 -53 82 64 -95 1 -72 -50 10 16 -3 -81 -5 53 -6 69 90 -97 20 66 -90 -51 -16 -93 -60 60 -39 39 40 43 -75 -73 81 78 -39 -3 30 50 -62 -15 -10 -18 -67 
42 -66 82 72 -85 70 -66 26 -57 4 -44 -70 62 44 68 -62 77 -5 48 25 -85 10 -34 -68 19 92 11 -98 42 32 -39 -19 -9 -92 -99 -85 86 62 -79 41 -26 -36 7 -26 75 -49 -62 -44 -55 -82 93 67 -72 -79 95 -78 -89 -97 -54 32 -45 -33 -89 -69 -4 -31 -85 6 -97 -40 60 86 -11 
-60 27 -24 88 100 -77 91 -71 -92 -24 -98 -2 -82 88 28 -37 -15 -17 97 -72 -62 7 -83 0 -50 26 -80 10 -82 88 -26 -38 31 -69 89 82 79 47 79 32 -18 44 12 -63 -25 73 60 -28 37 -87 67 -76 -22 31 -83 -89 49 -97 -53 -5 -3 88 -28 8 13 80 -47 -83 -29 -30 43 -47 0 
-25 -67 21 23 26 92 -89 33 74 27 47 -90 43 -51 -56 -59 -26 43 -56 56 -86 29 -57 -36 24 -13 78 83 -100 22 -77 78 48 37 -77 92 98 20 20 -20 -56 89 8 -32 -49 -7 -77 -38 2 26 -86 -53 97 88 -54 -95 -72 30 -48 -58 3 37 14 33 70 16 9 75 -23 -71 64 96 -17 
27 84 -17 64 19 -13 61 -17 -79 -37 4 49 -51 97 -77 0 76 36 -5 18 -13 58 68 76 69 92 45 -15 -31 -18 -10 -83 -35 15 -61 -13 -63 97 -28 -4 -11 18 -7 -28 24 4 22 82 17 15 -35 -69 64 -63 32 97 -50 -63 -9 -94 -68 -17 34 -76 35 32 0 9 -97 -52 76 4 52 
97 -2 -94 41 65 -96 98 -26 -84 65 94 1 93 -77 -7 65 36 -88 -49 0 41 67 80 -18 87 3 28 0 -8 -49 -37 60 -39 -80 73 -11 67 -24 -73 39 -100 -82 -54 -57 -9 23 57 -75 20 33 4 37 -62 -2 35 -4 -97 -26 64 -84 -49 -14 95 2 -71 70 70 17 63 -61 -74 96 -46 
31 -57 96 68 -35 -12 -93 -100 -83 -47 50 -95 -51 -92 -56 -12 -96 -32 -90 1 29 44 57 -78 -41 -94 -38 95 -55 -28 17 -59 -20 -12 4 33 -62 76 -32 51 11 55 51 12 -66 -83 22 58 60 17 22 91 82 73 -12 12 -52 43 97 -56 -50 -47 -16 47 -57 56 100 -62 -24 17 9 -43 32 
35 -68 -2 33 -83 5 22 -7 -51 -49 87 8 -24 81 -46 -60 -34 -55 22 -71 48 -27 -22 58 -16 88 -27 30 -69 -45 65 -61 67 -8 -85 -98 -69 73 -6 41 92 -88 51 -39 -15 16 -18 74 73 -28 40 28 83 -25 62 7 -44 95 -38 -26 64 80 -55 96 -10 -21 -48 -63 -61 88 -3 -75 -79 
86 -57 -61 -53 4 -72 70 87 -60 24 -14 32 -68 49 -8 -57 58 45 -51 91 38 6 -88 -89 85 -81 -44 -44 90 -98 -65 79 -2 55 -90 -63 -67 -47 -27 35 -62 -98 -97 -43 6 -42 -16 40 -21 5 -7 6 6 -29 92 35 1 25 -4 18 40 -87 69 -43 -43 -33 -91 51 -11 -40 6 -94 32 
-6 63 25 53 40 8 -84 71 38 92 65 76 -91 90 -67 78 50 33 -92 -2 -71 50 42 56 -47 55 -22 43 62 1 75 -69 14 -46 -28 -2 66 -91 -92 54 -93 -64 52 49 75 41 95 -49 -79 55 52 -17 9 14 86 43 85 -59 10 51 84 9 96 -65 33 -46 48 -45 46 -57 -30 -86 50 
95 -83 42 50 45 -37 64 -11 -36 81 -28 58 -40 75 -54 46 -44 -35 -20 25 -65 21 -66 5 -43 50 -53 26 -85 -76 8 -37 -68 -70 -6 3 9 -48 9 84 83 -78 36 -81 -34 87 -71 99 7 65 44 -4 -5 43 52 100 -87 -7 74 98 -23 -32 59 43 -44 46 79 95 -78 51 -29 -4 -62 
29 59 44 43 -68 91 -98 -61 -80 -93 -30 -1 -2 -62 44 -38 -29 -72 3 79 29 78 59 -43 51 -28 -50 -33 -41 27 -17 -3 -42 47 0 -21 -54 44 94 54 -83 61 -89 9 -92 -2 -71 81 -5 66 97 -20 23 11 -82 16 65 25 -72 -34 6 -89 -14 -68 95 -34 -76 82 -90 54 -45 70 -33 
61 66 -71 -30 27 -24 21 -19 11 49 -85 -33 12 81 20 -77 -10 11 -24 -42 82 89 46 -65 84 -91 66 -75 -56 -41 89 -54 -14 -74 56 -60 -18 7 -81 63 -18 15 70 99 95 1 -61 63 -47 -67 -47 -47 94 26 7 -38 17 -71 76 57 -44 -5 0 67 18 20 -30 26 61 -64 -63 -50 -10 
-14 -49 33 -47 28 60 -60 -78 -10 26 22 43 -12 -87 -27 48 6 66 -58 -64 -33 36 75 -78 -47 -58 51 -42 -90 -76 18 8 -89 -64 42 -20 85 -70 -42 -32 83 89 -52 48 -17 9 54 -95 -91 62 73 -72 -64 25 27 73 -57 -78 -57 87 20 -77 43 23 -49 50 -32 80 -5 60 69 18 34 
-58 1 10 -75 75 55 91 6 77 69 86 70 -58 9 17 -42 92 1 80 10 83 -42 -98 51 76 8 -61 -54 39 83 16 -97 -31 64 65 50 87 -32 33 -71 -42 -4 93 -56 53 -35 80 -26 -43 10 -53 14 71 -36 -10 49 49 30 -44 -94 -91 13 -82 16 -1 34 53 99 76 -100 43 -42 -53 
30 -45 54 -43 84 68 17 -94 58 -26 -17 -53 -35 -32 97 -69 -37 3 -85 97 -34 64 42 57 73 92 -78 -75 45 37 -83 -92 88 -49 70 -68 -62 54 57 44 50 64 -6 -67 0 56 -77 17 72 9 81 -100 -72 -65 39 4 71 14 -29 64 59 -89 -72 -19 -71 -51 -90 -81 -22 72 34 4 58 
-22 -6 -65 -53 -85 7 62 -5 34 59 -48 39 -67 97 -88 11 51 -61 -12 -19 96 36 96 -23 88 4 55 -14 34 -54 37 80 -25 -16 -76 -15 -1 -11 -86 -20 -52 85 -82 -41 49 -53 85 -41 36 48 41 11 -60 -10 -40 82 73 70 7 31 5 18 14 32 34 32 21 -79 -48 -1 -97 79 -38 
80 -72 -8 -1 18 -55 -9 -91 92 -32 71 45 0 -33 -20 32 -62 -98 -66 -39 71 76 -45 39 -75 24 74 -44 71 -23 30 14 -29 -100 30 8 58 -5 97 35 -88 -77 34 24 91 -81 -3 -54 91 52 32 100 80 82 96 -55 -39 5 76 31 72 -90 -34 -10 80 37 9 2 -91 -76 -69 70 -60 
-42 43 -52 -69 -27 74 83 -10 73 9 -27 95 -97 51 51 12 47 -70 -77 -85 -98 -49 80 -82 -35 -49 1 -54 36 -65 -2 -29 14 -20 -60 -79 97 -49 99 24 -39 -83 94 -20 -13 50 -45 -60 -9 -12 -42 46 49 -15 94 75 57 50 -77 -96 97 -99 18 95 34 31 -14 -52 -89 -69 -46 94 -42 
