45 81 -5 19 80 -78 6 23 80 -13 -40 -64 95 45 3 46 47 96 -46 -46 91 -88 2 -46 -99 -98 1 -14 83 40 -35 -77 43 -58 -54 53 64 57 0 -3 97 -98 -84 37 11 -16 52 -28 -53 17 60 -83 5 88 -14 -24 72 57 74 17 -6 97 
64 -23 26 83 -54 95 -95 26 10 90 -91 -78 -18 64 -56 -98 80 87 68 27 -93 60 -75 -61 -9 -81 -28 -40 -69 25 -38 83 27 -35 47 -13 8 82 60 67 -5 -51 19 72 47 13 24 -100 -9 88 48 -7 66 35 -33 -45 80 93 63 -41 32 51 
-16 -58 -81 17 -87 43 57 32 94 -61 -84 40 40 -15 81 -60 49 -81 33 -54 -31 50 53 -99 -54 37 -65 -83 84 12 39 -22 17 -46 97 86 -7 -68 -43 92 -66 65 -86 -25 17 -24 -52 -95 71 -37 -70 -66 31 -79 -58 54 -55 -92 26 17 -90 90 
55 -48 39 79 -78 1 36 -16 18 66 48 -46 -99 -3 -93 18 -3 -97 77 67 22 96 -40 4 -88 -42 73 -85 -4 36 -64 38 39 41 81 93 -13 -35 -94 -2 -79 -94 -58 94 -68 15 -64 51 31 -72 43 65 96 -18 89 38 81 -99 -89 -6 -2 96 
95 -10 85 -17 -9 -100 -94 -66 39 -79 -8 92 11 -55 81 76 78 55 74 5 96 50 24 -61 24 47 -12 48 13 -24 -1 55 -90 -99 33 37 -85 2 66 -35 0 55 82 -46 48 -81 -1 -39 -52 -53 -33 -93 -64 47 -93 -93 30 -86 -84 -42 88 -28 
-24 31 95 -24 46 53 55 -76 45 -22 73 -96 47 4 97 -84 -62 -43 -20 -2 -52 -100 75 68 -45 -82 99 -76 -90 -39 -20 88 -14 85 -99 -86 -82 -41 -49 53 39 89 -1 -31 41 53 -18 81 48 44 12 -33 -78 12 82 -75 -67 8 92 39 20 50 
0 10 80 -80 49 56 42 63 93 -5 65 -84 96 -31 -96 -18 -79 25 32 -74 -100 -40 61 -61 -56 -55 0 -74 15 -53 61 12 -22 -14 81 -2 44 -3 15 17 -8 -70 -99 47 -28 12 -91 -39 -83 -32 38 70 6 60 43 -35 41 -79 1 68 -38 95 
39 -99 40 74 67 -94 17 98 -44 -42 50 97 28 81 34 52 9 -45 23 -100 -98 -72 93 -84 -26 -71 -30 -25 -93 37 -50 85 45 91 -6 74 63 -6 69 -36 2 48 -74 -90 -57 -13 73 79 -5 -7 54 -99 33 -67 13 -73 -45 -99 -44 61 67 45 
65 12 -40 55 -9 -57 86 81 -85 73 22 48 -96 79 -28 35 6 62 51 15 -37 -10 92 -25 -54 18 -89 -96 44 20 91 41 -53 19 -65 45 -46 -9 -44 -44 -90 18 -88 -9 -91 -11 71 -10 -54 18 -85 89 -36 29 15 -12 75 56 -63 -3 78 36 
59 68 53 30 -18 -57 68 91 53 -34 5 3 -47 37 21 95 58 79 15 -72 0 0 17 -42 88 29 -81 76 -53 6 -22 -20 -44 56 88 13 29 -43 -52 46 86 88 -17 54 -1 76 47 -22 -57 75 100 86 9 -91 -92 -15 100 73 -45 38 -11 10 
-64 74 -72 43 74 18 -50 -12 -33 60 25 94 47 75 -15 -36 77 53 -60 -47 -57 45 13 -10 58 -98 -37 35 88 44 -32 -69 -30 23 -76 -66 38 40 -93 -3 -42 -44 -16 52 15 30 -42 66 -94 -91 19 -35 -16 -56 28 -19 53 13 61 65 66 -69 
-23 -22 91 27 -46 -21 87 -88 -94 -5 29 18 -94 58 23 -37 83 -39 42 81 -56 -76 -80 86 44 64 16 82 95 -75 49 -19 45 -10 -22 71 80 -4 49 -76 -79 -23 -98 -42 -28 -78 46 -53 -35 74 -77 61 62 24 -14 38 -29 -90 -43 -4 28 -68 
-92 -41 -16 -60 30 -81 -25 16 -49 -33 -57 79 -35 -80 97 22 -88 71 -45 -34 -24 -3 -44 63 -56 36 -82 -37 44 5 -72 -16 44 9 -87 -20 55 -39 74 67 73 -50 28 -21 97 -32 -52 -42 93 97 -78 38 85 29 -84 94 38 -77 100 -37 71 7 
-60 5 24 37 -27 -95 47 -47 25 28 72 9 82 -18 49 -16 -35 -57 85 23 -9 9 -59 54 25 -54 -30 26 -26 83 93 82 23 -79 -8 -6 22 -90 -50 -93 -4 81 -7 73 45 87 19 72 88 -73 69 9 22 2 69 -16 94 55 83 -83 54 47 
-2 -39 -39 -94 -94 -96 -32 -50 63 -65 -19 27 6 -82 -95 78 -88 -82 -65 60 7 90 -7 -99 -32 38 -20 -28 -88 -68 -92 56 -92 93 -7 -40 35 89 91 -93 72 81 3 48 -87 -99 -81 30 48 -43 -42 98 -29 79 -30 -31 92 -81 60 -11 57 52 
31 -39 -86 -5 60 51 -16 77 40 -36 -74 -39 78 -63 42 -40 57 -39 -38 85 -24 -65 58 -50 -9 -11 -9 30 58 -18 5 98 45 19 84 -90 21 -6 -7 30 -21 68 7 50 -86 77 61 -5 -96 3 -49 82 96 45 -68 -3 -74 -39 -18 23 -47 -31 
87 -53 -15 67 7 -57 0 -52 -48 -55 -91 68 -85 13 -19 -72 26 34 -3 76 -94 -2 -38 -76 -90 -12 8 -24 98 -66 42 -52 -20 -47 59 -26 -78 95 82 -57 90 12 25 31 -85 -63 -87 22 -46 -40 -50 77 47 79 92 67 76 -61 45 44 -50 -38 
-45 -7 -9 41 83 57 20 -62 100 26 32 11 65 -62 55 19 -23 -88 -33 -66 29 -18 -9 58 -59 -11 74 -63 88 -2 -17 -34 66 75 49 -44 -90 75 23 -60 -24 38 -17 -40 -65 10 -26 -66 -25 -20 -21 -27 -91 -8 -28 96 99 -33 96 -24 -7 -41 
-17 -27 21 46 -96 39 20 -58 65 -82 -4 11 29 8 35 -100 -49 -73 69 2 -59 26 -68 59 -49 -18 -30 93 96 47 89 19 76 -51 80 55 12 98 -49 -32 -81 97 -17 -50 59 21 46 -10 90 -20 87 -39 -18 59 -49 52 65 34 89 -11 89 42 
-75 -18 94 74 28 15 -45 -83 -95 9 45 49 72 75 62 -91 -69 -72 83 92 -58 33 65 28 -36 51 27 58 -90 40 84 56 -58 -15 -83 -64 81 4 -38 -41 86 -96 -70 -60 66 1 41 17 45 36 75 -49 -51 -90 -28 29 -56 -18 -90 7 36 -73 
54 -89 66 -77 40 -70 85 -77 -91 -4 57 -26 -59 56 51 -11 -97 -70 100 -44 -46 65 90 -52 -72 -36 60 -17 36 -98 -70 93 84 27 -83 -6 11 -74 46 -11 -34 -55 45 -100 83 -81 48 -30 -86 -38 3 62 -66 21 -71 3 36 -56 -10 -45 -6 3 
-50 -7 -45 -98 60 -93 -1 -12 -96 23 31 -76 -96 16 -94 70 -97 98 -19 -98 -13 12 -81 66 -56 93 47 70 -82 -54 -84 86 31 -9 -31 -46 50 20 31 61 -58 33 52 69 -74 -21 -15 54 -53 -25 52 -60 -29 16 -37 70 -70 -56 16 -74 -13 -75 
80 23 -69 39 -57 72 34 -88 58 -32 37 96 97 18 12 9 -21 -61 61 -100 90 59 -37 1 57 46 36 73 68 22 -75 -19 72 72 27 -10 -98 67 -10 -36 42 -82 41 -27 -47 5 -57 -95 -26 -2 27 -95 -36 -55 38 -75 61 17 -78 -62 57 -12 
88 71 31 -85 81 -42 -57 -7 -28 12 68 -77 67 -70 -72 -75 60 77 -44 48 -56 95 71 80 -85 10 -83 -22 98 -18 -59 69 9 85 42 63 -9 -44 -4 -38 -97 2 -67 82 -8 -60 29 -46 -61 52 65 -79 55 32 59 -16 -46 -95 56 -37 84 -41 
50 -24 82 -38 -85 41 -70 83 3 -68 4 39 57 62 22 95 91 -6 -63 -46 -23 98 -41 -16 0 54 -50 75 -73 -97 45 29 -93 32 45 -23 22 -36 12 -70 48 88 40 58 -32 62 -32 -58 87 -80 16 59 -30 50 26 10 -93 44 9 27 -62 -58 
62 -50 6 27 -62 26 56 32 -17 -48 53 94 -54 12 -89 20 95 87 92 -45 50 60 22 11 -1 1 42 96 6 -48 56 -9 -40 -13 91 -84 32 -70 5 58 -36 97 -74 93 -35 79 -63 -63 67 16 18 96 64 22 -22 63 -51 16 30 67 84 56 
65 -61 87 -32 -20 33 58 88 54 -73 6 -55 -20 -75 -28 -79 9 -84 78 85 8 -34 -60 -10 -29 -19 14 -67 -40 88 -69 -90 49 -89 43 -96 -88 -66 76 5 34 -62 93 -26 36 42 -96 -69 -14 56 75 86 -49 -32 70 -15 94 63 95 79 -59 43 
54 42 -31 -31 57 -95 16 22 88 62 -31 16 -94 -32 16 -61 33 -27 -19 56 -41 -83 59 -81 -32 13 -70 0 -66 26 -4 69 24 85 -31 70 -26 21 61 -59 85 -90 -89 64 -96 60 -77 91 -7 56 -6 43 -4 94 12 -19 80 98 95 -52 6 -17 
9 -84 66 82 -18 -85 -71 13 -8 -50 51 66 -83 -9 97 62 87 43 94 8 -32 45 34 -2 -41 68 57 -15 17 86 73 86 10 50 -66 90 56 -43 -62 60 28 32 -66 -33 -72 -34 31 90 15 18 -52 33 22 -65 -55 -18 -50 62 -30 -21 -4 -91 
-28 -15 -79 -55 15 38 78 -60 26 93 49 8 41 -8 25 -85 41 -33 66 28 -68 18 -97 -19 23 11 68 49 98 78 -49 -14 -83 -2 -70 -68 79 -7 35 8 14 65 -97 57 36 -66 -50 -23 -7 68 8 -15 -49 -85 73 63 47 -55 -70 -40 -10 -41 
-20 -73 -35 -63 -25 -67 97 -78 -89 -6 5 51 5 -67 -80 40 -1 -91 -98 3 -40 -65 -99 -13 3 92 -93 -76 -90 37 20 -39 -76 30 59 -86 -83 45 19 -88 12 23 21 -81 37 38 -29 -47 -78 -39 40 -59 -27 -62 84 -83 -89 2 52 -9 73 1 
-92 -37 -61 -13 -64 -26 16 70 -90 -58 92 49 -61 -91 57 -6 -58 -83 10 85 61 63 86 67 -47 -11 -38 93 29 -94 13 49 76 59 -82 -96 12 95 -6 -62 -52 -40 -47 55 -68 -41 59 -36 94 -51 28 69 85 -92 74 -57 38 -75 98 -61 -33 -34 
-21 48 -19 -24 29 -94 27 -30 -98 -67 -67 9 -2 -12 60 41 79 -17 75 -51 -63 -42 85 -87 22 17 -73 -51 -19 -41 -5 -46 -59 -89 -71 -95 -9 -66 -36 65 31 48 -1 62 99 57 3 -89 15 -69 85 100 -31 -2 75 -26 -6 65 -15 10 -66 -54 
-56 -8 -55 -74 73 -94 -68 30 -6 46 -82 5 -49 5 23 62 -86 -47 89 -33 -7 -54 28 -36 -78 -35 -30 75 -56 68 81 -43 2 -62 -40 1 -81 30 24 -71 -24 -63 51 -41 -2 -19 80 -59 3 90 66 7 29 10 53 16 50 -25 -16 21 -47 9 
-75 19 -66 -33 -42 71 -52 -80 95 75 -57 52 66 -99 58 -76 -83 1 84 -58 -73 -42 87 -6 -90 -63 5 -100 -20 -84 73 -94 2 -63 -30 -40 -50 -70 -26 -66 83 -6 99 -6 42 -99 7 -38 -55 -46 69 3 93 -46 98 -42 -60 48 33 12 -35 -54 
-81 -31 48 -72 1 -26 91 17 -30 -15 59 49 -70 50 51 10 -38 -89 54 -50 14 -91 98 93 20 48 -67 5 8 66 84 37 53 -64 -47 44 -11 19 94 16 96 -47 -59 48 55 -19 84 87 -51 30 60 -41 -84 -21 22 68 -55 93 -85 -24 71 1 
-59 63 -82 -98 85 81 -51 -39 17 -26 -34 -23 -75 30 69 -81 -52 -5 -95 -78 -98 -98 -40 -9 -31 -31 67 97 -42 -5 -23 -24 -57 74 -20 50 -72 -21 79 93 13 -61 1 60 66 59 81 -36 -11 -28 21 1 -42 -67 -34 44 -92 18 23 -44 5 -51 
95 -15 -64 22 -42 -98 70 0 -32 -27 88 46 -53 50 15 100 -47 -81 73 64 -97 -4 66 12 -60 94 -53 13 98 -23 -35 -2 -80 80 16 -96 7 38 -18 95 9 82 32 86 -16 -6 14 -60 78 50 -97 34 0 -81 -88 -17 28 24 -16 71 48 7 
23 -88 -11 54 -16 -97 -1 26 -99 -91 31 54 15 72 -44 64 98 4 -51 -85 3 43 82 -64 -20 53 58 51 -7 -69 -16 -83 75 56 -44 -8 75 -1 -49 20 71 76 -66 -84 -59 -63 83 51 -7 59 35 72 -31 48 79 -13 -89 -40 54 -49 69 51 
88 13 -33 -14 -27 -70 29 -24 0 -19 -91 -15 -90 11 -23 80 8 36 38 -90 -63 -35 91 -80 42 -92 -74 52 -21 -15 -28 55 -33 -70 -23 -53 -20 82 -7 45 -76 48 56 56 -7 -80 34 33 -41 -20 -63 54 2 29 5 -61 -2 21 59 -49 -52 -14 
86 87 -88 -92 -17 -77 49 -79 2 73 71 41 -11 -28 61 -67 78 96 -40 91 95 93 24 26 6 99 -21 -2 -97 30 -22 91 6 -31 -16 -80 -19 -3 -11 -69 -51 -80 -33 -85 -33 -68 64 -51 -57 -17 -4 -100 -65 27 88 98 92 -58 3 -85 74 -26 
46 1 -94 2 -51 -95 44 -35 -45 23 -59 -18 -57 52 -100 -44 -48 36 -29 -23 -16 32 93 13 69 -40 -34 -40 68 28 -82 -96 45 20 36 78 9 64 71 97 -80 49 31 96 -56 -67 35 51 36 26 -46 11 -99 -29 -61 31 -40 -99 -73 68 -43 -79 
-40 89 -5 -22 38 82 60 21 -66 -32 -58 51 42 44 -55 20 75 -49 -70 55 54 -52 7 75 -6 -70 66 -29 15 -7 55 48 -17 58 -51 -14 -98 14 -41 -66 -82 28 56 49 65 34 -90 62 21 -1 -51 -48 23 -58 -18 -64 -87 33 14 40 -61 -56 
-82 34 -9 -31 -91 17 39 42 71 75 3 91 1 -33 56 14 53 1 -64 -45 27 -88 -41 50 -42 -11 1 13 94 83 -30 88 19 -76 -24 15 28 80 -14 -26 -41 58 -71 -88 31 97 -2 -86 -65 -34 33 -90 36 -25 -96 -87 -30 -32 -34 -16 53 88 
-39 60 81 -6 -53 -13 82 -94 -12 -31 74 89 -72 92 -93 89 -87 -64 -14 -94 -63 11 88 88 76 -94 88 -44 -2 67 77 46 81 -17 94 -48 20 -17 -27 96 -39 9 -28 17 -77 -89 67 57 49 -92 -14 72 29 42 80 -33 49 -57 -27 -63 30 55 
29 -48 -26 -28 -76 6 -76 65 -95 -40 73 65 36 -100 -8 94 35 38 1 -14 33 21 -49 29 17 57 18 -48 33 90 77 22 10 51 -5 88 99 -76 -86 -39 -10 28 -87 25 35 78 -48 100 5 17 69 -21 78 -60 51 96 -60 23 58 -85 -24 32 
-88 76 47 39 -44 84 -19 9 3 -21 67 10 32 61 20 -1 -33 -47 70 -79 -49 -34 80 83 87 32 77 -6 16 -81 -81 -38 65 42 -61 5 100 -46 -66 65 90 50 18 -88 13 8 72 71 13 -7 61 -36 -87 85 89 -91 -85 74 -61 -42 54 24 
63 -52 55 -96 -66 38 -3 72 13 24 -24 38 90 -34 -84 -62 24 -42 21 55 45 -35 4 18 98 -77 -97 -51 56 -20 67 41 100 -43 -90 30 15 67 -42 23 -55 25 -85 -66 58 -48 -40 -4 -50 -8 -16 40 -66 -26 -67 -4 26 86 60 27 49 38 
-91 -19 -2 -7 57 -10 -33 68 27 39 50 48 47 14 100 -7 65 -31 20 45 -70 -98 -12 11 -83 0 58 -21 49 35 -60 30 45 13 23 69 95 -35 3 4 76 24 -65 43 76 -75 67 42 89 79 67 -93 69 -22 92 -81 -32 80 24 -40 -84 80 
-42 -2 -55 89 72 -9 -42 -92 16 -67 -98 -79 92 -26 -71 -6 -99 -64 33 59 -74 84 51 -15 25 29 53 -77 -61 52 56 91 16 -75 28 25 9 -26 95 35 -49 -100 -86 90 -95 -41 8 12 67 -97 29 -5 37 83 -100 -94 2 85 9 42 -70 -21 
32 -41 46 94 -18 16 7 67 41 12 97 95 -37 58 76 -84 -31 -13 13 24 -4 -40 -32 87 12 3 3 87 14 -47 17 -58 47 57 -91 -79 87 92 37 -85 -38 42 36 -11 29 90 -52 -92 -50 -71 -41 -2 -63 5 97 -90 -33 9 -66 -55 23 -16 
81 86 13 43 6 -94 14 54 -26 80 -62 84 -12 51 -9 -70 51 -100 25 99 66 -25 52 98 21 -60 68 -49 -28 42 -48 20 -51 -55 62 9 -90 5 32 -86 95 93 16 67 -51 -16 -40 -36 54 -93 3 37 -90 -68 -63 -31 -30 -88 90 3 -19 -89 
-62 -28 -90 11 -76 -40 -94 -91 87 65 -68 -78 57 -93 -85 35 39 55 19 12 10 -85 -31 18 -99 -98 -48 66 -47 67 30 -17 37 -5 -63 50 36 -23 -100 17 81 -63 42 21 -3 -3 69 87 -4 -16 86 17 57 61 92 92 -27 87 -2 98 -34 -11 
24 -70 -53 69 -100 -56 60 20 87 97 92 6 -87 87 -89 8 38 69 72 44 -63 -84 -2 -99 84 -71 25 -92 -63 30 22 -3 81 95 32 -21 -10 58 -52 -35 37 93 -72 77 -62 1 -17 67 74 -4 41 -40 -91 -38 -75 -5 -15 -72 28 7 -70 -15 
34 77 -70 55 8 22 21 -1 64 35 38 -18 -24 14 36 -12 76 -8 -47 35 -85 -22 -69 -16 43 -88 -43 76 -66 19 26 75 73 -30 -96 -72 -12 99 5 -33 33 -4 62 13 38 -89 -72 47 69 56 88 90 -2 26 -56 16 -4 -79 -94 -85 45 -10 
78 89 -17 10 -100 69 -70 31 -53 4 24 20 -18 3 8 -53 -27 -97 40 6 -81 63 25 91 22 -74 -41 64 -72 28 -67 -77 82 -41 -91 -71 39 -61 2 75 63 14 97 -95 -84 -38 91 83 95 -14 -42 61 71 -96 15 -24 -38 94 -57 86 -68 -39 
-75 -58 30 -86 -5 -41 -15 -65 -50 5 77 51 -25 -49 -27 85 -42 96 81 22 84 -37 -22 16 -96 -87 -30 -99 -88 68 -15 -23 -17 91 28 13 -51 89 77 -66 -72 42 30 23 -47 61 -82 -45 47 60 -81 -90 -82 -84 -67 -2 92 -31 72 64 55 94 
94 -62 31 -97 84 -31 -18 -20 -92 -4 -63 -50 25 55 62 -69 2 -72 -53 -99 -1 -93 15 20 -48 56 -44 89 72 79 29 -18 43 22 -53 10 7 -99 3 -63 -29 -17 65 39 81 -71 74 84 0 76 26 13 60 -51 -56 -11 10 2 -98 47 39 -87 
61 7 35 -30 97 5 32 -17 -3 -20 58 -61 -100 15 -32 80 -32 24 20 49 -1 -12 1 -25 -88 27 -3 60 -78 86 28 -87 10 -31 -21 15 28 -43 -98 6 -41 -30 59 -63 -60 -92 70 61 90 40 17 -80 -15 -41 -12 49 -59 -22 93 -92 -73 -44 
-10 40 -59 18 80 -60 -90 -15 -28 99 -47 49 -13 -70 66 41 -44 75 7 46 -76 -18 60 -88 -81 27 42 36 -34 -50 -43 43 -81 -62 -33 20 34 21 -16 67 77 64 -63 21 89 74 -29 -91 -14 24 -81 -9 5 -30 -69 -44 41 68 -37 -70 -68 100 
50 -53 -78 88 37 74 -86 51 -96 -30 -32 -39 57 -99 -71 53 -41 33 -64 -81 -79 79 -98 5 31 15 -28 -98 -26 71 -54 -54 -52 58 -54 -35 -90 -15 -26 -11 98 18 18 -81 3 12 -81 -16 -19 42 -3 -36 49 -97 -32 -95 -27 -77 -19 84 -30 -32 
98 4 62 -80 67 -38 -81 -30 -71 -96 -92 67 -18 34 49 -66 21 12 6 45 -8 42 0 86 44 15 -35 48 63 98 -78 -88 -56 17 -90 -51 -69 -51 -41 80 -85 85 13 -70 -4 47 40 69 79 -59 -73 86 -27 -17 -73 -19 63 -99 3 -87 77 -38 
43 -70 -53 -40 -65 -56 -23 100 -18 53 26 94 18 -87 -87 -33 -33 94 95 -46 45 -80 39 86 57 -8 10 -76 -34 51 33 -19 -59 -56 -58 -50 -17 -67 37 65 -44 -14 -37 91 -70 -18 -61 21 93 38 -71 21 45 -54 -32 -86 -70 47 51 -29 -16 -47 
-65 87 -40 70 -84 92 59 35 -73 -52 -63 86 36 3 16 -97 -47 -14 -38 -99 -20 42 98 46 -61 51 -30 -68 -83 -87 -36 52 32 -62 -14 -41 -82 -12 -100 48 -15 -5 0 31 -92 11 17 74 20 -87 15 -68 55 -65 2 -25 59 -77 77 98 -84 -19 
96 -54 59 -43 46 -24 70 -57 77 45 16 -33 81 -71 -99 -75 20 59 52 84 82 -93 64 -49 -94 -74 75 91 34 7 89 -46 -54 -81 -98 20 -16 -18 -79 -30 59 9 -96 39 -13 72 -8 95 -21 74 -1 95 -67 74 -46 85 -84 87 -99 -96 -37 -84 
46 76 -49 87 53 -59 67 96 -97 -61 3 -33 88 -68 -38 -14 19 -60 85 -73 -4 -64 65 -65 -30 71 -65 -39 -20 24 -26 -100 7 85 -55 90 -29 6 -27 6 -33 -8 18 67 80 -83 -31 91 32 -28 -53 -41 87 100 76 57 99 15 87 -100 0 7 
-36 49 -37 65 -77 -68 -98 -2 -45 -75 -74 -11 -61 52 -81 -44 -22 -5 -4 -51 -85 84 -50 20 47 57 48 -79 27 -61 -51 -91 25 -85 -60 9 -95 96 -95 -22 -53 84 -10 -26 -8 -23 66 -43 -27 54 53 -1 -29 82 15 -94 6 74 -46 43 -17 -10 
-63 -93 86 90 39 19 -22 1 -35 -94 34 15 92 -80 -44 31 65 76 -36 8 69 -63 -52 -51 -38 -49 85 19 -27 36 -70 -3 -10 29 21 66 -24 -2 92 -91 36 63 69 89 10 96 72 -65 16 -73 25 -10 -3 -88 -69 -62 -26 79 78 51 -42 -61 
-97 46 66 7 -60 -14 -49 40 -22 -86 -85 -88 59 -70 -6 -38 -57 -89 10 93 -35 13 -16 -20 89 -32 26 29 34 -61 -39 -1 35 86 -100 -59 -2 35 -85 -90 28 -42 -13 -24 -11 87 -85 -12 -5 74 -81 40 50 -78 29 9 -87 -90 -39 -82 -2 -2 
25 -72 89 -51 15 -15 30 0 -35 -24 93 66 -40 33 -27 -18 -64 -51 -87 -19 -50 35 -50 29 43 76 18 5 -34 -3 -56 -40 -4 5 68 51 58 90 10 -58 86 74 -63 87 19 91 -15 -31 -99 -57 -8 24 58 -31 -75 13 -89 76 36 -94 33 30 
52 20 92 1 -42 63 -42 -82 91 -18 -26 -82 26 -51 17 28 -76 -84 -55 36 -77 69 -82 77 -43 -45 -96 85 -91 -4 -30 68 71 -32 16 68 9 81 64 -75 55 82 -91 -26 -98 -7 -13 -91 59 -3 76 32 -18 84 15 -28 -50 -20 44 -67 3 -69 
-61 -50 -60 -59 -4 33 95 -75 42 57 4 62 -48 93 -95 -5 -3 27 96 13 -86 21 61 76 -68 72 -10 42 -41 82 -49 -35 -97 52 38 -80 17 10 61 10 -41 50 64 8 91 69 -70 -24 13 -46 45 14 -75 41 -7 6 59 86 -28 65 13 53 
66 51 99 -7 84 -9 -41 -77 -45 -32 -69 23 -33 -50 18 -25 -75 69 -89 -19 -7 57 -54 -65 85 67 -45 50 -20 19 -95 22 -57 -92 -35 12 -23 -56 65 -5 38 37 97 -45 -93 -100 -42 -51 -65 -9 -90 66 34 63 -50 12 30 91 -24 -29 36 68 
-48 -82 36 36 -50 97 36 54 77 44 36 -8 12 60 -75 50 66 -83 20 43 -70 63 -48 -41 19 -52 -14 -81 -37 -29 9 35 -56 -81 0 -69 -27 70 19 37 74 -60 13 -43 -75 -7 7 80 -71 -77 35 18 86 16 11 21 47 53 76 50 -19 34 
86 -51 -79 -82 -72 55 -87 -57 -96 84 -72 44 -100 100 12 -45 72 -69 53 -16 -72 19 -42 88 54 -100 53 74 -92 -4 -18 -46 50 -37 -62 -66 10 56 55 76 -52 -64 -55 -24 80 57 -55 -59 -35 -61 -20 -41 -98 -50 -8 87 -51 50 -80 8 82 -23 
-79 -53 83 -13 -11 88 -43 -13 -40 39 46 74 48 -18 77 -2 29 67 2 24 6 98 -10 -36 77 47 -95 35 -49 -96 -17 -83 82 -99 -37 -35 -75 -73 75 -63 -2 97 -21 -49 -82 -70 74 18 -37 49 -46 -58 28 -9 92 -17 100 51 24 -52 98 36 
-61 -20 -37 95 90 -50 85 -32 42 -3 50 99 -36 46 6 3 -91 -88 -27 -34 -10 12 84 -93 40 -30 90 0 -71 51 49 -6 -32 4 83 52 9 75 -45 29 89 -55 70 15 83 -46 -17 -81 63 -11 -31 25 -82 -73 -71 -12 -88 -21 -25 -69 33 -76 
9 61 -94 29 28 -30 -90 32 -89 83 -70 -30 -25 -92 -79 0 -92 44 76 -90 74 46 -82 55 4 62 75 60 -11 33 71 99 20 -89 -38 -21 -69 83 75 36 79 -91 -100 55 43 -15 86 -13 7 -52 95 16 24 61 -11 77 89 -16 -73 -19 81 58 
-68 84 -22 -73 41 19 -6 -59 97 52 70 62 -13 7 -24 84 71 -77 -54 88 17 -64 -54 -66 75 -46 90 92 77 -83 82 -23 -90 85 2 -96 -74 -64 -70 -65 -94 -44 5 76 -25 -52 -10 -46 21 -71 77 35 3 32 -44 -56 14 -1 -70 -28 60 100 
-24 94 -64 -79 31 -32 58 -64 -39 31 -33 -89 -4 0 -64 93 9 4 -14 70 -27 40 -67 -32 -76 29 14 -48 14 -86 50 -22 24 38 -4 -79 84 77 9 66 34 -54 15 24 22 21 -26 90 35 -98 -42 26 45 34 41 21 -24 2 97 79 -14 61 
60 6 91 25 76 -20 -97 -61 -6 -2 30 1 37 69 -38 7 -78 61 82 49 21 -11 -15 65 -15 22 1 -16 -74 74 75 96 24 -72 -24 95 35 40 1 72 0 -55 59 94 83 91 76 42 94 -3 71 -62 75 -64 -1 80 -95 -20 -52 -54 -2 75 
-16 89 87 43 -95 61 70 26 -16 -36 32 94 -11 -93 -88 -74 -64 -17 34 39 -97 4 17 -15 -84 31 -39 -15 -17 -28 21 -7 -89 -29 -87 -30 -87 -99 -56 -81 -2 83 -15 45 -95 -98 39 7 13 12 23 38 88 54 8 -67 -66 -9 -53 3 -24 36 
2 -4 -85 63 5 43 -54 -4 16 77 -6 92 40 50 18 -33 -55 75 9 2 87 89 -58 28 33 70 96 -75 9 47 10 97 26 62 59 88 -56 -51 1 61 75 30 3 -94 17 41 -13 73 -51 -70 91 80 -48 -64 -38 5 9 25 -7 -62 73 -73 
57 52 -58 -68 -46 44 89 8 -60 34 -18 51 -1 65 -77 51 53 81 -100 52 81 8 -31 72 50 -21 82 -59 67 -29 79 2 36 -27 -8 -7 -13 -50 -7 90 85 -98 -72 -71 60 -72 -54 93 -19 -98 14 -12 41 12 -39 87 -34 -11 15 -16 68 -78 
25 36 87 33 45 -52 87 -43 -11 14 -12 -20 73 76 23 5 -9 69 -38 21 40 -29 -88 24 -43 -79 -5 -92 -70 71 -77 -30 25 13 19 -26 70 -83 -75 -17 -16 -98 39 80 65 33 82 5 -29 -62 -17 -6 77 11 5 69 -50 32 27 97 -72 42 
13 -33 -35 -76 -63 -79 -73 39 -33 -90 -30 -92 42 -13 -53 -92 80 57 -67 68 39 -9 62 4 37 -25 -70 31 -40 -91 67 0 -99 -56 28 -65 81 -69 38 39 -60 -91 56 -7 81 24 -59 85 54 -83 93 93 -69 4 5 -78 26 73 51 11 -89 19 
66 42 -75 73 22 40 96 82 18 -97 18 -27 -49 37 -97 -81 -93 72 -38 42 54 57 100 -15 -92 -26 83 69 -39 -54 55 -60 -28 6 -61 -100 -81 -48 71 -95 -98 -81 19 -18 -17 -8 -3 -84 39 55 68 86 -16 15 88 18 -29 -60 2 55 -14 -39 
14 -28 -42 11 75 -16 56 -81 -44 -34 -21 -28 8 72 10 24 29 32 -7 -7 -99 83 29 -86 0 -88 -16 -76 62 -54 -41 -14 35 -54 -87 -81 45 -48 81 -20 47 -34 6 -40 79 88 -85 -8 80 16 -61 -11 -4 -55 -72 38 -15 33 -92 -55 -90 -46 
-96 83 10 -20 -69 85 -33 -34 -72 -55 -60 7 -51 7 -68 -58 -45 -31 -3 -47 49 -76 -21 -64 71 75 -86 -5 -62 -67 -78 -13 -19 5 -12 4 -60 -30 33 -95 38 -75 -79 -19 48 -44 32 7 30 -49 80 -41 13 -31 -2 32 59 7 36 55 -87 63 
35 87 -85 74 -75 75 27 7 -3 53 -9 69 -36 -88 -3 -48 63 55 59 55 95 87 -12 52 9 35 -99 22 -27 -90 -48 4 -94 -15 55 90 84 25 -49 -22 -38 57 43 12 62 78 17 -42 -89 91 40 57 68 61 77 99 30 -61 22 -15 1 1 
-68 49 -92 -84 49 -33 -88 100 4 -20 -19 -56 -66 36 -23 -71 -68 -92 4 -64 97 -34 -43 77 -65 39 -22 -55 94 -52 64 -38 2 -90 80 -22 11 -52 -21 21 68 19 -96 -96 -10 -28 13 54 -59 -1 -38 -55 -78 -52 9 -64 -89 85 -39 26 -9 -86 
75 30 37 -52 24 5 -89 -11 -60 92 -53 -15 -53 28 -4 -15 13 -32 90 14 -34 -27 -43 73 80 83 21 -85 53 -9 72 -68 50 -45 72 -92 15 -3 -16 28 -3 83 75 -50 4 -32 -83 -10 25 63 94 -18 -57 85 -43 64 -45 84 -62 -55 -28 -52 
60 52 31 -85 31 7 47 -95 -73 25 -97 7 -70 -38 30 56 -61 2 49 34 -38 -14 -49 59 59 78 -18 -37 92 41 -53 -71 -73 65 -57 -15 -13 59 43 25 -32 -66 -95 71 72 -55 -84 -69 -43 -30 95 4 -35 33 46 88 -77 -67 -58 -74 -40 -27 
40 -57 26 -99 83 -50 61 -44 -48 35 -32 -52 82 -77 3 54 90 38 35 -11 80 34 9 84 96 67 -16 71 94 84 84 73 47 53 -2 4 99 41 -43 58 -34 -85 -60 72 68 71 35 -10 -49 -68 57 56 -75 28 -2 -93 71 30 67 1 2 -29 
70 64 -92 -17 58 -78 -50 -2 89 52 14 -54 13 16 26 -52 -13 9 -62 96 -90 -56 -94 -71 16 74 84 -69 71 -98 45 -28 62 -98 -45 -7 -50 79 -89 -84 -69 -6 -69 -17 47 -16 53 56 -7 -49 32 79 55 75 41 55 31 -73 -87 65 -80 45 
-7 27 62 51 -94 88 -87 46 97 -33 -21 -25 12 -78 -90 17 40 -8 30 55 -22 30 65 9 -17 19 -23 -89 -33 -63 21 15 78 -51 -41 -2 -50 91 87 63 86 94 16 99 71 -8 99 27 57 -33 -34 -3 -87 70 25 -66 -85 54 -90 -41 -73 76 
-55 -81 33 34 -87 -84 37 -98 -32 -52 -29 44 50 2 -98 -72 61 -2 -4 2 26 -29 50 -54 -13 -78 -70 -33 -16 -11 99 -17 -32 -62 14 -86 -5 18 97 -73 10 -91 58 -75 -44 77 47 -27 30 29 -10 -92 69 82 66 -18 84 84 21 -13 -40 -31 
79 88 81 58 -97 -87 -21 -2 -28 33 70 47 -78 39 34 -65 98 74 2 -65 91 -39 98 -63 -99 54 49 -62 -42 57 -23 -62 -70 90 59 98 36 47 -55 -73 -23 24 48 100 90 -59 -73 86 69 -12 -77 89 69 94 70 51 -30 -33 -48 40 78 12 
15 90 82 -7 -46 82 62 -31 40 -27 66 -98 -14 48 14 91 -98 90 -43 45 -30 32 -22 94 93 91 13 -37 -57 -91 -49 -99 -90 58 23 -59 -53 -16 31 69 -73 -16 85 -56 -57 47 71 -89 94 -64 64 18 -57 -35 -65 66 -78 97 -25 -88 43 -74 
-77 0 -82 -64 85 88 -88 34 -35 -93 -28 -58 -73 -41 -16 -32 -88 95 -96 50 -50 -57 5 -81 14 -6 42 -13 82 6 9 80 22 -35 30 -17 -86 21 2 89 -2 68 -2 -16 -73 -83 -46 -75 -20 23 -74 4 -83 9 -20 43 -31 27 99 86 19 66 
-4 -78 96 21 80 -95 27 71 100 -86 9 -25 79 -64 56 -92 -43 58 -70 78 63 34 -33 37 -10 -22 54 -94 -77 38 30 65 -59 91 -82 54 -35 -58 60 71 25 -6 20 92 -87 -79 48 -31 22 99 16 20 -72 -3 -76 -70 15 5 81 -25 -5 -54 
60 67 -13 -76 -79 79 -2 -30 -49 5 -81 -70 83 -59 -24 -71 -60 -4 25 -4 85 -99 -60 27 -94 76 84 -86 -28 74 -100 -51 -86 -87 87 1 -52 12 79 9 22 -92 -18 35 -9 40 -97 -43 96 18 97 72 83 5 38 48 47 99 88 -85 -97 64 
-60 -35 21 48 -55 73 26 22 -57 46 -18 -3 -63 13 75 -84 -96 -33 19 -88 -12 39 70 65 -93 -31 15 -77 79 -97 -10 -53 -35 31 -97 74 -10 18 -81 32 -66 -82 87 -91 -3 -29 -85 86 59 -95 -24 -70 -79 -4 46 6 -77 4 -8 -45 -16 -26 
8 11 -24 53 2 -2 82 90 48 6 53 -38 -32 78 -39 -58 4 15 39 -46 2 -44 0 39 40 27 90 60 43 43 -86 -4 19 61 -56 9 68 78 2 88 34 31 -27 7 -74 100 10 15 62 94 22 -72 -97 92 -56 -6 -52 -3 10 -4 98 -27 
-69 -26 21 -15 -5 62 95 -71 82 -26 -31 -70 43 5 84 56 31 -62 -45 -11 20 -90 -40 -39 1 72 -97 92 -95 73 -83 -99 -92 81 61 63 19 14 79 3 6 8 54 36 2 50 46 -38 -56 31 -69 12 -46 -8 -34 -8 72 -58 31 97 55 3 
85 6 58 -27 13 -60 40 -69 17 -33 -89 -26 11 -74 78 -32 43 29 -89 10 84 71 -52 -16 -80 81 -89 -73 85 -48 -13 41 19 -67 45 -30 28 -87 9 65 26 -41 -45 -9 -78 33 0 -79 -34 -97 38 -62 -56 74 -92 95 -94 66 -47 -80 28 12 
44 -59 17 -35 67 32 -56 -28 -34 -70 -40 -3 34 2 36 -89 2 -37 31 -41 -38 72 69 30 85 -73 -74 46 -57 14 -9 47 50 91 26 73 -73 -62 -81 49 -34 -16 92 -53 19 47 -49 -22 80 65 -57 -15 -10 -61 79 54 -40 -8 16 -98 16 16 
70 8 46 63 79 3 -32 -85 -25 -66 23 72 -57 -27 40 77 -32 62 -8 97 42 9 -40 70 54 97 20 89 -35 22 -83 -31 1 36 -18 -100 -27 -60 49 -23 -39 47 -20 58 38 -79 -7 -20 -29 22 68 -27 -13 72 14 97 -67 -97 59 50 -68 67 
-80 -97 91 -18 80 13 59 -42 -71 99 88 16 37 -14 -63 -4 40 -26 73 87 59 10 -67 -59 -63 -33 -80 87 -98 64 -51 92 -2 -54 -95 27 44 -37 67 96 14 -87 65 69 -48 70 12 72 -22 -58 -8 -54 -57 35 -56 -21 61 -23 -11 29 -65 -1 
-32 27 72 71 -34 -44 48 -44 2 66 -18 -7 -78 35 64 60 94 -57 17 -12 -4 -75 75 77 -59 84 31 -47 98 1 80 12 16 88 86 -54 18 -21 -24 21 70 -97 -14 40 -13 -100 24 95 57 66 11 -51 26 10 -60 -9 -4 -52 -7 17 -49 51 
-20 58 -73 6 -54 24 -7 -26 78 -44 23 -72 -5 -70 78 -14 -96 82 91 -28 -51 -44 27 50 3 -29 6 48 -5 0 23 -73 52 32 40 98 83 79 48 -96 -70 -48 -9 63 37 -95 -85 -84 73 54 41 100 -86 -82 77 -85 13 -49 -34 75 -10 -67 
-67 -92 22 17 60 87 -66 40 99 -79 76 32 78 1 -93 15 -38 16 -72 -93 -6 26 -15 99 59 85 46 -12 17 21 -22 93 68 -85 40 4 -97 -24 -96 21 -21 42 51 76 -6 95 -89 -81 4 50 -80 -71 -9 20 61 60 86 -22 14 -17 -4 2 
43 64 71 92 -69 31 -46 78 39 42 -50 51 50 7 -96 -65 29 -18 -25 -8 -85 34 -27 60 87 -88 22 -68 -46 -63 12 -83 62 -82 -26 -95 17 -63 -64 74 19 -50 72 91 -23 -83 66 -3 -39 -27 29 -71 -99 -99 -97 -49 94 78 47 65 -65 -51 
-26 -25 30 8 -60 76 28 -16 15 52 -61 34 -63 18 -14 -56 22 -61 99 -80 -11 -100 50 -69 35 -75 -13 44 -22 -26 49 39 44 -66 -46 -83 57 71 -8 -7 9 -81 -61 -66 16 -98 5 94 97 9 80 14 57 -78 -3 -16 47 85 -38 -52 -72 -8 
9 -82 38 15 -1 89 -64 -28 -45 -46 34 37 22 -4 -43 -12 96 71 -60 54 5 9 46 97 95 48 21 -30 55 -96 24 66 -100 -61 59 -68 -87 99 66 -75 25 -47 -51 -70 -18 -70 -96 46 -41 -5 -27 40 -42 41 21 -99 -72 88 -4 -14 -75 44 
8 -62 -78 35 78 93 58 67 71 -6 12 53 -11 -24 -35 -54 69 99 17 81 88 28 -78 70 -84 72 -94 21 12 -56 -23 63 58 -37 83 -62 -62 -83 -38 -39 66 -52 33 66 -92 -33 40 57 66 -77 85 98 88 -45 -47 -41 12 -40 63 81 72 12 
57 29 27 18 -4 -51 15 -25 32 -69 -72 26 -43 66 -56 -4 45 -42 -93 -14 -66 -4 47 -78 6 71 -22 32 -19 48 1 29 -4 -6 -38 -53 -26 -26 48 46 33 -58 -85 7 77 46 54 -82 61 19 -90 3 -9 72 2 -13 11 -54 -65 -100 -13 -26 
34 38 -27 -33 -4 -87 -25 15 -22 36 33 -62 36 69 -37 15 -83 90 -4 52 -89 26 63 85 -43 -84 -95 57 -60 40 4 -25 75 70 -77 93 -52 -82 -64 -22 -94 85 -87 59 -23 -93 -2 -10 64 -69 99 -3 -58 -84 -83 19 34 42 -88 -17 73 -17 
88 -37 -97 -99 69 91 23 -68 30 -9 -44 -34 43 -26 -8 84 -7 80 -88 -88 -10 -17 14 85 35 -98 25 77 83 79 -47 -36 11 100 -94 22 48 -54 55 52 42 83 -38 83 64 81 -24 97 -23 55 -11 19 -33 -48 -28 -81 58 10 47 -18 -26 95 
17 -69 -7 -16 88 6 62 77 -52 10 -27 69 -44 -43 54 21 -34 62 -16 27 8 -63 76 60 42 -15 14 34 -3 -3 -51 -1 10 -97 16 -27 69 15 21 -24 72 15 73 -96 86 -89 -62 51 -24 -64 98 -4 75 -30 61 -58 -93 -93 -6 -64 56 -84 
-87 57 -46 -92 87 -22 -35 39 10 49 94 41 -65 46 -26 99 -21 -8 52 43 48 -38 13 -75 -71 9 -69 -70 -98 59 50 -12 -87 49 72 5 -2 38 100 -26 -51 31 -80 99 31 -75 -32 -34 74 27 -33 83 -27 -82 100 30 41 49 -2 3 52 29 
50 -49 30 -91 29 98 21 79 -10 46 -19 29 -75 59 -95 -72 78 -70 18 -22 86 -43 -23 37 36 63 -82 -36 8 -55 -15 19 -60 44 87 51 -99 66 -95 51 85 -44 -53 -42 -59 -95 8 99 43 -77 -9 -17 67 -72 -55 -53 71 -69 -73 69 42 98 
3 40 19 7 94 -57 0 55 -96 -2 7 -19 92 -96 -24 40 36 -18 57 60 -8 3 -68 27 -29 -35 -40 -52 -69 -39 -77 32 -41 -93 66 -94 -40 5 -86 78 -34 95 -43 -3 -95 22 -96 63 -83 -92 -42 69 -93 25 84 61 -18 49 85 56 -40 16 
-95 65 -48 29 49 -4 -52 -66 -25 -84 -7 -15 -76 -46 50 63 -18 13 53 55 81 98 32 -4 -73 -77 22 13 -9 6 -87 -52 57 -23 50 66 -9 54 -14 -7 -16 -51 -34 -70 100 -26 20 43 77 -19 -55 -1 -29 -16 10 11 95 85 96 -27 4 88 
