-8 90 -35 22 -46 -84 -3 65 58 49 54 -94 3 37 -64 43 -29 30 49 24 -60 66 9 -77 -94 2 -93 57 -60 95 -66 -12 -54 -15 -11 46 -42 37 11 4 -95 -30 47 -76 35 -57 77 5 16 67 -90 -52 -41 -67 39 72 -44 99 84 -71 51 85 82 -31 -81 -23 72 23 -31 
-69 47 -64 40 59 -66 61 97 -30 25 92 -20 -87 46 -61 -26 51 -13 80 45 -86 -1 87 -77 -15 -69 -88 75 -49 35 -50 -58 -67 -37 -39 -18 -43 10 56 93 86 -92 -19 42 -20 -39 7 -20 -8 -5 82 -75 -45 50 -63 -26 -64 -80 13 -48 -22 32 -46 77 -17 90 -37 28 49 
-55 -63 -73 -53 -46 66 -44 -29 -49 39 39 11 -30 100 18 -48 19 78 49 -36 75 -78 97 -85 4 50 -18 12 -7 10 -56 -47 -85 45 16 -60 20 -53 -95 43 10 54 80 28 -79 -72 -88 -98 -72 16 -23 -15 -46 75 -66 45 -8 60 62 -72 10 -17 -48 -72 5 10 -46 -86 -9 
68 -100 -31 -70 34 0 64 -45 73 -79 17 86 74 -19 -63 98 33 94 -83 -64 66 94 -45 -16 -77 29 75 33 -12 8 44 100 61 88 39 -20 -47 12 -54 5 54 53 10 70 39 -65 74 86 -1 26 -51 -21 64 87 72 -27 -91 95 45 21 41 69 32 8 95 -33 88 16 -28 
87 -67 26 -32 -56 30 -96 -51 -9 -65 -61 -54 59 -40 -92 -94 -13 -35 -39 -100 10 74 -29 71 -24 -57 -89 -69 -84 -84 83 29 0 53 -24 68 13 33 29 25 41 -8 -58 -86 -94 72 100 55 49 68 36 -39 -29 -9 35 10 57 76 64 81 -28 62 42 58 -82 100 56 -59 -37 
-95 -2 -25 -54 57 10 75 -29 2 -44 57 61 72 31 3 -43 -34 -48 -48 -19 -42 58 70 65 80 -14 -61 43 -38 -61 13 -81 28 82 -90 -84 79 -80 -88 33 -95 94 -59 -54 24 -31 4 26 88 23 -45 32 96 -54 53 -29 42 41 -15 90 55 67 -100 5 82 -100 -68 96 -61 
38 22 94 70 18 42 51 94 37 100 64 14 48 67 48 -13 55 -4 8 -99 94 -89 81 67 70 -12 -99 -1 48 70 -57 47 59 83 62 12 -43 21 67 75 -54 -48 34 21 11 -19 -77 -12 35 -4 -49 -43 60 32 -81 82 64 -4 62 -38 -37 -52 -67 28 54 -19 -25 22 32 
97 95 63 82 -69 -19 -84 -77 -22 87 46 21 20 -57 48 -65 98 76 -90 -26 37 -59 -11 79 -44 46 62 17 73 36 56 -73 53 -68 63 41 -12 -25 48 -43 24 -20 -68 65 -61 -73 43 78 -90 -38 89 -26 57 35 -79 -25 42 18 17 -85 41 18 -64 5 -98 12 -30 53 -21 
73 28 -51 -37 -73 50 31 -76 72 -89 77 -70 58 91 61 -97 -10 98 -41 57 -55 34 12 -5 -63 -61 -76 -51 -43 38 93 -62 -39 9 39 30 90 -17 64 -8 12 87 -52 -55 84 9 -56 2 22 27 -55 -20 98 -100 -83 11 57 -98 -13 -68 42 62 -30 -48 -28 22 -27 -62 -30 
23 75 -88 96 61 -18 53 -24 54 -79 39 -2 -98 69 -1 22 28 -73 -38 40 -45 -40 -67 -33 59 -74 21 80 -41 56 -51 -97 -13 44 57 87 79 94 47 99 -89 -89 -90 -18 -85 -56 -49 14 81 -14 1 0 -70 -91 12 -6 6 90 -15 -89 29 -46 -87 92 -88 -62 -27 -27 52 
96 -44 -32 -28 -18 32 1 -1 9 36 38 -67 -20 -30 39 48 -39 -49 88 23 45 -61 -98 53 -100 -59 30 99 59 -60 42 31 67 -42 -87 75 -21 -49 -93 90 -89 93 1 51 -28 70 37 -81 -12 38 -83 -80 70 -53 57 32 -41 1 21 67 -11 54 93 47 -15 -74 42 -84 -43 
-8 -72 50 86 -69 81 42 -3 54 -66 -59 52 99 82 41 -78 58 52 54 -70 -60 89 71 -74 89 82 6 -75 12 -56 75 6 -71 -46 21 -77 -58 -91 -22 13 -18 54 92 38 -32 -28 -89 56 -33 57 -75 -77 40 -78 -22 -75 97 1 -94 48 60 65 52 -75 8 -86 92 -31 9 
-91 -55 -44 -49 28 -22 45 67 -32 40 24 27 -67 -6 15 37 26 98 9 -21 -67 -41 19 100 91 -71 -42 -7 -58 -25 79 92 -65 4 55 82 -41 -13 -49 13 25 -24 72 64 59 -62 -25 33 43 -68 -4 39 51 -68 73 -16 24 -7 10 -95 27 70 -55 -80 -31 -62 95 -67 -12 
74 4 40 87 15 70 26 79 -45 34 18 -58 76 6 -27 79 -8 89 98 68 67 78 1 11 -69 87 -42 68 9 92 -76 -65 18 -68 -2 97 -86 -27 1 80 -36 -87 -60 -77 -19 19 -25 59 79 -25 -48 -60 73 25 -78 11 66 -50 71 18 -7 72 88 -82 -80 67 -36 31 55 
-19 -36 0 -93 -55 75 -14 28 67 39 35 21 -79 69 -41 -7 -44 -94 -54 -64 -21 -82 43 38 56 -29 82 -5 3 -65 28 -89 20 91 -2 64 11 -52 -79 65 -74 28 75 -20 40 89 -51 67 38 53 88 2 2 -44 63 38 -52 78 98 -76 69 -24 -4 73 -23 -100 13 -37 65 
16 8 -63 -46 -20 67 -48 36 15 -74 -19 -74 54 -91 6 -25 53 64 87 35 -47 -60 -97 -83 -43 -41 -79 -44 -32 96 68 25 35 -57 -95 62 -10 13 -69 22 50 46 45 -13 41 71 -97 -45 -32 12 100 32 -95 25 39 48 -59 89 4 -65 70 14 -58 5 100 72 -59 33 -74 
-60 -19 -45 -6 -16 20 -84 -19 -62 92 17 -47 -16 -97 43 36 -30 -99 87 64 68 73 49 32 -69 52 62 -37 46 -38 43 -82 2 -65 -33 3 87 20 -84 99 97 72 -41 5 -12 12 -74 -64 31 68 -1 10 -6 -90 16 30 -77 47 -22 78 39 -2 59 -60 -44 89 -34 -47 -61 
-75 63 93 -48 -34 -93 -55 -99 53 55 -94 -6 27 19 33 69 -69 49 -16 -95 21 -32 23 93 95 92 -49 -14 -81 -10 62 -89 -84 -26 81 65 -29 89 -49 1 -12 51 -59 4 -25 95 28 64 58 52 56 -54 58 -85 -54 9 -99 89 90 88 13 -77 74 33 15 37 -10 29 63 
23 -84 -38 -11 -96 -28 99 -33 20 -11 -66 -21 -94 -58 2 4 -22 -54 80 -7 -31 -23 -99 -96 19 40 21 -99 -83 74 36 -18 -74 -89 91 97 -31 -1 -79 67 67 -78 8 -10 95 -35 35 30 91 66 -32 -77 1 -80 -74 28 -72 25 8 -60 -12 69 -18 33 -20 -82 34 45 45 
13 -48 -7 10 94 17 52 54 -84 92 -36 -31 -21 -32 69 -73 26 -96 -61 98 -45 -82 -73 39 -8 -97 -94 -33 -30 24 60 -70 -89 53 -26 -45 35 56 -15 28 -57 -25 -85 -85 -60 -86 4 27 -44 3 -16 12 35 84 44 98 20 64 65 -84 -82 -12 -20 72 -42 89 -51 -49 -65 
-61 92 -5 42 34 -80 -15 -31 32 9 75 63 18 1 -94 -36 70 -13 -55 -51 18 51 77 48 -42 56 75 -71 -34 13 64 31 -24 55 -57 36 78 34 91 -93 78 -34 44 99 -38 65 34 22 38 -40 -14 58 -78 -37 -16 -27 39 1 -89 -85 -57 -81 -69 44 49 63 17 23 -85 
32 24 60 70 40 50 7 -60 -43 -62 96 -84 31 57 -71 80 -44 -30 -68 20 95 48 45 -97 -15 80 10 -39 -81 24 -50 32 -83 20 -52 -34 37 36 50 -1 -2 -5 -66 -92 -50 99 -7 -27 46 -41 -39 -44 28 12 -28 61 -12 21 10 -18 25 -98 1 25 -59 -69 58 -76 57 
-91 53 -35 85 -54 97 58 48 16 23 89 52 2 -34 -12 45 81 -11 68 -84 -40 88 -80 -9 -52 -26 80 -38 44 98 18 79 10 -59 11 -5 61 14 55 -21 -6 37 31 -7 -93 78 -19 87 60 -52 63 28 87 -79 89 -72 -37 20 12 88 -89 0 -27 69 -68 52 11 -93 40 
-46 45 -45 8 32 65 16 8 -51 50 27 -17 -96 -32 -61 25 -65 -58 70 -52 7 93 45 -25 82 -31 43 -18 -75 65 31 45 58 -69 20 -8 -51 12 25 17 -58 -40 -91 51 24 75 -6 -33 8 -77 11 -18 15 -57 -22 0 46 16 96 33 72 22 -3 14 -89 34 -91 44 32 
21 1 76 52 10 -75 45 65 83 -54 -84 -69 65 47 85 96 66 -5 4 -98 -69 -24 -31 -69 70 60 -88 2 78 -37 44 -87 89 73 -7 -30 38 -52 -75 -84 -29 81 12 -98 51 -86 -80 -90 33 -82 -2 70 48 39 32 -1 21 -24 -32 -40 -96 68 -41 -3 -94 -30 68 93 17 
-98 56 -82 -18 -100 16 80 54 -66 87 -7 76 -5 -34 -2 -69 92 96 -13 -34 23 37 20 60 43 59 18 -39 32 -37 -45 16 -4 -34 -69 -22 -9 84 13 -95 63 -13 79 25 -38 -83 -24 -81 9 -50 -82 -70 -99 -94 -61 -9 -29 -80 90 -92 -1 8 -25 54 32 -18 42 14 66 
35 -12 57 91 98 -29 98 -78 -33 -93 19 5 -84 -5 -69 -17 27 72 39 -83 43 98 46 -41 -52 63 20 32 7 69 -61 -29 -78 -46 -79 50 -37 -36 -5 -80 45 -29 81 14 61 -2 -94 -10 -63 48 -74 -63 49 -90 68 -18 -68 41 86 44 59 2 4 -8 1 55 -96 -82 39 
54 -63 -26 78 1 29 82 47 75 -62 66 61 -26 44 27 51 -55 17 -3 42 -11 32 14 -40 45 -1 -46 -24 97 -80 -60 55 -85 15 -72 59 -100 73 -82 -56 39 -14 75 46 20 -58 65 52 -91 -90 -34 53 87 -27 -69 -7 86 10 -27 23 76 -13 27 -15 -44 75 -62 -17 -27 
-37 1 -91 -27 -16 -91 -66 37 -95 97 55 -20 20 3 -97 -65 -13 -53 47 -24 92 15 32 79 -33 39 89 -11 -27 -63 -32 44 -58 53 27 88 88 -41 -31 -37 93 -49 -81 -32 31 30 82 86 1 -84 84 39 6 49 59 59 -17 -54 99 -63 -83 -14 -100 44 81 68 -14 -21 81 
90 -25 -47 -42 -36 18 -24 41 -61 70 34 -22 8 -51 26 45 -54 74 -27 81 13 -62 -98 -83 -47 8 32 -40 -1 -43 -43 38 -56 91 -96 33 24 -64 -70 -100 37 18 -21 12 89 49 -84 -94 42 49 52 10 66 33 -33 25 26 -91 -18 49 -42 47 56 -48 -7 -88 53 48 -31 
86 -39 -10 36 68 49 -26 -70 -33 -91 -49 -15 98 26 14 33 50 -89 -3 -98 -3 13 10 76 66 70 -47 -38 47 -90 59 29 -51 8 33 -3 1 29 -89 -10 -87 3 -78 93 -89 84 79 75 -62 60 84 -82 -11 79 15 13 -28 -70 54 10 -82 -72 61 -54 -10 22 52 54 -1 
29 6 -42 -4 -79 -7 -90 85 49 -59 25 -62 96 36 -52 14 97 84 95 23 -1 83 76 41 -96 16 -7 -48 93 -91 -8 -80 31 -72 32 -77 -16 72 10 100 -83 -34 -24 -5 -92 -97 -50 23 -56 81 93 -45 3 -56 89 -52 9 59 88 -87 74 41 -84 86 84 -43 -42 3 -87 
-12 52 42 84 -86 -15 92 54 46 -73 78 95 -60 76 20 38 -33 89 -74 9 -83 -66 85 82 -30 62 92 39 90 -45 50 90 -55 35 25 67 -52 6 -9 -6 -25 -18 -33 -90 94 -91 5 64 76 -95 -37 9 -26 21 65 -7 -76 -96 -27 -36 -79 95 -62 -57 -59 -44 -47 23 20 
57 -62 -38 -28 -55 99 37 -20 -23 3 -82 8 66 48 44 73 96 -64 67 70 5 -5 60 62 -83 -72 -55 -96 17 37 20 -54 -88 28 48 -65 -6 75 48 4 3 -82 -78 47 41 -58 83 77 -7 -79 12 -42 61 50 54 -76 -86 32 84 63 75 -54 -60 17 20 81 -97 -58 -63 
86 43 -70 36 -24 52 -48 75 -56 -61 -72 40 -26 -16 -11 88 75 -52 -51 85 45 38 -83 3 72 -12 38 -45 -19 -66 -99 54 -10 98 79 -7 61 3 -87 19 27 44 96 -34 -16 26 82 -41 -19 -66 52 56 27 92 -52 -49 -82 92 66 43 -65 99 -28 -62 -32 60 -57 -33 -85 
76 89 28 -80 -89 -71 -53 71 30 14 -76 3 -25 -94 41 43 92 29 93 59 -49 20 -34 24 42 13 47 0 9 -72 87 63 -53 71 -32 -83 -57 6 36 -65 -41 -24 36 -47 100 -2 -99 58 -55 71 38 -79 -25 -62 98 40 51 51 -35 31 56 1 39 44 -34 -52 -4 -27 -50 
-19 92 53 32 -71 -41 4 -45 17 1 -12 60 28 92 -11 -73 4 -87 64 84 -13 12 1 -99 53 -98 -25 36 83 35 -70 -31 -73 -2 73 55 -61 32 75 91 -81 -40 4 85 33 -42 -28 100 79 85 -78 -87 18 -31 -38 -61 -6 -8 71 -36 83 -69 85 15 32 -85 -89 -10 -83 
-83 91 -69 -22 52 48 -24 -13 99 -97 -100 0 92 -58 66 90 -1 24 74 94 4 -60 -37 -55 10 -23 50 -15 39 -51 -39 70 -100 51 42 55 3 -54 27 -62 93 -93 -79 -18 24 -71 -94 -79 88 -86 74 -96 87 -8 8 95 53 -71 55 -83 25 72 82 75 -79 -32 -19 -46 -64 
-15 69 60 89 33 -90 -66 10 49 20 -36 -73 34 -59 46 49 23 -12 90 27 -51 -30 -14 -16 20 44 -42 72 -35 -11 59 64 40 -68 -84 24 68 39 34 60 23 54 -76 71 23 71 -98 3 -97 35 -73 -7 39 -23 -38 -58 76 16 93 60 95 -75 -62 70 -91 -63 -12 67 61 
58 -36 59 42 -62 -24 -28 22 -78 93 44 57 83 65 10 -35 57 57 -92 63 -97 -98 90 17 86 -57 53 -97 -11 69 43 83 56 61 -81 83 -69 -16 -37 93 -17 -44 9 79 -54 84 -38 84 88 -97 75 32 -33 94 25 4 13 77 51 -56 -52 -18 -22 -10 -35 66 -24 90 -67 
20 50 -20 -55 46 25 -48 -97 -23 95 82 -30 -65 -89 56 -92 -71 -51 38 -7 89 -21 12 -37 71 20 -25 -49 48 45 -76 27 -64 2 -56 -81 5 -62 -95 76 -67 -85 15 -60 12 48 -30 -90 38 -33 0 0 61 -2 8 -21 -51 88 78 -38 -23 -21 66 -52 -15 -31 -26 67 43 
85 -88 72 86 -95 -81 11 -60 53 -86 90 22 -43 -49 68 -92 -6 -38 2 -12 87 75 -88 -37 -70 85 -36 46 -76 -24 66 -6 -69 87 -71 -95 -55 18 -100 -3 -7 68 70 -63 5 -51 -89 74 -58 56 40 -52 -84 32 20 57 12 66 -58 -9 100 90 -1 75 -77 69 -84 -79 100 
48 40 -7 -50 95 -53 77 98 10 -23 -66 -14 92 56 10 32 -58 -18 1 23 58 -17 71 -10 -68 -77 -75 90 -44 -65 -22 -26 33 70 -50 6 -72 38 82 -54 -50 47 5 36 29 95 -4 48 -33 -93 58 -43 24 -71 78 -100 -23 6 -47 9 76 29 14 69 33 -42 -98 92 11 
18 53 -37 37 63 -92 46 -36 66 -12 56 14 73 30 42 -41 96 34 16 -7 -47 59 -61 -97 -98 -61 -84 32 20 71 11 31 -56 -17 -72 55 62 -22 -85 27 -93 41 -68 26 5 7 0 62 -20 -39 8 80 -99 10 -53 -33 33 -23 -91 1 -1 15 12 -90 13 -100 -49 -16 28 
42 -55 -28 7 91 46 100 81 59 49 -16 37 -35 69 66 94 97 62 -90 -51 -96 -44 -39 -100 95 -4 -11 52 -24 -80 5 -45 85 93 -64 43 -48 -28 64 39 -47 -33 -25 40 -44 87 -2 75 96 -31 -24 61 62 -54 -40 40 25 -26 -36 6 -8 14 -50 -70 -65 -81 42 96 73 
3 -4 -74 -84 95 49 97 44 -19 -53 76 -93 87 55 -62 -47 26 50 43 82 -98 -29 50 83 -20 -62 -28 90 90 67 77 -35 6 92 60 -74 -33 -45 61 54 50 45 62 0 -73 -35 3 71 -18 -64 -87 -49 22 71 95 21 85 -39 93 -95 69 -93 65 -99 91 -82 -100 -11 -35 
-26 98 -80 -34 -52 -33 82 41 -75 -27 -34 6 -28 94 -69 28 -17 -28 43 -18 95 -84 -62 54 11 -73 -9 12 -15 -42 -95 5 58 -12 14 -15 86 -4 78 -47 76 -43 -66 -5 75 98 25 40 71 -83 59 -100 17 71 88 75 100 43 -97 91 85 -82 -29 -1 -2 46 -68 -95 23 
-35 36 19 42 -87 -5 -10 32 -6 -10 0 -83 72 -98 52 47 -71 -9 70 61 -2 -56 -82 57 25 7 -1 -56 68 77 -9 -36 -95 -61 -68 -67 51 -2 -41 -54 -49 -20 -22 22 -62 -74 -49 -6 -65 34 -76 39 -97 -86 -76 21 51 -16 14 93 -57 -53 -56 -79 -91 -10 -44 -52 99 
-30 -46 -98 36 -62 0 -88 59 -31 -81 82 -76 0 -5 84 73 -25 -17 -14 -24 -75 -87 28 59 25 -13 26 36 9 41 63 -82 78 23 -73 -74 28 86 44 91 83 86 -81 -78 -61 44 0 -78 -53 -18 -26 -1 -51 -54 90 54 -37 2 -55 -44 0 -23 66 -67 -58 -58 32 22 -20 
9 18 -98 -25 -70 -41 -4 22 54 65 36 18 -71 69 -99 -56 -94 86 68 -80 -28 -92 74 -15 88 81 48 19 1 31 -69 19 -35 69 30 -35 -24 -52 35 70 -94 33 49 -76 73 -63 -50 -19 -97 81 98 -37 -61 22 64 54 -6 99 -12 73 -36 -91 -59 51 13 87 -59 5 16 
-84 77 20 -6 14 49 -46 4 71 -40 59 -14 -14 88 -56 -95 -2 -54 75 -22 -72 83 76 -71 -44 19 88 28 -47 -38 -45 50 8 -33 9 39 97 90 -34 79 -7 -70 -63 76 -81 -61 53 -1 -13 89 85 72 -33 -39 44 -90 -52 5 83 20 14 -86 -61 -62 -51 67 -2 53 30 
87 -17 -72 -100 -100 55 87 -28 -51 53 -53 -4 73 -70 35 -62 -7 -50 -21 53 76 -3 -80 10 16 -5 36 -93 37 14 -51 -90 -94 100 -26 62 79 34 69 91 -93 -66 99 34 -48 42 -38 45 100 -73 -31 -74 1 -65 38 2 44 54 33 -55 -76 34 45 -72 -53 61 88 95 -63 
11 -59 65 41 -51 -90 91 28 -95 -66 99 -48 -8 92 40 27 -46 -36 99 -54 -27 -80 -46 -71 33 -84 13 -30 -32 61 16 33 71 37 40 -91 17 88 75 -43 25 90 -93 -8 17 66 92 1 92 -28 -73 -61 -61 -26 89 -85 81 100 88 8 94 -89 8 -58 99 39 -29 89 -38 
-74 -46 -71 22 100 39 36 65 63 -52 -39 -22 100 22 85 74 -41 -66 57 -59 -12 83 36 -28 -90 -90 76 -73 -62 -34 21 -28 73 55 -70 84 57 -3 -90 -74 -90 -22 88 58 -75 79 -40 -28 50 -32 29 82 -76 -1 -39 -95 80 -73 99 -87 27 10 -58 39 -27 97 -77 97 -33 
22 -80 20 56 -40 56 -5 -4 48 -89 83 -32 -90 29 32 46 28 28 -51 24 -83 -9 57 2 31 -18 -87 100 -51 -85 25 -90 50 81 -8 56 87 -4 -12 -80 96 -8 16 -2 58 0 97 68 34 -3 4 32 -11 62 99 30 -99 36 4 13 77 -58 33 2 -48 6 86 10 32 
-27 -23 33 85 89 -41 -42 24 82 76 77 -20 31 -12 51 32 43 -94 0 -75 9 81 -50 -2 -63 -11 71 33 -2 -1 26 28 57 6 25 -62 34 63 -45 100 57 35 5 26 10 -29 97 -40 46 47 40 -37 47 75 -50 -66 -79 27 39 98 -55 22 -24 -44 -83 16 -69 -30 -46 
24 -55 -81 81 35 -83 59 -48 39 21 -67 -49 -7 -63 -5 16 90 3 24 75 -69 22 -56 70 9 -56 -71 -36 8 48 49 1 6 -28 56 12 -40 -19 59 -37 11 -72 -61 56 -91 -96 22 -18 -4 -8 29 -71 -69 75 68 87 -71 56 6 -98 85 51 -26 76 -100 -82 17 -80 55 
-2 -60 42 -52 42 -37 -2 -60 -93 -56 98 -2 -98 -100 47 -30 -87 81 13 7 91 97 -54 8 -57 -8 84 69 -67 -29 37 -95 -82 24 66 -91 64 -90 98 62 91 93 17 81 78 44 -40 84 -20 -39 30 -20 -47 33 85 -17 57 16 77 80 -80 -82 49 -53 -39 45 -23 47 -99 
-85 78 86 -94 31 84 77 42 39 59 -51 -69 8 -37 -40 -47 -52 8 13 -72 97 30 88 51 100 30 -6 -18 34 -41 -44 -25 -87 39 -9 52 -41 -54 -85 -31 56 35 100 24 24 -5 4 -2 -79 52 -18 89 -11 62 -63 91 53 4 5 32 -65 56 8 -8 88 -25 -57 -46 92 
40 47 16 -16 18 -42 -79 5 56 -63 7 9 79 2 -36 69 28 22 -44 -58 10 30 -83 3 28 85 -43 81 -61 -57 -87 80 3 84 -46 5 25 78 2 66 -1 -9 -79 -30 38 39 100 -48 -86 -30 73 1 -1 71 -91 -73 60 -92 -56 93 -52 -23 43 19 51 -68 -28 73 -99 
67 33 11 -97 -61 98 -89 72 -37 -56 9 -42 69 -81 94 69 47 92 -60 54 66 60 -71 -8 28 -32 -56 91 42 -39 43 -74 -40 -58 -54 5 -47 96 -24 34 68 4 84 7 92 30 28 -60 63 67 -91 21 68 -84 -9 76 97 81 -93 -54 74 87 -41 99 -75 22 91 -95 99 
40 -86 13 59 -43 52 -89 88 19 -42 80 -76 98 -100 -97 21 -8 -81 -77 40 85 52 18 14 -13 -66 -97 -33 -90 67 22 55 41 -69 23 -23 40 -57 65 -8 -23 -27 43 -75 -40 84 -93 29 -44 75 -88 -44 -39 57 54 45 50 97 3 -79 -83 -93 51 -18 -21 83 81 84 47 
-98 -42 44 83 -24 -19 64 -23 -95 61 -54 33 -24 -36 -54 -76 44 -92 1 -15 -28 -53 -12 81 78 -74 -50 -5 35 74 -79 -59 -46 49 -88 -72 -91 65 36 -38 8 -28 73 21 23 19 -30 -61 -10 -92 99 9 -63 -73 6 50 -33 47 -84 -40 82 50 2 -54 -92 38 -42 -68 -42 
63 -80 51 16 83 96 -40 -76 -79 -22 83 -92 12 -55 -26 -95 88 -22 22 -49 -59 30 -63 18 -4 10 78 -14 -45 -26 -4 -40 -100 -30 91 11 57 78 5 -36 -63 -11 20 -63 -28 16 -23 -14 77 75 42 16 56 67 -80 79 -95 -14 71 19 -86 77 53 87 65 60 13 83 -87 
-17 -13 78 -75 -10 -24 -60 -61 15 -4 30 -27 -64 -51 61 30 45 32 79 61 81 47 -83 -31 79 14 -16 90 -64 -33 13 -37 55 42 3 -4 90 12 26 76 62 59 -17 84 -33 -90 -97 43 82 81 15 23 -75 -30 -74 87 47 9 81 45 71 -63 92 63 37 19 -47 78 -17 
6 -36 51 96 -1 -57 69 -28 -22 -75 -49 72 -66 -70 -19 39 -6 41 -69 15 -84 65 41 71 24 -91 -8 -65 58 -39 13 -71 -62 -64 58 -34 82 -24 -96 28 88 60 40 55 -41 -20 2 -9 0 59 11 7 91 -82 55 -12 -52 36 45 32 -94 -59 19 -14 78 73 58 45 -75 
63 -95 -44 97 -80 -25 -40 9 65 -98 -46 80 97 78 33 -17 22 9 -8 -18 74 -65 80 91 -22 -29 -43 20 23 34 -90 91 27 -63 77 -57 -18 -85 41 -5 -39 64 -33 100 42 47 -60 -45 25 78 33 48 46 79 -84 -18 -18 -43 -99 -67 -26 -8 -34 -35 96 -2 -83 55 43 
70 -21 2 -26 -34 -25 18 -87 76 -21 41 27 94 -28 90 -37 83 91 75 74 -99 -5 8 -9 -38 -24 63 -82 36 47 29 -10 -82 -61 -18 -12 -80 -55 83 -34 -50 39 -56 -75 32 -90 67 -77 59 -84 -56 -28 9 16 -1 58 -13 -15 22 -62 79 65 10 48 86 -16 43 87 71 
50 77 4 -13 38 90 34 98 19 21 93 49 95 85 -21 31 74 -9 -56 82 56 -28 72 5 -24 84 -16 -30 93 19 -87 44 77 -2 27 42 85 7 -45 -17 -73 -85 7 -24 -54 60 -39 51 69 -58 -32 -87 44 90 -23 -17 -89 -17 41 70 42 90 -83 -91 13 -13 91 35 96 
25 28 -57 69 91 73 52 -18 -7 -28 -59 39 7 37 -40 82 -72 -9 -59 -73 47 26 81 89 69 81 56 -6 92 -89 31 87 87 -15 -27 -34 -45 -22 12 25 75 81 -63 88 90 -14 -63 -41 -59 -47 -90 -32 -12 -16 77 -82 51 78 -41 88 70 -28 37 13 -63 -74 -88 -57 29 
54 -90 -35 -59 82 -11 -40 -79 -8 54 60 -28 50 -1 100 -66 24 -29 -14 -71 -76 -22 -12 -61 -31 -45 87 -78 -90 5 -31 31 -3 -11 -77 44 22 -24 33 68 35 87 -61 -63 -9 -62 48 -41 -30 -97 -67 -86 -50 -10 45 16 -78 49 52 -85 -48 -17 -28 -32 -9 55 -56 -30 51 
-5 64 66 -14 -70 -30 -17 -93 -89 21 -63 85 -38 -57 76 71 -55 53 40 -28 -73 -27 57 -50 51 95 -87 -9 87 52 18 36 -80 -95 -10 42 -75 -84 84 89 -98 -21 -47 1 31 -79 -12 24 81 -24 45 87 -26 34 16 63 -4 -81 -57 10 96 33 68 63 -65 -29 91 37 2 
-68 54 29 29 -58 20 29 -29 -36 -49 -42 29 -12 69 7 6 -92 -33 62 -41 78 -93 61 -83 78 49 -62 75 21 72 6 -97 -11 -86 -27 -9 -11 58 -18 30 59 55 -58 4 -66 -94 52 78 88 93 44 -32 -66 -91 -98 58 55 -28 83 55 -1 -70 15 28 26 -31 -30 -88 0 
85 64 -75 -92 -70 -34 -24 21 -54 16 -88 -78 47 13 37 -95 72 46 -81 -56 44 80 55 40 97 45 -99 -73 81 68 44 91 -37 -67 -24 54 -10 -33 -31 28 10 21 26 -21 42 18 29 3 -40 -87 29 48 96 -93 -63 -76 -23 -46 18 30 -91 75 2 -15 7 25 37 59 -3 
-96 57 -15 -32 10 -22 -89 -93 -29 85 -94 46 53 54 12 52 -69 -80 -37 -98 -15 -95 -5 -97 -87 28 -13 99 -95 38 -54 -63 99 25 87 -89 -98 75 91 58 63 -86 69 71 -92 14 -21 -43 30 41 -35 76 43 -37 -28 54 -68 -68 32 19 26 -15 -97 -31 -76 -19 12 49 -65 
38 -94 -59 6 -99 99 -48 -51 -24 -100 48 28 65 95 -74 81 -71 -23 -10 -84 -91 42 -72 -86 60 -26 -93 -84 34 84 -92 67 80 -29 48 90 -73 -33 47 -4 -92 76 25 -83 94 -85 -30 -45 -37 96 54 -46 27 -88 18 -81 -77 85 -43 -20 -30 87 -27 64 47 51 -5 -52 -3 
56 96 17 -42 -47 82 -21 -33 -91 -37 83 10 -76 -43 0 -49 -48 -90 -65 -73 -53 -25 -80 49 -30 -45 -94 -35 44 -30 43 -98 -34 -15 -90 35 15 -76 99 -95 -51 -29 67 -21 75 18 -46 89 -1 -70 79 84 3 -30 -87 -55 66 67 80 -94 -11 -43 67 -31 -19 36 67 31 -90 
48 34 58 36 33 31 -91 11 -21 70 -36 -7 23 8 -72 87 -50 3 -91 -71 -18 70 6 26 20 -99 -4 -23 -97 -90 34 -18 -90 -82 -65 88 -17 69 -7 -41 58 97 66 33 43 -69 -96 -12 40 93 28 -91 -72 51 52 23 60 -43 -9 -3 -31 71 -15 -7 -44 73 -51 54 -29 
50 34 -100 82 41 77 -28 94 61 86 28 6 11 98 34 89 92 24 18 -10 2 -23 -80 -23 40 76 -13 -5 0 -68 -29 94 -54 -24 26 -3 58 25 64 88 -89 -33 33 4 18 -98 -79 18 88 -97 24 85 40 -86 -7 -28 -49 89 4 23 -57 -77 52 17 61 58 31 67 -71 
-87 94 1 89 -100 82 -29 40 6 20 -66 -92 -61 95 -13 17 -15 10 86 1 31 -11 99 -80 -24 5 -79 26 82 -18 43 99 -17 -3 53 -75 46 -61 -44 93 -59 -43 -86 -14 28 -89 -4 26 -14 94 -92 38 11 37 72 -25 -64 50 -74 59 22 -97 -69 -93 -63 87 -17 -48 60 
-35 -65 32 -79 78 -92 -89 -1 -81 64 0 -49 45 -20 93 -45 -6 54 55 91 7 89 30 88 99 21 94 -88 49 -4 24 15 -79 60 48 93 90 -70 69 -82 46 72 -61 19 76 -1 -69 -84 98 48 50 85 30 -59 97 -20 92 -87 -30 -44 -51 -91 79 -2 36 61 82 64 96 
-3 -19 50 -38 12 92 -68 -31 -43 100 -19 -92 -26 -78 64 73 -8 44 -44 96 -81 34 48 -78 -30 -4 31 -71 -36 37 27 -61 48 97 29 -22 -96 5 36 -32 -51 83 -89 -5 94 81 32 -15 -28 -63 -77 10 -7 7 -15 53 16 -60 -14 46 -80 15 49 -24 -78 28 41 35 -34 
40 -96 -59 47 62 34 -46 90 -46 -17 56 -7 46 60 90 -1 -13 59 -55 68 -38 -37 84 46 43 7 -81 -94 -12 -74 -30 -85 -48 69 41 51 -12 -34 -65 38 61 -49 -24 96 14 52 -6 8 -50 84 -99 -97 78 17 4 -70 75 52 -94 -8 -13 75 -61 -73 -18 22 14 63 45 
96 49 40 -30 83 55 -79 -95 -87 -43 19 13 37 12 -27 -52 95 16 -46 92 -95 89 -92 7 55 -36 -73 73 25 -24 82 -11 36 -17 95 -31 27 -48 12 3 -30 -7 -21 -23 -9 69 44 -99 17 54 13 68 41 97 9 96 -71 -75 37 -64 -12 29 -35 23 -58 100 -18 -85 -48 
65 39 30 25 62 -87 -46 48 -54 -20 -100 34 -71 -29 86 -4 -29 88 -100 60 35 -98 1 -41 40 78 93 53 37 -68 -5 -28 -16 -88 -85 91 30 6 -81 -66 37 -42 96 -91 -87 -94 -25 -30 29 97 8 41 -89 -73 -41 85 74 -12 79 40 53 -39 -34 57 96 -84 43 53 -62 
94 -17 36 23 68 32 -10 17 -62 44 -97 86 42 70 -22 31 -58 -55 -80 73 66 48 84 13 44 66 2 62 -30 93 -50 -36 13 -48 -4 -56 -54 -11 48 75 -52 -20 -12 19 -15 -55 98 22 -28 15 -27 53 23 -38 -45 -82 -58 -9 77 95 -77 8 -70 94 -95 8 -47 -97 45 
21 -92 -4 87 57 -85 -13 -80 80 -12 99 -53 47 45 88 -45 39 -67 94 89 -53 83 4 28 -32 87 -71 -79 -26 -8 64 -14 37 58 -33 17 50 53 39 8 92 -56 -20 7 -93 -3 -83 25 16 -31 -6 6 78 99 92 -20 75 52 71 -52 97 -60 37 99 75 -29 -45 -59 6 
-42 25 33 -49 -27 5 47 -17 25 -63 47 87 -67 89 44 -51 -24 73 -90 46 -15 -79 -79 -31 -34 69 44 68 -9 35 -18 -15 68 -44 -32 64 59 73 62 73 5 -38 -80 -89 -81 59 54 25 78 94 -27 -68 -84 72 65 -37 80 60 68 55 -42 56 76 -58 32 9 17 -48 -4 
83 -20 1 38 32 2 70 76 -39 17 96 -39 -34 -55 -18 26 57 -85 -34 91 -67 97 -66 98 78 28 85 -31 80 -94 -14 -76 -88 99 38 34 80 86 -10 -7 26 -21 -8 -40 9 79 -69 41 95 -20 -38 -95 83 -87 -86 -31 57 -11 -73 15 39 -36 -90 38 -73 -100 99 -71 39 
-80 1 -32 57 -27 9 -91 -95 -5 40 58 92 -79 73 40 -69 -84 94 4 -2 -21 65 -60 -25 92 -20 35 -15 26 -13 53 80 84 -69 82 64 -97 63 -34 66 -96 61 -65 35 70 -52 74 12 15 4 -84 0 91 -59 -29 50 20 82 -98 70 86 30 -81 72 -9 70 -4 -43 74 
5 27 -50 -47 -3 -30 53 -16 11 64 -95 -85 29 -46 -80 -9 -54 73 86 68 -30 43 -67 62 47 -79 -26 15 -26 10 -79 16 -26 38 -44 46 44 -68 50 72 -48 1 57 -75 -71 -34 -55 97 98 -19 66 -70 37 75 -53 -38 -36 62 -89 93 45 1 -7 -26 -48 57 -86 54 23 
-11 29 -42 -23 -67 45 62 -50 67 13 -44 -44 -46 -82 -84 95 34 -26 -87 -26 -88 -32 32 -4 -88 24 33 57 49 40 42 93 89 -74 27 61 -85 -68 -71 83 -92 42 -6 26 74 16 -32 52 48 -51 -6 -86 -72 78 -34 -59 -26 -42 -55 41 94 4 -63 12 80 -69 97 48 -5 
74 94 -47 -44 28 71 35 -43 48 -69 39 -42 -81 -26 19 39 -80 -92 -29 -67 -76 -31 81 23 55 -41 75 45 -25 -26 -85 -38 -11 -70 77 75 86 -42 59 29 70 -95 -23 -36 66 -69 23 -11 20 -4 53 -97 -96 92 65 -85 60 43 41 -87 7 -50 -80 -62 -39 -37 32 58 5 
67 -87 99 -28 50 -34 -78 58 -72 -9 57 6 -63 -79 84 71 17 -74 -25 97 -21 -2 96 30 58 24 -69 -8 -13 -53 28 61 -4 46 -59 74 11 98 62 57 -30 61 22 -85 54 -62 92 -13 94 -79 -80 16 -6 -80 44 -75 -64 -7 74 31 -24 -84 -25 33 46 47 -96 -11 10 
-17 -49 2 69 91 -34 -42 22 96 -87 39 46 8 -99 7 47 -100 29 -97 -48 29 -61 -81 20 19 -38 -71 87 11 -6 63 -47 -76 93 81 -67 42 21 84 -96 31 81 24 -91 -85 -70 -76 14 79 4 68 -82 -75 77 46 55 69 -70 -25 93 -87 -3 86 -47 92 55 -1 28 2 
-12 -47 44 -50 -4 21 58 14 43 28 43 -95 -78 -30 -60 -3 84 -74 -79 -73 -39 94 -4 -11 44 74 -30 -13 -7 28 1 99 76 -38 29 -49 -4 -31 -12 -70 11 -16 94 -58 -97 84 -9 0 -7 95 -39 36 -61 -38 88 28 -14 31 7 -25 -42 2 73 3 -9 -78 -13 53 70 
-20 -46 -43 56 17 -99 44 -50 -100 -82 62 50 -87 -7 62 -22 62 -51 68 -23 26 95 96 79 35 -88 21 -41 -6 -2 -13 -3 -49 45 14 -56 89 -76 88 -48 63 -13 4 2 47 82 -78 88 -8 -67 -38 21 95 -88 -12 -50 -47 -91 81 42 23 -24 -14 54 21 -27 44 97 -31 
9 -21 -40 10 97 34 -16 -89 -71 -38 -35 -65 17 90 66 -83 3 -93 -12 -62 84 52 31 80 -23 -63 39 70 -99 -29 -27 86 -54 54 -18 -88 89 -33 53 22 70 70 23 -10 55 86 -33 16 30 -99 -12 -68 50 -37 -43 12 77 78 -38 65 -18 -59 -32 -88 -52 -43 -44 -80 -24 
27 31 33 75 35 31 -53 62 -79 -52 76 18 -32 1 -39 -80 -97 0 -62 24 -38 -95 -46 -16 22 100 96 -96 -82 94 2 -90 -31 -51 -86 -86 5 62 91 44 6 82 92 98 -21 -83 14 -53 -83 -19 -98 8 -24 44 -5 35 -21 82 -41 -33 -94 -52 90 81 37 34 -73 -62 -71 
45 80 -100 33 -88 -20 -77 -3 63 99 -33 -16 -98 34 -38 56 45 92 -57 -25 59 -52 -83 79 -93 22 37 98 61 36 -96 -2 61 -78 -17 -58 -92 -24 -47 44 5 93 -15 0 -86 -41 -31 61 23 -90 -57 40 73 -35 5 58 10 94 -46 -6 -8 -92 25 -25 -85 -77 75 91 98 
89 98 -91 -28 -26 0 -68 -63 -85 12 -34 -27 -42 73 7 -63 -74 -83 6 -67 -53 74 -12 36 71 -84 76 91 -87 -28 -64 -65 43 26 -24 -68 -40 35 31 -93 25 -76 -59 11 -10 -42 -19 44 -84 -19 27 54 -22 20 19 87 -65 -29 -18 27 -82 91 65 -92 -69 -45 26 -16 3 
-8 -83 -26 15 35 -52 -10 -28 3 -89 24 23 -62 60 -7 74 15 -47 85 -60 -35 9 -65 -100 71 47 13 6 32 -89 5 10 75 23 -26 -51 -41 -63 -72 -73 -34 -93 4 -41 -1 -95 -85 -27 51 -55 14 -90 56 7 37 95 -88 -61 -65 -32 53 14 -82 20 -16 56 -39 61 40 
58 57 47 52 -46 54 -34 79 53 -79 -42 71 95 -34 32 57 9 42 60 52 98 -14 61 34 9 -84 94 -80 -76 -44 -65 -14 61 34 19 -57 -86 -68 -41 57 -81 -51 15 -45 7 -12 93 8 28 91 83 -75 100 -2 -97 -45 80 43 72 -25 83 -95 6 3 -77 -19 -25 -64 -56 
-21 49 71 0 10 25 60 -87 -100 -59 68 81 44 -7 21 33 -66 29 -82 -23 39 41 69 -21 -91 95 76 -35 -74 18 -72 85 -51 12 -71 -9 41 84 71 33 -100 -34 95 -20 91 32 12 -77 -7 68 68 81 4 -82 -77 -61 -90 63 97 78 79 54 51 70 47 -73 -86 -42 33 
87 -96 -7 81 -23 -78 42 -10 81 -10 -3 -16 -26 81 63 60 45 0 -58 49 16 42 56 -49 56 7 59 0 23 53 30 32 -45 25 5 -10 77 3 12 -60 93 -72 30 54 -89 24 -57 -17 -52 -97 -22 29 -44 -61 -59 78 -11 -44 89 -63 79 74 44 18 23 56 -15 -98 23 
-52 11 85 -58 28 70 73 -78 -77 57 -7 -40 -96 -38 6 -50 -7 11 19 -84 -99 -47 -98 46 82 15 50 -89 60 86 -18 -70 50 -3 -64 -36 63 57 78 -91 -1 -49 7 9 -64 -30 -74 -64 -54 84 56 57 -74 42 -80 21 31 54 43 -26 16 -31 9 70 -18 97 46 -32 -95 
-88 -19 50 19 6 -52 11 4 78 -53 -98 46 -80 -59 84 82 62 6 84 -52 58 60 -33 10 -53 -61 52 -5 56 35 99 40 81 17 77 -31 85 -75 -7 -80 32 -95 -49 2 39 -78 23 20 71 20 -54 -86 6 -63 50 27 60 -6 -92 40 56 -77 6 19 -20 -22 -67 -18 45 
12 -89 51 70 -88 -62 -53 -20 -72 41 36 95 65 -44 -56 71 -76 56 53 71 17 -92 72 100 -26 -25 -3 -34 73 -98 -54 -62 -52 97 -12 -35 51 -60 41 -68 76 81 49 -51 39 -31 24 87 52 -6 -21 96 70 -73 55 -34 79 11 -84 -53 -23 61 59 -22 43 -47 -16 -17 2 
55 -82 56 -56 -61 48 1 69 25 -96 -60 23 78 -82 -43 42 -6 -74 31 62 30 67 68 62 -7 -81 85 48 81 -86 4 -78 81 -8 23 -85 -2 -29 -67 54 -14 -16 -40 31 71 21 70 46 38 74 -94 78 11 91 -59 -97 3 19 -56 -21 99 46 8 -56 65 49 -47 82 -69 
-1 46 -56 -66 66 -21 -59 -83 6 47 42 26 20 -99 74 -50 26 99 38 -29 -90 -38 -32 49 40 81 80 51 -14 10 -28 82 92 66 19 39 -54 100 -88 -50 90 92 -27 43 -83 50 -54 -69 34 42 -23 -95 -23 -81 55 93 60 -25 7 -17 12 54 -8 -93 23 -58 -39 63 78 
78 19 64 26 57 52 57 51 98 66 37 10 -42 34 0 -60 -80 -93 -8 60 49 99 9 24 47 93 96 25 97 78 -44 13 67 -76 -75 -100 -54 98 -14 2 25 91 88 51 44 6 -68 -92 2 -62 84 31 -93 36 -58 -56 65 36 -98 -78 -90 8 37 -73 -28 55 0 -13 -24 
-79 96 -25 -31 100 -31 31 30 -90 14 -38 30 -50 88 -74 -80 -84 78 -44 -31 -1 1 -28 -81 -57 -53 70 17 58 19 -100 -72 76 1 -26 -69 72 83 -55 29 -9 -18 -62 -47 71 -44 -2 -6 98 9 -73 -23 85 65 -95 -10 73 61 36 -25 -16 -98 -35 -76 -14 45 54 88 -25 
40 15 -22 15 -96 -52 1 71 -86 6 -31 33 -2 84 42 50 -48 61 -37 91 -92 -18 59 -61 -74 83 80 -95 -19 60 77 -94 74 4 -99 96 -42 -59 92 26 81 49 72 89 62 -11 -61 -49 32 80 66 89 55 -98 72 13 -98 -84 -22 55 93 3 5 37 -49 2 -28 -90 -68 
53 22 100 -65 57 -9 20 90 -94 8 66 58 -59 2 -46 45 51 77 -73 -52 66 -9 73 5 -31 17 -84 -3 -92 41 -70 57 52 71 80 20 -92 -88 6 92 -30 94 15 78 -42 7 -1 -45 74 -29 15 -37 -34 0 -38 82 -89 84 28 -80 -48 -86 -38 -6 23 48 91 32 16 
28 5 27 -2 -44 -78 -96 -42 -75 -99 -95 -63 23 14 -96 80 -77 99 -72 27 15 100 57 -55 7 41 68 90 -6 -8 2 76 -60 77 6 -51 72 -78 62 -68 19 77 34 19 77 93 15 4 -9 74 -79 -31 -18 -81 53 -75 -18 88 100 81 -80 19 -88 96 10 -94 80 -65 -47 
2 -58 20 -26 -94 -22 -8 12 -7 99 -75 31 -39 91 -1 13 9 78 39 70 -32 -67 -59 -86 -98 5 -18 -60 -41 -52 25 9 -55 99 1 9 -95 71 -79 -82 99 55 93 97 -87 -68 8 6 -4 -29 -41 -69 -82 -34 71 -22 77 -26 -98 -49 -16 61 44 -19 -42 -66 40 -21 39 
96 -45 -66 85 2 34 -95 -74 77 -55 11 98 -83 95 -59 68 -27 -83 81 83 3 -39 -53 -5 79 25 13 -100 89 -81 -86 80 -3 79 94 -77 12 91 -71 -55 -64 -95 -76 -45 -38 -25 68 -24 27 -95 98 38 82 -97 -34 -45 -61 3 96 -57 -85 -62 -25 -29 -39 -40 -17 -16 -58 
98 79 34 -100 27 13 -28 -54 48 -75 -65 73 55 -93 64 -76 -73 -16 84 72 -89 1 87 8 1 36 -84 -55 -85 22 -62 70 33 -46 28 22 0 42 17 -14 82 23 11 44 42 36 -18 -91 22 92 71 20 16 -61 49 16 -95 -78 -8 29 -43 37 -93 18 9 -65 -90 93 80 
-14 63 -21 37 -20 -40 -21 49 -1 10 76 -79 -76 -88 70 -39 -51 24 13 92 95 22 64 66 68 -88 -48 84 36 72 63 -31 -59 -49 -6 2 48 97 90 7 43 -16 42 -71 26 -46 -24 -7 72 55 -51 -73 -69 35 -1 -4 -87 67 6 15 98 -18 -46 -52 27 100 87 -70 90 
-79 16 83 -60 22 -24 -88 6 4 3 52 -100 -79 -40 4 97 30 -54 -43 16 -21 -22 -62 -1 -39 -94 -25 82 15 11 8 -80 1 44 -57 28 -32 92 12 -70 4 -96 92 13 -100 59 -24 20 19 80 -28 79 91 -95 30 -40 -98 27 -65 48 63 100 -84 -97 -35 56 -20 52 -15 
0 73 -86 23 -76 -89 -12 -60 32 -44 57 95 -81 66 20 -26 69 -51 49 95 -31 62 -39 97 84 -31 8 -46 94 -41 -50 -85 -75 95 90 -44 -14 -74 45 -94 27 7 -39 -48 -97 -18 -29 71 69 -84 46 100 17 56 -32 31 -9 -91 79 30 -96 18 -100 46 -10 1 29 98 -50 
-15 -27 34 -69 -66 -11 -45 95 29 53 34 -74 11 -95 -22 -4 -76 48 83 34 -37 53 90 53 -100 56 -7 6 -72 91 -87 62 -63 -70 -84 -98 29 -40 -2 -34 50 42 -86 67 -29 73 -24 39 68 -78 3 -34 66 51 43 56 44 -67 90 -71 -26 75 49 -82 -97 39 -62 -14 -89 
59 -94 -65 75 78 -97 -81 53 -98 -6 34 -61 -88 30 -16 -54 -40 93 -6 -18 48 43 43 37 53 80 -28 74 41 0 -16 74 -16 -51 -32 3 51 13 53 34 80 31 -81 50 82 -22 -43 -32 -53 -74 98 21 -42 -11 74 -55 97 93 9 -71 55 85 -37 77 -54 -21 -69 59 80 
63 82 -2 -54 -37 -33 0 -18 -98 -15 -6 -96 -36 -8 76 47 -21 10 35 90 68 7 35 -52 68 -34 90 10 26 -77 77 29 65 -53 -4 21 35 -87 2 -66 -52 -6 57 31 16 -12 -79 -92 -95 -2 17 88 -60 74 0 98 20 3 36 28 -61 42 68 7 56 78 90 -13 42 
17 -22 -95 22 63 -56 99 -5 74 -83 -17 -43 76 -55 -90 -42 67 76 -72 -53 55 40 31 72 34 64 -95 -25 25 -17 66 26 31 -96 -70 4 28 -56 -53 -57 44 89 -54 67 6 22 32 74 -17 48 85 -13 57 16 6 -48 92 -66 -74 -4 74 73 -95 -87 -56 31 -75 79 78 
11 -29 5 -9 78 -63 43 -64 -6 53 29 -8 -18 -71 -75 89 -32 26 23 -32 41 93 53 -70 94 66 -37 31 41 -59 -47 -80 -72 82 -25 -15 -39 -52 91 4 -89 16 -24 32 18 27 -23 46 -67 70 -3 95 -39 45 -80 30 36 -92 54 -70 39 19 53 -7 6 60 -12 53 35 
-97 -93 76 3 -34 43 99 99 2 -54 -28 24 47 -13 64 50 84 -18 -14 -49 85 42 -24 -17 76 -52 44 -32 -13 78 -48 10 -56 -16 32 70 93 -21 -94 -38 -15 84 -29 -71 -44 5 -28 16 -15 65 96 -21 37 50 -92 39 99 8 -43 75 -83 83 -42 -23 7 73 29 6 -85 
1 -71 71 -66 -68 -23 2 9 -69 -75 -6 18 98 85 21 -13 -25 94 35 17 -65 48 -17 71 -73 26 -13 14 -48 -37 26 14 -32 72 88 -7 -26 54 -37 77 -43 -52 77 -16 -52 73 -72 -58 -11 11 -68 79 -17 -99 -5 78 -61 -34 -52 -58 78 9 73 -60 5 -83 54 67 -94 
55 91 -97 -61 -41 -6 -94 -73 -29 -63 -58 89 59 49 63 3 84 50 90 47 14 -64 12 -87 -89 -64 -72 -95 60 -84 -4 -76 66 -79 56 -61 -49 -99 -55 -28 94 22 -33 58 -21 100 -57 11 -5 -12 37 63 -1 23 -38 53 98 -4 -66 86 -40 -14 -53 84 -97 41 66 -30 44 
-36 12 -2 9 -58 -8 70 37 41 35 -45 93 -26 -38 98 -97 18 -65 82 -48 -72 33 -38 32 -32 -56 -85 43 86 33 -79 -74 -97 -94 -21 55 -43 97 -49 -14 -21 -57 37 65 -63 95 10 -17 -69 -3 -40 50 -11 -21 39 61 -38 20 75 59 37 -93 -4 34 89 -45 100 41 90 
-75 39 81 -18 50 -11 -40 18 -4 36 -81 45 22 -35 -40 7 43 11 45 90 8 41 -4 67 29 33 -86 40 24 76 -33 50 -91 -53 73 -91 45 58 81 32 9 -46 86 55 66 43 -93 2 47 29 25 -65 -40 -51 -7 89 -87 -16 -83 24 -75 13 27 63 74 -21 6 91 -51 
90 78 93 19 -68 99 29 97 21 52 -78 -24 -64 83 -87 -3 -72 46 100 23 -81 40 -34 -89 19 -28 56 64 43 -54 79 -62 -77 1 -94 16 60 -26 80 17 87 78 95 10 -94 -24 66 -67 -86 72 32 -50 54 -17 52 53 7 80 -53 11 75 -39 -6 -5 -16 18 62 80 -98 
-21 99 -59 22 -2 51 47 -42 -99 -87 -4 -26 10 49 -64 -7 -85 -54 -100 -90 12 1 17 -48 34 -3 71 93 -25 7 57 -85 -69 -84 21 1 75 71 -29 78 32 -52 -92 4 -21 -9 37 -56 -43 -98 -3 85 81 -25 70 -79 -75 -99 27 -89 78 10 -90 52 -4 66 -81 96 45 
89 -34 58 -12 -15 16 39 13 -71 41 -90 -93 86 -96 13 -32 87 -17 16 66 -81 32 15 69 13 71 43 86 26 -18 -49 -79 82 -51 -1 40 -60 88 32 -45 -43 27 -61 0 -12 -55 58 -61 26 72 -62 -93 -11 -15 -1 -25 69 -1 -21 -4 -34 16 11 -5 -92 69 29 -71 32 
-100 3 95 -7 21 55 58 65 -99 67 64 -62 41 -71 -1 40 -46 -40 46 -29 53 0 -44 19 6 64 -36 -13 76 -74 81 4 50 -96 -58 -74 3 -44 -89 99 27 -82 80 44 -83 53 -84 -57 36 -38 17 -87 24 -53 -41 -93 -57 41 -91 -26 -60 -20 -12 -85 0 -5 52 -33 -1 
84 -22 -5 76 -23 -28 85 99 23 74 -56 77 75 12 -4 68 -86 -95 3 -11 -13 54 29 12 -69 80 -86 -47 100 95 -3 87 -95 3 -94 -66 -15 84 61 88 38 37 -72 23 -97 73 13 -94 68 -65 31 52 80 -37 -72 63 62 -42 69 -41 68 -32 16 -75 -65 4 -18 76 14 
-4 38 91 64 -33 26 23 -64 23 29 31 -36 -89 -42 6 70 -68 -30 75 -27 -68 83 51 -91 -95 -59 59 -48 -66 45 -86 -95 95 44 13 70 -29 -100 20 84 -37 99 18 -63 -54 85 -89 -25 17 -21 70 -55 -90 -27 -39 -2 -74 10 33 -93 51 -48 -67 -81 1 42 13 -34 -29 
15 -63 -67 -97 -38 -99 -69 -11 10 81 96 90 -57 -80 -5 42 81 -78 37 -61 24 92 -8 -49 83 64 -27 89 41 -1 -56 95 97 55 52 -85 94 -93 51 94 -92 100 75 54 10 -35 -34 20 93 44 -4 76 6 -56 -67 -47 -57 -62 33 -84 81 -9 16 74 19 -14 -1 -17 23 
