44 83 91 -22 78 62 -75 27 8 -26 -37 -1 94 29 -43 -58 20 27 -34 85 -74 -47 -51 -56 59 -13 -29 -5 -18 -30 92 51 52 -36 -34 -88 -81 -62 79 -57 54 -90 70 73 -23 89 24 -50 
73 62 22 49 35 33 13 -37 53 -89 72 35 -58 41 -79 -30 -22 -18 89 -91 60 -30 83 21 65 88 56 -12 94 30 -83 14 17 -49 7 -65 32 -55 -21 30 -14 96 -51 91 -40 93 81 -37 
24 8 0 -88 -5 -31 -59 -83 -39 94 -72 86 19 -55 40 84 44 75 -40 -48 -95 -65 50 75 -54 25 33 17 54 58 -15 -100 -30 -31 -73 -41 52 -6 -46 -79 78 -21 -32 -1 -89 61 -28 -58 
67 -88 34 -2 0 25 18 -95 -39 30 -84 22 -86 -24 -75 -88 84 11 84 64 -26 -82 83 -21 -51 52 -10 43 40 93 96 -23 -49 -87 -64 -61 80 -67 -1 52 52 56 -15 51 6 97 24 -34 
96 52 -77 -89 19 -35 -82 0 -32 15 100 54 34 79 -86 -15 82 -91 -56 67 80 -79 -87 88 -82 42 -65 -64 -39 85 -66 97 -53 -71 97 64 24 -39 -73 -85 -20 -41 25 13 51 44 68 33 
-87 82 -34 70 -23 -80 74 79 33 15 -11 -99 -57 -49 14 -46 18 96 -49 -24 -77 4 -3 -87 100 99 83 72 21 -72 -10 -48 -36 44 76 85 84 42 -21 -91 5 39 -47 16 -43 -10 46 8 
-31 82 -16 76 47 -86 62 21 15 -97 14 59 -54 0 27 90 30 59 -46 -73 -23 -77 0 -66 8 -78 10 55 -31 24 -75 -100 12 82 -53 98 65 35 81 68 60 -21 -84 41 90 -62 -25 97 
1 76 -4 -71 -56 -57 -72 59 -72 44 70 -25 -60 24 -52 -83 1 -1 -60 -11 -91 -34 96 -47 30 -6 94 -36 62 94 -53 69 49 -39 -29 69 64 -66 19 -62 78 -81 -51 -25 -39 29 -30 -83 
-53 9 -77 -81 46 65 82 33 -93 -44 -5 1 1 75 -91 77 -39 -14 60 8 100 -38 -3 -29 20 4 58 -71 43 89 8 -42 -94 94 -47 52 -22 59 -11 66 -59 81 -72 26 -53 -42 79 96 
-99 -86 -14 69 -16 -50 -99 100 19 -68 -88 -82 70 11 16 95 39 -24 -3 25 39 -67 81 29 27 -90 -39 -58 -34 -32 58 28 -37 -100 -22 -30 -31 19 49 0 -97 -23 -42 -86 -45 -73 10 -27 
42 -7 -33 53 -74 -60 42 44 -57 -68 -9 -100 -94 -51 -75 75 49 -67 -29 -4 10 -25 31 41 89 17 22 21 -38 -30 -93 -53 -42 -89 -19 74 -28 65 -47 -30 47 40 -39 -42 -34 39 65 -53 
-1 36 47 -18 63 -82 84 -71 -69 -85 -28 22 -84 12 -83 -16 1 -71 51 75 -100 -74 -63 -42 -91 89 97 -22 -9 -11 95 82 91 20 -41 84 25 86 40 -78 -65 52 4 -68 -58 -39 53 -6 
-92 -75 -16 -88 78 -16 49 74 -75 -41 74 -76 27 -54 -62 -10 81 45 -7 57 87 -73 54 20 -66 -27 86 54 49 -62 -66 60 68 44 -70 59 96 -25 11 28 -45 8 -84 -100 -88 -85 -98 17 
84 -28 70 25 -83 10 -37 37 33 96 31 32 -77 91 74 29 -38 -79 -23 95 99 55 84 81 42 67 87 76 66 95 35 -71 34 35 -73 -44 -77 -44 9 0 27 -78 85 79 -72 -59 91 58 
88 -45 41 -72 95 -76 -75 98 -38 93 87 58 -32 42 -2 68 -71 0 -53 -73 -15 14 59 16 22 15 78 87 17 -63 65 -29 5 -83 70 -89 61 -36 99 -66 -97 13 -94 -95 -58 -97 15 -24 
-81 94 -37 -51 16 6 33 -20 36 -70 -100 60 -7 16 27 23 44 -57 29 29 -24 42 55 74 -31 -83 93 87 24 38 -58 -58 67 17 -41 79 3 61 80 95 58 14 -5 -12 -13 -19 70 20 
53 36 -47 -13 -91 -15 26 84 17 -54 -93 -26 27 42 -96 -32 57 -71 50 87 -84 -23 60 -24 -20 -48 -89 90 84 49 -41 -100 -48 86 29 79 -24 33 -64 83 -29 -74 57 -62 62 19 -43 5 
80 27 57 73 -95 -81 -80 89 -65 -15 89 -57 -39 45 -86 -27 75 52 100 37 54 -8 -75 83 18 -93 -88 -71 82 -83 21 -38 64 -77 12 -19 54 41 93 -5 -31 31 99 41 34 75 -63 11 
-83 67 -56 29 -35 24 86 78 31 37 47 54 44 -58 -18 32 -28 39 -47 -93 81 47 17 -57 -41 17 14 -19 -93 100 -43 9 78 -49 30 -68 -75 -58 73 67 18 96 -77 42 -1 43 17 -55 
61 91 -93 -88 52 -25 -8 -19 67 70 83 -73 -18 -21 -20 39 100 -55 -57 -4 44 91 69 20 -92 -89 -11 -96 -14 27 -58 -22 -52 85 -94 31 78 -24 -88 86 42 68 -64 17 26 77 -49 -23 
57 58 -61 -60 -98 20 21 -18 -92 -58 -27 -4 62 98 28 -93 -64 13 -5 32 -76 -93 69 33 59 4 -98 77 -61 -75 18 78 -7 81 -80 94 40 63 -10 -34 -5 -15 98 -4 -62 22 -13 54 
-92 53 -27 -84 70 -80 -62 -64 -48 50 -3 40 -5 6 -35 11 -45 -82 -63 -39 -5 42 -84 34 32 1 -67 -43 -99 65 -13 -75 19 -27 -32 -64 15 76 -55 -82 40 46 74 -79 20 -60 -56 -99 
-77 -68 16 -65 27 35 96 -30 68 -84 -81 -21 38 -96 80 62 60 35 -87 -67 41 89 -47 49 -64 78 100 98 42 -53 74 40 42 53 -47 90 -15 24 30 -59 -36 -55 -64 35 90 -25 5 9 
72 -40 91 -45 -29 53 -21 -30 12 88 47 43 92 -89 -14 31 100 -93 49 2 -98 41 -68 49 50 37 -66 30 21 76 -90 -42 85 34 76 -57 -72 -41 -55 94 -57 74 1 10 -37 5 -1 24 
97 -87 97 83 -7 -37 4 -39 -94 -66 -86 19 -33 65 -96 63 -56 32 -40 -54 -92 76 45 -75 -55 17 -13 37 -72 96 -69 26 -70 86 -34 63 77 -8 -76 -47 86 -25 74 93 40 -27 14 64 
27 -19 23 -47 78 28 -49 -84 66 -2 70 81 16 -14 33 48 -45 11 40 -58 -2 -15 5 66 -4 -63 44 30 60 44 78 53 86 -57 72 -94 -46 -6 -65 -58 -4 -54 -39 -64 85 -53 74 -66 
9 43 99 62 78 -24 63 17 83 -64 -50 -75 55 50 2 -11 -65 78 -61 -68 61 52 -69 6 -53 77 58 -70 21 85 -2 26 -74 -50 55 -39 -34 43 -3 -56 -28 -32 -42 -29 87 -69 -55 99 
-79 -65 -99 -5 98 82 -36 72 47 54 -63 49 -25 48 -82 55 5 -53 85 26 -85 -33 52 -3 9 -53 98 -29 -19 -36 -38 33 -78 -19 -9 -13 7 -27 64 22 45 1 -70 -60 23 -28 -57 -28 
-36 -74 -84 76 -93 90 -31 -44 -42 -7 -31 -96 -53 99 36 -37 94 -13 97 -81 96 52 48 -56 0 -16 52 55 70 -90 95 -39 65 -35 3 -26 59 56 27 99 -95 13 27 -21 48 27 -37 -73 
37 -81 -2 -40 0 -10 -56 -11 11 39 -39 -43 21 -47 -9 -70 4 -8 67 92 -25 -90 -20 -98 60 -14 52 30 -94 25 26 -34 -85 -69 -15 -22 -93 48 30 15 92 21 31 -80 -96 34 40 -8 
35 77 17 -60 29 81 -25 -8 66 36 -8 -49 -29 19 25 -41 45 10 -77 -74 80 1 -46 99 -68 5 42 9 -96 28 43 -81 11 -25 -56 -91 -6 -90 18 13 -84 -41 -55 37 -44 -78 -60 55 
32 78 -10 80 -27 38 -15 -19 -91 57 -16 73 49 -20 94 -4 42 55 -12 19 50 80 -76 59 70 96 -83 -59 44 13 -95 -55 -21 -7 -80 -34 -37 -95 -61 -19 -67 -52 98 -9 6 -72 8 -63 
42 19 25 77 -9 -73 66 32 24 99 61 58 74 -87 66 -62 51 -42 -37 57 19 71 -21 48 -66 94 -48 -18 -63 -42 -56 1 -20 63 -57 59 64 -43 46 -60 38 -53 -57 67 -21 68 -8 -26 
95 -73 49 -11 -25 -78 100 30 96 95 -26 -49 63 4 -9 31 -30 30 72 37 -55 -3 -17 -14 17 15 -47 -6 62 -72 -20 86 29 24 25 56 16 -50 34 22 -22 -62 -31 -35 70 -27 9 -17 
23 53 -91 30 -89 49 14 0 42 75 26 -57 -27 77 11 60 90 100 44 -73 -7 -39 -59 97 -67 -88 30 55 47 79 87 30 25 39 1 -96 44 32 -47 100 -89 -42 11 45 30 -88 -61 -16 
79 62 -77 85 -91 -31 -81 54 -95 24 -57 -1 12 37 1 -42 -62 91 -38 49 -30 68 -18 -95 30 10 58 -32 80 -71 99 54 40 41 -92 41 48 22 -3 -2 -15 80 92 -57 4 -81 -60 -64 
-68 -74 60 96 -96 18 -15 -71 -89 39 -1 7 57 -4 82 -41 77 72 -97 -79 2 -45 49 52 -5 -67 92 89 -77 -63 -69 -20 19 80 -69 -32 59 100 22 -36 69 67 -56 26 43 90 -14 -70 
-56 17 -92 -17 2 -63 49 30 -80 24 79 21 -52 62 27 34 85 55 -83 -27 -88 19 88 57 31 22 -77 -19 56 27 40 15 46 57 81 39 -46 81 87 5 32 47 -60 -41 84 -18 58 -97 
74 -44 -75 -27 -49 -33 -79 23 -61 -67 -54 2 -50 -12 90 -82 -13 68 39 -23 20 -52 24 95 53 -36 32 96 -13 -45 -17 -95 62 24 16 -100 63 -55 -4 48 -78 -79 -49 45 0 63 -83 24 
45 -79 95 86 0 -67 21 -80 55 -9 -57 4 40 88 -43 -90 87 -55 -87 1 -45 -99 51 86 -98 80 33 12 -64 -84 23 64 -51 -82 92 -37 -30 74 -5 50 -82 25 8 86 -64 63 5 -37 
-33 -25 38 68 -76 -65 19 -23 25 -34 97 -15 -81 -15 32 40 18 -9 4 41 67 99 -50 -33 -40 4 3 43 66 46 52 94 31 27 -30 61 54 -19 -16 39 76 -23 0 88 15 97 -31 87 
-96 0 -51 -5 26 -46 46 10 20 56 -60 -16 -32 -16 64 47 -73 -78 81 16 58 48 43 54 68 -73 -80 -55 4 12 12 24 10 -63 -87 17 -82 62 -72 45 -70 20 -40 -97 -20 95 52 -88 
1 68 -11 78 -44 86 -62 -60 -33 -23 51 35 -44 -49 -43 -35 -97 -68 -17 -86 -12 57 53 -90 31 -81 -96 46 6 32 -75 -27 -47 32 -2 -13 -50 19 -47 -29 91 53 -62 -19 -30 -16 64 -82 
97 65 -1 88 -3 10 24 -2 69 -98 47 100 -21 -96 13 50 -44 -41 50 89 68 50 -75 21 83 -39 -67 -8 91 -50 64 -25 91 20 12 -77 -89 -67 -28 44 6 84 -46 -77 94 -79 88 63 
-36 76 55 82 15 -72 -34 15 -23 -34 95 -13 -60 60 49 4 -80 -34 55 -30 47 8 -55 12 94 54 0 -11 84 -24 1 43 25 -19 53 8 -92 -55 12 -51 -68 -9 98 -35 -32 7 70 -11 
-30 61 -72 29 55 7 -5 -4 -85 -12 64 77 18 78 81 64 28 42 88 23 98 -66 -30 -71 -3 36 -52 -76 34 -28 71 -46 -57 36 46 -76 -24 -67 22 2 -50 28 33 28 44 1 25 65 
21 -90 68 4 -33 12 -52 -92 -41 -69 -41 10 -18 41 -71 99 -7 64 88 -4 -73 8 14 -46 -63 -41 35 -58 99 2 -25 -50 2 5 37 -55 -53 63 -67 -94 -35 -53 -81 -30 24 -52 81 60 
-35 -3 77 -87 -46 70 -48 81 -18 11 28 -51 -37 -14 26 79 77 57 -11 -65 -9 -87 0 -19 29 85 34 39 -47 56 54 89 -50 89 -46 67 20 -25 50 74 -47 -98 70 -91 92 1 10 78 
53 69 -66 -68 -45 15 23 75 -91 87 52 -24 6 43 38 59 46 91 -25 75 -41 -86 -86 79 69 -88 40 -52 78 -15 -67 -1 -63 53 11 55 60 97 -93 -91 78 -24 -27 -65 28 82 58 -73 
82 -66 -36 -18 74 -28 -6 7 -24 94 49 -33 -50 28 -76 51 27 -89 6 -69 -54 -63 88 64 -98 -50 -16 89 -80 33 88 -13 -1 -22 -18 7 35 -94 -60 82 22 -86 -50 -18 52 -50 -16 68 
59 -90 -92 17 12 -87 38 51 -75 70 -27 31 43 -31 67 22 -1 -48 -98 -16 83 20 -89 48 68 41 31 -45 -98 -12 8 -94 37 96 -64 -35 93 50 49 -82 -94 -1 -16 -66 1 23 -98 40 
-8 -94 58 -35 75 6 94 27 92 -5 56 -17 -62 45 51 -63 33 -62 34 -38 -69 -89 20 59 54 33 39 43 93 -91 36 32 17 15 86 9 -56 80 -96 -69 -62 9 3 -12 -9 -45 14 4 
-39 -56 -2 -28 82 -8 -39 -15 -20 -62 -100 62 79 70 -68 38 -40 83 52 -25 -100 -11 -78 -32 -53 -100 45 -23 46 -90 -17 79 67 -78 -73 48 55 86 -76 -29 -8 70 -88 -18 -79 -96 88 -1 
100 50 -35 -38 33 -40 -5 8 45 -1 10 -18 76 49 -21 -63 -46 78 -8 94 3 25 78 -94 51 56 20 -44 -54 10 -83 -34 -13 14 -69 2 -32 -37 -30 -55 -47 -11 -93 80 72 -93 66 35 
-31 15 38 -99 -14 -66 -30 63 -30 63 -32 61 17 62 -99 -63 20 -15 88 92 -25 -70 -88 -83 -89 52 77 47 42 81 15 48 23 -90 -52 -15 43 -45 85 -70 -62 70 -10 -44 39 -93 69 -83 
-9 -86 78 -13 77 -69 91 -80 23 85 94 87 50 59 33 5 -33 97 -46 -64 24 89 -18 -93 -74 -18 63 78 72 94 29 -64 -71 9 -33 82 1 -100 47 34 6 -45 60 43 -67 -96 -1 59 
-86 -86 -59 85 -55 -91 -9 76 61 -5 -93 -63 76 -39 -47 6 -73 -37 -62 97 46 -69 -11 -69 -75 -58 -8 40 -96 66 -49 -76 12 87 6 -26 -49 99 -80 -93 93 -47 -44 -100 9 -23 -96 78 
44 86 -73 7 -61 -39 18 70 30 -87 52 2 87 85 96 19 -42 42 -83 -55 -66 -15 -61 72 81 -36 -88 -87 -85 74 -50 -63 -44 -16 47 -20 51 -70 69 -4 -40 -23 -32 -97 -25 -72 -91 18 
68 28 -32 -15 39 30 -85 29 21 42 35 -77 -35 85 -60 9 36 47 -54 -51 -1 -67 100 -57 -75 86 53 -98 87 -74 -30 -92 -15 -88 -63 -71 97 49 74 -100 -69 -79 -98 -11 -75 86 12 41 
-84 37 55 -55 73 34 37 41 -59 56 13 -3 -8 -72 -77 14 100 -22 36 38 -89 -68 -31 55 -7 -6 -89 30 92 -27 -39 -8 -5 -21 70 23 -11 87 -36 -92 -11 84 50 67 76 16 -19 58 
-1 9 25 17 -73 60 20 -98 96 -85 -98 82 -97 -84 40 -82 -33 14 72 -11 63 -92 29 -19 -58 97 -40 -57 -69 84 57 -36 33 -86 -44 -86 -73 7 -84 -47 31 -8 -80 -80 -88 31 19 -1 
-100 38 88 -27 70 -35 -67 97 -48 80 16 12 85 28 -21 -22 -38 -55 87 -80 92 100 30 0 -99 -29 -100 59 -69 29 79 6 40 13 -24 2 66 -88 95 -73 -89 -58 9 -64 -38 -48 -3 88 
18 52 74 -67 65 51 53 48 71 -21 91 -97 -52 -54 13 -69 51 -85 17 22 -47 34 95 73 72 -74 -87 -26 -82 86 -88 -42 95 -67 86 -25 95 -37 -61 29 29 -43 99 33 -33 42 64 42 
-99 -96 -75 -79 -95 99 43 41 91 -68 -35 62 -26 -91 100 18 10 73 93 39 -22 100 -78 -91 53 -12 -26 -56 -96 28 -83 -2 -35 -25 58 -58 78 -31 -70 -52 82 98 16 -65 -91 50 -94 -35 
-62 -77 82 -75 -31 19 86 34 78 -72 -81 66 23 67 86 53 -68 -19 -53 58 -12 16 -49 7 49 46 -9 31 -42 -18 94 64 -85 -80 95 -45 -90 44 -87 -41 70 33 -17 86 17 0 36 -95 
33 -3 95 81 -17 36 9 -82 -87 83 -12 -35 79 51 -52 -83 -25 2 88 37 -34 76 89 -73 -99 -75 -70 -53 36 2 -30 100 17 51 73 82 15 87 -9 73 -65 -42 67 -63 1 -52 -53 86 
44 53 24 -55 -74 -47 76 -19 -67 -82 99 -81 -38 -99 0 62 47 37 85 -48 60 61 86 47 -28 -7 34 -21 16 2 35 68 23 3 80 -36 -31 -40 -53 -41 52 -15 81 -79 -83 40 14 -11 
47 7 49 68 1 -63 -92 98 84 54 -29 -39 -8 43 -100 -64 79 -41 86 89 -54 64 -55 97 50 62 37 30 -66 -4 98 -62 75 43 -69 94 48 -81 22 -26 27 -8 4 -46 -83 9 32 -59 
-27 -17 29 84 -84 -86 93 -3 -18 72 -54 88 -98 37 90 96 -68 53 -98 -96 -81 -3 73 -41 89 -48 -84 -2 -56 39 -45 57 -48 97 -50 18 56 -26 31 -41 -48 -32 27 -55 28 1 0 -44 
-88 47 -7 -70 -35 97 -39 -65 68 22 -91 15 36 3 -46 97 -86 4 -61 -13 -22 1 -90 -73 21 7 -55 -94 18 -4 7 -9 -18 43 76 72 50 6 -63 82 -11 -94 -51 94 -22 -26 80 88 
-53 -77 -20 74 -34 -86 -37 -100 8 31 51 -98 -15 30 -37 18 -58 -99 42 -98 79 -7 72 -12 -81 6 -39 -34 -55 -68 42 43 96 -12 -100 -59 14 20 -80 58 4 -71 2 -27 -86 63 -59 -51 
91 -67 13 -27 86 86 10 -84 14 2 -33 -6 -33 8 -21 50 -7 62 -91 15 94 -37 -89 -4 30 -19 53 -25 -40 -64 -19 65 49 94 88 -38 5 60 -52 -93 -81 -94 12 59 -84 67 -81 19 
71 -29 -48 53 22 -59 19 40 -87 -51 44 -1 -44 79 74 49 -58 -4 -27 -70 65 -24 -61 47 47 -30 -58 -42 41 -76 23 -21 39 -41 -59 -7 -99 -8 -96 46 0 66 51 -87 93 -67 -43 -55 
-94 64 15 20 13 35 28 35 12 48 13 -47 59 11 1 -57 -58 -64 -37 -97 -33 -3 40 -48 90 -72 89 -90 -76 -42 41 -53 29 99 -57 -49 -94 28 -40 -4 -56 -76 9 -22 60 -91 -64 -27 
85 -76 -42 -4 -48 -41 70 57 -41 -77 -83 43 37 -85 -60 -62 -74 -11 33 70 -56 -52 21 54 2 1 -66 48 -83 -59 65 12 -22 -9 -78 98 12 -61 -81 -55 -100 -83 11 -47 -12 65 50 -83 
-82 39 21 95 58 -87 -47 99 22 94 -32 23 -2 -15 -41 61 -33 -32 93 93 71 75 86 100 7 -72 74 -13 -33 -99 -34 44 -88 81 -13 -91 43 -15 49 -38 -84 32 -4 28 42 90 -12 -24 
-22 72 -11 -38 -34 4 29 -51 -81 -95 -85 -84 80 -42 -94 43 53 4 6 -91 7 -48 -81 89 54 30 98 -70 86 9 -90 70 27 4 58 50 27 -26 -8 -32 66 -51 90 37 89 85 -81 41 
81 -63 -13 -12 51 -84 98 -32 -12 7 -35 15 -92 51 -100 -84 71 53 -42 -28 -7 -1 -80 46 73 -16 69 -32 -60 3 -48 74 -52 -23 -92 83 12 88 61 1 79 -26 -20 74 18 -16 -33 70 
13 -77 0 -93 71 8 -35 -37 8 -30 2 -5 -48 -7 -99 51 -2 74 36 58 9 -16 -63 -56 -53 23 64 89 -40 4 -10 -61 -100 73 -12 80 32 91 -69 -54 48 73 100 -53 -78 88 -31 57 
-45 -80 -32 -2 33 39 -68 26 78 -66 -60 84 -76 29 60 20 74 70 -48 -32 91 36 8 22 -12 67 47 -23 3 -32 14 -89 74 45 87 40 86 11 -55 45 18 -16 82 66 61 34 81 85 
-98 -85 -7 11 -66 13 -98 95 -91 4 -93 -76 6 -43 -59 -39 -6 60 -22 11 -67 -92 98 89 5 -26 49 -64 4 -30 -23 82 -58 -67 -92 43 -25 96 47 -20 50 6 -5 -23 -84 -43 4 26 
68 1 3 56 46 60 2 85 -4 -96 20 94 -45 29 66 -58 64 -83 -8 -31 8 -64 -88 68 32 77 38 23 82 56 -69 33 -65 92 -12 -72 46 52 -99 -21 86 -79 30 2 -33 -67 -71 -6 
-52 7 -94 72 -59 74 -2 -23 -63 -53 63 44 68 58 -77 8 -34 38 -72 14 -46 64 -9 83 17 -85 -25 56 97 -70 -94 -14 -31 -30 78 -40 -72 -3 72 100 -54 21 -82 -97 89 40 -77 98 
-90 -5 51 -85 42 -85 59 58 29 -69 -7 7 97 -43 -68 13 31 -97 73 -55 78 93 -60 38 -81 -32 -77 73 50 -14 -100 2 10 22 83 -29 -25 67 65 17 4 39 -97 41 -13 5 -3 63 
45 -1 -60 18 -91 93 -26 -34 45 -32 -49 6 21 92 -79 -13 -81 -44 97 -54 -28 29 93 12 98 14 -80 59 14 17 -100 56 -31 -17 85 -7 94 -39 53 -91 79 -58 38 -47 -87 50 -81 -40 
92 23 -49 -59 -4 26 26 -11 18 22 87 69 30 -79 -66 -45 24 52 -91 -95 -14 -17 -79 77 100 93 29 66 -4 56 14 22 64 -86 10 82 66 -32 -45 79 93 77 -84 80 68 -92 -2 22 
80 -49 -11 35 -61 37 -83 65 11 32 99 93 12 41 19 -17 67 60 5 29 4 27 66 -45 77 -15 67 -9 -62 -10 4 45 68 -8 -42 -33 65 68 4 81 48 62 6 27 -69 33 2 -41 
-68 -43 77 -94 -5 74 -8 83 54 -72 -80 -42 -81 -3 9 10 -35 8 -64 95 27 51 29 -86 -60 -3 -20 -67 63 85 47 -26 21 5 19 70 85 63 17 23 -18 -21 40 40 -34 21 -18 -54 
-98 -89 -36 100 -71 -94 -11 -6 -67 -4 -16 -21 -61 -63 91 -51 -46 89 37 73 -6 36 79 -64 -31 -56 -14 65 -37 -71 -35 61 39 72 79 26 31 94 21 87 97 -33 -91 -51 23 2 36 -100 
-43 14 -86 84 -30 70 -78 -2 60 -41 -38 49 49 38 -4 51 71 8 43 -14 14 -31 88 79 13 100 -92 58 80 -33 -67 -37 66 -95 -48 -92 52 -59 -83 47 43 96 -33 68 35 52 -58 5 
0 -98 -24 -100 30 68 56 -40 -4 67 -8 99 72 -13 82 -71 89 98 5 93 -31 -63 -90 -43 -33 -27 23 -67 47 -40 94 32 -60 -81 32 -14 -62 -58 63 -65 80 45 -71 -4 77 87 55 70 
-16 37 91 48 -38 33 100 43 -64 -60 19 -74 2 -97 -40 -24 -21 51 -79 -91 82 -6 21 25 49 64 5 -66 -38 49 42 10 -53 -72 58 50 -14 -33 90 -23 5 -48 74 84 -83 -7 35 -86 
29 20 98 48 52 44 -32 -86 40 -28 27 98 -50 22 72 91 51 -53 66 61 81 81 23 -44 -39 24 13 90 5 -44 55 -14 91 8 -80 23 -56 95 -54 87 23 -74 0 -17 -71 -44 93 85 
-93 -10 -28 -23 -77 4 95 23 -50 -75 -27 20 89 -69 87 -44 43 37 47 26 -53 3 -62 -62 -89 -46 -58 74 -43 -86 87 -48 31 97 -57 100 4 63 -69 -73 -57 52 -89 53 18 84 -97 13 
-46 28 -61 24 72 22 -75 -50 61 89 -29 -12 -86 -93 98 98 -83 54 62 26 83 -75 -37 9 -56 -10 48 12 -3 80 38 93 -78 70 -93 -89 25 -91 -1 -21 -21 -78 31 88 -6 99 35 13 
28 -76 12 -85 -92 19 59 -39 41 11 58 90 66 -74 -77 98 25 -96 66 -63 -88 -36 -96 -44 -70 -63 -14 9 100 1 45 78 -6 9 -92 87 87 44 -98 63 -53 49 57 -96 -11 25 -32 -11 
