4 64 68 -31 -86 79 45 -25 -85 14 19 -29 -28 12 44 77 24 2 -19 -22 -94 47 45 -16 48 -73 84 21 -12 86 51 -14 -9 67 47 20 41 20 -8 59 94 62 -55 43 -97 -99 -10 68 18 9 -45 -45 78 14 47 -90 14 -87 1 100 72 94 -25 -100 61 -11 -24 -70 79 33 95 -94 38 63 50 76 -18 -29 -62 -80 -29 50 84 -27 -52 61 46 -68 -84 29 -96 -72 -50 65 83 -23 -35 43 55 -3 -23 -6 68 77 -30 61 -75 -14 -99 -75 10 16 75 -66 -70 25 -66 -83 31 
-73 -44 -51 43 -89 -38 41 98 39 1 -4 -27 -77 -77 40 55 -42 94 69 95 -86 69 -59 96 14 -14 -14 23 12 -83 -94 -70 73 1 -80 -99 53 -71 -72 -19 76 -7 46 -75 -93 -35 88 61 92 -48 91 45 -70 25 -99 -76 -98 -23 -50 97 74 68 -14 75 10 -55 38 -69 -48 12 30 27 -64 77 -52 89 84 -19 -15 43 -46 -100 86 0 38 86 -60 -100 -87 12 -78 -24 -57 28 54 -34 -51 55 68 -83 -98 90 -51 -12 -6 -33 70 65 21 40 1 82 63 -33 79 98 2 -86 -51 
-34 26 59 8 72 -100 -50 87 2 -57 0 -61 21 72 37 -77 43 -32 34 93 -11 74 -29 -59 -100 57 78 -82 -49 22 -82 -43 34 -72 35 -94 67 -86 -95 -72 63 -91 -31 -10 17 5 -9 -23 42 -85 -96 -47 -1 86 14 88 27 38 62 -12 19 84 82 5 -47 29 28 -72 -32 -67 86 8 -14 71 -12 74 -45 -100 13 1 -99 79 -76 -75 -78 3 35 36 -53 89 81 -8 57 -53 18 -56 -64 -32 52 31 95 -96 82 20 16 -64 -96 68 55 -47 80 7 71 58 7 -16 -25 -68 71 
93 49 5 -14 -80 -23 25 -94 41 22 79 -66 -9 -21 0 57 -19 -59 -39 -25 7 -62 81 -21 6 46 31 22 -75 -24 -87 -13 23 9 7 -4 25 45 37 4 -1 -1 -95 -16 -1 66 -80 42 -8 -100 91 -12 5 95 8 -61 64 -90 -45 88 -93 -75 36 21 -41 -23 -45 -98 22 -74 -91 92 -15 -33 63 44 -13 13 3 82 83 -20 33 -30 54 69 97 48 -30 -27 14 0 -52 -2 70 -70 -88 45 -100 -1 69 24 -43 84 -73 -41 54 67 -80 44 -92 96 61 -16 70 -20 66 -100 -83 
-87 -50 -21 95 6 52 96 -61 -24 44 12 48 -59 -99 70 -57 39 -87 47 39 34 38 3 62 93 91 35 -8 -51 -13 77 -21 26 32 -81 65 29 -69 -25 67 76 29 -53 -60 73 -90 -49 88 23 -89 -39 -99 43 -3 11 -25 54 81 55 28 -57 -90 36 97 -64 -97 66 73 71 -81 29 -54 -77 48 79 -93 34 16 -7 -54 76 -6 -3 64 -59 -31 24 18 -36 -1 -18 88 -69 -93 36 13 6 33 3 -46 -70 66 87 -100 -63 -90 -1 -3 91 88 -27 -9 37 -66 30 -38 73 -60 -59 
-26 -83 -4 -97 -90 -24 4 26 -30 -80 -31 32 -42 96 -17 -25 -83 26 56 88 62 -4 -85 49 12 59 1 14 64 -21 7 -80 -1 65 6 37 -29 -79 -65 81 -35 -37 67 79 31 -54 74 54 -98 -74 -60 96 -26 -37 67 -34 -90 96 -71 52 -61 -43 -61 -64 -45 -13 -93 -78 46 -86 84 34 77 -85 83 -80 -80 -67 2 -52 85 -77 44 -38 9 32 -99 17 30 75 -59 90 -65 18 -73 -49 -99 65 -93 62 78 16 56 -66 14 -36 47 -87 84 20 -45 -85 26 -30 77 28 96 93 26 
99 -34 -64 -65 80 49 -33 48 75 67 -79 94 22 57 -7 37 45 39 77 15 -61 72 54 45 -44 -21 58 93 84 -12 48 46 63 -83 -35 -63 -77 -52 71 -79 -10 24 -91 -98 83 -43 15 -18 60 -41 44 33 -39 11 -12 45 9 -39 -18 55 27 62 -57 64 57 21 38 -89 35 -44 -3 -70 -31 90 -27 4 2 77 -86 -6 -79 -6 -61 86 93 17 -2 -73 40 66 52 -84 90 67 -22 -74 20 -33 -41 31 -18 66 -1 -72 99 83 -96 64 20 -63 59 -73 -43 73 41 -82 16 5 -11 
80 16 100 -98 94 -73 -32 79 -39 70 61 16 20 89 -22 67 20 -3 -39 -26 -44 37 -12 88 -64 61 -66 20 30 35 -25 -6 -85 -77 -3 -49 59 38 38 -29 -30 -19 -46 -30 92 -18 -77 25 22 51 66 60 70 29 -75 12 -57 42 -71 47 -11 -40 51 27 -21 20 -31 50 23 -19 83 50 58 -35 31 -31 19 39 46 98 45 80 -19 -58 -49 29 8 -24 59 25 -37 13 84 -16 -53 -29 -67 -19 75 -66 -58 36 80 -3 15 -3 -93 -1 93 -20 27 14 15 -23 -31 55 -50 59 -8 
76 16 68 -9 17 82 90 33 -41 44 -72 76 -71 12 -50 -61 -44 -9 -75 -12 98 -32 -87 75 95 -93 -16 -85 47 -50 -34 -42 -95 -95 -27 63 16 -69 -3 -81 -43 -5 -92 -77 32 87 -17 83 3 -78 48 92 -87 99 -23 -50 -88 77 73 -12 55 96 69 61 -53 29 -75 -43 45 -83 -56 -93 84 -93 -50 -37 -86 -73 -56 93 -83 48 10 19 78 100 -71 -94 95 39 34 24 36 62 -1 74 -8 -97 66 -24 3 12 -93 -46 24 -67 -31 84 -95 89 17 81 99 -28 -82 56 72 14 35 
16 -1 9 -91 -83 53 20 9 -47 4 35 -3 74 -1 35 54 -11 -3 -94 -50 80 82 83 34 82 -51 30 -63 -88 53 44 62 -40 -27 -53 -69 -59 31 92 26 44 -29 -20 75 48 72 45 -72 63 50 -90 -12 -42 -5 -35 -67 -97 86 97 88 93 -73 -6 56 14 -99 -10 66 -31 60 50 -36 -42 -6 -56 -74 -89 -82 52 91 43 -36 -87 48 10 9 -81 -28 15 -33 -68 85 55 -14 -24 36 -63 18 4 -55 -24 -27 61 -57 -99 4 -83 11 81 -54 -42 -36 34 -7 22 -26 -24 -29 -98 
-88 35 66 45 -67 53 31 73 -30 55 24 75 -77 51 -32 18 -92 -92 -62 -76 50 -4 -20 21 -4 0 48 33 -58 -27 -8 -12 74 -92 39 -73 99 74 71 -80 68 4 -88 66 -41 -78 0 27 -42 -14 80 -9 57 -47 48 -62 35 -33 30 76 -61 21 60 77 5 -64 1 55 49 89 53 45 -2 -31 -59 11 -80 -41 -26 -32 24 16 2 58 -64 -34 -83 -87 -94 71 -97 50 45 -75 69 49 17 40 53 -80 13 14 -87 20 31 -74 30 79 -22 -71 -87 -26 -92 60 94 10 24 49 -82 
90 -34 -17 8 -17 42 -36 72 -16 93 83 -7 -72 -82 -11 -83 -29 -43 82 93 71 64 -70 -88 -24 -22 25 -79 -33 -49 -25 -92 -91 0 -61 31 57 -26 -70 -44 -71 50 -81 54 66 -63 -96 -82 -85 23 69 -55 -62 61 -63 -73 65 -44 -10 -69 -29 7 51 23 53 94 -63 -49 -50 38 -29 -6 -22 -7 11 -85 -12 -39 -3 -1 -65 98 -13 -95 -12 17 10 51 82 -26 28 -57 51 -32 23 76 -6 -94 -50 50 -16 -37 94 3 99 -41 -35 38 -62 49 -47 92 91 5 56 -42 56 -4 -73 
-31 5 81 -1 -83 26 18 -55 44 91 69 96 92 100 -8 -90 -1 -74 -3 84 75 -76 82 -25 -74 -29 91 100 -29 13 -14 -22 5 34 48 -11 84 85 -97 88 97 -68 -28 -25 74 -63 31 -46 50 54 -43 -52 -93 28 -93 0 6 26 48 -49 -28 -2 58 -73 46 65 43 66 -24 -39 15 92 -41 85 -59 77 99 -9 60 30 67 80 51 57 -37 74 -63 42 60 47 34 -50 -70 29 -74 93 -94 1 92 34 91 -22 10 -72 -22 -13 45 -19 6 -35 65 92 -93 66 -74 -4 -6 -14 26 
79 77 67 93 -9 95 -66 -37 39 -78 72 -90 1 1 42 8 51 64 -8 42 -97 -13 61 -28 -53 10 97 12 -31 96 47 64 66 -83 -32 -33 18 85 -72 11 -7 -12 32 32 -48 -70 -47 -68 94 -10 16 16 16 -50 16 -36 98 -8 -8 -22 -93 39 -5 51 95 2 57 -78 -16 46 44 48 -31 -36 12 94 78 98 -32 71 -72 17 -80 39 71 -24 20 -12 -2 -76 -14 64 -11 40 79 -30 -26 28 90 -47 98 -98 58 8 66 86 -50 -76 -39 -82 -23 -23 49 -30 -81 -69 54 -79 -21 
-50 -96 26 98 -76 87 89 -56 -38 -35 15 -72 -100 77 27 -13 100 -72 90 -12 -6 74 74 -14 61 80 -54 58 99 24 -41 -32 -91 99 39 66 94 28 -79 -17 -62 -24 83 -14 -87 -98 4 67 77 -76 -9 38 58 -71 -67 61 93 -94 78 61 -41 4 -72 73 -62 -16 5 40 11 82 52 15 37 73 -2 -92 63 -75 10 -5 60 43 -16 5 -33 36 -95 -76 15 79 -85 20 -92 -57 0 -30 57 -75 -58 -27 -72 -92 88 74 90 -7 10 93 41 17 -53 -25 66 50 -70 0 24 -80 31 
23 65 -15 -25 39 20 -64 72 55 66 51 -83 20 -86 39 -31 36 -88 27 -42 -11 82 -16 -20 62 -20 24 -19 -53 -53 -6 -92 35 45 100 55 -38 -78 57 -76 -56 60 -2 11 47 -5 7 -16 -51 64 -45 -92 1 -42 -34 84 4 89 93 43 -70 -7 40 19 -89 70 11 -92 -71 -67 -40 -3 -62 -59 81 -14 -61 98 -77 100 49 28 -55 69 -45 -9 5 -5 -46 2 -46 -95 -61 -69 46 23 -54 -52 56 51 -53 54 -5 -64 56 7 85 -49 -80 -24 -54 -11 86 -41 -37 39 76 2 96 
71 13 -4 -7 -66 -53 16 -98 58 -11 96 99 59 91 25 -24 10 -76 100 98 -32 -26 -14 44 59 32 66 -11 22 81 -85 -97 7 89 87 -13 21 -48 31 -97 13 82 -14 8 -43 -71 -56 28 -58 -9 12 12 9 -77 96 8 -78 99 87 4 38 27 -39 -32 3 -46 23 -94 -65 -15 20 7 6 -15 76 84 -96 74 96 -69 -36 98 -25 -88 -85 12 -53 50 -19 90 -84 -30 41 32 -28 -75 48 -90 67 -47 51 86 35 49 -73 39 22 -70 7 -47 -13 -1 89 -79 -61 91 40 -52 -98 
58 51 -91 32 -11 -64 44 84 13 98 42 91 96 19 -48 33 74 -7 -48 -74 76 91 -44 -47 -55 98 -21 -15 85 -46 97 -62 82 -10 -42 49 -92 58 86 31 -8 24 43 -93 -64 -44 2 -20 6 69 -16 -82 44 45 60 -33 34 58 49 -10 57 -13 83 -74 -22 -28 32 -10 98 -9 49 -10 -45 53 75 -75 -15 -59 -47 -39 100 -55 96 9 -85 -28 -77 59 -64 -7 50 69 89 -79 93 65 89 -25 63 -61 -31 -96 13 33 99 77 -3 -21 -94 -27 -22 -9 -78 -14 55 100 4 -80 -40 
-92 51 37 -49 -39 19 -72 97 -59 -81 -53 64 100 34 -19 60 6 86 59 -68 -12 -24 86 -82 85 -82 -20 4 46 -46 -92 32 -69 81 95 29 4 -4 -88 -96 -99 -89 45 -97 -72 -8 11 18 -68 21 54 -3 -7 -84 73 -79 -21 63 17 29 -20 13 -58 -82 42 -10 35 0 -99 -28 -17 -100 -56 -91 -45 49 -2 53 20 -43 -2 12 -23 -25 66 -21 74 -52 60 -69 9 0 -50 -18 -26 -36 68 -42 -61 -83 21 70 -53 -37 -73 20 -21 -65 21 -99 -25 -1 91 47 -10 -94 -99 15 20 
-8 -100 -80 -51 -47 -50 31 46 -55 -71 7 -22 31 -57 26 -23 10 -56 75 6 97 42 38 71 83 35 11 -19 61 28 47 -63 -76 91 39 6 -97 76 -62 -65 -37 78 -65 -100 8 88 -28 -5 76 68 73 -51 29 64 67 87 9 34 12 11 -66 5 16 60 46 37 -15 50 39 74 9 25 63 50 73 -99 -68 40 39 -18 74 63 31 -33 64 28 53 -67 -73 -53 -100 9 -76 -11 -61 -47 25 4 52 32 52 65 62 -17 22 -76 41 -56 51 -45 37 -39 84 -91 26 52 77 -73 -69 
-35 97 31 48 -16 38 32 88 -49 -69 76 24 39 60 -95 -66 20 -30 -98 88 -84 -51 17 22 1 19 -47 -73 0 -100 -14 42 36 -49 -39 -84 78 -33 47 -21 42 10 51 -4 35 90 76 22 -61 -21 34 -31 -5 86 67 92 40 35 65 -76 3 -75 -95 53 15 -62 75 -6 -6 -100 18 -8 -25 56 66 31 100 27 62 -70 30 30 -30 65 -17 -58 89 1 -17 1 75 58 16 -42 86 12 99 -47 -63 62 -87 60 -85 38 -28 -85 -97 -56 97 -86 -94 -95 6 -4 -36 86 19 -63 23 
-35 24 -27 62 -68 98 -38 70 -49 89 -48 32 27 -71 -89 59 7 -1 -42 23 -70 82 16 10 81 74 -85 -56 65 100 63 -21 92 -14 -76 32 87 34 -89 99 5 -48 -38 -75 -97 87 -39 86 25 -58 -42 -72 -44 3 -61 94 -40 1 -78 -13 48 70 -29 -27 -17 -16 32 35 -4 -24 19 -2 81 13 15 -98 -8 75 67 -81 37 56 2 -42 1 -72 9 19 4 -77 -34 64 -97 -54 44 -81 -15 -38 -82 30 -18 13 -11 26 51 69 33 -69 -96 73 43 -9 -10 -44 10 15 -27 74 15 
-34 61 39 -56 84 -6 -62 11 -49 -6 -99 -53 37 -95 10 -15 2 49 31 38 -7 -44 -82 -24 9 -95 -65 75 -87 -45 8 -52 -80 -51 97 -36 16 14 7 97 91 -43 51 -19 37 -35 86 -28 -7 -75 -92 -92 97 -59 9 -67 87 92 26 -24 20 -62 -48 -32 -85 -17 -73 -18 1 85 -74 72 43 48 -25 -20 60 -22 96 33 82 64 -99 14 -49 -79 81 86 15 -51 -15 -51 61 35 -86 -43 -65 2 11 63 98 25 34 -73 46 21 -14 -70 13 -30 12 0 -52 -34 -67 -3 35 -43 79 
70 94 -28 -71 -59 -29 72 13 52 27 -61 -64 -40 -81 -34 -74 -94 -2 -7 29 -1 15 -53 -40 61 -73 81 -37 76 63 -53 94 -36 4 -20 -68 -88 65 -79 -70 -83 -39 -100 53 35 96 4 -7 9 -19 10 63 -76 0 -79 93 90 31 -89 -31 -44 45 -38 98 12 49 55 -67 -22 38 8 -77 99 -81 77 14 -70 -63 90 61 -45 -32 -18 -11 84 -14 -79 33 92 46 19 66 8 62 -12 45 99 -22 -45 56 1 54 -97 -5 -89 19 16 -45 -66 -80 -93 58 19 -24 -88 -26 -9 -30 62 
97 74 49 -55 -4 -55 -82 57 69 26 -71 -59 -72 -35 57 -53 30 -95 -90 89 77 -88 17 95 45 21 51 89 -77 -20 30 93 -20 88 -56 90 3 82 8 -5 94 -98 -44 -85 31 -94 -88 60 43 -71 22 -53 -56 -87 9 -3 24 -7 -53 -78 -51 63 -1 7 95 40 70 -97 -13 -16 74 -92 -3 -81 -24 34 27 71 -18 72 -8 10 -75 41 -92 50 -63 -40 1 -1 -54 -6 40 -25 5 -72 46 -21 -73 35 22 99 65 29 -14 -58 -49 30 -68 -66 76 6 -98 -16 -6 75 -61 -93 39 
-33 -66 85 -89 -46 67 -9 -16 -43 19 95 25 -55 25 79 96 0 -32 98 39 -91 19 -54 34 70 46 46 35 9 21 21 17 -41 39 -80 81 28 -99 -16 -1 -99 -39 -49 -47 -22 -69 41 1 -20 -58 68 -25 7 0 34 -9 50 -98 -57 -38 -74 -77 -16 -48 90 -85 -10 -92 70 -84 -47 40 -38 18 -71 -30 -61 -33 60 -60 79 85 30 -70 -38 -99 -16 -80 -26 -39 -1 -54 -28 78 -79 95 82 -100 -92 34 -22 48 -56 28 2 16 49 63 93 32 48 -48 -90 52 -40 -54 -35 18 84 
-2 66 53 71 -97 -37 -24 -2 -4 -92 78 -11 -2 -40 -13 89 -51 -31 -9 -45 -78 -43 30 81 1 34 76 76 -56 -91 -44 -12 68 -83 -22 -64 61 29 82 -4 76 -79 -84 47 -59 -96 -11 81 45 55 -14 -63 -96 -76 -95 -9 -62 -46 -17 -56 -35 22 -95 46 -91 -81 71 80 -40 -84 60 -34 21 63 -76 92 4 3 58 -65 -22 -91 20 0 92 31 -16 78 -12 -81 56 -72 -67 4 -49 5 12 -8 47 -62 92 -28 -79 3 85 -31 23 -86 47 -70 -100 -26 10 92 -15 81 -59 37 -86 
69 -45 75 57 57 49 40 18 25 10 24 38 -96 -88 -53 -19 99 48 -40 -67 55 -19 -27 -95 90 -48 -83 -26 64 92 -23 -36 100 17 -46 -44 -33 54 18 -51 -32 7 27 -22 -53 -4 73 84 -33 42 -27 -6 25 24 -24 -62 50 76 1 19 -67 -48 -42 22 60 -31 -57 24 -16 -19 83 69 -2 -77 87 4 27 -32 61 52 -5 -62 -79 87 -97 -55 -32 -28 68 50 99 23 -61 -51 79 42 -62 18 23 -86 71 -31 -21 31 8 -13 -21 67 -68 19 80 31 -35 38 -39 34 -63 11 23 
-33 -29 -18 81 53 89 58 48 61 97 76 28 21 58 -31 -58 1 -98 -67 -64 -37 -82 9 -9 26 -94 -13 79 74 71 7 -4 -49 36 98 20 -36 -51 87 -21 -100 -16 -53 -1 -74 0 -35 77 79 18 56 32 -83 -41 -2 81 -19 -85 -65 78 35 -27 -96 -17 94 -42 -38 53 48 93 54 -25 32 41 -76 40 -79 64 25 74 36 -64 69 55 40 49 -41 -12 -10 -46 -26 -5 54 -2 -77 76 -75 -45 -56 5 -93 87 -89 -5 91 -16 69 72 -87 -14 -18 29 -78 41 20 -88 86 -73 83 
-72 -89 74 -30 23 91 96 17 25 17 -100 -29 -56 -46 26 60 8 -51 31 4 -4 11 -34 93 -60 -82 -80 58 70 -15 -52 55 27 -87 -38 74 91 -20 97 -83 -49 -70 33 31 -6 -17 75 67 -68 -17 66 -5 -55 97 84 -41 60 -45 60 -97 65 -67 -79 -81 -72 18 -41 -26 69 -15 -92 100 -27 -3 -100 -39 79 -81 -64 74 13 -43 34 -61 -53 72 -60 -98 -76 91 78 34 64 90 94 84 27 75 -42 -18 -68 37 -24 1 -81 -83 38 -66 -29 48 89 -99 -76 42 79 -59 -14 42 -62 
84 -60 -3 7 59 -11 45 -33 -61 31 91 21 -43 30 79 8 70 -85 -24 -33 33 82 -43 -3 -49 24 8 -35 52 -88 -74 -79 -20 0 13 69 65 94 -98 45 36 28 84 77 8 -63 -11 25 62 62 -11 -17 -82 -4 -82 -10 -53 -76 4 -61 -9 -98 -43 -37 12 95 89 35 1 97 -39 -89 -32 100 -4 -14 -52 45 17 6 -36 -81 -86 77 -58 100 -19 -84 83 17 0 -29 33 -22 0 63 -30 68 -37 44 36 25 74 53 66 35 79 -14 -32 40 43 -29 -29 -50 -8 68 100 -45 -96 
66 -45 -86 29 -6 -73 16 -86 33 -51 13 -69 -4 0 18 62 -47 -54 -66 33 8 -42 -25 -100 8 40 -36 47 -3 73 -77 100 -35 -4 99 -69 -81 79 65 40 -42 -78 56 35 58 -48 78 95 78 18 75 30 69 8 -30 25 -15 92 11 -75 -75 23 -79 13 43 4 -72 -95 -4 -31 61 -29 83 89 35 51 -9 -64 36 -22 94 54 -44 -64 -16 47 13 -37 -93 -54 -11 -60 25 -82 36 -29 19 62 11 -90 5 35 47 1 -74 -59 71 53 -57 50 79 14 67 -90 -88 -41 -34 70 -11 
64 -40 7 -4 -45 -53 -46 -74 -40 -92 13 34 -78 90 33 -13 -37 -23 -30 33 -82 70 -84 69 -42 -1 -87 6 -95 -69 52 5 69 96 14 -55 -29 27 -73 66 26 57 68 -53 -60 -29 14 -58 90 59 -8 83 57 -97 -85 -13 59 -3 93 81 -85 -57 88 -3 94 -48 12 24 54 -43 -69 47 1 -63 -79 77 52 -91 42 -18 59 36 47 -23 -63 -90 -41 25 -9 -78 38 57 42 77 -63 -66 61 77 89 -83 -86 -94 -33 -98 51 26 -99 -77 50 37 10 -86 24 -20 83 -52 -64 6 -18 
-23 20 -68 100 25 -77 55 84 99 -86 73 62 29 -65 57 -23 4 62 43 -22 93 -5 95 59 -1 73 -19 -39 -60 36 93 82 -36 -43 42 57 89 44 11 -51 -81 -10 0 100 7 -58 -24 -12 77 80 21 50 73 50 -58 -11 -71 -91 69 42 67 -62 -44 -81 80 -99 88 -16 -93 -17 80 83 -72 -32 7 -13 -24 -29 -75 79 25 49 35 -4 28 -8 -36 27 -50 -59 -69 -9 -16 -17 48 62 28 75 -44 91 77 -32 -98 39 22 86 -93 -76 25 -11 90 11 52 3 -31 -44 98 -100 54 
85 -64 -34 -59 -29 85 32 14 51 -8 31 -37 99 24 -7 71 90 92 75 -60 -78 -63 -99 -9 80 -37 -95 -63 68 18 -63 98 -27 -84 -81 25 3 -52 -45 64 0 77 21 100 -51 -66 -42 -23 -15 -33 8 -16 -25 -53 22 42 26 80 -10 38 41 33 -17 -70 9 52 -21 50 57 -78 38 -13 -24 -3 79 -20 -52 -64 75 9 76 -81 32 -8 40 -25 21 -43 -73 36 95 -78 91 -10 -79 -59 -75 62 -75 -6 70 -96 77 -93 4 87 10 61 37 -70 -22 -98 0 -68 -4 85 -11 -12 -13 
-22 -6 70 15 43 92 -27 -10 58 -74 -42 -92 -7 41 -44 67 -17 -42 99 1 45 -47 16 69 -21 -19 83 -74 -83 9 -3 73 43 43 72 -69 58 -90 -84 18 70 42 68 14 60 0 71 -39 3 -71 -77 86 74 71 63 -42 0 31 89 92 55 40 78 2 -31 -75 61 60 28 3 62 -70 -62 34 21 56 87 -91 -84 -24 -30 23 -88 -19 57 -76 44 -61 1 75 19 -88 -31 53 20 5 41 93 -27 38 63 -23 39 -52 -98 99 -25 -53 -22 -70 -8 -75 31 38 8 75 67 13 -58 
-37 100 78 -86 -82 88 10 61 72 47 6 -27 68 -95 -9 -4 -57 -49 -84 -43 -95 100 88 49 37 -47 -30 -22 -8 -6 -54 34 42 25 87 -24 -57 -25 -21 -8 37 -69 -16 88 -44 -72 54 -51 99 -97 51 90 39 67 -69 -18 -89 -68 61 -87 6 66 62 -57 60 -76 81 -36 73 -82 -82 0 -83 47 52 5 -89 -94 -37 38 21 13 51 80 14 50 -94 86 -94 -37 100 76 25 57 -15 -37 3 44 -11 -88 -25 27 19 83 -53 -39 67 46 26 -97 -51 39 -95 69 -58 53 7 -79 22 
-25 -33 80 -65 -89 -16 -70 -37 -36 56 81 60 -47 -15 -49 -31 46 -42 -76 -41 -96 79 94 -47 -55 55 -32 81 92 76 63 19 -70 76 60 -6 12 -37 18 -57 9 -39 63 -99 -88 28 22 -74 -18 -90 38 -57 58 -82 -64 9 -47 0 -4 88 -29 86 16 50 -5 -50 58 42 40 40 -22 24 3 100 -47 75 -44 -15 89 10 21 17 -23 34 96 66 -58 -83 58 -19 23 2 50 -62 98 44 -93 70 -59 21 60 92 -57 92 61 78 -70 54 17 -91 90 97 68 -39 -19 0 23 45 38 
-33 -85 -32 5 64 -41 -42 -48 39 -69 -66 -39 -85 77 -74 92 -5 -4 -10 32 -7 65 -19 24 48 11 -73 -73 18 -26 36 25 -4 -47 0 7 11 -58 41 27 7 19 14 -25 98 -76 2 19 0 35 -4 41 -40 -90 54 3 -15 75 -94 90 -51 -93 -38 94 -91 8 -84 78 13 49 45 26 -14 -20 80 -99 8 -22 -9 24 -30 60 2 -22 74 8 6 -51 90 76 68 72 90 -41 89 17 -19 -45 50 -58 -37 -77 8 -62 -93 21 -36 -18 -42 -96 18 98 43 6 -21 87 60 28 -30 
-24 57 -61 12 73 26 76 58 -92 59 70 13 5 10 -97 -97 55 84 -99 21 73 22 -16 53 78 82 -92 22 73 61 41 23 23 29 -86 -11 40 21 -40 42 -41 57 -79 99 -33 47 -88 -89 41 -62 56 47 -61 -54 -69 77 53 -91 47 -52 -15 -84 17 -97 -91 28 -55 -56 -11 -44 41 -70 -9 -93 7 -74 -51 92 54 97 -32 99 82 -88 -13 -47 79 -56 87 29 29 -56 13 91 -65 -8 4 12 0 26 72 100 -41 -72 -17 -60 21 45 36 -31 10 40 -12 75 -1 10 95 -38 61 
-19 -59 78 89 39 59 -71 66 -87 55 -62 -9 29 -97 86 -24 -54 -82 26 -44 -13 21 -6 38 -28 -36 -90 -85 -7 22 -3 -34 -82 66 56 13 -14 -17 -91 -4 4 -58 -99 -29 50 -53 -89 -100 1 -46 -55 -4 81 -27 0 -31 31 -88 18 73 96 -10 -78 -18 -39 89 4 35 19 -18 -85 47 57 -61 72 9 69 -99 64 85 51 -43 -24 -71 -42 -89 65 -43 49 25 -76 -56 -2 -28 -38 -87 -41 -76 -55 -42 -38 -22 61 26 -80 90 13 93 -100 40 89 95 53 20 -48 -29 -27 91 89 
-67 74 73 -87 15 61 -96 -10 -11 93 82 75 93 70 43 -59 -83 89 -47 99 13 -27 18 55 -10 -54 39 91 -2 18 48 -80 -1 -28 -61 79 61 5 73 -92 47 -31 88 -78 -71 67 -57 -26 -87 84 -87 9 -27 22 -29 -36 -62 4 -25 -7 -16 -1 68 30 -11 11 -84 -33 -35 23 -100 -97 -92 36 -34 -88 67 74 -90 -75 34 -21 2 77 -11 59 83 44 82 -23 -33 13 61 56 -50 -69 64 -24 50 84 -23 26 -21 -17 -29 54 -18 -20 84 76 81 25 30 79 -66 -92 97 13 -60 
47 41 41 41 99 73 -1 -3 -97 74 -35 -6 88 14 66 89 34 -99 -16 -74 -44 13 -73 20 -44 84 -72 -84 -37 66 99 69 73 75 -63 65 51 58 -19 58 11 -42 -84 -95 -44 52 65 -86 -22 42 -18 -63 53 58 57 10 4 88 73 -88 -47 16 -8 1 -45 19 26 0 -42 -23 43 -62 -80 -95 71 -96 80 60 50 -44 -10 16 -30 53 1 -91 -48 -28 -38 -29 63 79 46 36 97 -34 22 -13 77 -49 -8 10 -59 -83 20 -44 -93 25 80 -71 -4 28 3 -96 49 -56 15 63 45 
51 50 -40 1 11 -54 11 17 20 11 -51 70 54 -12 8 -46 -15 83 67 -29 -18 58 -15 42 -97 97 -40 -4 -58 -9 30 -72 87 -100 -25 81 62 29 -3 -34 52 18 -28 -16 73 81 -90 61 81 33 62 24 -24 -32 -51 -6 57 -42 100 -95 -69 87 100 75 55 43 -80 77 -88 -56 9 82 -74 -52 -65 58 -19 73 -82 3 0 -42 4 78 13 -31 -12 61 -6 30 -67 62 100 -12 97 86 -21 12 -90 66 27 34 -50 -23 93 -53 -34 21 -1 12 34 -71 66 69 -56 -32 17 99 -94 
33 21 83 -79 54 99 -99 84 36 20 10 -16 -42 0 -87 14 -43 94 -13 -61 53 -82 55 -1 55 4 -89 -56 -59 -47 31 -19 28 71 67 71 -81 -43 -59 76 -91 91 -18 -43 9 90 16 -34 10 -12 34 53 -76 82 31 10 67 -65 -23 -20 47 99 52 -15 -5 -95 56 100 -55 66 37 -22 78 44 -50 19 81 -50 -97 54 -87 -82 15 22 -2 99 49 -24 88 -18 -93 15 -13 -33 24 -98 30 -20 -2 4 -21 -97 82 1 9 35 65 -97 -52 -58 -61 4 27 45 76 -65 22 72 1 
4 90 29 50 8 66 85 15 94 -55 77 -30 -66 -46 88 11 45 -14 -42 60 -32 -51 -57 -72 -15 38 -26 -19 97 86 -98 -39 -23 15 -45 -34 85 -42 -79 12 -64 -96 10 -2 28 -16 -26 17 -95 97 60 -25 -56 70 -8 -33 10 -50 55 4 -82 -93 -93 81 64 97 -84 31 -100 -78 -78 -46 27 64 -4 10 -51 -46 72 38 -93 -27 20 -17 87 93 -72 13 -38 26 16 -39 -51 43 -28 26 61 32 -94 -62 62 78 -56 -95 -99 76 43 -31 85 97 61 45 6 -22 66 -64 2 -35 -37 
-88 -43 63 82 -60 61 26 -95 66 -72 13 8 -52 93 82 90 -62 24 96 58 -59 -97 -42 21 94 70 -81 -45 -86 30 -64 -45 50 22 84 -91 72 15 25 40 -50 53 10 28 -10 -95 -80 -49 -93 -59 59 -30 -67 60 -55 -26 79 20 -36 90 95 47 12 58 -98 -33 -93 71 -69 -13 -18 23 -59 99 -49 77 -95 75 100 -53 -63 2 6 -21 -30 -29 -25 27 -50 62 91 88 -80 72 29 -28 71 -76 35 -92 57 22 23 -35 -74 49 -84 -26 -100 54 45 76 -97 45 28 63 -53 38 -63 
28 -65 -78 31 54 45 98 -47 81 -44 80 -39 -86 -17 -97 -54 -26 46 72 -74 0 35 53 -40 3 71 48 -91 9 -37 81 26 -16 70 -73 57 -98 72 -77 87 27 26 -36 -47 60 37 -55 34 -61 -2 -17 90 -20 22 -42 40 71 -73 59 -56 -36 30 25 77 -72 -15 -16 53 -79 71 65 56 -20 20 -5 65 80 66 -55 -62 -34 4 -65 -3 -94 -86 -89 -14 41 79 -82 -2 50 -28 -41 -77 61 59 -52 -15 47 -62 13 -97 -9 -13 83 48 12 63 23 44 47 -47 100 -21 45 -98 84 
37 -40 84 -21 -6 44 94 80 -42 29 -36 10 -1 -79 -60 22 -32 -6 75 23 -83 -51 28 13 -41 -58 62 27 4 86 97 51 46 -89 -48 -91 -7 -13 -68 8 -36 -62 89 -44 -69 -75 -57 42 -87 -12 -54 10 -40 -14 -64 88 -78 43 13 -53 45 -79 23 74 -25 24 34 -55 47 -99 94 58 57 -49 100 -3 -67 -71 27 84 -57 67 -5 44 -16 -71 -25 93 97 43 -55 -95 -68 -32 -100 -75 -64 -64 -79 -68 -98 -66 -37 17 -18 11 -73 28 59 -79 38 -17 73 -64 -8 -1 -69 12 -50 
58 28 -5 -55 79 77 -27 39 22 -6 -82 93 3 -31 -95 -55 73 -57 -89 -3 -100 -19 -36 -23 -9 28 -79 -22 -62 -86 63 -91 -78 87 75 -29 33 32 -93 -37 -49 22 26 16 8 95 -57 -9 -88 17 90 -21 -71 -95 -31 -22 -89 7 -90 91 90 26 -22 80 90 -20 -19 87 66 69 -57 50 10 -29 -67 44 -77 -48 70 45 63 -94 -87 89 64 -35 -51 7 20 15 98 -17 72 -79 -92 79 -16 -57 -7 -73 -26 -1 -19 -41 78 -13 51 26 -32 -18 -31 -72 -47 39 36 -2 83 24 97 
72 83 -35 56 82 -24 -80 90 89 50 45 9 -25 -25 7 88 -87 -40 -61 50 7 -59 -46 63 3 -26 -62 -95 1 -87 -5 82 -55 96 -50 55 32 -52 -18 -64 98 -3 -60 -2 -85 98 24 -47 -23 65 2 -10 39 -26 21 8 64 99 99 -62 -1 31 30 28 -12 34 -16 -80 35 -65 53 -9 8 -62 73 85 49 -86 24 -40 36 -6 1 6 82 51 54 67 2 -92 -68 95 -26 -88 71 -35 2 -32 -40 -20 24 -29 88 -23 69 -71 -28 42 99 58 49 1 -84 -23 1 32 -76 94 67 
88 -80 -19 -77 19 -57 86 -37 48 22 -10 -73 -98 -77 79 -14 55 13 -13 -39 63 -96 -25 63 78 -83 -40 -83 -57 -63 -85 16 57 50 -73 45 31 -98 -19 -100 -40 -58 -46 -10 -80 -40 -82 16 -59 -74 75 7 -99 24 -84 86 -5 -19 -7 -31 -11 95 -60 -1 -76 24 -3 39 -11 -15 -81 12 -20 31 86 -80 3 1 0 -15 25 -29 -41 25 -12 68 5 -47 -69 -87 -30 2 -9 31 -10 71 -13 8 26 -36 -4 34 -30 -13 -62 75 -7 -1 -40 -12 34 -37 49 38 84 74 9 -6 -3 
-45 -45 -94 -31 -99 -73 -82 -17 -91 48 -18 -41 -3 27 -79 -22 100 -73 -26 2 -38 96 5 -47 -100 82 3 18 23 67 -18 -70 53 -28 58 98 -69 -65 77 8 5 -59 79 -38 54 -42 33 -86 11 8 -97 4 -21 34 -55 25 -13 -82 18 66 -9 50 15 -8 27 -89 -17 -24 -38 -95 -98 57 93 78 78 -92 18 11 63 -45 -71 73 -74 60 -60 -41 -44 78 22 61 -100 8 61 -11 -100 -53 -54 -100 44 43 17 86 85 -72 -88 0 53 3 -58 -57 55 78 42 -56 -12 75 73 -73 -68 
-75 14 -25 -43 48 25 19 42 -22 -20 76 -51 -63 66 31 34 -56 -90 71 -75 -10 44 69 -82 -20 4 45 -6 -18 -36 74 88 98 94 -60 62 95 95 -78 98 -75 -36 -75 -20 -45 -65 64 5 93 -34 12 23 85 -61 62 35 -74 56 -63 -75 95 -84 -40 -18 75 -91 -86 -38 48 100 41 -51 -94 75 -69 44 38 16 -24 -69 17 -87 80 39 96 -42 -9 -13 -86 -59 47 -55 14 -92 -30 -31 76 34 -60 39 -31 49 -42 -56 -78 -46 -21 42 -77 -69 -53 -4 50 91 87 -46 79 -94 0 
85 -90 10 -99 82 10 -65 -77 2 -49 -45 -20 54 9 76 -45 -92 -4 -16 30 74 -7 -91 2 -81 -14 -75 19 59 -37 -41 -98 11 17 -35 98 -93 6 -36 6 -41 83 -23 30 93 68 2 33 -66 7 75 -100 99 -78 -80 -20 39 -57 -44 93 78 27 -56 -71 -90 -98 45 -54 -54 -12 -93 -27 26 28 -49 61 90 5 -65 60 -73 92 41 -43 -8 -21 1 3 100 74 -62 -48 -48 88 -40 -53 51 65 -97 81 24 -87 -85 -4 -43 -68 -77 -99 15 -2 -19 -55 90 -47 48 76 51 -74 -37 
-3 83 5 83 21 -18 -63 -62 -31 -68 -95 -72 58 96 49 -11 -100 79 82 -86 -12 34 -60 -11 21 5 -66 96 -47 -5 -75 -19 -89 51 88 -72 83 -89 -98 87 -8 11 90 -51 62 -28 -96 -38 0 -21 22 -48 -42 -32 -16 68 58 15 -58 70 -4 -77 37 53 5 35 67 4 -36 31 -61 72 21 -75 69 -66 -100 68 0 -99 -45 -52 -31 -48 -41 52 -68 83 -8 -54 -53 35 4 14 74 64 10 28 63 -80 11 -25 -86 -54 -69 -14 -70 86 -86 48 -21 -30 90 39 41 -6 59 -28 -81 
70 87 -78 76 -60 79 26 -88 -95 -19 -23 -69 -52 -48 -66 -42 -52 7 69 72 -87 70 1 46 -73 31 -17 18 44 -89 -90 43 -19 97 -11 -71 70 -15 94 -7 -55 12 33 69 -70 59 -91 59 8 -33 68 42 68 -86 58 -91 -28 -43 -11 90 75 30 19 83 2 75 -88 52 54 -11 30 -21 -30 34 38 10 28 -48 -64 -61 -25 28 58 -38 -9 19 -15 -2 -20 -33 -65 -76 84 -34 -56 76 50 26 96 14 -24 31 -85 -86 13 0 -10 -80 6 -4 100 9 44 91 -37 -32 30 -64 79 
-71 38 4 -13 15 -91 -62 92 -30 34 -88 73 -94 46 93 -49 -66 56 76 28 21 44 87 15 -95 13 -24 30 17 21 -11 -25 55 70 11 29 -84 -12 31 32 92 -40 96 -91 92 -94 51 41 -78 27 33 45 -37 41 38 -95 58 -16 -69 23 -18 -12 -76 -78 -100 -43 31 8 -3 -80 26 -100 -14 -57 -68 -60 68 -35 57 -55 -25 61 -48 -13 -8 50 -45 93 53 -10 -26 3 55 4 6 65 44 49 44 -12 -18 -34 -82 -13 -74 -47 15 -86 42 9 -28 63 60 -41 -39 14 6 -4 54 
32 2 -70 -28 41 32 -31 16 26 -21 -22 -3 -19 -37 -91 9 -77 -54 88 6 19 65 -7 -81 -27 34 -83 -4 0 95 -18 -26 12 78 -82 57 -29 -32 -36 92 -24 -28 -96 -80 74 -96 -53 -24 -93 32 -35 -77 68 28 -89 -11 -77 0 -54 51 -99 86 32 -17 54 97 -59 -33 -93 -46 48 -68 88 -48 69 88 35 56 98 -63 73 -53 41 64 67 12 -60 69 69 -19 -92 -66 13 -83 -97 -22 -30 -91 -16 -67 72 -82 99 83 14 -8 76 -38 32 -85 -19 -75 -54 -31 13 33 -61 -91 -32 
-28 47 26 -95 -72 -66 -79 10 23 67 -35 -33 84 -24 -2 -59 -66 29 83 -17 -57 -95 60 75 67 59 47 -19 63 89 93 -7 -11 -24 -66 -70 7 -22 72 52 -64 -81 -48 -5 -48 -40 88 74 -36 73 32 -25 -19 -85 56 -61 67 33 -25 53 -64 -88 59 64 94 -77 -79 12 -64 48 3 -49 -33 36 -69 12 47 48 59 -76 -68 -87 21 91 60 3 2 -88 97 -73 50 -47 89 -98 -34 -20 -86 -52 87 -68 6 44 -3 -42 21 -68 -5 -12 -20 45 -51 53 -31 67 -68 -21 94 -94 2 
-13 -55 -85 79 -65 30 55 -2 91 16 -30 33 88 -10 45 -72 56 17 17 5 -7 2 -36 32 0 -81 -72 27 71 88 2 58 -9 65 58 71 -12 45 58 -23 0 -54 -95 -10 -89 73 20 -13 28 3 70 -71 8 -4 39 -53 -34 -67 -32 54 22 -34 53 56 -86 34 16 92 40 47 93 -58 -25 40 -59 -18 5 -82 62 7 39 -100 37 84 25 -12 -37 71 41 -43 -21 52 20 -93 28 -83 -67 62 67 95 81 -75 17 -13 -41 37 61 -43 72 54 -99 -28 -75 -48 -29 86 87 -52 -28 
89 -39 -30 4 38 65 11 -24 -7 81 -81 -9 -93 57 -2 -99 -41 31 15 64 2 -44 -57 -53 27 33 54 36 66 -90 -76 -52 11 81 -70 48 -65 -82 -93 74 -81 62 -50 -20 -90 -58 -10 6 -36 -23 -20 -51 26 97 25 54 16 -14 -56 -95 -23 -53 -85 -32 48 54 -48 27 -13 -83 53 30 -74 -80 -89 9 -41 -8 -16 11 41 -91 -32 -76 -73 74 92 8 82 -9 -82 74 -73 42 62 21 -40 85 60 -41 -85 -88 77 -38 97 54 1 -79 51 -96 -1 76 33 45 17 -66 -71 -21 78 
59 30 24 -2 77 4 60 42 77 87 47 -43 -69 57 23 51 -71 84 65 7 44 -8 30 69 70 86 -24 -64 74 51 76 4 -44 -85 60 -58 99 -36 23 -65 20 93 15 83 66 -100 -94 66 35 -20 -77 -57 -46 -51 -14 -30 -83 -62 -91 -94 -40 -62 76 14 -19 41 18 -48 57 28 17 80 31 -65 12 80 53 -96 -40 -14 90 -8 -83 -33 -74 -46 -90 -98 23 -56 92 -31 -7 44 -33 -80 37 73 -82 10 73 -13 -4 1 35 65 73 -7 94 56 21 53 -6 20 -45 -78 -11 -99 30 
93 4 28 -93 -97 78 -43 -93 55 36 28 -3 -75 -36 -96 19 -59 53 -18 -73 -51 8 -89 6 16 28 34 58 65 -95 -60 65 78 55 -71 -92 -61 27 -14 -94 14 -2 18 25 13 74 -58 82 59 -32 37 44 92 -55 43 6 24 62 -82 58 -27 60 -46 97 -100 -20 -64 69 -46 83 39 -64 67 -20 22 97 -27 -80 76 22 69 85 31 -60 -85 16 1 9 83 -74 55 -61 -18 79 -48 72 -68 40 -12 -24 16 69 58 -21 52 88 -38 -30 -96 -58 34 -65 -40 69 -41 12 52 -27 -64 
-20 -29 -99 73 -25 57 2 37 -29 -85 -72 -62 -66 -100 8 57 48 -58 57 -39 -77 20 -45 -71 -1 11 72 -84 78 -4 -81 -9 -74 89 -39 -9 -37 84 -67 -73 -85 -79 -90 -21 -32 5 -31 100 45 51 11 54 60 0 55 -38 -86 -85 30 -76 32 -53 9 -6 -34 46 97 31 60 7 -98 -26 -16 45 -12 -83 -21 97 -65 45 98 -52 -43 -81 86 43 -15 -83 60 21 14 -11 -70 -18 -24 -65 -24 -62 -63 -91 -92 88 -4 -32 -32 -2 -69 26 -93 96 99 -23 83 -82 42 85 -10 -99 -99 
29 -94 -31 90 25 17 -6 -89 36 -99 77 52 -86 -84 93 -94 -2 43 50 37 -63 -100 -56 21 99 21 -63 -4 36 84 -26 99 43 -57 -45 -71 54 -6 13 -42 -53 -57 -67 -4 6 -73 -33 -1 -4 73 63 -4 -30 -30 72 -70 66 14 -68 -46 -97 -100 -24 32 97 22 -15 100 -71 -67 -51 -83 50 55 55 -4 -3 47 38 -61 82 79 -78 95 -63 -75 -18 79 -17 -96 16 -54 14 -91 17 -44 100 -42 -3 -21 -73 -75 -92 64 -74 -37 90 -77 -82 -49 96 5 -45 -53 69 25 47 -13 91 
31 -9 -77 1 68 49 -18 56 -93 71 -53 -56 12 -31 70 -19 20 42 -43 -23 -45 -99 65 60 41 -74 -100 -81 -25 -70 -78 42 -75 -39 17 -66 85 35 -29 67 2 85 -2 -20 -99 56 9 -87 -3 94 0 -41 30 55 -90 18 -98 46 99 42 83 13 -82 15 -89 36 -47 -75 50 86 50 36 -27 30 15 -41 70 87 3 -8 42 14 98 99 85 55 -26 -38 -93 -79 17 -81 -37 68 -25 68 -53 79 12 30 -40 -25 63 5 86 -86 13 38 69 -7 89 11 -48 0 -98 19 -61 -72 -88 
-69 -96 -1 -52 -33 -43 99 -15 -33 -55 61 5 31 -19 61 -23 -43 -18 -62 -24 95 10 48 -11 -40 -62 -5 -27 5 14 7 -97 -45 -92 -43 -78 37 48 -30 -71 -1 66 17 -70 86 8 94 -90 -3 4 -88 96 -51 -58 -53 -44 90 68 -59 -37 23 40 11 94 71 61 -68 -81 -70 100 -39 -33 34 1 83 -95 55 -60 71 95 26 47 100 52 -97 40 -85 61 44 -54 91 16 -4 56 16 -96 -33 -2 -94 35 46 19 14 -63 7 77 52 28 -93 -55 31 25 6 96 97 -71 -32 -48 -68 
-87 79 37 -16 -56 63 -51 -6 -83 18 43 11 -58 81 79 -92 -94 -49 -73 69 -69 54 -9 -11 46 67 37 39 -72 29 61 -65 -11 -7 60 -61 65 25 77 -12 -29 -13 8 -86 9 72 -76 33 77 -93 -3 -68 54 54 61 -85 17 18 -97 97 -1 -59 86 -11 83 -4 86 7 14 -8 38 65 -1 -82 -74 13 12 94 92 81 36 31 -88 45 -95 -38 90 -94 -34 79 -99 -58 -20 11 67 -13 -92 32 -91 -66 -83 7 -75 90 -38 61 -14 -44 4 -9 -2 -64 -24 24 76 -35 51 -65 82 
41 77 83 -46 -35 -89 -91 83 64 -59 54 10 -98 98 18 74 -5 -65 -92 -3 27 22 -86 51 98 53 -84 -5 -90 -58 82 -99 38 -89 50 -1 3 -4 -85 99 -6 49 -6 6 -39 -21 89 -64 62 -65 99 -41 -96 65 -2 36 83 56 23 16 -36 14 -76 45 97 64 65 -12 17 -64 -94 -98 100 -88 -67 29 -55 -64 -3 68 -58 -51 6 -35 39 96 -6 16 -82 75 -6 -51 -26 -29 61 82 85 -42 96 90 -10 23 15 65 47 91 -73 -49 -10 -15 -21 30 -46 -45 53 -47 3 -81 83 
-48 -78 -21 -98 -42 -34 -92 -25 34 -34 -37 55 -41 20 49 -68 45 -55 72 67 -59 20 -83 -48 -56 60 -54 68 95 -49 92 53 -99 60 -11 -85 24 -57 -94 6 17 -82 64 2 41 25 -82 -10 18 -7 -80 -92 55 -11 32 -6 87 -81 -51 -48 28 65 38 13 81 -53 14 2 33 -49 -90 11 75 41 -3 -3 -98 6 -57 79 -58 21 63 -18 62 56 -45 95 62 -74 -15 4 87 -99 -33 -99 -56 -20 79 36 -57 82 43 94 77 -86 -13 82 -3 17 -80 42 -45 83 -90 71 66 94 -85 
63 -21 20 37 96 -82 -75 46 45 51 7 67 18 -86 85 -4 -80 52 -13 6 26 -46 -11 6 71 8 -53 -71 -34 100 -61 46 12 -45 -19 55 7 42 51 4 -33 -24 76 -46 62 77 79 -43 51 -12 -34 -25 -57 -94 16 -29 -89 22 -18 -51 46 18 -11 96 46 18 -1 17 -34 2 -92 13 33 -79 -16 -36 -65 -49 -87 -93 15 -75 87 -7 21 -64 -3 50 -73 -4 -8 58 83 64 71 -75 21 89 -73 -74 -5 -85 -70 95 -50 70 91 -50 17 -31 -20 -80 94 -42 91 60 -25 -84 80 
67 73 77 48 95 64 -13 -88 56 17 9 -91 68 -95 -39 56 -4 -93 29 -13 -40 19 -7 -71 -82 55 -26 77 21 66 -38 71 -37 73 30 72 -71 -95 -20 98 -52 77 64 93 -48 65 -98 -98 -1 -29 87 35 80 12 -72 -20 -19 85 20 64 -86 -11 32 95 4 -79 28 -90 84 69 -36 -43 92 -92 24 -40 -39 96 22 -32 -54 -37 -8 -49 -51 -27 95 44 72 -19 88 71 -68 -72 93 -84 -80 21 38 20 91 19 -43 52 -79 3 54 56 -12 -43 -28 -15 2 -1 100 21 -38 36 33 
-70 -48 -9 -14 -89 84 31 -73 -82 -99 -52 -76 -72 55 -54 -72 -55 48 66 84 -79 34 58 -52 13 79 -89 -9 52 -58 9 -77 -24 -25 12 -70 19 79 46 62 82 -95 15 -96 71 85 72 -16 -94 57 -29 90 -17 30 -10 23 36 96 -21 64 -43 49 1 -57 -95 -87 75 17 -39 -91 94 -19 -19 79 -99 -36 46 -12 16 -50 -35 -22 18 52 97 -68 13 -48 91 -44 45 -56 33 -42 -81 81 4 60 6 -84 -97 -94 80 66 -68 -55 -68 32 47 40 -98 -73 -12 -22 13 -92 -15 97 -5 
47 -48 -38 -16 64 7 -75 61 -13 -13 -24 20 -1 -42 85 -45 -82 99 46 -71 61 67 53 -20 97 -37 -38 59 -57 -49 6 -94 13 10 -16 -34 13 45 74 32 -58 74 -47 -20 -60 79 69 23 60 -49 9 55 -34 70 -21 -79 95 -96 54 -80 22 -29 47 -74 8 82 -21 17 -89 -39 65 75 99 56 67 48 39 -5 -40 73 -34 -53 62 80 27 45 15 93 96 59 -13 39 49 11 27 -7 12 85 -85 -29 -47 50 -60 -95 49 -75 10 98 -18 -14 33 83 72 -4 22 46 85 74 83 
-95 9 38 77 -71 -9 32 45 75 -22 -8 -18 83 65 20 1 -42 69 96 -92 75 -33 54 -32 38 19 -94 45 -96 -86 -72 16 34 -74 -42 -60 26 -90 15 59 31 30 -63 -28 10 -7 -64 7 -96 -27 -19 -87 13 -85 -77 17 66 -28 -33 -67 43 -8 -63 23 -39 -1 -4 67 57 66 73 -8 45 46 -87 -9 75 55 -13 -89 20 -35 17 -69 96 53 -93 7 -4 75 -44 -40 -60 77 76 -43 1 -43 100 17 -80 -77 36 100 46 -100 66 82 92 65 -59 -34 -24 -12 96 80 32 -72 83 
-27 30 -31 -9 55 15 92 -22 -94 42 2 -23 34 45 36 -81 20 53 27 -19 -4 66 27 84 14 32 64 -16 -19 22 90 90 36 33 71 -55 3 93 31 26 -1 13 56 88 35 -12 -12 15 81 5 -60 70 65 68 -97 96 100 -54 -98 -85 82 35 -88 45 -53 -4 99 18 59 77 1 4 75 -17 72 50 -99 -20 -4 74 -3 74 42 -53 -85 -81 95 -37 21 -1 -67 9 -97 85 -19 -80 40 -36 98 64 62 83 43 37 -79 22 58 12 18 5 87 -49 27 50 -77 -50 -3 68 -48 
-25 96 74 -39 -92 -17 -91 13 -59 42 28 -59 -75 -14 72 -55 36 78 0 8 92 -6 -83 -27 49 53 64 -94 58 -100 -91 -99 100 67 0 -4 10 -19 54 -50 -53 -54 45 9 83 -23 -41 73 -65 100 95 -51 16 92 -38 12 65 89 94 -68 -97 81 55 -9 -90 77 67 3 -52 35 -50 35 76 -55 -84 47 93 75 63 5 -66 -51 44 46 44 -64 -34 -90 -2 -98 36 -15 -67 -79 -48 56 81 -67 -16 88 -23 35 12 -96 2 -85 41 7 58 26 75 -23 -73 -61 100 12 -20 -16 38 
62 -93 -29 33 67 -50 -80 -14 13 -77 89 -32 35 12 -67 -84 -29 -41 -76 83 -82 80 88 -65 -20 93 3 77 51 76 67 -60 28 72 -4 -48 55 20 -3 -100 -36 -85 -46 83 -8 -44 42 100 -34 -87 -17 59 -66 -60 -88 -82 78 21 -77 -89 80 19 -2 22 -98 56 -6 22 13 -47 -24 91 80 57 -51 95 64 99 -57 -97 -17 -89 24 93 64 24 20 -81 -87 45 85 2 -9 -89 60 72 28 -22 71 28 -68 -49 2 60 92 60 -85 37 -18 41 12 -85 16 -61 22 91 30 -42 70 
-85 -53 -34 -21 -77 -45 -10 -10 -29 -18 -6 47 -45 -21 21 67 61 -77 84 19 43 1 -53 -19 79 56 -38 39 30 -44 -51 1 -84 -20 31 -57 62 -97 24 14 36 -24 60 25 -51 66 18 28 47 -29 94 30 -20 19 -23 79 -68 -58 -95 15 -77 -6 -4 31 -9 1 51 96 -72 49 -32 -84 -97 -32 29 -33 -82 -12 1 89 52 -77 18 24 -90 -36 -70 -40 79 5 82 87 90 10 -16 -27 91 84 -23 6 97 -59 -15 5 -58 -60 30 99 54 -68 8 11 -18 -65 73 -79 -7 72 -14 
-49 79 18 59 -10 6 25 59 7 -10 -51 -86 14 -42 -34 76 -17 76 -59 -92 81 45 -58 -95 0 96 89 45 95 74 -92 100 51 20 0 -87 52 21 -86 -57 75 -23 -25 92 78 67 -83 81 -8 -24 -59 24 64 -35 11 51 18 82 -43 34 16 -90 -1 42 31 76 -30 -13 64 35 -46 24 -74 -35 24 -29 -75 85 -81 -67 23 12 -96 -2 48 44 -13 36 67 31 55 8 -30 -17 54 -1 -46 -82 -50 71 -61 -49 85 78 90 -3 72 67 -62 -17 22 91 48 23 -32 64 -16 -92 2 
-17 -48 64 50 16 -44 -53 86 14 -62 42 29 95 58 96 61 25 -59 27 -99 96 -18 -15 -5 -85 -82 98 -1 -70 -70 -22 -48 28 18 -12 96 62 -38 17 38 -10 83 76 58 96 -10 53 77 26 -96 40 98 -3 69 -41 97 81 -61 -68 51 -66 38 -85 -79 -86 -89 -77 87 43 19 38 -51 29 51 61 -71 -57 15 71 81 41 45 -99 3 -26 -78 70 -63 77 -51 86 45 12 63 73 92 55 -33 -4 -61 89 32 50 -25 90 58 -76 72 36 9 86 -45 -60 38 -50 -17 -39 23 14 
23 99 -15 -86 -94 -84 -59 62 52 -30 71 62 29 22 -4 -68 4 32 -88 -44 -20 -41 -64 12 43 -60 100 -42 -53 65 54 24 -58 -71 -51 15 78 40 45 -87 95 93 44 92 12 -78 -72 -14 77 -80 21 -59 67 23 8 -50 86 -85 72 -8 -22 -84 -24 48 -75 -52 -87 85 83 -58 -50 -46 -42 -62 14 -16 -89 53 44 -41 95 -76 41 87 42 -4 -18 -30 61 3 30 43 72 -30 58 7 12 46 -78 45 15 85 -13 -71 -41 54 41 99 -75 -8 43 49 -59 22 50 -85 75 -23 5 
-53 82 34 -2 -44 -24 48 -22 74 -71 61 86 30 -70 -41 -40 38 65 78 91 7 2 -58 -58 -48 -16 3 61 46 -30 17 -76 -11 -62 95 -75 27 -91 78 -57 -28 81 67 -79 -5 19 -64 80 -28 70 76 17 18 42 -29 22 -60 -54 -75 51 37 -12 -87 -53 -45 14 77 -67 47 -97 91 20 -37 95 -10 -16 -18 -28 -49 33 61 -55 42 -23 -23 -87 -56 61 84 -43 17 -8 -72 22 -71 -24 17 35 -98 -90 -30 -11 55 80 -10 39 72 -53 6 34 -91 -89 68 -50 26 71 29 45 42 
-7 54 -86 -10 46 40 -31 14 -68 -82 -8 40 -61 23 65 -37 -33 -92 96 62 -34 5 97 81 -27 2 23 -32 -46 -42 83 -96 -54 -82 -12 -62 -47 -39 -33 -1 70 71 52 -61 68 -8 -12 14 25 -11 -14 12 2 -46 -70 62 -88 75 -31 -79 -26 51 23 76 -95 13 31 7 41 64 20 -88 -95 -50 92 -82 -41 1 63 52 -54 41 -72 42 -30 98 8 85 23 -83 -60 -78 93 -28 62 67 -36 -82 72 -59 -24 42 -23 -95 -40 24 -81 8 38 -88 100 -16 -21 11 81 -89 -96 89 13 
80 54 -94 10 -46 64 -76 -33 -30 -15 -95 -69 57 90 -23 -28 96 -92 93 63 -97 16 -76 -84 -78 -92 -87 21 -37 -7 4 93 44 69 -10 -18 10 60 12 71 -6 63 -22 -40 45 -65 -59 8 -22 -17 -53 55 -24 -33 -59 -84 -53 96 73 -87 -78 -73 -33 42 69 56 -30 -95 -62 100 98 82 51 -57 -4 -50 -62 -69 -91 -13 -93 49 47 -66 87 74 41 53 -12 90 53 10 66 79 39 90 -44 15 -3 -84 2 77 8 -86 -45 90 50 72 73 -16 23 -89 86 24 67 33 15 78 -98 
-26 40 51 97 39 -3 -16 -30 -39 12 -29 -91 36 -40 88 80 51 -11 -42 94 79 -97 38 -48 -39 -72 25 59 -7 -16 -94 -2 -45 87 44 61 -21 -52 13 -23 39 -80 8 41 -52 67 -48 12 -94 18 25 -100 -99 -83 -87 17 -51 -62 6 -15 -89 -47 -54 95 -93 63 -13 99 21 25 -11 -83 -98 91 69 21 -66 -4 -44 -97 -69 -25 -87 -74 91 -94 71 -90 -96 -46 -29 -31 18 63 -59 -1 77 -77 -64 93 -40 -63 -7 52 -26 -58 -63 42 -67 -26 14 -5 -33 6 28 74 57 -75 -88 
-85 -75 56 38 -37 79 -12 46 86 69 4 8 42 -65 -24 -76 -52 34 -37 -18 22 11 45 -92 53 -58 -88 -54 92 22 -30 55 37 22 -4 11 82 -70 45 100 14 15 81 98 36 44 15 44 70 92 -53 -15 36 6 98 64 3 19 25 98 10 46 -12 98 23 23 94 21 63 54 63 0 -89 -40 -21 88 -51 -53 -37 -29 -35 -64 64 26 37 -66 17 26 -97 -22 16 70 -91 -74 6 -42 5 17 -8 -83 -17 7 56 -90 16 48 81 -9 -92 61 54 64 34 28 3 -97 -52 19 98 
41 -23 -93 92 -61 87 -22 -3 54 -29 16 89 24 -93 11 -94 1 81 75 -75 99 36 -15 12 -46 94 -16 -46 -30 99 80 39 -13 -27 -21 27 -9 40 -72 -94 46 63 -100 27 -50 -13 50 1 -66 72 -12 68 -55 -82 -87 -75 -84 -19 46 -91 92 72 46 99 49 -10 -73 -70 52 -35 39 -33 87 2 -17 -93 17 100 -43 -67 86 -47 -43 19 96 46 90 -7 -57 48 -60 -3 -73 55 -67 23 -48 -65 -33 -6 -91 64 -49 -63 81 93 -38 68 40 32 -71 98 -53 -54 90 53 -9 34 34 
-85 48 -14 85 99 89 -48 95 -8 -60 -12 14 34 -83 -94 60 13 -13 4 -65 19 19 -46 74 -40 30 -72 19 44 16 5 -78 75 29 -88 16 -64 55 42 21 -57 -42 -52 42 9 11 -24 -52 11 50 27 -93 14 -56 -6 -22 17 -10 -31 80 67 75 -84 91 50 -91 -30 30 0 -68 0 -14 -52 -25 -1 -54 31 18 -56 65 -7 -39 -84 62 -33 -45 94 -29 29 5 89 -31 -70 -10 37 31 26 45 -61 -61 41 15 -28 34 82 75 -58 -10 -41 -63 93 53 50 50 -57 11 -47 65 17 
4 -56 -22 66 -61 -23 68 -80 -81 34 -54 77 -13 -38 82 4 47 36 -74 56 -40 24 51 -82 24 20 -34 -52 83 65 -65 -99 -86 47 -60 12 -36 -44 16 -62 34 -60 -80 -50 -13 -36 55 -71 -71 29 76 -77 6 46 61 -31 89 31 -71 0 19 -62 24 -3 19 -53 26 50 -42 72 52 98 -94 60 -7 -88 17 -4 -9 10 -95 -91 14 80 83 81 -39 28 20 23 70 52 67 -1 31 -51 -57 40 4 -1 57 -45 96 -27 -37 -27 29 10 -16 -40 87 82 -62 -48 -80 -14 81 -94 -75 
-24 89 -14 -52 -45 -70 69 8 84 70 11 30 28 96 51 -40 73 -5 18 43 -7 -55 -80 10 -39 -37 -43 37 20 -35 44 -9 -55 -27 -15 -42 69 62 94 -72 72 74 -37 -4 -45 17 -59 81 -29 -76 34 9 54 7 17 99 52 37 28 -49 90 93 60 49 2 37 7 -47 -68 -24 39 17 -53 -63 84 -83 -33 57 -22 83 24 47 -74 -87 -90 -81 30 90 7 -85 14 -22 68 91 5 85 83 91 83 -81 29 86 93 -64 15 96 -68 -47 41 -84 99 -9 -54 66 -4 48 -17 -95 -98 
-92 -97 30 -21 -4 0 -29 50 33 99 -38 31 60 10 -26 50 -14 51 4 79 12 25 76 54 -17 -70 63 -78 44 5 -62 14 -3 65 -52 -19 -82 -23 42 84 -36 -61 -39 -9 -19 18 33 -53 -92 -7 49 -46 11 84 -80 76 31 22 56 22 -32 24 -10 16 -6 41 -56 83 -9 -61 -32 -28 -2 -94 47 17 -5 -35 -13 -70 -91 -61 75 -49 49 -58 -27 45 80 -18 81 -36 36 2 42 -46 55 -50 37 66 -89 -59 -26 28 4 92 81 -43 14 -93 39 21 -22 -39 0 40 -10 -50 41 
2 80 -80 -17 -4 42 -7 -33 16 -71 -33 44 -64 -33 -100 -9 40 -86 -69 -48 55 14 34 -56 21 -67 -7 10 79 -85 95 12 -80 89 -50 -83 45 20 -83 -39 -34 27 -28 -40 77 -80 -2 -43 -85 -65 62 74 78 -53 -7 61 58 57 40 -17 -44 32 -17 12 -42 90 -81 -89 -33 -46 -21 -43 -55 -14 7 -7 -13 38 -25 -50 80 -38 92 -47 71 65 -15 30 75 10 91 84 5 -1 68 -76 70 77 70 -63 75 30 -36 -16 -82 33 83 29 -66 -25 28 82 86 -50 38 89 -59 -56 -2 
24 -92 -10 18 59 -39 -92 51 -36 -37 98 -38 -1 13 -66 91 -40 -72 47 -6 -52 -75 -90 42 -30 -67 -11 20 -14 -43 -25 -47 -17 63 13 -70 -14 99 -56 -23 54 57 -71 89 26 17 -60 34 82 4 -39 95 -72 99 29 -18 -77 11 -26 -86 -49 -11 -53 -58 70 72 87 55 80 -59 -16 56 -27 -24 100 40 -69 11 -51 -42 90 -75 27 67 97 -13 -43 -82 57 72 -8 32 -93 8 50 35 55 -99 16 25 -47 22 -18 70 48 -40 -14 74 -70 45 63 -75 -57 -17 4 13 -35 99 -9 
-89 -33 -49 -4 90 -18 -21 25 -34 -23 -49 97 -47 77 -94 48 -88 -36 -96 -17 -22 -35 71 -89 -45 16 -44 -82 -19 70 21 43 -23 -62 -80 52 -90 -82 -34 29 -100 85 35 85 -99 3 17 -43 22 26 11 25 -15 -45 -96 14 58 87 29 -50 74 -63 -14 61 -86 56 -89 -33 -24 -80 71 43 26 93 -33 62 -61 41 15 -95 -20 82 80 -17 90 87 -69 -5 -71 -75 -22 86 82 -37 -80 76 68 7 51 -9 -55 -100 -59 -94 18 -67 81 -74 -92 83 47 -14 63 -100 -50 -26 8 -17 93 
84 -80 13 46 -56 51 9 -6 80 94 -15 -44 -42 -71 24 -85 -64 -57 -32 90 76 -40 -60 -61 81 -89 -33 44 86 43 -73 -80 -32 -1 45 -17 -71 -65 -32 -37 13 63 -70 -17 -64 39 -91 29 -80 -20 36 95 64 53 34 -44 8 -1 69 47 24 -53 -4 -1 -21 56 -61 38 50 -80 -51 58 98 76 -26 -100 81 -70 -86 -87 55 23 22 27 5 -15 -17 -38 -14 -34 9 -2 -41 -65 -47 28 86 -47 67 3 -37 85 72 16 -73 -46 -77 -48 -9 78 89 54 96 -41 -90 38 -45 -73 -39 
90 14 60 -39 -76 63 92 13 -92 18 48 -65 57 40 -60 -61 6 -3 -53 43 3 -81 -11 52 -15 -89 82 53 80 -74 -15 -55 -77 -99 83 -55 66 85 36 -99 -64 -4 77 50 28 -99 -47 14 4 44 70 83 -21 -68 59 44 -39 51 -85 -71 -32 -10 71 77 27 81 -48 52 10 -83 80 43 -35 44 15 76 -58 -18 -7 -70 -96 80 -3 -99 -26 -22 -97 6 -52 52 38 -83 7 -82 55 21 -62 13 -34 -19 -36 58 -63 43 -78 -94 -19 -74 92 -92 -81 56 87 -68 -50 84 16 -43 37 
-27 91 -76 -87 8 -21 -6 -77 -8 -29 20 -23 -15 34 -95 36 -53 -97 1 -20 -96 -7 -47 89 -21 18 -26 -72 56 96 -10 -16 -47 -87 -24 65 77 6 -71 -36 -30 20 -81 33 -28 -58 -100 72 49 63 70 -57 20 -88 -38 -96 -84 4 -84 88 -60 100 -1 78 18 40 56 64 -98 -80 92 11 85 69 -16 -39 -87 53 -95 18 -84 85 -80 -56 -91 -13 53 84 -20 86 -9 22 -32 9 -67 -57 -72 -59 38 -92 -52 55 -59 -85 -8 -81 0 -21 69 -19 82 -15 25 -45 -29 21 -68 -97 31 
17 19 -73 93 -22 74 -93 -45 -75 24 -92 33 67 74 -91 -67 78 20 66 -53 47 -100 22 40 23 -43 4 72 22 16 25 37 54 73 4 -42 -20 44 3 -79 -7 -8 8 37 13 -26 -88 63 7 -47 -21 -8 -4 71 53 -93 83 55 57 -11 -89 34 -14 7 -84 98 -73 13 -64 -97 98 26 37 -41 49 -49 23 -48 76 93 -13 -11 -49 86 48 25 -51 -39 -88 45 -47 20 -57 32 -75 -88 97 -96 -24 52 61 -89 -68 -58 -95 57 -60 -6 65 1 38 -81 22 82 -56 34 -89 -3 -5 
20 -24 -42 26 -39 -8 -22 -19 64 34 20 -44 31 19 37 86 -33 71 -45 70 -14 -97 -16 -99 66 -10 58 -4 25 19 -86 40 -38 -7 33 99 -42 15 -31 91 -55 24 10 -27 -99 -7 87 81 21 -9 -67 6 -28 94 72 -85 -33 22 -79 90 -82 -61 18 1 -46 -97 -43 36 66 -93 -86 -57 -38 57 -80 -15 6 -30 83 57 -99 48 53 75 23 88 74 -63 -14 -54 -72 15 -46 -17 -20 -30 93 13 -65 74 -63 48 -86 -67 24 -14 -4 -91 54 47 -21 48 -62 -18 80 71 -32 38 -19 
-48 15 52 -98 10 -89 -15 -5 -87 -84 3 62 94 67 32 -24 -76 -70 -20 -3 15 76 68 -25 74 52 62 59 36 10 58 98 19 8 16 15 -67 97 -76 -37 69 -15 -27 59 80 70 96 71 -38 100 -100 -98 22 99 -87 76 -7 -35 85 73 -32 -32 26 41 25 8 61 -34 -81 -73 75 94 91 19 4 -35 -77 15 -67 75 -57 100 -86 -84 34 -59 -61 -100 -41 24 -80 73 54 -90 -92 -26 -42 93 9 -74 -80 -54 95 -96 2 -44 47 6 4 41 99 60 35 72 -13 -43 75 54 53 
30 48 -93 -11 -69 -21 61 65 -90 52 -26 34 17 -32 -23 -10 45 28 29 -18 -3 68 -77 57 58 -40 -95 -43 -58 9 56 -59 -98 -18 -89 -72 71 -87 32 22 -47 -14 14 48 -81 37 16 -22 63 -60 2 63 -61 43 33 -94 -68 20 3 83 13 -81 -76 -51 -88 -19 66 45 -88 -75 -38 -58 -57 67 -62 89 69 -84 16 66 34 44 80 70 96 -8 42 70 76 -68 52 33 -90 -83 87 -56 88 -41 15 100 -47 64 -98 -51 -88 -86 -76 97 -89 -11 -2 76 56 -85 -76 -46 -94 50 -37 
-57 51 21 -19 -3 30 13 58 -13 -68 39 52 -4 63 -22 64 -3 -16 16 39 33 69 -78 -86 0 -63 32 -55 -11 40 58 53 66 72 -90 -18 -65 -69 8 85 89 48 -76 58 -75 -45 -99 73 8 73 7 86 97 0 53 -65 -58 60 8 4 65 -72 80 34 -98 75 69 -45 0 -19 9 -23 -73 -89 -15 30 34 37 73 78 -58 42 -46 66 80 26 48 37 -68 -16 69 -73 88 94 59 -20 -13 -78 15 24 45 46 14 -87 -54 94 50 87 -1 -31 -28 -80 44 -88 17 3 -83 53 -47 
-89 -56 -28 -64 48 22 0 11 -60 -57 -90 -82 -22 -92 -32 6 15 -91 -76 -38 -97 -93 73 44 54 -90 -83 18 -91 84 -96 18 83 -25 -30 -7 0 42 -90 -36 -48 3 45 64 84 92 -3 36 100 98 -99 -59 18 66 -70 -16 -23 -50 13 35 88 -26 8 10 -57 28 36 -86 -59 -30 5 73 -97 -44 -21 -88 65 94 -3 -46 16 55 -97 63 -71 98 -62 -34 13 -96 95 2 -84 87 80 -100 91 64 -6 -66 28 -75 59 -18 -63 -46 70 -30 -40 -98 15 -19 88 23 28 -13 -96 -74 -88 
30 60 56 54 -57 18 99 31 98 46 -2 79 -82 19 66 -62 30 -1 -64 92 10 57 -5 20 82 52 88 55 62 87 -47 -70 -90 -21 -88 -1 -1 66 73 -45 -57 58 70 50 22 84 -18 -3 78 -18 -89 73 -3 -24 38 59 -29 -93 2 23 -29 9 55 -10 -72 14 -82 -81 -5 -33 30 -55 63 53 59 -42 -85 -61 89 -53 -58 -39 20 88 20 12 -100 83 30 98 -28 85 12 60 -59 46 66 38 -10 9 -96 48 87 93 -75 65 72 -72 -13 -62 -82 -25 9 -76 93 -80 -74 59 -38 
-18 3 11 79 -28 -44 100 27 13 -83 30 -14 81 47 -3 66 64 -43 4 73 -67 -40 -66 62 34 79 45 -11 88 57 40 -10 -2 52 -84 2 92 -97 35 10 6 66 -53 48 -7 85 -81 -79 8 21 20 -58 45 -6 -92 -43 -65 -29 -46 94 -22 -57 91 8 -54 38 -36 -12 -63 -83 -55 70 37 -74 7 71 74 5 -91 -72 -58 -14 -58 24 30 -4 61 34 -87 -7 -51 -70 -44 50 67 -64 65 21 68 65 19 88 -92 64 -49 -16 -80 55 45 52 -90 5 -77 -23 17 -51 12 -28 69 
0 -64 13 -99 86 81 79 -72 68 -88 -17 -94 -1 72 47 -65 8 -26 -10 43 29 52 -64 -36 -16 38 11 75 -48 -16 -73 16 -71 44 65 5 10 31 19 -3 -77 12 9 -88 -93 -28 -48 -96 46 94 -57 -86 7 -8 58 -58 -33 87 4 -5 -38 38 18 -75 56 84 -52 -26 18 62 15 25 -62 -71 54 70 -42 39 -81 -97 43 -46 94 77 14 -54 -7 -94 37 -66 24 96 90 41 46 72 -47 -86 56 76 16 -94 -34 -100 -24 1 66 -1 21 -8 -74 15 92 85 -22 -21 53 -88 99 
18 50 -98 19 -27 31 32 -46 -51 83 -79 99 -84 -12 -94 8 14 -19 -52 39 61 -88 -54 -83 19 25 43 -79 51 -18 -61 41 -41 81 -20 -72 -29 -77 16 25 65 -34 42 -82 -35 -48 94 -27 4 0 90 -76 93 -63 3 83 38 -58 91 -78 -74 -64 -36 -23 67 99 25 22 -10 -32 -77 -42 33 88 46 -14 -23 75 52 -80 -83 98 92 -74 -43 -20 -7 -76 39 -50 -68 14 81 64 0 67 73 -95 86 -17 -63 5 22 75 3 65 -59 33 50 -93 76 14 -50 -11 60 3 83 -64 -41 
63 90 12 91 -2 -41 49 -72 88 55 -52 -38 61 -40 -51 -7 40 -9 95 71 -59 -10 32 11 59 52 15 85 50 13 95 -68 -28 -82 65 -13 -99 -63 2 -66 31 -3 85 38 -37 65 86 6 -40 -68 80 44 41 -92 26 41 84 -38 -12 -42 -61 44 15 -36 -44 -25 -15 22 22 -92 -56 10 -100 8 38 97 78 -64 -76 -36 53 -55 20 8 -71 -32 41 -95 88 -93 29 6 93 29 -99 89 -42 46 -65 -99 -17 -51 -53 92 92 55 1 -81 -73 76 8 -54 84 -82 -15 -7 -100 26 96 
18 -67 32 23 96 66 14 74 -2 -99 72 55 56 -22 -66 21 -88 -29 45 75 11 56 46 91 65 44 -98 -89 -85 -68 10 -66 61 -52 36 -82 45 -98 89 29 -55 75 -26 -74 -75 -18 -95 -35 -5 -10 -65 -92 -98 1 -67 -91 -79 -77 -66 -81 39 51 54 52 -20 -26 57 -55 -33 14 80 9 -93 91 -27 44 69 95 98 59 -41 52 -73 -79 -12 -12 -25 -19 -61 -64 7 56 -99 43 -86 27 -37 -15 -1 -30 69 -27 -2 -95 38 -6 27 48 49 -96 80 -87 71 50 98 38 41 -27 90 
-60 29 -59 24 -33 -96 -7 -64 -64 9 37 5 -68 -76 -25 83 72 -39 41 -50 -77 -63 38 -17 -77 94 -26 -86 38 10 -1 79 57 36 61 2 -13 -50 27 -85 8 32 -55 85 9 11 -16 47 -89 69 74 63 57 -1 18 65 -78 51 84 -14 -72 -62 -99 43 43 -75 0 -39 -91 -39 77 97 -27 67 -52 77 -93 -32 -79 77 91 -39 28 17 4 93 -29 92 -66 77 -60 -7 -13 -21 35 97 79 -4 58 -97 71 -57 -3 26 98 -52 86 77 -51 -85 58 -23 69 77 -79 -49 77 52 -14 
69 93 -18 -31 -41 64 -83 -14 -84 -5 28 95 86 -72 68 57 -14 9 -57 73 90 -84 50 93 12 -100 77 84 -79 -18 -14 71 -60 -10 -91 24 5 -91 49 68 -71 20 64 87 -67 -11 64 39 40 66 -93 89 -100 3 96 -73 64 13 68 70 -37 -20 53 18 -77 -43 -49 -69 31 21 -40 -2 -12 68 -26 -57 -7 83 71 -95 -52 -91 100 8 -77 -30 -13 43 -34 94 30 -45 84 -48 -85 59 81 -38 61 39 -52 52 -35 -44 85 -41 53 -47 -75 95 0 -81 4 -84 -32 46 -34 5 5 
61 64 67 70 -80 -78 30 -96 84 7 -50 19 91 75 90 3 -74 -56 35 0 46 -9 38 65 -58 91 -74 -61 1 75 -2 -59 -95 -50 -28 0 -81 -92 -16 -27 46 -25 97 -93 65 37 -39 24 22 -24 30 -71 90 29 -72 63 85 -3 -72 32 -46 -12 50 72 8 72 -19 84 89 21 -16 10 36 28 96 -29 75 -13 92 54 -63 -15 -90 -78 98 -84 -87 -25 25 -77 69 29 24 -21 16 57 -39 -30 -28 44 77 -45 -44 42 86 -12 28 45 -57 -29 97 -12 91 -54 -76 52 -87 -14 44 
73 90 -25 64 68 -80 4 -18 95 -95 38 -65 61 -22 44 18 40 -2 69 0 -76 -62 -32 -25 -87 93 -50 91 47 -79 -34 45 40 -50 -41 -8 91 60 88 -44 -89 79 56 46 68 -64 -29 8 -31 98 88 13 -54 -73 -25 94 -85 95 44 -76 34 -72 -79 47 100 28 -27 36 64 -20 17 -35 -1 -60 -48 -96 -65 99 -41 100 -2 -35 98 14 58 50 -35 62 -40 -19 55 -100 72 13 87 -50 -38 21 -73 -100 -98 7 18 -94 -13 10 44 6 69 84 -14 -100 40 95 -89 17 -49 -100 43 
51 -42 -20 12 -14 -44 -43 35 2 22 32 30 -60 -21 33 46 -49 14 -69 91 29 23 -89 25 -62 11 -32 -58 6 -9 -11 -80 62 -95 -33 -63 -76 71 41 86 -34 -74 75 45 6 -35 -11 55 -85 -60 0 -13 37 -58 -6 -27 90 71 -24 96 -33 100 3 45 -28 12 42 47 37 -96 -28 15 45 47 79 13 -49 -80 84 -66 66 100 -30 20 -86 -75 31 -54 -64 75 -8 19 94 -63 -95 -59 99 99 -5 -83 -26 75 -80 42 46 -30 72 -98 -42 -78 -20 -78 -42 46 15 -40 -89 -4 73 
-35 -34 64 -62 -90 23 42 27 -93 -26 87 -45 13 86 -43 99 -85 -42 -9 -37 -35 75 73 49 -17 5 -4 -23 -80 24 -40 -63 -94 -42 14 19 -19 -56 13 -6 -21 100 -96 -87 24 89 75 -61 90 -86 76 -49 71 25 -42 47 66 69 2 22 44 26 -27 96 44 -97 24 38 -79 48 -46 14 -9 -93 87 84 -27 51 -54 73 -60 67 -74 -16 60 71 90 81 80 98 83 -80 66 -2 87 -95 -43 13 -43 -21 31 -68 -89 27 66 97 91 0 -73 35 -16 52 15 -6 70 -56 58 53 92 
-5 -56 -23 -64 93 -45 97 2 -31 80 -83 34 -23 46 8 -32 77 41 -62 55 87 -71 43 -29 -80 -11 -16 -63 87 19 -17 61 93 -43 -72 -2 -63 21 29 -90 -8 16 45 68 -94 -66 62 89 -100 -76 39 76 -32 -63 -72 -36 -15 0 -15 -67 52 -68 19 94 34 -61 68 93 -90 -95 -35 -9 54 -6 46 -48 -5 -65 66 -35 27 -55 41 -23 -48 78 63 87 86 25 -67 87 77 -5 32 -77 60 -50 21 76 -62 96 -99 88 -59 37 43 97 -81 -36 0 13 51 28 18 -58 -87 -35 -89 
58 57 52 62 86 38 64 -87 67 54 -27 -7 -34 -56 -90 71 -1 95 -72 30 -40 -27 -34 -93 26 15 60 -91 -2 81 26 -84 -58 41 -8 21 -46 89 -37 -76 100 -79 75 90 -66 -50 17 94 -2 -50 -66 -99 -62 58 88 27 73 -31 -66 -43 -43 -10 -4 95 97 3 -24 35 -87 -22 -27 78 79 -40 88 -47 8 37 19 -66 62 17 -22 19 35 -43 -60 9 -96 -17 91 -77 58 39 70 86 88 88 56 77 76 70 79 -30 -59 1 -37 95 46 41 -86 92 31 -11 21 -37 -95 30 -17 
45 55 -59 -28 15 -35 94 -76 -86 -95 -75 74 70 -23 82 92 -3 -35 80 -5 -10 -14 51 -53 2 33 88 38 -22 -28 -15 -99 90 3 -15 -10 -67 -74 22 -10 -87 46 -62 51 -91 2 31 42 12 -12 -59 68 -79 -3 -56 -92 -34 82 48 12 99 65 76 -45 48 76 95 48 -7 82 -97 53 -2 -14 93 91 -81 -25 -91 -63 -79 -53 69 -22 -13 16 28 37 53 89 -67 11 14 -68 -70 -86 -47 -36 12 -28 -97 -31 32 52 -43 40 48 -59 -32 -31 1 35 25 35 -6 71 58 31 -44 
23 63 8 39 40 -29 -17 94 23 -42 -17 6 60 -81 58 -58 53 -55 -4 9 -11 -75 66 -73 0 38 7 90 -38 -8 53 17 -89 22 -11 26 -24 64 -8 -38 -50 14 82 33 -73 68 56 -33 74 -56 39 67 -53 -26 30 -100 9 67 -80 -69 63 -99 -63 87 55 -100 -42 3 -71 55 -62 -74 65 -28 66 78 28 80 -46 44 -66 -30 -46 98 81 -79 5 97 -5 8 22 2 98 -13 -12 6 60 84 63 27 -22 42 -38 -92 47 17 10 -48 -85 -46 46 -79 -43 -100 15 -1 -21 7 -1 
78 95 53 -35 12 -74 12 -36 -25 2 -60 48 -51 90 -93 -7 -91 78 -78 -23 -81 -15 -75 78 39 89 4 54 89 62 59 3 47 74 -83 -76 -40 52 -58 -31 -80 -83 42 -60 46 16 53 14 93 -33 -13 46 -28 5 -37 -70 49 -72 -67 -90 80 86 -93 -93 51 -33 -71 -12 -36 90 39 -61 75 15 12 -36 33 -86 23 29 -13 -50 -3 72 46 -73 -71 -20 51 79 68 31 -21 -25 88 -16 5 44 -11 -42 77 -32 -42 -28 36 -77 94 15 13 55 17 -25 -78 81 -28 75 -76 89 -38 
39 -11 42 -70 21 -92 16 -3 -23 -26 81 29 -32 29 -59 -97 0 91 -100 -53 -80 66 -55 -68 92 -16 -8 -74 4 40 37 -82 71 98 -97 97 -39 48 -79 -47 -91 79 15 -91 -90 0 35 -61 48 -98 82 100 2 61 47 56 -22 -2 53 21 23 10 -47 97 53 -41 49 24 86 1 -53 50 97 0 60 -35 -67 -81 51 52 -54 -66 -59 89 29 -75 -97 23 58 -7 88 -71 -65 71 -48 -40 -59 -83 -78 -66 -46 -65 -4 58 -28 15 -60 -32 48 100 -38 -26 -30 -25 -62 11 -81 73 14 
-9 -17 82 48 100 -79 2 16 -96 44 -48 74 -91 -1 -3 -35 -65 23 25 2 -91 53 90 -41 -91 41 -5 -71 -49 87 38 -78 68 -100 -74 -52 -29 -35 34 -85 63 50 -49 -63 41 -34 -10 -72 -22 -8 16 33 50 -81 -30 -65 70 -51 67 17 25 81 -65 94 -92 -100 -23 44 -9 -7 -87 18 55 58 -97 58 -11 25 -11 -84 -78 -18 75 -45 21 -4 -86 -19 57 -11 13 -39 -51 -78 12 58 -79 -21 80 -63 90 -91 92 74 -63 -29 85 44 -96 -75 19 84 51 -18 14 40 -41 21 42 
63 13 15 -90 -74 -18 -8 -31 -3 84 -64 -27 12 46 37 25 41 -64 -21 15 -34 -91 -71 8 69 92 -58 -29 88 39 5 36 63 66 -35 -23 -5 -66 -98 -6 -6 74 -15 -50 -46 -25 54 93 -56 29 13 8 40 -73 74 61 89 -30 -77 -87 80 86 -79 56 50 -15 -100 -75 67 96 -24 2 29 63 96 52 -48 97 -62 29 21 -32 92 94 -51 -14 -75 -33 -14 -87 45 53 41 90 21 -33 -88 -5 13 27 71 -2 9 34 -73 68 -98 81 80 -28 62 -16 96 0 -67 -66 51 -86 -90 
62 -97 95 5 -58 39 97 -1 -45 -21 40 99 60 -37 79 -8 -29 -29 68 -52 -47 54 88 -66 -71 93 20 -88 57 26 -85 79 -20 -38 -60 0 57 -21 -95 38 -83 -12 -97 2 -33 93 -63 17 8 -98 -68 -68 9 -65 -64 51 -45 -65 83 -69 36 -89 28 -43 -31 -31 20 -80 -30 91 36 50 34 56 -56 -76 -13 99 44 -16 -18 83 59 57 -38 53 -36 43 10 28 -9 -15 92 -77 68 -25 83 75 -94 41 17 -40 -42 4 68 -57 21 51 54 -26 -17 49 15 64 75 -27 -26 -44 56 
-74 -21 -83 95 97 -15 17 58 86 -10 -89 -38 -63 -13 -90 88 -56 -53 -38 87 96 -34 -83 59 -23 74 50 -99 72 97 -36 29 58 62 -100 61 -65 -67 35 -15 -95 -32 90 46 -2 -28 -82 50 45 20 44 83 9 30 -5 -18 -73 -78 -77 -67 -25 -52 74 -13 32 27 -96 -89 -33 66 -65 100 -98 -45 -41 53 67 -64 -26 1 8 44 81 -61 17 -37 90 16 -2 -93 14 15 -71 65 72 7 -53 27 -92 -13 35 -96 -71 -11 -47 -12 90 68 27 -10 -99 -78 -54 -49 -57 -70 -96 -68 20 
-94 -49 -17 84 -49 -5 -79 -40 -48 -44 36 -3 61 60 -61 -75 -55 98 -50 21 51 -42 30 47 26 -40 47 69 39 -60 -9 87 -30 1 -38 1 -40 77 -13 -21 71 -20 -51 5 -63 -61 18 -9 -43 59 11 -88 46 3 99 85 74 49 83 -31 71 -51 -40 -64 -85 28 -35 82 -48 -79 -50 -57 -49 64 50 80 -87 -47 34 27 -57 63 -39 -66 -39 -6 -49 2 -83 15 11 12 -71 -79 5 -32 28 9 -59 20 -40 -9 24 29 -16 -53 -56 -49 10 24 86 -99 61 30 51 -5 75 -66 -14 
-15 94 6 15 75 47 -34 -48 93 -69 22 -12 36 88 9 -29 -28 76 23 -38 67 -40 36 29 4 -40 60 26 -37 69 7 93 44 -55 -3 28 23 -85 -45 -88 88 63 17 93 -34 19 -72 -82 23 57 58 -77 -27 37 96 -51 -51 60 -19 52 85 -20 -27 -94 91 -50 -44 -83 -99 78 67 31 -91 -71 64 -25 15 39 -23 -74 54 5 60 -23 74 76 71 -24 -39 15 12 -97 -27 37 -46 -61 96 19 -37 -38 65 77 9 51 -100 -24 59 96 50 13 74 -43 23 58 96 -9 83 36 55 
71 -2 -35 71 -66 -83 -99 54 6 57 54 51 42 -45 -49 -50 55 -50 -62 19 -79 12 87 -31 -51 50 43 -83 -18 -5 -37 18 58 -36 19 -97 56 -96 -87 57 -72 96 -72 -51 -72 -69 -99 28 -33 47 93 82 4 -80 -63 61 34 43 44 -68 -10 -86 35 -20 -23 -90 -35 12 -40 3 -72 83 50 -89 -27 -94 32 -9 40 -38 87 -1 -43 -21 -84 36 -6 26 -35 36 34 29 34 42 -94 -78 27 -78 31 42 41 -30 -95 50 -91 -85 91 14 -51 -8 -76 -50 24 -17 -7 90 -96 21 -82 
45 -16 -77 -100 -42 -24 72 -1 -29 -70 46 8 87 -43 -31 53 0 29 23 17 57 -83 -31 69 15 74 12 33 2 39 -37 -54 -79 -96 20 82 -96 58 52 80 63 -2 94 -74 83 63 -93 60 -6 23 28 66 10 68 -52 -67 85 100 39 -69 -1 91 90 -10 -47 27 -48 97 -74 94 -59 31 100 -98 -42 52 -68 -47 -19 -12 -52 60 -69 76 26 -3 -38 -98 -78 39 -79 -57 -26 -46 -51 8 -44 77 31 -63 30 -50 -53 -25 14 9 88 76 18 -55 -2 60 -94 45 -49 -70 -96 -30 -47 
-66 -54 24 78 53 49 -7 -67 78 -20 70 -41 52 8 15 -45 74 34 -87 20 -23 -16 76 -93 -7 1 -38 42 -67 61 53 85 -54 43 -16 54 -95 33 -69 12 42 26 6 -87 43 24 -91 73 -59 -33 88 -57 36 -77 13 48 -13 -57 35 93 -36 22 26 -60 81 -34 -97 -25 76 -18 -75 62 1 -40 -69 17 -42 4 -4 -64 -18 67 -69 -2 9 -74 13 -39 -38 10 91 -19 -19 26 -32 79 -99 -57 -90 -34 89 0 71 14 -62 35 35 85 92 19 -32 78 86 25 85 -36 -92 27 26 
76 -60 54 -97 63 54 -4 87 74 -84 52 76 4 88 -64 -4 32 84 43 69 7 -72 83 44 -59 -96 -95 -10 44 -48 70 91 98 -19 13 83 63 1 63 -95 -35 91 -35 -6 -62 -61 -71 -58 18 -40 88 -14 -92 53 40 39 75 35 41 -28 -34 5 -74 44 -75 68 -57 -58 52 -48 79 -49 -2 78 13 -82 92 -48 -53 -25 -46 -23 36 72 96 -4 -35 93 67 -21 -20 13 50 -56 25 -93 -25 -62 -49 -33 -26 -89 58 6 -92 45 -91 -68 32 -30 67 -62 -46 98 34 82 -72 53 -44 
-26 -96 15 -60 97 85 -75 -68 91 -73 18 -52 60 -36 -96 24 44 -38 -88 55 23 -24 34 61 32 -31 -49 -92 21 79 32 85 -5 80 -59 -36 1 67 61 1 81 80 -46 4 -15 64 20 79 -56 87 -53 -13 95 60 16 68 -11 -7 84 80 -63 -35 -74 43 44 -35 -64 -13 3 4 3 -34 -67 82 -6 -75 90 -29 -12 24 -6 50 8 -21 -71 -10 76 -33 -74 74 90 60 54 28 -29 -50 -20 -5 90 -51 88 -18 -6 60 -38 -38 22 31 77 -50 -3 15 -2 87 99 -80 40 19 91 
90 -11 -17 -19 -90 61 24 19 -98 -39 3 -55 26 66 90 -89 23 -74 50 -71 52 2 18 9 -93 95 73 32 -51 24 94 49 37 21 -27 -98 -7 -52 -37 55 -20 64 26 22 94 100 62 -13 -65 -89 -17 -42 31 75 -60 -97 89 78 -52 36 71 100 33 74 81 -65 -91 19 23 -91 19 -81 53 41 13 41 -24 -68 -16 -76 -4 -33 -40 -33 -10 83 -95 -31 -42 -87 29 -64 68 54 78 9 -25 -50 35 55 -36 -86 25 -16 -8 -18 -56 -20 -29 -67 5 31 67 -19 -70 71 8 67 -91 
-15 78 -75 31 -31 -85 16 -86 89 95 -68 -96 -97 -71 -80 2 -66 25 -99 61 -55 50 -15 72 3 -84 -87 76 9 -40 76 71 -12 40 68 21 -74 67 -5 -72 66 89 -95 -90 -3 -73 -50 -34 -62 -45 31 -99 56 -3 -3 12 -21 -14 -34 88 34 -40 -85 -3 -18 -8 -32 88 -19 -98 97 -21 -84 -90 58 73 34 61 48 -34 -59 -29 41 6 99 -78 -43 49 87 -52 -88 75 75 31 33 91 41 35 -89 -14 -61 -44 -57 -47 -82 -88 28 20 21 61 13 6 96 65 -32 -86 60 55 8 
9 19 -16 -35 -27 28 -83 41 -94 45 -25 -63 -97 35 50 -65 -66 99 -33 83 36 83 -58 59 49 99 45 19 46 5 -83 67 11 -5 59 97 -11 21 -78 -69 93 11 98 -13 -5 34 -53 -41 67 -1 52 -31 48 -83 87 -53 96 82 64 82 -88 -96 -14 -40 98 58 20 -95 89 96 -99 22 -17 -85 -44 54 46 -53 26 37 69 -28 11 19 -21 89 33 48 5 62 30 -41 -32 -3 -88 64 -50 49 -65 -14 -32 77 15 51 30 50 16 90 -47 -55 -80 -72 -53 -17 84 -85 -3 51 69 
-71 -59 21 90 18 45 51 -99 99 -99 -28 58 82 -20 2 -4 52 36 -25 -24 69 -23 -23 25 -87 -88 -46 6 69 -81 65 16 14 -5 -26 43 5 -83 -35 43 85 -33 -4 -72 -43 -13 91 -23 17 18 -94 -9 93 -77 -98 -79 -62 95 58 -75 -88 -83 -1 -87 76 -48 51 79 75 -92 -85 45 57 -12 22 9 -52 13 -33 28 -41 35 98 -82 71 82 19 18 36 8 48 51 89 -19 67 61 95 -24 -37 94 -56 24 -58 -69 -75 40 10 50 74 83 87 56 -52 36 -43 22 -18 -94 58 
-89 10 -38 54 -43 -30 -20 51 88 -43 -13 1 32 52 78 -16 79 -38 97 17 39 -63 5 3 62 97 20 17 -50 9 100 -33 10 51 -12 2 22 -84 -15 -82 -50 16 11 -3 -93 -6 -7 -45 24 23 66 88 -65 -19 44 40 72 -23 -16 -83 -87 -89 -15 -74 -18 -100 41 -54 -29 15 -18 -84 -2 -65 -30 84 -54 19 3 -95 -82 97 29 -91 35 -69 81 -35 58 -67 -86 63 -11 -30 84 87 62 -37 -73 -60 62 -39 -97 61 13 -42 45 -42 63 46 -88 -59 -63 -2 4 -27 71 -94 18 
-94 41 -76 -84 93 34 -86 32 44 84 10 12 8 16 -85 -3 -44 79 2 75 98 56 94 22 -77 -3 26 -45 93 90 99 27 22 90 -35 56 -46 64 -23 -95 98 73 26 94 53 -57 -43 68 6 -33 -73 -64 -71 -11 -71 -88 -79 -26 -32 -61 33 -75 -19 27 -80 -59 -7 70 -89 -55 29 78 -20 15 -95 12 80 18 -89 0 -87 -49 -65 -95 -53 88 -66 81 -56 -71 83 -18 -45 -10 -59 70 79 27 38 94 1 -97 93 -14 -74 -72 -57 -77 -7 41 -24 -96 5 39 -58 -100 40 -25 33 
-51 -62 -9 13 -46 -48 -41 22 49 6 10 68 -83 -38 -58 -15 91 -32 73 61 -92 58 -93 -36 50 15 87 -78 57 -37 -75 42 69 50 -61 78 27 -87 81 59 13 -83 84 32 -57 28 31 -11 -19 -87 5 41 49 -55 -37 -94 -83 -23 28 -62 76 -78 49 37 -54 60 -56 8 65 -16 28 17 -90 95 87 33 32 -11 53 -94 27 49 22 -1 86 -65 10 12 86 -66 -15 -14 74 -51 -54 -72 68 85 -40 -98 64 43 -75 22 -18 -47 19 -46 1 -44 -79 -67 32 86 48 46 97 52 -47 
41 -57 6 -5 -75 88 91 6 -85 44 -57 -20 -78 18 -74 65 -59 -60 10 31 50 58 59 -97 24 -20 22 18 -94 52 -39 0 -9 32 -83 69 -20 -66 87 -95 43 7 -3 84 -36 30 78 -55 61 90 96 -39 3 32 -9 -81 27 30 -55 48 73 94 -51 -5 32 -35 44 12 16 37 -30 -87 -8 -81 -95 -98 73 54 -60 -38 -86 38 17 48 -54 100 36 -7 53 -95 -37 0 -94 96 13 13 -81 -25 -36 -66 -54 39 95 96 17 -10 48 -20 23 -14 22 7 8 5 -24 -62 38 6 90 
-22 -33 38 -37 -9 -15 -62 -25 35 50 -10 78 18 -40 -54 -56 19 16 11 68 -5 -3 -73 -98 -25 89 56 77 -76 20 -28 -82 37 25 -1 -45 92 44 70 26 80 -6 40 -68 21 81 59 -37 -38 -89 -70 -69 -70 -62 1 -28 32 67 47 -59 -26 63 -92 17 98 63 -16 45 -83 -92 33 -73 -80 71 88 -35 -54 97 -33 68 74 -56 -86 56 8 -66 94 -47 34 36 -12 71 -16 4 10 90 12 -55 43 30 -34 -68 74 -57 -39 51 92 51 89 -31 6 41 -66 40 -57 -95 17 39 92 
56 65 33 25 -45 91 -77 -43 38 39 -33 -93 -5 -59 -88 -76 -7 92 -96 -7 23 -46 -85 5 38 70 90 -66 -93 8 71 -95 19 18 -42 80 34 94 99 -3 -72 79 5 62 -33 75 68 8 71 4 -23 -11 -61 -94 -27 -42 42 -83 -56 11 37 31 47 -72 80 -48 -70 59 9 -65 16 -67 55 40 75 -29 -36 36 -1 -30 39 44 -95 22 -17 -22 -69 -54 25 -62 33 97 -91 -61 99 29 39 92 2 -12 -51 -53 -47 -52 88 50 -50 -7 67 35 52 -13 47 -41 -92 9 -1 64 -54 
55 -93 94 87 -49 -90 -61 17 -2 -61 43 61 45 -96 5 -39 75 18 50 25 94 35 26 -87 -1 62 50 -68 -6 15 36 -27 -86 -26 8 93 84 -26 100 85 -41 7 -40 89 -79 60 48 27 -88 83 -66 -69 -86 -22 -15 -28 -33 -71 -96 -89 78 -41 29 92 -11 -11 47 -50 57 96 64 -65 -60 94 85 14 -3 95 -2 35 33 42 -25 -79 79 -60 -98 52 -49 52 -8 29 26 1 -97 83 -79 -35 84 11 -81 -51 73 3 12 -19 -26 60 -74 88 -89 -99 85 85 -12 -8 -5 -64 97 
-93 80 -13 -10 -99 15 -7 -17 54 84 -66 85 62 85 83 -22 -11 83 100 -97 95 95 79 15 -32 39 -63 87 -32 -31 -15 -62 -99 -32 -78 62 61 85 34 -97 25 -8 -21 -74 53 77 77 82 -18 66 45 13 -71 91 -83 30 60 -72 94 -22 -59 96 71 -99 87 41 -39 -14 58 47 38 -91 -47 14 -54 -15 14 77 24 -91 -63 -53 15 27 -41 -58 -75 82 5 86 -43 -9 -91 62 80 74 24 52 -4 68 -32 -53 20 97 -83 -52 39 7 13 92 72 52 -91 -71 43 -35 6 -32 -55 
-4 -27 16 54 56 -27 90 -28 -63 -94 57 -16 57 12 -76 -14 -51 99 47 -60 51 -91 -29 42 58 52 -79 5 -70 -92 47 48 82 73 -26 -50 10 -63 82 38 -85 -85 36 60 -95 -17 -19 -3 -58 -86 -95 -46 -37 42 43 59 80 57 -39 -81 33 -35 -98 35 -57 10 27 99 -97 -41 -100 70 -58 78 58 -40 29 90 54 -70 66 -49 48 85 -76 -84 47 1 -23 20 -70 -31 45 60 -49 93 47 -31 -86 -68 -68 -87 67 38 -9 70 65 -74 48 -98 34 -82 -23 56 31 -19 -24 28 -7 
73 74 -47 53 74 -57 54 72 -9 -54 47 6 46 28 96 85 -79 -24 63 -20 -33 92 20 -55 82 76 -89 93 79 21 81 13 -12 -32 7 85 -24 -76 -40 -68 92 -30 57 97 -33 15 99 -26 96 20 62 94 -39 -65 -18 -19 93 97 -67 66 43 -46 -55 -11 76 54 44 -68 -20 -79 -17 -56 -8 -70 -54 -3 15 -72 71 -2 -77 -9 -6 21 9 42 9 24 35 37 -97 46 -84 68 -92 74 -44 -67 -18 29 11 -22 -19 -83 81 -28 74 72 -42 57 49 -62 -98 51 86 -10 25 -61 36 
-3 39 -1 -88 -40 -33 34 -34 -15 -22 -92 -16 -30 -85 32 -95 -53 -65 -45 -48 -80 -51 26 83 62 21 -21 93 1 88 55 71 44 14 -92 -7 -48 -5 -39 -95 -51 -15 -54 -91 15 90 11 63 2 24 32 5 -54 -40 -19 71 -52 -84 57 63 -90 -79 -67 -50 79 59 -46 -81 17 32 36 -70 13 -68 -24 19 -96 1 27 -7 -58 -51 96 37 28 53 47 39 44 -10 -79 8 -7 -12 11 22 -73 69 -90 -57 -61 100 -69 -19 -93 -3 78 47 79 -70 87 -71 -61 54 -17 -86 -67 93 -69 
-9 -65 79 90 -44 -24 64 77 65 83 -34 -82 -6 -99 73 -4 34 29 -71 -73 63 -74 -90 57 -26 -76 -89 45 19 -83 45 76 96 52 81 100 -37 55 22 86 -5 5 -15 -43 -91 -69 -63 -27 63 -33 -6 47 -88 29 -61 39 -43 90 27 21 97 -22 24 78 -60 75 -65 8 -48 73 -99 -38 8 -69 76 -27 -52 -32 10 44 70 -86 -36 14 94 -71 34 -53 50 21 -17 83 -57 -52 -82 -27 -21 41 18 77 16 -12 -65 4 54 -20 -90 -53 20 -71 49 -59 29 5 98 -32 -91 -95 -39 
-43 71 -20 -14 -25 31 33 67 -61 95 -3 -29 55 49 -95 -92 26 -49 25 65 -78 95 87 -71 6 99 95 63 -18 -39 -35 11 39 0 66 -42 -59 -33 -12 67 -50 6 87 -31 -10 34 95 31 6 -69 -53 43 68 -10 -53 -37 50 48 25 -93 -25 14 95 -59 -20 -20 -70 38 -17 -96 3 -19 -87 36 -38 -42 -94 15 -80 -63 -32 -76 -30 -63 3 -69 -7 -71 -35 -91 -36 19 -54 -43 75 21 -68 -77 -78 -83 3 69 8 23 -96 -75 60 77 97 28 10 52 23 -27 72 27 -40 -12 -79 
40 93 31 97 75 48 30 -42 44 -100 55 -65 44 -57 100 53 46 -23 -85 53 -35 32 57 37 81 88 91 18 -93 -93 92 100 -67 -16 -86 31 96 77 -52 -86 -13 -95 23 82 5 47 -43 -4 7 78 17 76 44 -58 -47 -65 22 19 -4 -61 68 52 69 69 97 74 50 -97 80 8 49 27 95 -65 87 -80 -24 20 -14 -77 -11 -12 45 -33 33 62 -8 -11 99 28 39 18 91 -84 59 -39 59 -59 39 -85 90 -3 24 64 98 -67 17 65 -42 63 3 -21 -58 -86 54 47 -6 -60 -82 
-7 10 -2 -40 66 6 -59 -91 -82 -79 -55 -87 0 28 73 31 53 -26 6 -16 95 -76 8 34 14 35 59 -70 -60 60 -27 -52 41 -90 92 -66 -72 -39 53 -12 -33 4 -19 38 74 7 -1 -54 -22 -68 82 54 93 -46 -75 -70 -88 -23 -59 31 7 86 56 8 39 -1 64 1 13 53 -39 -71 -48 -16 -32 -37 33 -91 25 -13 78 35 -16 -83 -67 81 74 -17 -25 -97 -59 -14 12 95 88 15 -54 44 -45 32 100 19 33 -3 -21 45 -30 63 -82 100 11 79 -34 -95 4 91 62 73 35 
-84 32 24 -44 50 91 -12 -35 69 -11 14 -50 -23 77 42 -14 93 6 18 77 22 30 66 39 -10 -91 -32 -56 -68 -43 -21 91 -23 -85 37 69 5 19 2 25 -90 -8 -1 -91 -43 -94 71 100 63 99 -8 78 -49 64 -81 -7 65 -77 23 53 92 93 63 19 59 -40 -89 -21 -28 75 30 65 9 -44 77 15 78 -74 -61 67 -96 36 57 -45 -86 46 25 81 -22 70 47 -66 23 -15 -7 2 13 -84 -73 12 -69 96 37 78 62 34 79 0 -7 8 72 98 -16 -19 68 -45 72 -69 -18 
-23 74 -68 96 56 -23 32 -73 42 -46 87 -56 -84 82 -13 -54 54 10 56 54 -15 -58 -79 68 70 -58 46 43 -15 -58 -82 -6 57 -62 42 69 -39 -33 -55 -96 -61 -3 -80 -38 6 -32 32 -80 -53 95 -92 23 44 82 55 -16 -73 10 25 35 89 -16 62 38 -12 -43 72 76 55 -53 69 -77 -67 37 100 -71 89 -93 80 1 -31 -53 -37 36 -68 -5 -23 -4 82 20 76 -14 -3 -20 -52 -34 86 45 -9 21 -73 80 46 33 53 68 66 -21 80 22 57 52 -66 -59 54 -85 48 42 -81 
47 -45 -27 -35 100 8 -39 43 -35 60 71 88 90 -96 8 67 -85 -73 -66 41 -35 66 68 3 63 91 27 98 64 -55 -59 47 87 26 -48 -91 52 -11 23 76 94 28 -95 -6 -49 -9 -31 -34 22 8 -19 49 35 48 31 -80 -45 51 59 -13 45 92 -56 38 -3 -20 -10 -15 -83 -39 -74 -95 -27 27 -94 35 55 85 65 7 52 -41 -20 67 -61 25 65 -44 97 56 33 -97 -20 -30 79 19 6 -58 -13 85 -9 -95 57 83 66 79 81 -71 -44 -14 -86 54 -8 43 -94 -61 40 -27 41 
-55 -88 -9 51 58 -19 76 -50 5 27 78 27 -14 65 0 1 25 6 21 -13 -32 86 76 -22 -59 -56 -66 93 -82 -6 9 50 39 -32 -13 -59 -44 -17 -85 60 -21 4 -26 100 -27 -97 -20 -12 -48 -92 -77 -41 -16 81 49 -99 33 9 33 -16 -37 -52 38 -96 -60 92 16 68 -5 -32 35 -84 -2 77 40 21 70 27 30 -91 -67 -18 -15 76 -93 -19 48 -17 -38 67 99 67 -34 0 56 52 -25 63 80 -10 24 98 -32 34 26 -5 30 0 21 46 -59 83 -11 -66 -43 -55 66 -24 18 
71 -18 59 82 0 45 -82 -79 85 -24 51 -56 -92 -12 23 53 10 45 -39 42 18 40 -7 16 -93 -45 20 -2 43 60 15 -44 -82 82 -36 -68 25 -98 -58 -13 -90 -7 -87 -92 -33 -4 -40 -80 91 53 -36 93 -54 -49 -85 27 -32 57 23 61 -40 89 -24 -16 -69 19 -14 57 -80 11 -72 100 -76 23 44 -30 87 60 49 53 -70 71 -54 9 -76 56 -86 65 66 -58 99 57 -97 -97 40 -90 69 72 -77 96 87 -42 -25 -91 -19 -83 -12 87 -43 67 63 61 -84 51 -81 -48 -19 -71 -12 
-86 -95 -27 42 51 8 -92 -19 67 -17 100 -48 2 33 -35 8 -48 81 -100 -3 76 -91 17 -34 -11 55 95 -55 -95 -83 -43 -20 -48 15 80 -86 83 -95 39 56 -7 20 25 5 95 88 -75 -71 81 -4 -23 -98 51 2 -6 63 28 -84 11 79 97 75 -9 -76 -82 63 -31 0 28 -100 -66 -91 87 2 -21 96 56 -89 61 86 -20 -83 92 39 18 75 -95 -2 -88 -11 -53 22 -69 -28 -53 -51 -23 -93 2 -87 26 97 -4 88 -99 -23 67 -56 -43 33 47 -6 81 -62 -72 28 94 -74 -45 
1 -74 -1 -52 95 -35 28 80 30 -63 7 66 100 50 45 -12 -44 -85 -7 37 -91 -68 -62 52 41 95 11 -82 -94 -22 66 -18 25 39 -19 97 -92 -68 -3 -11 97 -81 93 -27 75 -5 -66 62 -19 -4 -54 38 -45 -79 38 -40 -5 59 -16 -70 27 70 21 31 37 2 72 82 62 -85 94 56 40 -74 -89 -47 -91 60 -51 -12 19 31 -51 -88 -66 69 -69 -57 -23 -96 72 27 -3 -34 31 96 -4 32 49 -12 90 74 -68 65 27 16 -57 -78 -38 -8 78 -91 -92 13 -25 -63 -95 -14 51 
19 57 -23 51 -57 40 61 -7 -13 -59 38 -4 32 -73 -97 -45 55 58 26 68 -8 -56 -20 83 -10 -68 85 -76 52 62 77 -99 -38 -100 -18 -22 40 -3 -10 -100 30 58 -48 -83 -53 43 -79 18 98 42 -55 65 5 -8 61 -25 1 29 90 -40 77 -52 -29 31 57 54 83 58 32 95 2 76 80 -42 2 65 31 14 71 23 -31 -93 0 68 21 -37 69 2 43 -84 -15 74 24 43 20 51 -61 64 78 -87 -27 -36 46 -9 -33 44 70 -73 40 -57 -53 -39 86 -71 -76 97 14 3 -49 
-72 50 -25 -97 64 48 -32 1 33 85 -57 -24 -42 39 -32 -77 -50 -82 24 -34 -70 40 57 -96 41 -62 -51 48 -7 -70 23 83 44 0 -60 -63 -52 90 -78 -62 53 99 -75 -46 30 4 -22 -90 -52 51 26 -72 43 7 87 -20 81 -3 7 75 88 -42 -50 89 8 38 46 67 43 -96 93 -16 66 -17 53 57 21 -86 -83 48 86 43 -51 -67 -49 85 -98 -1 100 -50 -39 -83 69 -3 -50 -34 -79 58 94 -44 -39 41 79 -51 -19 68 -34 -16 -33 64 99 -3 73 -76 -74 -13 -67 -4 64 
38 2 -71 -68 38 -70 -45 -47 68 88 -44 57 98 -5 51 -40 19 58 68 -26 -78 86 -41 -27 -37 33 8 -85 29 -46 0 75 87 -27 59 -24 -17 -71 82 72 -65 -57 89 -28 -22 -42 -1 -30 100 61 46 -30 6 -21 -62 -63 34 95 22 100 14 -90 -33 -41 55 20 86 78 -29 61 -66 -41 -55 -10 99 10 87 61 3 -44 7 32 63 83 -70 -77 -19 41 43 -13 -8 31 54 0 91 44 30 62 -44 -64 92 100 36 -39 -58 -64 -1 79 97 -46 76 -44 88 74 30 -28 43 84 27 
-52 90 -82 27 16 94 -67 -90 4 -17 -23 51 61 38 14 3 -30 -45 -7 -73 -27 90 -56 0 -41 -23 -54 91 -40 80 12 -31 18 -11 63 2 -95 -54 22 -55 -32 24 -4 -28 11 -36 -66 78 -1 -65 85 100 -65 55 -14 48 -76 45 -19 64 -40 39 -32 -77 -81 -25 -74 44 69 -45 -83 67 -7 54 48 -56 -55 72 -48 -76 31 -18 -48 44 25 -74 92 -63 -2 -76 -99 16 -17 -3 -73 -32 75 -65 -74 -42 30 69 68 30 -11 14 -44 -33 -28 -84 -78 78 84 94 34 28 51 -99 -30 
41 28 82 61 91 99 -46 -42 -49 39 50 -6 -24 -16 -1 -80 -82 20 -55 88 27 -51 1 96 61 -68 49 -19 -29 5 43 33 -37 -24 13 -52 66 -79 -13 -60 28 -53 -40 -54 -24 -77 39 59 -26 -1 25 -48 6 -62 86 53 1 72 -81 52 -4 14 -39 -23 84 89 -60 -1 23 3 19 -2 63 13 94 -27 79 100 -99 -77 -54 65 25 -51 -81 16 34 -30 72 -79 64 46 -41 87 -63 -61 -77 53 -67 75 -55 -49 50 31 -92 35 -85 3 -29 -9 88 -36 -15 -94 -51 71 80 -25 -76 
92 -28 -29 96 -43 -61 38 14 -29 62 -86 -79 -46 73 -6 7 -1 -97 54 40 -69 6 5 -83 -62 41 -44 90 -46 -57 49 -46 -80 -12 -21 85 77 38 52 -6 -60 -11 90 88 -60 85 83 4 -84 47 75 -84 -34 -28 43 28 80 -34 -65 7 -71 98 12 -47 -72 -56 -54 -3 58 -61 24 -60 -45 -100 76 9 -74 96 -57 -32 -7 -12 29 23 6 42 -9 -94 71 -75 81 -67 -20 -88 -90 -62 80 34 58 -7 85 95 -11 -10 -95 83 -89 68 31 -71 98 -21 -65 -56 65 -9 73 -3 81 
-24 79 51 12 -44 -58 92 72 -18 -77 87 -61 31 -99 0 -68 26 87 -7 -58 18 40 97 50 -26 -99 -63 18 -16 -26 -77 18 66 48 55 25 -37 64 42 -18 22 4 19 -16 -22 -56 59 -60 51 35 -29 76 -35 23 -92 94 -35 -98 -46 -90 -100 31 40 89 -5 13 -53 -13 -25 56 31 -90 -16 -70 -73 51 -30 39 -62 22 31 -2 54 -58 -96 -5 96 70 -76 21 -21 88 -6 29 -9 -65 -22 -93 -93 -43 -62 9 -79 -67 93 24 48 21 88 92 1 -21 -69 -85 -81 6 28 -86 57 
57 78 19 -5 25 62 -68 -74 97 0 -56 0 53 54 91 96 20 -55 -31 -80 87 68 3 91 97 25 34 30 22 30 -28 -86 59 70 -36 -39 -72 -10 -76 -56 31 -82 0 7 93 17 16 -1 59 -68 49 -25 95 -7 28 90 -70 99 88 59 -9 -10 -88 -47 -73 -16 -3 13 99 39 -83 -78 47 -27 -33 54 86 -4 -53 76 -4 62 -27 -91 67 67 -52 -21 16 -76 53 21 -26 97 -45 65 -71 40 -33 -73 99 66 -72 12 23 81 55 96 4 67 66 -73 23 32 96 95 -69 -93 95 
-30 -81 34 79 -29 -60 56 -12 -30 95 91 53 19 26 97 73 66 -23 -63 -38 -54 42 -12 -26 64 -36 -39 36 21 -62 86 95 41 -81 54 -14 -79 81 89 18 -95 70 -54 11 2 90 -16 -62 36 82 56 55 25 9 -64 -81 -28 74 14 -82 75 13 -23 -99 -56 -27 -54 -58 25 8 -94 91 33 -8 100 -98 30 -2 14 -33 50 20 55 3 45 -30 -73 100 -71 -77 84 33 -96 -86 -90 -97 -30 -86 13 -39 17 -35 85 -33 63 -24 -68 -50 -3 -5 98 -86 62 1 87 29 9 8 94 
34 -14 -40 -81 -42 14 83 -20 -77 25 41 47 67 -66 76 -40 -25 -100 14 67 -24 -73 59 -38 -78 -23 -94 73 23 -90 -62 60 -25 -10 47 18 -50 -53 18 -100 -58 22 74 -44 -58 93 53 -26 -95 9 -4 -51 -89 18 -3 82 19 3 43 -31 -98 85 44 18 33 -63 21 -48 -46 -95 78 34 60 40 21 -67 -60 78 47 96 -55 -4 -11 -68 -54 -77 -35 96 80 -77 -12 -57 -97 -34 -33 -59 -66 55 48 -86 23 -55 -64 -47 83 31 -4 -59 25 -90 -47 38 -100 -92 -65 -64 47 -57 -85 
-21 -30 -97 33 30 -89 45 17 15 48 14 -71 98 14 66 -84 -24 52 9 -96 -3 32 -28 -40 -4 -96 61 16 59 12 -2 26 -51 91 -36 22 -50 -81 -19 83 -3 55 28 11 -5 -11 -16 -59 -59 -56 -65 80 -21 1 46 -99 -5 -81 69 76 67 -47 62 -83 64 -88 -72 83 -42 83 -28 -82 90 -85 -24 -99 37 49 -71 -52 -2 -84 -21 32 -23 36 -26 57 95 -30 -36 -82 -68 -47 86 36 -38 62 60 -87 -100 46 -34 -24 -96 96 69 81 89 -41 94 -75 98 16 -23 -42 10 81 -66 
4 10 76 -85 60 56 58 -28 -12 -95 93 51 56 55 70 -6 -30 28 40 30 73 92 -77 -3 -84 -8 -57 -28 57 -7 75 -73 15 -60 -45 -70 4 79 92 -60 -68 47 66 -88 -25 78 29 33 -72 34 -11 27 64 19 92 -47 42 -72 77 -51 3 -73 79 85 -91 11 90 18 -21 -19 -93 48 -29 -93 5 14 70 -13 57 -3 34 97 -32 -86 -23 -34 -37 -45 87 -34 -2 46 -20 -23 -81 87 -1 -26 -95 -77 -10 85 -35 48 11 32 18 24 -1 -97 -31 -40 -51 -99 46 -21 -52 62 85 
-87 -87 76 86 -35 -72 27 -34 2 -64 -27 60 34 36 67 -69 8 -39 1 -7 -49 -14 18 -76 53 -20 -96 -72 45 1 11 -71 55 84 -83 -2 14 90 26 -82 -58 14 -33 -96 -51 94 -5 71 -90 -43 -31 -93 79 -64 74 70 36 25 -13 24 30 29 11 -18 82 -46 0 -14 -11 -29 -90 80 76 10 -88 -4 19 11 25 55 63 -82 -42 -83 -35 84 82 25 -92 -38 -29 -71 69 -17 97 -99 98 -59 19 91 -62 -36 -36 39 -84 -69 -82 -12 13 28 -44 -40 -8 86 89 0 -25 98 91 
44 43 -72 -87 9 -22 -50 60 -14 23 50 75 -33 26 23 -44 95 23 66 94 -33 -60 -56 66 85 56 -11 -46 -13 -72 79 91 74 39 -81 68 -78 95 99 100 -25 48 -30 -32 -1 20 -55 -81 76 67 20 -77 -79 -99 20 88 -46 -77 -5 35 96 82 5 24 85 -26 99 -16 10 50 -41 92 91 -36 1 -13 -61 28 -72 50 -35 9 17 97 -42 -43 28 -28 1 32 -60 60 100 -17 20 -15 -100 -90 23 -39 76 -27 -18 -3 -75 -10 -22 -99 83 -87 63 -95 -84 56 -59 -53 93 63 -69 
52 72 -81 36 53 -48 -51 20 19 -1 1 -78 -57 66 30 19 84 -82 71 35 12 -74 58 -49 -26 20 13 80 -96 -55 -30 -35 75 -33 -87 -39 84 45 20 -65 -89 64 -44 -99 24 -89 39 -17 36 24 15 15 -88 -96 50 -22 -19 -79 -74 13 -89 62 60 -53 -52 -38 -34 36 -8 22 89 68 -70 3 -44 90 37 59 22 41 29 -24 77 -80 40 64 23 93 24 27 68 -88 93 -70 73 -12 -97 48 35 71 -21 -25 -97 -99 5 -24 21 -33 8 -42 -22 -77 97 81 4 66 -3 14 -29 
42 3 20 -48 -24 -3 81 32 -21 -88 -38 59 98 -32 0 4 90 11 33 31 -4 -6 51 58 -77 59 71 -12 -96 -83 15 -88 79 -34 64 -91 22 38 -69 17 38 -10 -60 -58 -61 -29 82 70 13 36 2 57 -38 -70 -40 93 14 -12 82 -63 -77 44 -56 80 -93 -44 12 -16 29 7 -36 -81 -26 32 4 -86 -54 -7 -14 -97 0 63 -38 -68 -70 -82 77 31 54 43 -62 90 -46 56 97 57 -38 -74 6 -13 -75 -12 49 3 12 -56 -31 -38 29 84 -11 -66 32 -30 99 92 -88 -30 5 
-63 -100 40 62 8 -44 55 68 -3 -35 94 -64 -75 -74 43 -59 -100 -59 -31 -58 -14 -47 17 -45 53 55 -94 -61 52 -52 -58 -2 34 79 38 -63 15 -87 51 -84 -62 -71 81 -72 -62 78 -5 -64 64 67 -16 42 73 86 39 8 -89 80 89 89 5 -5 79 -92 -84 99 -35 65 1 52 62 -84 -10 -19 80 -46 -44 -14 92 -4 -58 -59 7 -5 -3 56 -25 -4 60 -16 9 81 -96 -19 42 73 -40 77 7 49 35 26 -43 78 -24 -23 12 13 22 14 -93 -22 25 91 28 72 40 -96 -85 
-48 98 7 27 85 -32 -78 -98 -86 93 62 86 -63 -65 -83 68 -85 52 -48 -92 -63 -71 11 -71 -59 -42 -17 94 -10 -16 -90 8 -45 -43 42 -80 -72 -32 45 19 85 21 55 52 95 3 65 89 -11 -86 -2 -20 74 74 3 -20 98 -77 32 9 56 24 0 -80 -80 -88 22 66 28 94 -18 70 -90 9 99 -34 71 64 -59 46 -70 -98 -23 -26 -22 -76 -77 29 46 41 -9 -41 -70 57 87 33 -96 -93 -91 31 -25 96 64 87 -60 -79 -2 -2 14 -84 -23 15 96 30 -24 -99 -4 59 56 
90 4 -63 45 90 23 36 -60 -78 -14 14 23 -5 -58 -97 -7 -16 -52 -81 12 11 66 45 71 47 -32 -47 33 64 53 -35 9 94 -31 -9 77 47 71 -40 89 41 58 -86 -83 35 44 84 -93 -69 -75 -94 86 10 60 37 -56 40 -36 44 -46 -5 32 5 10 -81 -77 31 -57 -53 -63 -33 49 95 1 -91 56 34 1 5 -24 -12 -65 42 93 -19 -50 -34 -2 -69 4 73 -33 54 -43 -99 80 -62 -79 -78 -24 -56 -48 66 37 96 -89 52 -19 10 -16 8 41 -78 67 54 -29 -53 97 -74 
98 -75 -14 8 1 85 -85 -69 70 7 78 -44 27 70 -31 76 12 80 -84 47 28 16 97 -22 32 88 -19 61 78 10 69 -62 -34 48 -38 78 57 -78 -58 48 -10 45 76 -79 -96 39 -91 -44 -99 -5 -60 98 -57 -43 84 17 -14 -56 -80 -3 23 -96 21 -4 -96 85 90 -60 3 71 -17 -99 -99 45 35 79 -98 13 -22 -63 -99 -96 -42 -49 83 -15 38 -71 -64 32 -89 -48 -22 97 -23 98 77 -61 10 -74 -30 -24 26 -56 -22 -27 -4 -27 -87 33 -77 41 -86 6 -43 42 82 4 -66 
43 0 88 -36 -98 -76 -5 -63 -90 11 89 19 82 -91 14 12 -16 -94 -47 66 -51 37 -32 -96 9 13 70 -78 -62 -10 7 0 6 -5 -35 42 -83 59 -52 53 -79 21 50 -35 -15 -47 -13 9 -82 -99 38 -22 48 22 20 -91 -83 34 98 41 93 83 -29 72 -84 54 -98 51 -96 46 -39 54 -32 48 88 23 66 -6 74 -30 24 -4 64 -85 -43 58 -49 81 51 60 41 -73 84 -3 -13 88 -77 -40 87 -84 -72 86 -5 -33 -41 15 1 -83 -2 13 93 4 -31 -42 -3 1 52 -4 71 
-56 58 -79 -54 16 -90 -26 47 -85 -91 -62 66 79 16 -34 39 28 29 -46 -64 54 43 79 -83 77 -67 -70 62 91 -22 -76 -9 -7 20 -62 9 -70 50 -6 61 64 -97 -35 -81 9 89 88 62 -28 -30 -49 -21 -40 -80 85 58 -22 58 -53 2 -5 -65 -40 40 -27 -99 -16 52 7 -60 66 35 80 72 28 -40 -79 86 70 -62 91 -35 -94 88 34 -24 -29 -10 -76 89 21 -8 -48 -54 -40 -6 75 66 44 14 -40 -60 43 -66 37 -72 -37 -49 -69 2 30 56 99 81 -36 84 -61 23 87 
-100 12 -87 10 -88 21 -76 -1 25 23 -37 32 -37 95 -85 63 -51 -4 44 -5 13 23 82 -4 38 -28 -29 64 -99 79 42 65 92 71 -11 49 84 29 36 98 -42 -62 -56 15 -28 -44 -2 10 99 68 4 39 30 12 11 -8 -39 -90 96 53 90 53 96 59 -19 63 52 72 19 -98 -49 89 97 75 48 -60 -84 -10 -28 87 87 -7 -73 11 -45 6 -21 55 33 94 -66 27 -89 91 2 -8 27 -19 85 89 -25 -65 -50 -21 10 41 47 73 -70 -24 -17 -76 49 -21 -65 17 71 80 -63 
-78 -44 84 30 -77 19 -22 25 -48 97 47 54 -46 -17 -59 57 86 36 53 -11 81 94 74 25 -99 0 97 18 -18 -17 -67 -36 9 12 -32 -29 -45 55 -95 -24 61 -95 47 60 -51 -84 7 34 -18 -52 2 -17 -14 -81 -44 49 91 -30 38 18 56 33 68 -55 96 -20 -11 52 -13 34 55 79 85 1 -17 -94 44 -58 21 6 21 37 76 -64 64 29 40 3 -81 93 -15 -100 -79 39 46 -52 11 28 -78 -75 53 -87 61 -8 -73 -84 4 84 -71 19 -1 38 0 -97 -69 85 46 -25 52 
-60 -87 -67 -11 42 78 -47 -78 -36 -20 -75 -61 -69 74 29 22 -96 -44 75 -2 -86 -21 -35 -57 54 -82 -80 20 -32 92 95 58 7 -51 20 -89 9 -33 -47 4 98 7 45 -80 73 -91 -77 -81 32 56 55 -29 -79 -21 30 44 99 80 57 -73 -35 96 -76 68 -49 -11 7 -35 -99 -67 -56 -69 -82 -21 81 48 -41 -90 -4 38 -13 -20 -37 41 60 -10 34 64 42 -31 11 48 6 -26 -66 -52 16 24 -98 36 43 -26 -2 -7 19 6 44 57 52 -41 -10 -43 -97 21 17 -99 -93 -22 -87 
-79 -66 39 21 -16 51 33 30 72 -6 5 24 -8 26 -31 54 -42 -74 -75 -5 56 -23 58 0 38 78 27 29 18 -63 18 -70 -53 93 17 74 -12 99 -39 19 -34 71 -72 -90 -78 8 10 -47 93 -30 -47 -63 -89 -60 2 -30 70 -31 -61 -92 41 -17 -73 -8 -3 -50 74 -59 -92 -39 -83 -1 -45 -18 7 -78 -27 18 2 89 -58 -90 -60 -100 9 -88 -40 -88 -74 22 29 -38 -15 96 -75 -16 -67 -26 60 -30 -6 -85 -20 10 -51 56 -50 48 -100 -46 17 87 56 -33 26 -3 14 8 -17 
14 -20 37 100 11 -99 92 3 -92 15 -44 -1 -52 -48 18 -4 -45 69 -78 -24 -12 -22 3 69 100 14 14 5 50 -85 -9 -37 -87 67 -84 -6 7 -2 -59 38 93 61 -79 -38 69 55 -46 44 -61 -71 5 -16 -93 -73 -11 -10 -59 56 68 -17 -48 -76 24 89 21 69 15 -37 16 -47 -54 15 -6 61 -1 87 -71 9 -50 -61 -29 58 -21 63 65 -58 -50 -20 -23 -35 -7 48 -41 99 -6 35 2 -59 -89 40 -52 36 9 36 89 14 76 -19 -78 -31 10 -86 -56 9 64 2 -8 -67 -54 
-91 -53 -58 -42 -18 -9 23 30 -46 9 -89 80 -73 -88 17 98 41 -3 77 54 -74 13 18 -76 84 -84 74 -65 -56 78 -68 92 -62 -37 42 54 -61 79 71 45 9 -79 71 39 37 -90 81 -11 -33 87 -29 -63 -44 -92 -15 54 33 77 -61 -84 40 -66 6 -81 44 80 55 59 59 -25 -36 76 -14 -9 34 51 -4 -47 -70 -77 -84 -19 -44 33 92 -87 85 81 -53 12 -17 -66 38 -84 76 19 68 -23 -61 71 -99 5 69 -7 -21 93 -2 96 6 24 -45 -28 14 78 21 -79 52 80 -52 
33 13 -40 25 -29 39 -10 7 8 60 93 9 -13 -33 76 42 -88 37 75 18 91 17 64 -80 27 -70 -70 -20 -1 21 -62 64 84 -98 58 -43 67 -24 -68 48 80 7 -56 -33 -100 83 -22 -47 22 73 20 79 94 -53 46 -66 52 -68 -5 42 88 -69 -21 69 -79 -58 -24 86 68 -93 96 89 -74 -4 60 90 88 31 -41 71 10 -93 61 -64 1 32 -71 -12 48 51 -26 32 -46 -85 -91 2 37 59 -90 -47 -68 97 -1 -76 -5 -83 99 -28 -30 90 21 -35 14 -85 -4 -2 70 9 50 
11 94 -60 -10 91 73 -29 14 -4 93 2 46 71 -67 -11 80 -20 -79 -97 -73 55 -32 -37 97 -74 -30 -50 16 36 -6 -66 88 -39 38 -58 8 -81 75 91 -7 45 -97 -89 -68 77 61 -7 30 -2 86 1 41 -23 23 84 55 53 29 -22 -20 -20 5 88 -75 -25 68 88 21 8 46 7 -51 -47 0 -7 87 58 18 46 40 -69 -92 92 -18 56 -91 92 -72 -1 71 92 -99 43 21 99 84 -97 93 -37 50 57 -78 0 -99 -93 -49 -48 0 98 -62 32 71 53 -89 -21 -37 -18 -24 45 
-28 52 96 26 34 29 19 28 42 -44 -13 66 53 -69 18 -72 -46 -9 -78 30 -74 39 -26 -97 -11 72 69 91 -71 16 73 -99 -55 -42 5 61 -84 -27 -87 10 41 -12 57 64 92 12 -39 13 -57 -93 96 43 25 -26 -89 -21 -63 -43 25 36 -20 74 96 89 -77 -15 63 27 72 19 58 -5 -29 -68 66 51 19 -77 14 -4 23 -48 69 -8 -69 40 -87 -89 -47 -18 53 -22 -18 -22 83 38 31 -17 96 -61 54 -37 90 17 -60 -63 -21 -96 17 -85 -11 60 -51 4 -81 52 -12 1 36 
-16 32 64 31 -26 -17 52 24 -45 -89 75 -80 -13 68 -45 62 -51 -22 44 83 -57 53 -36 63 64 -57 -56 0 -56 96 -12 -81 -87 39 -22 -45 14 -79 10 -34 20 -37 5 -34 -39 -82 55 16 93 67 -33 -57 32 90 34 -70 90 -98 -39 -57 47 -68 -37 4 91 -89 73 72 87 -57 65 -65 54 -91 11 23 80 38 -7 36 -56 67 -76 -83 33 19 3 49 66 42 28 56 15 41 -48 74 78 -88 4 -4 -9 -45 18 -45 -77 38 -43 -23 43 -96 -3 95 -95 61 -46 -3 68 -9 52 
41 88 -15 -38 -35 61 -22 0 -80 -8 -77 14 58 -19 -61 -37 87 -79 -23 -11 -17 -98 -79 18 -65 25 -5 97 91 64 -31 72 -81 21 -66 68 6 -15 -63 -11 92 45 -61 95 -82 97 53 -67 52 69 -59 47 19 -96 -55 -86 -54 10 92 -45 56 -86 -68 -79 80 57 -65 -4 -37 -36 -64 -64 2 -36 -98 -18 75 -71 -60 8 -57 -1 3 -43 -25 89 -20 96 -36 -50 53 -27 14 -76 53 17 -38 -8 36 98 51 -5 -25 -99 -70 84 -11 -58 92 -14 33 6 57 73 47 -73 -72 72 -89 
-75 74 -9 89 45 -38 -83 -29 -32 35 -37 -82 47 53 45 0 -26 -17 -99 31 -61 -51 -31 55 100 13 -89 48 -76 -100 34 -89 25 -63 23 -7 31 -83 37 45 40 -57 61 -57 -4 -7 9 7 -83 -6 66 47 -15 41 71 -80 -93 58 -31 -80 -3 55 34 -17 91 -30 -22 -18 67 -88 -4 46 67 74 -59 60 6 69 15 34 -2 -14 72 -44 84 73 23 40 -89 41 69 -92 37 17 -66 -77 -88 -52 30 -63 -70 71 -76 -68 44 53 19 -78 19 70 -53 -100 71 69 44 -2 49 20 17 
11 51 84 83 -15 94 -53 6 -71 -93 -96 -35 -39 93 87 27 18 -81 42 -88 -12 -13 -50 63 -14 94 -96 77 -67 -80 -11 30 -26 -60 -81 73 -9 59 29 -14 20 52 63 97 -65 -27 -20 -26 -33 7 -77 14 -94 7 96 -76 -47 -48 54 2 -39 56 -83 -90 -99 -29 -28 73 -51 -32 -45 -31 -99 -23 -40 2 94 47 -94 -94 -18 -42 -15 -83 -5 -41 -61 -19 61 72 95 31 -87 59 -48 89 45 73 -40 -11 -3 -79 -8 3 51 69 -92 -43 -8 94 94 -73 76 -45 -3 17 -87 -3 70 
7 19 70 67 10 -50 -52 -94 27 -73 -80 93 86 -46 -38 32 -88 39 -72 92 41 -47 45 -62 57 81 -47 82 13 58 -7 -3 100 -4 65 -61 -48 8 -93 39 11 40 -47 -72 86 -82 -15 28 88 75 32 -56 -67 52 -16 -32 -29 91 6 -29 -7 -28 43 47 -73 100 71 57 44 -19 -81 20 -29 24 26 90 69 77 -53 -38 -61 -64 -40 -63 43 71 -61 -29 -93 -58 -18 30 71 -33 16 77 -65 -83 33 -40 12 -90 -57 71 -56 -84 80 87 -25 56 9 52 74 79 -80 -25 -26 54 -74 
47 -99 -17 18 -60 -59 -39 -88 64 -38 -7 78 82 73 -44 -38 83 -25 86 -49 -65 3 -59 28 -8 -62 23 -10 5 12 -19 -15 -45 89 -29 65 -88 -97 -73 -70 64 51 43 -24 59 48 29 -64 -89 -53 -84 -7 -45 26 34 -14 -81 -75 -78 6 94 66 38 77 58 -9 -34 61 -38 -54 10 29 -9 29 66 -12 -8 50 3 -79 58 -89 -52 -66 -55 91 60 62 32 -87 -90 70 8 20 52 -90 46 -26 -94 12 7 -54 59 -51 -76 80 2 -83 3 95 -66 92 -37 89 -45 52 -12 37 42 
94 -78 0 80 -99 73 -6 -73 32 -39 77 -89 -11 -18 -62 -87 91 -17 84 -78 36 -10 -76 75 -75 2 20 -19 -20 2 -43 64 35 -87 -18 -8 11 72 13 56 -97 -35 60 92 34 23 -7 74 -63 70 6 -27 42 90 -81 70 -50 83 -53 -82 45 50 69 34 -51 -39 -74 58 -86 -68 -21 60 37 77 49 -31 35 -80 -31 10 43 0 -6 50 12 35 60 21 -43 93 -63 90 -36 -47 -27 15 -47 10 83 15 -27 53 -32 -30 -86 -69 78 -94 9 91 -36 -42 -32 -69 -28 -73 -46 15 -73 
23 55 9 -67 73 -13 -84 -59 35 -12 -33 92 -86 71 -40 -86 -61 22 54 -79 8 59 -81 -48 -85 19 -10 -90 19 52 -73 16 64 -91 -98 -46 82 -98 56 -25 -29 100 -26 -12 -91 68 14 -79 -19 -36 -9 -4 -88 74 -31 -35 -38 -4 -53 79 -11 47 -49 73 -42 75 -98 -80 39 -82 85 47 68 -7 0 92 50 45 43 -79 1 -8 71 92 69 68 -40 59 33 38 33 69 -1 82 -59 -2 36 -59 55 -75 -52 -18 -1 -37 66 45 -15 96 -18 19 -80 0 53 69 -34 -84 -94 63 -35 
-25 16 -16 -37 -35 55 -79 51 36 15 97 98 85 73 -41 -62 -84 86 95 -1 -53 -46 -45 -28 71 35 35 37 32 27 -5 82 -65 59 -29 -4 32 86 -67 79 -88 -64 -6 -27 -12 -49 -95 26 0 -49 83 -94 -32 21 -6 -12 22 -91 -23 72 42 97 -75 63 -13 -8 -47 50 -10 -72 -57 -6 16 20 78 -87 16 -29 97 92 61 76 -69 -55 28 -33 75 -52 -93 20 -64 -38 -19 14 33 -76 -25 -36 -88 56 -34 -59 -37 83 86 47 81 7 61 -17 -51 -73 27 -51 -35 -40 -8 15 -65 
9 9 26 -81 -68 -98 -24 -9 -33 67 44 -15 -30 -67 -82 85 -82 29 54 -88 -62 -22 -26 -91 -75 12 68 -79 48 90 8 -3 57 97 82 10 87 59 -37 93 24 -94 -17 -76 74 -32 44 42 -86 -99 -93 30 14 80 -23 -25 44 -55 26 10 -39 95 81 22 72 59 -61 -31 24 96 -73 56 63 20 99 -8 -76 4 -9 -52 43 -78 -10 53 62 -50 92 29 -45 36 55 -51 -73 -72 -46 -80 -97 78 47 95 20 80 4 -31 -24 96 13 80 50 -99 8 49 -62 44 10 -56 -94 71 91 
-32 81 5 14 65 -35 32 -89 73 11 -70 13 67 -30 91 -30 81 26 74 -34 2 97 -89 -50 44 -83 56 88 54 30 60 -62 43 -54 4 32 8 -76 -5 -50 -55 64 30 -28 -47 3 96 -72 67 62 -45 31 82 20 -94 57 -15 30 4 99 70 -95 68 95 -71 -16 57 -42 -13 75 -75 -74 -20 6 96 -30 -96 5 91 37 49 11 73 7 99 -80 -44 -37 -17 -20 -66 55 27 61 94 81 -74 -100 78 -3 -32 63 64 61 -22 -12 57 85 -52 19 -19 16 -11 34 -75 16 86 31 -84 
13 -53 82 -47 -62 32 19 -97 79 29 87 22 -79 37 -32 79 43 49 1 -3 -63 -20 -55 65 -99 37 -56 83 -30 32 50 22 -40 -69 -24 -34 20 47 -81 -82 -3 26 -98 -95 -94 -59 81 79 -1 -95 -67 -27 76 -38 78 -44 74 -4 -36 -47 -55 -10 20 34 56 -39 37 78 90 -70 17 -93 67 -74 -48 16 49 78 -72 -10 5 91 83 -76 51 3 80 -70 -72 2 -75 -88 32 36 4 91 44 25 -59 74 63 -11 -42 -47 52 -92 29 -67 -47 -29 20 -47 14 24 90 -37 18 2 6 
94 -17 66 -90 -97 -63 34 -41 23 30 -17 -28 67 1 -4 35 -85 -3 1 -50 -55 -50 44 -57 -12 -22 96 23 100 25 24 -37 17 22 -24 49 44 61 60 61 -88 -92 -47 44 69 64 11 19 -80 80 28 -30 -25 98 -23 -22 28 38 -66 37 48 -13 -57 -96 13 19 -28 39 61 -26 -36 13 16 74 58 2 -22 -35 66 76 50 10 97 -75 2 -9 -32 65 24 -97 -94 -67 -77 84 -37 31 -81 -45 75 85 74 -19 -88 -76 -9 -75 -2 48 47 -84 9 99 100 -70 -55 62 -53 73 -82 
-70 -44 0 4 -2 64 -47 -45 14 21 69 80 59 -89 -79 -95 7 -22 13 -59 -59 58 79 62 -67 100 9 80 93 41 98 27 31 32 14 -44 -18 -9 56 22 76 -67 95 -80 22 25 -90 -29 99 85 86 38 -24 35 -7 81 -29 -7 -14 -29 -14 18 -9 62 0 33 -3 -68 -84 -45 30 -70 -3 -76 -72 92 76 -18 -79 53 57 -15 62 -59 -67 -33 -76 89 77 77 70 51 -61 46 22 39 -99 97 -30 -32 -80 -89 -23 81 -73 45 98 79 -79 -38 -97 -99 -25 -37 65 69 -50 -44 -66 
-46 36 59 -24 58 -74 -84 17 -29 -44 53 -14 35 -10 -18 83 -76 27 -2 -54 17 -49 -17 -7 -28 69 -31 -67 61 85 -15 11 45 -56 -78 22 -17 88 -68 -23 -65 6 -13 47 25 81 -53 -37 -67 -94 -24 72 -2 41 73 60 33 -65 -19 -64 79 -72 60 42 77 -40 55 -33 -79 -61 54 -96 -48 64 -31 78 -60 -80 -67 -41 -37 -1 73 -10 51 -70 -73 98 -38 -61 -31 -28 9 72 -86 77 -62 51 34 96 -87 -23 -9 -27 -14 -2 -50 -5 -60 74 61 -9 -83 34 -38 40 77 59 -36 
-55 -37 61 -34 14 -56 -33 55 42 15 -50 -11 10 -42 -6 7 -1 13 51 -26 51 96 23 -92 74 60 -58 24 22 11 76 -45 11 28 -71 -52 -56 -71 -2 -100 2 26 -88 3 -86 48 -48 10 -75 -6 88 -83 -46 49 -40 26 -11 -32 57 -34 26 82 -80 67 -79 6 62 -37 -61 -68 -9 -82 -44 -26 76 -3 99 -14 62 -33 -59 -65 -13 34 -23 -64 -53 11 11 -3 -98 42 -13 95 70 70 -30 24 -57 -25 -15 29 -22 65 94 4 -76 63 72 80 14 -50 21 -57 -85 -23 -14 -91 29 
-49 97 25 80 -22 -5 -72 -53 7 47 -34 10 99 -54 -84 22 6 -67 -30 -91 -86 45 -3 -24 -100 -3 -38 -24 -61 57 -79 69 5 82 17 -66 92 15 -9 73 -13 68 -100 -76 12 18 -17 -81 -48 19 -31 -37 50 56 -79 36 36 99 21 -93 5 67 18 -12 -83 -18 62 -29 -87 17 88 1 -69 -71 18 -53 100 31 -40 80 -23 -2 -26 81 -26 -91 -40 -91 -33 -63 47 4 74 69 29 -70 -75 55 80 7 -45 -71 -40 -46 -50 69 -32 11 23 32 89 27 89 -37 41 89 82 42 49 
-4 -90 92 45 -19 -93 44 82 21 28 -28 -36 69 -20 82 -17 63 12 -1 -47 90 81 -19 56 -68 -61 -37 -89 86 -91 57 60 -47 60 44 5 -87 34 31 -43 -93 -35 -58 -21 21 73 81 25 24 -96 40 75 -93 88 -84 47 66 -2 44 -8 -83 -61 44 -92 -90 -48 79 53 70 33 -1 -38 49 -38 -50 -9 54 5 -70 -78 83 41 91 35 -42 -57 30 -72 -76 -54 -4 26 21 -74 58 -81 -38 -53 -35 -5 75 -78 -73 53 79 -84 97 72 -11 -96 27 -79 34 -13 -15 91 -90 -71 -78 
-11 -61 92 89 96 -42 -79 -16 -19 92 -52 -92 -44 -94 37 38 -77 -83 -39 6 24 -7 23 -48 -75 83 -94 90 67 -84 35 60 57 52 12 7 -90 17 -71 66 62 -80 35 91 -49 30 97 40 -60 13 23 79 24 77 50 -10 16 91 -80 46 13 -39 12 68 -18 -77 -93 27 34 -48 -98 -81 18 58 91 22 60 -31 -31 -28 -52 -70 -48 63 -51 32 83 -8 75 -78 -25 89 -72 -82 20 73 -52 11 -60 46 44 -7 70 55 15 -95 90 -14 30 -51 83 4 67 -84 99 78 63 -39 35 
67 84 30 -15 71 -24 -55 -63 -77 -62 75 75 -8 -79 -63 -92 -62 34 68 78 99 37 -54 65 36 -88 12 -45 0 41 5 58 -83 73 86 -19 10 16 26 70 -24 35 -95 -89 -93 -8 72 97 12 -59 77 -31 97 -82 94 -1 -35 -91 -5 7 52 -53 96 -99 -46 47 4 -15 39 77 15 -32 -54 -17 36 -75 -62 -68 67 55 55 -93 -93 30 -40 21 -49 1 -6 -26 67 90 -47 -89 -85 80 3 -37 68 36 -66 50 77 -45 29 76 -85 -64 61 78 5 27 99 -78 -80 77 -49 -89 -10 
3 -45 96 73 -45 -23 47 39 -74 -10 31 -19 43 -54 -35 -30 -98 -15 -50 71 -11 66 -47 89 -5 -16 61 -59 18 89 12 16 72 -71 78 63 -49 -83 -78 -31 -31 24 18 36 -55 -48 96 82 13 49 -78 -68 69 76 -49 -86 79 -74 -92 61 60 42 -7 31 -19 -20 87 35 0 -40 34 4 32 52 -23 -45 95 -36 44 4 18 -55 -80 -5 -24 67 -14 -4 -19 18 -22 -20 53 55 90 30 65 -68 63 23 47 -83 10 19 0 -86 30 46 -6 -84 47 -83 -37 85 3 -2 32 -74 -14 
-7 10 92 -67 -24 96 3 -67 -27 71 18 -25 18 -41 14 39 -94 -22 -29 -79 27 -43 47 -21 7 74 16 -11 83 -5 73 24 87 -58 17 -41 58 -59 -39 45 -95 -93 9 -2 80 41 39 67 -15 -46 83 -74 73 86 64 14 93 -54 100 11 -29 11 97 -23 20 -74 -33 87 -10 -37 18 53 1 32 79 -65 78 48 45 20 83 54 8 -14 33 -99 61 81 -61 29 -43 -15 -23 71 -26 80 78 68 -38 19 72 3 48 19 -2 28 -56 10 -62 -79 -31 -51 20 55 51 -12 56 54 52 
-64 -25 74 -82 -92 -63 52 52 56 -14 51 23 54 -86 -52 -25 91 -38 37 -67 -100 56 70 0 44 24 -61 -11 -70 51 -63 -76 -15 -93 -76 -92 -39 -30 22 -53 87 95 -94 24 -90 -14 -8 6 58 -58 19 -60 -4 -37 70 60 31 50 -94 -8 -68 51 -75 -51 -98 -73 35 -18 48 -99 75 -24 20 -16 -99 39 11 -44 -98 41 40 -99 -78 -52 45 21 67 -64 76 -32 24 -37 -30 10 20 -92 62 16 16 -54 38 86 -33 45 4 -89 32 90 -97 -4 45 -90 28 96 26 -100 28 63 -3 
89 82 -78 43 -59 14 4 10 94 26 -96 20 -75 -4 -26 5 -32 -80 14 -12 -55 46 43 -41 97 49 -31 51 -68 -79 11 -54 39 86 -49 95 -92 -52 16 7 -99 -79 67 40 69 66 -13 -78 -50 38 16 17 -41 -70 -93 82 15 46 -46 -63 44 34 -4 -4 -55 -99 69 0 15 31 77 84 -84 -6 -27 60 55 -18 34 8 -53 14 42 -86 70 73 -96 -22 91 -74 -15 90 1 32 -51 -100 62 -34 -23 -76 62 36 -63 36 -65 43 -68 -82 -21 -50 86 29 90 75 -75 14 -10 37 -77 
-29 50 -29 70 -57 65 90 44 -2 24 73 -75 85 42 -54 -55 -97 -77 77 -16 -83 47 47 -3 45 -18 -70 81 -52 -3 -74 71 -18 -57 69 -82 -5 51 -66 -34 57 -73 -35 1 -7 4 -26 -93 -37 23 -37 -13 48 -58 -15 22 -69 -34 29 -30 -88 23 60 -48 60 44 57 36 -43 -31 11 -18 -50 -21 17 24 72 58 25 52 -25 38 -9 -43 55 -93 -39 -54 -67 17 96 -21 -98 -58 -88 -71 75 25 91 -75 20 -5 -65 81 -73 -10 -76 67 46 -35 -53 82 62 14 27 50 -17 48 3 
99 -22 -6 2 -10 -52 56 -2 18 -40 5 67 -11 96 16 77 -26 -100 -5 76 -66 -48 -35 -23 74 32 60 -15 89 -50 43 59 32 -74 -73 77 21 77 84 12 -50 7 -63 -26 8 -32 64 29 -95 -69 60 90 -36 -14 -14 -40 -82 87 55 -3 -7 99 -12 85 -14 76 -92 -53 46 24 38 14 91 9 -43 -96 63 73 -78 -99 30 -57 67 -63 -66 -48 98 -29 58 -71 91 34 -44 87 -58 74 73 -99 22 -24 96 -84 -35 18 -37 -84 -82 31 28 29 66 9 -100 21 91 24 49 -83 -10 
23 62 -52 17 36 -90 0 -1 31 -15 -41 -76 -87 34 -46 -30 35 77 32 1 6 -36 61 30 75 -81 87 45 99 -75 -93 5 -48 -93 -46 -42 -56 -100 0 -77 -54 -68 63 18 -43 17 -26 -99 12 64 21 100 22 -18 12 -40 35 1 -76 28 -10 16 5 80 -91 -8 -1 87 -63 47 -97 59 3 3 79 20 -20 25 56 -77 75 -80 16 80 91 -46 -94 -60 -90 -50 20 89 -87 -77 53 -49 -73 46 91 -82 24 10 -62 45 94 97 53 -24 -90 22 -50 53 71 12 -72 -23 42 98 99 
49 20 51 54 -73 95 2 -6 29 -27 -61 38 -85 83 -53 -69 59 67 40 -9 -25 -26 55 17 -79 12 71 -42 -46 81 1 66 -98 -35 -35 -45 88 -23 -93 79 15 61 30 2 11 67 73 -67 -29 83 70 -17 -3 50 14 -24 63 75 14 -38 -98 -29 84 3 18 -83 -48 69 23 -60 31 -52 -49 72 7 69 36 -50 -41 63 75 -47 96 -29 23 35 -63 -33 -75 -12 -92 16 52 -74 -14 -53 -80 -39 -10 -28 -5 -44 80 -8 13 -61 31 -23 -23 43 -61 40 -36 -71 -16 71 27 65 33 
-74 -98 -64 48 -59 27 30 99 -46 59 -60 -78 -41 68 -53 90 -12 -75 7 9 27 34 -59 -48 -1 -90 -14 -24 -20 21 -47 34 -32 93 56 34 72 16 -48 76 18 75 -25 -96 81 66 93 -9 -1 82 86 30 84 -1 7 -55 -71 -79 48 18 42 38 -68 81 87 -71 35 -35 -68 -31 -44 -23 -21 -17 -80 -27 87 85 -70 -49 -90 33 85 20 19 45 71 5 48 100 -37 78 100 72 13 -16 10 -61 8 76 63 -23 4 -42 78 97 93 -80 -57 17 10 24 36 73 -2 73 91 37 -80 
-45 5 -61 -82 -71 45 2 96 60 29 -85 -85 -4 -48 28 -13 -77 -96 -34 98 90 88 78 43 -28 50 6 69 -63 -81 48 -35 -61 -88 70 56 -32 25 21 0 3 73 75 99 50 -30 30 -80 40 86 67 -31 74 -87 97 94 -53 85 56 46 -62 -54 -55 79 6 68 -15 -80 48 -74 -52 -99 78 11 -71 -95 -75 100 78 57 -40 -27 -6 62 35 -5 58 -17 96 19 98 -29 55 -13 -14 26 -13 -58 -30 22 -7 27 5 26 -58 -45 39 -57 -9 -25 77 61 5 62 -86 57 29 36 11 
-28 -79 25 -5 -74 -80 25 -64 -91 77 61 75 -80 -63 74 65 -43 -94 81 82 -15 -76 30 -37 9 2 67 -78 64 -46 14 28 11 -80 -49 2 -15 -51 -12 -61 -93 54 -46 -37 76 -13 72 -81 -41 -43 7 6 -28 -8 -25 -17 -55 -11 85 -57 -55 -54 0 76 19 -25 -80 74 91 -81 -71 -84 78 -42 -42 -24 -23 61 -87 73 -57 17 42 41 -74 -56 9 62 -84 77 99 -93 32 3 66 -62 78 78 63 -57 90 -65 -17 64 2 53 -37 -28 -23 3 -99 -4 20 89 82 2 -50 -44 57 
42 8 -38 -27 -43 -90 -42 -79 -88 12 95 8 -54 77 -49 18 81 -97 95 -69 15 -39 -83 77 -38 -64 11 -65 -50 94 -68 73 -97 17 -31 57 -15 -44 -20 -6 93 -29 -21 20 29 14 71 30 46 94 46 -85 53 -24 -6 -69 -56 93 -86 -54 87 57 -37 42 5 16 -72 58 -98 -69 -83 77 79 60 16 -57 -11 -99 -40 26 72 -1 33 72 -57 -66 -67 -24 90 -96 -20 86 17 57 -54 93 -39 -88 30 79 28 35 -24 -20 -21 -82 16 29 10 -31 -65 44 12 -82 53 -99 65 80 -76 
-94 -96 -8 -47 56 -11 82 -2 -9 79 -55 81 83 25 -86 -6 49 39 40 -7 -23 23 77 7 68 -54 -94 -67 -27 -74 -64 72 -52 -69 9 64 3 -93 62 -8 18 46 -24 80 -34 100 -21 36 -25 -97 -96 -17 73 -90 85 15 26 11 -9 73 20 -86 -85 24 -75 14 -49 -12 43 17 76 -14 -84 22 73 -69 59 -10 -69 -3 40 -86 -9 15 -78 96 -22 -94 89 -86 11 1 -69 88 97 -98 48 -86 -87 -70 2 60 -78 -30 20 -27 -22 -1 82 84 37 -74 41 91 54 3 -68 -38 64 
-95 -5 -1 95 61 55 -43 -74 -28 -31 32 -86 -5 -86 -33 -72 -96 62 19 82 -11 87 60 75 -48 98 -12 -69 100 1 74 26 36 85 -70 -95 66 -97 18 -5 -18 70 -55 70 17 35 5 -80 84 51 -23 69 65 97 -31 -28 -20 4 -2 -29 -79 46 59 -2 -78 97 42 29 76 -83 12 -84 81 -49 -17 -5 -6 -87 12 39 -61 -8 7 -25 60 86 -12 17 45 -53 73 81 -15 93 3 -10 -97 -65 0 25 -9 33 46 48 -96 -80 57 49 77 32 51 -38 -89 15 6 -26 54 -46 -50 
11 87 -24 91 100 -37 -99 -86 -6 24 -44 -21 -27 84 -96 -12 60 -3 -28 -37 -100 55 -3 -64 68 68 49 16 8 57 93 73 -9 -77 42 -6 96 -1 3 -72 -11 29 100 54 89 -71 -15 22 -57 -50 -38 -81 -51 51 -93 -16 10 -12 -93 65 -39 7 -3 -12 -99 -45 82 -25 35 -2 -22 97 68 0 -89 -48 -34 -19 -40 -73 74 70 -10 100 11 17 -32 -60 88 47 17 30 -75 -28 65 -21 -23 14 -25 30 -80 -25 -61 -80 21 -13 15 -22 -91 -48 91 -85 -98 16 60 63 9 37 -69 
25 -83 7 -93 30 -96 -36 -98 82 -69 40 0 -44 8 23 -42 -43 -7 -76 -1 42 38 26 -44 1 -42 23 57 -19 30 76 81 8 -44 -83 98 -4 68 62 3 18 -97 56 -47 24 96 44 50 -74 91 -89 24 11 14 37 -40 70 38 -12 50 -41 34 88 4 -47 -73 -77 -62 -82 78 -53 39 62 -40 72 73 -58 -22 -50 96 -13 19 62 -1 -30 16 -23 36 33 91 -57 10 1 -64 25 47 89 43 70 4 63 86 -57 81 36 11 -15 -70 -53 36 -21 29 -28 12 69 -96 0 -29 -34 
58 -71 -56 94 11 -28 -64 -96 56 96 -15 79 -8 28 92 70 74 83 18 60 18 -23 87 20 -97 83 100 -54 5 -85 86 6 -34 -31 87 87 -16 59 -36 18 -88 -68 -73 17 16 14 21 53 -8 24 30 -52 -40 -16 -84 -38 -21 -61 -87 82 58 24 -12 94 -17 -33 80 -96 -38 -35 -13 -43 -2 17 16 -16 12 83 67 100 4 39 -92 51 64 -79 77 10 -6 -89 -70 65 47 89 65 66 54 -78 -74 85 29 22 -23 -16 98 100 -1 -58 -62 -21 98 -27 60 -15 72 -90 4 -77 -33 
3 -57 86 10 -73 75 -80 -84 -36 -79 -15 78 -91 6 21 33 -91 43 88 59 68 39 -54 -57 -10 93 -13 34 100 38 57 72 21 -3 12 -94 12 77 -81 96 -31 -23 73 87 -22 -58 -88 -30 -82 41 72 85 -55 90 -1 24 63 -52 15 72 40 57 -33 -61 29 37 -100 -10 -55 95 -60 75 9 -99 71 -41 -3 98 82 69 8 -65 99 67 -18 73 44 -76 -83 18 34 74 61 23 48 -82 17 21 -12 -67 100 -80 -36 -59 38 24 33 94 -50 -82 40 -22 21 -36 -13 70 63 -67 55 
10 56 54 -57 -35 -2 -18 -3 29 -21 11 58 9 50 -5 47 75 -62 24 69 -83 -55 -30 90 -67 36 -6 -95 -78 -73 47 -52 -27 -61 -59 85 81 -20 -77 13 95 -18 44 25 -94 78 40 -87 1 52 0 -24 -24 -20 -47 58 92 9 -2 79 -51 -8 -12 -88 44 72 -4 -59 -98 96 -40 -43 -39 74 -43 -18 1 -35 -20 40 73 12 -61 -34 4 -12 -25 51 -43 -77 -32 -83 -91 -15 5 31 -84 5 79 56 -59 8 51 -81 74 -14 -94 11 3 -71 9 73 87 77 93 -75 -50 57 15 
-21 45 -64 -34 76 30 -17 -11 -28 -12 -62 25 -10 -5 5 -99 99 41 29 92 -62 50 16 -59 90 -30 -42 -47 -16 89 76 83 55 27 82 -94 66 -50 63 -95 -84 -77 -9 -57 -1 -58 -74 7 79 -44 -33 -27 30 33 64 4 100 -93 -58 -51 -94 93 5 30 5 12 27 86 23 2 -8 20 -6 28 -75 -10 6 64 47 -33 82 -88 100 -6 -31 71 88 -27 -20 36 66 81 -7 -27 16 -52 11 67 -15 36 69 58 54 81 -35 -10 -65 44 -15 -96 28 -53 -43 14 20 -50 -37 -43 -19 
-5 57 77 84 -27 11 98 22 25 64 -37 71 80 -88 -34 -54 51 -32 -58 -60 24 43 -96 -76 10 49 -13 76 59 -45 62 -11 -45 -32 39 84 75 78 72 -38 34 -57 74 -74 58 -28 -52 63 53 -49 -66 -56 98 10 80 15 94 5 -6 58 25 98 -90 -53 -29 26 -85 -50 -28 25 37 -67 -64 -35 -65 83 -46 19 -17 -32 45 -84 28 44 -64 89 64 -69 -86 57 29 44 61 86 -91 40 99 53 40 81 54 73 52 75 7 -98 -29 -66 1 -55 11 84 25 15 7 59 60 -1 5 
-85 14 -6 -65 -78 53 -45 -51 -19 4 -19 -10 -21 -19 22 -24 -49 82 18 69 70 -22 -92 -80 -26 68 -11 -4 -87 25 38 26 22 -30 -35 49 -88 -69 -12 61 58 -1 10 53 -74 -40 13 -9 -10 32 33 26 46 40 41 1 -51 77 -27 -37 -68 9 -65 78 -98 18 -35 2 -80 29 -18 47 -49 44 -66 -12 19 34 9 72 -44 94 -99 50 -80 39 -50 33 67 -74 -13 -81 89 36 -28 69 -16 84 98 -28 -56 3 75 10 68 59 -15 -44 -74 11 -15 -55 -100 -9 65 -29 95 78 -31 
90 -8 -28 93 0 23 -2 97 -17 77 -89 -61 26 62 97 -56 -36 95 -36 -70 81 -70 -36 48 58 81 10 -34 -81 95 -97 52 33 10 -1 91 -46 59 -41 52 -27 33 -79 -41 -39 12 -44 -1 42 -80 17 -49 -64 -79 -74 55 72 6 9 3 -100 -31 -13 -71 -81 -91 -68 26 -46 43 71 -97 93 72 -41 99 -43 68 -59 -51 -22 -68 -21 -84 75 -13 0 -75 16 13 38 28 -53 -15 -9 -54 -59 50 46 -52 -83 -22 11 22 -99 69 60 -86 1 -49 -61 -27 -55 72 -59 35 -30 -49 -38 
-6 -23 -38 -57 -8 -83 -26 -82 -87 -63 7 72 -39 57 82 34 -71 18 58 -30 -31 38 87 80 -88 67 67 -34 65 -53 52 37 1 -58 11 -26 -62 63 88 11 -4 -11 7 71 -12 27 -63 49 -68 -13 92 -12 89 98 94 -57 -45 28 78 90 41 90 82 -39 36 -28 10 84 86 -1 -47 -85 60 -72 -65 -57 79 -39 78 51 -71 90 -31 89 -29 31 25 24 -96 67 22 2 13 -72 54 17 -44 -62 29 -18 12 100 84 11 10 -61 -19 -47 78 -96 99 38 -38 34 27 -60 -86 -10 45 
42 38 10 0 75 -47 -100 -10 -41 -27 35 -100 70 -19 78 88 -53 32 66 -42 99 -69 -73 13 -16 -26 -22 -12 98 -15 -41 41 -1 95 -11 62 -32 17 -47 -68 -36 -96 5 52 -7 67 58 -13 -8 26 -35 15 36 61 96 39 -65 72 83 26 -71 61 26 38 46 -41 62 73 46 -61 -42 -32 -37 40 -58 -56 -85 18 -24 -11 0 -1 22 -84 61 75 -83 17 -80 48 99 94 -63 22 15 -55 31 69 -5 12 59 15 -75 95 99 -72 -45 -46 -36 -22 -79 -98 -71 96 48 -31 32 -57 -5 
68 34 50 -65 61 44 56 -1 -55 -84 21 -82 34 -64 24 -28 -17 79 -65 62 67 -51 87 11 20 -65 36 47 16 59 -83 -95 -70 36 -88 13 70 -16 -36 78 74 35 3 37 0 7 -51 96 -63 -58 -40 -62 56 -4 92 -55 93 63 95 25 70 -17 -98 -62 -60 68 -14 94 -3 9 85 -58 48 45 -79 -49 23 -84 -29 -98 -96 -82 -23 -44 -21 14 -54 60 68 9 84 -48 24 23 -67 -47 -14 -60 31 52 84 96 -36 42 67 87 -97 61 99 -75 -86 42 -76 -93 40 -27 -45 -84 57 
-2 68 -58 -68 20 53 -50 2 -93 2 36 -99 14 72 14 46 46 -23 -10 0 0 -20 -37 76 37 40 53 -44 -97 -38 -66 -32 34 36 96 -82 62 27 98 -16 -58 -52 80 4 98 -36 -89 -42 10 -92 81 -94 -27 -3 2 0 28 33 -69 78 100 63 79 11 20 -75 46 39 -38 -16 92 22 95 -24 -69 90 -84 85 -56 19 -21 13 -17 92 71 -31 93 78 -83 -14 39 9 -81 -44 -6 -27 -26 -4 -62 -6 -75 -96 -40 -46 21 69 -58 20 31 59 76 90 -99 87 24 40 -29 -34 -83 
