-61 -82 63 29 -32 19 57 -95 83 -96 18 -79 -51 -95 10 -82 77 -80 97 -61 -61 -84 -25 -11 90 -37 -84 -27 22 -13 -32 72 -65 92 73 -3 -6 -49 -42 21 63 -95 -10 30 -70 4 12 -43 -4 -85 -100 38 60 30 35 -97 64 -66 -43 -55 52 85 -37 -65 -60 -31 -34 -46 -15 -50 56 5 -70 -48 -59 27 -96 -9 1 -14 63 -23 92 -86 2 40 70 -32 -46 -51 28 19 67 -55 -88 -4 -86 14 -81 -50 
-66 -76 -58 -75 -10 -24 -17 -30 94 -11 87 -70 -34 94 -46 -31 -31 -15 14 -55 73 78 80 10 28 58 -39 -30 12 -63 39 -89 -20 67 -3 -78 -6 -7 97 14 -25 -27 -51 -60 89 51 98 -64 81 17 -37 14 40 9 6 -6 -88 -35 30 -72 51 55 -39 93 -66 6 29 -46 -70 68 51 24 -30 -64 -91 91 59 20 39 13 69 16 58 -70 9 31 -24 9 28 23 69 23 -17 -35 -45 -15 39 -10 -29 76 
-29 71 -76 -24 -50 37 61 -76 -78 -49 -36 2 -25 100 80 85 50 24 63 40 -23 -43 64 2 100 -94 -85 11 -78 -14 58 81 -85 -46 -70 -73 9 86 22 -88 63 -12 -22 60 -5 -76 -19 28 -3 -24 54 47 -19 -31 9 72 -11 42 57 -32 -80 -22 -59 76 -17 -31 88 -38 51 -34 64 -44 34 34 33 3 -87 -73 75 -92 61 -41 13 78 57 -10 69 -54 89 -43 -51 14 -98 18 -61 74 -86 -92 -92 26 
49 -17 -61 8 -54 41 92 -28 -51 58 65 -79 -93 38 -78 -20 -12 -76 -85 94 -71 54 57 -92 -79 30 26 65 15 -67 21 -33 -38 -43 -96 -17 -32 -97 -19 -93 36 98 39 62 -12 34 -80 -18 71 -45 -1 22 -30 -5 65 -67 -98 78 -43 -47 6 -17 -41 -22 81 -56 -20 90 -81 -25 -80 -28 -39 27 96 -55 -48 -30 77 43 -11 -24 100 55 -9 99 61 -22 16 -38 33 -74 -79 13 97 -60 -77 -58 -93 -99 
-60 32 -63 51 -56 -20 84 91 -98 25 -44 -93 -81 -58 7 63 66 -17 5 0 -60 -51 -58 -8 -86 64 -12 65 18 34 52 95 -100 -83 71 -12 20 87 -19 63 34 -90 80 87 63 -51 -68 64 -12 11 54 51 0 32 -93 -4 -1 15 56 -54 81 69 -60 -17 31 85 51 99 14 -90 30 -34 -84 19 15 40 -96 -74 -49 -9 -10 -12 69 28 -47 56 48 -53 -87 70 42 59 -18 62 5 -33 100 60 71 -27 
-81 -75 -35 -27 -40 36 -85 81 -85 7 28 -67 56 -48 90 -58 -1 43 98 43 -87 -81 47 3 56 -47 -49 75 4 -35 -69 -42 19 -15 -96 33 -21 -23 47 48 59 19 -30 83 77 -74 84 -89 -15 -31 47 87 -15 -66 -16 -86 -49 -22 -56 17 -35 -42 -15 75 -39 77 -82 -27 -74 -59 0 78 -97 1 59 -40 -39 -42 -94 65 -13 -52 -72 11 -56 54 29 -34 -77 89 -40 -3 -18 72 -4 -87 -81 -76 16 -18 
89 75 3 10 -60 31 -81 -48 73 23 -2 82 89 68 -65 43 47 -69 25 19 -32 96 57 -29 -10 90 -2 75 72 -21 75 -68 -49 -26 -91 -61 2 94 -88 17 -69 -91 88 -62 -75 74 84 -27 43 39 90 39 51 64 -34 17 84 58 30 71 5 47 -29 86 13 85 92 95 -60 48 16 -97 92 79 82 34 42 -32 0 72 88 77 -27 -4 16 -84 48 55 -67 81 53 90 35 11 -98 33 -67 -13 -39 74 
-1 40 -73 50 -16 -100 6 77 54 98 -90 -53 -53 37 -80 37 5 -48 20 -74 -73 -34 10 -39 63 -99 -77 -16 -78 -60 -56 -48 -97 16 -97 82 30 -94 91 56 -77 -40 -48 -79 -84 -18 90 -64 -1 71 96 -25 -49 -60 -92 -68 36 -15 -35 70 15 0 -76 93 -59 -70 -20 98 -73 -68 -41 19 -51 -51 33 -24 69 -83 -89 -81 -34 -44 -47 86 -57 20 93 9 100 -26 20 -48 -63 -49 -99 -20 58 -2 21 -1 
-1 21 97 31 -96 65 -83 -75 -71 -67 -33 27 -7 76 60 -27 -58 6 4 88 61 -52 -89 61 -92 -31 22 18 -51 -1 44 -36 -79 -87 85 42 1 68 68 15 -71 -61 52 -19 -40 23 -76 -21 -48 77 -88 68 27 91 72 -36 87 35 6 36 -39 -71 -61 14 -35 -48 -81 42 49 95 -55 -9 28 -29 8 -44 -95 95 61 -20 58 58 97 -50 70 -50 -32 80 -9 -67 13 -36 44 93 51 15 4 23 79 -33 
-61 -80 73 43 72 -65 95 -96 92 56 -23 -16 -48 43 -8 -39 62 -52 27 74 -70 -40 55 24 57 -52 59 35 -97 61 -65 46 77 30 -80 69 -37 34 75 -28 97 -27 20 49 69 -11 -7 72 78 28 3 -63 3 5 -20 76 32 49 -77 76 19 87 -26 -5 -67 88 87 -79 -23 -31 90 32 60 -41 58 -53 71 59 66 37 86 96 -39 11 47 -50 23 -60 -9 82 74 -31 -32 71 40 -42 97 13 -97 17 
-20 25 51 4 14 24 7 37 -52 44 -87 29 92 96 -60 -65 -82 -12 24 -23 -90 -53 67 -55 -79 -33 -3 -6 -50 -92 97 -22 47 46 -30 -10 13 -17 -50 35 27 85 -35 -9 22 -65 -66 -7 -28 7 -4 32 -50 47 -12 54 68 70 73 -100 -10 95 -86 92 -17 -75 -42 -1 42 -17 4 54 -29 -37 4 43 71 47 -48 -68 -35 -51 -18 91 77 59 -79 26 -62 61 62 -100 75 -61 10 -53 -7 46 -93 87 
35 -72 -81 31 62 -44 21 95 73 36 0 -13 15 86 -44 -89 -1 -36 -43 -69 62 -40 -92 -44 66 52 95 -57 -42 35 -54 26 63 76 -66 -24 16 49 -33 -30 -56 -74 -55 15 27 9 53 -94 54 70 -21 15 85 69 2 91 -56 21 44 23 50 -38 -22 -89 -16 27 -84 10 26 7 -80 39 -38 -50 90 95 -71 -57 -100 49 44 80 32 0 62 80 7 98 -25 -36 -26 77 -37 64 38 78 -77 -5 -2 21 
-60 -20 -94 2 40 61 31 -64 84 35 -69 -69 82 -89 -86 -98 -40 66 -3 -96 -7 -31 -28 -24 -14 -99 -10 -94 97 -31 3 -35 76 40 -16 93 55 60 -7 -52 42 -59 -2 -93 94 9 20 72 -52 39 80 -32 -63 3 -52 75 -73 95 -62 52 27 44 74 -18 -41 58 82 -74 -75 -54 -65 22 -65 62 61 -71 -35 5 -73 -11 -13 94 -28 86 -39 13 -63 85 -58 -50 26 -56 -48 56 80 -47 98 74 -50 -80 
27 -31 -27 -31 -42 65 81 -39 52 -69 -41 43 -46 12 -83 -23 -17 -65 76 80 12 4 -44 -70 25 -16 84 -71 -8 -5 21 -97 -32 -92 -58 29 -20 -42 44 47 -63 -32 91 64 -72 10 54 88 67 7 78 -30 -80 -93 45 -30 4 56 34 -52 73 -56 -78 -39 -98 66 20 -70 63 55 81 -94 -48 57 -95 -72 -98 -57 -77 12 -1 83 33 -2 -14 93 42 35 33 -90 17 22 -79 32 -94 -46 50 19 34 71 
-2 -28 -30 -71 37 -65 25 -10 -44 54 39 -63 37 -49 -39 60 90 68 47 59 -30 -21 42 62 -25 26 -66 78 3 -3 -16 -2 -53 -2 42 50 -30 99 -76 -42 62 23 25 -41 54 57 -69 -48 -38 -12 31 -66 -3 -29 73 -72 12 -93 66 -43 96 -29 -98 61 10 73 -96 -33 94 85 72 15 92 -80 33 -86 8 75 88 45 -92 -24 -45 77 36 63 47 -32 68 -42 -30 9 -93 56 19 -32 -59 -62 86 2 
94 -33 -94 84 -34 12 -73 -11 -87 -9 -53 -38 -50 -52 -46 -34 -65 -87 53 70 92 45 75 13 72 -69 -30 -93 43 17 34 -5 -68 -10 -61 26 -100 -49 40 42 -74 -20 99 -86 -48 97 55 -34 22 -84 -18 57 70 -65 51 -62 -21 79 -77 28 -89 92 43 -64 -2 -40 -60 50 91 -58 -1 -98 -62 -3 69 -78 -85 -65 13 75 -74 -64 37 -89 -50 51 -24 23 -15 85 -75 81 5 -77 -68 -97 -67 71 54 87 
-97 -68 -76 88 81 55 -99 96 -42 -13 44 -11 12 31 -27 78 81 65 -15 77 -47 -93 -29 24 -82 -75 100 -91 98 86 96 -17 47 23 55 41 -65 78 -53 55 57 -100 10 -38 31 -94 47 84 -56 -26 59 -30 58 11 13 37 78 -40 -15 71 58 14 78 -81 -98 13 81 34 -78 -14 10 -43 -68 42 4 26 43 6 40 -34 69 -69 31 56 28 14 -76 -5 90 -45 51 -9 51 83 72 31 -15 60 14 -96 
-81 -96 -33 18 42 29 -53 -5 -47 -64 -7 -53 -81 -68 -48 -77 48 59 -98 59 -83 91 79 100 39 -94 -12 12 -37 -74 15 99 22 -99 -61 77 16 90 -76 -3 -39 -72 -80 -80 26 28 -36 -15 88 -64 -16 16 54 -51 -27 65 78 -93 8 74 -89 89 -95 -56 92 57 29 77 -94 50 88 81 -67 26 24 86 41 92 -72 49 54 40 50 52 74 -58 98 66 30 78 -32 -19 16 83 41 -65 -76 9 20 70 
20 64 47 -7 37 74 100 96 79 -3 71 -31 17 24 -14 56 -13 -3 3 -70 -59 -10 -43 -4 70 17 56 1 29 24 89 -57 -80 -43 -23 -1 94 -33 37 3 39 19 73 87 -41 -14 89 -36 -84 24 -9 -15 -84 -43 -87 1 -85 68 -61 28 -85 -43 -77 -73 -35 -72 -85 -89 -6 -86 -43 -41 -87 -66 91 -59 -57 -94 21 44 -77 -10 -70 78 97 -10 -77 -29 -19 -12 20 70 38 -29 15 -32 58 -54 25 8 
44 7 57 -17 69 -5 10 84 7 -85 -79 6 -79 71 -5 -57 97 45 43 -61 63 8 -71 61 -89 -43 -54 -72 -11 -32 -57 -81 51 -7 -77 10 -30 58 34 53 83 61 -42 -92 25 15 -41 -32 -58 -73 -47 -48 -2 95 37 69 20 12 -41 58 -12 5 -96 -50 -41 27 -28 -80 79 81 -48 51 -70 -90 -68 -57 -67 87 71 29 13 38 -14 -84 -58 97 -52 97 3 14 -87 97 -33 -8 -7 -34 -78 -44 98 4 
-62 82 -1 -14 5 -50 37 65 -85 -39 -27 31 42 17 52 -61 -75 -38 41 77 -7 -46 -17 90 -76 77 66 25 -86 39 -10 48 42 -92 -5 68 38 16 -45 95 20 -40 -94 -14 -91 83 -81 13 71 -18 50 -85 13 23 37 36 -9 98 -35 -38 91 -47 32 -95 26 -84 14 -84 52 24 71 25 81 -65 16 20 -43 22 -45 -58 95 50 -57 -23 -63 -53 5 -48 86 84 49 -24 80 -69 -55 -55 5 76 -54 66 
-20 -63 -89 46 59 -61 79 33 90 -76 21 4 8 -33 -41 71 66 80 40 -81 12 0 -48 -27 -21 -7 -24 85 82 -34 32 -53 -69 27 -41 -82 24 98 40 86 -8 65 -36 -32 -40 -100 67 -80 98 -53 3 -8 20 -44 -24 -6 -70 -60 30 94 43 10 -5 -92 57 -85 -1 77 22 -33 -74 -65 -57 -70 37 93 -21 79 99 100 -24 -54 98 44 50 -31 56 75 96 69 -13 -10 35 -2 93 56 -92 -75 -80 -78 
-12 -50 58 4 96 1 -58 20 53 -88 1 -59 90 -54 -16 23 46 -18 -2 -30 -30 -73 80 3 -22 -60 -88 -4 55 1 -38 -52 -16 -16 93 94 88 70 -37 -84 -90 -64 65 9 37 41 -67 46 58 -62 -38 -81 88 -56 -58 -22 0 -28 -4 -56 -24 -60 -27 8 -7 -54 -34 -72 -12 63 26 -100 -57 -75 -86 100 -10 -91 66 0 0 16 -50 -75 17 17 -76 50 17 30 51 26 86 -1 52 -95 -17 85 -81 0 
15 -92 85 62 -73 -4 -71 -92 -64 78 81 32 8 -37 88 -84 5 48 28 -44 36 83 -10 -40 -31 -49 50 44 -22 -43 71 -9 37 -47 100 34 -22 -36 -19 21 -35 -71 18 -99 -51 98 -24 -9 52 -44 -45 -77 -56 -20 -35 20 96 -75 -84 36 51 50 17 47 55 17 -20 40 68 -50 44 -83 -77 28 60 67 82 -47 -23 23 85 -17 -18 -11 26 12 19 31 59 1 -99 22 -84 4 39 -73 5 -89 28 -47 
67 -9 -78 -90 29 -64 69 83 66 -59 15 64 -79 -76 96 42 -75 -15 -9 7 -70 23 -55 -48 3 77 83 57 54 37 -61 79 1 -59 10 -68 -7 -59 63 83 75 -89 -28 52 32 3 -49 -38 66 50 -17 56 -3 -23 -18 82 -72 -100 -3 -94 -44 92 -43 95 -64 35 -94 -78 5 -69 -26 -72 -88 77 45 64 23 -82 95 20 -17 -42 -64 81 -36 -58 30 25 43 -17 92 21 9 16 -10 72 19 38 66 -99 
30 -73 -47 40 20 -64 -10 84 88 -57 61 71 13 68 -37 8 32 -8 89 -37 78 58 56 -21 -78 95 22 -48 53 -86 -88 -4 57 -80 47 84 -52 13 43 55 77 88 75 14 -22 -33 39 55 48 -68 -19 -15 24 -32 -2 0 -77 -52 94 49 80 -26 -73 -86 -79 -98 79 60 16 -12 -36 -50 -19 18 45 -47 -98 14 6 -38 -72 -66 56 7 6 -94 41 83 91 24 -78 -43 45 90 60 -99 -76 19 -49 -18 
34 -44 61 35 32 -10 -5 14 -97 83 -70 41 -93 -50 19 39 -18 87 97 -61 15 -16 45 47 70 48 -100 11 74 49 -53 -86 69 -33 -5 29 68 -66 -55 56 74 21 -25 -83 -95 81 34 -73 100 23 85 64 42 -7 3 -47 -49 16 44 1 -23 -34 8 48 -88 96 56 32 -28 -41 -69 -41 -8 86 -80 -11 -82 24 11 -8 73 -14 46 96 -7 -53 -57 4 29 91 -1 94 -51 -70 9 -18 -48 50 -80 -59 
18 -92 -82 43 -90 -34 -91 -55 38 70 -97 -57 -90 -25 -66 -39 -38 -42 10 98 22 16 -8 -34 30 -99 11 -96 93 50 38 20 92 82 10 -89 37 -55 -15 83 -18 -16 91 39 26 9 -41 -78 -1 21 -35 -89 34 -13 27 2 10 85 10 62 -27 99 -10 25 70 58 -52 -18 36 -96 100 -55 -36 -65 -75 25 -62 81 19 48 -90 -2 92 -32 35 12 25 -81 19 -96 12 96 -51 -25 -17 -68 27 39 61 -58 
25 -98 -77 55 69 -42 -31 62 61 -52 57 -21 -46 84 -85 -73 99 68 -73 12 76 10 4 -46 -45 71 -91 -88 96 91 90 36 -13 -40 -79 -86 -88 -89 -64 46 -22 -30 85 -59 -2 -78 -22 86 79 67 83 -76 -58 -53 9 -76 -11 -61 -100 8 -45 58 -69 -69 33 -34 26 9 23 24 -73 -2 -89 32 70 -63 74 24 21 -96 -67 -41 -12 -70 -2 -21 76 50 80 100 41 21 81 -29 -48 18 81 32 -65 -25 
38 -63 70 10 28 23 85 78 -62 28 14 -5 41 49 -83 100 -38 59 -94 50 -30 -100 22 35 57 -68 63 -21 31 26 -47 63 33 -23 -95 60 -77 -50 -75 -88 -7 56 -96 82 -83 48 11 16 91 58 -23 -12 -8 -16 19 11 16 -9 -34 8 9 -95 -50 75 -31 34 79 -74 15 -45 -11 -64 -1 78 58 66 -83 -5 93 38 -33 50 81 -7 45 -89 -5 13 -16 -3 76 82 6 75 -73 -56 61 64 68 77 
-50 -88 78 0 -96 2 -87 -69 39 56 -51 -95 -25 -62 78 19 24 -9 -68 -48 50 -100 -55 -12 38 40 -57 88 -77 94 28 -43 75 -67 2 42 73 89 91 95 -79 46 -3 -58 54 4 61 -35 55 71 -56 -76 48 -30 75 -87 47 -56 91 3 -66 17 69 -52 72 5 13 80 -90 36 -44 33 88 -19 50 5 -58 36 -73 -16 -30 -29 -39 -49 -44 11 76 29 -77 -98 98 -66 28 74 98 78 -99 84 42 -80 
-40 31 -11 -20 24 45 75 -27 63 -67 22 -51 97 -51 95 -27 67 -43 -88 34 81 -97 18 89 -99 -29 -58 -48 -79 -82 58 -22 34 -12 -39 41 -31 45 60 44 -77 -53 -21 59 -67 88 82 -5 -88 3 -95 -48 86 27 2 -36 -95 8 -55 90 -96 32 -11 -34 64 -8 -87 -91 -15 -65 9 -43 82 -64 42 -50 44 -27 53 81 -77 -33 10 92 -7 20 -49 86 49 71 91 -76 -19 -17 -91 94 -6 22 44 31 
79 62 -99 -64 -33 68 -72 -46 32 52 83 -43 39 -4 -97 -7 -52 32 11 48 -72 36 39 -42 85 -61 39 32 -7 0 -49 -52 -34 -9 31 6 -89 -72 -29 54 37 -31 -92 3 -59 91 51 3 36 -72 40 66 -16 56 53 93 25 21 -34 -60 98 56 -18 0 85 -41 5 -83 -6 31 -90 86 66 34 -58 13 -44 35 81 83 92 45 19 -15 75 -65 38 2 -90 -37 23 -85 -63 66 -18 -98 93 44 -72 -42 
-9 -17 58 99 -67 25 -9 -7 -33 -59 -18 -12 69 -76 44 49 76 -48 16 34 -57 53 -63 -56 -14 65 10 82 77 -80 98 24 48 99 -89 -49 51 71 -79 -80 -52 91 71 42 -86 -51 47 73 -96 69 -93 -94 22 -77 90 26 94 -23 98 -60 36 -71 -27 -82 -60 28 -55 -36 68 -90 -9 -53 -33 -93 -79 -29 -1 -46 -45 -22 -90 29 8 -67 16 -20 97 10 -1 31 23 74 -71 -66 -32 -93 73 72 -3 20 
-40 -3 15 -37 -6 15 24 37 61 34 88 -14 -2 52 -28 -11 -11 34 -54 98 -35 70 87 75 54 42 -36 -29 -41 -83 29 -36 -73 -88 49 50 -59 -27 94 -13 94 81 -75 60 61 13 87 9 56 16 63 100 -47 19 -7 -22 -75 -41 39 -58 -59 -39 95 93 -71 -14 17 1 6 -37 -82 44 60 15 -77 21 1 -30 -49 81 -20 -5 -80 26 -35 95 -14 7 98 61 -24 -99 -7 2 71 -41 -61 -23 -53 31 
42 -11 -42 -37 95 -46 -44 58 13 -79 4 -95 8 -63 -62 17 26 -45 -3 51 36 -51 40 -43 55 20 -4 61 -72 -99 2 -56 -66 -17 75 -14 79 13 43 -46 41 -81 -2 73 -53 3 75 -88 87 61 89 93 -27 26 -78 -20 62 -76 -19 -68 73 -74 -27 -53 -41 73 -82 -98 -43 -51 60 14 -87 -96 -26 39 -80 -2 -97 -37 60 70 -89 -78 -76 95 -88 -74 99 -60 69 -60 40 -87 -86 26 86 60 -58 69 
-19 43 -18 -92 47 -97 96 -77 26 -38 38 -77 36 -14 15 4 -20 87 -13 9 98 -34 65 69 -3 73 91 61 22 54 -20 81 39 -89 20 16 72 98 61 63 -33 -49 -65 47 -77 4 -87 -31 -92 -83 67 -81 -36 62 -22 -89 3 23 70 51 100 73 93 43 -91 21 72 34 -63 96 -17 27 -60 -30 -47 57 75 5 -97 -82 -57 -92 -42 -18 -54 15 73 -94 62 6 74 -9 53 -55 -19 11 -39 -31 -22 -11 
-71 41 -85 -55 41 39 31 66 37 -66 -2 -95 75 94 -2 22 -18 -62 -22 -77 -79 -92 -26 95 39 -76 25 16 -30 81 -4 -94 22 63 73 -4 -74 13 -20 -70 -19 51 -48 67 75 93 35 8 36 -9 -79 48 -21 91 -47 -75 -5 69 78 68 -20 -93 69 45 -60 63 -1 56 -96 -60 95 -57 -38 98 60 -59 27 -79 22 61 19 29 59 10 80 22 0 24 -3 19 -61 -13 38 -48 -81 -72 -41 2 97 6 
68 -34 -83 -79 -89 41 86 87 -10 10 -62 41 -51 87 77 27 26 24 80 43 46 -52 -56 -78 67 100 -17 44 12 -34 91 14 -41 32 38 -72 -99 -11 81 -15 22 15 72 -57 88 36 6 -81 -24 -90 81 -23 -40 63 67 39 16 55 -29 -2 -18 -12 -95 -47 -61 66 -19 -19 -58 24 -28 -56 -18 92 -12 30 -82 -31 93 -99 58 -45 41 100 1 -36 92 -56 2 -42 -23 21 12 39 30 -93 73 68 -8 12 
11 66 88 84 90 -97 54 -37 -90 -83 -69 -47 16 89 -95 2 -9 74 63 93 17 -1 47 -5 86 35 38 21 -80 -61 51 -2 5 -3 -89 -27 -81 94 -55 29 -30 92 -32 -52 80 -25 -100 28 -79 -86 -13 12 88 -51 -42 74 36 16 -42 -34 14 -40 35 3 -73 -30 -33 55 1 -4 69 66 -86 7 -97 76 -35 -69 48 -33 -38 -47 -31 -26 -52 8 13 22 -26 -27 -7 68 -37 0 24 -15 49 -20 -16 -84 
100 -40 -90 70 50 27 19 -81 -11 59 94 -5 -51 0 99 34 -87 8 77 -93 39 16 32 -53 -88 -67 79 68 4 -40 -56 -7 -93 57 -4 75 -34 47 52 24 -77 27 -70 -28 71 -29 28 1 15 -61 -10 57 -25 32 24 -85 -23 -52 -63 25 60 53 60 33 64 -41 89 -7 39 -2 -48 -30 68 -27 84 82 96 -40 42 -8 -61 -20 28 7 77 81 39 40 -28 88 69 31 -84 -100 -74 82 -14 45 -63 -16 
38 -15 -74 91 -99 -58 29 34 -7 -36 -31 17 32 87 -21 -71 -89 -11 90 10 79 98 -52 -75 88 -95 -81 76 -22 78 19 -55 -99 -10 16 92 -46 52 -10 62 -12 79 -56 34 -6 -86 22 -98 -90 -23 -12 27 48 15 97 -60 66 72 -46 71 1 63 78 -39 73 -21 -29 15 66 -53 14 -77 22 -8 -48 -48 -47 -25 18 -4 -13 84 -82 91 47 48 -23 44 99 -47 95 -32 -26 78 -91 -8 -65 6 -100 9 
59 28 -32 55 84 100 74 92 29 31 -89 -38 -25 -78 48 -89 36 -53 24 94 -33 42 22 -29 80 -75 0 63 -26 -76 15 -14 46 -88 75 24 55 -85 -78 44 -90 84 -13 -14 90 -60 90 21 -54 84 65 64 -27 61 -40 -96 56 -83 44 -62 34 -1 7 42 7 -70 -41 37 33 -43 24 49 92 -62 37 92 -38 6 -35 55 -21 49 25 25 -24 -57 54 1 -6 -70 -23 61 -53 -72 67 60 1 53 -56 97 
48 26 -15 -90 -38 -29 88 -92 49 -49 -82 35 -87 -22 -61 48 -17 -73 0 -43 17 -17 -59 -40 66 61 31 27 -60 -57 -52 -38 -76 -88 -34 -17 6 -31 32 95 -42 -12 77 -73 31 83 31 -89 97 -80 97 -45 -37 -50 59 -66 58 66 29 -12 -97 -49 90 11 -69 -5 84 100 59 72 25 -80 -40 -18 -88 -7 1 -88 2 -61 -33 91 -24 -52 65 -15 86 4 -88 -30 3 4 -80 -22 -13 51 76 -38 15 13 
68 34 35 51 -96 52 -50 -80 82 81 -3 -68 -58 33 73 78 -39 84 84 -23 -45 79 -26 58 81 81 67 38 89 -15 45 39 -82 46 6 6 -24 77 -67 0 -14 6 70 -65 -69 42 14 34 -31 -89 65 -52 -27 15 44 11 16 4 -23 -13 -53 -47 52 -43 54 74 -25 52 62 23 26 26 -47 -17 -24 -52 -89 -71 49 -93 -59 -33 -99 6 -45 -99 -71 100 70 -54 -62 50 -1 70 -11 60 -32 -51 -45 25 
49 34 -22 -8 -5 60 27 -30 1 -56 -97 -4 -86 -45 22 -30 30 10 -15 96 29 -99 -31 -23 -88 -42 -37 16 91 39 -85 49 91 46 -21 -80 99 -8 5 -10 75 -73 -35 -72 -29 -97 -97 43 84 -6 75 -51 91 -11 -54 47 90 -80 97 -75 -8 -90 -16 -34 47 47 18 76 -62 -87 -50 -41 42 -73 7 59 16 -11 69 -15 19 96 51 -59 -49 64 -77 80 96 -30 -6 -1 37 73 49 -79 -53 83 39 18 
67 -74 -42 -40 76 54 -25 -70 32 50 18 -95 39 -13 -92 -20 -27 1 58 -75 -47 -47 93 -79 49 23 -73 15 27 97 100 -12 1 -90 -60 58 -57 35 -69 52 -51 65 65 38 -23 -18 95 -3 -26 22 -72 -67 13 -46 62 -67 31 -90 79 -4 -15 62 -76 34 -15 -48 -43 98 46 -42 0 -6 -70 -34 18 -39 -42 88 -28 93 -49 -1 -33 82 -24 -14 -60 13 -5 -97 96 -64 -81 64 11 -34 8 85 -42 82 
-39 -15 -33 51 -58 70 -46 19 93 -32 -38 -22 -35 32 88 62 -7 -86 77 68 45 -63 -64 -13 76 -99 86 -91 95 15 -3 -100 -69 27 -55 -26 70 35 -55 89 -44 -45 -19 -81 -29 -27 12 7 28 -34 98 -84 -26 -48 -19 19 31 58 59 -72 -55 -53 -57 -13 -77 -48 -69 -33 -69 47 -30 33 -86 68 5 27 -97 16 65 -69 39 73 -64 -49 -92 16 83 -54 -63 85 -28 -49 -93 45 -65 23 -26 16 33 5 
-64 -19 -61 12 17 30 81 92 -93 -19 0 -90 -81 -100 -61 24 72 -13 37 -19 -48 100 60 -30 -59 98 -29 72 53 -49 -67 -89 -71 -72 -3 -70 39 -2 65 82 30 21 98 76 -32 -91 77 19 40 67 -94 -25 77 55 -57 -19 -31 16 90 -33 -80 47 88 66 97 -36 36 -14 53 -68 56 68 -3 17 51 -2 64 -46 87 51 -27 34 -42 -11 34 -83 41 -83 -34 39 43 77 -2 -14 94 -87 49 76 97 -42 
90 84 -88 67 -39 97 65 -69 -37 -36 -22 -9 89 22 -2 -49 -2 70 11 -49 37 68 -97 58 -19 -38 47 -94 -89 -21 73 53 78 -82 -95 73 80 93 50 -90 10 62 56 -64 -52 82 -17 90 74 -84 58 53 88 -40 -76 60 -76 -35 -71 -48 51 -5 -100 -29 27 17 -42 39 -38 25 -25 38 -77 9 4 36 -52 -70 -78 11 68 -80 -71 -84 73 -50 -30 9 -44 -58 23 -13 56 -81 11 6 -63 2 -71 -93 
5 21 16 -64 -19 48 -92 -82 80 -55 56 50 64 -6 -31 90 48 82 57 -20 75 -23 6 8 -2 -100 60 98 8 92 -33 -6 -13 14 -38 44 -56 69 76 40 74 -16 70 8 -56 61 60 75 -57 -35 -32 -81 24 -7 -67 34 7 4 70 70 -40 88 26 60 -97 -76 24 70 78 64 82 10 -75 3 96 71 -96 -19 28 25 43 54 -78 -60 -11 28 94 -32 -31 -51 8 28 68 36 40 -56 -28 15 93 -62 
-49 -34 34 -49 -39 -97 -50 -84 -76 -53 86 71 37 84 16 -27 -10 33 45 49 42 -34 -32 38 -93 -33 9 -65 65 -55 -49 -1 -53 -70 59 41 24 30 -62 49 27 40 35 90 -27 36 26 -57 -18 41 91 97 -60 87 42 63 56 -84 5 -50 59 -65 93 29 45 -72 46 -27 -50 -66 71 -86 96 51 4 -97 -59 -82 82 50 -97 -94 -27 93 -4 52 -12 -21 5 -25 -24 -50 -70 -71 30 42 10 6 -77 -85 
25 -44 -69 60 -22 75 2 -29 50 67 -58 -33 42 71 12 -81 78 3 6 -34 -62 7 28 21 57 -72 27 -5 13 98 36 -72 -26 -90 -90 65 -47 -84 -89 57 -16 13 -43 7 33 48 56 -81 -59 89 92 -48 -84 65 2 84 55 -38 61 -47 -50 -51 -39 -19 80 -64 46 -94 -26 -94 -68 97 67 -33 -32 97 86 79 -17 -79 41 55 50 47 67 10 29 -78 90 -13 -47 48 -100 60 -29 33 86 -78 -36 -31 
-15 -1 76 36 -64 37 0 67 48 -35 -28 -17 67 7 -48 -69 -5 85 82 -56 18 22 -7 -57 73 -38 33 -43 -14 23 -1 -81 -92 61 58 73 88 39 -55 65 79 18 5 -97 -1 -5 -13 83 -1 -55 -42 -99 94 -46 22 -98 -52 91 62 -17 37 -91 -55 -21 -92 4 45 -84 27 5 -18 -35 27 35 97 50 31 32 -44 2 94 -19 -52 1 62 -4 14 5 66 32 54 -21 -91 -87 -6 76 26 -90 43 -51 
89 86 90 64 65 -10 -81 -46 14 72 -76 -23 -55 9 -5 21 24 45 -91 16 -60 -44 28 55 -26 -48 -43 73 -69 -58 -61 63 -80 44 -52 -82 69 9 -59 -73 -80 33 56 9 78 -49 92 -30 30 -43 4 -41 -67 -58 -58 -47 6 100 17 -65 62 -54 -52 -65 -79 -4 34 -32 -86 51 5 -16 79 79 -98 61 16 83 3 54 -61 -24 -7 86 7 27 -78 -36 -5 -65 70 -63 16 49 95 47 -91 -63 48 2 
-34 80 31 -99 73 -12 -10 -25 67 -34 -1 26 -26 -41 4 -96 -70 98 71 -74 62 -61 -57 -68 -63 -7 11 80 33 32 89 -89 79 -10 64 -79 -28 35 -56 17 87 -41 -5 51 -20 21 -97 56 9 11 -78 -5 -25 -79 12 28 -91 -38 72 45 -35 -31 -83 -65 -55 -31 -20 43 65 11 -79 29 -73 4 56 -40 77 80 38 -59 -74 -44 -56 -89 -58 35 22 78 -74 100 84 67 98 -60 7 -14 58 19 43 -32 
-71 59 75 -84 79 -62 66 56 75 -41 -65 -51 11 -60 -73 -71 40 -15 30 -29 40 15 -24 -20 -44 39 -15 -67 15 15 81 21 -92 39 -72 45 32 -4 54 66 27 45 8 -5 61 -25 74 39 -89 -29 -51 85 -26 87 -64 -22 -31 -82 68 -50 87 20 97 78 -33 67 -62 -86 -55 22 36 95 -3 55 -88 -5 -63 28 -26 55 19 -88 -50 -56 -33 45 47 -59 20 -15 -71 -25 -18 35 -90 27 -39 82 12 -3 
-23 82 17 -24 16 -97 50 -39 -22 77 77 4 -47 74 78 -56 86 9 72 5 36 44 70 -5 -74 10 -20 31 80 -19 -49 6 -76 -68 -94 -28 -54 88 -17 -68 77 32 12 -81 -1 10 14 16 56 -95 -57 -94 -87 75 -91 -22 -22 39 -100 -31 -47 91 -79 73 -28 -14 -60 71 96 65 44 -37 -80 -87 35 -11 11 -76 -80 -78 -73 30 1 83 -58 70 -62 85 -29 14 94 -13 90 49 -10 -45 -95 39 -74 83 
81 -50 56 -31 -41 36 -58 -91 45 31 66 -61 -100 -50 17 32 -45 48 95 84 -9 -85 61 23 19 -20 -68 -95 -70 95 -13 -11 93 7 96 -86 26 -44 -93 -6 43 41 -20 -35 35 3 -61 38 -24 80 93 -58 20 8 -59 -59 67 -75 16 72 4 47 26 -67 -33 -43 68 -94 38 36 71 36 33 -45 59 -80 21 25 20 54 -52 -13 -75 -34 73 -76 -28 -55 96 68 96 59 80 58 -50 -87 -56 -13 26 48 
-51 45 71 78 -19 -32 31 68 89 29 52 -56 -38 -43 -72 18 55 63 8 -5 -41 -85 -5 -85 -97 -100 -93 76 47 -34 1 -26 -14 1 18 -67 98 -58 26 38 69 -29 -3 98 -43 -16 -34 -10 1 55 -6 4 -63 -24 -7 37 84 92 -20 -46 -11 72 -24 14 37 -9 60 -86 -40 34 18 -94 52 -91 -26 39 75 -84 -35 50 40 61 95 -58 -17 -12 -7 49 -44 44 1 -91 -94 -87 -28 -70 62 -19 47 70 
-66 -58 6 -14 -7 -4 82 11 -6 -65 87 -10 -51 -61 -22 -34 88 47 59 -56 25 53 18 -38 72 26 -76 -69 23 -44 26 -87 -93 -36 -28 79 -84 -26 87 -90 -95 44 -55 53 -26 -77 10 60 26 -61 -28 13 -53 -96 -15 37 70 -93 76 69 25 44 -50 75 -76 15 -64 -77 20 -100 49 45 76 84 50 -91 -15 44 97 99 10 15 -87 -33 49 21 -2 -63 66 68 9 -48 28 -18 6 -6 91 -89 -21 67 
19 -30 55 38 -100 -43 59 12 62 96 -12 74 69 -22 60 -89 -76 -74 14 39 -10 89 94 99 -76 8 5 75 -34 19 -90 -69 50 24 -8 -92 -61 -65 6 2 60 54 -63 39 -7 51 -93 -87 -74 45 8 62 2 -19 24 -2 80 -58 -46 -63 87 -99 67 99 -40 -46 34 -50 -96 -31 -75 91 -54 94 9 -27 -91 21 -81 58 86 -25 -36 -41 -77 6 21 74 -53 -98 81 -11 -30 56 93 94 58 -54 57 32 
-32 34 12 46 80 -63 56 -85 -91 6 -68 -87 -30 -53 -88 -10 -39 -3 23 46 -61 51 89 33 4 -19 -94 -16 44 61 -19 -53 -75 76 82 -99 -99 76 83 -49 61 -51 49 -70 -70 -48 39 -48 93 94 -53 46 76 80 21 97 16 -14 100 -19 13 -43 -66 41 -68 -4 5 71 -23 10 -60 -8 34 34 38 42 -78 3 94 4 84 -72 -69 86 -9 -19 50 -48 73 -60 21 -93 -74 -32 -13 29 -2 91 -52 87 
42 63 -2 94 50 -71 22 -98 -22 -28 -17 44 -70 -79 54 74 -38 45 77 -94 72 50 -58 7 -40 40 -28 97 -55 64 89 -6 -48 68 -5 -31 -11 10 16 -63 -2 13 47 -72 -17 -71 78 38 1 55 -86 28 -53 -12 -40 84 78 -5 12 -8 -24 -42 -63 -83 90 -76 32 43 -13 45 61 -82 41 1 -80 -48 32 -96 -76 -4 64 49 -37 -3 80 -52 -70 30 14 6 -57 97 21 -89 84 79 -81 -18 78 -2 
33 74 -1 2 -58 -41 94 -39 -17 -45 82 -68 28 88 34 96 69 -53 87 -24 -47 -11 40 -63 74 19 -57 -52 7 86 -76 -83 48 42 -93 -53 -82 -41 -8 -74 57 21 20 70 -13 36 -34 -36 52 51 41 -12 58 -92 -17 -66 63 -22 -10 40 -75 57 7 60 78 79 -36 48 56 -45 8 61 7 -57 61 2 -44 99 77 -99 -57 7 23 -69 -65 -3 -7 -65 26 91 81 -11 -61 83 -35 44 11 -66 18 -63 
-58 37 62 89 -83 -48 -95 67 3 69 74 34 71 46 47 -67 68 2 -64 32 97 -53 15 27 18 94 -73 54 -92 -43 -45 65 24 -79 51 57 -17 2 -54 84 35 -16 -14 70 -24 -12 66 67 27 82 -39 -85 -39 13 45 88 -75 94 -65 6 65 -21 59 -10 -49 -83 -63 -49 55 22 -45 83 -35 99 64 33 -33 -30 10 -72 94 -20 10 -80 -75 1 -41 -40 -57 -70 -13 -52 -78 -55 68 50 -87 68 73 -40 
-82 64 -94 92 31 -100 98 -21 82 -73 -94 85 18 -38 -9 -97 -62 -51 29 25 -35 -77 -77 -47 76 -98 26 -5 -93 -30 -99 -16 96 63 60 67 -4 61 -47 33 52 -57 -13 66 -6 -86 -50 -1 45 -70 16 84 -13 -22 -67 2 24 -77 -59 47 -67 86 -81 -54 -76 -100 43 91 48 -36 77 -36 88 13 -80 -68 56 -88 -12 -68 86 63 4 74 51 -94 -2 -32 -36 49 69 27 -6 54 100 -49 10 -69 95 51 
-14 -22 -88 91 4 -85 96 -64 0 58 -24 -9 -28 11 -15 29 -55 85 13 -17 87 -87 19 -1 -45 13 -34 94 12 -98 -8 42 -98 -94 55 13 18 96 13 -57 83 71 -69 62 -84 39 17 -82 61 19 91 54 -49 -13 -70 1 15 26 52 -90 41 -54 59 -48 -99 -75 -58 69 90 75 -57 71 -70 -36 23 25 -15 -61 -54 -61 -56 -3 92 -36 -22 -1 -32 -33 93 -100 95 40 51 65 92 61 -34 -47 47 -12 
32 -1 -18 72 37 16 -99 59 52 -17 -8 -65 -33 51 45 28 10 31 -52 2 9 -26 17 21 88 -67 -78 -17 59 59 -39 -48 21 -23 73 89 70 -28 53 -33 -73 -16 51 -36 84 99 82 74 43 -5 -34 -97 -48 -56 -52 98 83 -4 -43 25 21 53 65 -92 -81 54 -10 -45 62 -97 -78 -5 47 -21 56 -56 8 1 -25 -17 82 72 -80 14 77 -96 27 -82 -44 -66 84 -26 8 -93 -95 40 -3 25 17 61 
-88 40 -76 30 -29 94 68 -46 -18 50 -67 61 54 -60 39 45 39 33 -56 84 -93 28 74 13 72 77 50 -60 -29 87 -98 -22 30 -40 61 -52 -2 -98 13 60 -87 -31 95 7 -41 20 -17 17 -80 41 76 97 75 -70 41 11 -70 27 97 -57 -6 -79 -39 -66 -80 -44 -71 -70 -54 -22 50 -68 -54 -2 -11 -28 21 -52 -76 69 -71 -42 96 -93 -76 -4 1 93 31 -21 19 -97 -97 27 88 -41 -18 -47 95 -20 
-7 -99 -58 15 -44 78 -57 -35 26 20 -5 48 -52 95 29 10 14 -29 -70 -67 -50 13 12 95 27 76 79 22 38 -93 90 65 32 -60 6 14 -11 -59 -49 -58 65 -81 -55 -97 3 32 99 -19 87 -20 87 -23 -100 -81 73 -9 -54 -30 71 92 -77 7 -62 9 39 46 6 -56 -46 -11 -7 -100 -40 12 -6 22 36 -62 -60 80 30 29 -30 -8 -44 -18 -20 78 -35 79 -28 -4 72 -97 -41 -48 58 -73 -10 0 
-26 -82 -37 98 -49 -31 83 -91 40 -29 -68 30 -27 6 -3 39 -62 -4 63 95 -7 -88 19 -3 -12 43 -68 -86 42 29 -86 -22 -60 -2 -48 86 5 -81 11 18 -44 -56 32 -32 -95 51 -80 29 -16 -85 22 7 21 39 -74 11 -13 -23 3 -70 70 -6 3 -72 65 94 -7 -84 93 67 -16 21 28 92 -27 -77 69 -39 -95 -5 62 -55 -23 -45 -31 -13 -85 -49 -90 78 -1 35 -92 84 -41 -100 -53 -17 95 52 
-56 43 -6 -26 17 39 87 -86 24 -67 58 -43 -32 6 77 85 -13 -71 78 19 -41 82 -21 -80 10 26 53 34 -65 22 49 61 58 -69 -40 44 -66 -30 65 21 -96 24 100 -6 -66 -53 -18 -39 55 71 -83 8 12 85 4 94 51 -30 59 21 -2 64 -65 16 -2 67 -100 49 67 -85 57 -69 83 -94 7 63 -49 80 -34 56 51 -100 -59 -88 -4 -84 -68 -96 4 -23 80 -69 98 62 -65 -33 94 -95 -37 -21 
88 -36 -91 -34 20 49 -10 24 -94 -95 -20 -29 73 -97 12 98 3 69 37 78 -91 13 62 56 68 34 92 31 -25 -20 96 89 52 -37 -18 66 -12 80 39 -86 52 73 -60 -64 63 -2 -43 -27 61 0 -45 -37 -83 -79 48 -99 -9 10 40 95 12 22 -86 -4 26 -9 -87 -87 -75 -23 100 78 -85 74 82 93 -5 -87 43 -19 -59 99 -1 -65 90 -91 21 73 95 -58 81 42 39 59 -81 70 -46 -96 15 -79 
-96 51 82 -12 -95 70 78 99 -83 56 -55 85 75 67 8 23 -82 -91 40 91 81 96 -81 43 -64 47 -95 23 56 27 55 51 89 -55 42 85 55 58 36 -75 52 62 95 21 7 13 7 28 -46 -1 -84 -50 24 50 -99 9 -60 11 16 88 21 -51 23 -5 11 -22 91 -49 58 13 97 -29 -51 88 67 -43 -88 -80 4 -24 56 51 25 27 -30 36 -41 27 -84 31 -49 1 -30 -32 -52 95 24 66 85 -98 
51 -25 -27 67 -41 93 -9 61 41 -27 -94 57 -12 -8 11 0 -10 -14 15 41 58 -18 15 71 -26 -45 -66 -80 33 15 35 -36 28 -88 -68 51 93 1 61 -84 -23 4 -43 50 3 95 31 98 31 -43 -14 21 -53 22 -38 -99 34 96 -56 90 -50 17 -91 -32 7 -24 18 -19 10 -43 -41 -83 40 -4 53 89 65 -34 45 45 82 79 46 38 -50 30 -10 52 20 -89 15 -15 77 54 94 36 -73 81 -76 24 
-52 -30 36 -51 80 75 86 -100 56 -68 -69 37 86 -28 47 -92 59 93 -71 2 78 -88 -83 -21 61 47 -56 73 4 -20 -48 27 22 -12 51 43 23 83 49 -48 -68 17 -88 -32 60 91 40 6 -73 51 73 -49 31 71 93 -54 -71 36 -87 5 51 17 71 -41 18 -30 19 74 25 -98 88 10 4 60 -51 28 13 31 -96 96 11 28 -34 78 61 -14 -14 -18 52 -13 1 -17 70 -31 -46 -48 56 91 -74 87 
-98 21 -52 50 13 84 43 18 -66 -81 37 73 80 -71 -24 -25 -19 -42 5 -30 70 78 86 18 14 16 88 -50 -100 -23 33 57 79 24 -24 -100 -100 1 17 17 -92 -29 38 40 5 75 -79 55 -14 12 -18 -12 17 29 -18 -11 -45 54 -63 -98 -63 100 10 -19 70 48 20 20 8 -28 -59 82 -85 -37 -41 -75 14 -56 -14 75 -50 -70 53 28 97 98 -75 -67 76 32 39 32 47 -74 -85 6 -77 -45 -29 -39 
14 -54 1 91 9 -59 -91 -57 -41 11 43 -23 -60 81 -59 3 56 -81 -60 7 26 -11 10 -17 -52 -55 44 34 98 19 75 24 -29 -94 -3 68 -83 40 6 3 -84 -12 62 65 -10 -45 67 -93 -87 -84 -77 -71 -51 -93 -28 -98 84 89 71 -32 98 -22 62 36 -31 2 42 -89 85 -70 96 -51 42 -35 -31 30 84 -91 -100 25 88 -44 -83 47 -32 66 47 -6 -21 83 -33 35 100 -100 -92 37 95 28 1 -54 
-73 84 67 58 13 -100 2 66 -2 52 43 86 28 -32 2 80 95 -85 -81 -39 -7 -99 68 -7 33 79 -26 -76 -29 -1 56 77 -14 -87 80 -90 -29 60 -84 38 11 42 60 -83 -62 -39 24 -59 2 -49 -82 72 -10 84 -51 74 3 -85 -48 -41 -48 -34 -19 66 88 87 92 -24 4 61 73 42 -40 89 31 60 17 65 89 88 -35 -41 -87 8 8 -81 63 -93 64 55 60 43 -18 25 91 -76 -42 -93 0 67 
-24 61 -58 -39 -26 -98 -42 54 -21 -49 50 90 -87 4 87 45 92 91 88 24 -61 3 39 -15 -36 73 -59 -86 -9 -30 -23 -92 -99 -50 -9 67 52 -96 42 -47 100 90 -99 -13 13 45 11 54 -78 79 -24 1 42 33 91 6 56 -97 -41 -85 -32 -59 -76 82 -33 92 66 66 64 25 -41 68 85 -18 -23 -89 43 94 -87 100 76 35 -27 -19 -62 -55 79 -70 10 7 -28 -92 -13 -47 67 72 90 67 -18 93 
1 -22 18 -83 73 -16 -55 -2 -85 53 84 47 -41 -38 -66 -69 -33 -52 -87 8 -53 -53 71 -80 90 -66 73 -100 27 -41 -2 49 3 22 -98 -27 2 51 61 62 -62 -63 79 -34 29 -38 9 27 -5 3 51 82 24 1 68 -14 0 -56 8 55 83 -40 43 -15 -81 76 -41 -42 65 17 -80 59 -89 34 67 -95 52 -58 -22 -20 -17 86 77 29 -23 -26 -14 72 -43 47 64 -92 -97 -6 90 82 -38 -6 -37 -60 
82 -39 16 -34 -74 -6 -36 55 -66 -19 1 -10 -11 64 6 -48 81 -26 56 -84 -36 92 -24 -13 -34 -73 -83 -29 89 45 -78 -76 48 -54 -53 3 46 61 23 24 44 23 -74 85 28 39 63 95 57 -78 77 -21 78 30 65 -85 -27 -3 -64 -38 -78 -69 77 -8 69 99 77 58 36 -71 -2 18 -95 11 -97 -15 23 -96 -19 1 -38 -90 -54 -35 -85 93 -38 -74 -22 -82 86 -52 12 35 72 -1 57 -41 -1 14 
-71 -56 21 78 -9 56 59 70 8 24 -67 5 -19 47 3 -99 4 49 -38 39 16 61 4 78 -85 87 -22 -98 14 26 -47 -67 -10 -68 -41 -88 -25 -49 -19 50 23 14 -73 15 78 -43 83 -14 48 25 -84 -98 -79 8 -82 3 34 71 -53 -89 -17 -33 -52 -67 -88 -88 -79 1 -13 11 7 51 70 -39 89 21 80 64 47 -57 28 -87 39 -40 -3 -12 7 39 66 -95 100 -37 -64 30 -28 23 14 -97 2 84 
40 12 82 56 -3 -19 50 54 -54 29 65 -44 -65 -19 13 -73 -25 77 36 2 61 95 51 14 74 -86 -71 -65 -80 1 78 -77 42 60 8 -54 -47 -32 38 -35 34 16 21 49 -24 23 -87 -11 -30 35 -93 15 99 25 -69 68 -90 -7 -95 67 -55 -97 -65 -43 85 -46 -25 73 -86 90 60 -42 -6 -25 -72 94 -89 18 -80 15 -71 7 43 83 -94 17 32 14 89 -49 57 -38 53 59 2 19 -73 -21 26 -98 
-13 -86 35 -13 57 -57 -80 23 -75 72 0 -59 -69 11 -79 -62 -86 -69 -51 100 -45 -85 -18 60 20 59 -34 -4 -52 -4 -99 56 -17 87 90 15 -87 -88 89 70 -84 72 -64 16 22 -12 -42 66 -9 79 -99 19 81 13 64 -76 -14 -91 90 66 89 -44 -73 79 -87 89 -24 86 -24 73 57 -48 79 -81 20 -25 -99 43 -12 75 69 81 49 -16 -9 -92 50 2 -47 88 61 64 -79 -76 27 36 61 99 72 46 
-13 17 100 -54 -100 83 89 -36 -2 -9 -23 -24 55 -16 40 54 -68 25 47 57 -93 -17 -95 -76 10 14 26 -48 -34 -20 -48 49 99 20 44 -3 52 71 32 0 3 -49 -44 44 21 -19 -52 58 -90 98 56 -27 -94 81 -87 13 41 33 77 24 -45 -27 79 97 18 -68 -81 -30 -5 33 -58 -69 74 -4 76 -21 -61 -67 -10 26 4 -97 -76 -51 -62 10 40 -78 49 -3 88 -75 -88 18 -73 -92 64 97 93 -58 
-24 74 -74 -66 -87 -11 27 -84 41 -60 94 -51 58 -67 86 -45 41 4 75 70 -91 -96 -38 -15 -94 26 24 -4 -19 83 94 81 -4 -53 -77 -95 67 -61 -56 75 -77 -72 89 66 96 81 63 77 -10 -82 20 2 83 21 97 57 60 -68 70 -53 -70 -61 81 -37 60 21 -74 91 28 -10 14 62 30 -77 -7 15 21 -74 -83 -22 -96 -95 -49 97 -82 -76 -14 -35 18 52 79 26 28 -89 -50 -69 5 6 7 -83 
37 22 -77 60 -24 90 30 -79 75 -9 -94 0 70 -96 -18 -66 64 -73 88 42 71 -85 -53 -22 63 42 76 97 13 -27 5 -43 24 -61 -38 -30 4 -80 -6 -52 42 84 -62 75 -79 -64 60 -45 87 40 -1 -64 10 1 -3 3 -88 -32 54 19 90 -29 -90 -9 94 78 -92 -55 24 -22 -68 -79 11 65 -71 -23 -95 -40 66 43 -58 66 -14 68 -1 55 -12 -67 -65 -39 21 89 39 -11 -84 57 9 42 -70 24 
92 36 -11 -9 81 9 72 -4 -6 88 50 -11 15 -57 -73 -97 27 10 60 -77 -81 -83 27 85 -100 -79 59 51 13 58 -89 99 -25 -65 -35 96 -24 84 -59 -64 29 -89 64 40 -53 70 -37 26 26 -71 -1 61 48 77 88 -12 32 -81 -15 -92 -43 66 91 95 93 -72 -74 -82 -100 -29 -81 44 -80 -63 -68 17 -53 -87 -94 -77 67 -92 74 70 -30 57 -70 -84 3 5 54 -58 -38 22 -63 32 9 90 -54 9 
59 11 -39 12 -27 -22 30 -24 32 64 56 -68 21 56 53 -56 52 12 -65 65 -10 -86 -89 -44 80 -8 -69 41 94 -28 84 -73 9 -66 -36 10 -28 -91 80 -62 -3 -30 -71 -14 -91 22 -11 -72 22 -53 -94 23 24 55 60 -82 47 -49 -23 67 31 -82 98 -86 -63 -80 -100 94 -65 -68 15 53 29 67 -7 22 -44 -36 35 22 -56 -76 -10 -13 -56 44 39 9 91 -71 81 27 -93 -23 -96 89 -88 -58 85 84 
88 -53 -26 -2 -12 -62 -40 5 -23 4 26 78 47 -41 -14 -86 -44 9 -96 -20 65 14 56 5 -63 72 -90 -93 16 40 63 -66 46 85 -5 46 -72 -31 91 -56 -13 -75 47 82 18 9 -17 59 -8 -26 -71 90 99 -61 40 -50 -32 -28 -2 -86 -60 -74 -14 16 -77 48 90 -77 54 33 -44 31 -66 -84 -88 -75 62 -79 8 0 79 -49 37 -58 -79 49 98 63 -13 69 79 -50 -23 -32 -98 80 54 -32 -70 -9 
51 -83 56 26 -53 44 33 -95 -74 -48 44 -32 -48 20 -39 7 -99 26 -73 83 -63 1 52 42 71 66 -10 51 73 60 -88 61 4 95 3 -38 20 30 93 20 29 50 2 -7 39 63 -1 98 10 11 55 -83 48 43 90 62 -4 -11 97 -53 28 47 74 -16 99 -38 4 97 -49 61 13 38 -85 13 -77 9 -75 44 27 76 -53 -16 87 23 25 -19 -42 68 -75 71 86 70 -7 90 -57 84 -2 -3 -34 83 
80 -12 -15 -31 62 -83 -20 85 98 33 -85 -43 2 30 44 17 46 -90 -18 -92 7 60 -22 -70 -89 -71 0 -4 -89 20 -10 -71 -86 23 78 58 -41 -92 -41 53 -31 -71 -44 10 10 -31 -91 -90 76 71 -5 57 -22 71 0 93 46 31 -46 64 35 67 100 51 -32 -75 -84 -28 47 -42 94 22 -68 84 37 91 5 27 -100 -97 -20 -4 -84 -34 -1 -45 -66 -95 100 49 -7 92 -14 -59 100 -14 33 -33 98 -80 
-83 60 -29 36 -61 -38 -14 -74 22 -84 15 9 63 -92 -19 4 -30 15 22 -54 4 -58 -98 -55 -44 -95 -29 60 -43 61 -93 15 -69 14 2 60 13 63 -97 -12 30 -50 -8 -6 -51 -27 47 -53 -86 -21 -32 8 -29 4 -55 -31 -40 -45 -47 30 75 -45 -7 -44 -2 -89 -95 -83 88 24 -35 7 76 -16 100 -10 45 -47 -12 -31 45 -10 -54 97 14 -52 -81 -6 -43 -61 -2 54 65 -8 -24 74 66 -42 -43 62 
27 38 17 32 -86 70 43 31 42 16 -74 -68 -94 35 16 -83 -14 -91 75 11 60 9 -26 56 36 86 72 -18 -66 99 3 37 -25 -2 95 -23 -68 -97 92 44 42 46 58 16 38 97 -24 -15 29 99 -47 -4 17 -85 94 11 -68 -93 5 -9 -34 77 43 25 -21 13 24 -25 72 81 28 -62 90 -90 2 15 -32 6 88 -44 99 -32 98 41 -1 -68 23 -26 60 -96 24 -17 -71 41 71 -6 -100 42 54 48 
95 93 -28 88 64 -72 -50 13 84 44 87 41 -4 -60 -25 -67 84 -73 -17 84 -13 -90 67 -50 85 6 86 -86 -55 4 18 -55 43 -20 71 -51 -20 39 91 -30 71 10 9 -52 -74 94 20 -46 59 -89 -19 -42 17 -57 77 95 -95 -64 19 -62 34 -88 28 62 95 -18 11 99 -93 -22 -68 53 88 94 7 94 -89 -98 100 11 28 37 -78 -39 -9 -44 14 -22 -8 -53 -30 51 42 -25 97 49 63 -57 8 35 
-14 61 -47 -32 60 0 -17 98 -64 54 36 49 -84 22 64 -36 97 8 71 -44 -80 77 -34 -31 -28 -31 44 -83 -9 6 -42 4 18 -47 48 -67 -47 -67 -91 -48 89 -55 -85 -3 5 72 -61 -69 -27 -50 34 -56 -72 27 -25 27 60 -60 34 41 -9 22 70 -100 3 71 -5 66 -81 -9 14 19 94 -25 -8 -20 40 -71 -67 49 13 -70 94 75 46 72 -53 -100 -1 73 -66 38 -72 -53 6 -70 5 -49 87 95 
26 -98 11 50 85 14 34 -18 84 -75 75 -32 62 -41 12 36 -41 -66 -90 23 -44 76 20 11 2 -99 64 51 -96 61 -85 51 -2 92 38 -11 70 -42 15 68 96 -51 29 61 21 94 -77 -50 -90 -64 -11 39 -40 -93 -56 -85 -36 -90 -94 26 82 27 -75 26 3 -22 -7 48 41 -80 -5 -2 36 -74 -97 21 87 87 8 -62 47 60 30 93 15 47 -97 -20 42 70 -68 59 -50 48 -72 4 -56 52 -75 8 
17 5 -52 72 19 -33 -39 -61 -49 -45 -11 64 -4 88 -99 68 -96 -86 -32 13 51 -61 -45 -16 56 -69 25 79 47 -15 77 2 -10 -81 33 -56 -69 -33 -51 -27 -63 -43 -100 78 38 53 99 4 12 92 58 7 97 -99 -37 98 24 -88 -6 -28 -94 72 33 -80 52 -37 -48 81 98 -70 -82 79 48 -7 41 -21 10 -37 -26 -94 32 -67 -15 29 -15 -40 39 -16 -11 2 -59 51 -79 -96 15 44 70 11 13 -15 
12 -4 26 -92 92 -35 85 -69 56 41 -27 -100 -51 -72 -54 11 -36 100 16 40 62 53 61 100 98 23 86 -45 2 -77 22 9 18 39 -73 -100 78 61 86 53 9 88 -8 -32 7 10 -31 -26 -29 83 -10 -4 72 74 54 -25 82 -95 -54 72 -47 48 27 0 -42 71 -64 -54 95 -10 -60 -3 -35 60 46 74 -52 62 -83 55 -92 -42 65 71 -38 -3 -30 -69 -33 -19 2 -82 -81 -56 -42 61 18 -37 40 -5 
96 -96 35 67 -58 -82 8 39 87 67 -49 -37 90 12 60 -55 51 100 -53 22 -20 -66 59 -94 86 9 97 -42 -15 78 -21 34 69 -86 -41 -29 -14 -54 53 -60 -92 62 94 42 2 27 98 2 47 -70 78 -32 90 77 -54 -39 100 -79 8 0 -39 -39 -27 65 75 -9 57 59 2 -12 -69 -84 55 -20 100 13 -12 27 -49 42 -69 33 67 -34 -61 17 21 57 -53 -65 46 46 -11 56 -74 49 -87 65 33 -54 
38 -3 92 42 -23 51 -14 -79 -49 97 -71 14 41 35 -70 45 65 -53 40 96 -33 -12 17 44 22 -32 65 96 2 6 -96 78 -59 20 -70 -88 78 32 13 14 25 -32 64 20 78 -26 75 21 79 -25 -29 100 -41 73 82 7 66 47 60 -76 -61 -42 59 21 77 -19 -49 -49 -75 5 -31 -34 -29 -6 -17 -5 -91 95 -87 -91 -69 -32 25 -11 25 60 -7 -45 21 40 89 -26 30 -99 48 49 51 3 -58 67 
-41 -42 -27 -49 -15 -64 -50 42 95 -20 -73 72 8 -46 20 -74 69 -12 40 -48 -67 41 -83 26 -53 -85 52 -36 -40 28 11 92 53 17 -88 49 -69 89 -26 -92 61 5 -47 -76 -63 -23 -89 5 65 -43 78 -43 -4 70 36 -20 98 -28 69 45 99 79 99 -80 -72 -26 -89 -53 -3 63 -10 14 50 -21 -87 -14 38 -90 -81 -59 -10 -65 -5 75 -28 100 -96 -4 33 -16 -25 98 19 -85 41 -77 34 -83 -20 93 
-93 63 -34 -89 63 -98 -65 -22 -68 -74 -38 -82 -66 29 -61 -38 -90 8 9 34 -41 -23 -30 75 33 38 65 -89 14 -98 40 -83 -77 -23 23 -89 -23 64 1 75 -57 70 -13 -68 56 -3 -78 86 28 -18 71 -89 -56 22 -22 -5 39 -22 76 -67 95 -29 90 79 -52 -56 -67 87 17 -45 -12 -99 14 92 61 -62 80 -2 26 98 -7 46 -26 61 76 38 98 -12 -100 88 39 -31 -93 -80 -61 -74 9 3 89 -24 
-15 -73 100 -74 -51 -64 1 52 35 75 41 -53 -27 39 93 -99 10 3 99 87 8 -25 44 51 40 -31 88 68 58 -48 -64 -59 53 11 -78 12 -57 -61 79 -6 -64 64 -81 -85 30 -32 81 -86 24 42 23 -12 -77 -26 -35 -65 -34 -87 -32 75 40 -45 91 -89 72 78 87 -53 71 -25 -100 -47 59 -47 -3 89 -66 -85 -78 81 69 70 81 76 -74 22 11 -41 2 -5 36 84 -15 51 -36 71 75 -84 -8 53 
66 -83 14 -19 45 -87 -76 -50 24 10 89 17 -39 -91 95 53 -14 -33 60 85 97 48 -75 33 66 6 -33 -46 -37 6 -58 -39 -31 -50 -99 -96 -33 72 -19 69 32 -34 -47 -63 79 -34 -51 27 -21 33 89 -66 -56 4 -98 -94 29 76 -66 73 -71 -58 -97 -90 3 -56 86 -73 -32 -41 -5 -57 13 81 66 54 -45 -23 -63 -74 42 13 -55 17 -13 -3 30 48 90 59 -83 100 -40 71 -99 30 -26 -22 28 -3 
8 -41 91 56 83 -9 -12 99 19 17 -49 5 -83 -25 2 39 31 5 -20 -62 -94 -40 -94 87 -16 -29 -42 -19 50 76 -7 -90 83 -29 -56 -23 -94 1 -66 -57 -70 -17 32 -77 -21 -5 6 10 61 -7 -35 -48 -88 -60 7 43 44 93 -37 84 12 93 0 82 -95 -21 -33 25 -92 18 78 41 -31 80 60 -15 -41 -7 -81 -20 -90 12 56 -35 -20 -17 -39 -9 -86 -49 -15 -40 -15 -31 -10 0 -34 -15 -48 -70 
24 51 100 6 -80 -18 -3 86 -3 -41 46 -72 89 -23 -21 97 45 -54 -84 -16 46 65 16 -43 98 24 88 -44 39 -6 -11 9 69 -84 21 76 48 7 -64 72 95 82 -49 78 -91 -90 46 50 -97 -23 -63 8 56 11 -48 38 -48 -78 18 -100 71 18 46 -16 -92 26 -82 55 -15 5 -17 12 -55 1 19 -43 68 21 -95 40 82 -88 19 89 -13 19 -27 -51 96 -15 -22 -27 -69 32 -74 69 -5 -43 -28 93 
-97 66 10 -20 12 -66 -48 51 -13 32 94 21 72 97 -64 -18 -79 35 -64 60 91 18 -45 66 33 47 -15 99 96 -32 -100 95 -56 -8 34 -3 31 66 -91 -13 2 -91 -11 -3 36 -16 8 23 65 66 79 33 -16 -69 -48 -95 -42 78 -84 -77 -54 -5 -80 -35 -66 -70 18 -18 76 -100 -60 12 -42 37 30 85 -10 53 34 -42 26 -46 -4 52 88 34 -30 -80 -34 47 64 -50 45 -57 -93 35 -83 -14 4 -73 
80 -94 -8 65 -40 84 -21 59 91 59 -52 89 -79 -67 60 -59 91 -82 -72 27 58 65 -9 44 -82 -40 -30 70 10 28 7 63 -21 50 31 23 -75 -77 98 47 56 -47 57 -66 -72 -1 -78 100 43 14 -96 -51 -92 0 -75 -20 -16 -53 75 66 -69 37 -2 53 66 17 35 -91 -13 -2 -18 64 -99 86 -21 -73 -92 -20 9 -44 78 -15 12 56 16 -13 -28 57 -25 13 -58 -83 -95 -3 0 -63 52 -48 32 -84 
-33 33 -13 42 47 18 -75 -34 32 12 43 -46 91 0 46 -11 -24 -42 -13 7 -80 -92 -62 41 -64 -82 -35 53 -47 -40 -70 -61 -73 -11 -70 45 83 81 37 -9 22 -36 -33 -41 -40 -59 63 -96 53 -27 32 -85 -16 58 -14 48 -97 67 22 -11 81 -22 -7 -20 2 -71 -20 37 77 41 -48 41 -2 75 88 -16 87 -16 33 49 -8 -30 -21 98 8 17 78 86 -65 11 -47 -66 -52 74 -66 60 -86 -92 -39 78 
30 -99 39 14 47 27 -77 1 -88 22 76 -46 -73 -84 59 25 18 -72 1 -17 3 -11 90 8 43 49 -18 -50 -44 -64 14 -19 15 78 -44 -88 78 -53 71 -94 62 61 -86 -77 71 26 -4 -40 -21 7 -78 51 -69 -62 87 75 -38 79 10 -35 21 -86 -43 44 -74 89 77 4 -81 -63 -72 83 60 -49 69 -23 -44 78 43 93 -81 -27 77 99 96 91 68 1 6 54 -84 71 -9 88 -44 36 62 -12 -7 99 
-54 -76 87 64 -71 53 66 -11 63 -42 59 -63 -56 -94 68 -4 -73 32 98 90 95 -94 -5 54 -27 -19 -50 14 -96 -40 79 -100 94 -97 70 -59 63 -78 86 -64 -10 93 -81 27 28 -88 84 7 54 -18 29 61 -15 -12 99 -87 -48 -60 -18 1 45 -55 90 -14 -42 -57 -92 78 15 -6 79 94 16 -91 -59 -29 95 -52 -44 -80 99 -61 72 7 18 -65 79 4 28 15 -62 -69 -40 36 22 -63 29 38 54 60 
81 -66 16 -17 4 93 24 59 19 -92 96 -54 24 -17 -14 48 13 89 35 -92 -74 -2 84 -35 -80 -96 -50 -90 -88 66 66 7 -10 -74 59 -78 98 10 -90 27 26 89 69 66 70 60 -93 -44 -64 -60 -15 61 -46 94 17 -82 2 -47 -73 17 83 98 -90 77 35 97 -31 -21 5 92 17 22 4 89 53 -60 -57 -41 80 87 -72 44 -6 95 -42 54 69 13 91 86 -82 82 -73 66 19 -82 -28 -42 32 71 
-70 -30 77 -71 70 51 79 -21 -92 -65 87 70 47 2 -25 -57 41 98 -34 -60 36 63 44 10 -82 -26 -95 73 -55 -2 -32 -25 -6 -69 62 45 -5 42 54 -84 64 17 80 68 19 62 -5 22 -68 34 -7 47 36 70 53 39 32 -71 -47 78 -60 -14 17 30 42 -20 6 -88 -64 -35 73 89 83 -44 60 -8 68 -62 60 -98 8 -72 -39 -17 -64 26 -38 -51 82 55 -93 -92 16 28 -99 0 100 -2 20 7 
30 -31 -95 -66 86 -79 4 -75 84 -50 -3 -75 -29 18 -61 70 4 -98 -80 4 67 -75 -15 89 56 -20 -37 83 -33 83 -3 -69 -22 85 28 37 26 28 44 13 32 -16 -76 -48 -20 23 33 -10 -87 31 87 52 78 42 -14 -24 -99 -30 -62 -78 -39 82 12 -92 65 -44 -22 -14 8 65 -7 -90 -49 62 -40 -94 38 59 20 -17 -86 -30 -56 -94 -47 74 32 -37 -97 -23 95 71 32 95 19 87 -46 -94 3 88 
68 52 -75 49 -13 -55 -30 56 77 -64 -1 -79 -98 -33 65 -57 -31 88 1 69 15 -44 60 9 44 -77 -18 45 -30 -55 84 -6 -60 -45 50 -56 -84 -5 61 -21 -94 72 33 42 29 27 -31 -83 63 95 -61 86 -11 92 -31 -90 -73 1 14 9 -36 -93 -52 31 80 19 -63 47 -89 -40 6 -71 -90 -17 59 10 -40 67 84 -99 -63 -61 21 -39 20 -20 47 64 94 8 86 -92 1 -15 63 39 77 -35 96 -83 
-13 -79 -77 -73 -54 -12 -10 81 -74 -59 -60 -3 12 52 -72 52 0 41 -96 -63 65 -88 -92 -90 47 43 17 16 27 -39 -59 99 -6 -77 -78 56 -47 -3 -59 98 75 100 79 -92 99 45 44 -54 63 -27 -16 -38 74 20 -21 37 -32 -22 30 -18 35 -57 -69 -86 -58 -44 -83 77 -36 12 95 -7 50 56 89 -50 -34 -28 49 17 86 -28 59 -4 -19 75 93 49 33 -94 51 32 87 -78 24 -36 -79 -77 -44 8 
-38 2 80 -32 42 -4 -96 63 93 -71 88 93 89 0 28 10 -97 -77 30 34 -22 1 -64 66 99 89 67 -6 -97 11 -40 22 10 -97 -51 80 -44 -97 -63 6 100 -29 -4 -45 90 -86 -72 57 66 -52 -46 46 -81 -98 -32 61 30 -60 -96 -38 -15 44 86 95 -88 -12 30 -47 48 -85 67 -35 -26 -79 -64 -39 53 -45 -69 -40 62 -9 -13 51 -63 34 -56 -34 -15 33 62 -65 -79 93 -61 32 -50 9 -94 -94 
86 -6 13 -58 25 -57 -4 83 -100 36 60 -63 -59 -96 36 -22 0 85 -30 92 -84 -17 -44 20 94 -80 26 -97 -97 62 76 97 -80 -12 70 1 23 56 53 30 -42 -15 90 42 53 3 11 -23 -87 1 -37 14 70 -53 26 41 20 -75 -59 -52 46 69 -1 77 -58 4 -28 44 32 -37 -5 40 -33 63 -79 40 63 -75 -60 27 9 49 10 41 93 61 -58 37 -50 74 -54 -25 72 96 -31 32 -63 17 22 -100 
-34 -75 -95 -58 91 -92 -62 54 -15 58 19 49 -39 77 -55 -25 -83 -5 88 -38 6 32 -4 -41 -1 23 -30 -36 -66 -60 94 1 93 -2 65 96 -29 -81 84 96 -21 -83 13 -65 -67 1 -29 45 -84 -64 -37 9 -53 -12 -59 -30 -90 -45 -94 -31 50 -61 -93 -51 -41 -94 52 -47 86 -88 22 -35 65 94 45 -86 -87 51 -48 -8 36 -37 -82 27 -58 23 86 -64 -91 93 -24 -44 28 -46 -24 39 -79 -9 75 -1 
-38 18 72 33 -97 -3 30 -11 79 -27 -92 -41 -63 13 -41 18 -36 17 -80 64 -33 -73 57 -97 -30 56 71 -82 85 40 -59 -96 -65 -98 -77 -60 -4 -27 55 -36 -16 57 -76 -4 35 -7 23 84 -17 -42 61 24 -58 -36 -7 -31 18 -22 8 -52 57 -7 -32 62 -87 24 -76 -58 49 24 -54 47 2 -87 57 67 83 -27 -63 86 39 43 59 -54 -65 12 97 -24 -31 -83 -41 7 -92 78 -76 95 82 -81 3 -90 
51 83 84 79 25 -32 -83 -31 -99 -69 95 15 -35 -87 73 47 -37 42 40 13 2 -32 -14 86 47 69 60 34 -72 72 11 21 77 -91 10 46 62 -20 -56 57 70 -70 -45 31 37 2 59 -62 24 31 71 -50 -66 -26 85 -10 -49 89 -22 -24 99 -87 -100 20 45 -13 27 77 -91 -52 4 30 -61 -58 27 99 22 58 -82 -13 -72 60 17 -74 29 13 -35 77 57 -87 88 -93 -81 3 22 -86 -96 32 91 -43 
18 58 28 14 -28 -45 15 1 -47 72 25 -88 28 0 -42 -97 -52 46 41 41 21 -65 -56 -92 57 -9 56 -17 -71 9 48 -11 -80 -32 82 76 -40 32 -55 46 57 51 -4 -38 47 -92 50 28 -2 -47 -50 -3 -74 -25 -18 -24 -57 -39 14 81 -18 65 -85 15 -40 -23 -74 -37 -52 47 73 -96 55 21 4 41 -28 -95 50 81 -80 -10 37 -45 -89 -1 -23 24 -63 -40 -69 -3 47 58 -50 -13 97 38 99 -61 
3 -71 -57 91 -31 48 76 -81 45 -81 -97 -83 -23 64 -33 -3 53 95 -51 -97 51 51 -31 13 -77 15 20 1 85 49 -12 38 -66 -70 9 18 -99 -79 -68 -62 6 -48 38 -44 86 47 -4 -8 -90 84 -45 4 14 53 9 -79 -6 -71 -44 -75 1 -4 89 8 -45 95 86 -47 -88 -83 76 -55 -100 19 3 -48 -65 0 86 58 -20 -39 -90 15 1 -90 -84 -73 4 -67 -36 95 -9 -34 46 98 2 -39 -85 47 
-74 22 1 81 73 16 -75 65 17 -63 10 -23 66 -83 -42 78 -2 -54 -62 -25 55 67 -93 48 -2 67 70 -97 39 -29 77 -95 93 -77 -35 -11 87 -8 68 77 81 -49 -88 -57 99 -24 -88 92 -67 43 -32 -43 -77 22 56 -66 39 62 -46 -76 24 -57 41 -2 18 85 80 84 27 18 -11 89 0 78 60 70 27 -23 51 17 45 -93 -46 89 -63 30 63 57 40 72 -43 79 10 -85 -66 -98 48 -33 62 40 
-72 -97 -37 74 -81 68 -12 26 -90 -76 38 -71 59 -33 -84 70 -74 -79 -8 91 74 32 -18 -82 4 -45 -5 25 -20 -10 54 37 -17 5 -93 9 -38 6 52 -61 -68 21 -15 -89 -32 -4 -43 68 30 85 80 89 67 -34 -16 -81 19 30 31 -21 27 -55 6 -75 -25 -61 -42 67 16 36 8 71 -41 23 98 14 -95 23 -60 -67 -64 95 -96 -94 0 73 -36 -42 73 -100 76 22 -53 -8 -23 57 6 90 -93 -24 
-72 -79 61 -93 76 -66 -90 -10 76 25 2 -19 68 -7 86 -35 76 24 -8 -84 -63 -83 48 -94 -59 64 93 71 78 57 -53 -1 -18 -73 90 -69 -34 15 -89 -95 -17 -57 33 61 6 -66 -18 -58 -65 79 20 80 90 -97 1 91 9 48 83 -97 -19 61 14 -19 80 -18 -13 -100 70 -15 98 68 12 44 -50 95 -40 -68 -19 41 -8 49 73 -52 95 -17 -62 -89 -80 -75 -38 -87 36 -6 -10 9 60 -44 -77 -39 
-16 -62 -78 36 9 -8 82 0 -76 -72 37 90 -88 100 83 62 -89 -14 55 16 -99 50 57 57 -14 -96 -33 48 -78 25 -19 -34 -64 -100 -72 -54 -37 -72 90 -70 -18 -42 -59 26 -90 85 89 -80 22 17 -45 -92 -16 -83 59 95 53 51 -46 82 -69 98 -36 -69 63 2 -36 -81 -7 6 -34 -100 -58 -12 50 48 -50 -80 94 -23 75 91 -55 55 -86 -18 31 -100 32 -70 -96 -64 -71 35 22 -3 48 94 -7 34 
77 79 59 83 -20 -2 -10 15 98 99 -13 -25 19 78 -57 -55 79 -80 -2 96 -42 24 -70 -95 -66 22 -48 -29 -26 75 -14 -25 89 -47 21 85 -45 -10 20 57 -11 89 -92 5 -12 76 77 83 -53 -22 -23 82 -90 71 -52 57 -13 89 16 -20 -14 15 1 -82 -61 38 -9 49 35 -60 -72 -70 54 -78 -7 10 78 -63 -62 9 21 76 -49 4 -64 -95 52 44 93 -14 87 -41 55 -61 -99 -87 56 60 53 -65 
100 77 27 -54 86 71 -92 -96 34 72 -67 64 50 -5 -75 18 62 82 -36 97 -96 -46 -47 -9 -34 -44 -41 -33 26 73 66 -29 95 50 -67 29 -11 -43 7 -45 17 -49 36 -57 -90 67 -14 27 -77 -51 30 -82 -95 98 -84 -64 56 2 44 -70 -15 -9 80 91 -83 -22 7 -99 -35 6 86 -95 40 -52 -71 23 -48 -99 -15 -22 44 -81 75 12 -14 55 -70 65 -33 -77 6 -78 54 58 -26 -62 -91 -62 -89 66 
16 87 -89 25 82 73 -84 -63 -51 -87 -24 79 63 -6 -45 7 -93 -73 41 -24 7 -23 -18 20 -16 45 -75 -90 -27 -66 92 -14 -52 -17 37 3 11 -59 -41 -68 74 -69 84 20 -25 68 38 -24 -29 -6 -72 73 78 70 60 25 98 -17 50 -91 -5 0 -80 -69 46 -37 100 15 -46 96 -15 -88 25 74 -83 -27 -27 3 55 -52 -23 47 -23 -30 -53 69 -49 50 -20 18 -21 94 -55 -10 -40 24 -69 25 -40 78 
14 -100 77 66 -67 -11 19 42 36 80 -58 -100 -21 -2 -36 63 -43 -8 -16 -63 24 65 -43 37 -62 -45 0 -12 -43 -7 11 -20 -70 -50 -23 -66 11 -31 61 -66 -66 63 -86 -85 27 -29 -21 -76 62 -22 100 91 -72 20 -31 -79 -36 -2 51 -43 31 -14 -16 63 -5 -58 -24 -90 85 79 -31 47 28 -8 58 -94 -81 61 97 65 -96 -65 63 -11 87 28 46 -39 83 -33 -31 82 70 -57 28 8 57 67 -31 -70 
-77 9 57 15 -23 98 69 53 -15 17 -11 -31 -17 16 -61 -83 -58 62 96 -52 35 34 -10 -50 -59 16 36 -13 86 66 39 93 99 41 -79 21 -49 -64 -45 -32 19 12 96 -50 -58 -80 -20 79 79 96 -33 70 -81 -94 34 54 32 -38 -13 17 24 -53 61 -27 -59 -64 10 28 96 45 93 66 7 73 27 79 -40 80 68 71 26 -99 -20 68 47 -75 -73 68 -96 -24 -57 23 -9 85 -9 67 -77 99 -47 -33 
45 75 33 14 -97 -55 25 -30 13 69 -73 93 53 -12 -50 -43 -62 94 -50 76 77 53 -95 62 84 -46 12 -26 46 88 -99 47 58 -61 -32 -16 42 81 12 10 -70 -57 -2 24 25 -97 73 -66 -82 -57 38 61 -5 -66 33 -51 79 20 -75 -84 96 -74 -58 -85 84 94 -41 -8 -50 52 -8 86 -65 -43 -36 79 52 -59 -53 -93 -4 -11 -35 91 81 -35 -86 -49 23 56 95 -59 11 -97 17 7 -51 -29 53 81 
-94 -17 91 46 14 9 52 -75 42 7 -75 -49 39 57 88 -84 65 55 -98 -74 -64 -96 -14 -36 18 68 -81 -22 43 -39 77 97 -8 74 1 77 -71 -82 36 -55 -97 85 -68 90 -58 -42 -43 -30 -4 -44 58 83 -53 40 62 97 18 -33 41 -19 57 -60 -85 58 -16 26 -82 -95 63 -27 63 -7 -44 65 -25 64 -69 95 -95 70 -54 -88 97 85 89 -99 67 55 54 28 50 32 26 -7 -82 -91 0 69 -25 9 
96 -85 22 58 -22 30 18 -41 -85 93 94 79 -19 53 6 -71 81 -10 72 -38 74 -60 67 60 31 -12 -13 38 -24 35 69 -83 -74 -52 100 -78 -83 89 44 -22 -27 28 -73 -26 -22 67 -96 -80 76 -66 -88 35 26 -31 72 -45 -52 -10 -9 52 10 87 -9 59 15 -25 75 -38 -49 76 37 -26 -58 -60 1 -90 -38 -22 -73 -95 -19 67 -22 1 47 28 62 98 -94 -18 69 81 69 -58 -5 -48 -23 -89 -58 -38 
40 4 97 27 84 -88 42 -54 -13 95 -43 66 50 26 49 -40 33 -24 90 81 -7 -76 57 47 -24 -46 23 2 -49 34 88 -43 -60 -80 80 -21 -93 11 -4 -26 -62 -99 74 77 -44 60 86 76 -39 37 -1 -80 -22 -32 -97 -55 13 35 -93 -79 -94 47 -72 99 -33 27 -37 63 19 -13 56 7 28 41 2 57 77 -90 63 6 -20 79 -6 9 -30 56 51 100 -68 83 50 -77 82 -59 -33 -60 -53 94 -2 94 
-71 -19 -68 58 -38 -66 32 97 -39 -1 12 -32 60 -33 -45 -53 1 -67 66 -21 -35 -90 -39 36 68 16 57 -97 -54 96 -27 -51 -67 -56 72 98 50 -21 -70 -26 -42 -5 98 -57 15 91 -15 -68 43 -8 35 -62 63 -26 -72 79 69 -60 -28 10 64 91 -27 18 -98 -35 -41 -62 82 2 -18 49 86 -72 -35 -89 25 -4 -89 19 -4 78 -46 -85 45 -1 59 -75 -52 34 -95 44 -34 17 2 28 0 7 -76 53 
58 81 19 -57 5 93 -87 -72 -14 -95 -92 31 68 -75 -64 63 38 -44 -74 -80 15 90 -40 -67 89 -18 92 -99 -48 -48 34 17 83 72 24 -97 -73 40 38 -65 -40 -61 78 51 -83 -91 -93 78 1 -6 -35 29 94 58 66 5 8 26 -67 -62 49 68 -68 89 -49 -44 -66 -54 -11 -36 -43 2 -47 -34 57 15 94 76 -17 13 -37 -88 -37 95 -80 -31 51 72 -90 -26 39 72 100 6 -35 11 11 -56 61 -14 
-45 -73 4 19 90 -32 21 83 86 -12 23 0 88 -4 87 -15 96 -63 -19 -74 56 59 -73 -94 -36 98 -38 -50 16 -51 4 -53 91 24 -52 -46 68 -20 81 49 74 -52 -87 42 93 39 -27 88 -3 -69 52 -22 -49 -12 -3 -74 -59 20 47 10 -53 -91 -2 -42 -46 43 -61 -82 65 -60 -91 54 33 -9 -58 67 60 25 -97 46 48 -67 -96 -3 72 32 10 -11 40 -45 4 -26 -15 -3 -8 -70 70 57 76 -52 
64 16 -33 -31 45 -1 -62 61 47 -95 -74 -4 9 25 -58 44 75 1 71 87 41 -11 -77 91 -7 -38 -43 -87 -82 22 46 40 -12 -57 -81 -65 59 -61 -47 -45 79 84 28 97 -39 -7 -31 67 -68 96 -84 -9 -94 -27 9 -36 -96 9 43 48 -51 49 -49 -41 59 -55 78 -72 -39 -78 -29 40 4 35 -96 -97 -83 -72 -23 23 -2 -2 -98 69 -21 1 -96 3 -77 29 -4 -20 68 -76 92 93 50 52 5 75 
99 34 -4 41 -75 96 -33 -59 35 87 65 73 83 86 0 33 -84 42 92 75 72 96 -62 -17 -51 -73 -13 -71 74 -41 -9 47 -51 -11 22 70 45 86 -42 21 -13 -57 95 -97 -21 -13 78 -92 -23 29 -49 -43 3 67 -51 -59 69 27 66 -11 -33 42 -20 -97 -92 -43 87 -74 -17 47 -1 -51 -99 -88 -66 68 -7 3 -91 89 -11 -84 46 -39 -27 -33 62 81 -46 -28 -22 -26 -98 42 -22 -78 68 59 -51 -8 
64 62 53 -59 -44 56 -8 -46 -90 -21 65 57 69 39 -82 -15 -91 -91 -81 71 71 86 91 -82 0 -75 11 59 -43 86 55 -83 -74 -5 -39 -85 81 62 29 -77 -62 90 -83 -12 -79 34 64 97 99 50 -19 26 69 -24 97 13 -36 59 15 63 -17 -56 -74 -9 -6 67 48 52 -76 57 15 -74 -79 -77 -9 34 94 -81 61 53 -27 -60 -1 19 8 -87 -47 -72 23 -55 73 66 -68 16 39 -27 79 -11 53 -72 
-65 44 23 88 84 -19 -28 72 60 39 81 -12 -91 -96 90 0 -94 -72 -49 -43 95 52 80 -28 -89 -4 73 42 41 90 25 -83 95 22 54 72 99 -33 -85 -55 -47 9 57 95 -19 -32 -17 -25 59 66 -59 16 -48 -24 -83 -19 -88 50 -100 -36 -70 51 -100 -89 61 -24 51 -91 32 -90 55 -82 88 -22 -24 19 -80 -39 9 92 79 -39 -41 -93 -32 10 97 -49 15 -55 96 -23 -17 86 88 -35 -18 10 56 -83 
-84 -36 71 -37 -26 98 88 -45 -63 72 13 -66 69 -67 -53 41 -47 97 10 -48 100 -100 -61 43 61 -28 36 -87 63 88 94 -30 -9 86 -48 28 -78 -1 -70 47 94 -28 62 -28 -48 95 -20 73 -73 84 54 13 16 63 90 -34 -19 32 -35 95 -62 -27 53 -36 32 57 -33 18 -10 35 82 -7 -60 2 -26 -24 -59 -87 -65 42 90 18 -34 -9 57 -1 91 -22 -8 -83 80 21 -32 32 91 -13 -56 20 40 74 
-30 -78 -89 -38 0 17 -54 31 -35 65 65 -11 66 -18 -25 60 -75 -78 -92 0 50 -61 -15 -64 31 -27 -6 33 -8 -86 12 -97 -23 54 75 53 -26 99 52 15 -18 -25 -84 -34 -99 -19 65 -100 74 74 10 -99 82 -99 -52 -70 35 13 54 -82 -9 27 -68 62 -92 -86 -98 -30 87 79 31 80 -43 -52 57 67 38 65 8 21 77 -9 45 1 -2 -19 -43 -15 -10 -32 49 -62 98 38 29 41 -33 54 27 -57 
-44 73 -90 -2 -86 0 -12 -83 -14 56 11 -25 -20 -63 -7 -87 -52 14 69 -69 -18 27 100 -12 95 35 -9 -98 60 82 -39 -33 -42 -71 -39 60 65 8 71 -18 74 -93 -24 56 -20 15 15 30 73 -74 17 89 20 -45 -33 -89 -63 73 7 -85 3 -100 -43 29 5 -7 -20 83 1 -70 91 15 99 68 -76 -97 -69 -13 -4 6 46 -31 52 55 -23 65 -60 -79 -56 -98 97 -2 -52 24 78 1 77 -22 73 -27 
23 -7 -25 47 -47 27 -60 17 84 -67 70 21 -79 -1 -14 49 -35 -18 53 -5 34 -61 2 11 -25 81 87 87 14 -52 -100 60 -20 -70 -82 -93 -44 -28 76 96 -1 69 70 0 10 63 -67 -68 92 74 -6 -58 -19 -94 -68 44 -97 50 -45 -27 64 79 -24 -36 -13 11 -64 31 51 17 -78 -72 49 -59 -40 -86 -33 83 41 94 50 -83 -97 97 -4 69 51 20 62 -18 95 -73 40 5 -15 3 -83 -91 -52 -43 
13 100 48 -89 33 -52 -93 35 -91 -10 -25 -86 60 -64 -99 33 -65 37 32 84 38 56 -5 69 -24 -92 46 74 61 -91 -72 53 84 -51 -53 20 -60 76 14 65 42 -44 46 -54 18 -70 -42 5 -12 -38 -100 -42 80 71 -58 -30 -43 -7 46 23 -35 61 31 -12 45 -85 56 -46 -25 -44 -44 31 -88 82 -70 -88 -89 61 -99 7 -73 -94 -59 -12 -22 -84 -52 -59 -66 98 -25 -51 -62 -88 3 30 32 33 -12 87 
-25 -43 -22 -99 -16 -76 -51 76 44 -61 58 17 -39 51 99 46 -48 93 -99 -60 19 96 -23 -14 86 56 45 -61 -58 -17 -25 -65 95 -68 -10 -40 71 43 -28 88 -39 -22 -69 97 -23 -77 37 -14 -37 -10 82 -88 18 -17 47 73 -40 -19 27 -11 -33 94 -67 -5 -65 50 25 61 -98 -27 42 92 -45 -78 -77 34 -2 25 98 100 -63 83 -100 -80 87 -96 -96 48 -9 9 -95 34 26 96 -14 -64 -68 -10 97 -19 
-94 -31 -24 -36 8 15 30 -6 32 -80 -36 69 -43 -19 50 35 77 -36 -91 43 -68 -21 -23 48 -66 6 60 65 -54 -26 -33 19 0 -17 28 14 -36 -17 -60 -41 -30 76 -78 -66 -29 87 32 74 -38 83 -52 -9 -11 4 -52 16 62 -28 -67 -2 -94 96 20 30 -81 -92 32 5 -51 62 -46 -79 0 60 32 -3 -32 71 -12 12 -53 -21 -29 33 7 1 -55 98 -32 97 -31 -95 11 48 -65 -47 -47 -95 7 -49 
13 -13 58 22 1 97 -57 -13 -32 46 -79 72 -100 -99 -5 41 -53 -77 70 89 -52 -37 -59 13 -69 51 26 -64 -96 98 -2 -64 -37 70 -89 -56 56 -67 -28 75 -66 -39 10 -8 -64 -62 56 46 -78 -80 -36 57 96 -46 -58 20 -35 -80 24 -2 17 99 -81 -10 34 5 -99 99 -48 50 72 -11 92 -4 12 -15 12 25 -67 75 -35 3 23 -24 -85 15 47 -15 -98 95 75 39 29 -43 36 4 -7 -3 3 12 
-53 91 -36 -16 24 23 -29 61 -32 -76 19 -8 61 88 92 85 -78 6 98 -83 -14 -12 42 81 35 -16 -46 99 22 75 1 -91 67 91 -37 -37 28 24 6 -57 -55 67 -45 -91 -90 -9 90 -9 -71 -44 45 46 -13 19 4 -30 -73 48 94 29 -49 27 -71 -97 -76 19 -84 -10 41 66 -52 -95 -11 -98 27 -69 64 5 -47 -95 -81 -47 18 -12 -80 -93 -21 54 -43 -46 72 94 62 -30 19 21 23 -36 -19 77 
-70 92 24 49 78 61 14 43 21 24 -95 -83 -84 -13 42 95 -17 43 -72 57 -96 -9 64 -71 -65 -7 -94 -11 -76 43 -32 43 52 -35 25 -58 41 -10 -49 -35 16 -100 54 49 -72 -27 -60 -53 23 29 -61 -98 -18 -95 -67 -85 31 33 58 63 4 -50 26 59 74 74 -76 14 -91 -65 51 -40 -87 58 0 55 99 37 79 -15 39 97 98 73 -100 -49 90 55 -47 20 51 53 -29 31 -60 8 18 -48 -59 -51 
-60 49 -25 55 35 -26 -54 100 -25 -24 -98 -19 6 42 77 -93 3 20 52 71 -97 -81 20 54 -72 -63 -75 -70 68 50 37 44 34 -96 -71 4 -43 25 48 26 88 -18 -42 -58 -17 80 -78 -40 -25 -18 -49 -68 65 -25 19 -27 -10 18 -30 47 -57 22 13 -87 76 -74 -96 -58 -72 -99 19 -42 98 38 -41 -84 -49 31 55 73 68 -79 -56 38 75 -41 -19 50 45 42 40 97 39 -83 3 1 -37 28 84 54 
65 38 -64 44 48 -72 -9 25 -78 -34 -90 -31 46 -71 -2 81 -68 81 -87 -20 30 -9 84 71 36 -58 52 100 66 21 54 -7 -89 54 -59 -26 -62 30 -95 93 40 42 -91 67 1 -63 -96 -22 -10 -21 -73 90 -60 -97 79 2 20 64 -61 -30 65 75 82 72 86 -84 -58 -1 11 53 -47 -88 -55 35 -41 50 93 9 -97 76 -15 96 54 56 54 -69 50 49 29 41 -45 -30 -22 53 -12 93 -15 -78 69 -25 
-54 22 -37 53 -15 -80 80 -80 -56 -24 -12 67 -54 -73 54 19 -99 38 -27 44 2 1 -98 36 -37 -51 47 -44 -78 -73 70 -52 -29 -42 3 0 -9 5 21 58 -72 81 27 -61 100 -1 -97 -88 -15 27 91 -19 -35 -12 -40 -30 -39 -50 25 -42 83 -81 68 -77 91 45 -15 -55 38 -52 50 -1 -100 -88 5 83 96 79 -20 -36 3 51 -27 60 -44 -90 25 32 -43 -9 47 -38 -48 77 57 -75 -30 97 13 56 
36 -62 -24 -67 74 -51 -6 83 -65 50 -33 77 73 -55 -4 -66 48 6 6 -68 -7 98 54 67 -29 25 -100 81 42 64 -37 90 97 -43 -49 23 45 45 -70 63 69 -62 -80 76 -51 -37 -51 62 -94 -92 -94 -10 42 21 -64 -15 -88 -24 -63 10 -86 43 -35 93 32 2 -38 78 -47 -31 -17 -30 89 -7 -57 87 -37 -87 70 -5 96 83 -95 33 -16 -3 -36 90 -77 -89 -82 29 60 -34 -41 -53 83 -8 -66 -89 
51 -49 23 -86 -44 14 -26 82 -21 -92 -43 -55 -27 62 -27 -88 100 -38 -22 0 -46 -88 19 59 45 47 -93 97 19 90 33 -98 98 66 29 39 59 -7 42 53 41 -33 -86 -77 71 -50 90 -82 -47 38 -59 -55 45 69 22 -41 99 62 -66 19 -18 97 -12 34 -78 -26 -43 100 58 47 22 -44 35 -23 67 -44 29 29 -2 51 -48 20 -44 20 -1 91 -76 -48 70 31 -81 -71 41 68 56 -12 -40 -83 -14 82 
22 -83 19 30 -23 -40 -49 33 -41 -22 -93 44 -48 -12 -80 10 16 -51 -19 -73 -80 92 60 39 93 -45 95 24 48 2 24 18 -60 60 43 94 43 40 -49 -80 61 52 -69 -1 -26 -79 -32 67 -36 -26 -4 -3 12 -87 48 30 28 67 -5 55 100 -2 4 -5 -24 96 17 -96 -58 -18 35 20 70 72 -16 -31 -29 87 -51 44 -48 -28 -79 65 -77 59 20 93 -63 52 -80 -41 51 -77 -68 67 3 65 81 -94 
59 -82 95 -67 -46 19 99 0 -33 -79 -25 -3 -98 -45 4 3 -82 -11 -99 -13 -10 -98 92 47 -82 -60 71 -58 35 -71 19 87 -71 -51 -57 70 -54 46 -44 75 -65 -44 -77 -72 -83 -58 -29 100 35 60 -7 96 93 88 92 -51 27 92 -67 52 -29 34 -62 -28 25 -70 56 -31 27 38 51 63 53 20 -44 -47 97 72 31 -44 33 69 51 -77 -73 45 64 -25 -82 100 -40 -31 3 -32 71 -21 42 43 72 13 
-14 96 1 29 87 -20 30 64 4 80 64 4 61 87 -10 -73 -27 -39 -78 -14 -84 100 -97 19 -19 -18 -25 -93 33 40 -7 47 42 -34 45 41 -80 -13 38 -38 75 -54 10 -77 28 -60 -47 -61 -2 9 15 33 20 90 99 -57 -7 -46 -39 42 -4 77 92 49 81 -7 -56 -16 5 -18 -57 -13 -20 59 66 -63 2 -11 49 -16 37 18 100 -85 61 17 40 43 -3 -87 -83 -10 -40 25 -90 -95 -86 -86 66 31 
44 -38 -20 62 -69 36 -76 0 -46 -64 36 -79 -5 7 -39 -42 -62 27 -8 46 22 -82 -40 82 -71 -89 -73 -69 4 -62 -31 18 -38 25 56 92 91 -29 -91 13 -66 -1 -99 -53 40 -50 -2 -94 12 47 15 -70 -74 30 33 -46 64 -100 -91 -98 -53 -47 -73 22 6 -99 22 -25 16 42 -24 86 -3 -40 -20 14 -49 -95 -42 77 29 -12 -37 38 12 49 31 49 30 93 -64 22 -65 26 -54 49 76 26 96 68 
-75 86 88 -77 100 18 1 -94 -76 -29 -14 -3 -46 32 53 88 58 -52 -80 44 -17 -84 3 15 21 -67 -23 -83 -63 49 44 59 -69 85 -87 13 -98 85 92 97 -66 59 11 -61 -11 30 -94 28 -97 -34 -57 -53 70 -55 6 44 -82 -77 -81 10 -73 -74 -74 52 3 32 12 -70 52 66 5 47 94 45 63 44 -10 -62 10 95 -46 41 57 -71 -90 53 -54 58 -5 23 18 -86 -30 13 -7 -93 -4 -60 69 96 
-96 -95 -44 89 -75 -11 -78 -14 -75 -79 0 -96 34 -87 9 -42 5 -65 17 -89 7 -36 -94 -65 0 -75 49 -61 -91 -57 -15 10 32 45 -73 -44 -76 30 45 88 -12 -62 17 -99 61 -77 -42 34 71 -62 -26 64 76 7 -63 97 -2 11 18 -27 66 -13 -89 -20 -73 -40 31 -52 -55 44 -76 16 36 41 82 40 25 10 70 22 93 -61 15 10 -45 46 15 -40 -28 -66 -79 9 -94 -39 -65 75 -62 -39 51 -66 
-80 -63 -26 -19 -3 -86 42 -74 79 -32 59 -20 -33 81 9 75 -56 93 7 -10 58 -27 16 -53 74 -29 66 22 45 10 -18 47 53 -47 59 -29 100 28 -8 92 38 10 58 -9 -92 -74 -61 1 83 54 -34 -19 21 30 87 63 -2 -48 -35 91 23 15 -97 21 45 -50 32 80 -86 23 -40 74 97 -27 -59 88 -12 -99 76 -52 0 35 83 -18 64 5 99 -49 -24 -24 86 12 -51 31 47 -45 49 8 -72 30 
30 62 -78 80 -11 -12 -89 -65 42 11 27 -70 -7 -68 -65 -68 97 -18 65 -80 9 41 -48 -77 40 98 98 36 -96 -99 18 89 77 -80 -67 12 -15 96 44 97 -80 -6 -25 -28 -39 -33 -17 -52 -39 75 11 -52 68 62 -56 -78 36 -77 -53 30 96 48 56 21 -54 -65 -70 -31 21 72 -95 17 90 5 -29 -1 -38 33 52 20 6 -62 10 40 -18 46 79 -68 14 8 -27 -71 1 -76 45 -13 -96 -1 -92 -86 
10 -3 16 90 36 -17 -70 -55 85 55 14 1 -62 46 19 -94 2 -38 91 69 -48 75 24 -21 2 -90 4 -11 99 56 18 -32 -2 -4 45 28 -79 43 -62 -99 -16 61 62 22 4 23 -24 35 -71 45 -88 -12 17 -77 -79 -53 46 -47 -11 -3 -87 45 27 -87 98 -46 95 38 -67 -41 91 23 -59 -99 -83 -10 -44 -9 -40 84 29 48 10 72 -95 -53 82 31 -86 46 -83 32 -37 100 69 -16 -92 69 -79 84 
53 -82 -92 78 81 -54 -46 4 -46 43 49 -33 -98 -17 -98 -3 59 85 49 58 -64 -54 -42 -23 91 43 -58 -89 73 24 -57 -97 95 -35 90 16 59 20 81 23 -13 1 52 70 -54 50 54 -5 83 16 -8 -85 74 42 64 96 96 -67 -99 1 23 -4 -17 33 -16 23 21 18 -27 -81 52 37 46 19 -15 45 72 -42 -63 90 39 -98 -27 87 -11 66 72 -25 76 -89 -47 -33 -98 -66 50 -93 2 -2 -65 12 
-24 -31 99 -55 -91 68 18 -56 -42 93 -21 -65 39 -73 18 59 87 -41 100 -68 46 -53 -66 -93 -19 -77 -92 -15 -98 -88 -18 -13 -30 -46 61 -12 -19 -88 -81 -15 18 63 71 -28 -36 -85 -81 27 45 -77 54 92 64 -15 2 -72 3 24 87 4 20 -25 90 55 -42 -49 -37 84 -67 -74 -78 44 100 49 -96 -66 40 -84 -11 -58 9 -66 -11 -27 -58 -55 59 1 -28 36 10 94 -14 76 -12 66 66 73 -17 -80 
66 83 -17 90 92 37 97 37 28 64 -15 -6 -68 -65 31 -42 -87 68 81 -62 -85 53 -61 80 -11 16 80 -67 -24 -79 -93 51 15 -94 -82 -6 76 46 68 47 -25 -11 -1 -24 -16 45 -59 -40 81 61 -67 -60 44 75 30 99 41 70 -89 -56 -7 5 -6 -100 71 38 -69 -68 -24 -11 -93 94 -6 -23 -37 -92 91 -56 -94 27 70 -53 100 -96 -67 23 -61 49 86 -74 -92 -59 -52 9 9 -35 -96 4 62 -96 
57 -60 60 69 77 15 13 -74 55 -21 -41 45 27 -32 33 -79 12 -90 -86 97 26 12 47 -14 3 77 29 -71 -52 66 36 57 -30 74 91 2 57 79 -70 -68 -41 -55 -16 74 -48 72 -75 -29 -95 12 69 28 82 -98 89 -8 92 4 -38 27 92 58 32 -79 -56 -41 15 87 -97 31 -16 64 34 -21 -2 -9 -11 -80 -39 11 -7 39 -58 -46 -38 47 -32 -53 49 -58 87 21 70 65 -57 -56 82 -64 62 -24 
-46 40 100 22 27 -62 64 11 52 -16 72 -36 85 18 63 -42 -17 -50 -23 97 42 55 10 -82 24 -61 -82 -51 -59 -59 8 33 91 -86 -65 -79 -21 39 38 -45 -5 -57 33 -56 90 -24 19 -52 -10 -90 -94 68 -70 93 -9 61 -88 -5 38 33 82 15 -63 97 -5 62 30 -58 -53 -73 92 16 40 -69 62 40 61 -81 98 51 23 -41 -15 8 30 23 39 -98 -70 -41 -79 85 -61 -45 74 -45 56 60 56 63 
95 -85 -28 62 81 -59 57 81 93 78 -18 -88 47 68 -71 65 -94 -80 -31 59 80 38 -25 8 21 60 90 -64 99 -95 52 -60 66 -6 31 -76 -4 19 -8 58 -17 42 65 90 65 -5 86 -74 -28 14 -62 -6 -90 -63 -37 -47 21 -84 -15 -51 72 73 54 -31 -65 -41 52 -98 0 -31 -57 -68 100 64 -33 -53 -98 59 -11 1 16 100 87 -71 -43 -34 23 3 -37 -84 -50 -51 -100 -1 -92 -10 -100 78 38 -74 
-10 -4 26 -50 13 98 -73 -2 -28 -51 -98 15 78 -46 15 41 88 77 7 -28 -83 82 91 -98 2 30 31 -21 -74 -1 -1 97 38 -37 65 -9 88 59 94 44 -92 -92 86 -2 -36 22 -47 -74 57 -14 14 10 28 63 -14 -29 -34 46 1 -63 51 -81 5 -64 -70 87 -23 -29 32 -25 -68 16 -11 8 91 30 10 43 -71 65 21 -45 -52 67 -67 43 17 53 97 42 5 -97 43 91 28 -41 94 89 -68 83 
7 -55 -47 -35 -86 -6 84 -69 72 -43 80 42 -46 29 69 -43 91 19 -24 84 18 47 56 -79 58 -30 -37 -34 27 -5 27 43 -93 1 32 95 -65 -73 -3 -86 72 10 -59 69 82 -14 14 -1 -14 -63 -13 4 -1 -12 66 -12 -92 -17 -71 -62 -82 -59 89 20 -70 -27 67 1 -63 36 2 74 -72 -34 10 70 3 15 71 42 -94 -91 -83 87 -21 44 -3 -56 -22 -41 -49 20 15 -82 -58 -25 32 60 72 0 
-36 -75 22 49 -63 -61 65 -45 45 -70 -83 18 51 76 -5 65 22 6 19 2 -51 93 -28 5 26 77 -94 -72 18 -5 55 21 -45 -61 -43 60 -25 -23 -92 -75 -1 -74 -41 -63 91 -50 -27 -60 -27 -87 34 -36 -76 -27 95 -56 -14 -76 4 -58 -33 27 40 -25 -26 34 1 75 68 3 -64 53 87 -27 -62 8 -74 25 -4 36 -19 -97 65 81 63 91 -40 20 50 33 -47 -21 47 -3 15 -51 -2 54 -26 -46 
-71 80 59 91 -35 -8 88 48 4 88 -45 67 -10 83 64 -3 -37 -44 45 40 -9 86 -38 -76 -98 -85 81 24 47 14 43 17 -85 -40 54 -34 -48 75 57 66 56 60 -39 73 37 -81 -75 -65 3 4 6 47 36 32 20 88 -2 -94 18 5 -28 46 10 -7 90 27 28 54 -51 -64 37 -9 -84 -100 48 9 67 -99 -68 77 -69 -40 36 -55 52 -13 84 -40 74 34 -84 -50 89 85 36 -16 -89 12 -90 -76 
30 -86 2 75 -87 -28 -9 52 59 13 40 -81 72 -71 -32 44 -28 -15 8 69 -91 55 -38 -7 23 -68 -15 30 -9 3 -56 27 27 -10 49 80 -78 25 61 10 -77 33 -41 -13 12 18 -2 -79 -24 -67 80 14 0 -46 38 -88 -64 -91 58 16 54 32 15 -47 39 15 -89 52 57 -4 -58 -46 -53 -1 -81 -83 -75 -43 46 52 -99 -37 84 66 -8 4 -10 65 -20 -22 85 -54 32 -100 85 21 -24 -40 16 -76 
19 -22 -16 -49 72 -3 -73 100 -33 74 -9 56 7 -68 -65 100 -72 1 -51 40 75 56 -36 4 61 43 -49 -45 85 18 -40 55 35 45 70 -40 -86 -91 -84 -63 48 58 -7 -92 -16 80 -61 -74 5 -64 23 -4 7 -97 65 27 5 63 24 -21 57 -28 38 -4 100 -97 -36 100 -75 92 -19 71 94 -73 -8 -22 -43 26 59 -25 -60 92 36 13 69 54 -82 23 -63 -82 -85 -99 -82 78 38 49 -88 -95 80 -94 
-67 -91 59 -85 28 38 39 69 -70 82 -28 -92 -53 -43 -51 -31 6 58 25 95 -4 83 -48 -25 57 -90 36 51 12 -74 30 -23 80 7 41 -39 36 42 -47 89 -20 -54 35 -53 -74 -54 -20 100 -93 78 3 -33 3 93 -42 89 -83 -36 58 -10 -40 58 41 -47 -5 29 90 -59 58 -54 22 -16 90 15 24 82 -42 10 87 18 55 49 96 9 -54 -73 -3 31 1 -17 -10 -85 23 72 -1 -20 4 -27 -23 10 
-91 -89 -85 93 -64 -21 48 -68 17 61 60 18 12 85 -19 -87 -64 31 -5 -97 72 -18 -39 66 99 41 15 19 34 -45 -72 -11 -64 -46 43 -45 -42 37 82 54 -18 100 -59 -6 -18 -53 32 76 72 -41 -34 -64 20 98 -28 43 -2 40 26 74 43 51 -53 75 -60 -58 -63 61 -15 39 16 -63 28 37 -64 -6 -2 69 78 80 -25 -33 -78 60 -15 -5 -57 6 -36 94 50 26 -93 92 -64 12 -60 -59 -81 88 
44 -99 41 -46 -52 -66 -51 -67 -74 87 74 -76 99 -72 -59 35 -69 -60 -92 -83 -51 -93 35 88 -20 99 100 82 -37 -100 -60 37 -72 -45 -17 -49 72 80 25 -4 13 -75 -33 -37 -65 -54 -46 -16 -61 -75 -63 -53 -19 52 74 4 48 -80 -52 -99 57 -54 12 -90 96 56 36 -70 57 32 60 46 -8 -57 71 90 -37 82 -48 -72 90 27 43 -15 -65 24 93 82 71 -4 81 92 -60 -86 59 21 -78 -19 -18 95 
-25 -94 64 -76 -22 -20 32 76 -12 -59 63 28 -28 -49 68 67 97 -39 -83 -38 17 -12 -31 -93 -75 32 -40 -87 96 -55 25 9 83 26 48 -90 -71 -36 64 -38 19 22 -58 83 -12 66 17 -59 -70 -14 -88 -28 -23 -68 17 27 30 -54 11 -96 -47 48 -100 90 -84 64 5 15 -7 -75 20 52 -50 -33 -13 30 -34 77 6 25 34 1 -9 -80 -71 51 -23 18 99 -96 -23 42 -85 -15 -54 -37 92 -1 -72 -13 
-82 -84 -68 0 -38 88 -87 -95 84 79 -36 27 57 -37 9 -31 -24 -99 -6 -95 81 74 -79 26 -81 -1 66 -63 -83 67 12 57 -95 30 84 -35 92 25 5 -50 98 61 -51 73 -100 -34 -79 5 39 -77 -54 -89 58 11 -36 -45 34 -59 -71 4 -36 71 -60 -11 69 44 57 51 -36 -52 -24 -68 -73 -15 -84 -55 -73 -58 -27 79 -79 72 -32 1 28 83 -28 84 -17 74 90 55 -97 89 20 71 -9 47 -39 9 
-3 40 -88 -38 -98 10 3 70 -38 -76 5 2 31 -47 25 57 47 -20 81 99 -90 -22 21 -29 41 46 -64 -85 85 93 87 38 19 5 62 76 -42 -99 -35 -69 -3 83 -51 62 -79 2 67 -1 61 -24 47 66 80 -40 28 -68 -24 -77 14 -52 49 46 -14 -62 -51 28 -82 9 -49 82 80 66 -17 69 -74 34 -64 50 30 -11 -86 -8 -71 -14 34 11 79 46 15 -14 42 -96 87 43 -71 -39 56 -46 -52 38 
65 6 -3 -3 85 -17 92 -82 33 88 -78 -72 91 93 -96 -65 40 -91 52 -3 94 -96 63 -39 9 -98 -1 22 -84 -86 -95 -83 41 -51 -37 -55 70 -1 32 -68 -50 28 -44 -60 -76 0 -93 98 -25 33 19 21 60 -68 21 -12 -97 -98 95 -98 -41 73 100 31 -49 -97 36 77 4 64 62 17 -40 2 60 -2 -100 85 -93 40 -24 -38 -73 42 -30 89 21 -28 95 1 81 -35 7 22 -5 36 -8 87 80 -69 
-63 -48 21 -7 16 -89 -58 35 24 71 13 85 3 41 -69 -13 94 94 -43 -84 64 -27 3 7 4 -99 -83 -79 22 -83 95 38 -50 4 -89 51 25 -87 -11 0 -16 -81 59 -82 -68 -67 14 -34 79 -99 89 -84 -91 49 -62 83 -62 63 34 -31 -83 53 -67 56 -69 -45 -50 -77 -26 -93 -48 -2 74 -68 -81 47 -86 34 9 28 -23 51 48 -3 -81 -36 -88 12 56 4 -98 -79 28 87 -55 -90 15 56 56 100 
-13 -91 27 24 67 -71 -90 -64 95 -29 -30 29 -19 47 36 -6 -19 -94 -90 48 13 55 36 -8 45 55 -43 94 63 86 -53 -82 71 81 23 27 94 -10 13 60 75 -80 33 32 65 72 -42 87 60 82 98 99 76 81 34 5 71 -28 97 -29 -56 2 -73 -95 -55 -18 18 -71 77 -16 -69 19 -88 -89 -73 -36 1 24 -58 72 -90 -77 35 -8 59 -61 90 10 -44 -44 76 1 -39 -59 87 91 -74 0 -35 -31 
-32 -50 87 -25 76 88 29 -91 16 36 95 -98 6 73 -99 -97 100 49 55 -69 28 88 40 49 77 94 -20 -39 30 -70 73 93 -13 73 -18 -93 -14 -37 -81 -93 78 67 -6 1 51 -3 23 -26 37 16 -70 -6 93 -89 -79 76 -67 -66 33 -38 26 -55 89 76 20 -44 -95 -73 -98 -15 -22 -66 26 77 25 49 -40 -65 43 41 17 -21 -27 32 81 -74 -50 77 80 89 -34 -88 75 68 68 100 -88 -4 8 23 
13 -61 82 42 73 33 -55 -3 29 83 -45 61 -47 -5 -30 23 64 8 -21 -75 -64 -65 -56 -73 -91 74 29 -49 -65 -6 -78 -44 -43 16 44 34 -89 -68 -15 0 62 92 -12 39 21 -93 79 -42 61 18 -93 79 62 -42 61 -84 45 -47 8 69 27 25 46 44 -98 63 6 -6 87 -33 -4 -23 -5 -77 82 -85 94 -100 -58 89 -75 -85 -71 96 -32 84 31 -31 -14 52 43 -22 66 100 73 40 8 51 -86 -98 
68 -93 73 95 73 -85 -15 -11 -30 41 -36 -54 -40 32 -28 1 -16 5 -30 -75 -78 73 3 -81 -69 70 38 97 -56 -72 62 -45 98 20 75 71 -24 -9 -64 59 -46 98 -89 12 71 9 -87 20 63 -87 -61 -61 -47 49 -86 -99 79 38 -87 -12 -9 -59 51 -28 82 -44 23 -47 -97 39 -87 4 7 97 -81 39 -1 4 34 11 44 94 -72 -83 64 92 7 -84 -47 -42 -90 55 49 31 -69 7 6 -20 43 -21 
-4 38 71 -71 -91 -28 90 29 32 -54 -47 -82 -46 -60 -8 -44 -19 -7 -75 -80 80 -61 89 8 77 -94 55 -53 5 -86 -65 94 -78 2 -58 -54 99 34 -73 72 -43 72 57 66 -83 39 81 51 66 -84 -39 -30 -14 87 19 10 -58 99 -98 -87 42 -77 100 9 5 13 40 20 -85 85 -78 26 88 57 41 75 50 -41 85 -91 58 -13 37 45 -55 1 -48 -84 99 77 -10 -49 -51 60 -30 -80 11 80 -48 -91 
-25 64 -21 23 24 22 59 -20 14 -32 6 30 40 70 -32 1 -90 19 -51 93 -73 53 80 -77 -14 66 16 12 -24 37 -94 -36 -4 -74 81 -47 -2 48 35 -40 15 6 -95 -15 -45 45 -19 22 14 50 2 32 0 51 -20 -63 38 19 -99 21 45 -36 -81 69 2 -89 -48 -71 50 -48 81 69 -4 33 22 76 -96 -74 56 -38 -86 -89 84 16 60 63 52 34 53 -60 12 90 -45 98 10 94 84 -60 18 -13 
-13 25 23 82 27 -69 65 -13 -9 79 20 -85 49 15 -23 -36 -20 -84 51 6 -37 -52 -65 27 -74 62 63 -58 41 98 47 4 -27 -9 36 95 4 92 38 -35 -60 -85 -28 -63 -64 42 -67 28 -20 -20 -25 -26 -62 -26 -38 -92 -61 -54 41 56 70 -42 -7 -38 -51 16 -57 -64 31 -62 80 -8 -29 59 61 -1 48 -79 -32 -24 22 -68 52 47 -74 24 -7 87 -65 1 6 64 -8 29 -65 -74 45 39 62 -18 
-42 52 31 87 100 -23 83 33 -89 -46 77 75 -35 -80 -78 91 28 -59 -43 32 -3 21 85 93 24 48 100 67 -92 -87 74 32 -33 -73 -71 3 -18 31 44 66 -13 -15 -58 56 -90 25 79 -72 15 -61 2 47 -6 -44 -54 19 -12 98 -19 43 33 61 39 92 55 76 26 -51 42 -55 -15 47 -64 66 66 -21 38 -31 -63 -49 -34 64 -74 -45 -80 -35 -77 34 20 72 -90 -58 99 33 30 -33 -42 64 -78 -36 
0 -3 -71 53 55 -73 30 -5 36 -9 16 -39 63 28 -99 58 -11 -70 -8 -5 7 55 -91 74 -29 -51 70 8 39 -3 -7 -42 -31 -73 33 -3 -4 -64 -58 82 88 -57 -45 -85 -59 87 25 19 26 -75 -49 49 -69 -40 88 9 -50 -73 -75 73 5 96 20 3 -35 -90 10 67 -36 4 15 43 88 -78 35 -81 61 80 63 75 62 100 58 88 -59 -68 -3 -6 -15 -52 71 88 -64 -98 59 -46 31 58 22 7 
50 -53 65 89 12 -31 90 -93 -71 10 -17 67 77 0 -95 -81 -70 47 2 43 -59 -36 -5 -76 2 44 -22 -36 -34 77 76 84 -26 -12 54 60 -21 -61 64 -76 87 -9 68 39 52 75 -27 -70 87 -12 -25 64 -26 -63 80 -24 -62 21 74 -33 -63 -91 -5 56 -16 -99 54 -57 60 -33 74 -44 56 -14 -30 29 10 57 55 13 -92 65 -90 16 15 73 -19 55 -92 50 52 24 -18 -21 99 7 -38 -29 95 88 
