-46 27 5 27 -65 -17 17 -35 36 -28 -66 84 -8 -92 81 57 -56 64 50 -30 92 37 -56 -87 -34 -47 41 13 57 74 -92 33 19 1 35 -94 -6 -80 60 54 -14 -28 28 -2 -37 -35 22 59 95 -3 30 12 -80 63 -16 -6 27 -88 -42 -99 90 0 -55 3 -56 88 81 42 9 56 -60 -74 
11 -100 5 92 -62 -27 -71 21 -48 -12 -70 -80 -83 -12 5 76 -15 -44 -51 91 -20 -26 -1 12 35 -40 -16 29 24 -2 -67 -7 -69 59 -7 59 -79 35 86 33 55 84 -70 -40 95 -54 -48 -51 34 -75 11 47 30 9 19 92 96 -93 92 -97 -95 70 19 1 31 -78 -59 -73 -48 66 12 80 
82 95 5 49 -13 0 -99 9 -5 -12 72 -58 -96 69 27 63 -3 100 2 33 -69 74 -5 25 -7 67 -65 -15 -15 0 58 46 -34 -76 9 -26 57 -43 14 26 -51 -7 -45 -96 6 14 20 75 -90 -28 -42 -89 18 -30 19 98 38 -38 30 -79 37 -26 60 1 -17 62 -88 -18 65 -31 93 30 
8 4 -33 -52 70 20 -39 49 -29 43 -43 -63 51 -55 48 -10 78 7 -66 -54 71 -4 -67 54 -69 -80 -38 -56 92 -77 -96 59 89 -6 58 -48 -84 62 -33 -50 -74 -70 -96 44 -54 -10 -66 84 28 -24 21 31 92 44 38 -56 10 -43 61 5 -19 66 59 -52 -65 54 8 10 27 -76 18 -98 
-43 71 82 -94 76 68 -94 41 80 -88 29 -72 82 97 25 -47 37 -71 -39 65 -38 -84 43 -3 84 -80 -62 -71 19 -83 80 92 -69 -72 -85 65 -36 -60 1 -82 30 -65 55 -94 4 94 -46 90 2 -21 -69 -14 17 -31 -35 79 -18 71 97 -95 -97 -22 52 -85 -61 57 -43 -37 5 -9 95 81 
33 85 76 68 87 -70 51 -89 73 64 88 -67 -33 -65 17 -83 -49 -23 15 43 83 -73 -93 6 99 -41 11 -49 -52 -2 71 -99 95 -15 10 80 73 -20 -75 68 30 6 -58 88 -100 16 -24 68 51 -17 50 51 -15 52 77 -37 51 33 76 17 -47 60 51 -30 -8 51 -78 92 -87 -96 39 63 
-43 98 -25 51 76 -81 -14 -93 -18 -8 30 -63 43 55 21 56 -73 -19 34 21 -30 18 -50 82 96 53 -96 62 -29 37 21 12 -42 -85 -31 -32 -39 62 33 -20 58 -74 -1 27 1 -74 -11 -72 -100 -99 -97 -93 77 -19 -47 -13 -44 33 0 22 58 -98 95 -95 -71 -6 -34 42 -41 58 -63 -40 
42 42 -34 77 25 24 76 -13 55 -61 43 -69 52 52 59 76 97 -22 66 2 43 -82 -49 -82 15 -37 -61 13 -96 50 0 -47 -32 76 94 17 32 -59 -96 -15 -45 71 -40 -100 -45 47 -52 -38 -30 37 -83 92 48 -22 -74 26 -45 86 -65 -65 50 73 -87 30 79 37 -54 -11 -21 -79 -28 83 
20 2 -22 38 -15 -22 32 60 26 54 -88 -88 -100 11 84 -31 80 20 -18 -83 38 -96 71 50 -67 -12 27 8 72 12 7 60 -3 -53 -91 9 96 -27 -51 -38 34 -9 -26 -76 30 -71 90 -75 41 -77 -82 -94 47 -40 97 -100 -1 19 -21 -76 -75 18 45 62 49 -33 81 15 3 -98 11 -41 
19 -78 -4 -1 -68 -47 10 -30 82 -18 88 89 -25 21 78 -7 -100 8 68 5 -94 -3 -34 36 -66 -5 -34 -36 -63 -47 43 -100 -33 -41 -63 -27 -42 19 -13 60 -39 -64 7 84 50 -54 -44 18 7 27 -21 21 -35 -52 1 56 -51 -32 -22 41 33 9 -80 11 19 49 -44 -34 -67 -32 -64 95 
4 -20 41 -44 85 81 30 51 -72 -66 -95 3 57 94 -46 37 -27 0 10 62 78 -80 59 -4 50 60 27 30 -99 69 36 0 54 -46 60 -34 -57 49 64 81 48 -85 -59 -7 51 -44 -69 -61 -85 -46 35 39 -9 -14 81 -61 -11 -12 -58 -81 92 -86 -25 51 -88 -36 52 -56 66 -75 -47 -69 
-84 51 13 -21 -73 80 95 63 -36 59 -35 62 -91 -77 56 5 65 49 13 -65 65 -38 47 -3 73 94 16 52 100 14 -88 52 -75 95 31 -30 -31 46 76 26 -52 -24 -40 45 57 -97 -38 31 46 85 89 -8 -15 -9 -44 -51 -62 90 -38 -37 -70 40 45 -97 -49 -81 -36 95 78 -20 54 42 
44 -36 -56 0 -33 -33 -86 63 57 18 82 -88 17 -44 65 -42 100 100 35 -65 -9 -48 -95 21 -28 -22 -11 -94 -8 57 55 -75 39 38 -19 -32 97 -39 -30 91 93 -35 14 -67 -4 -41 52 -5 76 23 -44 -46 -54 48 -61 -85 8 -67 -82 -98 -59 -59 -43 46 -97 -79 -50 73 -13 -41 -3 82 
52 -53 -40 57 -66 65 70 94 -22 -86 -66 -91 70 -6 -96 -57 -14 -56 -56 51 33 39 68 -86 61 -91 -20 -65 62 -5 -22 -3 25 9 -28 50 37 82 -43 30 40 8 39 -48 97 80 90 -15 -79 -65 -31 -21 28 17 -37 16 -37 9 -8 -81 84 -69 68 23 -5 34 -3 -61 -39 96 -3 -31 
-45 41 -100 -16 5 61 93 -75 -68 -39 -56 78 -34 -2 -57 21 77 -1 90 -73 -12 47 -65 -24 -55 23 22 -83 36 -38 40 -53 -57 -6 22 14 -53 -60 -89 100 65 -99 0 10 -85 70 -97 51 -90 65 -83 -21 -18 8 73 23 89 -33 18 -76 22 -99 12 24 28 -15 60 18 84 89 93 89 
3 -31 -11 83 18 56 -36 66 11 -2 57 -6 -86 -1 -24 -18 89 -69 -41 -93 36 -94 -2 15 79 79 -24 -50 -17 95 -15 -22 -60 -72 -92 -62 72 79 30 -42 -1 -71 -49 -46 68 -1 42 81 -90 32 37 -51 -42 48 3 -50 -30 -3 7 -90 25 71 -91 -20 -61 -14 -57 90 56 -89 45 23 
27 -27 -38 -77 14 14 -2 -53 65 -21 58 -80 -39 -53 37 -39 -86 -45 96 24 54 19 -75 47 -60 -58 -12 85 -67 72 30 24 67 -98 2 90 48 1 41 -36 78 -40 29 11 69 43 -16 37 -99 -15 -48 59 -45 -84 -26 13 73 -39 92 -33 -47 -76 25 43 -24 37 -94 -27 85 50 4 -7 
-93 92 78 -71 -63 77 -5 71 10 39 -79 68 75 -92 -91 27 -41 12 -26 -35 -61 -45 51 81 -48 -87 -23 57 -75 -41 -6 -24 83 6 17 78 66 22 9 -81 86 -65 80 22 1 15 -41 55 20 -93 -78 68 59 -39 -20 -21 -49 17 61 -79 -48 -79 -50 48 -10 -41 -19 98 31 38 -51 51 
84 -65 -16 55 54 -49 -78 82 -74 -65 56 -13 -59 18 86 -98 -5 49 -90 -85 31 96 -31 -20 88 27 72 -52 96 6 4 55 -21 50 -87 -43 -15 12 -2 -18 -3 -20 18 64 -70 -50 -63 39 -94 -2 -27 73 92 92 -38 85 -95 20 -36 45 49 -7 73 99 98 -12 -100 -67 74 65 -95 -66 
0 29 -6 -6 67 92 28 5 75 -47 -92 -81 -26 47 -30 -57 36 32 -75 35 -32 -39 -96 93 52 38 55 57 46 8 75 6 93 80 51 -90 -19 45 -44 -64 42 -29 94 28 1 -92 -38 64 -48 14 -1 -65 -97 37 -99 44 60 80 89 -18 84 94 -16 89 -80 -70 56 82 45 -74 -20 -90 
32 80 50 -49 7 13 -4 39 -31 35 -7 -46 0 83 -41 26 -37 -16 73 -40 -91 57 -80 -54 -48 -87 -92 64 42 -87 -24 68 -57 -6 -90 70 0 -83 7 99 37 -49 -9 -24 82 -15 -24 -9 -72 -2 46 -85 9 68 -64 68 -22 69 -87 74 50 28 -71 -30 90 -38 -95 -44 89 -73 -37 62 
65 -18 -37 81 23 -68 -1 39 53 -87 -38 16 -71 35 -75 80 33 16 -89 12 81 -76 69 -58 95 73 96 -92 79 -19 -8 24 42 84 49 -75 -64 19 -14 34 -10 -85 85 62 -80 -70 95 15 45 48 -51 -91 51 57 39 61 45 47 66 99 33 -74 35 -96 29 -72 -6 -88 -51 -11 11 78 
47 79 -34 -35 41 71 12 -6 59 91 61 -28 -63 57 -88 -25 93 42 18 91 -84 -43 -37 -72 0 45 59 18 -62 47 29 79 90 -70 -16 99 19 -32 -6 -44 -31 82 -19 97 81 39 -57 29 -35 86 -18 25 -5 -9 72 54 5 91 26 3 -94 -83 -17 -70 72 61 -95 -66 -80 -64 -79 -92 
-2 -45 85 -58 70 17 15 0 31 -78 64 20 -36 -99 44 54 -16 -44 -67 -55 31 21 -69 -20 -71 67 -95 53 78 15 45 24 24 55 -7 -81 64 95 -85 -42 7 -57 -79 43 -9 49 35 87 -3 48 -42 -3 79 -56 -45 -35 -65 -77 74 -8 18 52 -36 -45 -50 53 -41 -21 12 71 19 35 
93 -21 -78 -9 83 16 77 -93 -40 40 -83 -90 -38 77 38 87 32 -53 -34 13 54 57 9 97 32 90 82 23 51 -29 90 -51 -17 -32 -17 -43 -85 -14 59 41 51 68 -17 -8 -39 -51 35 93 -84 -61 -54 -88 -64 -98 -22 69 -7 -23 -18 71 -51 -64 -3 -83 60 -52 87 37 98 -22 23 28 
55 41 -47 81 -29 78 54 58 59 -36 -73 -1 -97 -42 -7 -5 95 22 68 93 32 95 48 2 12 69 30 28 -69 -75 -15 -9 50 38 -12 -52 -67 -33 -73 74 68 71 98 63 -4 16 54 50 97 -93 -88 -10 52 38 -21 0 34 -75 -40 83 70 66 27 24 75 -25 -39 -83 -66 -79 5 81 
-4 28 -52 -93 21 48 -95 51 -20 -49 -35 -90 42 -18 -26 -27 58 -35 -24 -18 -34 -36 -44 91 -24 -88 66 -30 37 -97 -24 59 -15 -28 37 -12 86 -42 19 -73 -55 13 -23 -5 -34 -21 31 59 60 -34 -19 25 20 6 45 68 -47 -76 37 56 30 65 -86 63 -95 14 -1 2 75 -85 -80 -75 
84 -12 -86 17 95 16 -36 85 -50 40 94 40 -29 -78 26 -25 28 17 88 -1 68 -37 -87 -28 -66 -2 100 -74 47 34 -9 -7 -26 3 -69 52 -19 -83 -53 59 32 -52 9 7 -74 82 -19 9 -48 -97 53 55 14 57 32 -76 29 -16 -18 81 -74 -76 -89 -49 -5 79 -18 37 -80 31 0 57 
57 9 27 6 -51 -37 -73 74 6 76 95 -86 -13 -13 -19 21 91 73 55 -83 63 55 84 45 71 -88 -60 -84 -2 15 9 -55 -60 49 -80 71 -76 -99 94 -5 -27 38 -73 8 -44 -66 -18 13 16 9 77 98 -60 -71 -9 81 27 -72 -35 68 22 15 91 94 -77 -45 -74 23 36 63 -44 -5 
-92 37 -57 3 86 -39 54 -89 -53 27 29 -11 -47 -30 -66 43 34 33 -84 27 9 38 52 -70 98 79 73 -88 25 84 -45 51 -64 -99 -42 -37 89 33 -73 26 6 67 -12 52 24 21 66 99 7 -51 17 31 -13 68 22 34 74 -80 35 85 -49 52 -81 -90 -63 77 -83 37 -33 26 35 79 
78 97 -67 48 96 57 89 -72 48 59 23 -86 -96 78 100 9 66 -65 73 -95 46 -54 81 -16 -30 22 -88 -37 72 7 -65 98 -75 -58 58 -66 18 -35 57 49 87 13 78 -68 67 -19 15 -84 -80 -88 96 -86 9 17 90 -90 74 51 -94 62 -59 57 56 80 -36 81 -90 -14 99 -75 -53 56 
22 56 88 -29 -79 -67 5 -28 -46 -82 -86 -16 -98 73 69 88 -36 89 -68 87 -34 -88 -32 94 -100 41 44 -8 -93 69 76 17 -94 20 71 -56 18 -80 -43 7 -5 26 17 -45 39 64 -74 23 -44 68 -63 58 -22 -46 -58 95 -8 -36 93 47 41 84 32 83 35 -72 83 -20 73 -50 -90 -6 
-25 -51 28 -65 61 -78 -100 -36 33 -62 57 15 -81 58 76 79 27 -77 -92 51 91 51 69 89 26 26 15 37 -96 -22 86 -13 32 70 1 69 74 -7 62 37 -18 23 29 -1 30 -54 97 -50 4 -47 73 10 -79 -79 4 84 -49 -41 -35 -89 27 -18 -38 77 -89 -37 38 66 -42 -78 5 -89 
94 -63 98 100 -31 7 6 -17 5 -59 68 1 -41 29 23 -98 69 -61 -58 32 63 -16 41 56 -78 -32 -12 -43 -53 -59 -57 93 -38 45 50 -14 -40 -46 84 -58 -41 73 -20 -73 77 46 -47 60 93 58 -23 33 -92 -44 -3 6 -48 60 36 -37 -21 -96 38 69 5 -13 -63 -50 55 58 -20 -55 
91 43 -96 -2 -1 -33 -69 -66 26 25 83 -81 31 -69 76 -58 -24 -90 8 -17 58 77 92 -60 42 -2 -56 37 87 21 86 86 -30 73 34 38 -46 93 -54 -71 -27 -29 -39 -77 55 -48 -20 -74 84 -39 -31 40 -50 68 17 -28 -78 -12 -19 -18 88 -81 73 4 0 -11 98 27 42 -13 -25 78 
-77 -82 -89 29 -63 -38 35 87 45 -26 -3 -36 -14 -30 -27 -98 -65 63 -79 -9 90 47 -29 -89 -58 -43 -7 -24 -49 87 -10 64 53 8 39 7 37 -51 16 -84 47 45 85 -30 -7 -3 -72 36 -94 67 26 -25 44 -36 13 14 -13 -18 -93 -29 40 38 -36 47 55 60 57 16 7 -82 -61 -79 
65 -95 -22 24 -65 -34 35 -1 -28 -41 1 -75 28 51 -82 90 72 13 -18 9 -81 -75 99 49 45 -24 1 1 -3 -70 -32 43 -42 77 -57 4 -10 43 -63 -75 6 65 -7 99 64 81 42 67 -24 -93 -73 53 47 88 42 -61 -26 -65 -27 -80 23 -96 -12 33 -46 65 5 -44 77 23 -58 96 
-43 -99 27 -66 -77 78 61 -94 72 -91 69 77 76 -31 -63 -51 -60 -21 -91 20 -58 -50 -63 -89 -7 -89 37 -12 18 -78 66 -86 47 92 20 -58 -41 -98 -17 -71 -93 -67 100 -18 61 -85 -45 -38 -4 -68 -28 25 6 -91 19 17 77 81 -41 -46 -37 -36 -55 -52 35 99 -7 68 52 80 88 6 
-9 59 -38 -51 -22 -54 -85 -55 49 -22 -87 -7 6 18 -94 -9 -77 -93 83 -55 87 -81 -67 -13 32 39 -36 21 -56 89 83 38 -98 -17 -13 16 37 -75 -18 65 -81 -94 -80 79 57 -5 37 -91 69 -27 73 100 50 43 98 25 83 -71 79 -9 98 -94 9 -52 13 -13 -35 91 19 -33 2 74 
-9 70 76 3 -82 -62 -1 45 -19 -99 61 77 -7 -88 58 -37 56 -45 75 -74 -30 -34 -50 -85 -20 -92 -33 -63 -97 71 -77 46 -93 14 -51 42 -45 -51 2 -75 25 -71 8 62 32 67 -68 82 -3 75 47 46 78 58 38 -29 4 -80 53 97 71 -41 -4 -69 17 16 -88 23 90 -30 -4 27 
-22 -4 83 17 42 -51 18 83 -65 41 -77 -92 -25 -52 72 -12 -51 -17 -72 36 -5 37 -39 -92 -75 49 -75 -19 -69 -7 24 60 -98 -45 93 20 -58 89 71 -47 60 15 9 82 18 -52 -22 -23 -66 -68 -6 -70 -95 53 15 -100 -75 48 -52 29 -91 40 -33 90 -70 61 11 5 71 -53 -66 2 
-4 44 -8 3 -55 -3 -18 79 46 -45 86 -86 50 -63 22 -7 0 -44 83 35 -15 -42 81 3 -19 76 -70 -17 -90 -97 -84 -93 -47 33 0 47 -53 37 27 -82 -97 -51 -46 -69 -33 88 -58 -77 -100 75 78 -84 5 -70 -32 4 -40 45 -55 -82 -3 49 -46 -49 -26 28 36 84 94 -88 99 -2 
-45 15 5 44 65 -19 -89 -42 89 -58 -78 40 -63 21 -57 13 -12 57 16 84 40 69 -64 -43 -52 -58 -91 -7 7 -38 -5 56 32 -69 -49 86 61 84 -12 -50 65 -90 97 85 10 -34 -8 91 1 -97 19 -80 18 92 -93 12 35 49 -5 -78 -7 -73 16 -40 24 -79 -56 -9 -32 92 0 -67 
-95 9 -82 19 -28 -43 -90 12 41 38 13 80 -11 24 -63 45 -53 65 37 -9 65 54 30 -25 -84 49 71 -49 7 -86 13 -6 87 -46 -10 -71 -46 75 -6 70 15 82 -91 17 -21 93 -33 44 -5 45 -19 -93 -73 67 -79 -45 -100 96 -96 5 51 40 37 -67 16 95 42 -71 -90 2 -40 30 
-7 -76 -5 69 75 84 -34 26 93 -74 53 11 -50 89 -39 -84 95 84 53 56 -98 50 66 0 56 98 -66 -48 55 -48 18 -36 25 -78 64 30 -44 38 78 40 17 85 66 -64 -94 -80 -89 -15 -16 -30 -60 -84 60 -1 -42 28 95 30 -58 -18 -17 72 66 -24 -1 -55 3 -34 -72 -13 15 29 
-10 22 -29 -41 -4 75 51 18 -75 89 -63 47 -50 14 -18 27 -29 79 63 -25 82 -54 -7 21 -38 -79 84 -22 43 99 -54 79 -93 38 -61 -95 88 73 -20 60 28 -39 -12 100 10 99 23 36 -61 56 -6 -90 25 -98 -38 -91 92 23 9 -55 21 -88 41 16 -10 27 88 91 93 -62 10 67 
-71 10 68 -34 -59 -99 -57 -12 -13 -92 44 31 70 49 88 -52 70 58 -82 -23 11 41 -8 0 -67 49 -22 -73 13 -44 64 64 68 42 -47 -7 1 -49 5 -28 2 -47 58 66 24 -95 96 82 16 1 45 -11 -50 -98 3 63 -67 -63 -73 -84 11 -21 76 72 -9 -78 -37 78 -33 -49 -48 64 
29 11 -78 49 16 99 35 56 72 30 31 42 19 -31 60 -11 -100 75 75 98 12 54 51 -78 -44 34 -87 -56 0 -63 -55 8 -15 34 -51 61 91 70 16 -63 -65 46 98 -97 88 5 -97 -100 -89 -40 11 89 -70 85 59 89 -22 23 99 -43 -28 47 17 -37 -37 -84 -81 18 -37 57 55 -89 
9 -94 -81 -85 -47 -39 0 -27 -59 90 80 84 -36 -76 -44 96 -42 -84 -71 -100 90 4 -29 49 92 100 23 -62 -17 95 91 27 91 -55 10 -3 -63 19 51 -85 -65 -73 74 -11 32 -96 -64 13 -32 -53 -48 -49 88 -37 -97 -90 -65 -27 49 -97 -32 31 56 -82 80 91 -49 47 -92 82 -45 -72 
67 -51 61 71 -82 -65 53 -81 62 -14 -26 24 -79 -28 75 24 49 56 -29 96 -1 70 -20 -14 -75 -17 98 73 -36 67 -28 -81 22 -36 -43 -15 58 -2 77 -61 40 35 -36 -53 -30 -62 -7 -14 71 -74 -57 -19 71 21 38 44 -54 41 12 89 50 1 -86 8 84 67 72 74 86 -91 72 21 
50 86 -32 -81 41 16 -43 -69 81 -58 -21 72 77 83 -72 -76 -72 69 -70 -76 76 -89 -43 26 87 -81 -45 44 76 29 12 -78 -72 21 49 -1 -53 -50 -42 85 -16 1 -2 81 27 78 -90 -88 -92 -34 14 -93 26 -26 25 69 69 3 25 -41 -61 -16 -91 91 87 100 32 -84 -84 41 -65 2 
11 32 51 51 -37 -24 -92 -77 30 32 21 -42 70 -48 94 -12 -98 14 -20 -36 64 89 35 -92 -10 -23 35 -27 -63 10 99 -68 -47 -52 -31 -10 7 17 -73 -84 -19 -81 72 53 2 -57 19 -75 -89 18 -3 -73 72 83 -49 70 -33 56 -100 -83 85 90 53 78 -42 74 89 -30 43 72 -10 5 
-35 29 -18 13 99 -29 -19 -95 -76 2 -20 13 52 67 43 81 -19 26 -93 -99 -25 66 37 71 8 14 93 82 -98 -47 -70 39 -9 -87 -12 94 -2 86 -94 55 -87 -13 73 17 -76 -1 4 45 71 88 47 65 11 96 -85 -3 -40 -28 91 4 -78 62 -89 4 54 -87 92 -93 -58 -50 -99 -62 
-83 -65 -17 87 27 -55 66 -89 50 -40 65 -97 99 -30 -65 45 77 55 59 37 52 -60 51 31 -67 50 -53 -42 -2 -7 -77 -81 5 -26 21 -43 25 -8 -55 -86 39 20 74 13 57 -40 -17 -8 -96 -39 -38 -56 -61 54 67 15 83 14 -81 -61 -61 96 100 -14 9 -98 44 -30 5 -99 -18 78 
-8 -69 -13 65 0 -94 15 68 -100 80 -48 -52 71 32 34 -40 89 -100 -71 -48 9 97 47 3 69 -26 72 -52 35 46 85 -43 -90 3 -88 62 63 38 23 -93 -36 0 -16 -95 77 -14 -40 32 62 85 -76 98 90 -23 30 28 38 18 -45 -80 -41 -78 -28 -54 -89 41 23 -73 -57 -64 42 -69 
55 -4 59 -31 52 44 -80 20 -91 10 35 -80 2 16 23 56 88 -84 62 40 -89 95 31 73 -34 -80 -14 62 -4 83 78 -31 -36 -77 47 88 89 -49 15 -28 84 -45 -97 43 -34 -73 64 76 -12 -62 -28 -94 64 -70 10 10 -96 58 27 -51 88 99 79 45 -64 74 -76 -62 -29 43 34 -6 
10 12 62 89 43 66 55 -44 87 76 -62 33 -14 51 81 -25 90 -47 -63 -80 4 62 44 26 88 -37 -1 51 92 85 99 51 49 -46 62 50 32 61 -88 41 -91 -72 1 -87 52 -21 87 96 1 34 -75 -80 -75 -72 -54 72 65 16 -11 61 -86 -69 98 -2 -74 -98 66 -48 54 -25 6 -22 
-95 -100 -23 -11 -52 -45 -88 -42 92 61 -34 30 41 -77 18 48 15 81 4 5 20 -41 -36 -35 58 -60 -10 3 -15 -7 -94 -91 22 94 -53 9 32 -1 -64 -19 -89 -8 81 94 38 37 -59 92 91 49 -79 52 4 -41 -57 66 85 75 -92 91 30 22 -87 -18 22 -96 66 -49 46 87 -100 -34 
-57 -84 -71 52 -10 -61 98 -11 62 -98 63 10 -62 6 -54 -96 -93 45 6 -83 98 85 -55 -65 73 27 -74 74 -79 -80 -75 -26 4 -25 -76 28 5 3 -71 -36 21 -84 25 93 52 91 -50 66 32 76 -61 -64 64 23 64 56 -59 -37 -6 -18 -50 29 82 -18 -78 19 7 -82 -28 -3 2 -37 
37 -69 -3 40 20 30 28 -95 6 -70 59 -87 -67 40 53 -55 3 -80 -8 -63 -12 -6 9 7 73 2 -99 -7 33 28 -61 -35 58 -56 100 5 -83 -66 34 64 31 -37 -75 -95 43 100 -66 -23 1 37 61 -89 -22 12 -5 -28 -72 -47 -75 44 -9 13 -1 82 9 12 -6 56 -11 -96 12 -15 
50 -91 -54 -95 17 -28 -4 0 -65 31 18 42 7 36 -53 -15 86 93 -19 -10 -56 99 28 29 43 -34 -27 -23 -22 38 7 61 -82 -15 -47 -100 3 38 44 86 36 38 93 -58 29 1 -74 3 49 19 0 45 11 56 -99 100 -65 59 70 97 23 66 10 27 58 -77 -54 59 73 79 -26 -25 
-80 16 -47 99 77 -72 28 -87 -15 -1 -79 77 28 74 49 0 75 4 41 -39 63 94 96 -14 25 16 -65 65 94 31 -82 -34 -1 30 -77 -22 -63 12 -84 8 98 -27 79 -66 38 -19 16 -15 59 54 -15 -18 -35 78 -5 84 -73 93 -100 48 71 31 -43 -49 -58 -23 30 23 8 -63 -37 18 
-43 59 -94 -33 -96 18 45 -90 28 -78 -85 -67 2 -95 20 -93 54 -93 89 -98 -42 -85 13 -54 -41 -79 -11 6 -68 -72 -13 -19 -37 84 16 -36 -87 -20 66 89 8 96 -68 72 8 -95 -39 -60 94 67 81 -8 88 72 100 19 40 23 37 -77 -43 35 -8 -9 -43 -49 -12 32 -99 14 41 -47 
-59 87 44 57 84 71 42 97 -73 -98 61 -35 -25 85 10 -44 100 86 83 -55 16 88 -29 68 66 -55 38 -59 73 41 -30 83 -30 74 33 94 79 -96 100 44 -46 98 93 88 -18 -14 58 -11 -57 87 62 57 -60 -53 -6 50 -99 -32 -58 18 -9 23 59 -20 -82 40 -67 20 76 -24 -33 -32 
-7 -44 -60 -4 15 -94 11 -2 -18 85 -30 57 -54 -24 -85 -20 -17 -43 39 -1 -86 -83 -66 -38 -82 42 -8 -72 46 66 37 -14 63 -30 65 14 28 -80 73 -72 17 58 -14 -56 -54 1 -31 -53 -26 1 -7 -70 96 -84 -12 7 -13 34 -55 25 -38 50 -31 -78 -5 -18 5 40 -93 -97 59 86 
76 11 -24 16 90 41 -68 -30 84 67 80 36 85 23 -45 57 -96 -35 -75 -33 -18 -16 -13 61 -77 -3 -16 -52 65 -25 -82 95 68 -70 -3 51 -77 -60 -23 -47 89 89 -59 74 97 20 -25 -17 -24 -65 43 -49 87 81 -34 51 2 44 -97 -37 -34 -46 -41 85 -6 -61 22 50 34 59 82 66 
22 -33 -50 -36 -27 -30 91 -45 -86 -26 -62 21 -7 27 -41 -22 7 74 5 -6 7 55 58 41 69 61 -34 -77 -85 -92 -58 51 -29 -25 -91 8 -34 -38 -78 23 46 -19 61 73 -85 1 16 -91 7 -78 -15 39 -65 43 -76 78 -99 -63 -64 30 -40 -31 -55 -34 -46 -78 -53 72 16 35 88 -55 
-63 -68 74 -57 9 -23 -12 87 -73 50 -38 16 18 82 -38 33 -60 91 31 1 28 -68 -28 -62 100 34 2 18 -1 99 -7 46 -53 -97 -71 87 6 80 76 1 29 -56 52 -8 -56 37 -30 33 -77 50 17 -64 85 -74 32 59 6 -13 -91 47 -30 83 74 58 97 14 -78 -75 37 77 -32 66 
-23 10 -50 0 95 23 -2 -24 46 -27 50 76 85 29 -22 44 -45 -49 -80 90 -77 -64 45 40 -27 21 66 -39 42 24 -83 20 -66 13 67 56 73 13 37 -10 78 -70 20 -68 -46 -49 35 87 8 53 75 -38 97 -1 -35 -62 90 -98 93 42 74 94 57 -23 -18 -34 68 -90 -83 -21 -31 -44 
-47 27 -94 -77 72 17 -77 -89 -6 76 -49 60 -45 -74 -94 -27 -11 -69 28 44 31 -45 -91 -90 21 65 -25 99 -71 56 -95 -43 60 -2 -56 -6 10 58 49 -13 -4 50 -14 -23 -98 -12 -69 64 96 -12 94 15 90 -6 34 29 -93 17 19 75 -39 -18 76 93 -49 -60 -5 -54 -31 -100 -26 -64 
-79 23 -95 15 31 68 -67 80 -34 24 -74 -73 -87 33 14 88 58 77 -56 -49 -54 14 1 20 1 -97 -6 62 65 -15 -86 -7 18 -36 76 51 -100 -13 -73 -16 41 94 -16 -8 -88 31 31 99 -57 65 31 67 68 -85 36 -45 88 91 -4 26 66 56 -85 75 84 -45 -72 -87 46 -72 14 1 
84 7 7 -15 83 52 40 -33 99 49 7 58 32 72 31 61 -75 -49 -58 -50 87 45 -95 -62 9 15 -54 -39 -73 -63 -16 73 -17 -54 79 -16 -64 -57 15 -71 -69 -98 -17 -37 -70 -66 -84 -12 62 -68 -68 -61 73 -69 -22 -42 75 -90 -30 15 0 -81 98 -56 87 93 86 -87 -78 97 12 -84 
92 85 26 -69 92 -71 59 -50 33 -61 66 -32 0 30 -55 36 25 -4 76 -54 -20 18 -88 -13 0 -23 72 12 33 -35 -9 25 -72 98 -99 -93 -7 57 -68 -93 -67 -63 82 90 -92 68 81 76 -51 -99 -34 73 -28 -13 78 -51 -86 42 4 -9 -50 61 5 -44 -27 49 -37 27 0 -2 -75 36 
-62 -84 -17 -42 -100 -65 -76 9 89 -19 -19 3 -43 45 76 46 49 72 19 26 30 58 -37 66 57 -41 -94 37 -37 66 0 99 -54 57 47 -7 -14 25 -67 -86 -48 -74 32 40 85 72 -60 -80 -70 -17 43 -6 -22 -22 88 35 51 -27 67 25 100 -90 93 7 72 -57 67 -8 27 45 40 96 
-97 36 -8 -56 -81 36 14 -38 30 -60 -67 -71 5 -62 62 -61 39 -48 36 -27 82 -79 13 84 59 -60 46 41 29 71 56 63 -39 -60 -78 89 52 72 79 73 31 29 51 -15 -16 -86 74 10 18 -13 -81 75 -97 36 -10 -86 43 -34 -95 -71 98 -79 -12 6 23 -1 -7 82 -43 77 -12 1 
19 48 48 -36 -16 35 -68 74 32 -20 -81 -78 12 -62 69 1 90 -80 -92 -94 -72 -19 -1 -68 -9 -10 100 36 25 20 -37 83 -54 -33 36 51 100 26 -3 -6 22 -47 49 8 62 69 -64 56 -29 -86 89 43 15 -25 -25 -55 36 26 -80 3 -23 11 88 84 -89 -47 -68 -86 -89 97 30 93 
-23 78 -76 45 36 -76 -31 -56 79 -43 -57 82 36 63 93 33 5 -87 -34 95 -39 -68 -22 -39 -77 58 -85 -37 -52 23 -7 -38 -60 19 48 55 -61 17 6 22 23 45 -4 52 -78 27 -8 -100 16 -63 28 -20 -60 38 -57 70 25 71 29 20 -29 -31 -63 -24 -34 -32 6 -23 64 -22 79 68 
-42 98 -44 -36 97 -75 -4 -33 100 -57 10 71 -54 -94 -77 37 -94 95 32 -2 63 -42 -15 -28 -15 -71 15 -68 64 -86 31 58 13 -91 -93 -79 85 -4 45 -8 -21 38 -87 -77 30 20 -38 40 70 31 50 -100 -13 82 -60 -7 -83 37 28 25 -89 61 -8 -54 32 -7 93 -37 -38 -79 65 85 
44 89 -91 -14 -66 -60 -29 -6 -60 -71 80 -33 -45 63 -47 -51 -51 100 47 87 -80 90 91 -71 23 84 -79 22 20 47 -93 -71 59 46 -94 61 11 -39 -34 -53 27 15 34 46 16 -3 -38 36 7 -95 -62 15 -68 -37 68 63 -75 -11 32 66 -94 4 77 50 -21 61 -43 -42 -49 -88 95 -17 
-22 -91 -2 63 -54 -94 41 78 -66 59 -97 -98 -70 45 84 67 -26 3 78 -49 2 -3 -78 89 39 -71 18 -28 21 -13 -3 -69 93 -4 20 -34 -31 -30 -35 -29 78 -18 -89 -91 -32 -100 -24 -61 -8 14 56 -85 9 -14 75 -30 94 -74 39 43 6 -78 -51 -11 11 -28 71 -35 -30 15 45 10 
-24 44 -73 78 22 8 55 -98 21 -82 64 -79 75 38 -15 -6 -100 68 7 -60 60 99 -63 -58 -19 95 30 -99 41 81 -34 -93 -52 13 55 -16 -92 -39 -45 -52 37 -9 13 52 93 -28 -30 41 -8 -35 -72 -61 -83 97 74 -41 45 63 -57 -91 -75 51 -96 -58 95 -31 -20 50 -74 -18 28 86 
51 -95 57 -97 22 -79 66 -77 86 -41 -96 12 52 77 -13 -24 -4 -4 13 -44 -58 61 -96 -81 -10 -93 -77 -82 13 22 31 -28 -55 -41 -31 -81 90 -53 11 48 44 -58 48 60 6 55 -98 54 63 -98 100 24 3 58 63 -11 47 96 42 -100 80 -27 64 -47 -52 -1 53 90 -90 6 -35 64 
-35 -93 51 70 63 60 56 80 -91 -69 59 78 12 -49 40 38 14 67 48 45 -100 -78 -98 85 -66 5 44 -21 -1 -70 -47 33 -18 -56 84 6 91 -64 87 44 74 78 -51 67 -34 13 -70 -65 97 -78 70 -91 -57 66 -77 -37 25 -25 -10 69 36 12 74 35 -71 -45 100 24 32 27 -79 7 
-97 17 15 63 78 62 -5 1 -30 -75 80 -81 45 -44 -14 92 8 9 31 90 -72 89 8 30 -76 73 22 -31 -43 -2 83 39 96 -11 -13 -11 52 52 19 38 100 38 -80 -75 -70 -28 -7 -57 -93 -93 -3 -95 -65 -3 -63 27 27 43 -69 7 -79 -2 43 2 -74 65 -28 23 86 -5 21 69 
15 -89 -58 94 -16 -83 -28 -70 -73 -95 -82 98 -72 17 95 50 98 -40 92 -72 -18 13 -51 61 -64 -89 -50 52 25 -9 38 53 -6 -73 39 -100 51 -12 25 50 -62 -19 96 -58 15 -61 -2 51 86 73 25 -13 -31 44 95 28 -91 -5 62 52 88 85 21 0 86 -33 99 7 -1 -29 -52 43 
-4 48 29 44 -45 75 -97 -61 80 -14 71 -28 21 40 -91 41 -53 -80 -48 -92 2 31 46 -86 59 56 1 -63 63 64 87 87 -56 -82 -82 59 35 -67 91 -56 76 88 0 45 63 5 53 23 50 -31 -38 -78 -50 -5 -9 39 -67 -74 31 -61 -6 -26 33 -56 56 -100 16 -23 86 -56 -74 48 
7 68 60 -21 12 -98 23 -74 31 -27 -31 1 38 53 75 79 33 -48 30 -3 -9 -64 29 -55 -41 -30 44 95 -42 100 100 51 -1 64 -80 -44 70 86 -41 -89 -50 82 -77 -67 -86 81 -83 -29 80 -39 81 -75 -54 -35 -85 24 -4 -74 -23 -14 99 40 96 -44 -65 -49 -41 -40 -62 81 -26 -1 
-81 15 -6 -88 18 93 -93 -13 -50 -42 65 -81 58 22 63 -3 19 66 -66 -69 -33 6 82 49 -61 9 49 92 83 -6 29 -24 78 15 48 -26 26 67 92 -16 29 87 -95 -68 69 18 70 90 20 50 30 86 -30 40 -11 21 74 -74 -30 14 56 -84 -28 -44 -47 -16 50 -57 72 72 -27 -19 
78 94 96 59 23 29 93 3 56 -20 -56 48 85 -50 -47 -93 -86 -13 85 32 -21 7 -13 -100 -72 -42 37 -52 -74 30 -67 -6 -9 -17 -6 0 84 2 25 88 -14 26 -4 -22 -69 76 99 24 -28 47 43 -54 31 -24 55 -48 42 -63 19 -14 -59 -15 5 88 78 -69 -85 -72 38 21 75 92 
-77 -94 -11 -29 -89 -90 -15 -5 5 89 -9 -10 -60 -8 10 67 8 36 -98 -37 6 -49 -21 38 22 -73 94 91 3 -89 92 31 96 -26 -97 -87 -20 84 51 48 -75 -35 -42 98 42 -63 74 11 64 -59 -65 78 67 65 -43 -86 24 -65 -73 -93 -34 -94 80 33 -86 2 -77 6 80 100 61 -1 
40 26 -45 96 32 -7 -22 66 28 52 -64 34 67 79 -66 -79 -28 33 -45 9 33 -97 -82 89 57 -26 98 -80 -82 -78 5 98 93 29 49 88 -8 -78 -82 -13 98 -37 -68 50 34 45 87 -92 87 -90 17 18 -92 28 -82 44 -45 84 -62 -33 60 -62 3 -35 -61 -64 45 -51 54 -72 95 -76 
56 -58 93 -9 54 -50 -17 37 -48 60 -15 75 -17 -5 89 40 53 -26 -37 -51 96 100 -95 98 73 -56 51 24 39 61 -25 3 59 -11 11 2 -18 90 -51 -27 -77 66 41 52 -51 73 -19 96 9 97 -37 28 -59 -7 55 99 -72 -2 -10 -70 93 -98 -86 47 -12 95 -63 -90 -57 -18 -36 -66 
10 -64 14 -87 -15 -15 49 -60 -72 -41 16 24 -39 9 92 -5 -55 44 58 15 33 -51 -20 -61 43 -59 15 34 -25 91 -98 -94 90 92 21 -30 -93 -61 39 -66 37 90 34 30 -85 17 76 19 7 -93 -32 22 97 25 -62 -94 -73 -20 55 1 -2 19 62 -32 11 -65 71 14 -62 -78 38 98 
32 40 -52 -41 -64 41 87 -73 29 -78 -57 3 -88 85 50 44 93 -78 25 36 -61 72 31 -60 55 -7 -42 63 55 -75 60 -85 78 -95 78 6 -24 60 5 89 -13 73 54 99 5 -47 -81 -34 -26 93 71 52 -20 -8 -50 -60 98 22 -17 -16 -4 -1 35 -88 -75 -8 -8 -9 92 -11 77 -99 
-8 -61 90 -43 79 -44 63 98 -79 -94 57 -48 -45 7 67 5 -15 -6 54 17 97 20 87 -100 85 84 -99 67 -15 43 -66 -56 -59 66 88 76 -57 -67 24 -4 87 -95 -66 -98 80 1 -37 -27 49 -93 22 86 -64 -50 -85 38 -43 19 -55 -87 45 34 -26 37 -16 -80 -64 30 -89 -4 -42 99 
48 58 80 48 -79 2 98 -7 -10 2 -7 -96 63 7 -80 -30 32 70 -48 -57 42 92 -15 -50 -43 -64 46 21 -16 14 -83 -32 -56 -13 65 62 -43 95 64 -22 5 -28 -26 22 29 19 -78 -65 94 -80 55 90 -84 -20 -74 -80 -23 87 -15 -80 -35 51 -49 55 -55 -52 -58 88 23 -63 61 46 
27 -22 47 72 -40 44 79 -9 79 -49 -72 56 -74 29 -37 58 66 44 35 26 -37 -28 -93 -97 -71 86 -88 52 45 72 33 0 58 -54 -78 91 -75 -20 -100 -40 -87 27 -28 -90 44 62 0 -29 -29 -67 70 63 -84 60 -98 -62 -97 -53 12 -16 17 75 -31 49 -81 -72 -71 -44 -55 -65 7 -97 
-60 -11 -30 28 -55 -10 18 26 25 -51 -12 -1 14 -56 41 -68 72 -82 78 -46 -40 -52 -77 -83 48 -1 -19 96 -46 83 90 0 71 45 6 -20 -34 -45 16 -28 55 -67 38 61 81 94 55 -94 -97 -30 -70 -94 -73 -28 -8 -62 44 -96 -29 -99 -53 84 6 -85 -15 -77 -57 27 -56 -12 -42 -91 
-85 64 -71 8 -86 24 -17 -28 -99 -75 -6 77 -61 26 -31 -47 -18 54 55 -73 83 96 -65 75 -90 -35 -92 54 -81 -41 9 65 39 95 48 1 87 11 -15 -65 56 39 75 -4 61 -28 -3 -27 69 16 -44 -8 -35 -56 -30 66 36 38 -50 -91 86 -98 93 -40 51 19 3 46 -9 -73 37 15 
67 42 29 27 72 80 -91 58 56 -50 -44 5 -59 79 -93 58 8 -18 1 -58 39 -19 36 -1 -51 80 -74 15 -86 28 -90 8 94 -44 -11 98 -82 -13 58 14 -37 53 68 -46 70 -54 90 -5 -23 -65 -51 -17 33 23 77 -17 3 -5 59 4 -7 64 -59 -75 -83 74 87 -99 -43 -38 -70 -56 
-6 -21 32 23 7 52 34 -98 -41 31 81 30 -21 -54 64 -97 -28 -57 84 -38 1 43 68 24 90 -6 -28 -91 38 10 21 -25 69 81 2 -93 20 76 15 27 45 -71 -71 29 -99 -40 70 13 -66 -42 52 9 -28 19 24 -44 -57 42 -15 -11 -80 -37 65 39 48 26 -97 71 5 88 -5 -21 
92 79 31 -98 -56 -94 50 -85 83 80 50 74 -50 29 45 20 81 -64 30 -63 -13 -69 93 26 -23 -17 -16 -59 -55 -34 -13 17 3 -56 -42 33 -78 17 57 -3 95 -29 -89 72 -23 -45 -29 71 -66 -12 -14 -73 86 82 100 -53 64 29 77 56 67 12 -16 -68 -14 -15 -56 -64 34 72 55 -31 
-39 -16 20 57 -91 -59 -20 -55 0 -51 -61 -39 22 -80 -24 -86 29 -71 14 94 86 -86 -32 66 -95 32 89 41 66 20 37 -52 85 -50 -38 100 -85 -75 55 -68 -6 94 92 -63 -27 -34 -42 30 -50 44 3 49 4 68 27 -5 -92 -77 61 8 -1 50 51 -94 -6 -32 9 61 -90 84 -73 -37 
80 -53 -17 24 -39 -31 -16 -50 -33 49 -97 4 -5 42 -96 35 -45 45 -77 12 -24 21 67 -96 76 4 -37 21 20 -11 75 -49 -29 -97 -94 -96 -54 16 -68 46 -23 -17 10 -17 -57 91 64 -83 9 63 66 55 6 -52 -44 92 21 -97 -27 -87 72 -18 -26 50 -91 -17 -21 -31 -79 96 3 -52 
57 -82 44 -36 -88 31 81 35 -65 -22 48 -56 -22 51 71 49 44 15 62 20 -69 3 -83 3 5 -22 5 84 -67 38 38 44 -85 1 -4 -33 -73 49 -54 -44 73 -36 54 57 -77 -8 -29 -12 6 -36 90 7 7 36 83 -30 -87 47 92 -98 -93 67 -71 39 70 64 -23 98 -64 23 53 -81 
46 25 -29 61 83 95 15 -52 72 49 -44 37 -54 -31 -31 47 77 40 -84 61 -4 77 72 -63 59 60 -20 -82 25 -9 -7 80 -98 41 55 28 -87 46 -64 -46 14 -15 55 60 -42 -87 -65 -48 -62 26 92 60 28 75 7 87 -25 -79 81 -15 72 -30 35 49 6 34 -65 5 66 -77 91 5 
-47 -31 -83 -67 22 91 -1 -83 31 48 24 -71 83 -4 93 -23 -7 41 -30 97 52 -84 65 33 91 73 14 -30 88 12 -9 -53 -50 -60 93 80 29 -76 98 87 -55 -69 -65 39 67 32 -61 22 -100 16 65 -84 31 57 -97 60 -79 -9 -18 3 4 43 10 -88 -29 -35 -17 61 0 -98 -51 -77 
-47 -28 -82 29 -82 35 -96 -14 90 -20 95 -41 -92 94 -58 -38 22 49 49 -11 -25 76 -38 -60 -82 -79 66 97 41 97 39 29 -22 29 57 -55 -90 81 58 91 -53 -57 -68 97 1 35 -44 47 -42 9 -68 -15 75 -50 -82 29 -22 -5 8 -100 -18 100 91 -39 64 40 76 96 -71 -34 60 -81 
-49 13 -11 -23 78 55 -74 64 -68 55 -91 -26 -46 78 -56 52 33 38 71 6 43 -31 23 -29 87 46 -84 100 56 -44 51 7 75 79 -96 18 77 68 97 -34 -14 25 81 -78 19 -93 -86 68 -55 85 73 64 -65 91 -59 -62 24 90 35 -27 -81 19 -32 71 81 30 6 11 -14 44 -7 28 
-26 86 47 37 -54 35 61 -62 -50 -73 21 -26 92 -4 6 73 -90 -77 -30 -98 -92 68 -42 -73 -7 -18 57 -7 -2 84 -33 -12 28 72 -1 -30 -35 -25 -64 -7 24 -100 -36 49 -10 5 -55 -37 -98 -61 48 -5 55 -28 77 -47 48 43 78 -52 77 -68 14 -39 -46 66 11 71 24 86 25 -50 
9 -74 -39 -47 38 -86 92 -100 30 0 -56 -25 -88 -4 31 -19 72 -72 10 3 7 -47 54 23 -77 -2 9 86 -31 57 -93 -18 -84 22 65 -27 66 -33 -36 41 56 64 88 14 24 98 7 88 -61 -27 -5 -37 -4 -6 -8 -89 31 -69 39 -89 24 -60 73 -5 33 -94 34 18 -72 -81 15 42 
-74 90 -25 46 -21 -52 96 68 -40 -57 -52 0 -85 -36 -52 4 61 65 58 43 -90 -91 96 -5 -40 36 -50 51 -47 83 -15 -8 -78 42 70 12 1 76 50 3 -2 -61 -98 72 41 -55 -46 60 -82 77 25 70 -17 99 49 71 100 22 -36 -48 -31 64 69 -33 -93 -66 65 61 88 72 -12 -37 
-87 55 90 -12 -68 -29 -22 37 63 40 -85 23 7 -82 38 66 -72 -61 -97 1 -92 -65 -16 -28 78 -41 34 -94 -78 20 34 53 44 70 -1 19 -32 -8 12 74 60 -87 -10 21 32 22 -35 59 17 66 -48 -43 54 4 -92 -86 -54 67 -8 54 93 92 -1 92 97 -44 70 48 -42 2 43 -98 
89 -32 79 10 88 25 -79 -54 37 -95 -6 -98 60 0 61 12 -1 -26 45 -70 28 64 50 -60 -5 -85 7 11 22 1 -20 -30 11 88 73 10 -52 33 60 76 65 -52 -19 -27 -48 23 -40 -68 73 80 45 28 -56 -51 -74 -43 -20 29 -59 -13 39 27 68 -11 -99 97 -63 52 33 -73 35 -76 
19 -88 63 -29 79 -40 -24 17 50 -100 -4 -84 13 -93 -64 -44 -91 -63 0 -29 -35 69 9 100 -14 -82 -25 -32 27 8 -66 42 0 -24 88 -48 -90 6 48 -64 -8 -33 -44 50 -74 10 50 39 -81 -65 -17 49 -71 -7 68 66 -7 63 -91 -68 -77 40 -76 -14 -41 35 -77 -3 63 -48 -91 -70 
-77 -1 -14 53 -4 87 -20 82 -17 47 95 55 -69 -37 34 80 15 90 77 91 10 2 87 12 22 -47 44 9 15 -15 -25 -22 -92 73 -43 -45 -1 82 -43 49 80 -86 75 -18 -20 -35 -78 -61 76 50 -19 -95 -99 -91 -83 62 90 -56 30 -8 84 -45 -73 7 -9 -17 -52 45 98 -11 -67 5 
63 -85 54 -74 -17 -24 29 -48 -84 9 9 80 -68 -32 -82 -86 100 39 -50 18 -82 93 26 -24 8 97 -4 74 62 -55 -9 6 -66 -54 -17 77 22 90 69 -95 -68 -55 62 -3 46 -42 56 -80 -97 -69 -4 -46 88 56 -39 -47 -23 -14 -2 37 -77 0 80 44 -76 -61 -95 -53 85 35 -21 1 
80 30 41 97 -72 -47 -50 -39 15 71 -53 41 83 -76 78 61 -90 74 -90 -98 72 49 53 13 21 31 -96 -45 27 -93 0 -24 -69 27 6 9 -41 -30 45 82 -76 77 41 -63 22 71 100 -27 89 92 -56 58 79 95 -68 36 8 -22 -78 -18 92 30 -35 26 60 34 -70 29 96 -52 -100 -42 
-81 0 30 1 -77 77 -79 -23 -72 -92 20 11 -21 63 78 56 -42 -29 -19 -61 68 91 -70 -89 -44 92 90 -54 20 -40 64 37 42 -50 85 -56 -34 -18 -4 -67 2 24 -42 15 23 -97 79 92 72 41 60 -89 -55 -97 -44 -68 -11 78 86 20 -20 -44 -25 -57 -59 -64 85 27 -19 80 100 7 
95 75 -70 39 26 -53 8 11 -18 -77 -77 -38 -93 39 -76 18 93 68 58 53 -9 -13 -66 -63 -90 58 -36 -30 -74 36 33 41 76 59 6 -38 55 -62 -7 -42 2 1 13 58 34 -53 69 91 95 -3 37 13 -29 -36 71 -80 -77 63 -69 -42 93 -91 6 52 -52 -75 97 71 -98 85 44 63 
36 66 89 58 -19 -67 82 -95 -70 -79 77 -44 -51 -58 -92 -57 8 -39 8 -34 43 -48 -46 25 65 34 100 73 -51 78 -38 -57 -11 -42 82 28 -31 24 -11 98 -15 -15 -72 47 -97 92 93 -31 -38 -50 -70 -33 81 -1 95 72 -71 18 99 67 -81 -26 -4 -58 -68 19 91 7 58 -95 -56 64 
32 89 -48 -23 19 -5 -88 84 60 -47 -24 -32 -41 97 57 -9 1 -66 -100 31 13 -36 26 -91 19 -76 52 14 18 35 3 3 44 17 14 -19 -22 -14 -20 61 56 -48 -96 -67 8 -81 -95 -56 -55 -49 87 59 -6 -66 -45 16 15 84 48 -57 53 25 -94 91 -97 63 65 -94 72 2 61 29 
22 4 -88 77 -41 71 94 32 86 83 96 -23 48 -27 73 20 20 17 85 9 -96 -87 -55 6 38 54 19 72 -58 42 1 -12 -70 -7 20 -59 39 75 100 -15 45 10 79 53 95 24 75 100 -50 96 15 -74 62 42 -58 -54 43 95 -95 -62 -58 -71 -27 -21 29 11 -96 -43 57 54 -55 55 
-54 -5 28 -22 28 -71 -43 -95 -74 16 -27 -16 -35 -74 4 52 91 -6 -82 12 34 -21 -98 8 59 -18 -71 -69 15 -1 -94 74 -49 -67 -21 -95 -48 73 -34 -27 -88 33 14 -28 -2 91 -2 56 81 63 91 65 50 33 65 62 -44 -37 62 58 -93 68 -54 -37 -97 49 -7 100 95 -48 72 -6 
-93 -20 7 -21 -69 86 -5 -99 -88 99 -81 -14 91 -70 76 -57 9 -64 84 -77 -4 -18 39 -45 14 -68 -96 -50 -73 22 0 -83 -4 96 -16 -95 -99 -32 -10 85 8 -7 -31 93 88 11 39 90 89 -24 3 -22 -24 -99 78 16 0 13 -50 93 -96 -2 35 -6 -100 35 1 1 -46 76 -61 -91 
52 -28 -36 37 -90 -3 -62 -44 -57 65 97 -5 -37 44 12 -12 -82 80 -78 -57 -47 35 81 8 36 42 41 -39 2 -93 -80 -27 -9 -44 66 -41 72 58 -3 -60 -40 76 60 56 -27 40 25 30 97 -63 -58 -53 97 27 -56 -100 -33 -92 -60 -54 61 -7 64 -37 95 11 40 -57 -60 -91 22 71 
-11 12 82 -79 -24 -25 -66 21 12 58 59 -75 72 14 -74 75 33 -62 -99 63 -49 -22 6 -67 20 -38 12 72 -47 -62 -86 -64 -5 6 87 20 -8 69 -57 65 74 -86 78 5 73 76 36 -46 -49 -53 30 21 -86 -6 59 -12 -54 6 4 -83 -82 62 26 -79 13 -75 94 35 6 -5 -98 -83 
42 -81 -44 34 50 78 -41 17 -96 -25 14 49 -38 93 -37 55 58 29 -40 54 43 71 -30 47 77 45 -60 -52 -22 32 36 2 -96 41 -19 85 -17 46 10 -75 57 78 67 -66 81 -86 -54 9 -95 72 -82 -53 -23 48 -65 -47 14 -30 86 -60 -77 15 65 -47 48 65 -92 41 51 59 70 95 
91 -14 65 -26 -33 -75 -35 84 -46 59 1 56 -1 -26 -52 48 10 31 -84 45 -62 7 -51 50 77 49 48 -30 35 -47 22 98 -63 -59 -90 -100 -76 39 13 -65 16 71 -43 -26 -86 -87 -54 -9 29 20 33 1 -55 24 42 -78 -20 -29 46 -58 16 -93 -24 15 71 95 80 16 35 47 52 49 
24 28 89 79 30 -74 45 -4 -36 -93 -1 -76 -70 87 -20 -46 97 -47 -82 -36 4 37 28 20 45 -11 -13 4 98 45 9 44 -25 68 -93 -34 -78 74 -40 -30 96 -51 -90 72 54 -30 -84 5 73 -50 -62 -79 12 -38 -36 99 -4 -95 -47 -3 44 15 -93 -33 35 -62 -62 5 -99 -64 -60 14 
19 -79 -72 -87 -96 -21 85 -24 -67 52 62 95 -38 41 -99 -78 42 -12 31 -25 -43 1 53 -10 -51 81 52 -38 -16 39 -66 -76 85 97 90 64 -79 75 -17 0 27 52 -87 -36 -60 -73 76 93 87 -24 30 -33 -69 89 53 46 13 -20 -16 -97 -86 -21 -16 -10 -81 96 23 12 -36 22 67 74 
-6 41 -32 50 -28 44 7 -8 31 -13 8 34 34 83 2 16 63 -95 -98 -28 80 10 98 -2 89 -14 -3 -41 -1 -55 -99 15 63 95 31 92 -90 -30 -82 58 86 -15 6 52 -54 92 -7 8 -43 14 -8 -68 41 39 -57 -14 -96 1 -30 -36 34 -51 -33 -41 -47 -97 -36 59 -65 63 36 12 
-62 6 -53 -65 22 47 -61 84 93 49 0 46 100 -29 -18 55 -25 -91 81 39 67 -48 -69 80 -72 -54 23 -96 72 -76 84 63 -72 24 37 57 -86 47 -66 77 -39 -46 43 -85 -24 -30 13 17 -60 2 -73 52 -9 31 19 6 -60 -4 29 -54 63 -36 11 -37 -32 71 -26 44 -76 73 15 -86 
77 24 -74 55 -69 -85 11 15 57 -72 -54 82 -100 -73 58 -43 27 77 50 -58 63 -43 76 42 28 47 60 93 69 26 -90 -29 59 24 28 -71 99 23 -19 -21 -84 59 33 87 -86 -29 -87 76 54 -97 -21 -55 -5 40 -4 39 14 -22 -29 52 -36 58 -96 -61 33 -95 -18 28 -98 -32 52 93 
-34 -68 0 -87 -4 61 -52 -70 -97 68 -89 51 17 6 -39 -84 65 -69 -18 60 91 -50 -29 -83 26 -78 -2 48 -3 -81 -75 55 7 43 36 77 -11 -86 31 -42 70 -92 68 73 54 -8 -80 21 -17 -41 95 -76 -41 -10 -18 -30 -56 -93 -34 -90 85 75 35 -99 98 58 -97 29 7 23 -92 -7 
-62 -65 -75 65 90 -36 -31 -26 96 -41 -24 90 67 62 36 17 90 47 -9 50 6 -44 99 -80 41 -34 32 49 28 -24 -15 -33 -71 -27 -11 -83 84 -65 -31 -34 38 14 -50 1 6 16 4 -76 -95 -42 -18 25 12 -91 79 -26 64 -25 -1 -29 -100 42 -91 8 68 -80 -80 -98 -65 43 66 71 
25 -3 -58 -43 6 10 6 37 14 32 -95 -51 55 -38 -55 21 -10 -77 -86 86 54 20 25 -44 -73 28 -46 -59 76 5 35 -35 -6 55 -64 10 -70 -16 99 65 31 -97 49 -94 64 35 84 90 58 -60 -14 -25 -33 96 -28 24 -52 85 34 24 -40 -64 -18 -19 33 -46 -20 51 15 95 92 1 
31 -93 -54 -24 34 16 71 5 -82 41 41 -25 94 -86 55 -11 -80 -21 22 -56 91 -12 -27 -2 84 63 50 -55 -54 95 30 4 25 -41 -31 42 -43 33 -67 -33 88 48 73 -78 -2 66 65 59 -49 21 32 -3 80 -46 -92 74 -77 -10 -78 57 44 19 3 53 50 -41 -72 21 -35 -13 -22 76 
34 50 -97 -78 -11 -65 -89 85 -7 -23 -56 -14 53 -97 -64 -34 -68 -92 50 -42 79 -37 18 -29 -85 -15 -22 20 57 95 10 18 59 -46 73 -40 26 7 -83 43 -44 -21 84 35 90 66 -97 93 29 92 88 2 -9 18 -49 76 16 -47 50 53 -7 28 64 97 69 -42 76 24 64 -56 -89 62 
37 93 80 -74 0 6 55 -20 -4 80 88 -92 2 -2 16 39 100 67 -20 2 -65 22 26 68 89 -32 -62 29 -77 -80 94 -27 69 -98 51 -15 -1 1 -90 -98 29 -89 36 -81 69 83 -40 79 -6 82 -34 35 82 32 76 22 -37 -55 2 3 6 -78 98 52 -3 -85 60 81 2 48 93 -90 
-37 82 -49 78 -64 -12 16 64 -97 -37 -81 -48 62 45 61 30 13 -57 81 -39 -80 54 75 84 -66 76 -6 41 -19 27 89 -54 -15 69 43 62 -18 61 -2 93 -48 -92 40 63 -72 -42 -11 -23 10 -34 25 60 17 -32 17 76 74 -98 25 75 -64 52 -96 4 -84 -12 16 50 7 2 -4 -10 
-99 -39 -50 74 44 -2 -34 5 -80 -64 -78 -70 -22 99 13 80 -11 -64 34 -93 -72 -80 -40 18 -18 -39 88 89 -79 61 -38 -20 17 89 -59 -88 -63 -87 88 -41 66 -85 49 36 -86 -90 -9 30 -56 54 -28 -74 79 -100 -83 -44 -43 -87 -39 98 22 57 -1 17 52 -48 27 -33 -18 9 84 79 
94 -14 -100 -77 77 -40 39 26 -57 -51 32 -63 -75 69 14 -61 88 -61 -3 66 -32 -26 35 55 89 -8 -82 100 9 50 -86 99 76 54 -15 -66 7 -75 66 -12 87 -16 61 34 -44 -65 -37 57 48 44 53 41 4 -11 -40 -29 91 58 51 -57 -61 6 -81 44 -90 41 40 -81 21 -13 -13 57 
-42 94 -72 -78 -15 -31 -76 14 -81 49 60 18 -37 58 44 72 -85 -55 29 4 90 73 75 -69 -95 -45 54 -42 -27 82 -40 -88 32 21 -13 72 -36 -35 81 33 8 -19 81 55 -61 -3 58 56 40 84 -18 -44 71 -72 39 26 12 61 31 -67 -50 -38 -18 -56 -94 58 44 53 -8 -48 35 -23 
