22 80 19 -44 97 -43 -29 -3 89 -40 -47 -1 96 -52 -15 68 25 18 -71 -73 -9 -84 -59 -71 -73 -41 -12 -52 79 42 -56 33 -96 55 -43 92 -28 19 -99 61 13 53 -1 -38 -37 -54 23 2 -4 -36 -75 84 75 40 49 -45 -29 -35 46 -22 -83 82 23 -22 -41 -73 -36 -49 29 91 -22 -26 -90 -100 -87 91 -11 9 66 38 83 -99 -42 
75 -18 80 51 91 -3 -77 36 29 -90 -15 55 -64 -43 -65 -50 96 24 0 47 -68 98 7 100 -88 95 -1 -10 -39 -7 66 23 -66 84 35 -22 -36 -69 -91 -16 83 40 81 9 87 -79 49 92 76 68 26 37 -27 -87 98 -36 33 35 40 40 -27 -31 -39 71 95 97 60 22 -55 14 23 -96 -77 66 46 -32 20 -7 19 -24 7 -30 46 
-94 -84 83 24 -52 -77 -83 -22 78 -2 -30 21 90 -95 -37 -71 50 -93 45 -49 -48 39 62 46 -7 98 13 67 67 87 38 24 -46 58 -15 5 -56 1 -39 12 47 90 -66 -81 14 52 56 -74 44 -5 5 100 37 -11 82 8 -48 -35 -57 -88 27 -31 -90 49 -21 -31 98 -11 -66 38 -74 6 -49 -34 94 44 25 95 74 -76 -83 -29 51 
-19 -90 -51 -79 90 -1 57 62 49 27 28 -44 -81 66 93 -65 -9 -42 52 -75 -22 -51 -20 -74 -92 67 12 -38 -68 49 14 -70 -41 -43 -33 -78 -74 -96 0 44 -90 -38 86 97 66 -35 -47 -87 92 2 21 -96 -84 -76 74 56 -57 -85 -30 -17 -99 -61 -5 -68 21 -47 93 -91 -62 95 64 18 78 -10 27 -56 -20 -98 4 20 34 -79 -1 
-84 18 -92 -30 90 -31 11 90 98 88 100 60 -3 -65 -14 21 76 -2 -5 11 -36 -69 50 -73 72 -72 25 -1 -54 65 -22 -13 -47 -41 -71 98 -96 37 -13 -14 -49 -87 -53 35 -34 51 -5 -38 -2 15 18 36 -75 -6 78 15 42 -81 -72 46 82 25 18 60 -25 91 26 -54 72 22 -78 17 -68 58 92 -56 90 77 62 -28 -93 -9 23 
16 -36 -34 22 -49 -28 -90 85 -67 -76 -53 58 2 96 -92 -22 64 78 -81 30 99 -81 29 77 96 26 -3 78 -39 77 -25 61 42 -6 -98 0 97 50 -80 -67 90 46 35 16 0 -33 -47 0 -15 89 98 75 -25 -45 -81 -39 25 3 86 -32 62 -21 -53 88 -41 96 84 94 -15 -57 20 25 -32 -27 61 -47 91 27 -64 56 -62 55 -46 
28 -40 -35 -1 7 -78 -91 33 83 -28 -48 7 24 -54 -49 78 -46 -7 66 86 42 -86 83 44 52 -43 -21 -60 -62 54 -38 -71 -51 84 100 -72 9 1 -94 83 -59 66 33 -18 -79 -97 81 -1 87 -83 -33 38 60 4 4 -8 10 55 -52 50 16 31 24 22 4 -40 -81 79 -28 -43 -82 -10 -41 -77 -89 -53 -71 -83 36 50 -62 42 48 
31 -14 18 -66 -21 -78 -39 68 -95 -60 -31 14 59 -87 57 -47 -48 -59 24 97 -78 -81 -22 -15 -40 79 -53 45 -35 -74 63 47 -17 46 40 -79 -63 27 -86 40 90 87 -42 -47 29 81 -11 52 69 74 56 55 40 -32 -66 48 58 -55 -9 21 -9 -81 60 36 -43 37 -14 -52 -75 -61 -21 77 -22 86 -30 71 55 -91 -84 63 -90 -37 -28 
-17 -27 71 -48 -72 -24 -1 3 17 -36 -3 23 -88 83 43 -93 43 -30 49 47 66 87 99 -75 82 -63 -53 62 55 -86 -38 68 -67 -26 -19 -42 -100 -83 -77 -89 44 -30 25 -29 31 -74 -47 28 -19 -65 -48 16 -83 -74 -63 -48 84 -10 -92 79 -42 -13 -55 89 -72 -35 24 60 -95 -49 22 -71 88 -87 -96 -72 36 56 -5 4 27 57 -41 
52 83 44 -83 -31 -80 45 -58 51 -96 -35 -68 27 -1 -88 -54 -2 99 -85 0 65 92 -88 87 -55 43 52 84 70 -94 11 -25 -18 7 -10 13 16 65 -59 18 -14 -11 -7 45 28 43 -3 19 54 91 -61 73 -18 82 44 -91 25 -95 -89 -83 100 19 96 -48 -32 -95 14 -8 -45 -83 -8 -98 38 -24 52 26 -88 -89 62 20 -70 -71 -25 
10 46 -90 -69 2 96 47 -97 -3 -36 91 46 82 -84 -78 -75 -93 -27 -73 -63 -86 23 26 -49 -59 19 -39 4 12 4 -73 -100 3 83 -54 -24 16 -64 65 -92 48 -3 -45 63 -53 61 -97 -98 -37 -51 79 -34 15 -28 -27 -26 -1 60 -56 44 2 94 64 -75 -36 -30 23 20 11 49 7 -81 7 9 -19 -73 -37 -16 18 54 -13 -25 -56 
82 79 72 -83 90 40 -12 -91 41 49 92 96 28 -49 -11 -4 -79 80 -16 -32 -77 -86 62 -20 -76 -67 -34 -15 -72 36 45 11 31 -6 -9 71 -46 6 95 90 -17 -6 -67 91 89 -18 -42 -47 48 -74 15 6 40 -78 -65 55 55 44 -80 -50 33 95 42 20 -19 50 49 -83 97 -22 -3 -98 27 51 -91 -81 -99 9 -68 -24 89 -75 -85 
-62 -8 10 -89 -20 -42 19 52 17 96 17 51 25 10 5 -37 74 90 88 -26 84 58 61 72 68 88 97 -20 20 -19 -12 81 -6 -59 -92 47 79 -32 -35 5 -26 87 63 -38 71 -10 36 -5 -31 -9 -98 -63 42 -47 -42 -15 -93 -12 4 -77 83 -95 -81 -95 -47 50 35 -86 -76 -64 38 -62 40 32 -38 -99 -61 -61 -30 -22 -24 -62 81 
-57 -63 -37 -92 -26 89 54 19 -88 -7 55 19 -43 94 47 -1 83 38 36 -73 -68 -9 -7 44 54 68 -35 45 -70 54 -46 56 -52 -66 49 -7 -40 91 -84 -4 -92 -2 -46 -78 57 23 -7 46 61 -30 29 -19 30 -42 -17 -18 15 -80 27 66 -39 -2 53 -67 52 33 -64 79 -6 100 -43 -94 -46 -93 18 100 98 71 -65 38 -64 -81 -34 
-5 56 67 46 -48 84 50 -66 -31 -34 54 -82 -27 -65 68 -81 79 35 -17 8 -69 100 42 -89 34 -73 -96 56 -79 31 -16 58 32 -83 84 -70 19 -71 -43 25 -51 -52 -73 -24 85 33 86 -56 -3 -84 98 96 -38 65 -58 -16 56 -81 21 23 -27 -10 -39 16 -82 41 11 68 -31 -44 87 -77 -61 44 -76 -68 48 -92 100 35 -78 -81 -1 
74 -88 61 -72 67 16 -44 5 85 42 95 -82 -78 -86 -19 45 -95 82 -12 73 -27 -59 -32 -79 -38 -40 0 -38 -10 -57 23 23 95 -26 50 66 43 -95 47 -90 4 64 -40 -33 24 -88 76 68 89 3 55 17 -94 -14 17 -21 20 52 -18 -36 -9 -83 11 33 -80 33 -42 40 83 69 -38 -85 -6 26 4 -41 -63 -94 14 -38 87 -60 -55 
-20 41 68 -11 -23 -57 -25 46 -36 68 -28 -34 -75 23 87 78 35 44 68 -94 39 -49 0 53 82 -99 -51 56 -85 -60 -76 -91 90 4 -81 -90 -59 -29 -28 35 32 -73 47 66 -43 -78 68 -75 64 -11 -74 -50 -54 23 -68 14 -22 26 -84 -40 -19 -63 38 33 15 -59 -31 -15 -92 73 -97 14 -22 -6 14 -94 87 -81 -30 -61 -36 80 -60 
100 56 -14 92 -10 71 -14 -82 71 89 -89 -43 -90 20 55 -83 -10 56 78 14 -15 94 60 57 -54 -75 5 -18 84 38 -29 -92 32 -68 -44 29 57 -99 80 68 56 -84 -77 64 -12 -81 -40 -80 6 -58 -28 -93 81 30 -4 -33 -87 -88 -71 -85 36 -43 -57 -18 -31 -6 54 -45 -64 -22 -42 91 5 51 -87 -75 -98 65 -4 -76 -14 -94 -5 
-42 -77 92 -76 -57 -70 -7 -14 52 87 64 82 -64 8 45 -92 65 82 93 -64 100 -63 -34 35 -13 46 94 -64 65 60 -80 96 30 -7 -91 8 -30 73 28 -42 78 71 43 91 -89 45 70 -87 -17 -98 -15 -80 -98 -95 40 61 -20 -27 -1 56 -82 86 -91 56 -14 -32 -17 -64 -5 -76 49 37 -58 64 28 -88 -33 -90 -83 -29 14 -41 43 
62 -19 20 -16 -78 54 -12 -38 -89 -41 68 -31 54 -49 78 -47 -9 -70 69 -55 -11 97 -44 -15 70 -32 42 -15 -57 -43 96 -66 -64 -51 -38 -32 -86 -83 -82 13 -91 84 -8 -43 -43 69 70 96 -45 -44 -6 -94 -45 -43 -9 -65 -76 -69 -34 -61 -74 -75 -60 30 96 -66 -74 58 93 0 -83 -54 97 -22 19 -74 3 -44 54 39 53 8 65 
35 -99 13 -15 -54 6 -61 25 51 55 34 -5 67 40 -12 -58 39 -18 -72 63 71 95 55 -11 84 2 -39 -60 -91 -76 -4 13 -35 42 -59 -41 -88 -51 -12 -91 -97 -89 87 41 34 67 -29 -68 63 -75 71 28 -44 94 88 96 39 41 -87 20 -2 -59 75 -95 -36 68 18 -94 66 63 -12 35 -80 -28 40 -16 70 -4 -89 -2 -74 -57 -4 
-55 -74 -3 -37 -34 -17 -99 -30 -14 -50 -93 43 -85 26 -49 -100 -35 13 96 96 -78 -29 -91 -96 74 18 11 -56 -69 -80 -10 -95 -100 -11 29 28 -41 -41 26 -80 -58 85 41 79 -20 0 100 -57 -22 55 47 58 28 -15 -28 -17 47 44 -17 -25 -23 -85 70 18 -36 -89 38 -45 69 -99 -99 -27 8 33 -100 31 -88 22 95 87 -37 -9 -33 
86 -28 -99 91 -8 55 72 -41 -38 50 67 39 -11 56 -7 -40 57 49 -76 -54 -43 60 8 39 -30 -55 69 -33 32 -85 47 95 -17 73 -71 -63 70 -78 -79 34 41 57 -97 77 30 92 25 35 -35 94 -69 57 -95 64 -63 51 -39 -72 67 16 38 24 41 -100 10 -27 -13 28 21 -31 69 84 57 35 -10 -2 7 70 96 -20 8 -12 -77 
10 -97 -49 -17 -51 -6 63 32 69 -92 16 -82 55 7 -28 -44 23 92 33 -42 38 -64 -20 -30 71 99 -10 42 65 5 12 24 -22 -37 -62 77 -13 -77 -62 -95 -79 40 -34 39 -41 43 7 10 16 88 45 35 9 27 50 -71 -16 22 2 -61 -55 10 65 -50 -55 71 21 35 3 -10 -50 26 -72 72 -12 15 -55 26 -69 66 31 19 -92 
31 -90 20 58 -49 -30 -23 -100 86 98 68 -54 63 39 -40 35 -56 18 -23 28 -60 -77 -59 88 -41 -57 97 1 -48 3 90 40 24 -14 39 -66 31 -25 -44 90 -17 -88 -78 -91 -49 -38 97 -67 74 49 62 -10 -41 -60 -59 -3 93 16 -72 1 54 58 10 41 -54 -80 65 -64 84 86 -31 42 57 -12 -62 -37 51 93 54 73 -89 -68 -49 
-90 -47 3 88 -28 -57 -90 -45 80 74 -9 64 2 -84 22 -68 -28 -30 -52 -61 44 69 -64 -74 0 -2 79 94 24 76 62 -46 -91 29 35 76 71 -77 -22 14 -73 69 -60 -67 -15 -78 29 50 24 -44 -43 -41 66 79 34 75 -74 60 -44 -67 -56 97 78 1 -42 -40 76 -36 -3 86 -92 -88 -36 -47 47 41 28 75 -14 51 31 -60 -76 
71 76 -7 -66 -63 67 14 8 24 -86 81 -73 -11 -38 43 -40 90 -81 -38 -60 -40 -34 31 -24 -1 -16 -82 -51 17 82 25 68 3 -68 -43 87 -62 66 89 -1 16 -6 40 -17 -69 97 -92 26 -45 62 34 74 28 -99 39 -32 62 -62 8 -89 -72 5 96 -65 -62 65 48 -45 70 69 67 5 79 -8 2 23 27 31 7 -87 -97 -85 -74 
66 -87 9 69 50 5 51 -61 -43 -59 -74 95 -100 -20 -8 -3 43 58 -48 -61 7 11 2 -57 13 -16 5 51 54 -87 75 -3 35 45 -62 -90 75 98 25 55 -24 -12 -76 11 -10 6 10 22 -77 76 -22 -24 87 15 -94 -4 -29 23 -61 -21 99 -67 -59 -65 35 34 -28 61 -26 48 65 46 -76 -91 -5 -94 -72 14 88 -13 -74 -71 47 
-49 -57 93 -13 -24 16 -24 -5 -23 -18 -14 -46 68 -8 18 71 -39 48 47 -56 -22 81 -97 -73 58 19 62 75 -34 -69 -18 -71 78 -1 -32 18 46 -97 -88 -74 79 35 11 93 -34 -29 57 -55 47 45 40 77 -74 57 14 -26 93 98 -54 11 -7 3 -97 -2 3 -66 35 60 -14 -1 17 -70 -44 74 70 -59 -89 43 8 51 -69 47 85 
-13 -32 0 -74 -56 35 14 75 8 63 -45 9 -21 -94 -41 17 74 -40 36 46 34 62 90 -95 -52 19 84 68 -40 97 -50 47 -64 40 1 -39 -64 -7 38 -20 -26 -36 -59 -29 62 -31 -37 -35 -96 -19 60 79 30 -7 21 -44 76 -41 -69 34 57 66 29 78 54 11 -56 22 -6 16 -5 -79 19 -80 -72 79 -23 -14 -96 -87 -71 29 -94 
-3 6 61 65 -85 4 -52 18 -65 -88 -8 -41 31 68 -40 9 38 100 32 -73 -65 -54 7 98 11 -69 -51 75 72 64 16 27 24 16 97 -67 60 -69 74 -92 -61 76 23 29 11 -56 -79 27 -82 -57 12 32 -82 -77 76 -22 57 58 85 -46 -25 -53 -2 -22 -26 -1 36 96 16 14 -48 -79 -37 52 -74 3 9 22 -11 -81 -57 -15 -90 
24 -88 51 63 7 58 78 100 95 28 -68 97 -78 -36 -63 -86 53 95 -32 17 51 -24 95 -46 -86 -74 61 85 57 -79 29 -61 -19 69 -6 -51 24 -58 -19 -16 88 43 100 -50 48 49 -89 32 69 -79 50 80 71 -2 -16 59 -69 26 -20 -17 -6 83 -50 60 -94 71 25 54 91 29 6 83 12 83 -74 -57 30 57 -51 24 18 -28 -1 
88 96 -8 -34 45 88 -21 -82 10 -22 88 88 9 -70 -75 -26 80 41 79 -2 8 -76 -54 -13 52 -22 -1 16 60 47 16 -82 44 63 3 -16 -15 -68 86 -74 -13 -72 72 78 -46 -73 -28 -9 43 70 11 -83 81 20 -96 51 -29 -27 86 4 91 0 57 -42 -29 34 37 -31 -38 -89 47 80 -96 -61 -90 10 20 -33 -89 63 9 84 72 
-28 64 -65 85 66 64 -19 -41 61 81 9 -65 42 -99 -88 44 22 -77 -96 -51 82 -13 -37 9 27 95 36 -64 94 53 -48 -89 47 -83 27 -53 -62 -71 -87 90 62 -66 -2 33 -6 -3 -75 -19 50 -79 -7 -88 36 -3 -43 23 92 19 94 -46 99 -67 -79 -28 65 50 94 21 45 61 19 -64 83 59 1 -77 -43 99 76 -12 -98 8 -2 
-8 -1 20 65 3 -100 45 50 0 -55 -57 70 75 95 -57 -81 72 49 53 -41 -36 6 -84 -4 -59 -82 -88 12 -8 59 65 -69 -52 14 -12 58 10 62 76 -80 -14 -82 66 88 -77 -16 -30 10 86 39 15 -27 -61 -69 21 -50 41 67 -81 -82 -34 -87 96 -27 -76 -81 -53 17 -83 23 -14 -44 -48 34 13 -62 57 -9 87 -50 32 30 27 
-19 -83 24 -75 35 21 17 -31 9 80 14 -4 -27 75 40 -50 72 -21 -39 64 9 -100 71 -35 -4 66 -4 -83 -38 95 85 -5 -87 -83 56 86 -57 -58 -90 56 12 -57 96 -11 62 -76 -52 -55 76 79 27 86 9 -75 52 -99 22 13 -95 -35 -75 77 41 15 44 41 -100 -10 91 -86 -71 -81 -56 49 -30 38 -59 -84 -35 -2 -55 52 -6 
-89 36 29 -4 -28 -92 -91 44 13 -50 30 -28 -29 88 66 -96 48 -40 -85 -2 86 33 5 -89 -79 94 -64 31 52 -67 -9 -88 -80 100 -58 23 -37 66 3 -21 55 16 9 40 -49 5 48 26 -53 -23 -10 -15 80 72 -35 97 -8 62 -13 -43 -80 -36 -36 31 8 15 -79 -33 10 26 -84 90 -89 6 36 -12 -60 -75 39 89 -20 -66 31 
-48 68 -21 6 39 -5 94 -71 -94 28 1 22 56 23 -63 94 5 -55 89 2 -84 32 21 10 -70 90 -29 -85 -89 22 -2 -25 52 46 -59 89 -71 -84 -83 77 -100 -28 34 -76 -64 -74 36 -4 -60 1 37 -57 7 -79 21 -84 20 -43 -49 78 -47 -6 9 -97 15 -62 -53 -68 21 46 79 -38 60 86 -6 -58 -59 -19 38 55 -2 -62 89 
77 40 -33 -95 78 -26 -78 -38 99 73 -80 69 44 -50 41 -21 -38 22 -33 53 -48 13 79 -15 -9 1 -39 -94 51 -23 -62 -74 3 94 82 -71 60 -26 81 55 54 -83 69 -83 -78 19 -65 -78 -28 -71 -37 76 -73 -55 -79 -56 -67 -50 4 34 -14 -34 -26 59 -23 4 -59 -9 23 -82 -96 52 -53 21 -60 0 30 -70 -50 -10 -34 -29 99 
-3 74 -83 -94 76 12 -66 -29 73 32 17 -21 -94 -68 98 55 15 69 7 35 38 18 26 38 22 34 14 -75 -73 -46 -59 18 51 -65 19 16 9 -43 64 -47 36 -69 -27 8 -27 -16 81 14 -91 35 76 45 -46 -57 22 87 -57 -3 -93 40 -88 -62 -5 -75 50 -79 -60 -5 -29 71 81 41 83 75 -29 -58 -55 74 98 84 66 98 -37 
79 -43 -80 -95 35 -86 -3 -31 -8 -55 95 79 -84 -52 -68 87 -2 -97 -65 -22 82 68 -13 -20 -61 74 28 44 65 78 -99 27 -90 -64 47 59 -98 48 -37 14 28 -62 100 -21 5 78 -14 55 94 -26 -51 84 4 -19 93 -74 73 24 74 2 57 -94 13 -12 89 -57 -68 -55 12 33 94 -28 -57 38 6 -45 100 46 -35 -44 71 -7 93 
34 -65 -96 -70 -48 -37 28 -90 28 -63 -78 -53 -18 39 35 5 71 -83 83 53 -38 -82 -1 -100 -65 -80 -30 -32 50 25 74 6 -25 77 -99 48 10 -84 42 88 64 41 81 -89 89 59 23 45 -22 -87 -68 53 -48 -71 42 75 -2 70 -34 -81 68 91 95 -85 52 74 29 58 37 28 -100 -55 97 -46 -21 -67 -95 -32 90 23 -11 -1 65 
1 20 -100 -39 -79 21 38 69 -3 7 47 8 -40 -31 53 -20 64 -81 62 95 52 -50 -33 -98 -3 -34 -95 61 13 -64 63 -68 44 -39 19 -32 -7 66 71 -89 12 67 25 -5 18 93 43 -51 -6 -58 49 -22 -89 18 -13 -55 18 97 26 -12 1 48 -25 -38 -28 96 -94 85 -9 -29 -33 -7 -46 -61 89 -69 41 23 -32 29 66 64 -11 
-91 -35 77 -53 72 -76 -90 43 55 79 -89 61 -40 73 68 91 69 -40 92 -65 -3 -1 6 12 -70 -75 15 -79 28 -47 -62 -54 17 -37 -45 46 51 -20 98 -19 22 -73 -50 -86 45 -59 95 -62 -56 -82 42 39 96 -84 92 -11 -93 -97 58 18 73 30 13 84 96 -17 -90 78 93 -43 -48 -38 7 43 77 -96 -28 -55 -37 -60 62 -59 -66 
-58 11 52 5 -17 74 -85 -42 -30 -75 -79 16 -60 -7 -38 28 -73 90 -42 97 60 -45 42 50 20 7 -9 76 3 63 81 23 97 65 -45 -42 7 -2 -49 -61 -5 -57 87 -79 62 -44 79 -75 -71 19 -17 83 31 92 -39 25 -97 25 97 -67 -55 24 -60 -9 85 -25 -16 15 52 -5 25 -69 100 51 46 9 -46 27 -93 74 25 -41 -54 
5 23 61 51 96 -17 -46 -84 81 55 9 -68 0 -55 0 -49 -91 -65 -68 -28 -18 -15 48 99 50 59 -42 10 28 37 0 94 -67 -48 -100 93 74 78 17 74 35 93 -58 39 -26 -42 -25 52 7 61 -28 -80 -86 -5 36 38 -20 88 -90 -1 26 52 -25 59 98 58 -91 -29 -17 -39 -57 -6 -29 -89 -49 66 97 67 97 76 -73 -66 22 
-59 -100 75 84 -55 -42 83 -73 52 43 3 93 -20 16 85 89 -32 -31 -50 91 42 -54 24 -24 -60 50 -49 -48 -90 14 98 23 77 -23 16 58 93 -36 -5 -52 -11 -38 -22 -19 2 5 -22 -19 -83 30 99 90 -84 79 77 87 100 -41 98 -59 -76 12 23 50 84 -15 -22 33 69 64 -26 -61 -55 -39 -84 -64 86 -17 25 39 -33 67 13 
43 44 19 88 -13 -67 87 59 52 -14 43 -85 -55 71 51 39 35 -86 35 -65 -85 -33 -48 -19 -14 -90 -75 91 83 -34 -50 27 94 -67 -31 -27 -33 -38 -28 67 -30 74 -6 36 68 44 -15 17 4 84 -50 -64 -65 -100 -2 -70 -5 77 -60 58 40 -43 -37 0 -43 -75 -51 4 -18 -85 26 44 46 -91 -6 -26 -28 -10 -74 -70 84 59 -81 
-22 -22 -2 -73 53 -45 100 55 20 80 -72 -100 20 -81 10 64 91 -51 2 75 -1 -4 -56 -38 95 6 79 55 21 -54 50 49 20 99 71 22 -93 -48 -84 -72 62 72 48 -48 -21 91 27 60 -2 59 -23 -100 -17 -43 11 -8 -66 -63 99 -1 22 -69 38 -9 -82 -32 68 -90 78 -32 23 -82 -96 94 31 89 -89 -61 98 35 -3 3 1 
-59 -72 86 78 -48 29 48 -93 13 86 -78 9 32 -25 87 83 -68 26 -27 -82 20 83 -41 -94 34 -53 72 81 93 88 26 50 28 0 100 28 -17 -24 -95 20 -8 -96 97 -65 -91 -36 -19 -98 -44 -84 86 48 18 93 -47 -86 87 79 43 -88 48 12 82 -93 83 74 -87 -73 -50 -17 -41 68 15 45 -54 33 15 -33 31 -19 16 -60 -66 
91 -86 66 -19 89 -65 48 -31 -26 -83 91 77 19 60 31 -69 -21 47 -85 -41 80 -74 75 -16 34 85 82 27 96 7 -47 34 44 100 63 -28 -9 16 88 10 -16 79 44 57 -76 96 31 16 10 57 -41 45 -3 -14 -96 -24 -73 70 -51 2 40 -100 18 -91 -40 17 -99 -48 -29 57 93 16 -72 51 90 33 98 -3 44 -77 -5 -90 -53 
-39 -40 -34 -39 90 59 98 -52 54 -7 60 -39 -7 79 -80 48 23 -80 87 -7 -61 -41 -59 31 -89 19 41 -78 -85 70 11 95 50 69 17 -9 -67 -39 -42 -46 -67 -72 32 -70 65 -46 12 -12 6 -88 -89 -50 -47 33 34 -40 46 -93 65 -30 85 -84 38 45 -88 74 20 42 62 -17 -63 25 76 -5 92 -27 11 33 -61 76 -62 -62 -41 
14 46 71 -29 9 4 32 19 -89 -95 -46 33 -14 -60 40 -77 -88 -32 -100 -81 44 53 -55 58 56 -70 -15 -92 -1 48 -34 -5 -52 -78 -1 84 16 -42 82 53 -50 -97 48 19 18 36 39 -94 45 90 -63 94 -10 -87 -76 -92 67 64 -79 15 24 64 59 -94 -35 70 73 76 -67 83 17 69 31 -54 -90 -22 -12 83 -87 21 27 53 -98 
-26 -30 90 -34 -23 -2 67 -33 -58 17 -32 58 -44 34 -62 -79 43 -92 34 27 12 -58 -48 87 -65 -11 -84 -75 30 -7 -12 45 -27 -72 -97 48 94 -85 96 81 67 82 -22 -22 -49 -6 93 -19 1 -93 27 -27 -77 -81 76 -22 46 66 43 -84 4 80 -26 28 42 7 30 -3 51 -85 7 -27 -55 84 69 74 -13 99 -37 53 -47 49 -49 
-62 -24 -57 52 48 28 83 -45 -88 -25 -23 -94 -88 66 -4 -36 -84 26 -99 5 69 49 31 78 53 3 48 27 35 -44 42 -64 -44 82 28 -23 -39 -90 62 100 -66 -55 -2 -53 -86 -81 34 44 100 -79 66 -94 23 -21 4 -100 -81 -83 19 92 -55 86 -18 99 -52 -20 71 -2 15 77 -29 -14 4 -96 80 -5 78 32 36 27 -31 11 33 
-44 27 88 -67 -31 76 -32 32 4 11 -53 -47 93 -56 91 29 -79 2 11 32 11 61 -96 55 -61 10 -82 38 -28 66 5 58 4 -79 -29 73 14 -20 85 54 60 -52 35 82 94 -89 54 10 -46 51 51 38 -95 -37 -20 16 34 86 3 9 29 95 22 37 44 1 -73 -66 -76 80 -83 -1 90 -41 -66 -54 83 -87 -14 96 6 -80 -52 
84 6 -38 98 -14 -95 20 -25 29 76 -76 33 22 48 -33 -26 -97 -76 100 -50 -91 -48 -29 -74 -49 11 -25 -80 -29 58 10 -33 4 -91 -97 -16 40 27 57 35 -9 -31 57 -97 -97 -22 83 -6 -73 -44 -5 -84 -11 97 -56 -62 43 26 34 -42 92 -32 -32 8 83 -70 52 -14 30 -16 20 -88 64 -54 88 16 -63 -66 -32 84 -74 34 -27 
-5 13 33 -88 -65 -6 -32 47 -88 -42 -72 -70 8 -39 -95 46 14 -90 -98 37 -14 -19 77 37 -63 -50 -22 3 72 -68 -6 70 19 89 -27 -96 -81 85 -72 25 63 22 58 -6 28 24 -97 24 -84 -80 -36 25 -32 88 30 78 67 79 3 -29 64 100 -78 -52 11 50 -68 44 16 -7 -16 -66 97 6 -99 -74 57 76 -79 -66 -66 -36 38 
-5 -54 -33 38 82 -24 -7 -77 0 -17 -13 -19 -97 -76 -3 -54 -28 -85 -61 37 19 62 -1 69 67 -3 8 -56 60 -13 -53 52 76 37 79 68 59 35 -37 -43 8 98 27 1 90 19 67 51 64 52 -5 -63 -9 63 -29 -32 47 -10 -3 -62 -75 -8 -38 81 -6 -9 -87 -55 -30 79 -65 31 38 43 47 34 -53 -7 -92 81 -47 91 29 
9 43 11 -86 89 -82 100 90 -94 84 -38 -19 -38 -63 25 -29 91 81 -44 26 32 98 84 -57 70 -40 41 32 -29 -41 5 -74 0 -74 74 95 28 -55 42 -68 31 -79 -59 -58 46 -34 -63 2 48 38 22 14 28 95 17 -49 -93 10 79 9 -55 72 1 -44 50 -92 73 87 8 -53 -67 -22 25 -7 -39 4 -87 -93 14 72 33 -13 -88 
-53 85 -34 62 -38 98 58 89 -91 -64 81 41 -52 22 83 -17 69 -99 -34 -80 -64 -28 84 40 33 73 -45 -35 39 72 -35 11 -89 1 -87 99 0 81 30 -75 -22 -48 27 65 65 -44 19 -66 -97 38 80 87 8 77 -58 -98 -39 91 41 -8 -46 -93 -66 -48 -56 95 -74 87 -68 7 72 10 -100 87 33 57 -56 -14 -84 57 21 -34 -12 
-59 8 49 47 46 83 37 -79 4 28 50 33 62 -21 -49 -89 40 -53 47 12 17 13 49 15 8 -13 -74 38 -63 -56 -48 49 -23 21 3 43 -36 14 -33 32 -6 10 -9 -23 -68 -76 77 -31 -77 11 -71 -55 -94 -57 -38 -78 -22 57 74 1 14 12 -62 -68 74 -98 -8 -45 -15 50 -20 56 30 -100 -35 -70 94 -76 -38 7 -92 99 27 
71 50 -45 24 -94 -43 -73 -70 -89 -71 -49 27 33 55 6 -3 79 -95 -29 44 -87 1 -41 -76 64 10 -93 4 -80 3 47 17 5 52 20 -29 72 14 95 -9 34 -72 91 82 -13 -1 -92 15 -2 83 -92 58 -89 -75 59 7 89 -71 -39 84 0 41 -69 -15 43 63 -13 81 -54 57 40 95 -83 64 73 -97 -90 -88 -91 97 -74 47 -87 
92 18 65 28 74 88 5 -49 -51 -92 -61 75 14 -99 86 -61 9 47 26 -2 57 -39 42 -86 -79 37 35 -69 73 -74 97 -36 91 43 -99 -63 38 60 19 14 -31 31 -80 69 60 57 81 -61 -81 56 96 82 48 -82 -23 61 -90 22 -80 97 98 -2 -26 -2 -80 -2 78 36 6 -36 -73 -5 -22 -4 7 -72 -97 63 7 70 -98 -58 -38 
-34 -40 -87 -60 37 23 -41 -91 -3 73 -40 -24 78 29 59 33 -32 73 81 -87 2 -8 82 -85 70 61 16 18 58 -69 -47 -10 71 -74 27 66 42 -53 49 -92 -59 -21 -14 -10 -33 96 -39 70 50 73 -37 -94 -84 21 -80 -10 59 0 -94 -10 93 -90 36 98 3 -81 -46 94 98 -69 87 67 7 58 -19 -79 -40 39 92 -95 -33 77 -25 
8 15 5 -93 75 -65 76 -50 53 85 -92 38 40 -93 -48 -65 83 34 -69 2 -30 10 84 78 -60 65 77 -80 59 -56 -39 -51 91 -4 -11 50 29 -83 18 -27 58 -39 -12 95 -7 -32 15 -8 53 33 -24 -78 71 73 96 15 -32 28 -12 24 23 -74 65 -12 46 20 -74 19 -63 19 39 70 51 56 -37 -69 -16 65 -90 59 -4 48 59 
77 82 -26 -33 -70 96 30 19 -100 69 -20 -41 94 11 0 18 -50 -54 6 -5 62 70 31 61 -90 -86 -57 -76 1 -30 -53 37 29 24 -8 -67 -4 24 64 5 -21 86 -30 -26 -27 -11 -34 -17 35 -88 -92 -86 89 -87 -46 58 39 87 30 98 89 -41 78 -29 -39 23 -76 11 -41 -1 -65 -22 64 -94 -59 74 -59 -47 -80 15 19 -29 -69 
-67 37 -79 -7 -82 78 -33 -37 -22 8 -80 95 -33 70 -44 -44 15 31 70 48 44 28 -31 -21 -58 -62 43 15 67 -61 -38 63 -10 -39 -68 -72 -93 11 -37 71 81 14 42 23 -1 -80 -83 5 -11 84 -75 3 -10 -58 -46 -15 71 98 91 81 73 73 -67 -70 45 41 4 -24 12 4 32 -41 23 -60 41 76 94 -31 15 -91 9 -66 -74 
-53 15 -48 -26 19 -99 71 98 71 52 -89 -52 66 -65 -74 58 27 -20 -65 -59 -96 -32 -8 74 -39 50 -17 -61 3 -40 -5 -99 23 100 -64 23 59 76 -82 -67 4 95 -42 20 -99 71 -28 85 -42 -81 -86 81 -44 -1 39 -67 43 -40 -65 77 -27 -52 15 -13 -29 79 -77 37 35 84 -100 88 -19 28 -46 -51 41 -83 16 80 -58 -29 -78 
-84 -16 95 49 7 -10 -28 -56 75 -43 13 78 -8 -10 -83 -74 67 -28 -70 74 -57 93 79 66 -9 -100 -45 -71 38 -57 26 84 91 -53 33 -23 -23 77 0 41 -84 -18 -11 92 0 -12 -5 -54 -50 63 39 51 56 -50 -6 3 -72 80 90 -71 71 12 36 67 30 -2 -89 31 -20 -24 -73 28 -55 -25 -28 -4 93 -50 -24 -7 -89 90 75 
-89 0 -82 -76 -40 63 -98 82 -92 48 51 56 70 29 -33 -17 2 6 -40 -90 -81 -8 85 22 -99 74 -2 99 63 -1 -57 13 81 79 -40 -38 -22 -77 -68 30 -32 94 -6 84 -32 8 -22 56 21 -94 24 -78 68 56 63 -74 -2 -56 -42 53 -99 -99 28 25 -3 92 -68 88 77 -57 -30 25 -75 71 -91 81 17 43 89 -36 -72 -3 83 
-55 25 39 6 54 42 46 29 71 -37 59 -90 -53 -95 -33 -94 28 66 -5 9 -49 -23 66 -53 37 56 -40 23 -91 68 -87 95 58 95 -12 68 12 -27 50 54 7 53 95 -80 -69 -51 -39 77 -87 72 48 -12 66 -16 59 -74 -22 -32 19 72 66 0 -32 44 -32 -96 80 20 49 -97 8 40 -64 -30 -50 82 -74 70 12 -50 -96 -1 -63 
-56 71 -91 46 -81 1 44 -55 36 -56 82 54 -44 -62 38 -30 38 -41 31 60 -8 31 90 84 96 -67 -91 66 -81 -84 -55 -43 -89 15 80 98 61 64 44 -96 -15 47 -34 -1 -25 -36 26 41 -11 -18 34 -56 34 18 -19 -30 -85 -100 35 56 -25 61 63 3 76 91 99 -28 64 -52 -23 41 69 9 -69 -25 -76 -10 44 -48 89 -96 -14 
-30 -55 57 -78 75 63 87 -49 -47 44 -65 -32 3 21 -97 -61 57 10 -23 73 35 -18 -12 13 0 72 26 -71 -57 -39 -94 2 90 -11 -99 13 -82 85 66 86 -29 -35 -18 100 -11 -15 -56 85 -29 98 60 9 -61 -64 43 71 -1 85 -48 98 96 28 12 8 -69 -95 83 -38 74 63 -50 -30 -7 -47 -6 76 -41 -1 -18 -5 -52 -91 33 
-52 -19 -8 -45 66 56 40 85 33 41 35 -18 34 -12 -54 -83 32 49 55 -44 39 52 -12 -62 90 -67 -52 -97 74 75 -8 -14 -73 40 87 -54 -38 -78 -83 68 69 -74 -40 60 86 15 -34 -95 67 -52 -15 -15 -76 -70 92 -73 22 -4 9 33 62 -93 51 -14 43 2 -73 -73 47 74 4 -27 -45 83 27 14 -53 -74 -34 83 19 -71 30 
50 22 -82 -57 -89 29 82 4 -6 -16 -98 -40 -30 -46 -80 36 11 -31 68 -17 -55 59 46 -19 85 -51 -95 -3 75 -45 -16 91 67 -54 41 20 16 100 50 -57 50 -79 24 97 9 -72 20 -52 38 -51 -51 -74 84 -53 -18 -80 -87 -29 21 -5 56 -80 63 12 -63 -37 85 77 97 -61 -95 28 35 -22 -96 -82 -26 99 -46 70 72 -89 60 
79 -69 -84 14 -47 -5 11 -58 -53 0 76 73 100 56 60 -44 60 42 -30 -99 -16 -78 -67 -5 81 80 18 49 91 22 -75 92 43 -1 40 52 -48 -94 -51 -28 -12 -100 -3 74 18 -1 40 -16 -100 -51 -81 42 -27 76 40 65 -99 80 -24 54 0 -38 34 -48 2 -6 -82 -18 33 46 -88 28 -94 74 95 -5 46 42 -88 -100 -51 94 56 
18 22 38 -4 87 -1 -67 -36 -14 61 40 82 -37 -95 86 -49 98 -16 18 86 -71 -45 -27 93 52 64 55 -54 68 83 -36 27 92 -74 -92 26 25 -5 -9 95 20 39 34 -68 77 -75 71 -95 50 -34 -83 -14 -99 19 -93 -12 -21 -60 -65 25 -13 -91 50 -57 62 -11 -1 -24 -92 -23 -73 -25 -27 88 -4 -10 -73 -59 -60 8 29 -79 -39 
26 69 -86 7 -39 -33 -92 62 67 53 94 -53 9 -70 -83 -65 23 9 -18 -89 44 1 36 -7 -50 -2 37 -23 -66 77 93 69 34 73 26 -65 -89 -35 -59 83 43 31 26 59 4 -47 -90 -60 97 -100 -8 -82 -10 15 -62 34 14 19 24 -86 27 25 -46 -58 -78 -69 -45 21 -42 -63 -90 -63 65 -58 17 66 -94 -67 53 51 -32 -77 -5 
-27 55 -25 -78 46 29 86 -9 -23 97 -89 -38 45 62 18 -90 17 61 -66 -51 94 12 -33 -14 -7 75 -96 57 26 -56 -66 -87 -3 62 -93 1 87 -59 63 -92 -67 65 -25 -46 77 48 -19 18 -64 -54 -33 100 89 -63 54 -26 -100 -39 59 -49 88 87 -94 90 29 69 -16 77 -94 26 46 25 73 -60 80 21 52 -22 39 -94 68 66 -50 
-93 -78 -92 -6 -57 -38 -3 -40 -30 -55 -19 71 -49 47 -36 37 22 93 83 68 -80 -4 26 18 -14 69 -74 14 84 7 -92 -59 7 55 76 -39 11 69 45 2 98 70 -66 -100 -27 -83 -79 -18 -58 69 -53 64 -65 94 16 -14 -1 -63 62 36 -81 -62 -64 59 9 18 33 14 24 -67 78 -97 46 -71 -27 -59 21 -99 -47 -70 -36 -78 -67 
26 -30 20 -23 53 -15 -1 -20 -10 80 11 81 -13 64 -37 44 -49 48 2 -63 -99 -93 39 12 84 48 -73 -69 -48 -35 40 86 17 -87 62 -30 82 18 96 -70 -13 65 -29 18 -89 -67 90 -29 98 -36 25 -48 -77 -22 -28 84 -71 -34 26 -9 -69 21 70 50 77 -27 -39 42 61 -60 87 86 -28 46 3 40 96 -50 -52 -34 34 84 -10 
38 -85 7 -72 -68 -93 21 -17 -87 -20 -7 -63 76 -12 2 15 -79 -66 -39 71 -19 -97 -39 -95 18 37 24 29 -88 -94 52 54 -34 -5 -79 -78 -78 -27 -3 -47 86 -71 95 100 -74 83 -74 93 86 -64 48 97 87 29 -42 -63 8 -42 -73 79 80 -19 -69 41 64 -91 -79 67 56 61 71 40 43 93 -16 -57 -86 5 -93 83 -24 27 -49 
83 -59 29 -8 2 42 -65 -53 94 31 -21 79 96 20 73 60 -14 -88 27 43 -13 -11 -49 92 21 53 -80 -86 -7 -69 85 20 -76 31 50 -76 42 71 60 -93 3 96 -41 93 95 -67 -48 -73 26 -11 34 -73 92 42 -43 29 84 86 29 -73 -58 26 2 -4 -38 -73 16 -72 -72 88 -18 2 64 -16 78 9 -88 71 -7 90 -15 -30 -15 
-89 67 -36 70 23 57 -28 -74 7 -49 -74 -21 9 36 13 -76 -12 13 4 -56 -43 -43 -71 -58 14 -93 2 80 18 -3 -58 -2 21 89 -30 97 -61 -97 57 67 -62 -76 98 80 43 -1 -76 63 12 12 -94 -7 48 -4 68 1 -91 93 55 94 71 86 42 21 -34 90 -90 76 75 36 -51 18 88 33 30 -70 49 -79 29 -72 -63 -30 15 
-68 -50 28 40 -80 -57 -4 -46 -86 -20 -30 0 -99 -67 27 -15 13 -58 18 -20 -14 -53 -15 -83 -66 -5 51 70 4 -99 95 76 53 -8 3 -63 -98 -8 95 -37 97 79 -12 -39 -65 64 7 46 5 81 -49 16 64 81 5 -45 75 -51 62 95 -17 44 -27 -52 -43 -10 -64 24 -65 59 92 -28 10 87 -73 9 75 72 -65 8 -75 -6 -81 
-90 -97 9 -61 38 -66 48 16 -48 71 -15 -39 -16 57 -10 -63 -9 -16 -29 16 -13 -55 -68 -78 11 67 -97 69 -36 -14 74 -87 60 -76 52 79 -22 63 -91 -92 27 -86 43 1 0 -35 39 -20 91 -30 100 11 -41 -60 96 -97 -80 -52 -7 -9 7 20 -50 0 37 -73 53 -42 78 -6 -25 -79 30 -84 53 -80 -19 -35 62 -7 -38 86 -26 
-39 -77 -86 74 -81 2 21 -58 44 97 93 -71 -62 -9 5 -87 66 12 -77 -55 22 -61 -16 96 96 -4 71 67 -10 -22 51 17 -64 73 -80 70 -96 4 85 59 -66 44 -33 52 34 -79 61 16 33 25 -15 42 -86 -2 -2 -75 9 82 16 14 -34 -69 -50 -22 -12 92 -78 -36 79 -85 -47 -33 92 36 -32 91 83 -37 -84 -56 89 -13 -18 
-29 -19 -52 -21 -52 66 36 -18 55 94 -1 69 37 61 -24 -78 100 37 -35 71 -71 4 -73 -9 75 -29 -95 30 -99 -11 3 20 64 31 32 20 -43 -100 -57 6 -17 27 -7 -1 52 -99 63 -83 47 -87 -46 70 -17 -97 75 -45 95 -53 11 -46 -75 62 -53 -56 56 -57 36 -36 -34 -47 -4 33 -83 4 38 57 -69 -59 -2 16 -55 -47 -18 
25 -8 -18 84 11 -12 54 78 9 93 -73 -8 35 -1 -90 -16 -51 97 -24 1 -16 -68 12 39 -88 -97 17 -94 18 65 97 57 93 67 -95 6 87 -40 -10 -54 86 -17 -18 -40 42 26 -72 -12 -52 -31 13 -58 34 -68 53 -82 30 5 -81 -41 67 -9 -36 -51 -38 40 53 -60 91 -73 -73 -100 -81 -25 15 25 96 81 87 96 81 1 13 
63 100 -34 18 -96 -22 -40 87 -58 -87 44 -24 80 -20 -25 -32 -11 99 -2 -96 19 49 -51 30 -64 42 1 -43 -14 -39 41 9 63 31 38 6 28 41 -55 -94 10 98 -94 -48 94 82 -36 22 -82 53 32 -69 57 36 31 51 89 61 79 -18 25 25 -22 -65 -82 22 -92 -84 -25 -94 -15 87 8 91 -6 1 33 14 -28 -11 -29 -7 76 
64 -7 73 -20 89 -86 63 -30 58 11 -8 37 -87 -91 24 -9 73 55 -50 82 70 -28 -39 79 3 -63 52 -88 98 39 1 40 -56 -50 -44 -15 -65 -18 -91 -31 -30 -69 54 -68 20 68 -31 -11 27 58 1 30 -83 93 -96 -38 60 88 54 -83 -22 79 -26 -6 -85 29 -54 40 71 56 16 48 -21 63 48 23 27 97 -44 -69 92 94 -50 
-39 -6 9 -20 -52 6 39 73 -95 -59 -55 13 -98 -10 73 36 26 52 6 30 -92 -2 76 -41 72 -26 -1 -55 44 55 63 92 83 16 76 -73 -41 31 -62 -55 68 -41 15 -10 31 53 35 62 -55 -94 -99 94 -65 74 92 12 -95 9 -25 -41 70 72 57 8 84 51 46 89 -86 58 87 -59 73 -81 31 -65 0 -39 -13 78 -20 -85 89 
-28 32 18 85 -24 30 -83 40 51 -19 90 97 35 -9 -70 -14 -99 -11 -57 31 45 34 -65 79 -58 -54 87 -75 14 -75 -50 48 31 43 84 -58 -24 94 67 3 17 -19 100 50 -77 -1 24 6 3 97 -71 -93 34 -59 78 89 -100 88 100 67 -53 -4 -13 -52 -37 10 92 24 -38 5 -15 -83 91 -94 67 -75 -23 -62 9 -33 58 97 60 
56 57 63 14 30 -51 -3 -9 96 -86 -7 -5 -26 77 -73 52 -88 80 59 64 -57 -72 61 -48 -38 94 72 -89 -90 89 -81 55 91 -1 -52 -78 -87 -100 -18 48 99 -65 -94 -63 -98 -19 13 94 -66 -99 -98 -63 -20 -40 9 -57 -10 23 -14 97 -93 42 29 6 -3 88 -30 -49 -60 36 16 3 -45 69 75 -100 96 -25 93 -19 -87 -38 -83 
-64 13 53 -6 87 72 -61 -49 -76 39 -2 -56 -82 -77 -90 -97 -34 -28 -75 80 -99 55 -57 32 -13 49 47 44 -11 36 -94 96 -21 -19 81 -35 -68 -61 73 32 -47 -65 15 3 -22 54 1 46 94 84 20 6 85 -20 64 8 -17 62 -37 0 18 -91 80 -81 71 3 -98 90 73 100 -97 61 -38 -96 -28 -73 -33 82 -7 -23 87 89 -87 
28 -13 -33 32 -85 100 -99 28 -21 -34 85 -7 -51 0 -20 -45 -96 2 -72 73 -27 -77 -29 -51 -9 3 -92 -2 -40 52 -96 -24 42 57 22 -33 -52 -29 40 79 98 -58 59 79 54 98 5 -100 23 -42 46 -51 -56 -62 94 49 83 -73 -6 -5 -13 96 34 -36 59 40 24 -78 7 45 -56 -1 79 -15 3 -35 54 75 48 86 -73 -7 -78 
-30 -60 -24 100 -96 -32 66 30 49 -54 -77 -59 -1 -14 -68 -20 98 -58 -31 -64 -73 -2 22 -82 94 59 -4 1 -42 -52 -21 73 30 -22 -23 57 -11 59 89 66 -65 61 -80 -63 15 88 2 -80 -32 70 -81 98 72 52 88 64 9 -81 -32 94 49 52 -15 -29 -56 -63 -95 -55 -49 -82 96 -36 -1 32 -21 -83 88 -78 -27 89 43 -43 -67 
51 74 -14 79 64 91 10 -89 -28 -95 59 44 -91 68 44 70 -73 -91 -68 -3 -97 -37 -47 -96 53 25 73 -17 -23 -60 -63 78 42 84 37 20 89 4 -59 -89 48 41 -88 38 85 84 96 -8 18 -33 -91 21 8 79 93 -29 -63 -61 -59 53 -88 54 -20 70 34 79 80 68 68 -58 51 -15 -41 90 81 -74 64 46 66 43 95 -63 -44 
-36 76 -30 27 -91 -59 82 -60 -22 72 72 100 -65 11 98 46 19 -35 94 -34 -60 58 -75 20 -59 -62 -8 -55 -72 -32 41 -26 -24 86 73 -88 -60 56 -92 51 86 -88 -56 -77 -72 -99 13 -53 67 -52 98 -47 -55 -54 36 7 -79 -50 -88 12 91 88 -86 -21 -18 58 -28 96 89 65 59 71 54 28 9 86 23 -8 72 -82 -94 68 -30 
-69 -9 2 7 92 -78 -80 -8 92 -43 55 41 -95 -65 35 -83 -38 -3 45 -31 88 -37 -36 -46 -55 -75 -24 76 57 -65 74 26 -70 -86 49 19 -87 10 -22 49 47 -36 -24 30 20 63 65 -43 -17 19 95 -7 40 -6 -30 -58 68 60 -10 -20 -6 -95 -3 69 9 63 10 3 90 77 59 53 -43 19 23 -58 -80 43 14 41 88 -41 93 
57 48 -38 48 27 35 69 -71 29 -88 -75 26 70 66 -27 67 99 -28 45 2 -6 -33 -64 31 -53 -43 -25 79 -62 -9 -3 83 -26 -13 -45 -56 29 74 40 -93 59 37 -44 29 28 16 -62 -4 38 70 -3 -48 24 41 19 -49 -76 -24 -79 -82 -70 53 54 -56 -49 82 3 43 48 5 49 41 -8 -24 63 38 60 -97 91 -95 -34 89 39 
-14 -5 27 12 -1 60 36 7 100 -81 -72 -4 86 -8 -65 95 42 42 68 78 31 -99 -65 56 77 65 88 74 -90 -3 -5 -19 -35 -17 80 -3 54 -77 -95 80 55 56 -40 31 72 95 -58 -16 40 42 -46 94 -33 -98 87 40 86 -10 55 72 100 -47 43 -79 83 3 -7 64 -7 -50 -73 -17 -98 -67 10 -13 -30 54 76 -54 -53 -72 35 
-86 -66 -72 3 -46 -35 -48 -90 -57 -55 -9 -85 36 -66 100 -66 19 -2 48 66 -9 -16 -93 75 -9 -5 1 -93 65 66 -5 -17 -21 80 -69 50 -33 93 -36 -95 -46 56 58 98 -39 -31 -6 3 -25 -68 -89 -38 47 59 27 -93 -28 -91 3 66 72 89 -22 38 -2 96 -89 48 15 -80 -80 22 7 62 -14 -49 -44 39 1 28 -25 87 62 
93 -71 -28 -8 59 73 -26 94 -44 22 17 23 79 16 -94 74 36 -8 100 -60 7 -69 8 -76 -30 90 0 -52 92 97 12 89 16 7 -78 73 -76 -73 -40 -85 -11 -83 -45 -93 -23 -93 71 -36 -45 39 -31 65 17 -27 71 45 -53 -90 -15 68 -100 -57 -48 77 -23 -76 -42 2 -27 54 57 -3 60 -86 10 13 12 -69 42 88 -9 -75 -56 
55 -45 -20 -68 45 63 99 -80 42 -26 -86 75 25 -88 90 -76 35 -78 -38 40 93 31 86 80 50 19 9 -14 45 79 -5 49 -36 -79 95 82 77 -14 -11 -98 23 -70 -37 6 -44 46 -28 -67 82 -7 -30 42 46 -64 11 41 76 -56 -23 19 -93 -35 -14 -43 43 -99 1 75 -34 56 -8 41 -100 -4 82 -3 -79 92 15 -15 -99 68 -58 
24 -73 63 -30 77 71 -64 -92 40 -84 -55 -75 -16 -28 -74 -38 -36 60 13 69 46 48 60 26 -39 34 6 8 24 23 77 -64 -43 -1 19 -25 7 58 97 47 92 -89 -56 1 69 83 -86 -22 45 14 20 60 -19 -35 96 -87 -63 13 35 22 -18 77 86 -32 52 33 -14 47 -49 81 -91 -23 -36 82 -73 99 -77 55 -14 -32 -81 -37 -74 
-69 20 53 39 -80 -86 -6 10 52 -44 -43 61 38 45 29 -15 26 47 -82 -65 100 -21 -94 -46 24 -79 -3 62 40 20 28 30 54 -85 26 76 -10 99 5 54 71 37 38 86 23 44 -25 -52 91 -41 71 -62 -15 -93 -87 -32 85 41 8 -22 26 -87 95 77 59 -87 -86 83 48 -18 -39 71 -48 -40 73 57 -18 65 -93 46 -53 -65 -81 
17 1 29 75 -80 14 58 -30 -2 -4 6 55 53 -69 93 57 40 28 52 -79 47 -8 -89 2 84 -20 -62 -27 15 39 -53 -91 74 -1 70 -85 81 -56 -55 73 74 -91 -22 -53 31 -26 -60 -78 -66 0 -39 -89 -53 -97 56 37 -88 14 -95 -29 51 -85 44 72 44 -19 82 -73 -9 -70 -38 -79 69 -77 73 -85 -62 10 -93 -72 -57 -37 27 
-85 -39 -89 -33 58 -47 72 -70 68 -52 -22 -17 98 2 -12 -45 29 -52 71 9 22 -27 51 68 -79 -53 58 49 92 0 -9 47 -17 -56 -80 88 -15 39 88 -41 83 55 -10 -33 57 -62 47 11 33 78 -22 66 -99 28 -27 -7 70 -74 -9 41 -83 1 -60 -98 -5 20 -70 -15 -39 -71 76 35 43 17 44 -31 -15 -99 52 -60 -35 45 -100 
-99 -94 -49 51 35 48 -84 -77 -9 -19 -13 -39 -90 -39 66 28 34 17 -1 -37 64 -84 100 -83 -45 -5 -27 7 65 42 52 -17 -86 40 14 -61 93 8 71 -68 14 40 15 -78 76 -91 66 -29 -97 -63 -24 56 47 -89 45 -28 -46 -89 -98 48 97 -57 68 -9 -9 65 22 -47 63 34 12 -100 59 37 -90 -12 -58 -31 -59 58 -84 -36 56 
-99 100 53 51 44 16 40 19 71 24 41 -94 67 -99 62 94 87 -76 93 -33 -3 -1 43 57 -41 85 44 59 -69 -39 -99 -29 -25 -65 73 -8 77 17 96 -85 -54 86 -11 77 2 58 -6 54 30 63 -85 52 -67 24 83 62 -37 -91 -77 -44 68 -19 -92 -63 -20 53 -15 -94 44 -82 26 0 94 27 54 -16 39 11 20 -38 95 38 -79 
99 54 -4 56 68 -85 -8 38 -54 -92 -90 -60 0 -39 26 18 85 77 4 -9 -27 82 3 -43 -96 42 16 -18 -40 -70 37 -31 -25 98 51 34 87 -75 -28 -99 49 -36 39 -25 -40 25 95 85 12 11 -23 35 19 46 99 -84 -41 -1 76 -22 10 -42 -72 99 46 -99 23 -89 22 71 -13 -98 88 77 -18 52 57 42 -85 -91 18 51 -12 
14 -72 80 -97 -52 -32 33 -45 -91 44 40 -3 99 -19 -78 -38 75 78 -32 -88 23 21 90 18 28 -84 41 -36 40 37 -95 27 71 -17 42 -49 60 42 57 90 19 4 62 -15 -79 53 96 -31 75 96 -32 -56 -39 43 84 80 56 19 40 91 -32 12 -13 83 -84 -31 -10 19 59 60 29 -63 -99 55 -42 55 -83 -19 23 -74 83 32 -7 
-70 38 8 75 -73 -17 -73 -80 -25 42 21 78 28 99 -45 79 86 -96 -13 7 -55 -45 -26 -99 -38 -28 63 -60 -48 -20 59 92 -100 97 30 61 -34 61 30 -18 -46 -76 -11 -88 -28 -13 49 85 53 -77 29 3 59 55 -33 -70 -90 8 10 -93 96 -62 -85 -56 -54 90 11 2 40 85 -47 52 74 50 25 37 -74 -6 -88 92 22 -83 -31 
-23 -74 12 19 85 -47 37 11 -54 2 -9 70 -11 93 -88 35 87 80 93 85 16 26 81 -48 -81 -97 58 -30 63 33 -14 -5 45 26 -31 59 98 25 -15 -96 83 -27 -70 -7 -62 73 -26 -53 82 77 40 -32 -48 -35 53 -100 46 -79 62 63 -85 73 89 -82 22 -89 -85 22 28 -66 -33 31 47 -3 -37 -13 -79 50 -42 94 -26 -47 -60 
48 48 -53 84 94 16 92 72 43 -70 74 -76 67 71 94 -55 63 8 30 -74 -10 30 24 80 73 18 87 -25 -46 39 -85 22 51 3 56 6 63 73 11 -44 -71 19 97 56 26 -2 44 93 -22 79 -81 26 -23 34 -88 80 44 17 -89 -88 29 -90 100 11 -89 83 50 70 -57 -67 89 19 93 -24 4 40 -35 48 15 -7 74 91 -79 
63 -69 -57 -86 -77 12 65 84 -93 16 -84 -98 77 -69 -50 49 -78 -8 -96 -20 -77 99 -11 5 59 -54 91 -39 -10 38 95 73 25 -45 91 -62 -68 34 41 -49 -13 -47 -81 56 100 -15 -62 87 -94 -99 -3 6 -24 91 -23 -94 -40 24 -76 -99 -98 21 91 -94 -72 -52 28 -98 64 -21 -27 73 -31 -7 34 31 4 -93 -29 9 83 -72 -24 
-31 -99 -75 41 29 -59 -70 -47 43 50 7 32 -58 91 67 7 6 37 63 -74 -40 -18 -13 29 -6 -33 -66 9 80 -86 -83 11 65 72 94 100 -79 -100 -6 -65 -50 81 -47 -82 7 -66 -61 62 -50 -68 -62 87 0 -43 19 -30 -67 90 -33 0 41 99 43 -40 -8 85 54 -74 7 25 -43 63 14 55 64 -94 98 -15 68 94 -76 -55 -99 
-84 -53 67 83 0 45 -63 -9 53 75 35 93 54 97 -2 -57 77 -38 -3 60 5 29 -7 36 -42 89 40 73 68 -10 58 43 -98 -20 55 -38 46 83 -43 76 -83 -28 2 19 -34 26 -51 -48 67 -69 -9 -65 35 -39 71 39 55 33 -12 87 -91 -69 22 -29 -75 -50 -41 65 -75 78 51 20 86 -42 -28 -63 -65 -40 -2 32 -59 37 -61 
-82 23 -72 -74 63 97 45 -3 35 6 58 4 36 29 -19 69 -5 -74 10 -70 30 -99 10 -68 88 -39 -43 -57 8 44 -97 79 -36 57 18 22 4 -81 -12 -1 60 -38 -89 -58 69 -49 12 -21 36 35 2 -69 50 -11 -55 44 44 19 -78 -89 30 -28 94 -24 30 -18 -78 -89 21 3 -8 -97 45 -83 -60 19 21 -89 92 -66 77 36 27 
57 17 -58 -1 100 37 92 -8 -16 -68 -52 -44 -12 12 24 57 66 26 -64 -78 -5 -78 -44 -32 -59 -28 -39 17 60 -11 -35 -78 23 -30 -18 69 90 25 59 98 80 23 -95 -27 82 -88 22 -4 -47 -13 82 31 19 -69 38 81 42 -61 26 77 85 -48 -18 26 -55 -60 70 99 -3 -23 26 82 28 87 -49 -13 -42 -55 47 -55 -21 84 -58 
-43 51 17 15 14 33 49 -16 -66 -84 -16 93 -86 76 85 -1 -13 55 8 -60 -45 -37 -33 -48 -84 29 21 88 -21 29 -38 -19 -83 94 21 23 -50 82 -34 70 -83 83 -41 -5 22 18 59 88 -77 -12 20 7 56 -9 63 -70 -96 43 -15 65 64 18 95 92 -68 75 -85 10 74 40 -69 -83 -60 -9 -58 26 54 -43 33 -7 57 -82 -52 
-59 -12 -19 0 90 53 28 22 -41 -3 100 91 69 -49 -91 -64 -16 -20 47 62 82 98 -92 1 28 -23 16 39 84 41 98 -82 67 -27 41 -25 58 -62 -87 68 79 87 -74 58 -65 18 10 48 -46 97 84 52 45 -19 96 44 17 67 -82 20 87 10 -47 -50 4 -65 52 18 51 -22 -16 88 -68 36 -25 76 -85 -28 31 15 -63 -45 -51 
92 -90 64 -81 79 21 73 -17 -40 -15 35 70 -26 3 -19 47 75 -44 57 -39 -36 41 27 18 56 -85 99 40 -99 8 -69 -9 90 -82 17 -77 -3 -77 90 26 10 -55 -48 31 2 -32 81 -2 18 -11 16 8 1 14 63 7 70 47 66 -23 30 -34 -75 -91 4 -91 -61 66 -63 25 4 -5 -52 41 -67 -62 2 20 38 44 18 65 -48 
21 -74 7 -5 -85 -81 -35 57 -92 -29 98 70 60 87 -46 -83 75 14 -100 -11 -45 -15 10 -82 -99 -23 -36 6 74 47 48 27 -59 -23 39 -32 -21 68 -2 -9 -56 -16 -54 73 -17 27 -68 56 69 78 92 -21 -87 -42 -42 -6 -47 -42 -19 1 59 -6 -35 -64 54 77 54 -41 53 10 83 -13 62 39 -59 92 36 17 -17 -23 43 49 87 
45 -57 63 -57 90 -19 41 79 6 -61 -35 46 -11 52 90 -64 12 17 -84 -54 15 49 -48 -21 94 -55 14 -55 98 69 24 -24 39 97 27 6 -43 84 36 22 74 -50 -69 -76 0 95 77 -89 -66 -9 6 -47 2 -8 -55 -100 36 11 74 -76 -69 13 55 -85 1 64 26 -65 80 -100 24 68 70 -89 -73 -27 36 29 -32 18 -63 61 -10 
39 58 -66 7 -7 98 39 -26 54 -46 23 -41 -54 31 -76 34 28 -93 -35 15 -21 -86 -95 95 97 -69 5 99 100 74 47 8 0 -33 94 -6 27 -79 -80 21 -32 5 -77 -55 34 -80 100 71 27 25 22 -90 95 -30 68 -33 -47 58 -98 1 26 44 49 -29 -5 -98 33 83 59 -40 -64 -10 90 -7 32 23 61 -48 -14 -71 -34 -52 26 
-70 30 65 -39 -88 40 54 52 14 -66 74 29 -44 31 -58 -7 -99 -64 37 14 -51 -87 49 -61 24 35 -92 -55 60 -63 -5 -93 -68 -22 -28 -31 3 59 70 -32 -97 42 28 -35 -99 68 -79 94 21 -43 99 59 69 61 31 -40 -33 -42 -100 -71 19 8 44 -36 53 47 -70 -27 57 -59 68 -18 42 43 43 48 56 -39 -68 27 23 -14 96 
-66 6 80 -88 40 24 -99 49 55 -59 -83 -40 -34 -17 -3 0 -9 100 -46 85 28 1 11 -69 -3 -65 -35 -93 28 22 -80 -1 18 -59 -36 -62 87 81 55 42 20 66 28 -34 -5 -73 59 31 8 -8 64 9 78 10 -5 82 -26 71 -12 55 43 79 -81 -56 -92 -24 74 9 14 -42 -35 97 65 -68 0 23 96 -12 -90 9 -34 44 -64 
-43 -9 20 -26 3 58 21 -62 22 -39 54 81 65 59 -16 11 -16 -46 21 -88 90 -27 51 62 -42 -44 -69 -72 -88 45 -21 -8 -76 -96 -68 -56 80 -30 -75 90 18 8 -96 -79 46 -97 -68 -82 58 -22 -60 -29 -8 75 14 23 62 3 -10 47 -60 48 -61 -54 -68 88 94 -29 74 68 -75 -71 57 -55 82 78 74 -79 97 -36 60 43 10 
59 89 -17 2 74 -87 78 88 -54 18 -13 -2 54 -50 90 -58 79 71 -71 -31 25 65 -68 -45 36 -41 -61 -52 -97 30 -7 56 -83 -22 -13 -18 -34 41 -77 100 98 13 -77 3 92 -89 50 -18 -5 43 7 -62 -21 56 -6 -46 -60 -2 -84 43 36 9 -58 46 83 75 27 -19 2 -92 10 -56 31 26 -9 -69 95 60 2 -4 39 47 -21 
9 -50 -78 -98 76 95 53 75 -31 83 -37 -46 -45 -7 87 19 72 91 28 12 53 -29 50 -51 30 80 81 46 -100 17 32 68 -69 58 98 -83 58 -81 86 -42 -91 56 19 54 72 -73 -11 77 -71 -41 59 76 19 -59 -54 -97 -42 71 23 0 -19 1 45 -54 97 55 23 31 82 -35 56 42 -48 -49 84 91 58 -12 -65 17 39 47 26 
95 85 -27 -49 0 -26 -85 -51 -65 66 25 42 -72 -27 -7 98 -71 26 85 9 64 -30 40 76 86 -41 -41 4 -28 86 -58 29 -32 49 -44 -16 -40 15 52 26 -15 92 12 39 -15 -69 -55 -21 -90 57 -100 94 58 8 -29 91 -26 -36 -87 -13 37 98 51 -33 76 -34 32 -8 -31 -68 62 -50 -17 99 67 32 41 76 24 64 -88 70 -10 
68 14 -82 32 -19 -70 58 -59 -87 -40 10 -85 -43 76 12 18 58 56 63 84 -95 80 -83 -53 -5 65 81 -94 -25 46 -89 -39 25 35 -29 17 -39 47 -66 82 19 90 88 -88 70 -29 100 -52 73 -9 -49 57 10 37 93 -41 55 -78 -71 -41 -28 -53 63 -53 14 24 -43 -48 -63 -13 -51 -78 -11 44 -29 97 -2 -89 -98 -73 -61 64 -78 
-28 -56 3 -9 -26 -60 -73 -98 66 -26 -72 46 -6 -62 -36 66 -68 7 1 81 54 -39 97 32 81 9 43 32 -96 -64 -74 -62 -44 70 65 -53 -33 -94 65 -28 -98 -100 -100 -58 -38 -69 -67 -96 -40 -66 58 75 89 93 91 -5 -44 -32 -42 75 14 -47 -72 -82 -32 79 -26 0 86 43 49 -8 -27 80 91 -12 -75 -28 -43 46 100 49 88 
15 92 -10 -93 -74 -99 -3 46 -75 -16 51 56 88 -28 80 -91 8 -66 41 -91 -96 37 -76 -67 27 -67 -20 50 -37 -20 60 52 -88 73 4 -85 83 -15 -39 25 44 63 -67 -84 89 -77 72 -37 -87 89 8 18 81 46 19 -88 39 68 -11 46 45 -81 6 17 20 -16 -12 -69 -21 43 30 -4 93 -44 99 -67 74 -63 49 -98 -74 -71 41 
-20 -20 75 -19 -35 -14 -84 -92 -39 -2 89 64 4 78 87 15 9 77 19 76 -34 -43 50 -52 -72 -95 8 -6 -33 -35 -94 35 78 -98 67 -19 -55 -75 87 -87 -45 -18 54 42 93 -78 -28 16 81 -80 71 92 -6 -53 73 31 64 -51 -24 -41 39 -30 12 61 26 49 -85 -12 0 86 43 -31 -37 -72 11 -61 -96 -69 54 -22 92 9 82 
99 -89 -77 53 -12 -73 -43 86 -27 92 -42 48 -71 77 -75 11 71 96 -26 -71 84 -69 41 -13 -71 -61 84 1 50 -23 19 -52 24 -38 12 -27 38 -22 -40 89 -54 18 15 49 69 87 -34 -75 80 -80 -67 65 2 85 86 92 18 -61 51 63 -26 -21 -5 -22 11 65 -4 -44 -39 77 -57 -48 -52 94 -78 -63 41 -15 -61 17 27 24 -10 
74 -33 -71 -46 39 72 -43 55 20 71 -83 -87 -5 61 97 -9 -41 24 33 -25 47 85 -1 -23 -47 -31 -42 20 -34 56 91 -6 96 -68 -55 -23 11 -29 -100 12 81 41 98 -2 -83 98 55 -60 89 55 89 33 46 94 46 90 -48 -45 74 -41 83 -50 52 55 77 86 -29 -99 -52 89 -68 38 6 30 -91 10 -49 19 -72 -92 -70 -47 -35 
-30 57 -58 9 26 -18 -33 81 60 -1 -11 72 68 30 -75 -88 20 78 82 98 40 78 -39 30 2 -14 74 -41 -12 4 -40 -6 -13 8 100 -97 -67 81 99 -51 95 73 -58 -15 34 97 3 -39 -30 -82 70 57 -32 -54 -30 -90 -17 -81 10 2 2 24 3 -35 86 25 -4 25 2 95 63 -68 96 93 -49 -100 -25 61 -91 -75 -20 78 -28 
-58 13 67 -81 -39 -96 -16 21 -67 -76 39 56 -88 39 -91 -29 87 -34 -67 -43 -35 73 81 -87 -97 91 -78 30 70 -69 -29 82 -29 -100 -72 8 86 51 1 52 -42 89 -22 -72 7 87 1 -94 -89 42 -23 -50 -59 -92 48 95 -68 10 22 53 28 28 36 98 -61 38 -46 64 -7 12 -68 -55 56 76 -24 -40 -56 43 -2 -12 -23 50 79 
-43 -71 -66 9 -55 0 79 18 35 66 -26 67 -57 60 -38 54 30 -24 -49 12 61 38 -18 53 -3 -59 91 16 -89 21 27 -25 -25 -95 -25 -67 -50 40 54 82 69 -82 8 43 0 92 82 1 34 14 56 82 30 -15 16 74 -16 -29 -71 95 -83 81 -26 81 11 -14 -16 17 -77 46 76 25 -80 30 -97 34 -86 -39 71 -97 -47 30 -12 
47 86 98 -19 12 -74 59 59 98 -79 -38 39 -4 68 75 45 36 -10 36 100 60 62 -87 67 92 -21 -32 -84 -98 6 -10 -35 42 -31 -21 -68 -1 66 -31 -75 -38 -91 -10 -59 2 23 -45 -44 -80 22 62 -1 35 66 19 -96 17 -9 95 9 -31 99 -54 89 15 -79 29 -32 19 -11 -46 95 40 94 76 25 63 -29 52 -7 66 -2 46 
91 51 -44 16 94 75 -79 -65 -17 23 41 67 6 -29 -48 -77 53 -9 95 -14 -59 35 -19 26 64 21 -97 -15 96 -92 -83 -97 -80 -37 23 91 64 77 22 -6 15 100 71 -73 -29 86 -21 -50 -83 100 -67 11 -88 38 100 20 -20 44 99 48 32 -62 53 1 24 6 27 -98 31 -97 42 -55 -42 -3 0 25 -18 -74 -86 32 -9 -86 18 
-70 -89 56 84 25 -71 -86 56 19 -4 -22 -6 55 -48 -100 86 -97 55 63 -22 60 -63 60 10 4 26 -5 60 -94 69 -43 -93 100 58 -15 22 28 42 82 -9 55 76 -47 -20 47 64 -10 42 24 -15 -74 -61 98 -12 98 28 -39 96 -22 -49 98 -1 97 -50 19 7 34 -32 -95 27 94 -33 -32 -47 21 30 -55 39 -89 -88 -86 90 -3 
-60 17 -3 47 -2 -41 -89 18 -40 -67 14 -91 7 -71 -95 -17 54 -31 43 -5 -55 -20 81 46 -92 48 -39 37 -78 -40 64 -30 15 51 -62 -45 -14 20 -27 -12 -4 -36 32 -40 41 -3 53 -46 23 -65 -24 -89 -35 -40 -66 -19 -13 64 65 -95 16 48 -23 12 -49 92 67 -29 -71 25 -42 -3 -81 28 -57 88 -75 20 2 61 -36 -22 81 
38 -51 43 43 -52 -5 28 -49 -24 61 -99 -92 -11 54 -44 -51 99 -38 -52 56 95 -48 -42 -21 -71 -81 8 11 -87 67 12 34 26 86 33 52 72 13 -49 -74 -83 67 -74 100 61 74 97 -39 6 99 41 42 95 -55 44 -92 -61 72 -13 88 -87 74 -58 0 -81 82 -68 4 -38 8 5 51 -80 -44 75 -39 27 65 49 -90 -93 -69 -95 
45 -83 -1 -68 -41 -57 -66 -14 -71 -48 -94 62 -45 34 -97 8 8 55 -92 -8 -88 100 3 11 46 -14 -86 -73 -12 93 -7 68 57 94 42 86 -61 -100 -98 -65 -83 -55 -56 -44 -67 -5 77 31 76 -55 74 97 17 14 10 1 -79 95 -11 54 -9 26 35 87 20 24 4 -78 -85 85 71 -94 -54 67 -88 0 66 60 -72 62 46 -16 55 
-24 98 -71 -37 56 -90 -53 65 -20 -34 -95 -43 -32 -79 -78 -43 -76 39 -66 -89 13 6 81 85 -69 -93 -43 -5 -53 -26 61 41 84 84 96 28 -2 32 52 -34 -98 -12 -17 73 -40 -40 0 47 -83 40 70 -31 -1 -39 -83 -53 -54 49 58 -39 20 66 -44 8 23 -47 73 66 -24 8 -29 -6 -32 50 42 10 56 74 -64 -62 -27 -29 -27 
-67 -62 -27 -61 13 81 13 3 -83 -89 -83 -17 -53 -9 -11 -82 96 8 -29 15 13 -36 -14 -61 -97 -28 -18 43 -92 88 -48 -54 -85 75 -79 11 13 63 -55 -20 -93 8 -96 -15 100 11 64 21 -78 74 43 1 -33 -37 -31 -40 29 47 -54 63 100 -76 -72 25 -35 -25 16 -38 -19 100 83 100 -15 85 83 81 -89 31 35 95 -39 -18 56 
-88 -30 -62 -23 30 -36 1 43 -38 21 -65 -15 17 36 65 64 41 -38 -56 -83 -92 64 -81 26 -77 5 -68 12 -73 -10 36 -1 -28 -36 93 36 40 -49 77 -52 -41 -93 -50 53 52 40 -18 75 -83 69 -74 88 -26 -77 -15 -68 -7 -79 51 -56 37 78 78 59 16 4 58 -57 -68 -59 37 51 -5 82 95 45 -92 -93 -82 73 37 -86 84 
-30 91 61 38 -28 61 -29 -52 -79 -31 5 -18 83 -13 17 -50 -46 -50 -21 -63 -94 86 23 -84 70 46 -76 -81 -65 5 86 100 41 -90 -94 65 46 -16 -95 4 43 -26 62 -29 -61 -78 77 -93 -43 42 -80 19 -61 -22 81 5 77 66 -15 74 -97 -64 95 -12 -9 99 -33 35 34 76 57 -40 -37 -91 22 86 -7 -87 12 -27 53 84 -49 
-36 23 -69 8 7 37 -21 70 68 -81 31 30 39 65 8 -50 61 -34 52 44 27 -57 26 64 -74 -14 8 -75 59 -14 -41 -20 31 -93 45 -17 -9 -8 -97 -67 -24 -34 60 -25 12 48 -10 60 -35 -77 4 -11 47 -71 82 59 1 -14 89 99 -28 21 -52 81 -5 43 69 -54 -40 4 13 -72 63 -44 -62 76 85 -25 -93 64 4 63 2 
-39 78 97 88 52 88 -26 39 -96 -46 -83 39 -37 20 72 18 -65 -42 -40 21 78 -28 -86 -51 -15 -96 50 94 2 90 21 -32 -23 64 -89 31 67 -93 -84 89 63 -12 12 -22 -3 -62 90 -46 77 75 -13 67 38 -65 -45 -94 2 -4 -29 -80 -47 -63 0 -16 24 -55 9 -70 -46 70 76 -53 43 70 90 9 5 13 21 -71 -23 98 16 
30 13 59 -40 -76 -17 -34 -25 47 -8 46 74 -31 43 -53 97 -29 6 12 -63 -39 -33 -4 11 -53 -90 54 -96 2 32 -85 -45 -46 58 27 99 -37 -47 -28 92 35 9 -95 25 41 -57 9 64 14 -29 74 -4 67 -40 26 89 -61 -82 64 51 48 -35 58 -79 44 78 47 -56 -2 -12 -25 -96 -51 18 43 13 -7 -90 -58 -75 -51 33 -36 
55 65 -4 87 10 59 -71 -3 -44 66 -100 -6 73 -75 -24 -99 40 1 99 72 86 17 -19 -56 -88 -35 -95 74 -87 60 40 9 66 87 47 -26 -91 87 52 -58 45 12 13 72 -2 29 -60 39 13 53 -21 9 24 -21 -30 13 -16 74 -40 -68 61 -68 -50 -8 -42 -18 -80 95 -3 84 -55 21 9 -15 98 -45 -86 -69 29 32 -29 16 -88 
10 90 -58 -63 48 -26 -70 -96 55 -22 87 -27 -72 43 -41 59 88 25 40 -96 55 -71 39 -61 58 -82 -27 -53 17 -30 -17 97 -98 -16 -73 81 75 36 79 -53 -58 -29 -8 76 85 55 -68 70 -97 -88 71 33 52 52 -8 39 -74 -61 89 25 -53 -52 -100 -87 4 -76 74 71 83 -67 70 88 86 9 11 97 76 82 28 -29 -89 -82 -13 
-48 64 -68 -70 -66 20 60 9 -18 42 -16 -2 -77 100 24 31 14 15 73 47 78 -58 25 70 -87 -94 -84 -45 18 55 11 -35 55 -89 -3 83 43 -17 -78 70 -58 -65 30 -42 64 41 48 -38 79 76 57 -22 -33 82 18 12 -34 99 11 17 96 39 -15 -61 88 79 63 8 86 21 69 -44 -8 -79 -95 -63 9 -75 -88 -67 -32 27 24 
-6 100 77 -4 86 -55 -95 -59 56 -64 -78 39 -8 86 -31 -68 0 36 -81 -46 43 31 -87 -71 -78 -62 4 -27 -41 -4 61 -46 23 42 71 -89 0 29 17 81 26 -37 84 35 71 78 -50 -6 -2 61 -38 -5 -77 -29 -18 52 47 20 -31 -57 46 4 -89 -82 -18 -91 -8 37 75 83 -2 30 -42 1 -54 77 0 47 41 -7 27 19 -57 
-100 -66 -73 65 -20 90 -1 63 53 84 -3 36 -64 -83 83 -67 -57 57 -88 66 12 -3 14 77 -31 -32 -80 41 68 -69 64 -71 78 -28 -92 60 -96 -76 -50 30 48 82 -36 -57 29 -3 16 39 59 -72 80 59 69 27 18 88 42 66 52 -90 -58 -55 -49 -30 -74 -50 40 81 -87 -83 36 25 -83 64 9 -63 -64 56 -17 -97 -70 -15 16 
86 19 36 6 -80 -90 43 -17 -61 -48 -40 47 48 55 97 -50 -99 65 18 36 76 72 -5 -24 -98 23 -58 -79 30 -25 0 8 23 79 47 62 -17 -51 -31 -35 12 13 11 96 -62 84 -95 35 66 -57 -12 -32 48 36 29 -17 -31 -53 -87 -38 92 -75 -84 21 -12 -16 54 -71 58 0 -39 37 -42 -77 -66 -15 3 76 62 76 -72 74 -6 
44 -87 9 -18 -48 -92 -22 -60 -43 13 -37 -29 50 -42 80 18 -79 -28 -57 -81 -24 -32 69 -72 24 88 52 26 -54 14 72 23 9 -79 30 -75 -62 57 67 -46 93 -45 57 42 59 -23 -94 16 -62 -3 -42 28 60 75 0 40 14 19 -70 -47 75 12 -51 15 67 23 55 55 13 28 -36 -95 -3 56 -72 87 45 92 -40 9 66 -14 39 
56 33 53 -31 3 86 93 -45 -46 36 -65 -96 -27 -6 2 6 -16 -99 -52 6 -90 36 95 -21 95 -56 86 -52 -99 -5 -37 -96 -11 53 48 91 51 -19 -42 96 -51 54 64 -74 -70 31 52 -36 -39 64 35 -70 69 63 94 -8 41 -93 48 -85 -22 14 -8 68 99 35 -95 -48 43 -7 13 -65 -81 83 -47 -76 11 20 67 -52 8 -18 -59 
-85 -39 37 -95 41 48 -78 -28 13 32 -78 -57 40 96 20 92 -40 94 10 -27 -17 -9 97 83 72 -20 -85 25 -73 -17 94 -55 9 72 61 -65 -18 -9 2 59 47 -93 73 -46 -1 -78 98 62 30 -15 -38 11 -71 73 65 12 32 96 -4 -70 76 -80 35 -35 -84 37 -66 -55 -99 -20 23 33 15 -95 -75 14 97 -21 -45 64 -94 74 74 
-73 12 -75 -70 26 95 -43 90 -38 9 38 74 3 34 -28 -80 94 91 19 30 28 71 41 -62 -37 -83 88 -27 -52 -8 -74 71 25 30 -17 21 -54 -54 -59 -39 -82 -90 -26 -45 -73 -53 77 36 61 -72 -2 84 -76 -21 -46 -32 -88 94 40 100 61 44 12 36 28 81 8 69 -22 92 -8 6 67 -56 96 86 82 -85 -40 -52 -39 47 14 
