21 -36 52 -89 -43 -12 85 -73 -100 -95 75 36 40 97 59 -60 44 -97 11 47 -48 77 73 31 -11 -61 55 -68 77 1 -90 30 -44 -63 -27 66 28 -58 -48 51 -40 -46 32 54 29 -55 34 -27 98 -46 33 -90 5 -60 95 -30 -1 -84 -44 85 -79 68 -46 21 81 45 42 -30 -95 -37 95 51 -63 59 -73 57 -74 -88 -58 -10 -44 -70 -96 -99 -50 55 -37 29 77 -76 9 24 10 90 34 -23 
50 21 -42 84 54 -65 -1 88 -17 -44 46 26 73 54 3 -19 -17 -13 97 -75 -3 77 -13 81 79 -61 -64 -68 64 98 67 -5 72 -20 -85 30 71 59 70 80 -30 22 94 -14 -19 23 67 66 80 -37 -48 40 -96 29 39 -54 55 49 85 39 29 29 80 89 -4 14 -85 -77 -99 -70 -43 -88 -78 -84 92 -59 28 71 -79 -3 -9 31 -24 -58 7 -21 -25 17 74 -14 -37 5 22 12 78 58 
1 -9 9 -34 16 91 49 -65 -45 -90 35 -33 -73 -27 50 -87 60 -90 -92 -79 -28 10 -72 -66 -19 -62 45 96 33 47 -82 76 57 11 -19 75 -72 -32 54 24 89 98 -32 6 -5 5 -1 -92 -30 56 60 67 11 -4 -91 -58 77 -20 8 -56 -95 -68 -90 -47 -74 8 22 -82 -25 43 -54 -16 -76 -65 -17 -26 37 44 3 46 53 2 -66 -53 -38 -45 -65 -8 38 -23 -95 63 33 -55 -9 -42 
56 13 82 -53 87 -54 -42 19 -64 -69 -68 -84 71 -80 26 44 -78 32 -86 -61 -76 -86 6 -18 53 -93 70 44 80 -75 14 -24 -7 68 64 -74 67 -8 -74 -69 -65 -100 55 -82 -66 48 -4 -39 -73 52 80 -72 21 49 -39 32 -2 17 38 -5 -39 48 -34 69 -53 -64 -92 61 16 -9 -13 45 90 24 37 -78 71 -5 21 46 89 42 -55 59 -92 -65 90 51 88 81 -32 87 61 11 55 -24 
-15 81 7 -22 67 -59 35 14 -22 -78 -79 3 -50 94 39 -15 88 68 28 -92 68 83 -82 51 2 -52 33 -85 -6 -38 9 -32 2 -21 -43 100 53 56 -83 46 -12 34 -53 -11 70 -16 47 -79 1 4 29 12 93 -31 -50 -68 45 -91 40 89 -32 -70 -34 32 -6 -93 56 71 49 16 50 14 -99 59 -46 1 -58 -98 23 69 44 37 56 56 2 -37 -72 28 -11 -73 85 72 36 58 -37 -79 
-50 -38 -75 -72 -55 15 -35 -16 -16 -98 55 -19 -45 -100 75 -6 -8 -90 99 21 -90 -55 -89 -79 -68 -3 -55 -42 -59 -69 -85 -68 -8 -1 -72 -18 34 -78 35 32 -5 96 -26 92 -22 3 25 -49 -32 16 -46 -43 66 20 65 69 5 -25 82 -49 -31 58 51 41 -59 -33 -27 -78 -62 -12 -74 -29 -36 -98 -40 -96 -63 59 -72 77 18 22 49 96 -56 75 15 -11 86 -19 -3 18 -78 8 31 -25 
75 -52 -53 -96 -100 -79 21 -77 87 8 60 9 -67 -80 28 36 89 88 63 -60 21 -72 71 22 13 28 56 8 -84 85 -23 91 -34 -51 -49 -45 14 61 -69 54 78 99 -32 63 80 -26 -17 -4 -52 -68 2 60 -13 82 61 -54 -87 -95 44 37 45 66 87 -70 -39 1 -50 -2 11 61 -70 44 55 -82 -67 5 -8 92 -2 -22 63 -23 -82 -56 95 100 -18 -92 69 -37 55 -51 61 -73 50 -2 
-62 -44 -16 9 -53 -23 -38 -73 75 19 98 22 -16 -64 -81 -5 12 -56 -67 -75 59 2 17 30 53 -11 -37 79 -12 -66 -92 5 60 -9 100 94 97 -30 -69 -84 -1 -68 89 -30 74 41 -23 32 59 34 58 57 -24 82 -36 -93 8 -71 68 -55 35 -85 17 35 -57 63 -77 35 79 95 -75 45 12 42 -4 98 -55 35 -47 -66 11 -49 62 46 49 -65 -14 48 -12 -84 -72 56 -2 3 -11 -67 
-58 -29 24 69 12 73 47 98 25 -27 0 77 -87 57 40 -85 -8 20 -56 18 36 -33 -85 56 98 36 -80 86 -34 61 -93 58 -60 -35 57 35 92 47 48 4 -30 88 79 -61 -89 0 72 10 -6 39 54 -35 -46 -89 -63 88 -14 -10 80 -42 12 19 11 69 42 20 52 -13 43 58 71 71 94 90 31 71 58 -51 -42 -12 -10 73 -99 -17 -97 -29 -74 -82 51 -37 -76 -36 89 7 -6 -39 
-7 92 83 -47 56 71 -70 -17 81 37 67 -55 -36 -91 30 -13 -60 -55 88 -8 45 -73 -98 83 -63 -13 8 -21 -95 89 -62 -52 95 -45 -78 -11 -66 61 -38 -12 -71 -30 -87 -11 -80 57 35 -67 50 -36 7 -53 6 -32 6 -89 -51 -65 -51 -37 -32 42 -44 91 -57 18 -3 -20 -13 1 -40 100 -34 -6 98 -28 -43 53 -89 -7 14 38 -21 32 -17 -66 29 -48 -38 44 54 16 43 -51 17 63 
12 61 56 54 -74 -38 83 -15 -56 -27 -15 -69 -97 69 -7 11 77 87 2 35 -26 89 22 -11 35 45 -53 9 -66 75 75 26 -37 -42 98 18 -89 17 42 76 -2 -70 -54 21 -38 -33 54 -76 20 -57 -24 27 8 -53 -98 -61 35 -66 16 -23 95 -95 -59 89 55 -74 -75 -75 -98 99 -37 -96 -28 67 -62 47 -19 61 -19 -30 -79 -57 13 1 5 37 47 51 -94 -49 -54 86 84 -22 -86 -33 
14 4 38 61 -50 -36 36 20 -92 -76 -46 -23 -58 68 34 -36 -66 -45 56 -80 -18 13 -24 -75 -91 80 28 55 71 72 -19 37 -28 -51 -91 47 6 78 22 81 -36 30 -12 35 -4 -7 -60 25 40 4 -14 -9 40 9 25 50 -62 35 7 13 36 -67 -8 40 -40 36 8 -67 -89 27 -36 68 -27 -25 76 70 69 -88 18 66 32 -63 45 -28 -1 40 64 -56 70 -47 93 7 59 76 16 66 
-44 50 -6 -98 -90 21 52 87 -47 76 -57 -95 -89 -75 90 38 8 -78 35 73 8 -13 -56 73 98 -30 -18 87 9 -51 -7 61 -40 44 69 -50 95 71 -22 -66 -51 -26 -64 -68 17 16 -29 -9 47 -49 -57 89 60 -57 100 70 83 61 -75 53 79 -64 -8 96 -43 95 -10 38 62 2 -85 51 -28 -79 0 55 -14 -68 9 -23 52 -34 44 18 -24 83 75 79 93 55 5 78 -44 84 4 -85 
11 10 -100 77 13 47 80 -62 31 -59 -50 -57 63 -26 -69 26 23 -5 -35 -29 1 -53 -96 59 -33 -24 -30 35 52 -61 87 -1 6 93 14 23 71 -87 5 -28 -57 -15 -62 -1 59 45 -48 -30 43 11 95 -43 -86 -48 -29 0 -86 53 -25 3 13 87 -41 50 -47 -96 68 -90 -28 -48 -32 74 12 68 5 -41 52 -36 -55 -61 -54 -3 44 71 98 -41 -83 60 30 44 -29 35 82 86 32 47 
-93 41 34 43 86 -19 67 -85 69 88 -12 -74 85 -53 -39 39 51 -8 100 46 -74 -29 33 -44 56 2 -37 -53 57 51 48 -28 95 -5 -7 -77 13 64 -56 -94 24 -18 5 29 21 -59 69 -30 -24 31 43 -88 -84 -56 -58 -66 -45 -10 -44 65 40 98 5 -37 -56 -58 72 -56 57 53 -69 52 0 18 -98 -90 55 84 44 -73 14 -26 -4 31 90 72 -71 -17 84 87 -22 -45 -67 72 -64 21 
94 -87 91 -86 71 76 72 -69 -85 68 -23 -96 89 -90 -25 -78 -2 -14 -12 68 95 -25 -100 86 66 100 -14 -96 78 40 -20 5 38 -18 73 96 81 -7 17 -77 -99 13 3 -71 56 -11 71 -92 -83 35 -44 -52 -46 39 -60 16 -71 -87 48 35 90 -74 -51 38 55 96 69 77 -10 -100 -92 34 65 -52 45 -75 59 54 33 -33 32 10 4 59 65 -18 -97 -39 -61 -99 64 -84 88 -48 -56 89 
27 -82 38 60 -1 43 30 -33 41 -2 72 7 -91 16 80 44 -64 1 -43 20 14 -71 -47 -51 88 61 -43 -80 73 -85 -33 16 86 -80 -56 77 10 86 96 21 -58 90 -44 -38 82 73 -12 -39 61 100 -83 12 10 75 -18 -47 92 71 60 -85 38 -9 24 94 7 80 15 -73 56 -9 49 -100 -13 -59 -29 61 64 91 -13 61 91 59 -83 18 30 -11 -22 44 83 -71 -43 -99 92 -43 83 47 
-79 -27 9 -7 4 45 -88 -83 89 53 -20 -83 -70 -58 14 -17 -91 20 -76 -26 70 -77 -19 -77 70 -6 -6 -51 60 -7 -81 67 85 -65 -47 -81 -19 -94 -53 67 15 17 -32 11 54 -83 -75 85 -86 16 93 38 -26 97 -79 7 -64 69 -73 -38 93 58 21 89 -95 63 -23 -24 37 -58 45 -82 8 72 66 -100 -7 80 24 -76 -46 22 66 -49 62 -2 -86 85 -90 -60 89 100 7 89 66 47 
-12 71 -74 41 -81 39 -2 2 83 86 21 61 69 -45 -68 48 -13 39 -70 90 -70 -43 -77 31 -32 -45 56 -69 -63 82 -25 -6 -66 -93 75 -42 -64 -50 -95 -47 -77 -17 -93 -97 70 18 94 -7 -26 83 -34 -53 65 -19 87 -54 62 52 -78 89 -85 88 -63 -2 50 73 -93 61 -14 23 34 -48 -84 39 84 -24 -62 52 56 -7 -27 42 47 -50 62 19 -39 -56 -66 -66 33 -47 -91 -4 99 -49 
21 -71 -41 -14 20 -91 -17 72 -13 -21 33 95 91 -43 -4 -62 83 -48 41 -26 69 -19 75 -28 -44 -56 10 -2 -57 27 -18 9 -60 -13 -33 -60 25 -47 -89 16 -44 97 16 -58 23 -58 71 -47 -71 -11 59 -78 -14 -55 57 27 -2 80 -48 -42 -77 -81 17 -63 9 -36 39 -38 -60 63 93 30 -86 -35 94 -27 -61 -41 53 -24 59 -84 -43 -30 -69 14 -32 52 18 17 -21 56 2 -27 56 47 
77 -20 -24 35 88 67 -96 -14 66 27 -37 69 -75 62 -91 -59 21 67 79 13 69 -97 9 84 52 14 83 -94 -8 -16 95 31 -87 -23 -87 -53 -7 43 -60 49 -75 -21 73 -58 -58 21 96 -64 1 20 62 -17 -51 -53 80 -71 -43 33 30 -20 -31 -8 -22 -13 -20 -84 -27 4 18 40 -2 15 -45 -76 91 -33 61 62 56 -6 -45 -37 -25 -28 73 65 22 89 58 -13 88 -60 22 13 -80 -54 
61 -96 22 79 -18 -28 -47 31 -7 -20 -43 -67 -78 51 -65 68 -66 54 75 -36 -4 -44 -40 -44 49 -96 83 -10 0 -63 -6 -61 -42 -52 49 81 51 -53 47 -13 -33 99 -11 -12 88 56 -53 40 71 -42 -8 -60 -23 12 16 -20 -53 -79 30 98 53 12 0 17 -51 -9 -48 -52 -46 -68 -82 39 -85 -56 18 3 60 62 54 59 -10 -50 87 26 -87 -58 34 92 58 42 61 -25 62 -9 -50 3 
-5 68 87 -88 29 -66 47 -95 -74 -18 33 -31 2 -42 96 -31 96 30 85 -32 -44 -78 -19 33 -68 71 64 -10 24 -85 -79 -44 22 -97 -29 92 -10 -11 89 40 93 75 54 85 21 26 98 14 83 1 80 -92 -74 -37 43 77 -11 -31 -30 -71 71 69 -63 -31 -50 -79 -33 -48 -78 -100 -26 37 -58 -59 10 49 50 -100 -88 27 -37 -76 68 -16 14 97 -43 77 -15 -66 -42 95 -56 -96 -35 -84 
-3 100 -95 48 60 88 -1 56 67 74 2 -89 -54 38 95 4 22 -25 50 18 61 -23 -53 17 -9 -2 51 99 -49 97 -61 -54 -26 -64 91 26 22 -6 78 -21 89 -89 -39 86 42 52 -42 -39 -7 81 -33 42 -8 13 74 -60 72 97 -73 -50 82 79 -4 -30 15 61 97 70 -55 46 -60 88 26 -22 55 46 -99 1 72 -31 -88 -43 -51 -36 28 -51 -99 -73 74 -34 -15 -15 -100 -13 -53 95 
38 -41 -98 -2 -70 73 90 -73 -63 -70 -72 3 38 56 88 83 85 80 49 -38 86 39 92 53 -43 -39 65 82 58 0 -46 -48 -53 90 -92 6 -32 -21 4 -62 -27 -94 -6 68 -60 11 97 -64 -15 -2 -60 -28 -77 -34 -16 40 46 -62 70 26 18 37 40 73 -80 13 42 -89 36 28 0 -33 -47 -53 -33 -70 -55 28 -72 93 71 -7 50 3 -32 -96 25 -97 -85 -82 -46 -32 9 42 63 8 
20 -33 -47 93 83 25 -63 -93 -99 -34 -15 -15 34 69 73 -98 81 74 -93 -50 86 -26 36 -26 53 18 55 69 -54 35 -83 -56 -40 4 -7 -17 -24 14 39 -84 -45 -13 -22 -31 71 -83 51 19 38 -42 74 -69 -67 -9 -38 25 55 56 86 -12 -37 -50 -98 66 40 -79 30 6 -65 79 52 50 37 32 82 100 59 -11 -49 -22 0 11 -62 -28 -86 15 -74 -28 91 75 88 23 29 81 -91 -44 
-77 5 5 66 -68 -3 -77 41 41 29 -10 19 97 77 -33 21 55 51 51 -36 100 81 -96 79 9 44 32 -27 -29 -78 40 8 -52 -34 -28 30 -20 55 -89 37 43 -77 1 92 -3 86 55 44 65 -29 -39 74 61 -64 -37 89 16 78 27 -84 28 19 34 -35 -74 93 74 20 -20 -85 19 76 69 99 63 -40 59 -47 -67 42 -35 -69 7 -32 73 65 -35 5 86 80 -60 -85 9 -52 27 -31 
-26 91 -41 -65 -38 95 65 87 85 58 51 54 -50 62 -36 18 44 4 98 -47 70 59 31 53 40 -47 13 18 97 -20 -24 43 -20 -54 32 47 43 -54 -88 -88 56 68 -98 3 -57 -19 -32 95 42 -50 1 -80 25 -24 -18 -60 28 -56 40 54 86 56 7 -68 9 -79 94 68 60 48 -97 62 -39 -43 -72 -95 -34 -90 -32 -60 -67 2 80 52 39 -43 -71 41 61 92 -98 -30 -22 -5 80 78 
-11 70 -91 -59 -21 -3 -59 45 41 -23 34 54 46 -56 82 44 -39 -34 -29 41 38 69 -55 -58 45 -32 -95 -42 -83 80 34 -2 -64 42 85 -42 -61 -38 -24 -30 -7 -79 22 59 -71 39 -78 11 -84 83 76 24 94 55 35 53 28 75 -30 -17 10 58 -55 52 -34 60 -2 96 9 -56 -3 -15 -97 -92 95 -64 40 4 -33 -96 -27 72 -62 -77 52 21 -15 -21 44 -30 87 86 13 32 -41 13 
-18 -74 1 33 28 87 -32 30 78 -87 -61 -6 10 93 -77 4 64 67 -70 -58 -80 25 67 12 62 14 66 -51 87 61 46 -27 -88 -46 -68 29 -29 50 81 31 50 -72 -23 27 -42 75 -41 61 3 42 33 91 -68 -53 -85 82 -13 93 1 91 -77 -2 -27 9 -31 35 31 46 41 -15 -10 -95 -47 -94 31 11 -20 -3 -5 -21 -35 -18 69 47 60 -33 17 -27 -21 52 37 -94 -7 94 56 -25 
-46 -74 -17 17 31 76 -73 8 62 43 4 -92 93 -19 -53 34 52 37 -72 7 0 -27 -42 -94 0 17 -12 55 -98 -16 17 58 -10 -27 5 70 -75 17 36 -57 -15 -9 -9 77 89 -36 -11 -34 -88 25 60 19 -81 -21 -51 89 44 -27 68 -20 -57 95 -64 20 -55 54 -86 92 -92 23 -11 63 4 -89 43 -73 46 65 59 74 -86 -83 -15 54 -82 -79 57 -86 98 26 74 81 -21 79 -100 -64 
-61 10 38 -51 -81 73 40 31 97 -97 -39 -2 -51 -42 -7 -89 -49 29 -56 62 48 -91 51 -2 -28 -21 73 -78 -62 72 92 80 -16 -56 -47 3 64 -24 34 77 51 77 -49 -80 -93 59 0 -42 63 -72 10 -83 50 14 22 -95 76 39 -98 -63 -57 31 -15 -98 -39 -88 -27 -82 -83 -17 17 -88 -20 4 -97 -49 -55 -25 -93 80 -62 9 -24 47 -41 -96 -46 -85 -49 -69 -39 24 84 -11 -21 -90 
88 -25 -87 38 46 63 54 40 17 -44 28 1 -68 -80 -91 6 -65 -61 -73 -8 68 -72 78 27 59 5 27 -20 94 43 32 -62 8 95 47 30 54 -72 93 -32 11 -22 29 -26 -60 -15 -21 -78 73 56 73 16 -56 -17 68 -54 -30 95 -94 86 13 -91 -12 60 85 97 -4 -90 9 -75 -14 -17 6 93 73 -42 36 31 80 1 96 0 15 -62 -14 82 77 31 -88 -39 -87 24 51 -36 -43 -45 
-91 71 -37 93 45 20 -37 -41 25 -5 96 73 5 -65 -100 14 22 96 -67 9 -85 66 -32 100 17 -46 33 49 87 -1 -20 67 15 -8 43 4 -17 53 -49 33 -27 -25 15 20 -45 -91 -17 -19 -3 -41 0 -34 -99 -42 -76 -45 73 -3 8 38 78 11 54 4 57 -22 -70 -68 44 39 -42 27 -39 31 65 -61 58 -30 -78 -57 33 68 -37 88 89 15 -90 -25 -67 -60 -86 97 44 -97 39 40 
-55 -88 -47 38 -85 -18 -53 18 45 12 -50 23 -84 31 -35 34 -86 44 64 -85 94 15 -35 11 -71 -6 -87 -4 18 37 -25 -93 -2 -39 9 2 64 -61 -79 67 19 3 19 30 -84 4 -24 -84 -67 -92 -86 -16 -39 48 44 8 -66 -31 -66 -91 -31 -26 85 89 96 58 -35 -67 -87 52 59 -58 3 -22 96 57 -84 14 52 -83 38 -51 -33 -36 41 93 -14 -16 -69 61 -14 -12 93 -22 -71 51 
-1 68 -75 64 -46 -36 99 -98 -85 -35 46 13 -42 22 9 32 12 -48 92 -39 -87 -54 44 78 42 86 7 35 72 17 -47 -28 30 -17 1 3 18 -24 -17 -78 -13 13 97 -95 72 70 13 77 76 -100 36 -14 -100 89 27 1 47 49 -16 55 -40 2 88 -70 11 2 49 81 46 73 96 -18 -78 23 84 -31 0 -24 35 -94 55 -60 62 -76 -35 -54 8 -77 77 34 16 74 -70 -52 -68 -92 
10 -34 20 48 -84 -69 -40 -11 99 90 10 14 -28 9 -53 -14 -75 -87 52 30 -3 47 55 -49 -62 14 -11 70 43 17 5 76 7 -96 21 -82 -41 28 36 -20 6 -52 29 -87 -12 7 -3 72 -11 -53 88 -39 46 -76 11 36 67 81 -42 76 -59 -84 -34 43 57 28 -64 67 -12 99 22 42 -22 41 -12 -89 56 -28 -30 99 52 -22 15 54 77 -95 56 33 -96 -48 32 47 8 -47 -94 -25 
-24 76 -38 65 -81 -45 -100 67 76 23 2 73 -6 -79 85 -71 -50 16 -37 29 34 57 22 -58 67 -1 -91 -53 46 33 68 -61 79 -26 4 -20 53 72 3 28 -12 -46 80 98 84 -44 20 -93 29 -49 64 32 22 8 -70 -54 27 94 36 -47 22 -98 25 -87 31 80 32 -94 41 53 58 86 6 28 34 -69 34 -65 78 21 -95 -46 17 -32 -53 38 -11 24 89 27 -58 24 -53 15 -55 -80 
-39 -50 -44 -38 28 -16 -91 -77 59 74 -54 92 46 21 -23 -28 99 11 60 -36 -72 -68 -90 -33 -16 8 19 -61 -95 65 66 -21 82 47 -99 -31 -32 71 24 99 -36 -42 10 -15 94 27 89 -41 88 -98 81 -80 59 -90 35 29 -52 72 -37 -98 16 -50 45 -70 -30 5 11 45 -38 91 8 -63 53 62 -65 -55 -93 -7 43 57 86 -76 -65 -50 49 23 32 65 30 -77 64 -28 -91 -35 -72 -72 
-33 -53 -8 -73 33 52 -75 89 100 -57 77 -90 67 -96 80 69 46 51 -88 57 -87 -41 -95 -41 71 91 -38 -61 82 -42 -2 7 -32 63 -58 70 14 -91 -31 -81 -17 36 72 67 41 -7 -20 -75 28 -21 48 34 -59 42 72 -54 77 -39 95 47 2 -73 -70 -37 0 74 -77 13 -77 -16 30 -75 98 84 61 -59 5 84 -20 -2 56 29 -12 26 13 68 -4 65 8 -22 -29 -96 -40 -23 -62 -86 
85 -80 -93 -31 58 -10 28 -18 50 53 56 -95 -4 -81 72 12 -78 21 -96 47 -9 -14 52 57 52 -25 20 -7 -36 -84 66 73 -21 88 78 -50 -85 17 84 -100 99 -57 -99 19 86 -67 -21 83 -54 -96 6 11 66 -17 84 -99 -75 -86 -64 -40 -24 62 79 -8 -37 -57 44 95 93 26 -93 39 -11 15 78 -48 56 48 -66 -61 27 17 48 77 -21 52 99 44 6 14 35 -91 -99 -62 -49 -65 
5 75 72 -56 13 88 -80 -87 24 -33 -3 91 35 76 19 30 -14 -56 50 -2 43 -97 -89 53 -9 32 -94 87 -40 85 -2 -37 -88 -68 -29 -32 70 44 -99 -96 -20 -64 -55 56 38 91 -97 -41 79 16 48 -9 85 82 68 32 -60 86 89 -2 -31 51 55 37 19 21 -4 87 60 -39 69 -20 -33 96 -88 -19 -84 -45 -41 -39 78 90 66 9 0 -36 -91 8 88 -66 28 84 -100 58 98 -46 
-36 1 11 43 28 -1 24 -49 -29 72 71 89 -34 -82 -33 -48 77 -19 -37 -72 -24 59 86 16 -4 91 -85 -81 -45 -58 24 -57 -5 -61 12 -30 -98 -67 41 -51 51 -44 -57 -27 -14 -32 -52 -31 24 38 4 -5 65 49 50 -35 -23 -57 7 -74 9 19 -90 86 62 65 -31 21 -57 -16 66 -64 12 4 71 -10 -46 -99 -68 -60 22 88 -89 -8 -65 22 96 -92 -97 17 -77 7 -71 73 35 100 
-52 23 68 71 26 100 -37 82 -12 56 -42 100 -97 54 -39 87 -48 99 74 47 79 -95 88 -18 -14 -59 82 89 5 -26 81 11 -62 -7 77 96 44 -49 -81 -66 51 54 84 -36 -98 50 -69 -38 -75 16 4 -77 -17 -64 74 55 -56 48 52 46 -45 20 99 24 10 -4 66 33 -6 -23 39 -56 17 42 -17 -1 -94 0 0 -33 49 -3 51 -93 62 -22 -50 0 -54 -13 6 -25 -47 52 53 -18 
28 -29 -5 46 -19 -57 -90 90 98 -8 -9 -12 100 -20 -92 8 73 32 95 -82 66 34 -48 64 -70 -75 85 -93 -86 -3 80 81 -95 -61 -44 -68 57 99 -95 60 37 78 66 86 -95 6 1 27 8 -94 -38 64 80 51 97 76 -94 95 52 16 19 -20 -77 -31 -77 34 37 -57 -28 -4 -52 -74 43 -33 62 43 -52 36 -38 -25 59 -91 81 74 -87 14 57 -9 -62 41 -70 -91 -63 -75 -66 -46 
-45 -28 86 -66 -81 14 21 32 -86 -80 42 -26 -71 -82 11 -43 44 -23 -24 -68 30 0 34 27 -1 -35 -85 81 38 -38 54 -6 10 -3 -53 -70 42 92 -15 19 47 49 44 43 -53 -77 -53 24 -26 27 33 31 54 2 -41 42 64 20 67 -73 6 27 -50 42 80 99 -95 27 23 58 49 18 48 27 -81 32 -57 -34 -29 85 -35 -62 -2 72 38 20 100 -9 -28 -58 91 43 42 25 0 80 
-50 65 92 52 -5 83 86 -20 -20 -20 -60 42 -66 -39 94 10 -34 19 -75 -6 -61 77 -13 -11 31 -12 90 -82 16 -25 -39 -44 -79 -38 -52 -38 37 21 13 -76 52 -42 23 -75 -77 -29 70 -89 -36 -89 92 -50 17 -55 -43 95 -67 -80 7 17 55 26 49 58 37 42 67 -96 83 76 -87 63 -6 95 24 90 46 -61 85 15 -94 45 83 4 -12 -46 54 -3 -81 82 36 -34 93 -46 8 -11 
28 -26 -33 59 68 -50 16 11 -61 -99 -52 -57 -6 10 49 -99 -41 -72 57 -72 -59 50 50 34 7 -24 25 -43 94 -27 -78 89 10 -38 67 -4 -7 -72 -23 64 32 94 32 -92 84 91 53 0 -83 -27 -13 -23 -65 93 88 58 55 -65 55 82 -13 -61 84 45 -1 88 -69 70 -76 92 14 -92 84 58 37 -74 34 46 -18 -58 62 25 66 54 -23 -97 -28 77 -95 -51 -1 -90 87 -92 -9 2 
-19 27 65 -31 -96 -92 -58 55 -79 90 68 -20 -98 32 35 -82 17 18 -49 57 52 -49 94 50 56 -77 9 -33 -86 37 -83 -76 -54 -48 -61 -39 -97 -36 61 98 -20 86 5 -91 85 71 58 8 50 86 -33 68 82 -64 -100 63 -43 1 -5 -8 5 49 99 37 77 7 55 -14 91 -35 50 -90 -78 55 58 -6 55 56 83 -59 26 99 52 23 -79 14 -95 -55 -52 69 70 -5 22 81 41 32 
9 15 46 51 79 -20 -92 -99 25 -82 88 -73 -68 6 -23 98 3 -96 4 -76 60 70 -65 -73 -44 20 -66 65 -99 100 -95 5 36 -92 -91 -76 -50 -40 5 -85 -70 95 38 -39 42 45 -50 91 -17 2 29 -25 -71 78 -33 -10 -7 -93 89 98 -93 0 -95 -7 -8 -5 -6 69 8 91 -26 -58 9 25 50 85 40 76 -30 75 2 -90 37 -28 -61 65 11 -62 -86 -100 -18 42 17 70 38 62 
78 46 -54 90 46 -79 21 -80 55 -81 81 84 41 -56 36 -54 76 -80 88 -37 -84 55 -29 -58 -29 27 79 16 -91 -59 66 29 62 -84 21 16 5 -65 70 54 22 4 -99 81 -43 32 -36 -79 -61 4 86 3 -45 24 -88 -16 32 -69 -33 -63 -53 5 51 91 -21 39 -41 -11 49 -7 29 65 4 -12 5 99 88 47 -71 52 -66 -11 -75 43 -6 -20 53 24 87 -44 48 72 2 63 -26 -55 
53 -97 -36 99 -33 -89 92 -86 63 -71 35 11 26 -5 -29 65 -55 55 85 -47 -9 9 6 34 -69 -55 46 46 -78 88 9 -50 63 6 -90 -87 4 -34 3 14 30 65 35 -80 64 41 42 46 37 -61 -85 -63 74 90 58 -66 29 22 -39 88 6 -18 90 -8 88 37 -62 -83 69 45 -28 -58 -26 5 -86 15 -38 -39 -61 100 26 -86 -6 -24 -57 -74 -13 -39 100 -68 45 19 100 -63 -78 85 
49 85 39 87 -43 55 91 -39 -61 -20 79 6 17 -28 23 44 75 -77 1 64 55 6 69 -71 -53 70 -45 -19 -86 -61 50 -75 15 -20 -27 -78 71 39 0 -57 -15 96 -64 49 -5 18 10 -13 56 -11 -22 75 44 -35 82 -25 98 13 4 -86 66 83 -100 41 23 57 -22 -23 -12 -3 64 -17 16 10 15 -19 -32 -34 -88 -9 36 -13 -96 -29 -69 37 89 -46 39 95 -35 -34 76 24 1 -17 
1 -45 -89 29 35 69 -56 33 -44 3 0 -87 -37 -26 46 11 -55 28 -53 -55 37 6 -29 13 -77 -19 -11 -95 56 98 -35 -89 -41 88 32 16 62 -86 -74 67 6 71 94 23 -96 -88 -60 77 -51 -34 49 92 -46 -59 -7 55 -45 -14 18 68 45 67 -3 32 -62 -54 -80 48 -91 55 -52 16 5 19 -13 -51 -17 1 64 -56 -36 67 -89 -68 37 -61 66 -50 -46 48 14 -49 -67 -57 -23 -77 
14 -21 77 38 -7 -22 -14 -8 -32 21 2 9 67 -87 -3 3 33 42 -8 4 9 -52 43 32 -95 -16 37 -1 -9 36 -45 -36 71 -49 -31 22 69 84 -69 75 31 -17 57 42 -24 87 83 84 -24 48 -61 -46 77 -54 9 74 -70 12 -21 80 31 24 78 -99 -25 31 7 -23 69 52 39 -15 77 -27 -62 -16 64 -52 11 81 -82 -93 -24 -93 -40 -49 9 24 -10 100 58 -47 74 5 -74 -83 
-28 6 -89 -61 20 52 4 -71 -44 5 57 -15 -46 -96 90 88 89 -65 42 78 37 42 -77 9 -82 -72 63 -65 -97 12 -63 40 77 -77 -88 75 -15 -72 68 -23 51 31 52 -19 88 91 95 75 -69 -4 79 -39 0 1 -36 95 35 42 57 -49 75 74 30 51 -56 -84 -9 40 -75 -31 -51 3 -21 50 -63 -29 -78 38 58 -9 -37 -43 12 19 26 79 -13 -31 82 0 87 85 50 25 22 -64 
79 -99 52 -47 -51 -52 -47 -75 88 72 93 56 98 -53 43 15 -22 -71 91 -11 15 -79 74 84 45 -30 -5 -87 -100 -36 48 37 -74 7 -56 51 -21 -81 -90 -52 94 87 -61 23 95 -71 -63 -34 93 52 -28 97 80 71 -87 -37 -47 -72 39 43 -13 -27 19 89 -46 -71 -49 4 43 64 90 52 -92 -46 25 92 17 -43 7 24 -44 -85 -51 36 -34 -17 -30 23 11 -57 -30 81 43 -83 -16 -35 
64 22 87 25 -99 45 -55 94 -36 43 85 -92 -33 -72 1 -92 37 80 45 -48 69 -83 44 -38 -6 23 -43 -49 -3 18 -71 6 -58 -96 -93 -19 -9 -24 -72 -7 -82 -65 56 56 89 -53 73 -94 -27 -77 -68 48 -74 -8 -82 59 -4 -58 -67 7 49 -94 -16 -46 94 -44 89 97 -52 -68 44 -4 -32 86 -16 -47 -91 61 57 29 -83 -52 79 35 -81 -46 4 89 -14 -19 -23 -73 28 -10 64 26 
64 35 55 -86 56 83 -84 -43 -68 -53 71 -23 97 -37 1 46 73 58 17 11 -64 -65 60 48 12 2 -30 -37 9 -87 67 36 40 -21 -19 -54 -76 -84 3 60 2 98 61 -28 16 9 -31 10 85 -55 -13 40 -49 -48 -77 55 -39 -25 43 73 11 -27 12 -44 97 28 100 -69 -15 -16 13 -99 6 87 -16 -19 99 -4 84 -85 79 4 5 48 68 50 59 51 -23 -46 40 -51 4 -78 -77 39 
70 -15 -32 83 71 -57 73 -36 -57 80 -73 -36 -32 2 -1 -74 -60 -57 -99 73 -30 -60 69 -73 -72 -1 30 -7 -57 -54 67 15 69 -57 -40 -8 -80 59 -44 63 -15 -77 7 -60 19 90 63 59 -47 -17 99 88 51 -62 69 55 -21 36 -18 -77 -82 -37 23 50 19 -97 -2 28 53 55 54 58 -66 -41 34 17 62 -29 -48 75 -27 54 38 16 81 36 85 -58 71 35 34 35 27 47 66 93 
54 58 23 -14 -74 -9 -98 13 16 -90 -81 -64 61 -7 -93 75 12 -31 8 -16 18 67 -96 93 48 -43 -69 -59 -90 82 -18 -79 21 14 1 80 18 -80 -84 -88 19 63 25 72 -53 18 85 65 58 -42 73 59 -95 84 -47 91 -50 -22 -90 -75 23 34 90 28 96 -61 -37 -57 -72 -24 -30 67 18 19 -92 31 72 -62 8 14 3 21 -2 -38 -97 54 81 -14 -5 -19 -4 -91 51 60 -99 56 
57 35 90 71 -33 -4 30 -11 -51 0 -93 -90 -72 88 -65 33 -85 -61 -18 -6 -81 70 62 -38 -23 24 94 90 73 -26 -18 -17 25 89 72 -91 -41 -79 -51 -48 -85 23 -78 -42 78 -25 32 49 -96 -81 22 62 -88 -10 -87 98 64 24 53 -53 -81 11 -92 94 58 -87 -79 2 -18 35 1 68 48 -37 -64 -59 -71 -80 54 -98 92 -69 99 26 -51 34 82 6 -55 -81 67 64 22 90 18 100 
57 95 53 26 -78 -28 77 -49 -59 57 34 19 -19 18 38 -59 25 -19 94 4 -58 10 -68 40 43 -96 -3 -84 -86 28 15 64 35 -9 -29 -18 70 70 78 95 -5 -67 -94 62 -32 -53 55 23 -9 34 -79 38 -71 52 68 99 72 -75 -8 83 17 -91 -47 -47 -10 -8 76 82 -31 45 67 45 -10 -70 -39 -56 64 59 61 -66 26 68 42 -32 -67 -70 -97 -41 -5 18 64 -86 -70 45 -9 -44 
3 70 -80 -68 21 51 67 -21 60 4 -91 -81 47 -89 76 57 74 -20 46 26 25 79 10 -76 56 93 70 -22 58 92 17 -22 72 -57 -56 73 84 73 -37 80 47 -93 -88 -29 -89 36 100 -99 45 -29 65 -22 61 96 22 -79 38 -84 -98 19 -62 65 95 96 84 44 4 -48 -75 98 10 67 61 -80 7 48 54 -54 54 -59 -31 80 55 -8 -33 56 56 -21 -51 98 36 83 63 8 83 -2 
-76 78 -71 -79 -68 -84 92 32 -83 99 86 27 94 26 73 59 99 -96 -44 55 59 -53 -44 -39 -100 -47 72 -90 90 2 -31 -70 -38 49 -74 -100 -44 16 -73 -33 -71 20 -92 -44 -75 -83 -41 2 53 15 -29 4 98 -22 90 -32 -61 45 -55 -49 -97 39 -10 25 35 -62 60 -33 -21 -66 -9 52 -73 -92 -24 30 59 36 90 40 -22 -43 31 26 43 -6 -83 -51 -64 39 91 -58 22 28 -99 40 
-46 71 -20 -69 -39 25 19 94 89 46 72 89 -23 79 -6 -61 -22 50 19 59 82 26 -74 33 -63 -68 1 50 -9 -25 -61 22 59 -44 -22 -89 8 68 39 9 -16 12 -86 1 -56 67 26 -65 73 -37 -18 -42 -96 -2 -21 68 -54 12 -92 -62 35 -12 90 -53 95 -88 -13 57 -82 48 -71 -77 -5 19 -49 -65 84 -17 -44 21 27 57 56 -27 -28 7 21 82 -9 -79 56 -53 -64 -3 -63 -31 
86 -84 -90 -24 -41 -16 -46 -46 97 -27 42 -11 95 -64 17 38 51 82 29 -11 11 77 -84 -50 18 -33 -66 41 -24 -76 31 50 32 -19 99 55 8 64 80 62 46 -27 30 73 -8 22 -90 -67 -76 -98 -38 -29 6 66 -16 86 5 79 19 23 -91 99 -31 -98 61 -93 -2 -21 -68 90 -92 91 10 -58 71 -46 94 -86 -34 62 96 -15 -52 -69 23 -86 9 83 -25 -95 -28 -76 -61 -80 12 58 
-65 -21 -46 53 -10 75 56 20 -64 -1 -61 47 -26 -44 -26 59 -95 97 40 95 -13 -56 14 -14 66 76 -66 -57 -21 87 -86 -94 -70 -85 86 -32 -1 52 -60 -89 -43 7 93 19 -38 -79 -94 -38 -79 73 0 -14 -79 38 -50 17 94 -66 86 -25 73 -2 22 -52 66 69 -43 -82 49 83 -39 61 -53 61 64 37 61 30 -31 -1 -88 -98 32 -79 56 -26 44 67 42 -1 -93 -11 45 88 50 -21 
45 43 -18 69 72 -72 47 -52 14 59 -92 34 -88 -11 -13 25 81 -20 29 17 48 1 -77 100 -74 -59 54 -17 57 31 20 -18 -38 39 64 -37 1 -24 -14 1 -16 -91 -9 68 80 -20 -71 -26 82 63 -1 -51 -43 -91 -57 31 91 82 -35 -95 -1 18 38 -49 -86 -16 26 95 -3 69 80 86 76 72 -36 -55 -28 -20 10 17 -99 -87 70 -10 7 -12 -8 -44 -12 -77 -42 90 -64 -79 -83 28 
82 -63 -21 59 11 92 82 -70 -24 -73 88 -8 -99 -30 -73 26 -33 -16 -42 -62 25 89 93 56 -75 -14 -97 -40 39 -34 -49 18 50 -34 69 -80 -94 -80 53 -75 -11 94 1 86 -87 -19 88 -52 77 92 74 26 -16 -80 -4 51 59 -67 -80 5 -81 93 77 -41 66 -32 -29 -33 76 19 55 -10 -2 -83 76 86 10 31 9 89 -46 35 36 -30 -23 -99 -91 -8 97 -95 -30 14 50 36 -7 39 
89 51 14 68 72 0 14 -18 -50 51 74 74 -1 -7 11 -3 -28 51 -67 7 -27 -11 18 92 99 -66 -92 87 90 -16 17 52 -45 53 -4 -22 -35 -14 69 67 -2 -33 -17 98 -74 -38 41 70 4 -89 34 64 -23 -30 -54 -11 -10 78 -6 -97 -56 8 91 0 -43 -6 -22 -52 -65 -69 84 78 68 60 20 72 -58 97 28 -2 -8 63 -9 -88 12 84 -44 13 70 -79 52 -75 -20 -30 -66 2 
-24 46 -68 -30 29 -4 9 93 -14 71 97 75 -53 55 -25 41 -54 -44 -44 64 6 93 -6 76 -70 -40 38 41 71 -45 44 29 -20 -68 -96 -18 99 -15 -53 -51 -69 60 56 -34 -76 73 86 -61 -91 64 -15 -2 45 47 63 63 -74 -2 -30 -47 -96 -69 88 5 84 19 -16 20 -33 82 -86 20 40 -90 -67 39 -54 17 19 51 -2 48 -1 -72 94 46 3 57 51 -82 54 17 -28 -73 -58 86 
10 63 -4 13 -83 97 17 -20 -53 -45 21 -52 -73 -10 -63 31 -89 50 -67 -99 77 36 -5 -46 -36 79 -32 53 10 -2 41 45 -26 -90 -11 -15 59 69 -35 43 -79 -41 72 -22 90 -36 25 37 -73 48 -46 91 70 -90 66 20 27 76 -41 -75 -73 -52 91 -47 16 -98 57 -3 67 -21 -46 29 39 65 46 -81 32 -48 -42 23 -100 78 56 -43 11 97 -74 -69 37 88 -64 90 39 1 -28 49 
-98 -70 45 -5 6 7 87 98 5 89 49 -96 -40 27 -14 -90 -48 -36 74 -74 69 95 58 7 20 77 -78 0 83 -30 -53 -46 -15 99 100 -50 -34 12 -96 -70 -45 -61 74 47 21 -92 -76 -52 -82 -16 -21 18 -17 -100 -25 -60 -24 -18 18 48 44 -70 96 49 -32 -67 98 -96 42 -96 17 10 17 -13 -83 -76 48 -84 50 0 81 75 46 38 6 -67 -4 -3 82 63 -42 -47 -39 42 -74 69 
90 -95 16 58 67 88 92 8 41 -7 57 -59 -45 -73 8 -30 -33 21 -60 -57 69 -4 -65 78 -14 34 -10 -65 37 -34 -5 68 60 48 -62 -40 -54 -11 83 -33 -57 50 11 -36 51 -97 88 -43 -75 -41 -12 -3 -94 40 6 -1 -22 -43 -59 -10 -68 97 -87 16 -39 -22 -51 99 99 -82 -70 45 75 -62 98 -56 -52 30 -18 46 64 -61 64 5 -55 -34 87 82 89 72 6 47 74 69 -86 -49 
-88 -74 -34 -19 81 15 -57 -3 92 76 82 -84 40 11 87 76 27 57 100 51 6 -74 56 -38 -83 73 -23 -72 -16 45 94 -41 84 -33 -51 -74 -13 11 51 72 14 98 -30 -25 21 40 84 -49 34 -49 86 98 21 -40 -3 -44 -59 -10 -56 -56 25 24 72 76 83 -100 -36 -55 78 -4 92 -44 24 -76 94 93 83 68 -54 -27 -58 68 22 46 10 36 51 -52 -3 66 -14 -68 -29 -22 85 7 
93 93 -34 74 26 -55 75 -35 9 11 -58 46 0 97 98 17 -13 93 63 11 -73 -76 -95 -11 -95 18 31 41 -57 13 -22 -85 78 -43 84 1 -1 -6 19 -58 95 -62 -72 -5 36 77 35 32 92 -14 -79 4 64 31 35 -41 59 -83 56 -95 -82 -54 -5 90 -10 -90 28 56 -88 -72 -30 -45 70 73 64 80 95 -78 50 -18 -54 -43 -82 77 70 55 -42 -4 -54 -3 15 62 54 -18 67 17 
2 12 48 77 -45 -78 98 -98 6 32 -44 -4 44 90 73 -39 -79 29 -21 -76 -65 -94 64 -63 -42 20 -53 -44 87 -18 37 -8 -25 -37 65 -3 -100 97 -39 6 58 66 71 56 -73 13 60 2 -62 39 -74 60 43 9 -46 21 -30 33 13 100 -52 -62 97 -61 19 -86 -44 -37 -65 -90 68 -28 22 36 -33 28 55 7 58 59 -22 90 89 -17 -83 52 89 -32 99 78 69 12 -48 52 1 53 
80 22 -43 66 -36 40 -7 94 -76 -82 45 52 28 84 58 29 0 -67 -17 -72 -39 -70 14 -49 48 -6 -90 -99 -53 48 -100 62 -83 -47 20 5 100 83 -59 -41 -97 55 -33 41 -55 25 23 50 -57 -52 76 -93 31 37 42 57 22 -81 -37 -45 49 10 -53 -82 -29 -44 39 -80 -34 -61 74 -40 83 -80 -57 8 -58 -72 16 -57 46 -93 63 -23 -54 -64 -98 -10 -16 37 -19 51 -75 47 15 -3 
100 73 88 -47 89 -5 -79 -97 91 -55 37 -26 -91 -45 -59 74 86 43 26 -94 -1 51 4 8 -30 -28 -97 24 23 -80 -45 -27 71 11 64 22 -100 -93 19 73 68 -49 -16 -46 -49 48 41 59 100 84 20 67 33 -33 -84 53 -90 -16 -36 -26 94 -80 6 67 -77 -36 -99 -17 38 45 76 43 64 -55 45 -69 -38 5 -46 96 20 -40 -78 67 33 -39 -87 68 51 54 -45 64 54 90 91 -86 
-75 94 41 -46 44 49 11 97 30 -29 1 -7 -96 28 -20 -18 86 -25 18 21 32 46 85 11 -19 -80 5 -46 52 94 -80 -2 11 -46 60 73 64 29 81 93 56 24 -10 -27 -50 68 55 70 -19 33 -52 6 -25 31 -96 -61 20 -32 -52 0 75 -93 -17 59 53 -21 -26 12 61 86 -80 33 -18 73 51 98 69 96 84 41 -14 -4 -48 -53 -92 -92 -20 -90 92 -1 -37 -41 96 28 40 21 
-77 -84 37 -8 53 -25 75 89 -69 92 36 29 32 -73 86 -73 14 99 5 -52 -37 -50 -3 96 77 -80 -40 77 23 -89 9 94 -61 -30 -32 44 85 39 -57 66 3 -99 -5 79 77 -78 91 -35 57 -72 -91 54 -25 -65 -53 -50 -54 11 76 -19 92 89 2 37 90 93 24 63 19 83 71 39 30 21 -75 -41 -37 -73 4 -83 68 26 87 1 -3 79 -94 -84 -80 -5 -81 -2 92 -100 -100 54 
56 -20 -1 70 55 22 -55 -29 -34 80 88 -94 56 -98 20 97 7 -1 -36 47 -58 4 -10 -33 -93 -36 -14 -64 62 67 -64 -3 6 -26 75 -83 75 73 -10 -3 -30 83 47 -11 -100 96 -98 9 -38 -100 20 -100 75 -97 -90 -17 -29 90 61 -64 97 -81 -93 4 -63 -34 92 96 -87 -94 -78 97 -76 -50 74 95 -92 86 20 92 96 -22 -39 -77 33 -49 -34 37 -65 -17 -11 87 84 -77 56 -58 
-8 -51 22 34 -92 -43 99 85 61 44 -82 -1 13 -11 45 -32 -42 -23 21 74 41 4 -70 -13 100 65 100 8 5 -93 23 88 70 -65 17 -96 69 88 -76 -60 -96 -71 -97 5 -45 -73 -54 -46 -68 78 -11 90 13 -54 61 -7 -42 10 32 -41 -99 89 -31 -93 -37 12 51 -26 30 -89 -39 91 35 -27 32 -19 -39 -49 67 -18 -5 -68 -45 51 -56 35 27 96 72 62 -31 52 -22 -49 -77 -18 
42 10 94 52 72 21 -12 -97 -82 73 -89 4 -6 46 -70 -32 0 -25 35 35 -67 -71 -51 -99 -6 27 -19 92 -53 -28 -55 83 62 28 -19 -61 -73 71 -40 70 92 -80 58 -92 -63 73 85 -44 92 98 -83 -98 -42 -78 -46 -7 -95 26 -85 28 77 -47 -30 -23 -37 -49 8 76 52 -31 -17 -50 -65 -96 51 -10 -31 100 -20 100 31 -61 -63 71 76 61 -55 46 -58 37 -46 -69 -23 43 -95 50 
56 26 -78 86 -17 77 20 -36 43 45 -30 -86 -41 -26 -27 -30 -95 -8 22 -20 -82 15 33 -33 93 91 -39 -74 -71 21 24 2 -12 -2 96 -29 16 61 25 -18 -82 -43 96 80 57 72 -70 -41 1 75 13 32 26 84 94 87 32 58 -93 -97 20 19 -92 -37 -1 36 36 -96 10 -1 -49 -21 -13 66 75 36 -55 -2 47 97 57 69 57 29 -33 -96 77 -25 77 -65 76 88 -95 58 75 -71 
59 -26 33 -29 -36 9 -6 -78 -78 28 7 57 56 15 -87 76 -65 76 -17 37 -3 47 39 68 -67 30 -56 -65 -61 15 16 13 -57 1 2 -40 -14 -93 2 81 -64 -29 54 19 81 13 -40 83 -32 -69 -7 50 -89 57 -62 -43 52 -59 10 87 68 -83 74 -21 -50 0 96 -49 -89 51 -78 67 99 90 5 85 0 -35 -13 -14 76 -53 29 -31 -77 43 47 -3 -62 35 29 49 -46 -92 12 -18 
-66 -2 18 51 -28 -35 -77 97 -45 42 77 -63 63 -73 72 41 60 4 19 -60 48 57 69 -27 -34 -29 -52 -21 66 -68 42 -57 -3 16 -80 83 75 -59 -10 90 26 -77 12 78 75 65 -75 -65 13 79 44 60 9 11 42 -65 -6 -76 -35 -92 29 64 84 -21 -54 -80 37 67 -82 -69 51 -18 65 -67 66 20 49 76 -37 62 64 -32 -22 31 97 59 -18 -53 -59 -45 -85 9 -39 -13 -18 70 
58 80 -54 59 -24 10 33 26 -63 -89 97 44 3 -54 29 -65 -23 94 -43 -8 99 -7 11 -53 57 21 92 94 -84 24 18 29 -2 24 88 -26 58 27 92 6 62 77 82 0 -77 -99 30 -24 47 -37 69 97 94 -37 -12 26 7 -57 -1 -21 -98 69 6 60 -38 -90 47 -70 -99 -65 -32 -2 -27 -66 97 -73 -66 83 36 -57 -7 52 -84 -37 -49 -36 -87 -85 53 -33 -19 -82 72 11 59 -79 
-31 -65 -57 -91 -12 -92 -21 -15 -55 -66 67 14 22 -29 77 90 97 -3 62 -24 -96 -10 89 -2 93 67 89 -60 21 23 -79 75 64 8 -8 -98 29 79 26 20 -62 93 36 -25 -88 97 -43 51 -52 -86 87 -90 -18 14 5 -82 54 49 -37 -24 -74 87 -70 -66 38 71 14 74 -14 66 -9 95 57 -76 51 74 -81 -68 80 26 73 19 -20 -47 -54 -75 -69 76 88 -89 19 80 82 24 39 13 
51 -72 -82 -6 -88 80 -1 -94 -74 -67 18 -92 85 82 67 29 -24 28 6 -100 -85 52 -20 -35 18 -20 -6 90 21 -19 -33 -43 73 74 -9 8 72 -85 74 -68 -63 8 25 45 35 -2 -41 34 16 -42 -65 -99 19 30 80 -5 -47 63 -15 34 -49 58 -22 -62 75 74 52 -38 34 16 51 -53 54 90 -22 62 -8 94 4 -55 94 65 -40 28 -50 68 -33 5 88 88 -39 78 -43 -66 -89 -70 
-58 56 -89 -81 94 77 -13 51 40 32 20 42 43 89 -32 -96 73 -30 -70 42 3 3 94 68 -84 -54 62 -40 80 64 -45 -67 -10 45 -43 -13 16 76 36 92 6 -12 -7 -20 -39 -8 97 35 12 -71 -87 -18 41 53 96 83 3 78 -26 31 -44 92 21 52 -61 8 -17 23 65 -61 56 48 -38 -9 -99 32 99 -69 -9 -46 34 -2 28 60 19 63 78 -45 2 1 39 70 -10 99 61 -47 
-93 2 95 -34 -56 -13 -61 50 -49 -40 9 32 64 5 -64 -8 -49 -25 6 -82 81 -60 18 -80 80 -51 -10 54 81 22 -13 91 10 21 -81 -58 80 -91 84 70 35 -100 -69 4 -19 -66 -1 18 -70 -49 -76 93 -100 -55 -20 51 -53 -54 73 70 -67 49 -27 -50 60 49 -17 -69 9 73 70 99 -91 -24 29 -66 -15 -50 22 -81 -81 -14 64 -51 11 -43 48 57 94 -71 92 -88 75 90 73 -34 
0 17 -59 31 72 -89 -14 34 25 -19 31 47 91 62 34 -97 49 86 92 -32 76 -43 68 -76 21 -26 93 -70 57 -32 -38 59 23 15 -66 15 -50 50 19 62 -63 81 -34 87 -94 -28 67 37 -40 65 19 -3 -14 31 -37 96 -15 63 74 -43 9 99 -48 39 -83 48 -63 47 55 54 28 -48 -95 3 70 -3 -35 25 -67 -38 2 55 -20 15 -33 -9 -43 82 -51 -51 25 48 82 23 -77 -10 
-88 12 95 -62 73 10 38 91 30 -51 -45 -29 -97 -11 -89 -90 -98 -5 93 -47 -1 18 16 24 -80 23 -98 42 -9 41 -25 -38 -2 2 -62 51 57 53 26 -74 82 2 6 39 6 -62 89 -27 66 -77 32 -68 -51 13 -47 -67 -84 70 81 83 -53 97 -88 -5 85 97 -100 -92 21 -3 67 14 75 5 -70 69 -1 54 -40 -11 -67 53 94 7 72 38 7 33 65 28 -18 -33 -8 -92 83 -50 
94 23 56 50 34 -71 -31 5 31 -56 -56 76 14 87 -1 -20 -69 39 -88 -80 69 50 65 -24 -80 47 -1 3 -36 -92 -99 81 -55 -2 51 80 16 7 34 1 80 -5 -89 77 -62 -22 -83 54 -75 -61 -25 -70 11 27 -73 -86 -74 -23 31 38 28 21 -60 -97 65 -52 30 -27 34 7 92 47 61 -31 -42 60 97 -98 1 54 14 16 -57 77 32 -2 64 -6 -60 37 -36 -1 -70 2 -10 2 
87 58 -19 -25 54 -57 17 -18 5 -66 56 50 -83 15 -56 31 79 74 -42 -16 72 49 4 5 -48 40 24 67 14 68 -62 50 -11 49 -9 97 -18 77 -81 -51 -79 -21 70 86 -74 11 -50 59 -24 42 -86 -98 -52 -8 -76 9 -32 -51 -31 44 -87 -64 -18 2 -83 -70 -89 -30 71 95 -38 37 -40 -46 24 49 -70 59 -21 -84 -71 98 64 -22 84 -35 -33 -43 -59 -88 -1 62 16 -97 95 2 
-65 92 37 86 17 -19 -35 47 86 -46 94 -56 -79 31 22 -69 -32 81 90 21 94 -15 12 6 57 52 12 -13 -9 91 -73 -76 -78 51 -1 45 16 -36 72 42 -83 -24 -99 -51 28 9 14 -34 -35 93 8 95 -4 -19 -28 10 75 -8 22 12 -14 -84 -74 -33 -57 -92 -85 -3 58 -4 -94 12 40 -78 99 -56 82 45 23 31 -78 50 91 10 78 -58 94 15 23 1 -17 -3 54 -9 -28 -14 
-79 -94 10 -11 -11 -35 -51 80 -70 -18 43 -78 35 88 -64 90 -95 62 -85 -17 -73 -14 -13 -19 -53 -95 -36 92 36 -51 -64 79 74 -20 -71 -3 61 -10 0 20 -59 97 -28 36 41 74 64 88 20 10 -13 -100 30 95 -46 55 67 -72 -67 67 26 -13 -79 -91 2 81 -4 78 92 -14 -42 17 71 12 -33 -37 -66 78 39 -29 -54 69 -14 55 -70 -79 -54 -81 -25 -99 48 -29 94 45 55 -65 
-41 82 44 43 62 -16 36 -65 77 17 -43 63 81 -75 45 80 -90 -91 42 -73 -2 63 28 93 8 -9 95 41 92 100 70 -29 -45 56 42 58 87 -96 48 36 77 13 -76 49 -86 73 31 -63 64 -52 -20 99 73 -97 -91 65 -47 60 98 98 -87 -57 98 7 -63 -59 -38 -82 -40 86 -20 47 98 -32 -6 10 7 93 -43 57 -51 -6 -12 -98 -46 -70 45 -36 -75 36 64 44 90 -73 -13 62 
-73 23 18 43 27 77 -67 -66 61 -92 -78 -58 -28 -68 -26 -52 31 69 67 58 25 -38 91 -70 33 -38 -94 -63 93 95 91 -55 21 8 63 94 -69 75 48 77 -89 95 78 -74 -59 -77 -9 -11 100 -13 95 47 -82 46 -16 -94 -35 21 52 80 -84 -33 -27 -47 -11 63 -52 -79 40 -69 98 38 -65 25 63 72 -12 63 -80 -2 2 14 -72 18 -85 36 -61 89 62 -81 69 72 68 -14 -53 18 
-98 42 -51 -65 92 -44 27 97 -21 89 -71 -47 68 100 -89 72 -9 73 -35 35 -57 21 97 -99 -38 60 -7 -12 92 48 -30 42 -43 85 95 37 27 -70 97 22 -5 35 43 -85 -95 -6 69 25 -100 -20 -62 -96 -55 -59 1 22 32 20 -84 18 2 86 70 45 13 1 -37 43 34 -73 -77 7 91 90 -73 -32 50 -22 -56 -57 94 92 -15 -1 -92 54 -17 35 -31 -86 -80 -82 -59 -30 -11 36 
-61 -25 -4 -33 29 40 84 -2 64 56 21 -49 76 -13 81 39 29 -79 89 52 64 40 -31 89 -7 81 29 1 55 -66 52 -48 35 -44 57 36 63 -44 -42 82 -16 40 4 -10 55 -3 -28 70 -43 9 91 5 84 -42 39 20 -97 -83 51 -89 38 -78 -49 -79 -68 68 -75 -79 -3 -39 -7 14 8 -27 90 70 69 -14 -84 8 -17 -23 89 -25 64 83 -33 49 81 -26 96 100 -1 18 55 -60 
94 -91 30 -94 63 -82 -58 67 -55 60 47 -52 -54 -9 0 82 7 -18 -6 -74 47 5 13 25 -98 -63 -72 94 -98 -58 -12 -19 -12 18 -40 -44 85 -16 -12 -91 7 -38 -82 -6 41 -54 -32 -94 34 97 -75 -41 81 54 37 54 1 -95 -5 -55 62 -14 34 -41 -99 -23 -71 -12 -46 -46 -55 6 5 79 -72 -41 -69 70 -25 -60 -42 0 73 98 -82 33 -77 72 -8 74 -61 -9 -23 -97 56 -70 
42 90 9 42 -57 -11 -28 49 87 -15 47 74 17 69 -27 -68 21 35 84 60 8 86 -69 -2 35 -95 -10 -15 69 -2 40 -100 15 -14 13 -13 -67 78 -58 64 -90 -62 -72 27 -22 60 -74 -53 -62 -18 76 13 -38 64 -60 -7 -28 56 86 -56 50 13 -87 -37 -49 11 9 51 86 -28 -43 47 -31 -61 9 -23 -62 -52 76 27 -45 -97 78 -33 -21 33 -15 -18 -2 39 -22 65 -45 -80 75 -100 
54 33 24 68 64 -38 18 -80 51 100 -65 -10 -61 -86 -90 -19 23 -61 85 -99 90 -18 82 1 6 -48 17 49 -1 13 10 13 -3 88 -21 -45 -88 -21 -49 -76 35 -73 -51 -44 67 32 -92 66 -59 41 52 82 53 -39 38 -59 -83 77 11 63 94 40 -38 7 40 50 23 12 -70 -74 -22 -74 48 12 0 -55 -8 -28 -77 -61 38 -3 96 8 84 -69 16 75 -68 52 -20 95 -53 -98 -11 71 
-50 -71 -63 -64 -1 -100 -98 -34 89 -19 67 74 -92 -54 37 -93 -97 96 86 52 -80 -58 70 -70 -29 22 72 -54 23 -61 80 3 -12 47 94 31 -91 36 31 70 64 53 -42 27 41 92 75 -5 68 -66 52 -66 34 69 -14 99 -69 -51 -21 -22 27 -27 1 76 98 -10 35 -91 -58 -18 64 46 -50 59 -33 85 -56 -69 14 57 -71 -88 18 -74 19 -27 -47 -18 -63 9 17 35 3 -58 -94 -46 
-84 99 3 -1 -1 -80 26 -45 -88 -28 -91 -52 80 41 -77 -85 81 -22 58 52 -18 83 34 -72 56 -7 -52 -25 -87 -48 -71 6 33 71 96 -97 -72 96 9 -90 50 95 -31 36 75 86 -57 -10 -22 -58 -21 -86 -92 -58 -35 65 -44 -46 -70 -21 72 56 -70 -94 69 -93 -79 -7 -87 -98 -41 98 43 54 -83 10 68 5 -70 -6 67 -33 82 -82 -70 26 4 -96 -20 -99 41 -82 14 7 83 92 
-43 -21 -24 67 -47 -26 24 -19 39 -87 41 -17 -21 -70 -37 40 -5 59 -14 67 -85 -24 -88 12 -91 84 -9 97 -32 -60 -34 4 96 -27 -32 -6 42 -65 92 26 -73 -13 -93 64 21 97 61 95 34 -21 42 59 15 -94 -61 -12 0 -63 -31 51 -79 -80 94 86 44 -35 27 -30 -90 -45 -53 -91 -90 -35 28 12 86 32 -10 -100 42 35 56 58 -68 81 -78 12 4 -42 -98 31 -79 -19 94 -33 
51 -74 -49 -95 -41 -93 -31 -2 -86 1 100 -52 13 94 -85 54 -27 -89 96 -39 -58 97 58 -94 -40 -55 22 31 -64 69 -66 -1 18 52 -67 -68 -56 93 34 -92 -11 -41 12 -79 1 -14 70 -16 -57 -7 -29 41 88 -93 86 -42 27 19 83 59 -4 82 99 -17 -49 74 -63 36 15 -43 -79 37 50 -36 28 -74 86 23 -34 4 -70 -68 86 -66 79 96 -68 -89 -70 3 -13 -48 40 19 95 -4 
44 -56 48 -42 -43 -71 -74 81 70 22 71 -20 -39 18 -54 2 -12 52 68 10 16 -72 -21 -87 5 -6 19 76 2 64 82 -90 -54 58 20 -17 75 2 13 -85 -50 -11 94 98 80 22 1 6 -59 94 15 -23 16 19 -67 96 -49 -16 80 80 42 86 -32 -94 -24 89 53 -68 90 -72 -62 72 -61 62 -45 -18 -17 92 -8 -3 -2 1 -70 26 -91 72 31 -62 82 22 -16 -22 23 78 31 40 
53 -27 63 45 -76 74 -42 66 46 -38 -79 -92 -80 100 -13 37 -65 -97 -35 -91 -57 34 -65 -68 -9 84 1 -56 82 -49 8 43 -21 2 -21 -23 4 -30 5 -71 38 -1 79 -77 91 -19 -49 97 10 -24 -100 55 10 -27 -84 27 6 26 -83 21 97 -19 56 -20 -1 -43 -57 79 -60 -71 0 -5 87 72 -26 89 -78 69 46 1 -57 -40 43 -32 -76 -81 36 -87 67 4 39 53 -5 -1 -12 -9 
-1 -87 -70 -67 85 64 -14 -22 51 -48 -36 90 90 62 93 -26 69 -47 100 18 -19 34 -98 60 83 13 64 81 15 -19 -74 -60 -16 -71 68 88 69 -41 -51 66 -94 -42 -10 -9 100 89 -63 49 -29 58 79 -36 -95 85 -11 65 73 7 47 8 97 -96 30 52 -45 60 -68 90 53 13 -53 54 6 49 14 54 -27 1 -71 -75 28 5 61 58 -13 53 15 72 -17 -69 81 -17 37 -22 -62 -59 
-50 -99 -55 59 72 18 -9 89 0 75 -73 -50 96 65 -92 53 -10 90 45 49 63 -52 -3 -92 -71 30 -24 -7 -81 -51 -5 -98 -6 9 88 29 38 -41 -65 4 -72 -13 80 90 -81 -25 47 -48 -78 68 25 9 26 56 61 73 26 84 -48 41 8 87 82 75 -36 50 -76 -35 -66 65 52 23 -82 8 -81 -55 -30 22 57 -90 -18 26 -19 -98 83 84 69 -48 -14 -96 -74 -83 -81 -15 84 20 
-97 -72 -8 -55 69 68 -69 -55 18 13 6 42 68 -12 48 -81 50 -82 3 -10 40 0 16 -10 -91 -83 -31 11 -100 -46 19 34 -37 97 94 84 -23 66 70 -49 72 -87 -55 88 -51 -19 2 91 4 4 85 -78 -59 -79 37 32 -8 0 -47 -27 94 -82 -1 63 36 -18 15 -41 -80 -54 11 93 -66 -35 28 -80 -50 -90 -49 -41 6 -26 44 57 -72 -15 28 20 -83 61 72 6 -94 8 91 56 
65 8 92 28 -57 -41 -56 53 41 14 -90 -95 45 -52 72 -39 -40 69 -86 -17 5 74 90 70 -21 -29 -5 12 62 -42 27 -81 3 -74 97 -43 -73 -41 9 -11 42 -74 85 92 -64 25 20 4 -2 39 -82 59 -75 -23 -24 42 79 -14 -49 21 56 -48 12 20 -61 98 32 83 -9 35 37 48 -39 -95 -55 9 72 -78 -48 64 -62 92 4 6 -14 -92 -84 -55 -96 -27 1 22 2 70 -79 -81 
-23 28 -54 89 8 66 15 59 20 40 99 -55 -10 -12 -21 18 60 -71 19 71 -10 -54 98 92 43 -76 -79 -25 80 80 -98 71 38 4 -58 64 -2 69 85 -97 15 -14 62 -1 -3 -39 -2 -90 -39 38 -7 -9 -85 -4 -88 76 -90 33 40 -22 62 93 11 -1 -47 90 20 25 53 -86 10 -35 -64 -62 -40 -84 90 55 18 50 30 49 -37 80 -41 18 -24 57 72 -52 -61 -87 55 -50 63 -63 
94 -33 12 29 31 85 31 -51 -23 34 17 54 35 -90 7 40 -4 -40 -91 61 79 69 -51 67 -63 94 100 50 71 -20 59 45 -72 91 -6 35 76 54 84 37 83 -65 31 74 -88 60 89 -5 97 -68 21 -68 14 30 -60 23 -14 -83 58 -78 100 33 76 84 77 -19 -48 13 -75 12 -36 -92 43 -92 -97 19 12 46 55 36 -72 41 -67 19 10 -19 -95 64 66 -92 -33 -79 24 40 -60 33 
40 39 -89 -86 73 54 -49 52 -77 76 7 -83 81 -82 -73 -28 -97 -48 -56 -95 9 -86 -21 89 -70 -15 -81 6 -68 50 -91 53 -82 -5 -25 67 -69 67 -26 89 96 10 -9 16 -7 -73 94 60 1 -92 -49 -34 -96 99 -41 77 50 58 11 28 -30 -11 35 -60 20 -18 85 -58 100 86 93 -13 -1 -93 45 42 -37 91 83 -95 -84 85 -87 23 10 29 65 97 100 64 -71 78 97 -3 -60 -62 
-8 40 77 -93 71 92 68 -62 -95 1 83 55 23 17 16 90 -91 58 40 -61 38 84 -2 62 82 23 81 97 21 31 26 -27 -43 -9 69 82 7 -74 -54 27 9 55 -52 -40 2 -3 7 33 -98 -59 100 3 98 59 90 16 25 -87 35 -92 -53 -87 87 -40 -40 -93 -62 -11 0 -42 42 61 -71 -8 -66 22 24 -46 25 35 -32 -12 57 98 100 10 36 -84 10 75 16 -88 -91 81 64 -62 
-73 -7 37 11 -57 -90 -31 42 -64 -90 -28 -11 44 -40 -86 -89 27 -42 -18 52 -17 29 21 -51 28 79 61 49 -52 -73 52 -94 33 -100 89 -67 47 -67 31 100 -70 -14 -59 15 64 5 -26 -54 -70 2 87 -65 43 23 93 -63 -85 24 69 -69 -18 64 46 3 29 -75 78 -98 14 -96 61 69 -47 95 87 99 33 48 95 95 -47 -93 34 81 88 79 9 42 27 -99 -30 49 32 54 86 -15 
38 85 77 -35 53 -44 -92 -26 -47 44 75 -43 -22 -42 60 -97 26 -34 66 0 42 -73 43 -8 67 84 92 -28 79 74 -98 -53 -9 5 49 -77 9 92 -4 -88 76 63 97 -22 -81 39 -4 -77 -33 -93 69 -70 -70 -52 -87 15 -77 -14 -71 -48 -25 56 -98 -58 -97 17 58 22 28 -74 51 -61 -34 100 -51 -43 62 -2 93 -45 -38 -64 50 -77 62 25 -83 98 -86 -4 -68 56 -5 40 -98 89 
80 -52 -6 -54 89 17 -28 -44 90 88 -63 55 30 94 -33 71 -52 8 -2 11 -16 -70 -57 97 28 32 -65 -52 -68 24 -86 37 7 72 0 -36 -81 -88 -33 -100 18 -48 36 45 -30 -69 -41 78 -67 43 62 19 48 -26 -23 -27 -80 67 48 67 -55 -87 -36 14 35 -88 -73 69 -18 -53 -81 -65 84 53 -75 83 2 -13 59 8 74 32 5 52 39 78 54 -18 20 -21 7 36 -62 17 77 -18 
-16 43 -14 -38 -7 -40 -11 -5 -1 -42 -5 62 32 -21 -33 43 95 -63 -11 -67 67 7 -60 91 -66 -29 74 -24 -55 57 83 -73 52 -49 74 -47 4 -8 -25 23 -54 -46 14 -57 -25 -37 -54 -74 -37 -72 26 -38 29 -16 13 91 58 15 -57 -49 10 -93 -3 -97 92 -54 46 -68 28 -75 -24 -70 -75 -8 -78 -31 -22 -18 43 99 51 -40 -97 -77 21 -40 -72 98 41 12 -40 20 1 58 21 -87 
89 -23 -26 70 -76 -11 -88 -71 -71 64 -69 -46 -47 -11 -94 -21 -97 -57 -4 14 27 -84 -77 96 -97 -11 -14 9 -68 51 7 48 -97 -5 39 91 -27 -88 32 95 -24 -30 7 11 75 -33 86 -35 3 58 35 31 64 -31 72 4 65 -53 23 -49 -34 -6 11 3 -73 85 7 -89 10 -54 -58 9 -84 64 -43 48 71 -69 9 -71 79 -52 63 72 94 67 61 13 12 -48 -1 51 82 -45 -58 14 
-55 -71 -96 71 -39 -23 78 71 48 -64 49 2 -66 -25 -51 38 -88 -78 -39 -16 -8 -26 80 73 90 28 -50 47 -43 68 66 -38 -95 98 15 -88 22 59 -26 92 -41 -69 33 -98 -71 92 -25 61 -45 -20 -49 -51 94 -37 -74 -97 -20 -7 -87 16 -18 -72 -10 -55 -91 -84 76 -95 -55 43 -2 -36 23 -97 -6 64 -31 -47 -74 -43 73 91 -35 -1 -65 -14 73 76 94 -52 -24 25 -67 -98 -40 -15 
51 64 52 -15 -22 22 32 10 27 47 -82 49 -64 5 -9 5 -100 -98 2 -79 76 97 -94 36 12 -98 -72 -87 16 24 45 -19 74 2 54 -37 -9 25 95 100 47 -78 77 -68 75 -87 45 94 46 -46 95 -99 -82 -31 -26 -29 90 -41 19 -17 -12 -52 -84 -92 -14 74 36 -32 -72 21 -6 4 -88 -93 -26 74 -78 47 42 79 37 68 67 -1 10 5 2 65 -4 -15 27 -35 90 4 -67 -80 
-65 -10 91 -45 31 27 -52 -79 -33 96 27 -70 18 43 29 36 65 -65 45 10 -15 -63 69 33 -17 -59 -76 -7 5 49 -41 -70 45 36 -83 37 -8 -25 -10 -71 10 -42 -55 -100 -49 12 -50 -67 -18 -1 15 -32 45 26 9 16 -64 46 -40 57 31 -83 43 -95 -93 -84 43 100 85 87 0 -86 43 -84 43 -59 -16 -63 -74 -100 -9 -31 41 -71 -72 55 -32 -57 -7 98 -19 59 -74 31 78 -56 
-5 17 -37 -25 -41 -51 -42 -19 46 -22 63 73 -90 47 83 68 -14 -16 -91 92 69 58 79 45 -40 -67 33 3 76 -59 21 7 25 -46 -15 -47 88 -52 40 32 56 -32 20 57 45 42 -8 -49 91 -41 -99 56 90 -93 98 -97 35 -1 90 88 77 -55 -99 36 84 -5 95 59 51 -81 -83 31 26 -9 -90 5 -100 97 19 54 91 29 87 69 39 82 -80 44 -71 -54 63 26 88 -24 -20 30 
-81 64 -24 -47 -62 -16 -87 -63 -10 -72 97 -22 -65 -94 -65 76 21 82 -57 52 -85 -67 -12 -44 -41 -1 -52 -25 10 72 95 97 85 -31 -1 -41 44 -86 55 -76 100 74 -53 95 -52 -33 -21 -77 94 26 -48 17 -76 -98 85 73 65 -50 94 -7 26 15 -31 79 100 68 -93 -34 -96 -62 35 62 25 47 13 90 40 -1 -65 37 -72 -37 -86 -28 33 -33 -72 14 64 -38 54 -49 65 46 -100 -10 
-36 -56 91 96 -42 -41 -80 -9 79 -8 -52 -58 -78 -1 67 17 81 84 95 54 -95 46 -55 97 -16 15 -25 -78 35 14 9 36 -53 34 43 9 -65 -72 17 16 -60 24 -22 -64 44 91 61 71 -88 19 86 -39 -67 -58 -10 57 -36 -2 -41 85 28 -16 -86 -60 -89 13 51 66 -90 81 36 -79 -78 -14 55 -54 17 -99 -25 0 70 -29 2 55 -6 -76 54 88 -47 52 -94 -57 90 88 33 -48 
79 21 -65 79 0 -88 -90 -76 77 -35 6 15 1 92 -43 -37 -53 97 -55 -37 64 15 -92 -9 19 -90 -54 -89 -35 34 0 -76 -26 12 -89 24 20 34 -80 49 -12 -74 -14 -6 0 -49 -47 34 -88 20 47 60 53 7 -52 -60 50 27 38 -23 57 57 1 50 -89 -16 51 90 -72 12 61 -31 19 88 57 82 -94 9 -2 -25 -32 -58 -75 36 93 -10 20 66 80 16 14 -38 13 29 91 88 
-89 86 -33 34 -61 34 22 50 -13 80 20 -23 66 -96 -62 16 18 -58 -66 -97 48 -43 34 -56 41 -25 -61 -75 71 61 16 -61 52 51 55 82 67 60 -34 -12 -61 -60 94 73 86 15 -59 90 24 -81 19 87 -20 -83 29 12 -53 -84 -28 -39 35 -41 -20 -88 -89 13 -57 27 -61 -98 -36 6 -89 88 77 69 10 15 -59 -72 -76 -84 9 50 -10 87 65 30 -86 -66 -21 -74 65 85 -44 -57 
-62 -52 12 -69 47 95 18 -2 43 92 7 -71 -2 -79 -42 67 -66 -49 -73 -87 7 -54 67 81 40 34 57 -66 -62 56 45 -100 65 -54 -29 23 57 -22 60 -24 -85 59 -29 -45 60 78 -87 52 53 72 28 -52 -92 -86 98 -38 87 90 -36 64 -25 52 76 45 -51 6 47 -63 -85 34 80 73 -55 -24 -57 96 50 77 -34 -37 16 16 58 -32 -19 -5 -20 -92 24 -83 99 -19 0 30 -35 -25 
-93 65 37 -80 -89 -13 -73 83 64 -83 -21 36 -83 19 1 -11 -99 50 93 -57 24 -60 -47 -88 -87 30 -55 96 47 -31 -43 -17 78 -94 -29 -41 -19 46 48 -69 41 -46 99 69 69 -36 27 -36 -81 -93 -57 -82 -14 -19 -79 81 62 0 10 58 13 39 70 86 -29 89 87 38 77 -26 32 11 -6 -22 -90 -62 23 62 84 -95 -29 66 -4 49 93 -67 93 -21 -36 14 84 -2 58 -55 85 23 
-41 -39 -83 17 70 -8 -86 -100 -50 -16 -70 -77 -4 26 61 -27 30 -89 -34 -63 -89 -86 8 -32 -35 -73 35 -80 40 49 -68 82 47 54 42 -19 20 7 -23 68 -64 -85 -3 92 -81 48 66 73 45 96 -67 -8 56 -15 -94 29 -39 -41 -17 66 8 -88 78 83 -25 93 42 -84 89 31 48 27 22 -93 73 -11 86 39 -33 26 -78 -60 -1 -59 -19 -95 -62 23 -84 -5 56 -9 79 19 -8 -3 
16 3 31 -91 -100 -75 66 56 49 61 -53 9 -13 -78 -22 -10 24 16 20 -42 59 15 -91 -100 -21 -23 23 74 -86 -80 -15 -26 52 -20 84 -81 -37 -18 -70 -44 0 47 22 92 70 -46 65 1 94 -67 10 1 -96 28 -26 -16 -100 -1 68 70 42 -99 -29 99 -64 -9 35 -76 -17 -78 25 -86 16 -47 -95 44 -10 -67 -52 -48 95 55 -23 8 -74 -50 -41 -87 -40 89 75 -43 72 -15 -57 7 
-59 15 -11 91 79 -48 67 -73 1 62 30 -40 -67 -95 -17 6 -58 -34 -27 -90 83 -43 -63 -50 49 -51 -84 -24 -48 43 26 -10 95 44 -60 -84 -90 -30 87 10 -39 8 32 -55 -18 -9 28 90 -66 -33 -71 -49 -46 9 -71 51 41 36 -44 5 -72 51 -2 51 97 -22 -48 -51 -65 -69 -59 27 5 -72 60 97 54 -77 34 -80 74 27 -48 -82 -20 -92 62 -92 45 92 92 -10 -60 -97 88 93 
-76 88 58 -24 44 73 89 -98 12 42 -13 -14 -72 -57 38 -31 -50 59 -40 88 -90 -46 47 46 -67 68 -30 55 70 -83 -65 70 -28 66 -40 -12 18 38 58 -44 -88 17 -41 -97 -97 -84 24 -49 6 2 33 -27 -38 44 67 -64 97 -48 42 63 -80 -54 -66 70 80 41 -96 -85 12 -82 -19 -33 43 67 89 -2 87 57 74 56 -33 -19 -12 53 -97 55 91 31 -67 -16 -60 -37 17 33 81 -44 
-67 -11 57 -3 -25 -62 70 -89 -94 -7 91 30 12 62 -51 -98 0 -29 -16 -19 88 92 86 53 -85 -70 95 39 14 -73 13 -67 25 -40 97 55 -78 -41 49 32 -33 -57 17 -28 -48 18 18 88 -13 87 96 89 -90 -95 -41 5 -68 -58 69 -68 -12 -12 2 38 22 85 -32 62 -85 27 91 -76 86 27 -76 74 -55 -91 42 6 -63 -74 -85 -29 21 77 -41 43 13 70 41 35 -58 2 -17 -55 
40 -88 2 18 -13 41 100 -29 -99 -6 47 -80 -82 -54 -75 -36 -97 -3 -73 -39 12 72 92 60 87 23 -100 -54 -76 36 37 45 44 80 87 -90 65 11 -44 -80 52 15 0 -47 -62 -99 -23 16 -19 89 -92 86 -47 -35 97 39 -94 -75 37 -57 32 -50 14 95 -16 -53 65 -57 -93 -55 -44 -25 -66 -16 87 -54 44 -38 -36 -5 32 -70 1 58 55 -17 55 -83 66 -33 3 30 69 -38 -84 -67 
-34 80 25 38 79 -83 -45 -19 -36 66 93 33 -44 46 52 64 26 48 60 -85 -66 66 -11 -84 37 8 62 -14 -67 -47 53 -21 69 -64 29 -90 80 -91 69 64 66 -35 26 90 85 -24 -30 -38 -95 99 -24 -71 57 48 48 34 44 69 -91 -44 -30 -20 70 81 -28 -90 -77 -74 -21 -96 -32 26 -41 47 -3 73 -52 -34 20 -74 80 -39 -26 64 -77 56 94 -48 5 -68 -11 -65 -53 92 -1 55 
-48 -74 88 -31 -100 37 88 32 -54 73 -51 17 43 33 -87 -51 78 -44 37 59 -7 -22 12 -39 -32 -73 -79 32 45 80 -22 -67 83 81 26 -57 98 -6 74 59 25 42 22 -23 -70 99 -61 -37 -4 -86 -8 -88 46 54 79 45 -90 77 77 -51 -30 2 -5 41 42 4 -65 -9 48 -63 97 40 -50 97 -85 39 -29 28 79 -27 42 77 -57 86 -19 -73 -46 27 33 -78 24 -21 94 -13 96 80 
-58 1 -81 -58 29 10 8 -35 -57 29 46 18 25 -88 33 -99 -23 47 6 -95 13 -80 -22 44 14 -34 -41 -83 96 -2 26 -2 56 73 86 -71 -86 73 9 -71 -16 -41 -7 83 96 27 10 38 60 73 -66 -6 -12 86 -10 68 18 -8 -32 94 -57 -4 -70 -30 13 15 -20 31 -99 -72 -97 -15 -3 -41 40 -88 -45 40 -85 49 31 83 8 -57 62 -92 -90 3 3 -99 -85 20 32 53 -64 56 
-49 -59 -95 -62 8 -36 -20 -55 31 3 -39 -21 -5 -1 12 96 6 46 4 66 -7 50 -62 39 -12 79 13 57 -56 57 -55 67 -18 46 86 47 6 -55 -31 -9 -18 58 -54 17 -34 16 -24 -40 0 89 -12 -10 -4 35 -89 30 75 -32 -19 -3 -15 -11 -92 -33 14 -73 55 -36 66 -83 77 -27 97 1 -74 62 -52 -78 -29 24 -79 -11 -18 88 -85 39 38 -29 -40 -65 24 -85 -21 73 -39 -63 
36 -41 93 5 43 -43 51 28 37 83 -21 -68 100 -16 -22 -34 -59 -24 -98 -9 51 11 -70 61 29 -8 -54 85 -4 -54 95 -90 13 22 -7 40 27 50 -86 33 -86 14 95 29 43 36 -18 8 33 -96 31 -65 58 91 -29 -99 71 -5 -5 68 -14 -82 -72 78 41 -73 -80 44 -73 46 -57 73 -65 97 22 24 -20 64 73 -77 35 84 -51 57 -94 -68 -21 93 -22 19 43 -90 98 91 -24 -84 
11 13 50 43 -28 46 2 -53 74 -22 13 -32 93 -82 -56 99 -66 -65 -44 6 6 53 -100 61 75 50 79 21 48 -38 -38 87 -11 67 1 0 -46 -68 -78 -4 43 54 59 -54 -82 -74 -32 -37 -15 -45 7 -40 34 -9 -92 -72 -34 -99 -90 99 -68 -97 26 -50 46 -72 -49 21 22 9 -49 -92 3 39 -31 92 -79 72 61 16 77 -97 -24 -30 -55 -100 73 -75 87 51 21 0 36 59 -65 58 
60 -71 -58 81 33 46 31 99 24 93 -3 -56 77 90 -31 18 53 -5 -58 38 30 41 -62 35 48 50 -81 -52 -71 75 -17 -90 -84 -11 -32 78 -1 -64 -98 70 -34 58 -96 -15 -91 -29 61 34 -25 72 -95 37 41 -41 -73 83 100 59 -29 33 74 49 40 -68 -64 -33 4 8 82 100 89 -54 30 2 69 2 43 25 76 -4 87 27 -82 -87 -17 -75 97 63 35 -6 -96 60 -50 -40 -6 -16 
90 70 -32 68 -98 53 4 89 24 -72 -60 -25 -1 -80 -71 59 -25 56 54 -22 -77 -7 23 -44 -43 16 -51 -18 60 -29 -100 -34 94 0 79 23 -70 78 -51 -71 -12 -63 83 14 -32 68 41 79 -24 -85 -70 -21 97 -24 -16 31 1 -89 63 -15 -10 52 63 -75 7 -23 -16 -91 98 56 -36 92 4 -96 -33 46 68 83 -2 -15 -64 6 -19 17 -2 -50 78 95 97 -21 21 -48 -98 -61 -32 -46 
92 46 47 -48 92 95 -13 79 -51 11 100 -86 24 51 0 -74 60 8 35 41 -83 -85 85 69 -95 -90 -37 -65 -5 -91 -33 33 23 43 98 -44 66 27 -92 -54 40 -58 -3 -21 55 11 -52 6 21 2 24 80 -95 33 -85 -28 94 11 91 4 -79 85 -95 -76 -18 19 -12 84 90 4 -66 -55 66 35 59 72 -90 -54 2 -54 53 81 16 -79 -64 77 4 76 -80 -67 73 2 -6 -42 87 -97 
34 18 78 33 -90 -49 51 99 17 -51 -76 -44 16 97 84 40 -47 -96 24 -42 0 -88 -18 59 78 -11 8 81 -100 1 51 -58 -15 -8 -46 -36 -95 -70 -66 94 7 33 -22 -8 34 -81 9 -24 78 -53 -13 88 -5 34 -92 95 29 -27 -60 -59 90 -60 36 -65 38 -3 -58 81 -57 -47 29 -33 79 59 -98 -37 71 81 6 64 35 26 -74 -15 -7 77 -31 39 -40 -76 32 100 -27 64 89 22 
-34 -40 56 -54 -64 -42 7 -98 -89 -38 -42 91 99 -58 -40 73 22 37 27 -77 -89 46 -65 -61 29 42 -8 17 -40 -7 73 -97 -6 36 -79 -31 60 91 53 12 57 0 -68 -27 -71 -73 -93 20 24 -91 92 22 4 71 50 55 69 41 -91 51 -54 -50 -23 -93 -62 79 12 62 -95 85 80 39 84 50 -48 -85 -96 -70 -8 -24 -9 -22 -82 -17 -91 63 10 44 3 63 -56 -35 32 -26 61 -56 
-45 -1 -60 -28 48 -36 14 -2 98 44 66 76 76 -91 -71 -78 32 19 62 -36 -26 -87 -17 58 -49 24 21 18 -45 86 -97 -36 -88 5 -86 45 -99 -15 -75 30 65 -14 -2 0 -86 -74 29 71 -11 0 -1 -59 -80 91 -75 -84 54 -79 -22 -92 53 11 45 -100 -98 -44 61 47 44 -56 57 92 17 -45 65 -18 -93 -44 75 85 -25 50 -3 49 99 -28 73 73 -64 -77 -70 0 25 91 31 -23 
-21 12 49 -74 19 -59 67 64 59 40 15 10 79 -41 -27 21 50 91 77 67 -13 -71 92 -35 -58 74 21 -4 -10 6 -59 84 50 -52 -61 86 64 47 -38 -100 -46 60 -18 -68 99 65 93 59 -5 41 -27 33 -85 -1 -3 21 9 74 -48 -46 90 -8 -73 74 -69 56 -66 88 -86 -21 -57 36 23 -75 -39 -84 22 -89 -71 -86 92 74 -94 -47 92 9 86 -22 -98 78 97 -56 31 58 -12 -60 
-41 66 -54 -24 35 35 46 89 51 -79 -3 73 -35 -31 18 -18 38 -42 37 33 -45 -69 89 67 2 -74 35 48 31 54 45 -53 67 8 -79 -23 25 -74 88 72 76 -60 -51 24 -100 96 15 -33 -27 44 85 -88 -18 -51 77 -85 51 -21 -16 -51 -51 44 62 45 -84 87 91 20 -2 28 -31 0 -20 34 -35 -60 -48 34 -75 93 -55 36 82 72 11 -100 46 11 -7 -6 46 73 -76 -85 -34 48 
97 3 56 -64 48 23 -31 -95 8 -36 -18 66 -41 99 -46 94 74 13 96 -66 26 -72 -47 -76 29 59 -7 7 90 -38 -95 89 -78 -70 19 24 21 -32 -42 -6 -4 76 87 14 29 -6 1 50 64 -68 78 -2 -87 13 85 59 18 -94 -18 -27 -47 90 -37 87 11 96 99 98 88 -49 -5 19 -34 14 -1 -94 -36 82 27 37 -79 -73 -68 -44 17 62 68 -47 -11 -1 -51 44 -46 96 -89 -7 
-56 68 -80 45 71 64 93 -9 -4 -28 -74 -74 91 -30 -32 -72 -91 -3 -31 -45 74 -19 72 100 50 31 -17 87 79 -20 -85 -99 18 -65 68 30 12 26 -75 53 -9 -29 -71 64 -63 -96 74 -86 53 -14 20 91 46 49 46 87 6 -92 -63 -32 -91 24 80 -18 79 5 93 -53 55 -76 -52 -60 -60 -73 8 -66 -66 -10 -19 -35 -52 2 -65 77 -67 -24 -44 -61 -68 -100 -91 42 -22 -98 -54 35 
88 -9 37 14 65 -3 -45 -34 71 61 64 -67 10 100 -25 21 -36 80 -94 75 35 -78 2 -8 97 -41 67 77 5 62 -20 15 83 67 23 -20 14 -69 9 35 88 -33 -89 12 42 -25 -69 -31 92 31 9 -20 -67 -60 77 58 86 -86 88 -19 92 80 -35 25 61 -94 96 64 3 65 -48 -26 -91 5 36 90 -16 64 88 -1 -58 -61 19 25 37 27 22 77 -3 -62 -5 -78 49 1 29 -67 
11 51 34 10 -5 -51 40 56 -6 -13 -14 -56 -29 -12 -38 -50 -1 40 -39 86 90 10 -34 -83 -86 89 11 -70 32 40 -21 -93 -82 -47 -27 -28 90 -42 -90 -67 5 -70 -82 -67 63 65 90 24 -100 -53 -78 8 -59 -61 9 5 -89 60 -44 3 54 70 78 23 67 45 37 -31 -35 67 -31 14 -29 22 30 -9 67 43 3 5 96 -81 -51 39 34 -46 -15 -3 87 28 -40 44 12 -22 61 -66 
16 0 80 64 -3 73 18 -50 -11 -12 83 15 -12 -94 -57 -60 73 63 -46 -79 47 -82 -64 89 70 91 69 4 -60 1 -36 -70 -30 -50 100 -34 56 90 -11 -35 61 -75 26 14 77 -20 -43 -30 -95 78 -28 -100 66 25 53 -78 21 -93 -25 54 -25 35 -18 -4 80 2 1 -38 -72 28 -68 48 -17 92 -41 13 -63 10 -80 75 81 -97 -91 90 48 -89 72 -78 43 87 -64 9 1 -84 30 55 
82 -81 -21 8 12 52 9 82 68 -94 92 -92 -9 99 59 -73 -59 -16 -54 99 -80 15 1 27 -63 -33 8 -63 49 87 59 71 -33 -60 -38 -85 45 -73 26 -56 -87 -39 -17 78 -54 -97 -14 -49 -44 52 -6 -80 -73 69 -50 2 -24 -52 28 20 -65 -79 -54 38 46 -86 65 87 100 -64 -63 40 58 40 47 54 31 56 -59 -64 -38 -28 36 -14 -2 90 -15 58 19 -83 65 -58 1 -57 61 -31 
-16 84 54 95 -86 40 85 -2 -62 -60 -23 -13 -74 79 48 72 -23 -42 41 -78 -80 -26 -70 -14 -64 27 -92 -9 88 -42 -52 -73 90 18 -70 23 39 57 -45 -35 20 74 -15 29 -90 -19 16 70 90 -45 -51 76 47 -33 -90 -43 91 10 31 80 65 65 -68 -45 20 58 -85 -62 -34 89 25 -43 -58 57 -34 62 60 6 -82 15 67 -27 -13 93 83 -6 38 -16 66 -46 -60 -74 -99 -16 -54 48 
89 7 8 81 33 -91 22 -51 86 18 68 -16 54 -6 14 9 88 12 51 70 -77 73 22 50 4 -35 -51 -30 -24 -17 -26 23 43 30 90 -21 55 -96 -75 84 91 68 -57 -49 -3 -88 -12 -65 -47 -74 -34 4 -76 29 -57 100 -50 -20 91 -17 -9 -4 30 35 -7 50 64 40 74 77 83 16 -85 -24 -85 -76 -18 94 -7 -85 -42 27 80 -85 -93 -52 -52 -5 91 24 -96 -83 -80 -3 -12 37 
61 54 80 14 -3 91 64 27 -11 54 -95 -30 25 80 10 -10 -52 80 -43 -32 -39 81 92 -12 57 -29 8 -99 65 80 -48 -17 -27 51 -56 -22 -100 1 35 -86 -53 -46 -15 67 1 -49 3 47 43 -58 83 -83 26 79 -80 1 74 47 90 28 92 21 86 -14 89 -22 -25 1 14 52 -80 18 20 75 45 -39 90 -10 -99 63 -18 89 -99 -48 19 89 -56 -20 72 27 1 -20 73 16 66 -45 
12 69 82 -29 29 70 -77 -88 -46 -75 33 -7 -31 -21 69 -51 95 -72 65 64 -55 -22 -4 52 -8 37 60 -45 -81 -55 -39 -53 -65 -35 -9 11 36 -70 -52 -72 -69 -1 7 6 35 100 -48 -39 99 72 79 62 56 -83 88 -42 -40 -1 -4 -74 58 -99 76 -50 -22 -57 9 2 -16 -90 -73 -91 -30 9 -90 31 -43 99 -24 -43 5 17 43 64 27 91 45 43 -57 -79 -79 51 53 -85 -29 -32 
98 80 15 -54 21 16 -54 -69 -14 -68 -88 -91 8 -86 -99 -26 71 4 -100 85 -50 -84 -1 10 -13 -62 -12 15 73 -19 3 46 -1 -16 96 -15 52 0 77 10 -78 -89 -34 37 89 23 -13 5 -53 37 22 100 -11 49 -51 -61 80 -55 17 -21 57 24 33 -99 -33 -73 69 -36 -14 55 54 83 88 -82 38 -7 -81 -16 -80 -12 76 62 -41 -100 -6 -14 34 -21 96 87 20 58 63 90 -89 37 
-50 24 -63 48 -7 -64 -81 61 -22 78 52 -53 -70 -37 -54 2 -66 24 -75 87 36 -45 -30 34 72 78 85 -4 -74 5 31 -38 -44 -82 86 -73 -48 -21 2 -34 48 98 -92 0 70 6 -88 71 -22 -18 -4 95 52 11 63 -11 -96 -56 14 39 53 16 -2 -100 -40 29 -89 34 -35 -26 -89 -5 -92 62 -42 -9 -97 32 18 -79 84 39 -8 56 50 -38 19 -74 -63 33 71 -64 10 53 86 -55 
-24 87 94 98 52 50 80 48 37 30 -40 -41 92 89 -24 -90 -19 91 27 -52 85 -49 -66 -74 -86 -55 74 -43 59 16 -6 -85 25 -67 48 8 -36 -33 59 50 -93 1 95 59 -99 69 -73 97 98 -58 37 34 -58 26 -55 63 26 -3 10 -30 -60 95 -8 -51 -15 72 20 -38 -60 56 -87 88 32 79 55 -26 -3 88 -25 30 -14 -14 -69 26 35 -50 -60 -16 -76 44 91 -58 45 50 78 -53 
31 21 -91 -18 67 80 -21 83 78 -91 47 -53 72 77 14 -10 -91 96 20 -51 -31 68 -60 -14 22 81 -81 -38 88 33 -92 -84 49 17 -55 55 85 33 -43 -22 -64 -40 66 -94 -55 40 -20 -53 19 -11 59 36 18 1 47 -29 69 66 -83 -83 15 -76 5 -55 -1 -68 31 49 -47 62 76 15 79 -70 86 -98 15 -80 50 12 36 -43 -19 47 -39 -2 -3 2 -94 17 50 -98 71 46 71 -8 
-94 27 -12 1 5 -14 95 -72 -93 49 -80 -60 -84 26 -92 -38 68 -96 90 50 87 77 -59 -67 -44 -79 -43 87 -6 -98 -56 -98 37 -23 -20 -70 72 -74 -32 -77 39 -97 -3 -16 38 33 18 61 -6 -42 -63 -41 -39 -46 34 1 -18 -65 52 100 -25 48 -42 -65 -90 35 82 72 80 88 -93 -26 46 6 -93 -7 50 80 47 -2 -24 94 16 -67 3 -71 36 82 32 -69 56 85 -61 -29 -68 75 
51 62 -78 88 -68 -100 45 55 72 -58 -83 39 -73 96 58 24 -66 -74 40 -5 -20 -49 38 -45 14 -57 -41 76 94 18 79 97 -33 93 31 -50 -37 -29 -99 -58 -98 9 100 50 -1 -79 -87 -42 -90 -87 81 -57 16 39 90 -5 -7 -39 -83 79 -97 -75 -14 20 75 79 4 -56 58 84 -36 -51 68 -23 86 -62 -69 -34 70 89 85 82 98 96 -90 90 59 -39 -73 19 76 -63 -26 -59 65 -37 
97 10 -79 -43 -32 -95 50 82 93 -49 -68 -45 42 50 53 46 33 -90 -22 30 -82 35 -13 -79 71 -21 -76 45 69 -87 79 91 -42 -92 43 -29 37 66 -62 -74 -13 54 8 -23 -98 -66 78 -32 49 -9 9 -7 4 -64 77 13 72 -82 33 -52 79 -95 -70 57 56 -34 -56 100 11 -85 -56 57 -24 -99 100 21 -40 -55 32 94 -64 -11 -79 -87 -54 -21 -68 1 -22 -90 72 97 83 41 83 -5 
-78 36 37 -69 -88 -83 -44 -20 24 -93 82 36 -91 -75 -35 -10 31 -13 -42 -14 15 -44 -76 -30 -52 47 55 -26 57 18 -9 53 -82 -70 83 -85 -87 76 61 -3 98 27 63 89 -74 35 48 10 94 79 19 -92 -43 3 59 -98 -37 -82 -31 -62 20 47 -33 -30 -30 72 30 -53 57 83 38 -3 24 -68 -14 5 -96 -22 67 42 16 44 77 33 0 65 -25 53 95 -16 -14 -17 -17 78 50 -43 
-25 -6 10 -50 -23 13 41 -78 -61 -73 -32 -33 -45 78 6 82 70 24 -33 26 -39 -29 95 60 -21 -9 48 16 91 30 15 64 17 100 -57 -85 -21 37 44 -79 -25 -68 -18 -81 -95 -22 -34 41 6 -74 -38 97 -16 -8 -5 42 39 38 -63 -94 -46 20 -61 98 -62 18 -44 77 8 22 -71 66 91 -70 82 -81 -33 49 -45 -6 46 33 -51 -26 70 46 45 -12 -32 41 -67 -5 -20 -3 -51 34 
-23 22 -32 -3 84 61 -8 -1 48 -35 -76 60 -56 -94 26 -48 32 89 -89 61 -59 -100 -96 40 11 43 -65 -76 -1 15 -19 -23 65 40 78 -8 -83 -11 -72 17 74 6 -69 24 -33 -1 86 17 59 -62 -48 -19 3 -34 38 51 55 -31 34 -11 -69 -30 21 -43 72 28 -77 -37 -2 74 98 -31 14 -34 92 17 -30 -48 -96 -70 20 98 71 57 31 30 -49 3 17 -17 43 48 4 79 -43 87 
-63 93 47 -81 -82 41 -85 33 35 84 15 87 34 -78 89 41 -58 22 43 78 62 -56 -72 -6 0 38 -65 -42 -95 6 64 -2 -66 -82 -77 57 8 30 -82 -21 -90 -31 71 -90 25 30 -42 69 20 8 40 -100 5 -58 -47 -22 81 74 86 -25 -54 52 44 39 -87 44 50 -23 -94 87 18 -3 -99 43 -28 26 -87 -70 -66 -62 97 48 -39 -10 -87 21 -30 -12 -74 -87 -87 -32 49 -21 56 -51 
-54 99 -96 14 57 78 -35 58 30 -44 59 29 -29 -27 -60 61 -1 -42 48 92 71 -13 -57 1 42 -96 -56 -44 -54 -9 -48 2 -66 85 2 -99 -21 44 59 52 45 54 64 64 -3 100 4 32 -91 -33 -81 -4 87 33 -6 -62 94 62 -94 10 17 74 -4 23 74 24 -24 48 61 32 71 -50 19 56 -71 -20 39 -75 23 78 49 25 34 82 68 22 37 15 -32 -53 9 21 21 15 -8 -39 
90 -8 -84 -53 -63 8 -95 44 9 -8 17 -18 33 19 90 -78 93 -27 -30 100 83 -5 4 8 49 13 48 85 73 48 -3 62 69 -79 18 -49 81 -96 29 -85 32 -93 56 -2 85 55 -27 51 51 39 -57 -7 -88 -48 -97 -5 -65 75 46 -86 -33 22 -9 26 -40 -52 -55 -18 -63 97 88 -74 -46 10 86 89 26 -35 -93 89 30 -19 32 -44 95 43 -69 -55 -71 -10 -81 0 -61 46 33 66 
-16 65 55 -49 -37 -43 -61 92 -41 -54 49 -26 10 -24 47 80 -94 19 90 16 -3 84 -45 -62 10 90 78 -43 38 62 -26 63 55 -25 30 -38 63 2 -24 74 12 -29 15 -99 -68 -73 -31 87 90 -41 -22 72 -7 -61 -93 -17 -18 -58 -43 -75 66 -65 55 -84 -47 -91 83 -15 -67 -46 -35 63 -39 89 -90 -64 94 -64 96 -15 84 -42 -27 -100 9 78 50 15 -96 -25 74 -99 -4 30 63 87 
76 -72 60 3 -49 4 -77 18 45 45 30 -62 -21 -53 -33 76 50 -70 44 -40 24 40 -57 96 -51 -5 -25 -81 57 -49 -30 -67 -74 -50 16 -66 -83 -14 61 -98 65 -13 49 -94 90 63 80 -6 18 38 14 26 2 83 49 -68 38 45 -47 -83 -75 67 -67 -41 85 58 48 26 -56 52 -85 34 31 -78 -76 -78 86 77 78 94 -65 85 -14 10 -35 -20 23 -84 58 -32 -97 -93 -35 3 78 80 
74 33 -10 -27 -93 -93 -100 -34 73 -2 97 55 31 -77 -97 -82 82 -64 53 74 -3 15 -2 -88 -90 65 -47 75 1 -82 86 -39 41 -77 70 -40 -16 -48 -60 98 56 82 21 -96 -96 -7 -84 3 -38 -52 -34 19 100 12 10 77 -70 -52 32 -19 -3 95 -77 -66 -48 -18 -70 -22 -45 -22 -22 55 -64 59 -93 -22 -97 -49 4 -90 65 65 4 -33 -26 65 8 78 46 -11 -41 0 77 -35 76 17 
43 -13 10 62 -6 -80 14 -97 9 -20 92 -12 -26 -20 -33 99 4 -24 -65 -66 -100 14 -34 94 -47 24 75 -95 -20 57 -88 -25 30 91 85 1 -79 73 -83 38 43 81 56 -14 77 -73 -45 24 70 -93 -68 73 -4 5 65 -92 38 95 -7 91 32 -87 14 84 -62 -1 -25 36 99 -3 -77 -57 -89 95 -63 26 -69 -83 -35 24 -85 99 91 -82 26 -42 -64 -64 -94 -8 41 92 38 94 -15 27 
79 -29 64 55 83 56 -55 -9 12 47 94 -50 -53 -70 -60 -11 61 -22 33 -91 -66 -35 31 -99 -36 97 -79 -58 36 -9 71 57 47 -88 -80 -62 24 -71 -72 0 83 -15 88 -28 -64 87 45 -95 17 -71 -14 -93 -70 42 -13 -62 10 16 69 80 37 86 -91 74 -27 73 99 -42 -85 65 71 40 52 88 88 16 1 50 -24 -52 -63 37 -22 82 -45 19 30 50 15 -36 -81 -64 67 15 -3 86 
-9 1 -68 -31 51 5 27 -3 -60 68 -1 -45 15 89 -96 -9 -56 -57 -35 4 35 31 -82 -65 -70 -48 27 -18 41 67 -70 -25 -94 3 9 -99 -76 2 -13 -73 -11 0 -3 24 80 4 -92 11 65 21 -71 -90 -72 88 -72 -20 -24 3 100 48 -100 64 -40 51 -58 -6 84 49 36 60 -14 25 50 96 -63 -95 -91 69 27 -36 -90 62 -51 -87 -39 -88 28 -41 53 90 73 -51 -25 50 84 6 
-80 72 83 -87 -2 -99 84 -68 -4 45 32 -97 63 30 17 10 -41 -16 55 -12 41 -54 -60 56 37 -53 -44 53 -42 -28 86 56 -68 -79 -10 -62 90 -62 31 -89 -7 -90 98 47 -62 16 69 55 80 -99 -12 -95 79 71 -2 -54 5 49 74 33 -92 -75 -75 -53 41 -56 71 50 -82 -7 59 -44 -56 97 -88 65 -83 27 -19 83 56 59 14 -59 -77 -98 -14 -60 -8 69 -84 14 15 -72 -31 -72 
70 -78 37 87 -77 -72 97 -80 -5 -48 -94 -47 -72 10 -48 -75 7 86 -23 -18 14 8 33 5 63 -4 -3 73 -8 19 -82 3 31 51 42 91 38 -9 64 -24 -90 63 99 -37 -100 23 -37 54 -37 -34 -43 6 93 -17 21 25 32 -6 -39 -87 27 87 -59 40 -22 -37 68 -18 50 47 48 -47 -85 77 -23 -29 99 -58 38 -36 30 68 -68 -90 -26 99 70 54 97 15 -47 47 68 60 37 -33 
59 -83 49 100 -86 -11 -54 -52 2 9 75 78 85 45 47 -63 54 -50 -21 -84 -49 -20 21 -36 -34 -9 -54 -41 -87 -5 60 77 -62 77 31 21 -90 41 -46 -83 -96 -6 30 93 67 -56 86 40 87 -81 -65 -33 -72 86 99 -87 98 -99 10 24 36 65 -22 59 -80 5 -36 -52 -38 19 60 89 -60 -96 53 -9 83 -100 -57 -50 -50 -80 96 -95 -93 -80 83 -19 85 57 -45 -1 -92 88 44 40 
-53 52 93 -69 -3 57 -67 -95 -34 -32 -28 -46 58 -71 100 22 -61 25 30 46 -45 55 91 64 56 -44 13 -15 77 -20 -61 -32 34 58 68 -2 -35 -76 -66 52 -43 69 -13 41 -47 85 62 34 36 -45 24 -31 2 31 -13 -68 67 -75 43 -53 -81 80 -59 -60 -58 95 63 73 -98 66 -48 -62 -60 73 -3 -63 86 98 26 -39 8 50 -7 -77 52 65 -58 66 8 -95 -80 -88 -96 -5 -90 21 
-63 -76 -42 -47 51 40 -85 87 59 -4 97 85 -1 82 35 -54 69 -79 29 -10 -54 -65 -26 -70 57 92 8 77 -1 -15 97 -31 80 -51 -71 31 -28 -92 -57 70 91 62 88 -8 89 50 -42 35 20 -43 -42 -1 -94 -64 86 -56 92 -31 -46 -68 -39 -45 -28 44 -94 28 -37 -35 76 -56 -43 -6 -56 -73 8 -78 42 94 -37 10 62 -98 -15 -74 -23 -54 -66 86 -98 40 -27 -34 -14 40 -21 24 
-14 31 12 -7 27 89 -15 0 -91 11 -13 -36 81 23 67 100 76 -51 -95 -69 -15 -35 53 -16 64 4 58 71 91 99 10 -97 29 62 31 -92 -21 -86 83 99 -9 -57 -47 80 56 74 72 73 80 95 95 67 21 81 -50 58 55 86 21 23 99 45 -12 50 -41 71 -34 20 -11 -53 91 14 -64 11 -19 38 -84 -26 -16 -88 -86 14 68 100 -79 36 9 -65 87 -48 -82 31 -87 0 46 -1 
-3 36 -88 18 45 48 58 86 6 -29 -17 14 60 -74 -77 84 39 -95 22 88 -76 35 -83 -80 33 -15 -98 53 97 15 0 95 -51 -74 19 -60 83 38 -40 64 34 -25 44 42 -82 -7 -48 66 12 37 42 73 -69 -48 99 38 19 2 6 22 74 -22 71 77 10 45 76 -68 -29 99 25 -96 -20 97 -3 -31 27 64 4 -65 32 -73 -8 33 92 -29 68 84 1 -93 55 54 57 91 99 19 
-18 48 95 5 80 -38 -49 80 29 18 46 18 -85 62 -17 -27 68 -24 19 -9 -64 -17 98 48 -28 -31 -33 -44 -11 -34 3 50 87 44 -83 4 -37 22 48 -79 67 41 -23 5 53 -15 10 -93 48 18 97 -51 -10 15 -46 -10 0 -41 -74 19 -44 16 0 -68 11 18 21 -46 -69 32 2 -65 -31 84 19 -96 -57 89 -14 83 28 -5 74 11 -11 67 88 -59 33 -73 90 -91 -81 44 -2 -71 
