-29 -30 -9 -22 22 -55 85 67 -39 94 -27 4 -23 64 15 -15 2 59 -35 -23 -89 -39 -55 35 -97 -9 59 86 -82 5 73 -49 -39 95 -93 54 35 58 99 2 37 14 -3 -54 -98 -31 80 -95 -15 51 -67 45 12 -92 -91 81 90 39 -86 81 96 -69 28 -58 73 48 -36 19 -28 -58 27 -48 65 -54 73 -96 -27 83 6 -21 -14 -65 30 -8 -87 -30 53 88 58 10 -4 70 -34 93 34 20 17 63 -83 20 -96 -52 -24 49 91 -76 48 -25 
76 -66 -25 -31 -77 -49 2 -32 45 37 53 -98 -44 10 71 65 89 -81 73 -30 37 -84 16 -66 99 57 16 35 42 34 71 10 -75 -14 -9 33 69 -32 4 -12 5 -78 21 79 -95 90 -19 36 5 -13 87 50 -60 67 55 -76 47 39 38 -30 50 4 -80 -44 -62 -98 -43 -18 5 -69 -81 -57 -43 -99 -35 74 -60 10 97 17 -31 52 -72 51 33 -95 41 -97 18 -77 -94 -55 94 -2 8 -74 92 -52 -62 43 -78 18 -10 -54 -39 9 -90 30 
46 -22 -95 0 34 -94 9 -26 -15 -67 -72 68 -53 -53 -70 -33 -89 -54 96 79 70 -87 -90 -90 -68 -58 -4 -5 -94 100 97 -20 -33 -14 83 8 25 -5 94 12 -60 -8 -39 45 -55 67 20 5 -12 -50 -58 32 -1 -31 -1 -35 2 -71 -6 -82 -75 -78 41 39 59 71 3 -96 72 51 -55 4 -93 90 94 -99 -54 -48 78 -81 99 9 -88 88 9 54 56 -86 -64 -20 -56 47 9 -13 18 -31 -92 -22 25 84 -68 45 77 -69 98 15 59 75 
-75 47 63 -11 -59 -28 70 82 -10 -24 11 8 3 8 -93 62 -43 67 -93 28 0 53 19 96 -36 -45 88 -3 -8 94 69 52 54 0 -10 -29 69 -31 -27 -54 76 -82 -70 85 -80 -34 -23 14 22 -70 66 53 57 -28 23 -2 -53 44 14 -100 10 55 -33 -69 -73 -78 63 -83 59 -35 68 60 -30 39 -57 76 89 50 83 -66 95 67 -96 58 -39 13 88 -45 -100 -90 71 81 -3 15 -93 37 -74 -80 28 17 -63 -13 -32 44 -98 32 -31 -48 
69 33 25 4 82 86 -48 81 -82 -36 -6 3 -51 49 95 15 -27 -17 -68 -99 -47 -68 -81 49 -63 29 44 56 -76 -58 -78 28 26 87 35 14 -77 -97 17 47 -62 16 75 -90 42 87 35 -62 2 -62 37 62 3 -85 30 6 64 32 -48 -73 -18 80 60 -50 -92 80 66 91 9 27 83 -83 -89 97 -6 -89 7 71 -50 -89 -41 -35 -73 21 -44 -75 -38 -64 -13 87 4 48 -59 35 59 -97 39 1 3 12 17 -1 -35 -35 -38 -62 -15 87 
69 -65 -56 13 80 -26 10 68 59 45 9 -97 51 68 46 -56 27 -45 -54 -55 47 35 -86 -14 24 -50 39 -15 32 92 -97 -92 50 23 -90 80 -44 -75 86 -23 -78 64 -78 4 -44 84 22 0 -89 71 -58 57 16 41 -85 -32 -75 23 -72 77 -51 -85 77 -13 -68 35 -80 -80 -36 85 16 99 -86 -59 1 21 -45 -90 -58 89 -64 19 15 78 13 89 26 -59 27 -19 74 19 79 14 -21 38 -96 -68 -85 -71 -66 -66 46 -14 65 -12 -28 76 
-73 -56 -11 22 18 31 98 -97 40 8 34 93 -3 9 10 -43 -46 54 44 -17 73 17 92 -27 4 19 -45 73 -87 73 88 -42 -40 86 -73 76 -15 65 -30 17 64 -70 63 94 -61 -7 -34 -11 42 -70 62 -56 97 65 44 -76 -33 97 57 -29 80 93 -82 23 -32 42 -44 -63 -40 -53 -1 83 -29 -47 41 30 -11 -18 33 14 -59 54 7 -43 52 89 98 72 4 16 81 -22 -38 28 -33 0 61 10 -40 65 16 -90 41 27 -99 -51 21 37 
-94 -3 -54 26 7 -7 -98 -71 -91 -44 53 76 9 60 -52 57 -81 -42 67 75 50 32 -97 -75 27 -56 -93 28 100 86 57 32 -38 2 40 -26 18 -58 -83 -28 -7 31 -35 53 -54 61 -7 -81 78 9 -44 -64 12 -75 -26 50 47 37 -9 96 56 -97 24 -97 -87 -63 -28 -84 -85 -19 48 71 -42 -80 35 50 53 82 11 -18 -31 -40 92 37 79 -7 -32 -40 -15 87 59 4 -94 95 -93 45 -79 -39 -95 -65 83 -26 -22 -60 40 1 -61 -48 
20 -33 -42 33 1 -10 35 -66 -58 -98 80 -36 47 49 -7 74 -73 45 24 -100 64 -100 27 -44 45 5 87 -47 30 -50 74 86 28 -88 -10 -35 97 76 -78 28 -65 -58 78 75 -15 50 -31 -48 -11 81 -38 54 81 9 62 -27 -26 44 -80 67 -81 -100 79 86 -96 58 80 67 -24 83 18 35 -77 5 87 46 15 47 -35 35 -53 -86 -34 73 -77 -11 -23 73 -6 -81 66 -86 27 -49 -70 -21 -70 88 42 90 5 -40 -7 71 -71 46 -93 32 
-24 94 59 52 100 8 28 -100 32 -27 -13 23 -100 -46 97 -3 -21 -43 -32 -71 -71 -33 -65 -85 33 -28 87 51 -41 -35 -10 -85 -23 59 -81 -65 37 -14 -28 61 -80 56 90 3 37 61 -42 -54 35 -30 82 -21 -48 81 -93 99 -98 88 0 -93 -81 -40 -6 8 -23 -50 25 -4 -58 58 60 -51 -17 54 -91 -43 -32 6 37 -23 21 63 -64 78 -12 54 -18 -29 44 -93 -79 30 82 -30 -89 68 47 86 77 97 48 41 26 40 16 1 -83 85 
-16 81 55 18 92 -52 -33 91 31 -72 36 -46 -12 49 -24 65 -62 -80 -40 -9 23 -71 -58 -29 -62 -98 35 -20 4 28 -34 -56 27 92 65 83 64 -65 -7 -48 65 24 -87 43 29 63 65 89 -39 69 -42 -27 43 -88 92 -54 2 91 79 -96 78 30 -8 -37 -88 4 9 8 -25 -68 -89 97 -93 -97 -65 54 -60 66 -23 43 40 51 -45 -10 15 -19 -86 -92 48 40 85 31 36 64 -66 -48 -73 11 30 3 -91 -70 -81 -70 75 70 -10 30 
93 51 -65 -55 34 -22 46 -4 -24 -77 -17 -28 98 67 -84 78 77 -69 -20 14 53 99 49 95 55 -56 49 90 -3 67 -75 19 -70 14 -23 -94 100 -15 -95 -47 34 -27 92 95 10 89 -8 63 -87 50 66 -22 41 93 -56 95 -28 -26 87 32 67 -82 -30 -42 50 -41 56 77 32 -32 82 -32 -7 -8 -9 88 78 -22 36 -24 -15 -95 6 16 91 99 51 13 51 75 -38 68 26 65 -43 34 84 -34 -17 -3 83 -4 -70 60 69 81 5 -61 
-7 -2 -47 82 -48 -64 38 32 44 76 -3 91 -80 6 67 -80 92 -8 -81 -11 -15 -58 -7 -69 37 -58 -96 -14 84 -29 87 13 11 21 38 92 -53 65 32 -54 80 -49 77 -23 7 -73 87 38 -25 54 -4 -89 -29 37 -100 -47 -25 -55 -29 -41 55 -12 -94 68 55 -31 100 -25 -3 40 21 38 14 -86 61 -73 -15 33 24 68 -71 -12 -86 76 13 -20 18 59 -13 -7 -1 -42 56 -96 -9 -38 -64 59 -22 -18 -43 -57 -48 91 -82 -84 24 5 
-18 -71 -75 -59 -57 -71 16 -45 45 97 -21 42 -77 35 74 86 -72 -46 28 -86 -83 41 28 -92 -75 5 -51 -4 -68 -67 80 84 76 98 57 -74 -26 -90 -27 -56 54 43 67 -6 -99 -85 -34 -27 14 -54 -77 4 -29 64 -16 25 -1 -81 -47 56 92 -60 30 -30 -7 -42 -23 -22 15 -34 -99 48 -50 53 50 -92 -7 -16 -54 78 39 37 93 -68 -45 -19 3 -9 77 88 -35 53 59 53 60 75 -92 -41 10 -30 -53 21 -56 -18 71 80 71 69 
-83 -67 49 -72 61 95 -62 71 -77 -32 35 89 -100 50 -70 -96 68 27 -44 50 32 -74 -27 11 -55 81 72 -6 46 30 43 -16 -73 -45 -78 14 79 -16 57 -83 47 51 -34 93 36 46 15 45 65 -76 22 -27 5 33 43 -52 53 -94 -50 -11 71 -96 52 17 37 -66 39 -30 -50 37 47 43 79 -70 50 58 1 18 73 -57 -84 -63 14 -48 36 31 -65 -87 10 95 62 80 80 -25 9 4 90 -98 87 59 20 -11 41 44 83 76 -47 87 
29 90 14 -9 -28 -20 -79 -73 92 -50 -33 -8 62 94 57 92 19 62 -28 -90 -64 29 -26 -3 12 -40 35 -63 93 63 -8 77 -21 -60 6 -68 33 -12 71 40 -25 -36 37 -56 -90 -84 -40 42 89 67 53 45 42 -72 -36 74 -80 99 94 11 46 77 34 93 33 -100 -25 9 72 -62 26 -99 -81 22 -14 -55 100 -5 97 -30 -34 38 53 93 95 -46 17 -27 -69 -33 56 -87 -55 19 -63 58 93 -55 100 2 26 21 -94 -72 -97 39 81 -20 
-53 36 77 -51 6 97 32 -82 59 4 22 85 83 -56 -91 54 95 69 58 -60 3 10 -56 37 -19 -16 -41 -24 96 70 64 -48 52 5 -45 96 -70 47 -47 -67 -27 61 82 -38 50 -85 75 -12 -39 -98 -53 -6 -15 -49 89 -67 -78 -18 92 -9 -32 -77 -60 -45 -95 -71 -51 54 -23 100 17 -18 40 -48 35 -26 -14 -18 -47 -34 13 71 63 -7 -52 36 52 72 -13 98 9 -40 -73 20 -65 -96 27 13 -27 36 3 74 -38 45 -83 92 -15 11 
-78 -92 -68 -84 -62 77 67 38 0 18 -96 -49 -21 64 -31 -72 -17 -61 -35 -25 -1 79 -66 91 -58 -88 15 9 93 -11 -87 -80 77 -10 60 -64 77 -28 47 34 41 -56 79 68 -65 9 37 66 72 58 -50 -89 -66 -75 56 65 -38 31 -98 58 17 40 1 57 83 56 72 29 45 -5 71 50 -39 -96 19 -20 -42 58 55 50 -82 -73 -62 83 34 -49 46 -97 34 -71 -93 -29 -30 -13 -63 -39 66 -10 -62 92 -78 26 -95 -90 -33 -94 28 99 
-9 -98 -35 97 -42 45 62 -32 -22 5 53 -9 -5 -21 -53 9 -69 60 -19 -6 37 -56 71 42 -75 -59 84 49 -38 -7 53 -88 -32 75 0 13 47 66 -90 -12 22 95 -35 -23 30 -68 -59 -12 32 39 13 15 -4 17 89 -39 -9 85 26 3 -46 -14 -81 83 57 -6 -32 95 -29 -51 -60 -99 -94 74 95 -2 89 -96 -2 -50 -31 95 -10 -100 99 -30 97 -32 -36 -19 -92 27 -29 24 48 86 67 -32 -37 39 7 -40 -10 68 77 -8 -93 -69 
-26 -74 -5 30 -100 -54 -13 -36 72 15 -17 -49 -27 -31 -3 40 52 23 -68 15 -42 15 -29 -41 34 90 -59 -36 78 18 38 95 27 -81 29 -45 -7 -89 -1 -76 -44 86 -87 49 22 -71 -85 87 46 -62 -58 82 69 85 97 -29 27 92 -61 68 99 -72 -47 -71 61 -8 -99 97 -95 -41 72 4 -6 85 59 -76 23 83 84 -59 -66 41 -71 75 84 61 -21 16 -78 -63 -56 -99 91 -31 38 -71 59 13 -12 -46 -21 -41 -5 -55 38 58 59 95 
79 77 96 -75 -86 -4 73 -74 29 60 96 14 59 78 -51 -21 -59 -24 -55 -51 -76 -53 31 -56 -89 87 -67 1 65 100 -25 -99 32 49 -91 -39 -94 12 -28 -21 0 2 44 -94 31 -65 40 -73 72 -15 13 -35 73 -76 17 -32 -65 -76 -49 36 -51 -64 81 -11 -13 -73 79 95 67 -61 27 61 77 40 59 23 82 -53 -43 10 83 34 41 13 100 21 -61 35 -69 67 -55 63 53 -17 32 -29 18 57 53 52 30 87 -84 12 -86 55 -84 -11 
-100 32 51 62 82 7 -10 74 30 -28 78 -36 46 -35 -41 87 -34 -61 -63 -95 -57 -92 9 16 56 -64 67 71 -80 60 14 62 -90 24 45 40 -94 85 86 89 90 46 79 95 -8 -5 3 -73 -32 -52 -2 12 26 -29 -40 -64 -96 34 64 -91 -37 -29 -54 1 -38 -83 42 32 28 17 1 -21 -30 50 95 -30 -90 44 74 4 44 -100 -94 -13 16 -22 89 -90 66 -80 57 -20 -41 86 -99 22 70 81 -15 -27 51 14 -60 41 -99 -98 -29 -16 
10 -23 -48 55 6 -50 -94 76 38 54 14 -54 -84 43 67 61 53 -68 -48 33 45 34 12 -67 43 -39 -2 82 25 -18 -42 -49 -88 81 -77 -43 -10 74 -86 -67 -8 -93 -71 94 89 -96 15 -44 11 -31 74 3 -68 -57 -38 56 66 41 -23 6 83 -61 -54 35 37 -23 -29 -60 95 97 8 91 -2 -6 -79 -85 52 94 -83 65 -79 -38 -51 68 90 38 -65 62 -74 91 77 76 40 45 94 -99 -64 18 -69 -54 -54 -95 -32 63 -15 70 -83 -27 
-81 53 -40 29 -100 11 8 8 -34 -27 -55 -37 -62 62 -13 -27 36 -8 32 89 15 -3 -17 -16 61 82 -7 66 50 -38 8 98 -86 -70 75 -89 6 50 -5 28 -18 37 74 44 48 61 -87 43 65 -7 40 -8 59 97 -55 31 -68 -31 -41 -30 -4 43 96 -24 56 -35 95 -84 -41 -3 -73 -4 -52 -4 29 -61 73 -47 -53 -70 -67 -26 -79 66 -9 -50 61 -23 10 -81 68 16 39 12 -22 -17 63 7 -28 -85 -25 -66 39 90 96 79 95 43 
-91 -10 69 55 3 -38 -62 -7 -7 41 35 20 -40 -90 23 12 -49 26 -50 -30 18 23 74 -73 -6 -68 -60 -96 -63 5 -61 7 -9 47 2 22 -48 79 -54 -74 48 -88 -41 98 -87 -2 52 -52 -29 -45 -11 42 9 -13 28 -38 -74 4 -6 -39 -56 -97 -40 21 27 89 47 33 27 -33 -60 -6 -50 67 -52 -24 -2 -99 13 -56 -5 -84 16 59 -27 3 9 -44 56 -97 87 -69 -42 21 -6 -64 39 -99 10 -82 66 36 -46 64 -56 -23 2 21 
60 -53 31 58 92 46 33 -35 -24 -37 -77 25 42 -93 18 -86 56 -82 15 15 22 -57 72 80 54 -74 20 -53 66 88 87 -22 10 70 38 -21 -56 -2 93 -11 -67 45 25 -42 -63 38 -51 -25 57 17 -14 -73 -90 6 47 -49 54 97 19 42 73 -75 -14 -12 -28 -90 -75 89 69 76 36 -19 -77 -68 -60 -15 -91 -28 -49 -62 93 -29 -95 24 68 16 -74 17 -22 92 59 -30 -20 -52 82 -96 -2 -78 63 49 7 -54 72 15 -50 38 73 -23 
-31 -12 27 -7 -45 -49 15 -46 -72 -73 -75 -95 -82 65 -62 -92 26 -40 -7 -53 -67 85 -27 7 45 84 -33 -74 -71 40 61 -28 6 48 74 52 -44 -4 92 -38 -38 -90 51 -67 -21 -57 -69 -91 93 7 47 -83 -90 -100 -29 88 13 96 30 76 -62 72 -82 39 -16 -79 -77 22 -71 -77 -50 -77 95 -67 -21 28 68 48 16 -33 22 97 67 -7 78 77 -30 37 -50 -22 -41 -17 -62 32 -17 10 -61 97 -76 78 -17 -32 38 18 1 41 -43 -47 
33 46 15 19 -83 -9 -19 24 -34 30 87 18 -91 -39 30 94 3 40 -13 57 94 77 46 -47 46 -73 87 -61 49 -27 6 -48 11 72 -58 56 -49 -74 54 -70 91 66 27 -97 -75 -30 -4 -76 25 -31 -54 32 61 -90 -72 79 67 73 -46 36 22 -75 3 11 -19 69 -98 -50 -40 58 -10 34 -66 -4 -88 -88 -32 -15 -14 76 29 -33 -83 1 -71 26 -41 -64 -92 30 -73 -7 39 17 -81 25 14 -95 -5 50 31 -70 -45 46 -25 -24 -62 -49 
-88 19 8 -69 -39 -92 -81 50 32 29 40 63 40 30 -40 50 -97 -70 79 -9 31 -86 82 -100 -50 -26 22 -8 34 77 -22 -98 48 -15 -54 -22 85 -60 -67 25 91 -89 72 75 23 -92 -25 -50 4 19 -76 56 -32 100 47 -34 69 69 88 -9 -73 25 62 9 48 -8 80 -40 -96 45 -48 48 -94 79 49 88 60 -4 1 -16 35 -15 61 29 44 -82 -71 -14 -57 50 -41 20 -14 88 55 -39 -69 -27 -21 -7 -59 -91 25 15 -38 -20 -91 54 
19 47 -73 13 -24 78 -53 21 -25 86 -8 35 45 -82 -85 -20 28 -34 63 29 -16 -11 27 31 96 -90 88 -76 30 -34 96 -55 75 -91 87 -27 -9 -44 -79 -75 7 -100 -37 11 30 -4 81 14 45 89 30 45 69 -21 78 -17 -51 47 45 39 -12 -59 -27 15 36 45 -98 -14 34 75 -26 -11 -12 90 -25 -17 -99 86 -15 0 -55 60 -81 -16 -44 -79 -73 28 66 -4 90 -89 -8 -4 55 -59 -70 67 31 -21 74 -14 -46 -76 -96 -14 11 12 
9 31 79 -33 -30 9 89 46 -20 97 -22 41 78 16 67 -82 -40 36 -56 -46 -25 -2 56 -38 27 -89 17 2 -81 -92 -51 -18 -99 25 31 -69 -53 98 90 -22 -27 -89 68 -43 -37 23 -69 -59 -99 -61 74 49 9 96 -80 -68 -87 -63 -36 -2 -92 89 34 -41 23 14 93 45 81 -25 -31 -41 27 29 35 -45 73 10 0 -92 -28 61 -88 76 59 -19 -72 -86 -90 19 -27 -35 62 46 76 -45 -6 -32 -64 82 80 93 45 19 -30 -48 -94 73 
86 -59 44 89 -85 17 -22 71 16 -99 -75 -64 -63 -87 65 55 -24 53 -73 22 -95 -72 7 -27 11 -38 75 -87 -60 12 -36 -10 70 98 -74 91 81 -36 10 62 -47 94 45 52 -10 75 14 15 -83 12 4 -51 39 77 -39 -16 -95 32 -41 50 -38 25 -58 -92 -24 31 84 -82 -16 -96 -7 -85 91 -78 92 -72 -52 25 44 -3 -32 -89 -84 -5 97 -15 -43 45 -71 -53 91 7 69 86 46 79 -25 -17 -5 27 86 -53 -42 -45 -40 78 82 95 
85 35 -27 30 46 -7 -97 68 -42 -61 34 -92 -42 -63 21 -96 -69 -11 52 83 38 63 56 45 63 -14 69 -70 -31 -55 -19 -48 -92 -17 87 -48 -34 6 -23 41 9 36 -51 -16 75 -18 33 70 83 87 38 24 -45 29 -23 82 -89 -15 -16 -51 -91 87 42 -2 -57 26 -41 69 17 18 15 18 82 53 100 -21 8 -50 92 60 2 73 35 -45 52 -14 2 62 28 82 23 -91 68 -12 86 -97 -51 96 -37 60 -28 14 -84 87 -29 -49 47 -25 
2 -23 -64 22 90 2 -92 73 92 90 -64 -5 70 -100 -61 100 77 74 -55 7 32 -47 70 15 -18 -49 -43 67 20 -5 -65 13 -17 -88 49 13 100 38 -27 1 67 12 54 -79 -40 81 -100 48 -25 -12 44 -27 86 -71 82 -27 -3 50 59 47 -80 55 12 53 40 98 75 8 -31 -66 -76 -12 -5 -89 14 36 12 -88 -63 -63 3 -60 -15 53 -18 66 23 85 8 93 1 17 90 -75 80 -89 -35 -77 -83 16 57 46 56 -5 39 21 47 43 
-58 93 35 -80 -44 -36 -20 -85 -59 -13 97 -75 -67 15 5 -6 -86 -70 16 -96 -40 17 30 -64 17 -75 3 47 37 -63 -33 -53 13 -66 4 -96 -18 48 -13 -20 97 -62 -95 -57 67 -9 7 86 10 91 -83 -73 92 3 33 -28 -6 -5 -40 67 -47 -73 42 65 -37 52 -67 23 -26 78 93 -28 91 43 90 -49 -76 -29 49 -100 8 30 -91 -11 -35 -4 33 -17 99 55 -68 -59 -9 86 -66 72 60 94 -14 -4 63 92 94 26 72 -81 -75 97 
-53 -85 -81 53 4 -56 36 32 63 70 -91 98 -98 17 -98 53 -16 -91 68 26 -8 -1 16 -86 63 15 74 13 -88 -10 50 84 8 -29 -97 96 -16 -95 -93 10 -70 58 -90 10 -32 83 45 99 -16 -71 -100 28 97 -39 -22 -34 -45 -13 45 -35 35 80 -17 26 22 -50 31 -80 -35 -18 -14 48 -69 79 15 43 95 85 45 -73 90 100 -26 -51 -43 59 20 37 -20 82 -81 -70 -95 8 84 47 -39 -48 -57 -27 6 43 29 -41 13 -60 98 42 
-50 75 14 59 65 -3 29 -45 -4 -57 -95 48 12 68 -57 -85 38 -65 52 6 79 39 -48 83 -60 31 -90 100 30 -26 -31 -20 -82 35 18 32 -98 -15 87 -8 93 45 -79 -67 -47 -95 -78 12 -87 -66 -83 -21 -30 -6 12 -29 -24 -35 11 73 76 -1 64 -94 -67 -78 -2 -32 -71 -70 -44 -30 -17 -15 -26 84 -96 -4 7 62 66 78 -80 -33 -35 -100 -53 -40 69 64 33 74 -69 56 100 -54 -20 -51 -45 80 96 82 -56 -42 48 64 -89 -7 
-48 -45 63 -43 71 0 80 52 98 88 -66 -35 -92 47 -72 91 -83 31 47 -6 29 -63 -31 85 68 -42 3 30 -27 -61 -67 -80 -66 43 55 -68 -39 -83 54 -17 -53 4 -15 44 87 -88 10 86 60 -100 -93 -90 -65 -93 42 65 100 53 28 -82 -96 -57 -12 98 21 -79 20 -76 -50 82 -62 13 78 -37 -3 -82 -83 40 73 39 69 -43 6 68 83 -47 78 -10 12 -70 89 70 -28 91 -4 -88 -16 -85 96 47 10 -13 -42 64 -71 7 -4 59 
-3 58 -6 20 -31 10 48 90 -19 39 74 32 42 58 -33 5 61 -85 -85 31 -34 55 92 74 -69 63 46 88 -35 43 43 95 -87 -91 -49 -81 54 20 -19 -56 12 89 -44 -21 58 16 -82 39 -5 -95 80 -57 -52 -38 25 25 81 -85 63 -86 -71 5 -5 -72 96 -84 -87 -29 33 55 -73 -13 29 97 -22 16 42 -99 -49 -98 78 -35 -13 9 15 -72 -18 85 29 -91 7 93 47 -62 -79 37 -36 -59 47 -86 -93 86 -33 41 100 -71 62 -58 
38 10 -26 13 38 29 0 9 -34 -18 -50 52 -60 -98 67 58 -66 46 21 -35 16 -46 7 -41 -6 94 2 41 -31 46 50 -57 21 3 58 -85 85 93 7 -36 -69 49 90 -18 81 6 -97 60 67 -75 56 -89 -31 -52 -67 -53 12 74 -46 18 -55 67 100 26 -31 -89 -27 -94 68 -95 -14 56 -77 -51 -92 -37 27 -35 -58 -90 46 -96 -72 -39 33 5 31 -1 84 49 55 32 66 5 46 86 -25 22 -62 -11 100 81 33 -50 50 -10 28 23 
-97 -94 81 -18 18 24 76 -47 -57 54 12 18 91 -18 -27 -44 89 -2 -53 -2 50 2 90 -45 -24 8 -50 -59 -39 97 -88 87 -75 47 -93 -13 -93 -32 -96 100 -23 -1 -81 83 -6 -4 -30 -41 -96 4 50 90 11 -99 70 -1 14 -11 83 46 13 -66 85 49 7 93 -54 8 40 -58 4 -65 20 74 -93 88 66 40 59 -19 -14 94 46 28 30 48 -16 -40 -9 -72 28 3 4 -30 -50 -97 77 30 -49 -49 83 94 -63 76 70 -35 12 28 
73 -83 -72 -29 -50 -39 -62 7 -5 69 71 -2 38 -5 46 -12 33 -22 65 46 -80 -45 35 8 -19 -66 15 -4 53 22 74 85 -17 -41 -74 55 59 78 -45 -20 92 -94 49 94 -48 -16 -74 -15 -61 -15 -97 -34 -26 -33 37 -11 -99 -38 52 28 -40 -19 96 -9 71 -89 -89 -82 -69 -35 21 -50 -43 -44 -27 80 3 -43 20 58 -97 -50 82 -24 -13 76 -16 -45 -72 -81 49 75 -100 -77 -35 20 42 61 -95 -72 -52 63 -79 -86 86 -49 18 12 
4 81 30 40 27 51 72 -22 96 81 -52 -59 66 61 10 -12 -69 0 -98 -67 -92 -22 23 -91 -33 17 84 -1 -31 -76 66 -99 -63 -11 1 -25 84 -9 69 -90 -37 -23 23 -91 41 -91 40 72 2 -10 72 -86 91 55 93 -39 30 58 98 60 88 6 83 -5 93 -53 -67 -25 -1 62 -88 41 -20 64 -34 49 18 17 -81 89 -81 -74 77 58 55 0 66 85 -25 -3 -2 -27 -71 6 -9 -80 99 93 -63 20 -60 -57 -52 -68 -66 -62 65 -83 
-46 11 12 55 82 -94 11 41 89 86 -40 98 100 78 -58 -12 16 89 -22 -71 33 22 -32 -68 -6 41 -52 -40 -19 -3 -2 -40 26 -49 56 -19 89 -34 51 58 -86 100 89 5 78 -71 48 20 7 -89 61 47 66 59 -3 50 52 63 -81 -100 -4 16 33 -16 92 75 28 -56 9 39 92 -24 -24 44 -18 63 68 78 72 60 -43 -73 -76 -77 84 13 9 10 87 -50 -75 -33 71 -14 -80 4 -25 90 -50 73 -21 82 85 -79 -70 52 -61 -55 
33 20 -42 65 -97 -9 -21 -50 99 77 -2 41 -72 80 -53 75 91 34 -78 -56 -62 -32 -90 47 17 -62 -76 68 54 -15 -28 58 58 -60 -28 28 -41 27 -65 -33 35 -92 -21 -39 91 72 -52 98 -38 -2 -64 -84 -76 36 -15 -29 57 -38 -32 62 -100 -89 33 3 67 -99 -52 18 78 -37 39 88 57 5 -99 88 -60 -69 -69 -46 13 32 -2 50 84 57 19 -90 47 28 -32 9 84 -39 82 86 -64 -74 82 -96 -15 -42 -61 -83 -87 11 -71 -50 
-82 88 11 -61 98 -29 -57 -56 28 66 57 45 -19 8 35 41 2 -47 35 -22 -76 45 -67 52 -74 10 12 -11 85 13 19 -85 -89 58 -33 -21 75 -75 88 28 -32 -52 41 91 -64 -68 -37 36 95 17 11 -26 -17 43 78 42 -72 2 -40 40 -58 27 20 -81 58 80 -40 -12 40 83 -32 -55 68 -29 -54 42 88 20 -13 -73 -16 -28 -99 53 35 -76 -94 -18 -16 -72 -79 -93 -94 -80 -28 5 -77 -98 38 43 -69 -64 -50 89 -3 -1 -4 76 
39 -66 -3 23 -95 -47 37 22 -8 -80 -16 -27 94 -90 -89 65 72 23 -30 -27 2 45 51 65 36 -71 -44 13 -57 26 55 75 77 -85 -11 -53 -32 51 37 38 -18 61 14 73 -66 -7 -37 78 80 68 -20 82 36 -21 -45 -83 -25 -27 48 -46 69 -16 55 76 -60 37 74 -46 -95 -10 -3 47 -77 -47 37 19 86 29 56 52 -90 89 -28 17 -91 14 29 -47 -64 22 -68 61 -68 -87 -97 18 -82 90 -34 61 -89 -68 -89 -10 -53 62 -42 -57 
81 42 -56 -5 -31 81 52 -90 16 8 73 -8 86 85 -68 -1 59 -75 18 -71 1 -10 -59 -51 -46 -45 -62 6 76 -49 -43 2 -36 33 22 78 39 72 62 21 -46 -9 73 -11 29 88 -84 63 -88 11 -57 -38 -28 6 18 -6 -12 -38 42 -24 -49 -69 58 91 -71 -40 88 51 32 -39 33 17 -70 -97 -48 -73 -2 -28 51 0 75 43 52 -37 -1 27 48 4 37 -24 -68 -26 -88 57 99 78 -91 -31 91 -80 61 15 -46 -69 -93 -99 -12 -31 
38 -56 -92 -88 -15 39 75 42 13 -66 -1 40 -75 94 -15 -36 -24 -7 63 27 43 -12 41 28 -47 82 35 -46 -100 30 -96 -87 76 12 53 1 16 -47 -47 75 -8 -80 -12 -55 86 -58 50 89 12 -28 98 -20 52 -25 -64 -77 -63 -89 47 6 71 -97 35 22 -69 -76 -23 98 -23 -71 89 -88 -74 12 4 -90 -44 95 -6 -82 82 74 50 32 -7 36 7 67 -83 -51 55 -5 -30 69 -75 50 -41 -5 -33 -60 -50 -56 -45 67 94 -10 -17 43 
-37 75 92 94 -86 -54 -10 -29 -36 -8 -66 6 76 26 25 -43 77 12 -58 -12 -58 -74 -29 -71 47 99 -41 1 -39 -36 -27 -32 -14 -69 34 11 -53 -1 -42 -44 -10 13 -22 -62 -85 79 74 -70 38 3 -33 79 10 -75 43 36 54 56 -86 -97 54 86 57 -7 -40 6 -56 17 -99 85 39 -90 -37 -46 34 49 -75 -32 -10 -42 -1 -14 9 -84 -95 13 -12 37 50 -19 -92 13 46 83 -46 51 68 -95 66 -6 74 -46 -92 -49 -88 66 -58 31 
-65 -28 -42 83 -53 54 49 43 -18 30 -6 -6 59 22 97 25 -87 19 37 -97 55 29 -7 44 -83 -43 24 -64 27 -12 -64 35 97 86 -6 62 30 74 99 71 1 34 3 -74 73 -62 26 -47 21 -23 -72 77 44 -47 -13 -68 87 -96 69 0 6 -64 -11 99 4 -23 -18 80 -56 -61 97 45 -50 90 68 67 18 -20 87 -28 -40 70 59 -48 76 -94 88 61 -31 -69 -2 54 22 -83 93 -94 37 22 -64 81 -41 80 10 97 -33 7 13 -96 
80 -36 -46 12 -72 25 -97 -2 94 67 42 8 -76 27 43 21 -4 27 -7 76 48 -13 52 95 -56 93 87 71 95 -82 -34 -69 -69 40 0 82 3 47 -13 -52 -2 89 41 -45 29 9 -46 -56 -52 90 60 -71 68 82 29 -66 -16 84 -48 -94 -31 -43 97 6 66 -87 91 -95 16 49 12 26 56 13 -70 22 -37 13 66 26 57 -76 50 45 59 -79 100 -9 61 87 58 -16 9 -81 -67 30 32 -40 65 -20 -40 -33 -49 63 78 -52 -83 -14 
-95 82 -54 32 39 56 20 -70 36 6 -85 -100 61 80 -17 -74 34 29 -20 92 28 -60 43 -58 -93 -7 -74 64 98 81 51 72 75 70 -38 43 -53 -4 76 -17 32 58 -8 -7 -49 86 -22 22 67 44 -90 20 40 53 63 -41 55 90 88 -81 -33 74 -46 -37 73 -6 88 9 -71 -26 15 83 -70 72 -38 87 -15 74 -84 97 -55 -49 -82 -93 48 48 4 87 -72 22 88 56 -41 -23 -17 89 -66 100 -28 -97 11 -8 -29 -49 -97 83 43 -98 
70 -9 -16 -91 45 -34 43 90 22 -21 84 -56 76 23 0 -6 -17 -18 79 -65 67 -26 53 -68 -66 17 39 65 56 89 -47 -86 75 -4 -18 97 -90 -84 93 -100 -15 -48 -11 50 -49 -24 -59 92 6 -56 -51 -20 50 27 82 -60 32 10 -50 -35 -31 47 47 92 88 18 -81 88 -34 -28 -93 31 68 -26 -10 39 -97 -68 -21 -12 92 -63 50 -53 -15 -82 41 28 42 -60 -56 32 21 -80 3 -93 73 -75 59 -76 72 -23 -89 59 33 54 -20 29 
-2 43 94 87 -9 87 -67 -9 95 -50 24 53 12 -75 -75 -39 -58 47 -31 1 -29 17 -46 0 -95 58 3 -65 -69 83 100 76 44 -27 -65 47 3 32 -44 52 -85 -48 6 56 61 23 -34 -60 -6 13 28 1 -46 22 -94 -6 98 -100 -14 -52 41 33 -9 -80 -94 -61 22 -94 34 10 56 -70 -41 46 -68 20 2 83 -41 -11 46 51 1 3 -26 -28 46 -9 -3 -58 46 -13 28 41 -74 -18 -75 22 -56 10 -71 33 -74 -55 57 38 -54 42 
94 11 0 45 -87 -14 -14 -89 -95 -18 80 -63 27 -63 57 80 -57 -9 33 91 13 54 -48 -77 8 -26 22 -46 66 45 -27 -2 -51 -56 30 -91 52 -94 -21 78 47 -96 -20 76 73 -10 -64 -14 98 -4 -20 -93 -87 -17 -45 7 -42 96 57 -45 -30 -44 -41 70 64 80 51 100 63 -62 26 -37 -44 -56 -69 -70 -73 -98 -11 -80 7 -27 60 -45 92 60 1 -82 46 4 78 60 90 -35 18 -38 62 66 55 53 94 -57 64 96 50 41 -87 -40 
-55 -100 83 -33 -17 -31 89 -87 30 51 -36 77 85 78 45 93 30 -3 60 -15 55 -46 33 83 65 -36 42 -60 -69 65 99 69 -81 -82 28 -67 -15 35 -44 -18 9 -72 75 57 55 -77 25 3 -53 55 50 71 76 -36 -68 0 -68 -50 -71 76 86 90 -15 -69 -36 -41 37 -7 66 -62 77 73 92 36 -8 95 -96 73 -58 71 97 10 -50 -38 -86 -5 -100 73 78 80 -97 -67 -91 -93 -60 19 -39 72 74 19 37 86 -46 -4 93 69 83 72 
-63 87 53 -86 99 -43 21 -66 -8 66 87 -89 40 60 -25 -61 -7 91 -66 58 -72 -55 -1 6 18 -19 2 41 -44 52 -67 -37 79 -39 65 -64 44 -29 71 84 74 -54 70 -60 63 72 -59 -83 51 -64 -64 -31 -10 -72 3 -24 -88 38 -95 -51 62 -35 68 -88 38 88 84 88 8 77 -30 7 -73 -90 -60 -16 47 -53 86 -56 1 -88 91 -97 19 -90 76 38 65 -68 15 27 -12 21 13 -34 -2 15 -86 56 57 12 -53 87 -28 42 -30 -44 
9 -6 -57 26 84 -17 10 -98 87 21 -78 68 -57 67 65 6 64 -10 96 50 44 -31 76 27 -84 66 -37 -70 18 -91 -69 -94 -53 41 17 64 45 -22 60 4 35 62 -90 -7 -41 -94 75 -63 -78 -18 -42 -66 72 19 73 -77 31 -96 -91 11 -50 -67 99 61 71 -60 66 -52 -52 14 -3 -21 48 86 69 -92 3 43 -62 40 -65 73 50 3 45 -98 92 7 83 -29 -12 1 48 -16 7 -13 21 -8 -15 -59 1 -63 46 54 0 -84 -87 85 
-77 -77 -24 27 -91 -26 -20 20 -30 53 -56 74 51 -28 18 -79 5 20 41 -10 -78 20 -40 86 -87 -75 93 -23 63 -29 30 60 -27 -39 94 41 -36 28 5 73 -81 77 32 97 -67 93 64 -16 81 -100 -76 -11 15 -83 -80 53 25 14 -40 -42 -25 62 22 -67 -55 58 -59 14 61 -33 21 92 -67 89 -30 66 61 98 -46 -64 3 99 -48 73 -31 52 -94 -31 51 33 -51 -45 72 -43 -73 83 -23 -50 85 -63 -77 59 -3 35 14 -52 75 90 
20 -45 62 -42 -94 -74 13 -19 88 40 90 -69 -90 61 14 94 -63 -23 54 -15 44 91 27 58 -93 -82 -90 -62 -56 -1 -95 22 16 -46 27 67 13 72 -46 -19 77 19 12 -7 -32 92 -54 70 -37 85 62 -87 -77 -72 88 80 59 -45 -33 3 4 61 83 61 100 -60 94 -91 56 43 50 -51 -31 3 21 2 -95 75 59 40 22 -26 88 37 -5 84 -12 -1 25 35 -14 -20 -91 77 -49 -21 34 -54 -63 -73 44 -78 41 56 7 -19 75 -97 
-40 -37 64 -97 55 -100 -38 95 -87 82 -57 87 -1 -78 -41 -50 3 65 23 17 -30 -12 -95 96 17 80 -52 17 80 45 -52 -12 -59 31 -100 -90 -77 -2 2 -75 -82 10 57 -91 -30 0 -71 -50 9 19 -91 -92 -83 61 -97 -4 -51 -4 98 -19 -79 62 5 -88 -31 -95 -28 66 72 -91 -87 20 -38 -98 -77 51 14 -44 -10 93 -57 -85 45 -75 -30 100 88 64 -23 100 -88 40 -89 -70 -33 -34 -21 -31 16 59 -40 35 70 29 -70 -6 -13 -38 
28 9 7 -66 -53 23 -60 97 81 34 56 2 -6 -99 34 29 -58 31 -39 60 61 21 -10 -5 98 -1 35 -7 -73 90 2 17 6 -8 67 87 -87 68 -24 -51 40 -37 99 93 11 -45 -55 47 27 53 -100 99 61 7 92 -7 -94 91 -25 -19 55 22 -94 3 -79 27 83 76 -15 95 38 81 99 76 91 -90 -17 -36 -21 15 84 19 52 -3 62 68 -58 -66 31 -86 -31 -2 5 -89 90 -43 -10 62 38 90 -90 -7 -23 92 -1 -64 -52 88 
-98 56 -71 57 -38 43 81 -36 81 51 -38 -57 28 -27 91 -1 48 -88 -18 44 -12 -56 -65 -65 12 66 70 -42 5 16 -21 82 55 58 92 17 -12 25 92 33 -98 34 -55 -46 -44 4 100 -71 -65 -22 82 23 -93 -38 35 27 57 -92 7 9 32 44 45 43 56 95 13 51 52 39 -11 63 14 -72 31 10 39 -1 -41 -32 -60 44 3 65 -38 -89 93 -72 -1 -66 -27 48 22 -100 -93 37 81 -70 72 -46 -76 -49 -70 87 36 75 -63 56 
-68 -72 -43 43 25 -14 -32 -99 37 41 -7 -66 -76 -37 9 80 -14 -66 55 -86 88 88 -40 61 58 30 -37 78 58 32 29 59 -85 1 50 51 85 2 -33 -22 -73 20 78 58 -93 -97 18 25 80 -37 56 -62 -16 7 51 -18 -91 -57 -64 -92 9 57 -58 25 -66 -77 -89 58 -25 61 60 88 -72 -65 -26 48 78 -7 -100 97 90 55 -22 -94 -76 -67 68 16 -35 46 62 96 92 73 58 -13 -78 -49 -35 -57 -32 -17 42 -94 -30 8 66 -80 
4 93 -68 9 -32 -3 59 33 68 -3 -16 46 -74 46 94 -89 -2 28 -25 49 -84 -65 8 -20 -70 -23 68 -83 -59 -12 -91 -34 23 -69 78 56 71 -67 -75 71 7 -29 -13 58 43 71 0 52 40 99 31 46 -93 4 -79 7 92 -32 74 -78 64 74 -46 23 49 -42 89 17 -61 -1 19 -99 -43 -82 -43 -49 -31 -35 67 -86 -91 -68 25 54 -18 -91 30 36 -19 -21 8 62 53 -92 48 -27 -77 42 -62 76 47 -77 -28 63 -82 -83 -33 -88 
-40 -80 -15 -74 4 -75 36 -70 50 -10 -64 -45 -47 -49 72 52 -8 51 49 9 93 78 -49 31 78 -79 -13 -15 -99 82 -95 90 41 56 -79 97 89 -48 -56 -5 -84 -97 64 15 85 -30 -44 91 22 -87 -76 71 -71 -49 57 12 76 -85 17 24 18 -100 -48 -75 -30 72 26 -96 -93 26 2 -66 -69 81 -28 57 -46 -67 49 -65 -43 -55 6 1 82 -57 -8 80 -71 -62 -51 5 -7 84 97 -11 -30 -45 65 18 98 56 1 -85 38 -53 31 80 
99 65 -74 -12 -30 -35 81 77 -86 -95 83 98 69 -90 -51 9 -63 -83 -5 -33 -43 11 49 54 -52 -60 90 7 -95 -87 -91 -1 -45 -21 24 9 38 93 -9 -48 79 73 15 -25 50 69 -64 -87 -58 76 -24 12 -65 -9 -65 -46 52 7 93 16 -98 -18 -66 -65 -78 47 -3 -61 23 33 13 35 28 -14 43 -62 60 99 89 -61 -9 -1 -64 88 41 -50 -24 -35 67 -11 -23 -18 100 -21 62 -38 61 91 43 96 -93 63 51 -36 -50 -75 87 -80 
-99 25 -20 -8 25 76 -23 -22 54 1 -73 84 -87 -58 24 -64 -23 -53 -39 14 59 -49 -79 28 65 -88 65 -17 -38 -68 -91 -76 -1 60 32 63 -2 39 -60 45 -100 -54 72 98 78 -95 33 -32 -44 -83 21 14 47 82 49 -48 30 46 -53 10 9 -7 93 72 -66 57 55 22 -74 -37 32 -7 -15 8 -99 -53 9 2 0 1 -74 -11 -94 16 75 -51 -24 91 -41 5 99 45 -73 -19 85 -47 -98 22 -91 -74 69 -65 -55 -60 -96 -16 -4 -60 
65 -72 -77 -7 -94 87 -98 55 74 -22 -13 40 97 -17 48 -67 -28 -12 -2 24 -95 -26 5 15 67 68 15 -8 94 -40 29 -81 2 -64 25 26 -96 80 0 -29 -55 46 -57 -58 21 19 68 69 -7 -27 -62 61 -42 30 -41 -36 54 41 81 -80 6 31 18 44 29 6 57 -74 98 80 63 38 87 70 46 -55 97 22 39 -57 36 6 -80 -3 81 70 58 50 27 -16 -72 -5 23 -58 -61 83 79 -41 -81 -66 -80 -54 2 -39 -14 -3 -62 -45 
14 -81 59 42 39 16 -31 77 -93 -65 63 -5 48 -65 39 -18 50 -59 -50 3 13 -86 23 46 77 20 -30 -9 -99 -67 31 78 -17 -71 46 35 55 -55 67 41 86 11 34 -14 -12 -7 16 26 90 -62 -23 -70 -4 -71 -52 98 52 17 62 -53 18 -17 -35 -39 -44 -94 -9 62 18 -94 19 26 81 -65 40 30 18 -53 -82 56 -52 -67 -8 56 32 -62 -43 -16 1 54 44 -92 -63 -36 96 -33 -85 -82 12 16 -61 -60 33 -49 29 94 -20 72 
-64 97 -73 89 -71 58 -70 14 -56 81 -93 70 39 -76 34 -31 -15 -53 70 -47 84 -10 34 -81 39 -22 -96 60 96 -10 -42 53 38 -51 18 87 -96 -27 81 -99 9 13 -43 73 -99 66 57 -99 17 -84 24 28 2 -17 48 -2 66 -93 68 3 -22 57 5 -69 -70 -88 -44 -32 16 -65 -84 -80 73 74 82 1 -79 -26 -91 0 82 -4 -81 65 -70 -11 -20 98 -100 96 -90 34 70 37 -92 100 -17 -90 -91 -17 16 24 61 -31 -12 28 -78 -41 
9 -97 -5 64 34 -88 47 92 63 7 90 -50 -56 -46 95 -15 60 8 -11 -98 79 -60 -20 28 84 28 78 -54 -75 -92 -96 -95 5 -24 64 -80 56 12 31 -5 -29 89 -13 -21 46 -77 97 -40 -2 -22 -64 -40 42 -38 -46 32 -73 -97 -38 60 50 -55 -9 -18 46 66 84 -56 77 65 97 -10 55 69 -83 61 6 46 -99 10 56 -81 41 -58 -20 76 19 83 -84 85 -56 96 -63 94 -60 94 31 41 59 -100 6 30 -23 61 -74 9 78 18 
-72 53 -34 -33 37 28 -62 40 -61 -23 -52 71 -49 -37 48 -6 40 -16 -89 60 28 47 27 43 -88 -99 -4 -37 4 -24 -62 -78 -5 96 87 25 -15 -26 88 96 -19 -97 -93 27 -47 77 -41 85 -1 -11 -79 17 -92 -70 -37 91 9 -28 39 -98 82 90 -95 28 36 -61 -58 -82 5 19 -74 30 71 -90 23 25 53 -34 11 -74 62 -94 52 91 -18 -93 -96 5 94 16 -57 71 -42 48 35 17 79 -97 76 -54 72 34 55 -77 -13 -12 -26 -21 
97 88 13 -39 32 -99 52 22 64 -71 35 37 -55 52 -16 57 -91 80 34 -77 -65 -93 -34 -46 48 -23 -6 47 48 -97 52 -93 -5 -7 -50 19 36 27 92 14 75 -10 -11 90 -82 21 71 22 -6 19 20 -81 -30 -81 -11 49 -2 71 27 98 -4 37 87 -13 94 19 91 -63 21 -6 -80 -74 97 77 67 45 -51 87 -1 -61 -31 -97 18 -67 -84 11 -49 83 9 51 57 80 -37 98 -63 81 -58 -4 -57 -20 64 77 64 43 46 -86 -83 -53 
-43 -84 8 -38 91 -47 -93 69 -42 -39 85 -33 -96 51 -41 100 37 23 -89 -4 -28 -43 -63 -22 -34 13 82 -57 6 8 87 16 -89 -80 40 42 -91 -29 14 22 18 16 1 97 70 14 -6 -2 -92 -86 -11 78 85 76 -5 62 -42 38 -84 -6 73 21 29 -95 -11 -74 63 -70 18 71 -1 -62 -92 100 57 15 -87 42 -41 -54 -27 15 80 -24 94 0 79 66 43 -77 -5 84 -80 9 -17 92 -51 14 91 -63 -67 -30 -9 -78 -6 -16 -62 90 
-52 -82 -89 -18 10 -100 -18 -5 -30 -85 -66 -73 -61 -15 82 95 -76 86 69 20 3 -14 -87 68 33 -68 -76 34 -37 2 -4 16 56 -26 -26 -88 -81 83 -26 72 64 54 -94 11 27 58 26 57 -52 -60 -14 63 91 -5 -15 8 28 53 58 35 60 79 2 -54 65 -31 14 -99 30 74 -85 -15 99 -70 43 -80 -63 86 13 93 48 45 47 44 -38 6 -89 -49 40 -2 -95 -62 -26 95 -87 -61 -82 74 50 76 72 1 -30 0 14 -68 -19 39 
34 -73 62 -7 -17 -89 4 -65 67 -79 -54 -79 -90 -53 -50 36 44 28 -50 37 -41 -89 -13 19 -80 -56 43 25 -71 -23 -77 7 -91 26 -76 -16 -47 -19 -36 1 -19 35 98 -21 -84 83 18 38 -76 26 81 10 45 0 37 -77 48 -78 -57 -76 -61 27 88 81 10 97 88 26 -70 28 92 -79 -83 -97 80 82 -75 -21 35 -3 -50 -99 78 -71 86 -33 48 -2 -48 -57 -43 34 -49 -25 51 -77 73 -17 -90 1 71 26 -97 22 58 -56 34 -76 
97 90 87 40 -19 -91 -24 69 -38 47 82 -33 -9 -88 93 82 -57 -15 65 81 2 70 -19 37 -66 96 58 -25 14 -52 38 36 -29 98 -77 -74 37 -49 100 -88 62 -45 52 -71 96 9 43 14 -34 -52 22 -61 -52 -78 56 63 -87 -85 75 -97 30 -27 -58 -99 -31 44 -82 -78 55 -89 98 -93 -47 -42 -95 -30 86 1 -32 27 -37 52 -13 16 -72 36 60 9 -68 -6 -45 10 -59 54 -10 46 69 -71 2 -43 -46 12 43 77 75 -94 -34 -36 
-83 -52 41 -100 87 15 77 -67 60 2 -73 -64 -95 -26 -69 65 -13 -66 -39 -8 92 96 19 81 -87 13 -61 -42 -94 12 -84 46 -15 -64 -82 38 -65 -75 14 -75 -35 38 100 -47 -90 48 -31 -90 -14 25 -42 -27 66 78 13 -87 -1 -83 -50 19 -88 51 53 -35 96 95 -28 18 -64 -96 75 -70 -93 90 -84 18 75 94 -5 -22 -5 -20 61 83 9 -16 -38 -4 -28 -70 25 95 -82 -99 -31 9 -43 58 -52 35 92 71 -96 7 -5 89 -39 -67 
-75 -22 -22 21 1 -52 68 -80 -21 -1 64 29 -19 -76 53 -55 0 9 68 -87 37 -57 -21 -88 27 -22 -11 -51 50 91 0 65 -47 -13 41 8 -66 92 -80 74 94 -36 -84 -37 89 -2 61 50 16 -8 49 91 -68 -14 36 57 -44 -46 36 -81 69 -89 -21 64 38 -93 -31 -12 -31 31 54 48 21 -70 90 -18 94 -46 -4 -99 98 -91 -29 89 64 88 -26 -70 -10 -35 63 71 87 97 60 -48 43 0 -49 -39 50 -37 -75 -14 40 -8 -49 32 
19 64 -5 0 83 -12 7 74 25 -34 19 11 -87 80 -55 -97 81 -11 67 -81 -38 -78 -29 -30 -60 -1 36 87 23 -63 -71 -6 59 98 -13 -100 12 -48 -3 98 63 -25 3 -75 -84 10 23 6 28 -17 -81 -18 -4 -65 -75 2 -85 20 -35 47 -20 82 35 60 40 -51 93 99 -92 9 -83 -71 8 26 36 -78 82 -52 21 -84 -44 -27 79 50 23 -37 -51 8 -30 13 -45 76 32 -30 -36 87 -70 23 48 76 76 98 -62 78 93 23 -26 -37 
24 -15 15 -11 50 35 34 -89 -98 -10 9 80 -88 77 5 72 0 -88 62 75 -19 -35 -26 34 -63 81 93 -25 9 54 34 55 -49 -80 -27 -81 -5 -90 -9 16 77 10 60 3 -68 -58 -31 -39 -89 85 70 -95 2 58 83 39 31 -40 95 6 -41 46 44 0 67 60 41 25 -68 19 -91 -63 -55 6 -26 63 10 -74 12 22 82 12 -19 60 -77 -97 -87 47 -4 35 60 42 57 78 -59 41 90 -52 -1 -12 -8 -25 -10 29 -52 92 72 71 
-16 50 -86 -50 -40 25 82 53 94 -72 -38 -49 -22 -29 83 74 99 -51 -33 -82 -24 92 -85 -98 -52 31 -37 -97 -35 -72 -20 49 22 -69 -3 68 -51 -11 -3 37 7 24 -1 -95 -34 -72 5 52 4 66 -54 -25 -48 -34 73 32 -49 24 24 -86 25 4 96 -9 49 100 -21 82 93 65 -26 -65 -18 -43 -86 14 44 -6 -44 71 -77 79 -35 26 -50 19 36 20 -79 -100 -35 -91 -64 37 26 -29 21 -68 70 -34 30 -63 73 26 -100 18 11 -98 
34 -31 74 -87 55 36 -57 -80 59 -3 97 20 81 -50 -32 79 -82 92 28 -67 -88 -38 86 -36 -72 -78 -8 74 -40 -67 29 9 50 -35 -56 37 88 92 97 19 17 -26 -91 -81 -8 58 -70 -65 12 -74 32 29 -95 13 -96 52 25 100 -99 -95 -15 28 -95 -48 92 7 87 -78 54 77 -59 -79 34 -36 56 -67 86 16 -45 -62 35 -10 10 87 79 96 44 21 99 -29 -90 -74 -3 88 28 -34 -98 88 -56 -33 -46 81 -52 2 99 -91 -55 94 
98 -36 -70 86 -28 -40 -73 76 -49 89 -28 35 100 -6 93 44 -50 30 -83 -35 -89 -14 71 34 91 34 31 -57 10 -22 -3 -88 -14 -20 -37 -82 -43 30 -6 -94 -63 -71 7 -6 64 82 46 21 -82 -22 -2 -70 -5 -12 33 -6 31 -83 -64 82 -100 -23 12 -61 17 -98 12 -67 92 -69 -4 -79 -52 -8 -22 -77 29 -51 -37 40 4 -70 16 19 -29 -40 -2 -63 18 -93 -80 -45 85 72 15 -66 -18 53 -32 -42 -53 -40 -75 23 -51 -82 -5 23 
40 -92 -17 50 -56 -2 28 -1 -85 -9 -60 -86 -29 6 -28 -91 99 -72 2 -58 24 88 34 38 68 -63 -7 -54 24 90 18 -6 -43 -38 0 -78 41 25 39 55 3 22 -62 -50 -22 8 -73 46 -45 7 48 37 -99 -95 -41 31 50 -77 89 61 89 -46 -67 -79 -55 -48 13 -15 91 -14 -31 20 76 -98 82 -56 -71 -52 -69 -53 -97 -21 -85 -44 59 -72 61 19 63 -83 -30 -25 13 92 -7 35 -75 5 -74 22 -21 -86 -82 80 93 -12 -73 -73 
-5 36 86 32 1 -5 -61 16 38 -58 -35 76 66 56 -90 69 -52 38 -4 77 52 -71 39 48 -63 -95 2 -99 -4 -95 7 77 -12 23 99 40 30 29 49 -42 50 10 23 98 -99 -98 -38 72 100 90 -58 48 53 -43 -12 46 54 47 90 35 -93 61 -57 -29 79 -41 69 -5 40 71 -85 32 -78 -60 -2 -8 -12 -15 84 23 -36 -26 -29 59 1 1 -67 -61 1 33 -32 85 55 -80 -91 -44 -61 26 19 53 77 96 -50 -92 -31 38 87 91 
93 -76 -64 84 -37 -52 -19 63 -11 -61 96 -34 24 -46 49 -31 -32 85 49 13 -10 -35 68 22 -12 -16 67 -73 -62 48 1 99 98 6 91 26 -9 66 -71 -10 38 -26 75 -59 -71 62 -90 -20 -46 -24 97 66 83 26 -96 -79 -28 65 91 -72 76 41 90 82 2 47 6 -36 -1 14 58 16 -31 -83 -14 -23 49 -34 78 90 -1 29 -56 60 -28 18 -9 63 -60 -40 98 10 -35 92 69 -53 70 58 -42 83 53 -22 -90 -20 -1 52 76 78 
-51 62 84 -38 91 -59 -75 24 38 -23 71 12 35 54 39 -68 -60 -61 -61 94 -52 -55 -44 -59 83 -71 -82 40 -55 -85 93 -41 -34 -71 -70 5 -71 77 -19 46 89 33 -36 43 56 63 41 -8 73 -95 -30 -86 50 66 54 82 95 -81 -76 -79 18 61 47 31 33 -36 68 -69 -4 -23 51 -6 14 -51 -36 48 -59 79 -44 -64 76 28 -86 -25 50 12 -66 62 72 -78 86 62 14 43 -24 7 90 40 33 -98 17 -22 -5 -3 -21 9 -91 -98 
-90 20 78 4 -64 -86 40 -64 -62 53 10 -10 -97 72 -43 -54 -56 77 -1 81 77 93 -49 40 35 -62 37 -87 99 22 -28 -59 7 -6 -47 11 -27 -39 94 -97 46 -35 41 -9 44 -7 -47 -74 70 -21 72 -80 19 91 -3 -32 -25 15 43 -33 74 30 -82 81 -40 -26 -26 -44 9 -16 -17 22 81 -46 -94 -38 -7 -7 -4 0 20 24 30 -54 39 23 23 -29 17 -97 71 -77 -53 33 -70 51 37 91 -47 66 -82 -82 37 99 71 76 56 -74 
19 -74 -14 -85 65 -68 -5 -93 59 -21 -59 33 67 30 -94 -76 24 18 -46 -72 -81 29 33 23 6 -68 38 20 33 -3 -39 -91 44 -16 15 77 25 -69 6 53 -9 -59 -21 -9 -76 -49 -91 -80 6 47 54 -66 77 52 -73 79 -2 63 82 97 46 2 51 26 29 57 -58 42 -18 -5 -33 1 4 26 -68 76 13 13 11 -92 45 -90 -47 21 -51 -81 0 -60 60 53 5 -48 -67 97 39 -16 -37 -89 72 -91 -21 -98 -80 -2 -14 75 -57 9 
97 -38 -85 17 -80 35 -79 30 -11 35 -21 -99 -62 -24 -100 41 81 93 -14 -53 -40 -48 -56 -99 -30 -73 -58 -17 84 60 80 -10 -41 -90 -50 -2 -35 -3 50 -9 8 92 94 3 -25 -99 -14 8 33 61 17 -28 -97 -58 -81 -16 59 49 54 -63 -18 -70 -60 96 -20 73 -76 -85 -20 62 28 39 -18 -3 60 -29 43 0 24 -19 92 -4 -45 -4 51 -93 31 37 -59 90 -42 33 20 -84 53 61 -92 85 -20 -10 -54 -40 4 72 15 -57 86 43 
-94 94 -13 51 95 -91 73 3 -57 -49 29 8 80 31 50 31 85 95 -51 -76 44 53 -38 93 65 -5 50 28 -96 53 76 81 2 42 74 -65 30 -65 2 44 -93 -47 -49 -84 36 48 41 22 1 41 -2 -90 -88 94 71 93 9 -10 1 2 -74 79 -99 -46 46 -30 -68 -13 51 -96 21 -28 32 -73 -77 -55 -65 -27 -91 -44 -53 3 100 -84 -50 -13 84 -100 -2 -35 -33 36 -43 77 75 -26 58 41 -88 -80 -34 97 93 -48 75 -31 38 74 
-10 86 76 35 -89 -89 36 97 29 83 -80 -74 -73 -45 -46 43 -73 -74 85 -59 17 -85 -56 99 -22 -57 -24 19 48 -47 25 -41 3 -25 -62 -75 -15 -90 -4 49 -56 18 -84 74 -23 51 7 55 9 -19 -13 -58 84 1 95 85 -100 77 -97 14 -18 -76 36 -94 -23 82 42 46 82 -77 -50 86 41 -65 39 99 80 39 27 -89 30 -85 15 -81 94 48 83 41 28 -84 -84 77 69 -59 22 28 -38 53 -89 -79 6 89 -4 80 -96 62 -79 58 
56 -38 41 -88 31 0 30 84 31 29 45 -88 -75 0 75 3 36 63 -11 49 -48 -55 -94 -91 -57 -66 58 -75 88 40 -67 -25 -32 82 -87 20 -61 -78 -100 -59 68 17 -54 44 27 21 -80 -25 -53 35 82 -93 21 26 3 -53 -3 -30 55 -17 3 24 -84 -60 91 1 49 72 -7 38 -77 32 -20 45 -9 -14 -98 -62 -31 -61 -62 18 50 41 63 23 -66 -35 1 70 28 90 -95 -83 64 -72 -57 49 86 86 79 -30 19 -29 -12 -85 -11 86 
-17 -1 55 68 16 22 95 20 62 -71 -28 -20 -24 18 80 -3 -68 -14 -92 -98 1 -77 45 93 69 -19 -28 46 -38 96 8 13 -97 47 -52 16 10 -25 -56 73 -25 56 57 49 -34 -51 73 32 -61 59 10 89 51 95 52 -56 28 49 89 -68 62 -97 96 24 -42 -76 -15 60 -68 57 -33 -49 43 34 18 0 -90 1 -2 32 -58 2 -56 80 -8 69 -30 58 9 -34 8 -47 -64 36 -23 62 -35 70 13 -15 -70 -93 -100 89 7 63 4 -73 
3 13 45 -98 -45 33 -3 64 28 55 70 84 -73 93 -18 13 -89 -58 25 91 54 12 46 3 58 -96 33 6 16 24 -59 -33 40 34 -60 -55 88 7 -87 -67 41 -98 -13 59 -79 24 -4 20 -16 -26 8 15 53 -1 49 66 -64 -82 -11 98 -72 -28 4 -67 -11 -25 -52 74 -23 98 40 67 26 37 35 -65 40 -77 69 -65 -48 -52 9 -4 5 -15 69 59 -67 -16 77 28 -92 50 72 77 -83 29 31 -73 95 40 -70 -61 -6 -34 -2 -6 
-84 -81 -3 -83 -88 24 73 -17 37 98 95 -49 86 -51 -69 1 -30 -72 -12 -80 -21 25 17 88 -74 -22 44 10 -63 35 -25 -68 -24 -45 -87 34 -22 48 22 55 -57 7 77 -38 29 -62 22 -62 62 27 9 -40 13 -92 94 45 31 -27 -42 36 24 49 19 34 -33 -84 -98 69 25 70 54 77 -62 38 63 40 -66 -52 -89 87 98 -48 10 -18 0 52 -4 -47 28 10 20 -41 -64 50 -45 72 86 7 -68 -95 -41 8 55 10 66 -76 44 -42 
46 -97 -78 30 37 -86 23 13 80 -13 -27 4 49 17 -87 81 55 -41 -83 -12 -24 51 -23 -56 52 -97 48 -3 -23 4 28 -27 -78 100 -93 29 99 71 84 76 34 77 -53 -30 33 -62 -33 -2 -69 23 -2 3 -40 90 22 -43 57 68 -96 -14 -32 21 -89 98 -12 -100 78 -28 84 40 -33 -74 74 -45 11 27 80 -30 25 -69 -1 -28 17 -98 60 -36 -93 -78 -10 -87 -59 -10 -12 0 -70 37 27 74 -66 -49 29 100 25 -89 -13 -50 57 -50 
96 -63 -91 14 85 -64 15 14 91 89 95 85 44 -62 -19 89 -4 -60 69 94 -55 -65 56 39 -33 99 9 -64 -49 84 -6 -21 48 -3 -51 -75 -100 -21 -95 -52 95 4 -71 -83 -90 -12 -5 -46 2 -23 86 27 -77 -23 97 6 -26 3 9 -88 4 6 60 -87 -83 -19 100 84 39 -28 4 -61 100 78 -25 45 -8 -84 18 28 50 -38 -100 -60 85 -42 -23 36 13 -90 -86 -72 70 92 -95 73 -52 -91 67 82 97 -95 -33 -8 -79 -16 98 -83 
-26 -16 37 69 -68 -33 59 21 -90 76 3 67 -26 49 95 -74 6 -62 -20 -59 -94 -57 -12 -68 7 82 7 -19 -19 28 -89 4 -26 -46 -98 -49 7 48 -10 1 62 97 12 -50 59 39 55 17 100 68 -5 26 -70 64 -34 -90 92 -11 -85 64 71 -97 36 -18 66 -38 23 34 32 38 -43 76 52 -75 1 75 -93 -8 -44 -50 -17 -22 -22 94 -9 -60 -53 100 30 -28 -77 -16 -5 -9 53 95 72 -50 -85 -67 10 99 -9 47 33 -67 -59 -92 
-28 76 17 -79 -98 -90 11 82 -52 20 -36 -63 -9 -79 100 -3 91 40 -63 -43 83 21 -43 -34 55 -98 75 70 -27 -84 63 -41 39 -92 -75 -71 -97 46 -39 -67 -94 6 -84 18 -62 -43 0 -17 -63 -8 31 82 0 -54 -68 90 58 -31 -94 -79 47 -83 81 -53 -18 81 -69 22 22 85 -60 -51 -74 63 22 -11 98 49 -89 79 -56 40 -65 99 -6 -43 78 20 86 41 10 76 -24 -20 94 60 82 -53 -47 -48 -13 -47 62 26 84 61 -99 59 
87 -38 23 -46 66 -22 -40 -3 -3 -13 39 -8 -81 3 -16 5 -71 -32 -33 -2 18 47 13 -40 36 -17 -31 49 81 -13 -68 43 24 -57 67 56 -86 -67 30 -39 56 35 -47 4 32 94 -13 -20 16 -92 -4 72 -77 -54 -18 21 86 -22 70 -16 57 -43 -58 -20 -11 46 -27 38 -14 -57 -99 79 -31 -4 10 -100 -97 21 71 -49 -54 56 1 -68 18 -88 -39 -33 69 -49 93 70 -44 -59 -34 -67 64 -25 -57 -32 -18 9 35 45 91 -42 -13 80 
-25 5 -55 77 87 83 49 -54 -46 -93 72 -72 -21 47 -12 44 -16 82 93 -47 -74 -10 98 -33 5 53 -18 33 56 62 100 -91 -59 84 -63 82 -27 -63 -38 -81 40 -99 74 -5 73 -18 -93 -55 81 89 -20 84 -25 -39 -70 26 98 45 76 64 -66 -26 -6 -48 85 -10 -60 16 -26 24 -49 -49 22 -18 52 -52 -63 30 -14 -16 27 -81 8 -16 10 -5 -7 -42 -5 -15 33 48 -99 -14 -58 53 38 -48 -48 93 -29 58 -18 -2 -51 11 -74 16 
13 13 94 -11 -29 31 -7 34 -68 61 41 68 -66 -93 -37 -35 87 -32 83 -60 0 6 -96 -28 69 93 -26 57 43 -20 -22 40 -14 98 -66 -25 -59 81 1 60 -87 -15 99 69 -81 36 40 -24 -8 -54 -82 80 -24 28 82 28 38 63 -73 64 53 23 -42 78 -25 43 78 -10 -35 -63 67 -57 31 48 92 -86 44 66 -28 -80 33 90 -50 0 -33 -8 -74 -87 -12 -88 -21 68 -82 -77 52 10 -55 -3 32 79 90 45 -93 2 -37 39 53 68 
-80 -60 -100 -67 6 18 31 75 -59 88 93 57 -38 -75 99 9 -41 75 28 -69 22 -42 97 25 3 -55 -97 1 -36 -16 38 49 -27 -88 83 -77 -78 76 43 63 -55 -85 -70 -100 -80 51 -54 -21 28 83 52 -53 72 78 -89 17 -97 -92 13 36 -10 16 16 11 24 -55 53 -2 -76 64 49 65 6 94 22 77 43 -70 39 -15 93 37 -76 -41 -69 -76 83 80 79 -32 8 -1 -94 66 26 100 52 -53 -17 -46 -90 -2 75 38 69 89 89 -71 
-29 -38 -85 -8 75 -43 -16 -45 68 45 -99 98 -81 -44 -4 17 -2 -91 -100 -62 0 -48 7 31 -97 -74 5 20 25 -89 -90 14 19 78 -39 74 -76 15 -56 -21 76 -14 -99 -14 5 14 9 69 9 -76 -93 93 88 27 -7 4 -34 66 -35 -79 26 -12 72 -51 -24 -54 41 -10 -4 -69 36 64 -96 61 98 62 19 33 -20 -24 -10 -96 -86 -75 -60 -73 -5 11 -34 49 -84 22 -57 -59 -3 99 -31 47 29 70 13 -50 84 -54 81 -71 -37 -35 
85 -24 91 -21 -36 -10 -37 12 67 29 89 63 89 -55 -15 80 -98 -52 -18 42 -70 -33 58 -74 36 -14 47 88 2 20 -99 80 -14 87 99 74 -37 0 23 56 99 13 -15 -73 -5 40 -93 -49 -78 61 19 -5 14 18 8 -75 -88 46 87 -20 -64 66 -13 -55 1 72 -58 -55 -76 -23 97 -79 -68 -82 -56 66 36 -64 -40 -21 30 -46 -59 -44 -78 31 15 -68 84 28 -5 8 81 82 19 26 -23 22 -75 13 59 44 13 -100 -11 57 -100 31 
-1 -85 1 -23 -28 -19 38 -51 86 63 23 14 -69 -6 -39 -3 -72 -87 83 77 66 -42 21 59 37 68 25 7 -36 -12 -57 14 72 -80 99 43 57 59 34 -91 89 -13 58 -75 -31 72 89 65 -91 15 -77 -49 0 -35 65 -73 -18 31 30 -93 55 59 11 -39 -66 -4 74 16 95 -86 21 45 -37 -5 -65 96 -26 74 57 59 23 5 93 21 -20 100 16 15 -5 19 6 21 23 56 39 91 -83 -91 23 62 -83 55 -24 6 -27 -21 -57 -7 
75 50 -22 -97 -9 55 -18 -73 -93 39 53 66 -73 60 20 -39 39 69 -76 -80 -9 -32 -34 -48 47 55 27 -25 -36 81 71 54 -79 58 -99 78 -79 100 51 99 -36 2 90 -33 44 30 -48 45 8 -79 -62 -97 -80 -80 -85 -79 -65 14 -59 -89 55 -34 -53 -73 60 18 20 49 82 -71 -63 -50 56 8 -73 -50 24 11 37 98 77 8 -43 -79 -55 59 17 -31 64 26 -75 23 -100 17 78 40 42 33 -43 95 -24 61 -50 99 -60 -89 74 87 
-44 69 76 -32 28 98 44 85 -14 -1 -23 -11 13 -67 -56 -61 -14 55 -51 30 -57 -61 20 29 -5 35 -40 -92 71 -23 -98 94 33 -75 -86 91 47 -53 -1 43 -33 -82 97 44 36 -70 53 11 52 70 78 -13 9 83 30 -90 65 45 -32 -99 -68 72 -23 85 66 -89 -61 -84 84 36 -44 -49 18 66 -1 67 -44 3 94 -92 43 43 72 27 -42 -34 -32 -86 -39 39 65 -44 81 58 63 79 -81 -45 97 85 -16 99 54 99 46 -23 -37 5 
16 -28 4 -96 43 -80 45 21 -75 -21 -52 -70 83 55 -81 12 33 97 8 50 -87 51 -33 59 -35 -66 46 84 77 71 47 -51 51 74 2 -50 36 76 36 96 -98 -5 4 -76 41 -17 24 14 59 -1 13 -52 -69 74 31 -90 59 -31 -10 66 -22 47 -74 -1 68 87 19 34 42 -17 88 -47 -81 -3 5 28 44 -97 -99 63 74 -49 11 -3 11 60 73 66 -96 -60 -21 7 95 61 9 9 48 -49 -85 -60 41 -83 77 56 -76 -71 36 -59 
-86 57 18 -88 29 73 97 65 87 -55 -70 99 -92 30 -54 34 -86 54 -24 79 96 -65 96 -20 -35 -23 0 -25 -100 -24 -45 64 95 -10 71 -83 63 -46 -39 75 61 17 45 85 -51 -73 62 50 56 -90 50 -25 22 -10 -50 -14 -69 78 22 68 97 57 -82 -62 79 81 -77 69 36 31 74 24 29 -87 89 -93 -50 -60 -92 59 -77 69 -27 91 74 57 -97 -84 -5 -33 18 -90 -78 58 32 22 94 -11 -83 -2 -62 31 25 45 90 53 54 -77 
-2 81 96 -2 -7 -89 -14 -62 37 59 -13 -73 -66 13 -14 55 73 -66 9 -79 1 48 32 7 26 -85 -89 -16 46 -54 -35 -27 34 48 48 79 14 8 0 37 -3 -57 18 -86 -84 -88 98 97 -85 32 -76 -95 49 -43 -36 19 -23 88 84 63 1 100 9 -44 -14 -6 43 -23 -12 34 -30 18 20 14 -5 -98 40 -23 -78 73 -55 -4 64 -69 -58 -61 21 55 88 -58 -13 -40 95 95 -21 58 75 85 66 100 -79 46 -24 -57 88 64 -36 -29 
-44 30 -7 -41 76 91 -35 -2 -30 -59 18 34 22 96 66 -72 80 -91 40 -72 -44 83 10 85 -57 -63 85 -19 -45 88 -5 -26 -24 43 39 -46 -31 -92 67 11 -8 41 94 -55 -37 90 5 -22 95 69 -36 72 -7 -62 6 87 9 -12 86 -9 -85 -89 -28 38 44 71 -89 13 74 47 85 81 37 9 -12 -53 -83 88 -56 98 19 -68 31 85 67 -49 37 -58 -90 5 52 83 -16 37 6 -35 -98 85 30 -89 97 6 59 29 -89 -76 -24 36 
-38 97 -27 92 -18 19 -6 -97 10 82 31 -29 -73 55 -81 -87 87 60 -52 -87 79 54 71 -31 -30 23 -28 24 70 89 20 -64 59 -84 50 -96 2 58 -77 55 82 -13 -99 -92 32 35 54 20 -77 54 -10 -33 5 71 69 -2 25 72 -15 78 -57 -54 80 31 -54 83 98 -38 -76 35 9 -89 -85 -88 -46 -30 -62 -14 -76 -53 36 -72 -46 55 -88 -26 72 -93 42 92 54 78 77 67 -64 -13 -92 -74 87 99 -50 65 32 4 -38 52 -9 -46 
100 46 -81 94 94 -55 -81 -52 61 -79 5 90 11 42 53 20 84 -93 -74 -17 -80 -23 -69 -99 -99 5 63 -19 -54 10 -9 -33 -96 97 -28 62 40 67 51 50 -8 8 -17 -91 -73 -69 -66 -66 -100 -41 42 39 -85 -61 74 -57 36 45 -35 41 78 44 29 47 20 44 -30 -70 -44 -36 49 32 -85 -72 89 -28 -60 -29 -1 -93 64 -31 85 -63 89 -95 -8 77 95 90 82 43 -29 99 -30 -47 84 -47 84 80 -15 -54 8 45 20 43 -57 -99 
83 3 -55 0 34 -65 -6 0 8 96 -63 -27 0 23 20 98 72 -27 -85 -44 95 -46 -26 -22 70 -37 -48 37 -81 -17 48 -58 66 57 -21 -91 -54 -9 -80 -95 76 -60 43 75 -9 5 81 49 93 82 7 40 96 -40 70 -68 -47 67 -30 -58 -29 -87 66 -80 45 -75 11 79 -50 -96 82 66 40 -79 -79 25 94 -47 -22 -37 50 -5 -62 61 65 61 73 -50 -99 -45 -73 -22 81 -23 -75 -72 4 76 -44 -99 -65 72 58 -11 56 -26 -71 -66 
-51 -82 0 23 14 79 -13 -30 42 12 86 9 71 22 -12 -89 -24 -97 64 26 63 -77 -24 20 -61 72 70 -45 3 43 63 -85 16 -77 21 -69 18 59 86 29 -35 -85 64 93 -39 -62 5 32 75 -98 -11 -40 97 -59 -35 22 95 63 -98 -26 -5 42 34 -59 -20 -36 -54 60 -37 -16 -30 -96 94 -5 44 -20 64 87 -34 52 -87 59 -12 -7 39 -14 43 78 61 1 -96 -91 3 -26 -30 -55 -13 -83 8 15 46 -81 76 1 92 52 -55 58 
-14 -17 -27 58 22 -76 -54 65 35 60 29 82 85 37 -68 85 62 -41 45 -73 -13 58 -100 -4 31 -70 -54 -85 93 22 94 -72 82 3 65 85 -33 -92 -29 -49 35 -15 -75 80 10 43 30 52 -3 -88 28 -42 -43 -57 -89 20 -14 57 -99 -58 32 68 77 46 98 84 -30 -4 -73 -38 72 -35 93 -86 93 0 -45 -81 94 49 -61 33 -71 -10 70 -11 -10 -10 -75 -81 -87 -59 10 13 60 95 -17 -59 71 -60 49 61 41 97 91 -41 63 69 
-56 23 22 10 95 -51 -100 14 1 -71 -81 31 -95 -83 38 -45 -89 17 48 0 65 65 79 -40 -72 34 50 -2 -72 -3 -82 89 -96 -65 -38 76 14 18 -20 75 89 63 69 66 34 -86 11 -47 -79 -57 -56 81 -71 67 80 74 76 46 41 13 46 -96 -6 42 -79 46 -22 50 17 -14 6 -23 -37 -75 50 -89 -21 7 51 5 -59 65 15 -73 82 -36 -57 10 -92 -38 -20 -11 94 -37 -54 58 -48 21 73 -98 -88 50 14 61 46 11 11 -84 
98 -59 -32 42 -5 -90 45 -74 -3 -30 42 -23 -32 83 -84 52 -7 40 -49 14 4 -96 78 -23 24 77 2 -91 64 14 75 15 52 53 86 54 -7 -45 99 -84 61 -37 -7 -30 76 45 -7 95 -46 -5 63 -16 -29 -62 0 -59 61 -16 -61 74 -74 -84 -29 76 -45 -90 69 -42 38 1 -21 -16 -3 -88 -89 -82 5 4 15 -15 73 -32 58 90 -25 -34 42 -57 50 -82 -18 -61 -74 99 -88 -39 -45 30 57 -34 -22 -59 -64 -66 34 39 79 74 
-54 33 -73 -50 -18 79 34 35 -18 -86 -37 -98 -47 99 -64 -52 51 -53 5 93 40 -56 -81 18 10 82 75 67 10 78 74 -66 -59 94 93 9 -54 14 97 -4 -40 -49 -74 21 6 61 84 -74 -89 -15 -79 19 -10 93 1 -33 -65 29 10 -31 16 -23 -24 -36 -100 31 76 -8 -2 89 -100 58 -86 81 85 68 -67 9 46 58 93 50 -55 -68 -4 -85 43 -75 98 97 26 -43 82 47 74 -11 45 38 -62 15 72 70 -20 82 72 -4 53 38 
-10 -71 -87 -94 63 -9 -77 -93 -25 -79 -3 -82 42 -72 28 -1 38 96 -54 5 39 98 -15 -22 34 -4 -14 90 29 -12 66 85 85 48 -29 7 -45 67 -47 75 -46 56 -33 49 98 29 4 -27 -66 -29 56 95 -15 37 -88 76 -51 100 50 75 -90 8 21 -75 64 -91 -71 -18 -32 -90 71 62 0 40 93 9 80 25 -30 66 -69 -68 -90 -88 -84 -82 -26 -19 -93 -76 -81 -31 -56 75 -79 -80 42 -100 -51 -12 68 1 22 86 -81 -30 -2 69 
71 -25 87 -48 89 25 -21 91 -54 83 39 40 24 58 -33 -98 80 -2 -72 28 88 -9 38 38 81 43 -61 0 100 33 -50 0 -85 -39 -52 63 -13 -5 -60 -8 22 87 66 -60 -93 85 65 -89 -60 -54 -16 -21 -96 -35 -27 -53 -70 5 -51 -53 -75 -29 32 32 0 82 49 44 -55 2 -23 -54 38 -8 -29 -9 -100 28 -14 -17 -39 -81 -56 -74 72 30 56 -37 56 -20 32 -85 34 83 -47 42 -9 -77 25 89 17 71 5 -13 -13 -3 73 77 
40 -45 -80 57 62 76 13 26 -78 11 37 -37 -62 80 -34 1 45 11 -51 -28 65 -9 14 71 84 -60 97 -89 88 15 12 -81 79 -87 75 64 6 67 59 74 90 -82 -21 89 50 69 83 25 -17 -84 16 -6 -16 3 -50 55 31 -45 -63 98 -58 -47 8 20 -59 89 75 -85 -58 62 69 87 86 -91 -63 -58 -91 29 87 2 -30 96 -88 38 80 -95 -29 96 -81 2 36 -9 76 -61 -2 -46 -61 43 -42 -65 38 46 -13 -61 50 17 72 -69 
-76 -35 96 -74 59 -28 21 -31 21 58 -91 -81 -68 -64 -44 54 -3 -63 48 49 4 -77 -75 -62 86 -53 100 -7 32 75 40 -32 22 37 -93 -10 46 98 22 -60 -9 64 -100 2 -22 -88 -44 -74 -53 -29 -99 -88 -99 97 18 -47 -35 44 -13 -75 88 -94 -92 -38 75 -75 72 81 -81 14 -90 -20 -92 -52 25 18 16 45 5 -94 26 38 10 44 -96 62 67 -6 64 -99 92 -43 17 -85 5 76 20 48 38 14 -21 33 -5 59 -59 -79 63 -59 
-19 -78 -52 41 34 72 -63 52 -9 33 -41 22 -39 77 -10 84 11 91 -14 -79 13 -64 68 91 -45 -78 -65 50 29 79 -16 -82 38 -84 -97 -71 19 51 -51 100 59 55 81 9 73 70 31 -56 43 -100 87 -77 32 -31 22 84 44 -41 52 6 -60 3 -45 -61 -15 24 -89 -2 76 -43 36 0 -84 -15 31 -9 -49 34 93 -47 65 71 48 -87 65 -75 5 7 85 -57 -68 -61 -58 -3 -78 34 -14 -83 -93 31 -54 80 -93 -46 -68 9 -1 73 
6 -21 81 67 2 38 -76 -56 -54 79 40 17 14 -77 -39 13 -48 -36 -27 15 -1 29 54 73 29 -37 -69 -69 15 21 -75 17 18 47 -85 9 -46 83 -87 97 -22 -26 -51 35 -41 -58 95 36 -45 72 17 -53 33 -70 39 -16 -65 -42 -15 -68 59 45 -80 48 -65 -39 61 -12 -64 -40 69 92 3 -6 65 -38 2 33 3 -28 -53 -35 41 -37 -46 65 42 80 -39 -34 -44 16 -96 60 -30 80 9 -35 21 20 85 -12 -69 -50 -100 98 46 11 
87 88 70 1 -99 -88 -3 52 25 56 66 61 -98 -69 -88 -9 -71 -25 95 57 59 -69 -46 41 -99 -65 4 62 -100 12 -73 79 4 33 44 43 -90 53 49 -1 33 81 -75 77 79 -72 5 29 100 -43 49 25 -24 -54 -59 25 60 -66 85 46 -91 -14 22 -61 11 -75 -38 -66 -12 -31 -36 49 8 20 63 -61 10 100 2 -60 43 47 -81 14 -89 -12 69 50 52 25 94 24 -43 -97 -46 28 74 -51 20 21 -34 18 -94 16 -76 -85 -85 15 
53 41 -96 -81 -55 -3 24 -97 2 -42 -76 -89 95 -71 14 34 -90 -95 -99 -9 -92 37 -97 -2 -8 35 28 -35 0 -44 14 64 -22 25 -8 65 -88 36 -53 87 28 20 -96 -68 82 15 76 -93 -55 -77 -40 31 39 93 37 -80 -34 -1 10 52 -75 78 78 63 -81 90 99 98 -45 -97 -70 36 62 90 -64 -27 -61 -76 2 -61 50 69 -72 17 97 42 -21 -95 87 -86 3 -26 35 -64 44 -78 59 2 20 20 40 17 5 54 38 -23 1 -57 
81 56 41 -36 -22 -16 56 36 -53 76 34 64 -64 -42 -83 27 -83 -60 43 89 32 -66 -100 -25 67 -94 22 -69 -18 85 35 61 67 -94 22 29 -15 -92 59 68 3 -24 -29 68 70 -100 -37 -14 62 -29 6 -63 24 -15 -49 -18 54 34 80 89 -50 54 -73 50 6 -35 99 -73 -35 -11 -85 -54 64 -61 -98 95 42 22 -12 33 -2 -53 -28 56 81 92 49 82 -40 -75 -8 24 -27 75 -6 -92 74 -85 -3 77 69 23 -92 -13 -3 25 -84 -38 
51 24 -33 -98 65 79 -73 -85 67 40 15 -40 6 44 62 -52 -30 -16 -100 53 -40 -57 25 -50 28 32 62 16 -12 1 76 91 -93 75 -61 -8 -70 77 39 81 29 -16 31 -23 86 18 42 19 -36 85 -97 73 92 -43 -29 8 50 -24 -33 56 -12 -28 -31 52 -33 50 -58 24 -63 48 -24 -37 66 93 -32 -74 31 -33 -47 -76 65 -49 6 -17 85 -49 16 90 80 1 -41 -93 28 -48 -23 47 55 -31 -94 28 0 31 76 53 -98 60 -79 -56 
-93 -68 31 -99 -94 99 -31 -26 -37 93 -6 92 -21 -84 78 -96 80 62 -64 76 -60 -96 29 -71 75 36 -63 10 61 -48 -99 -93 -78 -2 -61 15 50 -45 38 -46 19 48 -100 67 -83 11 25 4 -62 -21 -71 22 -96 -94 23 -4 36 21 -74 -32 -52 -87 26 28 -93 -73 -33 11 -59 -17 33 -92 -72 83 -83 54 -64 -97 20 -58 -7 -34 -35 -52 -86 -3 90 61 25 -88 47 4 87 -3 77 83 -34 83 -77 -56 85 52 -54 80 -85 49 71 -69 
-77 -72 -9 95 26 42 32 42 -16 70 -89 -21 99 -73 71 -27 -96 73 -4 46 -100 10 80 -79 22 -74 -95 -77 -77 -2 -42 1 -39 50 14 -63 98 -20 -50 73 95 -33 30 80 57 75 -6 -95 -21 -93 13 -99 -58 61 66 62 -22 42 -52 -3 -26 86 20 -57 83 -26 -57 -86 60 -36 -7 -85 -47 68 84 95 22 -32 98 -27 34 4 -2 -88 18 27 94 -59 -42 -55 -93 -99 46 -9 66 -43 -48 -75 86 68 56 -90 2 -36 5 -11 35 -23 
89 -82 -67 -41 -64 34 46 -88 -22 62 49 39 -35 84 -44 -83 -67 -13 51 -86 10 32 15 54 -53 42 -70 24 42 6 59 -89 -73 28 -91 -95 63 -30 -50 -84 -54 -31 15 22 67 97 74 -96 -74 76 11 -42 -21 -29 -11 -64 -70 92 25 -9 56 89 15 47 72 27 11 64 -6 -40 40 -53 33 23 -54 -12 35 -88 60 -25 -24 -82 40 -90 96 71 -58 -30 -23 53 -67 59 -4 -48 -12 85 -58 -46 -31 18 43 59 19 -76 32 100 89 -67 
83 -49 26 -59 70 32 81 70 -49 79 46 -6 -90 57 -41 18 21 -76 10 -70 -45 -76 -97 -35 -88 38 68 82 -78 -40 -99 40 78 -26 -70 42 -99 -66 11 74 -47 80 -67 -24 67 -5 85 -73 44 -23 96 -48 -67 -42 25 18 -79 69 -15 35 -100 78 60 -61 -57 -9 49 -18 51 57 87 53 -96 -66 48 -79 35 25 90 28 36 -73 66 -39 -11 -69 -38 -93 79 27 -44 41 24 -36 -22 84 -3 -30 30 -41 3 -55 -18 -54 92 16 56 -75 
-72 20 47 78 16 -99 83 -13 -93 41 -60 -25 67 12 8 -1 -16 -92 51 4 -28 -47 -13 -1 80 40 41 -43 51 68 -28 -63 -6 98 -43 -62 -52 -88 -83 82 11 -5 36 97 19 -96 36 87 -64 97 -33 -79 -25 68 85 -71 -89 41 17 -30 89 -89 -28 25 -5 -56 12 -28 -68 59 -10 19 68 -34 88 -1 -82 27 18 -44 -35 -50 0 -3 83 100 49 63 74 48 -64 -86 -66 -79 -50 -99 -65 21 96 -56 91 -12 84 -82 32 21 -15 25 
28 88 -92 -1 2 3 -44 34 -38 -85 76 -32 5 38 -60 -67 -12 1 -92 47 -93 -39 65 37 4 -82 -71 68 -16 58 55 68 -56 -1 11 80 30 83 14 16 -5 -9 -78 -49 -2 19 100 1 -43 29 -37 95 83 -45 69 -84 53 -8 77 71 93 -72 -72 66 99 8 -22 -67 42 42 -88 56 -33 -65 -15 -78 -27 24 16 44 46 -49 66 63 -81 -28 -51 -35 -8 73 -81 -13 83 -42 -37 71 -94 7 -92 -15 34 -59 -68 70 -90 -71 62 76 
15 74 -59 12 -37 52 93 2 -30 67 76 64 -65 -68 72 -42 -24 -90 -13 -31 81 12 94 -67 5 -26 -20 18 -82 60 59 100 -48 -18 -13 -44 -98 61 -45 -65 -93 30 -38 -11 -18 84 -61 -31 -64 -58 52 -77 44 -86 -68 52 86 9 57 -75 -47 8 -76 60 95 -15 -60 98 34 -9 27 -85 40 -31 73 9 -55 42 -6 -60 37 6 -98 -22 -59 12 97 -40 -20 -40 87 -45 -14 -6 -68 -45 -85 -90 -68 63 11 20 92 26 -49 38 -49 -95 
-78 96 47 -81 30 -53 -82 -19 19 92 -8 6 85 -71 33 -78 22 -26 -67 -55 -10 65 67 -93 2 45 99 -6 -8 88 -2 77 -31 47 16 -62 42 -11 8 9 -10 62 -5 79 17 -72 -37 14 12 38 -85 -97 -71 68 -19 53 -24 -17 54 7 -30 -26 -31 -24 -80 -38 -98 -18 -76 22 79 76 -27 -18 -25 -32 -73 -80 10 -63 3 62 36 96 75 56 36 10 71 95 62 35 -88 35 -84 41 -96 98 9 72 -27 -79 -84 -66 17 -66 89 -85 
-36 96 -70 -65 11 66 -55 -73 -24 -27 -63 -76 8 54 0 -49 -76 67 -95 32 58 78 10 43 -49 80 33 9 95 -53 -35 -42 -24 60 3 -76 -2 75 -54 -80 -56 -6 -31 -95 100 -61 -100 -33 -97 88 -25 39 45 57 72 63 42 -92 -77 36 -58 66 63 -33 -34 12 -11 46 71 -25 44 -89 -20 -25 -24 -81 -59 -72 55 66 79 34 -81 88 -39 28 -79 -23 -52 13 -2 64 4 65 -38 73 -66 -18 -83 6 -82 -58 28 -35 -24 33 -93 -28 
54 54 89 45 27 -56 19 0 97 -88 63 99 19 29 18 -77 -67 -88 90 -15 23 -40 -65 -41 -66 -5 96 82 53 73 96 61 11 -87 -50 5 31 -59 -62 79 40 53 0 -24 77 83 -97 -83 96 88 68 12 44 -67 40 39 -21 -67 -45 -48 -94 71 58 -94 -39 2 69 61 64 -69 23 27 -64 88 45 -94 -27 -80 -44 58 26 74 -52 -92 17 66 -29 -10 -78 2 31 -40 -49 -86 31 -40 -6 -11 34 -17 52 68 70 -99 36 70 97 -23 
41 3 -6 -16 -6 28 32 81 -65 -62 39 84 -29 -18 33 43 17 -49 -21 -11 -62 18 38 22 -18 77 -17 -1 48 -75 45 -57 77 77 54 37 -35 68 52 -80 -6 -24 50 39 36 11 -17 -19 43 93 34 -65 66 -48 -10 8 79 38 -28 -78 -67 57 -56 -96 21 53 -97 1 27 36 -36 -6 97 -60 -69 36 84 80 -30 -87 -68 24 51 -94 -28 46 -1 -15 73 44 71 -15 11 30 24 96 18 -85 31 -45 55 -70 -12 12 -33 -98 -41 -76 
65 14 41 -79 41 -34 -88 -12 -38 7 -79 -78 92 5 -54 -6 88 -93 -95 84 71 -9 -18 -56 -98 58 58 -49 53 -59 10 -24 45 -27 -20 -62 -63 -40 88 -62 -32 -60 -73 -44 95 32 -51 19 -90 -79 -37 41 -71 46 29 -90 -28 -83 78 -40 73 -86 -12 42 -98 43 -21 -13 44 33 -13 -51 63 79 42 62 -22 -84 81 39 52 -63 -8 56 -75 -60 42 93 59 -7 -24 18 59 8 27 -68 76 -66 -66 35 97 -5 31 -99 -87 -60 42 2 
27 -12 -90 -18 51 -46 12 79 82 -87 -16 -66 -62 -21 84 18 95 9 45 78 37 -12 -56 -25 -7 72 -44 -72 79 -66 -13 -83 80 24 -37 39 -61 8 -11 10 -73 29 -36 -87 16 23 45 -31 -50 98 1 95 56 -70 -72 80 -2 15 41 -31 -56 -11 99 -24 46 -24 7 -88 -63 -53 -61 64 -67 -7 14 80 -34 -11 100 13 3 32 39 37 -7 -68 52 83 -57 97 -31 -12 -93 -81 -69 75 -61 12 -96 99 -27 -82 46 80 55 44 -32 -41 
98 48 -83 -45 -85 34 -18 55 44 -79 -36 -75 94 76 -43 -15 -13 30 38 2 -95 15 66 -93 71 77 -88 58 46 -46 21 -77 -50 -13 -15 -81 100 -28 -23 -15 -59 -53 51 -61 92 68 24 18 -2 1 73 47 -32 -54 -77 58 18 -2 81 -53 74 -94 -10 -28 14 -63 49 -35 -26 56 75 3 75 55 45 39 23 17 74 -42 48 60 50 -76 -22 77 -100 58 49 -72 79 49 64 36 2 -20 -63 -64 -29 29 28 -40 -29 50 -83 -100 50 100 
-30 26 18 -73 35 -16 -75 90 -30 -80 -1 24 62 -29 93 71 93 45 -69 9 53 94 77 -83 -86 -76 -71 -67 -91 -66 78 -1 28 -51 69 -46 -18 94 98 -26 -29 95 -58 78 90 -82 61 -35 -94 84 24 80 48 -53 -74 -57 -100 -20 -90 39 60 -25 -53 94 -95 -72 13 6 71 77 77 -88 30 -73 -73 21 -31 -22 -8 53 40 45 -39 -33 -59 -73 -28 -51 54 93 43 -28 -52 -54 43 56 -54 51 8 -40 8 44 -37 87 88 -9 -66 -41 
-94 75 66 -75 -35 -55 65 52 18 -98 -11 -73 81 -53 42 14 1 58 -63 -3 34 51 -86 -66 -12 -21 10 12 68 88 -1 -11 -61 67 90 -2 40 0 39 39 -39 -57 -2 30 -49 -62 24 5 -91 -51 -74 55 -39 -75 -4 -43 -3 -89 -62 -8 -85 -93 37 84 54 -25 6 -17 -75 92 9 -14 -55 56 -96 73 82 0 69 38 28 -22 22 -92 86 4 11 -37 61 33 34 -85 -50 41 -67 5 84 -15 -54 65 -84 84 93 -90 32 42 -15 -69 
92 -44 73 82 17 -78 -89 -32 8 26 59 -93 -78 91 -54 -85 -31 -92 -11 98 -20 -44 35 93 -11 31 65 88 -92 34 84 -75 -21 96 -94 21 -96 22 78 -62 76 -35 -20 63 -67 -76 -23 83 -33 -100 76 17 6 49 44 32 1 -21 15 -62 4 -14 -36 8 -28 -29 -89 68 6 -64 33 100 -42 84 -33 -52 -88 -19 -87 -16 0 -14 -4 97 -1 27 44 -69 71 -95 36 8 -67 -38 -34 -23 -65 -22 53 -59 3 100 -46 -31 -90 -89 55 22 
-36 14 -1 30 73 72 -88 86 62 60 8 88 -98 70 -83 30 19 71 -84 -51 -37 2 99 22 85 77 49 -65 48 12 -8 -39 80 -81 -92 -42 14 38 -82 82 -82 -96 -35 92 -56 34 -90 -16 -57 93 -50 64 -21 -50 -77 -29 -51 -71 63 -35 -92 79 46 -86 -70 -87 4 -94 84 -74 92 -62 59 96 49 -83 -9 -100 -98 -11 -22 -37 -69 34 -33 47 81 28 13 32 68 77 -67 -41 -87 -14 54 -77 46 -90 -43 0 -74 16 32 -97 0 -18 
65 -23 13 -11 -2 -54 87 -14 10 -83 -56 -32 -66 85 46 -45 -21 -80 -11 -15 38 -59 -70 -13 -54 2 -41 95 -61 -93 -84 -85 -52 95 -56 -76 -32 -95 84 51 -92 31 -22 44 -59 98 -55 17 -50 83 -64 16 79 -12 -5 84 -44 46 68 -49 75 90 -100 38 92 63 64 48 -35 73 29 -18 9 -13 14 -21 32 -99 97 74 -84 -57 -53 85 -45 -72 -61 79 11 50 9 -11 -89 32 64 -98 -27 -20 31 70 17 -28 -89 85 -35 9 20 -44 
-85 -59 -63 94 92 83 82 89 -78 -93 12 94 -20 -2 -53 -80 -9 -1 15 -53 -19 -80 -42 59 41 21 6 19 5 -21 -81 2 35 -54 -100 -87 -93 43 25 -72 -93 -62 -76 92 -80 -46 -54 72 -98 -36 -28 8 -97 -12 -79 14 -11 53 75 -39 -19 -65 -2 10 -65 -72 -32 -2 93 -51 32 -100 99 -48 -79 -91 11 98 22 -71 68 -79 -4 -7 -12 -15 -1 -9 -59 66 42 -55 72 55 -28 -80 -1 6 31 44 -53 -45 -4 13 -29 -94 83 -87 
14 12 -97 61 -84 -54 -3 -35 -46 58 -85 3 -88 35 4 -44 -22 -99 -20 35 38 62 -87 96 -71 -80 90 31 4 7 -25 39 23 -55 -49 -74 72 37 -77 -53 -17 3 4 78 -99 6 9 57 -86 -92 -50 38 -49 -24 12 39 -26 -25 96 -4 -2 -66 45 -42 88 75 36 14 -37 11 -36 69 9 53 -16 -10 57 5 33 -84 -61 -22 -65 100 -65 -66 92 -85 -14 -46 49 -73 -33 -19 7 -74 -71 95 20 21 10 -25 -63 43 32 -86 -90 38 
88 21 22 22 -61 63 65 -13 14 -76 95 16 -40 82 24 -61 -8 51 -30 67 -25 -98 -38 -95 87 -49 41 91 34 45 68 -89 31 -38 78 93 -2 19 -73 14 17 44 -32 43 -76 14 83 -49 -99 -34 -85 -83 42 -86 -88 -72 96 -68 88 -60 -21 -67 -94 96 -75 36 -40 75 22 -13 -82 -61 -16 59 92 97 17 -17 14 -41 100 -66 -94 -21 33 -72 -67 76 -25 -64 -42 -31 -4 -45 -26 17 -64 45 38 38 45 39 63 -43 62 68 29 86 
-24 61 -12 45 85 23 -99 78 38 63 -89 16 76 -2 86 -25 -92 -99 -82 -76 -65 -40 98 11 -4 19 -51 88 81 12 79 -35 18 61 54 1 -88 47 -95 14 43 44 99 -16 12 -98 -97 -4 -52 -88 5 16 38 66 -94 -89 -7 38 5 -42 70 -47 -96 -10 36 66 45 48 -58 66 -84 -63 44 -79 95 -37 80 55 32 -100 -94 -1 6 48 -14 -76 -12 -88 50 -41 -81 36 55 -13 -95 -98 26 94 33 -38 -63 -67 10 -41 -75 -17 99 -73 
-93 0 75 79 28 -84 87 -15 -53 -85 -60 -43 -92 -49 -95 96 99 75 -31 -69 33 34 91 -10 94 19 -23 -67 33 -56 -38 92 69 25 -51 6 -12 -30 80 100 -45 -6 -75 16 -64 -31 -25 99 61 -34 -31 27 -64 82 -54 -13 22 27 95 80 -32 35 9 22 31 57 91 7 14 -74 -43 39 15 74 50 -70 51 -94 88 -48 16 39 -8 59 97 83 -97 85 61 84 94 74 29 69 -43 99 -92 -4 -24 -9 38 59 77 7 -95 83 -40 6 
50 -17 70 -76 85 28 -46 47 38 -16 -98 25 -5 -73 74 34 64 53 -46 48 -88 0 75 -63 99 48 85 -37 40 -65 -58 47 80 41 3 45 -84 -81 -93 -44 50 -59 98 41 96 65 -45 -85 30 -65 15 63 -54 95 28 4 16 -90 45 -24 -76 -14 75 -28 -43 37 -8 65 -54 37 29 78 -25 79 -36 92 -25 -69 75 -41 11 89 -21 5 2 42 -10 87 74 -59 74 58 -67 96 -64 -8 23 38 93 -51 46 94 -54 -83 -92 62 -64 -11 
-90 -87 82 46 39 -20 -37 -3 -95 -68 66 -6 20 -70 46 92 23 -73 27 -37 1 -42 -83 24 4 -17 8 -78 -15 70 -74 50 31 81 -35 5 78 34 -63 82 -2 33 94 -14 76 -9 -94 -4 60 57 83 -9 51 16 -36 7 -6 92 -23 -76 -62 -16 -46 -85 -74 78 -11 82 58 25 44 84 -13 -90 84 -80 13 -36 15 85 -1 64 6 25 7 64 -39 4 28 44 29 9 -13 71 -71 57 15 24 3 99 28 20 -10 37 -25 -34 -48 -42 
44 -15 31 49 -79 -66 -2 -56 -27 -56 -16 -24 -6 -32 -86 5 -61 -71 -64 58 -14 74 13 87 49 93 90 7 97 -12 55 35 -32 29 40 -43 15 -49 47 35 -93 26 -50 26 31 -47 -64 -50 -61 -58 69 65 52 -64 -14 -42 13 -8 -85 -60 46 10 -30 -10 95 60 21 61 22 -64 -83 -82 -7 -45 76 58 -12 21 -15 33 73 -13 22 -77 -27 59 -100 -8 -99 83 -84 52 13 -92 -65 -37 -83 -84 -52 -28 83 -16 -92 6 78 46 59 5 
17 87 -66 -96 10 97 28 -14 -7 57 33 72 19 -66 -67 86 9 -14 -24 -14 -44 2 43 50 -65 -50 51 13 -78 80 85 -20 56 -62 59 60 -82 -68 -41 54 -3 26 55 81 16 -53 82 -29 -10 -2 -9 -90 -83 55 -98 55 68 31 -30 51 85 47 -51 94 89 55 96 8 6 11 -35 -70 31 -66 -97 96 85 -90 -10 2 -16 -27 -69 -82 -40 -26 -13 15 83 94 -95 -27 62 -5 58 96 -98 -56 42 43 84 -59 32 20 -6 -44 -92 93 
50 50 47 6 -42 -33 -20 23 81 -68 -79 -44 -51 49 -70 -93 100 -27 -64 32 -33 14 87 15 66 8 72 89 -66 -65 53 4 -75 -80 60 -11 -59 18 90 -50 6 -12 15 -47 -19 78 77 31 92 79 -71 -14 61 -83 -67 97 -71 -23 39 -38 33 -65 39 -19 -28 -30 13 26 -9 28 99 -87 -89 -65 -54 32 47 -4 -25 36 17 -99 52 17 76 34 -94 -48 19 92 30 -58 81 72 -68 -39 -29 17 -98 -38 5 -45 -74 17 -67 -46 61 49 
-99 -71 -12 46 30 26 76 -7 -42 16 -55 3 -43 -62 -54 7 -59 82 -36 -10 -61 80 -42 79 -61 -75 -12 -49 -87 49 36 -24 60 18 -40 62 -57 20 80 -74 88 -68 35 -64 -49 56 -48 -70 -34 80 14 0 72 -16 42 6 62 -50 -69 22 -52 34 -45 -90 -66 86 -91 15 -2 40 -23 43 -60 -82 77 -70 8 -35 -57 89 -62 39 43 -10 22 -77 -56 2 71 30 -92 -38 -98 -36 11 31 67 90 -3 -2 94 -32 -46 -39 -16 -76 42 -99 
-62 -6 -89 28 -30 20 -31 -85 -43 81 -53 -59 89 45 7 -11 -18 58 4 88 73 -13 75 -53 97 -29 46 -49 -35 76 64 76 -23 -36 -85 33 -19 -76 -65 -23 -48 72 36 -51 27 93 22 39 -17 11 -27 -7 37 -77 -37 16 -45 -66 -36 -98 74 75 68 89 -12 -19 -48 -60 -18 -62 67 71 -86 -8 -67 -88 -68 16 -63 -60 -11 -90 82 -16 59 -55 68 -60 -99 -76 -85 -22 -99 22 84 54 86 -13 -70 -40 -21 -46 -19 -64 -16 32 -72 -22 
-59 -88 42 -27 -57 -13 -76 95 10 -15 14 -58 -43 -27 25 -29 27 72 -95 56 -55 -39 -49 3 96 -64 27 65 -22 -50 -26 -73 19 -47 -37 -31 77 68 41 95 -62 66 -27 -66 -81 -67 -7 51 45 -92 21 16 -78 -16 -16 -56 -38 12 36 -39 -41 -34 90 46 67 -83 34 -13 55 -37 -43 -59 -70 82 -37 58 10 -24 63 9 -30 61 -100 38 14 2 -50 57 13 -43 94 61 -17 9 -77 62 5 45 72 91 -67 -91 -72 -52 80 41 -16 -33 
-100 -12 -29 99 94 87 99 66 87 -93 59 84 17 99 -24 99 -59 -68 69 -71 73 54 45 41 87 43 -44 64 -100 48 77 9 51 -32 -42 71 99 40 -35 -21 -65 -91 -58 70 6 -20 64 -66 -78 41 1 34 58 75 -48 -52 -69 -19 -33 -31 59 41 25 -7 71 -68 -42 50 92 -38 74 48 10 -16 -1 -11 -14 79 59 -61 -87 30 58 -6 -4 -3 85 -10 -12 37 9 83 93 -40 23 -6 -46 -46 -45 -78 -8 -86 -47 -26 82 6 -19 34 
0 37 -14 74 -71 -64 44 30 -58 36 58 81 -19 -18 -47 -59 1 -14 90 20 -25 72 65 93 79 -37 41 -5 72 -46 -57 36 -25 2 0 86 32 58 -72 -67 64 14 71 -35 -76 -48 -20 -68 -27 1 44 94 9 82 32 13 3 76 92 72 65 -32 38 19 -35 -25 -83 100 -33 75 -33 51 -35 3 -65 57 -46 2 8 50 88 69 86 55 77 -59 -43 -9 55 12 0 -62 -8 -89 -80 -32 29 -74 -38 -27 51 -56 -32 70 19 -55 39 7 
-16 -9 -97 5 -56 -8 -70 -22 -51 -82 35 -100 49 -76 36 -60 -100 35 -9 39 15 2 38 47 -27 51 -67 18 -60 -30 -86 -34 20 81 99 -34 -23 38 -2 61 -68 42 22 -71 8 65 -10 81 83 64 63 -22 -37 -85 -96 -41 48 25 89 -34 65 -1 -89 -79 -60 -41 -23 -4 42 89 66 73 -43 -5 71 -11 -29 -74 81 50 46 17 57 33 78 25 89 57 -20 69 45 93 64 46 -41 32 -12 -75 -79 -84 36 7 -40 -70 -88 29 -61 -1 
52 18 -21 -73 2 -43 -76 36 63 89 49 20 -71 -2 43 52 22 -47 -14 -60 81 99 81 -75 -52 37 79 84 71 -51 17 37 -41 -88 -68 -93 -14 -22 -1 -44 -76 -36 16 32 91 95 37 57 -53 -29 36 77 -78 93 96 -57 -17 -91 -62 68 -97 28 28 -86 82 21 -30 -7 41 10 -81 45 94 35 -48 14 -23 -22 -46 60 -56 77 -70 96 99 -84 98 7 21 -60 11 36 -94 -5 46 -81 31 3 98 70 -56 -76 42 -63 -92 -75 76 56 
14 26 -6 -96 -81 -13 38 4 60 30 -85 -57 -2 79 -17 -14 2 -53 93 -68 -62 99 23 1 -2 4 -34 50 23 -3 -50 57 -71 -76 9 24 49 7 -14 -88 -6 -62 53 -58 27 -54 -2 -19 -51 44 98 -92 78 -8 31 -100 -100 58 -100 -10 -81 85 5 70 -31 66 69 -46 -66 -26 -24 45 -7 -66 -26 61 87 34 -14 63 40 13 -11 37 31 -1 -71 66 -60 -99 -3 58 55 -93 3 -46 -47 -77 12 -2 61 -9 -54 -95 94 75 -85 -29 
97 -16 8 6 97 -51 39 -88 27 42 50 -44 -79 90 19 -50 1 -69 -47 -79 -51 22 -78 61 50 51 85 64 -28 -34 96 -4 -32 32 4 -84 8 -32 3 87 -69 -62 -38 71 -93 60 -17 26 29 95 11 5 -53 39 -47 -26 -33 47 -12 44 20 85 -91 36 -15 29 97 17 20 56 9 30 59 -62 6 -26 3 -79 79 -88 -21 37 79 66 47 -46 -30 51 -87 85 82 -71 -91 37 72 -23 -86 -70 -4 -15 4 74 -64 75 -73 18 77 -80 
43 -32 66 -86 29 -2 -58 14 -4 22 -60 -77 -16 24 -33 -73 -7 -76 39 55 -53 -37 -78 22 -59 9 99 -85 43 19 76 -73 80 -19 -95 37 51 17 -94 -16 -58 -54 -56 -85 -94 -83 99 -55 -48 -55 29 -12 12 -41 68 25 82 -20 -38 47 80 -48 29 -51 26 46 6 90 -94 99 -81 -89 90 -69 -16 -54 40 -64 -73 -24 -77 -10 -73 18 -72 -86 81 -61 -85 86 78 5 -18 -3 5 92 -10 78 60 -84 93 -75 43 -84 8 32 -85 -33 
-39 -53 -29 -5 -31 -12 38 -79 -23 66 -64 -82 -30 13 -63 43 -90 -93 -40 42 75 -52 94 54 -85 5 69 -57 8 -25 -36 -16 14 -91 21 -24 84 -16 16 -18 -88 -54 39 -41 28 -16 96 -88 -29 67 -73 24 10 -30 -85 7 72 -6 -34 53 -31 -11 32 58 84 -15 94 1 44 77 1 -71 40 8 50 -54 -96 -33 -23 -14 -18 4 87 74 -42 -59 68 -25 8 -37 -11 21 -32 -98 86 -5 -54 76 95 -100 87 35 -22 -63 -15 17 47 24 
59 -80 86 77 -81 3 -70 -49 96 39 23 70 -71 47 -88 -62 -19 94 68 61 89 57 77 39 37 -32 94 48 -14 71 -78 71 16 9 -50 -52 7 28 55 5 70 81 52 -57 48 -80 -28 -22 -25 -83 -85 39 -99 -50 -13 -23 70 -13 -56 37 -88 45 -1 12 -94 -54 -15 -70 -69 -13 100 -19 -13 30 -32 22 20 -78 40 95 20 33 -68 62 50 -14 33 77 -95 10 72 78 -32 94 36 -22 87 5 25 -82 -93 -86 -88 91 -83 16 3 27 
-71 -100 97 -47 48 -98 -76 83 -47 59 32 85 4 -46 -13 -19 75 -3 64 -2 -33 71 23 -22 -94 -61 16 -39 -18 -44 -44 12 -87 -46 44 94 -19 -58 -5 -29 10 24 15 64 -61 -8 41 -18 -27 54 -3 96 -82 -54 -65 89 -53 -70 -60 54 68 -8 21 95 -33 49 21 -83 -99 2 -60 6 -79 -70 84 47 -91 -76 -74 -81 -29 25 -72 -36 40 -96 -41 -64 -6 -86 17 -89 63 66 99 92 12 -76 -57 -41 -54 39 70 36 7 1 14 -60 
-46 72 36 42 -48 -80 -41 54 -91 49 -90 -100 18 -70 -12 -28 -33 75 -82 54 86 85 -92 -18 91 -78 -85 -16 32 50 -48 50 80 90 88 -81 -70 80 50 -25 87 -41 -100 38 66 -43 20 16 90 13 -84 -89 -16 20 -28 15 8 33 -83 27 62 39 -21 57 56 -3 -83 29 68 64 -37 74 0 58 -91 6 -9 21 39 -26 -43 85 -94 -99 -61 17 42 -97 -33 93 -94 18 -15 78 -53 -34 74 80 -69 -10 86 24 25 72 99 -93 -90 94 
48 29 -37 -25 11 -93 -90 -74 47 4 37 -43 7 39 -98 -72 72 -80 95 56 59 55 27 34 47 -14 -72 17 74 70 -73 35 36 86 71 50 19 -8 -59 -20 -24 -27 69 -39 -100 -67 68 39 -68 84 -64 45 -82 -85 34 18 -84 -33 -88 -79 44 -38 -96 -23 69 -16 1 -26 -23 9 -16 -89 -23 53 39 -17 -62 -42 72 47 27 -18 -82 -84 72 -72 7 69 57 -97 -80 88 25 65 7 -14 43 27 43 -77 -29 -22 -14 55 78 -59 -98 44 
-39 50 9 -31 21 32 17 61 -74 -30 -2 26 46 -40 -14 34 -97 69 35 -41 70 23 -33 -89 26 -1 39 42 75 -49 -46 -66 10 22 -65 26 35 60 -66 13 -8 -89 81 18 80 53 65 -93 -9 98 65 -32 -84 -34 34 -61 79 -45 -71 96 -43 70 30 48 68 23 55 100 -50 93 -49 -24 -78 -60 55 81 53 -99 -74 -62 -59 49 -95 64 18 -7 1 37 -78 -46 75 86 -61 -92 29 -97 75 -11 -82 -66 -97 98 -30 31 -83 -12 97 62 
13 98 -7 -3 -58 13 34 13 -24 61 52 58 -68 49 -26 31 -86 -11 -54 -59 -62 74 82 -79 38 4 -36 -28 -67 -64 46 73 53 3 -4 -76 22 -30 91 36 48 65 -18 62 -34 -62 6 59 16 69 88 -99 -39 -78 -78 -45 93 -75 -28 1 -34 33 87 62 73 9 -70 26 85 7 13 95 69 26 -51 -35 86 100 -69 -94 63 36 -65 -67 -84 -65 61 35 0 59 -4 -69 92 -16 -89 55 -20 28 -83 40 50 -33 17 66 55 -38 -69 20 
-38 -96 43 -10 48 57 -50 -65 87 62 48 -60 74 95 45 -53 15 12 84 -99 -37 -49 -34 66 -69 65 30 67 -100 -69 -95 -48 -99 -35 80 6 -36 95 76 -32 4 39 -96 2 -54 43 30 -9 -1 32 -16 43 94 31 -41 -87 -85 37 -90 -21 52 -89 -78 -51 -51 13 79 -98 38 -28 -81 7 -92 16 -21 -14 6 26 8 88 89 0 -99 -56 -39 83 67 68 28 56 -78 7 -27 -53 -83 91 67 0 41 -61 -25 -45 -99 -83 50 -89 -54 -69 
84 89 -77 57 60 -22 -42 82 -65 -86 -4 -75 6 35 -48 96 41 -7 -46 83 -7 3 -6 -42 -17 -5 20 -87 -91 70 -63 57 -76 -29 57 8 -25 67 -17 59 -94 -31 -82 91 99 89 -28 -71 86 62 -91 87 -83 -69 -40 45 56 -76 -19 95 17 -64 59 8 32 49 -95 -23 14 60 -37 21 60 50 -25 100 82 -61 53 -60 -1 22 93 52 -4 -59 -25 -42 16 15 58 -83 -15 99 87 -67 -68 38 41 43 48 -86 -48 -2 15 7 -78 -51 
47 -20 -38 -50 -48 7 -100 41 76 61 -93 -7 94 -47 -97 33 44 -22 -96 47 -92 -30 84 34 -3 47 50 1 -33 8 42 -43 -44 -72 81 71 72 -80 65 -96 -89 -84 -62 -88 -49 -40 93 -23 -60 50 12 69 19 -25 -95 21 -58 -63 38 -6 38 16 -47 -26 74 -58 -13 32 -74 -51 -71 16 -53 -78 84 66 -61 85 -72 16 83 14 86 -94 71 -61 -85 91 -99 -38 42 -89 13 -46 -68 -20 52 21 63 -77 -70 24 -77 -17 79 -38 -25 -30 
-90 -52 -84 -10 8 83 53 6 -67 71 46 69 -86 39 48 17 57 -17 -14 -19 9 25 -71 -80 -57 92 -43 80 89 -99 95 -13 55 -48 4 29 -8 85 16 59 16 38 45 -92 -46 -2 47 -52 61 -96 -69 -11 4 74 -11 -40 98 81 73 -87 -87 -22 -48 8 97 -56 99 99 -24 24 -49 61 18 -84 16 87 -12 -87 -77 48 66 -68 31 5 52 20 -47 -90 -81 34 -86 -3 -72 -76 84 -22 19 -5 38 -77 -54 8 -4 34 -96 -90 99 -82 
11 -39 85 -56 65 45 -66 84 38 48 -68 38 -74 -23 -99 -86 15 -26 28 -9 -14 34 97 4 23 -15 67 -39 59 -72 62 73 -14 40 35 7 -15 -5 -24 48 74 89 53 66 18 58 25 42 -97 48 82 65 -96 42 40 -61 -46 96 11 16 -9 91 -61 -38 -95 -85 -76 -93 4 11 -23 -8 -98 -18 36 -65 -3 -29 39 59 -14 -27 33 -64 31 8 -29 5 70 38 -5 -38 47 -66 -89 -24 -93 -17 8 -48 -18 50 4 33 90 -64 -35 -97 
78 59 -67 69 13 -75 67 -52 -88 96 -30 -61 -59 43 79 5 -90 1 -57 -5 16 48 80 -78 -12 38 32 42 71 87 -47 95 -72 -64 -44 -45 63 -78 8 92 -21 11 -27 82 47 13 59 5 3 24 73 -53 30 -79 54 37 -56 74 -88 -18 -17 -88 -99 -9 51 -99 1 -100 30 -28 81 -55 18 42 -47 -36 48 -74 73 43 40 0 -17 -6 95 43 81 -85 62 60 56 81 0 91 -89 25 44 -31 -96 -61 -94 -73 -92 -71 -1 -3 85 -91 
-83 -2 4 -96 17 -42 -98 60 -35 67 61 -24 86 52 100 -56 53 66 -15 7 55 35 -91 -26 71 -47 73 -13 -70 -88 6 -12 -18 -38 52 54 65 -92 -79 88 -45 -81 40 -73 92 34 -40 20 -96 -45 29 14 10 -86 89 77 65 89 -28 -99 22 8 27 -80 67 -93 -90 92 39 -4 86 -56 -69 -82 3 38 93 58 -39 44 63 -35 -1 -42 -10 17 -22 51 89 29 88 -74 18 66 -26 97 96 -67 -51 41 -92 31 71 94 31 28 97 -41 
94 -80 -59 37 -9 -49 47 -37 80 -7 -75 81 34 -47 -6 57 48 3 -68 -13 56 62 16 -82 48 -25 -30 79 -11 -90 -43 -22 1 -61 1 -11 61 -67 -44 73 13 -94 99 -10 -77 -87 -18 65 41 74 83 -78 62 -30 80 -54 -77 -97 -83 17 34 -32 -38 -84 40 78 18 -11 -94 51 -21 -79 99 -51 54 41 96 -69 21 19 59 -92 -25 65 33 -72 54 29 75 -81 73 -50 36 35 -12 59 -27 -84 -95 94 61 -63 -79 -63 81 14 75 85 
-93 -2 42 34 -52 83 -98 -55 -79 4 -93 -16 1 99 100 -82 -14 -43 -62 81 22 -33 -60 92 -48 22 -83 -6 32 64 57 -38 -93 -73 -48 -19 -100 78 -36 -52 -91 27 53 39 37 91 -56 24 -83 -78 38 60 97 47 80 60 -70 -98 -45 -88 -55 -84 -73 -95 -3 31 21 50 -9 71 74 54 -56 73 -75 22 -65 91 -38 -16 62 23 -63 -21 24 26 53 57 -48 -1 1 -46 92 17 -100 -76 -42 25 5 60 -29 63 5 -14 3 47 41 -72 
38 -79 47 -30 -2 82 -14 67 -13 52 -10 73 -2 77 -89 57 -20 33 -83 -86 -41 20 86 72 92 -15 94 -84 -56 -54 -55 -70 54 -61 56 71 36 -52 -29 -22 11 93 -26 49 -6 -48 -47 73 38 28 -18 -8 40 43 97 -40 -74 100 -86 -33 -67 22 -70 3 -72 -5 -59 -86 -6 -39 -83 -86 9 -48 -70 64 21 65 6 1 95 15 -29 40 68 -64 -27 -78 29 76 -80 75 64 63 58 1 -37 -24 18 -50 -95 -13 -46 -66 -20 -92 -9 94 
24 -67 -76 60 81 45 45 -52 76 -53 -69 7 -7 -95 58 57 -9 81 43 -95 -18 47 96 -7 -27 65 52 46 -91 -79 -56 27 -39 -74 -64 7 -68 -48 -73 55 68 -12 -82 79 -61 -98 -63 -14 72 25 -56 66 51 19 -2 -74 9 87 -87 56 75 19 -41 -90 -94 -27 49 -36 10 -41 48 84 14 85 55 41 -45 88 40 -41 11 93 -84 55 84 27 -6 -29 62 31 -9 -68 10 -5 -46 -97 32 -20 -69 70 72 -70 41 -70 2 -95 84 -85 
72 -99 23 -61 16 -37 -38 37 -93 30 10 60 -72 27 -88 33 61 45 74 3 -98 44 -81 96 20 75 -92 1 -13 -82 -79 16 86 66 12 -71 11 89 -90 -67 -80 -31 17 77 16 -22 73 -47 64 -50 -30 83 49 -29 -58 -7 -12 -38 -50 95 46 35 60 -26 -86 12 95 -73 -1 54 33 -93 -51 -99 88 -44 -20 -34 -6 -24 60 14 -56 7 50 -63 -34 98 -90 -14 -54 83 -24 -69 71 -28 57 -40 97 -93 -54 91 -65 98 -48 -66 -68 -56 
59 11 -58 -52 -24 90 39 -97 98 -90 66 20 -17 28 -38 -99 7 -50 20 -75 -22 20 -39 86 -94 12 -52 13 -28 48 -41 -81 40 9 75 -36 5 5 -61 9 -85 -44 -44 89 -4 -71 52 19 96 -58 -80 -87 -46 85 -37 -40 70 53 84 -58 33 -95 -1 -27 73 -12 32 -83 -62 -7 -75 29 -35 16 14 -18 73 22 -10 -27 -59 23 -49 -86 92 -94 79 39 -97 33 90 57 -4 -91 25 -92 65 -23 63 63 54 55 -62 20 -46 60 -2 -83 
-79 42 -99 97 85 -16 18 -2 55 58 80 -62 63 67 -20 -62 95 -3 -25 -58 65 -48 54 47 66 -66 -8 81 -20 -83 60 -88 41 -25 12 43 74 -93 79 5 16 72 37 -85 44 56 -95 49 39 -80 -37 -78 -63 -54 80 99 61 28 51 -80 82 32 13 27 50 27 -47 9 63 43 56 98 -31 -74 -90 -61 67 -76 96 22 -2 83 54 1 80 76 -40 -11 -40 51 -98 36 -31 33 33 10 -94 -26 39 -36 -14 -65 19 -58 65 6 -63 21 
-62 87 -46 -49 -2 -9 -22 81 -84 -3 48 100 -83 -6 -4 10 -38 3 -80 -67 -41 93 -7 -34 -99 -89 -98 -89 -2 0 -1 97 45 5 -33 100 48 -71 1 5 45 65 -40 10 30 -16 -24 30 69 95 -60 31 -6 8 98 -63 -81 -75 41 -26 87 -15 53 -78 -13 34 11 99 36 95 -18 -22 4 -73 -5 -4 52 81 38 -30 56 95 -20 17 -53 42 46 -22 -48 -96 -8 -54 41 -55 37 63 36 -93 35 -27 -93 48 -47 -22 -44 26 100 46 
15 83 67 87 14 -2 -65 79 -72 -87 -33 42 -64 -92 31 -62 -82 -28 35 50 -73 56 83 -36 96 31 20 98 73 -74 -38 35 -7 -80 -50 -56 27 17 4 -26 4 38 0 -56 -9 38 -25 -92 -18 -99 -82 25 -64 65 94 14 48 -48 -11 81 -55 -47 59 74 89 -42 -60 -6 -29 8 67 21 -62 44 93 86 -59 56 34 11 40 35 45 -40 -62 -78 40 55 58 87 -79 -15 -45 -38 -70 57 -1 27 73 -21 -78 -68 74 86 48 -80 47 8 
76 -37 40 10 -69 97 42 -36 -9 52 100 -39 85 86 4 42 49 65 -95 93 -89 -31 -67 -96 49 79 20 8 64 95 -53 -86 -28 80 -51 -79 -50 -27 -62 -43 -37 -15 8 6 -70 -82 -94 39 48 -18 -40 -68 -13 -77 97 -27 4 31 73 39 64 38 -23 -27 12 30 35 35 22 38 -67 41 -13 -30 -2 77 51 6 -100 4 -59 62 -33 24 1 55 -98 -8 61 88 40 5 44 -7 -83 85 52 92 -62 -85 0 -90 -83 81 -9 -82 22 48 
35 -54 62 11 77 71 40 -81 42 88 -97 94 46 -76 87 28 73 -55 -57 34 -62 42 15 69 32 -46 76 -63 24 90 -43 64 61 -18 40 -19 -17 98 60 63 62 -17 -95 25 -92 26 53 91 -5 2 93 0 43 71 47 -48 40 99 97 56 -49 12 -5 -73 16 7 15 -84 -22 -18 -1 -29 -23 59 72 -45 48 41 -93 -3 45 65 -13 62 -34 90 41 -7 64 59 57 60 90 -53 17 50 54 -89 -41 74 -22 7 33 53 -17 -82 -69 47 
-29 -37 -42 -80 -27 -22 -77 -46 30 -46 93 99 -19 -70 74 2 23 34 99 50 57 23 94 16 -70 -31 85 -84 -91 58 -9 -95 -91 -8 -97 13 -16 52 -28 -33 -64 90 46 -16 82 72 -77 -38 98 23 52 -24 -11 -13 -52 -92 -51 -48 -25 68 44 94 -98 27 -87 -90 -21 42 31 9 -61 100 -45 27 9 -64 -32 -30 25 -37 -46 -96 -99 -28 -41 82 21 48 70 89 -5 98 97 14 92 34 11 98 -94 40 -75 79 -63 -41 -60 -12 -34 -11 
-34 51 53 -77 37 63 92 -90 -38 38 -13 26 18 23 35 57 -70 0 -68 63 45 -95 78 34 -50 -8 78 -89 67 -64 -45 43 -89 -1 -50 -63 -7 -20 -70 74 -11 -71 50 -69 -58 10 87 73 -12 68 -63 -71 16 76 3 -69 94 -66 -44 -73 49 -26 -20 97 85 -55 34 89 41 21 -89 60 21 -23 54 41 -45 -87 52 -48 -77 87 98 56 61 -39 81 100 -71 46 78 79 30 -41 92 -29 -63 -90 -60 83 -13 53 33 25 -72 74 86 -17 
-57 43 -71 -71 -59 69 80 -85 33 96 44 85 -78 -20 11 -17 5 61 -40 -63 14 2 -87 27 59 66 78 -95 -39 13 -15 12 87 -56 50 91 -13 74 27 46 -27 17 20 31 34 -33 38 -52 -94 -11 10 -49 50 -18 -2 -77 -65 10 58 -73 -3 -98 -60 -12 -1 -28 -10 60 93 -50 22 83 -19 36 66 1 91 21 -17 -37 34 -31 93 32 -15 36 55 -99 -54 -3 9 -5 -80 24 -96 -28 -31 15 93 -5 78 29 -5 3 -78 -90 82 -23 
-35 -88 85 -62 89 81 -18 -100 97 3 -64 -22 15 -92 100 -86 -74 -32 36 38 27 -41 60 -97 -51 60 51 46 39 -86 -75 -78 -85 87 -1 97 -44 -60 -99 62 38 67 -99 46 -31 24 1 50 -60 41 -86 77 -31 1 4 -81 15 -49 -63 -61 -6 -87 -76 78 84 -64 -54 60 98 10 -29 47 -90 62 18 95 56 58 -46 -88 -38 73 32 36 96 -100 16 -56 -63 52 81 -43 -72 -20 -11 65 11 30 93 84 -25 -58 44 -1 84 -30 -85 60 
-87 7 63 33 -10 -97 50 -97 14 79 -51 -93 -90 79 69 -71 -58 -76 56 15 -48 -9 -42 98 1 47 4 -35 3 -94 27 -51 96 70 -19 68 -41 -21 100 9 55 59 75 -20 -32 97 -1 -65 87 7 98 -27 63 -17 -18 -15 65 52 10 -5 -62 82 -79 -39 64 14 -84 32 6 13 87 32 0 54 -18 -35 -84 44 -80 95 -62 -77 -34 -33 -15 -3 -95 17 -17 -66 51 -23 -22 -47 41 -39 27 72 -12 -21 6 -27 -19 -21 -73 -7 22 94 
58 49 -7 -100 33 65 35 -58 -94 -66 -96 31 28 -56 -11 -8 61 19 11 -40 -57 86 53 -52 -64 -36 77 66 -86 2 -57 -11 -22 -97 90 96 24 48 37 34 64 -39 1 -35 33 -57 77 -43 0 -28 -30 61 76 -25 24 -44 4 51 -15 60 -90 -37 2 45 24 26 72 35 -42 88 -94 38 -24 100 68 82 17 46 -49 -18 -44 -28 65 86 -38 63 -35 11 -43 25 -64 36 67 -68 87 -84 55 26 -2 48 -75 70 -98 70 66 77 61 49 
46 -27 54 -87 34 72 11 -66 81 13 -20 -77 9 56 20 -2 90 40 62 -78 28 -91 62 89 -29 -79 -6 -12 64 80 -44 -90 12 -51 -16 95 -7 -52 -68 27 36 -67 -76 -63 -6 -61 -6 -100 -60 -54 11 27 4 41 64 -65 -14 93 27 33 52 -35 50 -83 -13 27 75 -33 -15 6 55 -84 -12 40 -90 -98 -13 85 68 -6 21 30 69 8 -6 -6 -92 -85 -92 20 -97 -8 -13 -87 67 -57 -86 93 98 -18 -14 -23 -70 92 57 -18 -65 72 
57 -62 11 -31 99 28 -4 -30 -79 -47 -10 -2 6 10 -8 -61 -82 48 -13 -88 11 49 -5 55 -30 91 70 4 -90 -63 9 -6 -19 -45 -63 -76 -33 64 36 100 -19 -39 -4 56 -89 8 94 -68 -23 47 83 64 57 -5 -8 -21 -21 92 100 76 86 9 -56 -77 -7 -90 8 33 5 -71 -80 96 3 -85 10 31 -2 24 -100 43 66 -31 12 26 3 -35 -72 38 29 81 33 85 95 95 5 -70 95 -60 19 -18 55 45 -93 -94 -76 -91 -77 -7 
-43 59 3 100 71 21 -18 79 66 17 83 18 57 -45 -82 40 -97 60 65 27 47 44 53 -40 13 -69 -30 44 -40 -79 -1 87 58 -21 -60 -40 70 -12 69 75 31 44 55 -74 15 -88 -11 -83 -43 -65 19 89 -20 -96 61 73 -14 60 -40 96 -18 0 47 68 -38 -14 -49 41 -31 64 98 49 -1 69 -6 -42 -95 13 -54 52 24 -85 63 6 -18 -79 -36 51 -44 -40 27 -38 -47 51 -3 98 -15 -97 -36 28 -74 81 46 35 1 70 -8 -85 
-55 54 5 -68 81 -75 74 15 49 -88 -57 36 68 58 65 7 54 11 86 4 -62 -61 43 -45 -38 100 -11 76 35 -59 12 31 -56 -100 -94 48 -29 -1 54 62 -28 -69 -72 11 -87 -81 -42 69 -66 -66 93 -36 -17 -27 21 53 2 50 -67 -63 -12 -23 -66 -66 -98 27 2 48 65 75 -70 60 -65 -53 -11 62 -97 -68 -88 -16 98 60 37 -99 69 22 38 -36 58 71 33 13 -72 -3 -53 38 16 17 -98 46 18 42 68 -38 -55 44 25 80 
-74 -18 -73 88 -93 83 -77 49 -38 -25 -85 39 96 -91 43 34 73 -57 45 -97 -36 -21 95 41 3 -35 -19 34 -22 36 57 -62 -5 25 56 -42 30 80 -46 34 92 -87 89 -62 31 20 18 26 -67 71 -82 28 94 59 83 78 -13 10 -81 -4 -100 45 16 26 -16 -52 10 95 97 69 35 80 54 93 -30 71 -29 -82 -16 13 89 53 17 15 37 -71 -12 32 -36 -15 47 -37 15 50 27 -5 57 85 0 100 -36 -29 -7 -81 1 -87 -70 38 
81 86 12 -77 -20 88 90 -84 -61 -82 -25 81 64 -51 -55 -51 -23 40 2 -92 23 61 -26 -75 26 29 -98 31 -8 -47 1 -39 94 34 -37 -61 35 -36 -52 11 -49 70 43 40 -65 79 56 72 85 -49 -27 20 -54 -56 -73 -64 -17 -48 -90 43 58 90 -5 17 -100 63 -65 0 -31 36 23 88 91 -60 -18 -46 -75 -9 -46 -22 -57 6 -66 -11 33 88 29 -8 -85 81 70 -52 -96 -69 7 7 81 29 -16 0 55 -54 -77 38 -77 -69 53 -62 
31 -49 62 -38 -52 -81 18 85 -95 58 62 -21 59 31 33 -2 60 41 24 36 -38 -32 -7 39 -70 -36 -52 40 0 -100 -16 -72 81 14 -15 8 -53 -24 93 -29 79 -82 -24 74 -63 45 -58 49 -32 -32 72 68 21 66 18 16 69 25 -41 4 -74 -36 -18 -17 -89 1 46 -80 -83 -27 85 -18 58 -52 -87 -44 -56 86 -12 -60 -20 -77 61 -55 13 81 -20 -72 38 78 -12 61 34 84 -85 44 -37 -73 35 88 -25 -30 26 88 88 -86 84 -48 
37 81 54 -71 -22 -91 -21 42 -53 34 -14 64 25 42 70 -95 27 -23 65 -3 -81 -52 -35 -23 -3 -83 -75 30 81 73 76 22 -78 -90 43 -49 64 -56 -63 20 35 -69 -58 42 -5 -41 -100 50 -56 35 42 -6 59 62 41 -41 -24 -9 8 16 43 -69 13 -71 62 94 33 38 -80 47 92 22 31 -42 -51 -92 15 24 32 10 -66 93 22 -79 -30 -66 25 80 41 99 -54 28 -22 93 -60 -35 68 -29 -40 -85 91 -44 88 19 59 -86 96 -75 
22 42 -19 17 -3 -32 56 -18 68 -26 81 90 52 -56 -5 -11 94 -2 -35 -10 60 -10 -59 6 -77 73 33 -3 -24 -91 -31 58 -5 -79 -74 8 53 -41 34 77 -36 34 5 -15 20 -29 14 42 26 14 -29 89 26 -25 15 62 97 -75 69 95 60 -93 -78 -41 21 -48 29 86 61 40 37 -61 55 -39 35 11 51 4 -40 -64 -23 63 38 39 -17 59 -77 47 54 7 97 -21 -4 -21 -33 -86 24 -48 -70 69 -34 -16 -67 -16 3 77 3 8 
54 -24 7 -15 20 -61 40 -3 98 0 -29 62 62 -97 40 -75 -60 -46 11 16 -67 -88 77 55 -90 -69 -33 1 -57 46 -42 -67 35 3 83 -80 -95 -7 -7 -56 -43 -44 14 61 90 23 59 -15 28 76 68 55 15 -41 -23 71 61 25 49 59 -24 85 -59 80 1 -63 90 73 46 -26 -69 50 94 44 -23 52 56 73 -39 -95 -52 -39 25 44 -67 57 30 38 -3 100 -82 8 -16 60 69 57 -51 -19 -5 99 6 53 89 -3 -34 -43 61 -42 
96 -4 3 -14 -19 69 29 11 -5 85 -18 82 31 89 -72 52 100 68 -69 77 16 -85 45 84 -46 -94 -48 -26 -57 -75 -34 3 -50 43 -1 95 93 57 23 11 -90 -45 19 97 -77 33 -58 -97 -71 -93 94 57 -90 -3 -46 -59 -65 25 74 -19 43 70 64 47 -31 10 -40 13 -63 -41 7 20 34 -98 23 60 -65 51 56 17 -17 -12 57 -90 15 73 -78 38 2 -11 -94 -7 -27 -44 78 66 43 -36 -100 40 80 57 0 -50 33 61 70 0 
-66 -76 -71 6 -30 -25 32 77 7 1 18 -86 -48 -41 -6 -98 -20 5 -83 71 -58 -23 -87 84 14 4 -78 -17 -73 -84 40 65 72 -15 -55 -17 91 27 -37 -29 60 56 -4 -67 4 -5 86 -40 95 26 79 20 91 -95 -28 -50 58 -44 -17 86 62 -97 76 92 76 12 -20 -11 -8 14 -24 -16 59 -27 83 -27 -2 -71 60 -58 -56 24 -73 74 -53 -78 -45 -69 42 56 -13 90 -52 67 -6 30 -90 100 42 -9 80 -72 64 47 47 89 87 -53 
