93 89 100 27 -16 -16 -24 100 62 -42 -60 82 -10 -96 -95 80 78 38 68 -59 -86 -27 54 61 5 -15 71 99 -80 81 56 -74 77 -59 -9 -59 -63 -76 77 78 88 97 -6 -80 59 48 97 -58 -51 -83 66 -88 -68 81 -17 -36 45 -84 -32 -10 -52 -17 -24 -72 -70 -63 38 -82 10 -16 12 80 -98 -14 55 9 96 -42 -9 -38 -92 -90 10 -68 -37 -50 -20 60 87 -32 -49 81 -14 -35 5 32 71 
-44 85 83 -53 -33 15 -80 -71 71 95 81 -35 -14 35 -20 94 31 5 17 47 -80 -74 8 -3 -2 51 -26 22 2 64 64 43 63 61 15 62 -12 0 -16 -20 -93 13 10 82 57 -19 80 -3 85 47 88 -67 -5 8 -74 85 -94 -43 -21 -75 -91 -54 36 -24 55 -43 3 -38 25 -1 95 -54 -68 42 60 5 85 10 54 -29 20 81 20 81 46 -4 40 -62 36 -25 52 -45 42 43 -67 79 85 
26 -12 41 23 -30 25 9 37 -31 41 -59 -88 97 69 -99 -29 -19 59 70 -8 60 57 -52 91 81 34 26 34 -26 57 62 66 88 -40 -43 -97 85 -78 52 54 -74 20 -44 -54 -55 -2 8 94 -48 90 79 35 -26 -51 95 32 37 33 50 42 66 -52 -86 -48 -49 -40 -73 -12 -52 26 -88 -45 -5 85 32 -26 -78 -53 67 32 15 -71 80 78 60 -90 -66 -54 -37 83 45 -66 70 -67 39 52 -58 
-84 -92 66 39 -9 80 -98 -62 11 1 -71 14 -97 -39 90 49 -83 -67 0 27 6 97 -23 -40 -30 -80 -61 34 31 -51 4 57 -55 -7 -21 -70 -40 -78 -34 -12 -57 -34 26 23 83 -10 32 -17 30 -34 -86 93 71 -27 94 96 -20 -81 -20 63 -16 82 -37 -100 35 92 -92 43 98 -29 97 15 -32 99 56 41 -61 -83 -66 -14 -8 -59 26 2 -20 29 -36 -68 97 42 -25 34 -29 58 -25 -27 94 
78 -84 65 -99 86 -89 -48 4 22 -53 -30 33 -71 15 52 65 -88 -71 -20 -74 45 18 35 -7 -16 -24 100 19 -86 16 -14 -19 30 -50 62 -97 14 -16 49 35 75 -70 59 52 -71 68 43 30 -76 -45 82 -78 -14 -36 -98 -36 99 64 43 -96 -53 -21 10 -47 75 96 51 80 -9 -99 32 -89 62 -67 -10 -54 -10 -25 -77 0 -61 -42 -30 -45 12 -3 87 -99 -84 41 28 15 55 -33 -28 -9 -76 
91 -82 -48 -60 -29 -50 93 26 -35 -13 -31 -11 -75 -47 -79 -33 49 -98 66 -59 12 -60 -92 4 -73 -60 -11 -3 -7 -19 94 81 -4 48 -42 -50 -49 18 -44 -83 -63 -33 74 64 55 -87 -39 -32 66 35 31 26 -1 43 13 25 98 -61 -36 -80 -32 43 0 23 -82 89 -2 4 -27 91 -48 30 -25 65 21 42 45 57 -17 60 -47 -12 -24 77 7 62 -84 31 -64 85 10 -15 -85 -44 36 10 49 
46 17 97 40 -45 -78 -18 -89 -94 -57 -63 -2 -21 2 49 15 86 -68 89 -65 -61 91 -33 -80 32 20 5 -84 12 31 -27 -6 1 99 48 -27 -64 12 73 78 99 70 -70 20 16 36 61 82 45 77 81 82 -86 13 2 24 55 -18 0 77 -92 59 -32 -22 55 -96 47 -76 -77 -50 -79 21 70 100 8 70 68 28 -98 5 47 -27 27 85 -80 44 70 -98 -72 15 -43 -70 -81 54 22 38 54 
-29 53 95 -86 24 90 -84 -73 1 89 -23 -58 27 17 8 -39 -68 54 -32 21 2 44 49 -50 -24 -100 65 89 1 -12 39 94 -2 72 -34 -25 -89 40 -83 -85 -51 13 31 27 82 72 21 -58 -10 31 -78 17 -74 15 28 9 41 78 81 -29 -3 40 -67 95 6 38 -64 -24 -28 -34 87 44 -13 -93 -85 35 -16 96 -31 -66 -59 -75 -7 -56 83 57 32 -96 52 -55 -30 -99 88 32 35 -91 74 
-20 75 35 -58 -82 -77 -96 81 76 -61 74 -53 -61 -3 100 -56 -46 -38 -8 -41 -10 65 7 -63 80 38 -42 -71 47 43 -40 49 29 20 35 73 99 25 79 99 -44 -100 -13 -35 87 91 -50 93 -9 -25 -91 -87 91 1 -86 -45 82 -68 -47 17 -96 -68 -7 -56 -31 10 -38 96 -99 -19 66 82 58 -4 79 -37 -50 41 59 87 -71 16 -10 -51 45 66 -34 97 57 77 -24 -50 11 36 -72 -4 -15 
-52 57 -29 74 18 3 39 -82 76 48 -19 -94 9 -79 91 2 87 38 -2 41 47 -20 76 46 -94 54 5 23 -52 16 -88 -65 49 -69 -45 -84 -37 26 32 80 21 65 97 62 70 -1 -17 -7 -36 59 -16 -81 78 -86 -75 -81 -47 -84 -6 48 25 88 -58 -60 28 68 66 -91 67 -60 -62 45 40 -99 -71 22 71 4 87 -77 -68 96 36 -100 44 -50 -77 -68 -59 86 95 9 -54 25 -77 -10 14 
67 -46 82 -7 -94 -49 49 77 12 -67 86 -88 -73 -98 20 -67 74 -14 -75 -79 -58 -71 89 81 63 47 -2 27 -39 4 60 8 28 86 -51 -34 33 -91 -39 -17 -43 -17 86 39 -44 -80 -95 -63 3 -26 26 83 -55 -44 -34 -83 37 -17 -61 -55 57 46 3 15 -7 -34 -53 -14 73 -88 53 64 -17 79 12 67 -73 23 28 -7 -68 73 -1 -68 -97 -53 -96 -68 3 -75 -51 -31 -47 -54 -99 -79 59 
35 -67 99 87 -84 43 -70 1 5 -71 8 78 -69 -88 -7 -40 -70 -80 -34 77 -15 -54 51 92 -45 -48 -58 5 0 94 -1 3 -47 37 41 -45 -34 65 77 5 17 32 31 74 40 93 13 -94 -16 8 -44 69 -40 -51 95 -94 66 87 74 44 74 -100 -1 40 -52 -78 86 64 -44 54 -89 -40 64 80 84 48 -19 -80 24 -71 -70 -77 -88 -58 -75 -4 3 86 -23 -73 42 -92 -85 45 -27 79 -25 
7 -93 -73 30 62 -81 64 45 32 85 -45 -53 65 -22 11 -73 -74 18 -53 52 -72 -11 -93 -17 45 44 16 -11 -94 90 -33 -91 -14 -93 48 -98 93 27 -17 64 19 -68 -63 81 22 -88 36 1 -36 83 -77 -26 77 -35 28 14 24 -40 97 87 74 76 34 20 66 53 -99 33 -44 -62 -33 52 44 42 64 -26 -81 78 -17 -23 19 -58 23 -61 17 -43 58 33 -71 -81 22 60 37 -3 -29 -23 3 
79 -86 11 -94 -62 -21 44 33 84 -77 40 94 87 -76 -23 -18 -45 54 93 68 41 -73 -55 -24 28 -53 45 -32 -78 63 -17 5 53 76 -63 37 10 -37 76 -88 -38 -5 38 -53 91 -28 37 -8 -51 95 16 -31 6 87 92 -5 91 -64 93 47 -77 -100 87 29 46 71 88 -86 -33 -81 82 -5 -5 22 -25 -17 -30 38 28 53 -24 -62 4 -46 52 90 -96 -42 -37 14 47 -71 58 4 24 49 -67 
-87 -95 -77 -47 -76 -86 -78 -24 10 -42 -77 -99 -6 -81 4 -99 40 98 91 62 75 49 -57 -23 -52 -18 55 -15 -34 -3 -81 -15 -50 -75 -8 -95 53 -86 84 -9 34 26 -52 46 -56 -15 84 -36 -96 50 29 52 70 76 60 -93 55 -74 92 22 16 -29 -94 -11 11 -9 86 40 -5 -98 39 -29 63 -70 -71 -89 -52 -10 -64 -33 31 98 16 100 94 -90 72 -85 -65 -38 -66 28 47 64 19 24 -23 
-10 -26 40 -68 -29 -48 49 48 -56 69 82 -55 43 -35 -18 -8 -32 9 -98 41 -47 22 71 34 -2 -67 79 67 -49 98 2 -1 39 -25 -71 49 -1 -92 -57 -18 71 -55 -76 -52 62 81 -3 19 -4 12 -34 -97 -85 -48 14 88 -26 -81 -81 -37 -32 -85 19 -13 -18 -36 -62 -92 16 -39 -42 13 83 -89 -35 77 14 -11 -31 26 -30 -40 15 28 67 87 40 -21 -63 20 -43 -14 74 81 75 -58 -4 
-86 -41 -38 -62 -21 -45 32 11 -4 -60 61 15 -14 67 -18 -62 81 36 -86 66 -48 -80 -51 97 -81 -11 -44 -40 1 47 -34 4 57 -53 -22 58 77 -11 -82 -41 -36 61 38 3 -21 33 -63 -5 41 100 46 -90 -39 52 -47 -40 51 56 -24 -20 -51 35 -90 91 -43 52 46 95 27 -33 13 70 -31 63 63 75 -27 22 31 32 -16 61 13 14 -14 95 -77 87 47 43 -68 -36 -2 -89 50 -11 -72 
-46 -48 -36 28 23 -14 22 -21 65 73 39 32 -88 8 -88 -51 -68 -38 -51 42 -73 -10 -72 -87 56 39 8 93 -60 56 -38 -99 -20 41 -96 91 68 46 73 34 -36 56 47 -98 -3 28 -35 -76 -55 -3 -77 15 -48 89 -13 -40 85 -27 98 -98 -95 81 1 -18 15 83 53 -18 -4 -19 85 81 -64 73 72 20 43 -83 49 41 -21 -45 -28 100 -35 -9 -43 63 -49 13 10 -39 4 5 -79 -79 -100 
-69 -93 -15 78 55 -5 -12 -76 45 -74 -35 -14 25 -65 43 29 -73 79 -79 67 -78 40 71 -2 53 -2 -21 -3 86 -17 13 33 -50 -24 -25 -98 -74 -28 -64 84 82 80 13 91 -38 -81 -44 90 -93 -84 -18 -98 -64 -13 -47 94 -21 -2 52 -20 18 -98 63 91 62 0 -44 10 71 14 50 -83 33 6 -22 39 -96 -11 77 33 38 -32 -15 -65 47 68 100 -52 72 23 82 -37 -42 34 30 -37 -29 
35 -89 19 -14 78 -65 14 -26 41 -48 -2 25 -23 -41 -5 -14 -93 -72 -60 55 22 87 90 69 86 -46 13 50 48 -7 61 -29 93 -33 -54 91 -83 78 25 -78 10 -6 -44 -11 25 -21 -36 -90 -76 -18 -47 32 70 16 41 1 -2 -76 3 13 -17 41 -77 59 -55 -30 28 -39 34 35 99 35 -80 -2 91 75 -28 39 -76 58 100 -64 21 -41 -23 21 -30 -7 53 -45 -57 -64 88 76 -84 -8 -11 
33 73 -94 89 -59 50 32 -22 29 56 63 -90 -46 -6 62 28 32 11 59 20 76 -10 38 -11 -78 -53 91 88 6 67 -47 72 -69 19 -58 93 -85 93 -90 11 80 47 -43 -31 -74 32 -96 -59 57 -22 -7 44 94 20 31 23 -88 -12 83 -6 -5 91 57 77 78 -70 41 -60 14 51 77 72 -7 -4 -95 -92 -48 -18 -7 -26 29 -62 -51 -12 -31 7 -21 83 -5 -59 -14 -62 97 -85 61 71 3 
88 -16 77 3 -68 -79 -5 -87 -19 17 90 -31 86 -100 -57 -7 -3 42 -47 -93 -36 78 -5 85 69 -32 44 -49 -64 21 -80 48 75 97 -85 -82 87 12 87 43 -29 83 -83 -19 81 4 53 -90 79 -44 -80 99 -51 -100 -23 -74 36 -67 -22 17 17 5 -100 25 58 -72 -70 -2 -24 31 65 -15 -11 74 -49 25 72 -40 71 -93 -19 53 23 30 29 -88 -58 -74 -83 17 -58 64 -69 -5 -65 90 -44 
20 4 -4 -78 31 84 -60 5 -91 80 -31 -14 64 36 -90 -91 18 -23 -4 25 -99 -60 97 -57 52 -66 -53 -2 96 -66 75 63 59 -55 73 -77 82 -43 38 2 -45 -18 -44 3 -7 -68 -99 -57 -78 100 -5 50 -79 80 49 -71 -25 -41 -55 97 -59 4 42 51 -23 -82 25 -54 -13 -28 -76 -81 -29 -10 11 -87 50 -62 -42 36 26 94 -79 -80 15 77 63 50 62 -92 86 41 2 -99 -60 85 -3 
40 -25 88 96 -54 -69 -88 -94 91 57 55 -30 -1 54 45 -59 22 -62 -93 38 -66 -63 -59 53 84 24 76 35 -79 -13 64 44 84 14 -43 24 72 1 -94 50 79 0 29 -4 78 -47 -57 97 94 63 -21 74 -94 21 1 -96 40 -35 74 45 -26 52 -34 -72 7 100 -15 -18 -92 -99 -49 -99 -100 66 -54 56 -30 16 -89 53 43 -81 13 42 31 84 -85 -18 -20 -59 -75 -68 -9 67 -10 -2 37 
53 -49 10 17 -12 73 77 -51 -53 -4 -94 -94 -9 -87 19 -32 -45 -43 -54 -91 10 -62 30 67 -75 64 0 28 33 -74 33 21 -31 -15 61 -64 1 -15 -82 48 -84 98 -1 -89 77 -51 29 66 -21 -36 -26 96 -67 38 31 -29 -94 -23 -45 41 -39 -60 40 94 22 87 50 -6 26 87 89 36 97 81 -19 -97 -38 -52 -44 71 -42 24 -21 34 -6 56 45 -38 48 -21 -38 62 56 -62 76 58 -71 
73 50 -73 80 24 31 -9 37 92 93 53 -62 82 -49 94 -58 12 64 -88 -59 -71 -14 -83 62 97 -60 98 -22 -23 16 24 -80 96 -52 -77 4 42 97 -89 -39 78 -53 -23 0 -84 60 -30 -55 93 -97 -92 52 19 27 -73 8 -83 -79 -72 64 -73 -84 -24 7 26 -41 77 -53 91 -93 29 62 -48 -60 48 -48 45 12 43 47 88 -36 -49 95 66 -6 23 -83 -32 -57 27 -43 -86 -46 -11 5 70 
-61 -84 44 -16 -81 26 18 89 -36 -18 61 50 99 -82 62 -51 -42 -73 -78 -61 -8 -54 -65 90 7 -69 -42 -25 -24 -82 -77 -2 57 92 36 -96 29 -58 62 85 36 -2 68 98 -34 -42 74 -55 5 -97 -8 -81 65 96 -10 40 -35 -67 -16 -19 -85 48 89 -96 -24 -62 97 4 -69 88 15 70 -15 100 -7 65 50 -70 87 -98 69 42 -26 21 -63 6 -14 65 35 -73 -59 -63 -78 -89 87 -73 -14 
-47 84 -28 66 -16 31 75 7 84 48 94 -85 -92 -55 -38 -93 -69 -60 51 -58 -30 62 -26 32 -29 69 94 -93 66 -97 -45 -10 -13 -94 -19 -32 22 46 93 -75 24 91 84 3 -23 15 -7 -55 16 -69 60 85 -23 83 90 -22 3 -71 76 -42 42 75 41 -47 59 72 2 -39 -8 43 -43 21 19 42 -39 -20 -71 89 -89 -43 -70 64 -77 32 -99 95 -86 -8 76 37 93 9 45 -71 -97 2 33 
35 -97 97 85 30 10 -40 -76 42 -70 28 -14 98 -34 -16 -8 -40 -33 96 -41 10 5 41 99 -29 51 -66 -64 -50 -65 78 -86 35 -33 -11 -90 14 -62 -46 -97 -29 57 55 -13 4 -68 -53 50 72 25 43 10 12 -29 78 46 -68 -2 6 -39 29 96 -97 17 40 89 52 42 -92 -57 -88 55 54 82 46 16 -7 -44 47 28 21 92 -8 83 -20 -14 -2 -89 33 -21 13 9 29 -37 99 -59 -30 
-58 -32 -26 27 -63 21 -97 -67 17 -33 -1 -49 -73 -79 87 42 54 -55 95 94 -39 23 -1 -19 65 96 -32 0 28 -100 -26 -69 -72 -23 59 -44 -26 -77 -65 29 28 78 -72 -12 -15 32 81 84 18 -4 85 3 91 -99 -5 97 48 1 68 -44 34 99 3 -23 -3 35 -45 25 -8 69 30 -90 -16 94 72 -51 -37 49 28 17 67 -65 58 -23 11 -52 32 72 61 46 59 89 -37 -86 53 81 -13 
-11 -96 -52 58 72 44 -90 -41 96 88 -78 18 -22 -29 53 16 75 -67 -76 20 -9 -17 -32 52 -3 35 57 27 93 83 90 4 36 24 64 -33 -18 -10 47 42 -97 -51 -68 -62 -62 66 -90 91 18 -53 -20 76 9 -52 47 -49 -79 44 -38 41 100 8 -63 63 -62 -83 97 -9 -35 70 40 -50 -63 59 82 93 67 96 -44 10 3 26 77 43 76 21 -2 81 93 82 92 -87 71 -68 88 -42 -73 
-84 -29 85 51 -52 35 57 -2 -76 -24 60 35 22 -20 -59 43 100 -74 73 1 -4 -51 -47 73 -11 -48 14 24 -46 -23 -34 55 -70 -56 44 36 -70 22 63 85 29 52 -53 44 59 -52 58 37 94 88 -67 -29 -90 18 29 46 -30 24 -48 13 -68 -91 -40 -8 -24 -17 -36 3 94 14 39 25 11 -19 -65 -31 33 53 -84 -80 58 91 69 86 -31 47 -5 -66 -33 1 43 -42 -71 87 12 82 18 
-26 57 3 51 61 -89 4 -13 85 72 -100 -33 -28 93 -50 -29 5 15 2 -87 86 -88 -90 -88 -98 -18 -41 -90 36 -39 -84 94 -77 71 96 33 86 67 -3 -69 69 -22 -31 51 82 86 -73 -59 5 -12 -30 -32 -48 -62 40 -74 76 51 84 -78 -15 -36 -10 42 31 -98 51 52 49 97 -48 62 75 17 22 -66 -65 27 -65 -25 36 30 71 79 44 51 29 46 -42 -63 96 -73 -23 -83 75 20 14 
86 -80 -70 -65 19 -19 -36 -56 -81 -13 4 -59 59 -6 -10 25 31 5 31 -30 -32 -55 -41 96 -9 55 14 -10 -45 1 -28 2 51 10 10 -76 36 93 -67 4 16 -14 -54 -48 71 -40 -46 92 -45 -70 66 44 60 93 58 -42 28 53 -81 83 67 -14 -62 -16 -24 -25 76 -27 18 -9 -97 -32 -11 -13 23 7 2 46 -90 9 49 45 16 -56 -55 67 -52 68 -65 -71 -75 9 -44 10 -87 -31 -45 
13 68 93 -76 -83 -57 -4 20 -5 98 41 -94 -6 -13 -97 94 27 -6 -20 -95 -43 37 -25 21 67 13 -97 -97 79 98 -98 94 90 -51 31 -55 99 37 89 -91 -1 24 -16 -71 -94 -63 -35 -5 -33 -45 -72 -38 -68 14 -60 9 64 -60 84 -78 95 46 57 -54 -99 -34 3 -6 -55 -69 -24 -4 47 28 -9 -61 -7 -91 94 71 -97 2 83 -73 25 -24 22 -59 49 89 25 -72 -87 -41 13 -34 74 
-88 -26 7 -43 -74 44 -6 28 -40 53 -6 66 11 53 -29 -94 -80 -40 22 -56 82 64 -44 -39 25 -99 -59 -90 -22 16 -6 -99 36 95 47 -78 -79 -44 -67 86 34 39 42 -49 39 62 98 -38 11 81 64 91 100 94 -60 26 73 56 55 76 -92 87 -30 -81 3 -70 -29 85 10 68 16 -15 -64 26 -43 59 -87 0 3 3 -56 -97 25 52 -97 66 -47 44 -79 -79 -6 -29 62 -55 26 64 -50 
54 43 -62 30 -24 22 -90 -69 -47 -73 -93 22 -63 -56 -57 12 74 -100 45 91 -77 68 -67 76 36 -72 -76 22 91 4 -30 97 74 64 60 62 -35 38 72 -73 69 6 11 70 89 -37 58 9 -51 -35 94 -96 93 -8 -72 -100 56 85 25 -27 96 9 9 -58 79 1 -97 -18 0 81 -62 40 43 -23 -76 40 -62 -77 67 6 -36 -78 -3 -64 -95 -44 30 56 -97 -90 10 -42 -90 -72 3 -71 -27 
-72 -66 -85 97 -2 -69 -31 33 88 -7 -91 41 -31 -42 51 35 49 43 78 7 76 70 76 -28 -20 -45 -51 -24 -54 -59 -66 66 -33 -10 42 45 9 -7 -77 -86 -68 20 77 -6 45 81 17 -45 84 -47 41 77 80 -33 -11 70 20 51 100 -6 -81 69 -20 61 44 -95 51 22 72 -84 -43 54 13 33 -58 30 -65 59 -28 21 62 -25 0 -49 74 62 -20 53 -43 -65 -4 -79 40 75 -24 49 41 
87 55 -54 -55 -2 49 55 50 -83 3 37 21 -68 -96 -42 -10 -38 -61 55 -92 76 51 -85 -4 -83 13 1 -21 53 24 -50 -36 -55 -8 -83 79 -41 -45 -50 63 52 -54 -6 94 -73 -37 27 13 -11 -87 75 90 9 -92 -84 70 -51 -51 -70 3 66 55 6 -35 -34 -1 -41 -61 83 -52 62 64 9 -36 -5 94 91 -47 69 38 70 35 -47 -61 -35 15 96 -87 91 24 67 -81 85 86 -23 63 -47 
-34 -8 70 66 75 -47 -39 -45 -36 -29 68 57 48 -60 30 -54 -43 20 47 -96 15 -45 -29 27 -45 10 52 -82 5 -19 31 -93 10 57 38 2 -43 6 24 -74 95 10 73 -13 61 95 -74 -60 43 -5 32 -68 -88 -96 67 23 48 -17 43 -70 19 -51 38 16 -68 75 -39 -38 9 -15 -87 -64 -78 -66 -76 84 27 -19 72 -78 75 -75 -19 -85 35 -66 -42 -13 -88 84 -58 42 -8 -38 40 42 51 
-51 29 -31 0 -65 -73 -73 -21 -44 30 22 -52 -91 -81 89 -51 -1 -91 -67 49 -95 -34 66 -61 -65 -46 -76 87 58 -61 -77 -89 12 93 -90 -19 -46 54 44 50 -96 20 72 -4 77 55 17 22 -63 -56 -2 -95 2 -80 -2 -30 -40 -12 26 2 24 36 -93 14 11 57 -49 -98 -94 33 -4 -13 79 14 -26 80 -94 -17 -29 28 -81 -27 -78 92 73 -57 7 52 54 -34 -68 -90 53 50 60 89 81 
91 35 -43 64 1 62 19 -34 76 12 -80 -97 -9 -16 -48 -16 77 -47 60 12 50 46 1 22 -75 27 -5 -62 89 58 -82 -79 -62 -22 54 75 -31 -95 21 95 -29 -67 -57 22 73 -6 80 -93 -78 -54 -86 97 73 -22 -96 82 -18 19 -68 31 82 49 -78 3 -1 10 21 -21 91 -46 45 96 51 -74 24 93 32 61 47 -83 -62 14 -23 -41 21 69 -28 17 46 -27 -27 38 56 0 -70 72 -96 
-95 -10 89 19 -15 62 -99 37 38 47 -29 -7 82 -30 78 51 58 7 54 53 9 76 49 -16 -77 83 83 37 -38 20 -10 -30 -91 10 16 1 -34 -2 -96 40 -6 36 42 -61 30 24 61 3 -18 0 -72 -18 51 93 -33 -5 68 -41 -99 40 27 -56 77 41 55 39 -86 60 -87 49 -98 -72 76 25 42 65 9 96 -61 89 -14 -55 29 54 17 41 -86 82 8 22 9 -72 92 71 83 14 -76 
15 80 10 96 -21 -2 -24 -68 12 45 -49 -30 -3 22 14 -65 -41 -94 0 83 -40 43 -22 -30 35 -55 -30 26 20 -42 2 -46 69 2 -31 -37 55 95 -38 4 -45 -43 -44 -6 96 45 73 23 -75 -87 -31 84 37 -83 -17 13 85 -58 -39 36 -52 -84 -78 86 93 -22 -2 69 -42 -11 0 92 1 -17 27 41 -46 22 -45 93 -35 3 -71 -18 -69 -57 -14 30 -49 28 43 42 -6 -17 -18 -3 -86 
-69 38 15 -68 -36 73 23 -3 -5 77 -93 41 -58 -34 69 -89 9 94 19 86 90 65 23 89 -63 -65 96 -85 91 -61 52 36 -64 26 -12 -31 80 39 19 93 27 -60 14 -53 79 -71 42 11 39 84 -76 -53 92 70 36 89 73 -28 -92 41 67 1 -91 -45 -92 56 -23 17 -97 -99 16 80 21 33 37 -23 46 -51 -100 89 -58 99 14 -29 38 -32 -53 -91 -83 47 -18 -44 57 57 63 68 -64 
-31 29 -69 5 -53 76 10 -100 96 28 -7 12 58 -65 -16 43 29 90 -74 98 -7 30 89 46 -93 -65 59 -7 48 -13 -97 35 97 -23 51 30 46 5 62 -61 -5 24 -17 20 21 -67 43 -55 31 26 -56 79 45 17 -34 89 17 -57 -47 -91 68 55 -18 2 16 18 -34 38 18 71 78 -87 51 -3 37 -46 -70 91 -4 -89 -66 -81 66 -77 -60 33 -4 -51 -89 -84 -45 -11 98 83 15 80 26 
6 -41 -26 -31 64 -98 -52 29 52 -59 -79 -94 -35 87 -100 20 -37 79 -8 76 -14 -83 -85 71 -55 42 57 -70 -71 -86 -81 79 -99 -61 -45 93 11 -4 -54 6 -59 -69 75 -70 -43 25 -15 82 41 -42 -28 -68 -25 12 81 -5 -63 -43 -83 -74 22 -93 -82 -80 -19 -53 82 -24 44 -59 -37 -7 57 -82 56 -10 20 -91 38 -54 40 43 -62 -4 -99 23 7 -65 -82 69 32 -1 99 -42 96 13 -2 
-91 21 -54 5 -20 -42 -51 -81 71 72 13 48 -38 31 -6 95 19 -70 67 2 10 48 30 16 -75 -68 49 18 -13 89 42 -82 -95 21 -51 -82 -6 52 -12 97 66 50 -1 -92 -65 62 77 -12 -16 32 86 86 -35 16 1 72 67 -15 64 36 57 99 -39 -5 91 29 -71 40 62 100 -24 -69 -1 -30 51 81 -68 -56 -21 86 76 76 -94 -14 67 3 54 -19 -65 -57 70 54 -55 100 83 -29 -21 
-42 -6 -69 60 -22 80 -20 21 -71 53 53 -56 -77 -47 85 76 -65 72 -74 87 -97 -63 59 -61 82 55 -68 -2 -2 -58 -27 -21 -97 72 10 -3 -61 55 30 69 -16 -10 28 -85 -44 -28 -63 27 2 94 95 99 35 55 -16 70 -7 -64 28 10 60 17 -71 -54 47 7 66 -62 16 28 -89 -17 68 -72 23 -44 -85 61 -8 -21 4 -61 -66 -67 63 -15 -32 -39 55 7 85 -18 -73 17 82 36 73 
-49 -85 -99 59 23 48 70 -4 71 40 43 -42 6 63 51 -52 17 37 24 -27 -92 61 20 2 -84 -37 69 -83 -77 74 -33 22 -7 18 14 17 -18 99 -57 -60 35 29 74 -76 36 10 62 -89 15 -38 -32 54 44 -83 86 -65 89 21 -58 0 60 -69 -5 -52 -76 -78 81 2 -71 -14 -82 41 5 68 -54 39 32 -100 -13 50 97 4 -29 -39 33 62 60 -28 -72 -27 -3 -41 -44 -90 -63 -84 -95 
-11 -47 46 -68 -80 -19 -58 52 37 98 2 7 37 34 16 100 83 -4 9 -10 -89 23 -65 97 62 29 93 95 2 67 -37 15 83 -67 -60 51 9 9 60 -23 61 72 -19 15 -95 29 -62 30 37 63 -66 2 -59 69 48 94 99 -51 -22 -54 -3 55 32 -56 -61 6 -75 -65 58 -79 -75 -21 41 -10 40 -64 -49 43 -43 -26 -65 43 -61 -59 -82 22 94 4 27 16 -57 -57 57 -29 -68 27 66 
-84 -96 15 -38 -72 62 -56 -35 8 -28 -19 63 20 -26 100 -2 55 -88 25 -35 -24 0 -56 -52 17 96 47 48 4 25 17 100 -22 3 38 -60 -94 37 -100 -3 16 66 28 97 -13 7 -85 -21 -93 15 94 1 71 -14 81 67 -95 55 -64 -75 -31 20 -47 -40 -31 20 -62 48 -71 -52 -91 96 30 -71 30 53 -72 -82 92 -40 42 60 -17 -83 -80 68 -7 58 95 -99 6 -59 -1 -40 -87 -47 -36 
62 -77 -1 75 -19 9 -79 -68 -5 98 -13 86 -68 20 11 -78 48 -83 16 -43 -52 -84 97 6 19 -68 -57 -84 -33 -38 -23 2 -35 -24 59 77 -96 52 11 -6 34 12 -64 20 -63 -66 -96 -78 49 -61 41 60 -45 -29 61 -85 9 44 47 90 18 90 -27 -59 13 -79 90 -88 -14 -57 -50 1 -2 5 -81 10 74 42 -51 72 43 68 -78 -57 -38 20 -1 18 -3 -39 -93 74 36 38 -74 47 83 
31 -70 -11 -53 71 -44 -41 79 -79 -98 49 56 -11 -68 30 47 96 17 -47 -92 25 19 -65 13 -5 -92 -20 -32 21 -27 -76 39 -30 71 -44 86 -61 -36 -91 -18 1 49 34 84 1 24 -68 63 -46 53 -51 4 67 -61 84 -87 -36 97 35 66 85 -54 -28 8 -66 56 -36 88 -7 -81 -38 31 -60 -27 -89 -69 10 -59 -81 -45 26 77 7 34 -76 68 -4 72 -88 94 -39 -90 -92 -22 40 52 -53 
48 65 -37 96 25 1 82 29 32 -55 31 44 -68 70 -51 74 51 55 98 -86 38 -51 18 -92 -3 59 -10 97 -49 -95 13 27 -93 -4 -90 44 -55 -46 57 -92 75 -37 35 -85 10 29 66 15 -39 -74 97 38 -76 -8 -58 36 -94 1 70 59 -53 -98 -32 70 83 -95 -39 -6 68 -74 11 -97 -25 12 -34 -32 61 95 14 12 16 -45 49 -13 63 -14 1 -88 -3 -23 -34 86 43 74 -96 12 26 
-32 -93 -28 65 -90 51 -57 73 -55 50 -29 0 89 83 11 -45 31 -81 -36 6 96 -17 17 10 -94 -90 14 -36 -34 94 45 10 42 -50 -9 17 100 36 -15 50 -79 -7 69 -90 40 35 -53 -38 -58 18 -91 78 33 29 -23 93 -51 -30 27 -22 7 -55 -84 -78 7 84 4 89 -63 41 86 -85 -74 28 -15 67 4 -50 -8 23 -11 -96 33 14 8 -84 -33 11 -63 -92 55 93 25 -37 -13 -83 50 
-45 -82 8 17 99 30 21 23 65 83 96 -6 -80 -26 -56 83 -74 -35 56 -61 -11 -17 3 -6 100 60 -97 96 74 -84 -62 40 -38 -59 -40 7 48 -53 42 55 -90 -83 -19 97 -53 -60 67 6 -94 60 27 -92 8 7 12 39 38 62 -61 36 -93 -45 45 -68 -40 -9 -79 -6 -87 95 -17 42 -16 58 -55 100 -65 -12 89 71 -39 11 -42 82 47 -93 53 -28 45 -43 55 21 55 -27 72 29 -29 
-15 71 91 53 -77 54 76 -38 98 73 57 45 -12 -15 -20 -74 75 8 25 -45 86 19 89 -28 85 81 2 -27 -61 -15 7 54 41 -69 11 70 -42 -84 -50 14 -21 -28 -38 36 81 -60 -11 2 56 20 -65 -84 -57 13 -12 63 61 -39 93 -77 -66 17 57 19 -34 -8 15 -6 -79 -50 -45 68 -37 -27 62 -28 64 -38 21 -84 -99 77 65 33 59 -82 -51 44 36 56 -38 2 -30 56 -5 -43 -52 
15 20 -54 -96 -3 -3 64 -42 -44 75 -30 0 -24 -69 -48 -98 -100 -38 -57 82 -46 -97 80 65 71 96 -45 -58 -90 -24 8 40 -86 77 -97 -3 17 79 91 -50 81 -96 -100 -35 47 28 -57 8 -11 57 68 82 11 86 18 36 -85 4 37 87 81 -16 52 -56 -72 68 -53 -37 75 -88 -32 -15 -16 53 93 -29 73 -12 88 -2 1 10 -53 -83 -31 -88 -64 -72 -69 -39 97 -85 50 -73 87 92 4 
-31 26 -89 -10 96 -7 5 36 32 86 -71 15 -67 21 -35 -68 58 -47 14 60 52 -19 72 42 82 -80 67 -15 0 25 24 -63 -72 89 -76 -35 10 -2 91 58 79 -64 -69 -56 97 18 -95 37 -27 -15 -97 -53 25 12 87 88 -66 -54 29 63 -87 82 -92 17 -30 -13 35 -23 -10 -82 53 -95 -96 -79 28 30 -96 -2 70 85 -30 -2 83 55 -18 -12 25 72 -56 76 -78 48 -67 -73 -79 -29 1 
-47 -99 49 -37 70 79 -39 -35 -50 -76 89 -52 -42 27 26 70 66 -24 -81 24 -45 -62 -59 70 18 17 48 -11 85 56 -21 -100 34 -68 85 -42 89 -68 86 8 64 68 -25 -84 63 -22 -69 20 -80 68 -68 95 76 7 88 -15 34 1 24 -10 -61 -52 77 -36 12 18 84 -12 -24 -90 -59 -20 -48 -40 -56 -32 -38 -53 93 -77 -66 -59 64 -29 -81 34 -79 26 1 86 -75 -37 50 29 -71 81 -71 
48 18 -52 -87 42 61 34 57 8 42 -75 11 6 1 -44 -32 88 66 15 -15 -43 -78 46 37 61 28 49 8 44 98 54 48 1 38 42 24 -92 0 26 -63 91 18 45 74 -63 31 66 -30 -28 21 35 -20 29 67 33 40 37 100 12 -89 -48 -29 -34 64 -43 -10 15 59 -4 78 -29 -72 -16 82 14 -27 83 -43 -51 40 -41 -40 -46 98 -95 72 -62 -59 -57 -30 77 -13 -63 -99 -10 3 90 
-28 28 85 -28 -98 41 -44 -13 -87 -68 32 -80 -24 1 40 -33 78 -19 -10 58 76 -84 -78 -45 31 7 60 54 43 -69 30 -21 -61 -69 -67 -4 37 61 48 55 27 -51 5 32 -94 63 -24 -40 -34 53 37 45 25 -25 -8 77 -76 20 95 26 -61 78 30 3 -52 75 14 3 -4 10 0 41 84 -40 -51 0 -2 -26 -79 -71 -48 -84 69 -93 -90 -13 35 -41 80 -100 -78 -6 -10 -25 57 -96 63 
74 -68 -33 -63 11 -60 -4 -86 44 44 -52 20 34 -38 61 51 39 -72 -31 -49 -36 -91 -79 -15 -59 -16 7 44 63 59 25 38 63 74 -5 85 -16 -100 -28 -13 -43 92 -98 -48 11 -15 -6 -91 -94 91 64 -26 41 -23 -92 0 -67 -28 -89 -83 -66 60 -68 -36 -45 -55 99 -61 78 74 26 30 37 73 0 13 -85 90 65 -64 97 -28 -31 -46 -83 -20 -4 59 35 78 37 -40 -95 29 -1 1 79 
76 -13 79 -81 -56 -2 -90 -63 -73 26 -12 19 -13 35 18 -54 43 -85 90 20 -59 37 -92 -57 -62 -21 83 -38 50 27 10 -17 -70 -95 42 2 97 24 -42 41 -52 87 41 32 83 -35 1 43 -67 49 -12 -34 -78 -95 -100 91 54 -65 79 -37 -71 82 78 -32 -69 -23 -1 74 45 -27 -97 -1 -61 14 -70 -57 -69 18 -14 -98 92 -27 47 95 51 -69 -96 -6 31 -76 69 69 -93 -29 49 -25 -56 
100 17 -79 -53 -24 1 43 45 -39 57 -52 40 -93 82 -71 87 -6 -67 -100 4 83 77 -70 11 -33 84 -67 53 -81 -13 -88 -34 48 -6 14 -17 -72 -74 -68 -5 -73 17 49 36 78 5 62 12 -55 14 -56 64 -64 60 15 79 6 15 19 -33 -98 49 86 -11 71 8 79 23 -23 -95 70 9 -33 -67 -53 -68 25 9 -57 82 -38 37 6 -24 48 -71 -97 -64 77 12 69 65 75 92 -40 -50 -94 
70 -58 5 88 11 -51 -69 -63 48 52 16 3 0 91 -17 38 7 14 -63 -86 -80 -99 -70 -83 -100 5 -32 -53 88 -7 73 34 45 -45 9 -5 -46 24 19 -19 39 28 -80 -76 -67 -24 66 30 67 -25 -26 77 9 44 83 90 30 -9 81 -76 -24 27 -66 -59 -15 30 34 -68 30 13 5 83 99 -31 -18 -16 -1 64 91 1 73 25 60 22 16 -71 19 -16 7 -34 65 74 67 -89 27 -62 19 
-89 -78 -3 18 19 21 29 89 -45 28 -7 -70 57 18 5 75 -23 -78 -73 -80 38 -33 -73 -38 83 -40 67 -15 100 2 -21 -93 -86 -55 -60 -18 -10 99 -70 -1 -68 -6 25 -37 0 -53 56 38 -100 -65 95 40 -67 38 -12 82 34 -52 2 24 0 44 -16 64 41 -29 -55 74 -11 19 -49 98 -18 -19 -82 -42 95 -97 -50 75 -12 7 88 26 12 29 -73 -55 -76 -90 -60 76 66 89 17 -22 12 
6 -20 -10 -90 -3 -45 -30 -90 35 62 -21 14 72 -34 -36 56 -58 -52 -71 42 24 -52 -84 82 -17 85 -74 91 -31 12 -39 36 18 -7 81 54 -28 96 -46 28 -88 13 -16 -14 -71 68 -16 -64 13 30 -32 -24 -5 89 -63 -90 -98 9 82 -10 3 61 97 87 -77 -29 -89 42 20 35 23 -3 -13 -95 17 -24 31 36 -26 49 -55 -58 76 32 -87 15 -12 41 -96 -8 -44 -16 11 -7 52 19 -84 
4 -77 -1 -28 57 49 23 -79 56 69 -17 25 -48 24 -89 -84 79 99 80 -87 -86 89 -83 53 2 89 -31 -79 -26 12 -10 -94 5 -93 24 19 0 77 -40 38 -66 -61 -10 45 13 -69 -11 23 -50 -23 95 5 76 67 78 32 20 25 -53 -37 -10 -93 79 -100 -19 14 20 61 41 -28 13 -46 -49 64 -24 70 47 -13 -22 -51 -7 -29 -67 0 -70 -73 -65 64 -22 27 -66 -62 99 78 53 -59 27 
-69 -81 -10 -1 -70 54 -24 -94 -10 -20 -93 -93 -13 72 62 100 72 58 -18 77 79 35 39 92 95 -18 -65 28 -81 32 42 -48 6 -79 -21 87 17 79 90 -56 77 33 -47 23 -37 67 63 59 -98 -58 -8 -91 -40 -31 -73 -61 20 77 -72 -73 -78 -98 28 38 23 -30 94 -18 -45 90 70 -17 85 -13 -35 22 -8 -93 56 -76 -81 -23 -97 -1 36 79 93 96 3 -98 53 -24 47 -68 -30 -22 -73 
93 67 51 -44 -39 -8 96 -8 -38 77 -89 29 10 73 96 88 2 18 59 -20 -56 46 -33 100 -19 -71 -57 -22 -71 -68 -2 68 79 93 -14 93 29 -4 -87 -42 39 59 -60 -86 78 -78 -79 58 89 52 62 30 -28 99 -32 -79 -24 -39 46 -69 4 53 62 68 -71 -69 2 67 14 -26 81 6 26 84 -96 53 -46 -55 -28 31 -46 -68 -34 89 -74 -44 -34 -16 75 27 74 76 76 96 50 -78 86 
94 92 19 -24 -63 85 -55 17 30 -60 -26 -50 -17 -20 9 -28 99 -31 85 45 63 -52 -50 -22 -1 -53 -32 32 37 -68 -69 81 75 37 29 100 75 38 30 23 93 -84 -43 29 -37 43 94 10 -43 72 35 -93 28 -28 66 31 -93 -47 49 -68 -38 6 -55 -27 67 -12 -30 97 -13 -70 -2 100 -63 -46 -58 -50 0 -87 61 75 -18 -14 71 -64 -84 36 49 52 31 -92 -4 -35 -41 -67 57 -48 -16 
-4 -65 63 49 38 96 -64 50 -45 50 77 47 -15 -54 -22 89 38 9 51 -88 -29 -86 100 -74 2 -99 99 15 -59 -52 -25 58 -46 33 -15 21 -98 86 -91 -60 2 46 -52 -68 16 -1 57 39 18 -10 -1 99 23 -88 -55 44 64 -56 34 -90 -78 91 75 -61 -48 4 -41 16 64 85 -16 87 -37 -91 -49 86 -41 43 17 70 -66 -43 -50 -38 -67 41 33 31 -86 -58 6 -26 -50 -51 -50 82 -6 
45 7 30 63 -4 78 38 34 93 -84 0 20 12 87 -91 -96 62 -39 59 80 -27 -57 8 44 48 80 21 -61 83 -19 -76 9 -83 -1 76 -49 61 39 99 -86 41 69 -14 -25 -6 -14 -83 48 51 -49 62 -43 22 91 -99 12 -26 51 -37 -75 -46 -32 13 97 -94 43 18 74 -44 -33 -73 -65 2 89 61 21 49 -93 3 -74 31 -95 14 61 -97 -72 41 -63 -84 -8 -50 -14 -64 52 -90 -94 65 
53 -68 -56 19 13 -76 -78 41 35 31 -26 -28 70 -28 85 -78 -16 -34 25 -57 42 -96 55 -50 97 -20 87 31 59 53 -1 -41 -95 -98 12 -91 63 71 95 -98 -66 54 65 100 17 65 77 -18 -40 -28 59 -12 -60 -3 -90 77 -30 95 62 -26 -32 -56 -53 -2 19 -62 62 -1 -100 56 19 74 20 -48 73 57 10 -99 -47 16 -39 11 -23 100 42 9 24 -6 79 38 -24 14 19 45 14 -80 63 
-59 46 58 66 -78 -67 -8 -1 -1 -99 82 -50 26 37 19 97 -79 -9 -92 7 64 41 -30 -18 7 70 -30 -23 52 -23 -46 -48 -10 74 -95 80 -63 -63 62 -41 -37 15 -90 -100 -32 -51 -55 -68 -29 -9 -44 -86 -43 55 32 31 -89 74 64 -6 -85 73 -60 -31 14 -87 -81 15 28 97 8 8 17 -9 -14 -63 43 -21 -42 -49 -25 83 -64 -64 66 -37 -86 98 -74 -21 36 27 -93 88 84 12 97 
0 99 39 -100 -37 90 -95 8 -3 -40 -4 17 -44 16 -89 51 -23 82 0 61 -55 -72 70 -48 11 82 56 -82 28 9 -76 -36 24 94 54 23 63 59 -77 50 33 95 -89 69 66 -20 97 -68 -30 -56 15 -12 78 27 29 -29 57 76 3 10 74 -51 12 53 58 -62 -99 43 45 68 1 67 -58 -62 -68 -87 -90 -36 -96 -35 87 -19 -85 1 -35 51 -59 61 -40 5 -45 -55 70 89 -74 61 20 
93 22 7 -44 -75 25 -39 -52 -45 -8 -77 -79 -51 84 -96 12 24 -71 -89 68 15 -16 -53 -44 -96 37 74 3 34 42 29 82 -52 -27 -68 17 9 9 -67 -53 -10 56 56 -29 -100 60 -47 -19 -47 -79 -7 -65 32 83 76 30 -5 -67 98 -96 47 -50 64 50 83 5 19 -19 15 47 30 36 67 -32 -14 -32 91 99 99 18 -81 -58 55 90 72 -66 65 68 -78 -29 35 55 54 47 24 -98 88 
97 -35 39 21 -91 -60 90 -8 26 -59 -84 -76 24 39 17 -100 15 13 -82 -46 94 -25 74 -98 43 23 -3 10 -66 -38 -51 -12 46 -18 62 -64 26 -78 81 -20 5 42 61 82 68 64 -14 73 -20 -65 62 -11 -57 71 -14 10 41 16 -35 98 -30 -23 40 -11 73 -6 -62 10 -48 -32 -8 -13 66 -2 35 -56 15 65 -15 7 69 37 67 -61 -77 -14 59 36 -14 -36 -81 78 29 -85 -3 -38 71 
-42 -1 -69 -79 16 -74 -37 54 50 53 57 -6 57 8 -17 40 -60 27 -15 -96 -59 89 78 16 3 -62 -81 -90 95 6 -92 87 58 -19 40 -67 -8 -43 -27 -15 30 98 -88 56 -19 76 -70 -56 46 43 -42 14 -90 -44 100 -87 -87 75 46 -41 13 -32 14 28 17 88 71 -18 94 19 -26 -70 61 -90 -76 -7 64 74 79 -97 10 71 36 53 -63 -26 33 2 40 -33 -5 86 90 20 30 59 40 
37 -35 70 -38 57 65 -83 -26 -75 -24 -84 -96 92 -51 64 37 -10 -55 -32 61 84 -62 30 91 -32 100 96 -58 -90 -50 34 17 47 16 95 42 49 48 55 16 -3 98 98 -19 -93 96 -84 -19 -43 80 -77 26 -83 10 -36 33 19 92 19 36 -7 100 97 -80 70 -28 -2 -67 -57 8 9 72 32 -15 81 27 35 -17 94 54 -72 82 -36 65 13 -3 -73 77 2 10 98 76 81 -66 -62 46 60 
88 25 -28 69 0 2 88 -87 -68 -83 71 51 -24 28 0 -27 -74 -65 59 -18 10 51 11 -16 -51 27 -76 14 51 -88 -93 87 75 -17 15 12 -37 78 -4 73 -35 -93 6 0 61 -9 -77 51 36 -55 -29 -6 -5 -39 -40 32 99 56 8 42 -1 2 77 85 100 -13 94 15 -13 -84 -1 -42 -67 72 -82 17 26 -6 39 -16 -19 81 -85 -99 52 89 10 -19 -72 -71 47 9 -89 -42 -81 -52 -65 
-17 28 -62 -99 37 0 -45 -96 -26 98 83 21 -84 -88 41 -78 17 82 -61 -93 5 -2 24 -84 8 25 -79 -70 -21 86 -85 -93 18 -94 -2 81 39 46 -55 71 80 3 -100 -14 -5 84 -39 -15 -70 63 -86 93 -13 65 -64 68 64 34 54 60 67 37 -56 -58 36 26 16 7 78 -30 22 -50 15 -35 98 53 49 -16 -1 -29 -44 -18 -32 17 59 -14 -58 -21 12 12 40 -93 20 -66 -81 -35 15 
53 47 -92 93 88 -12 60 58 91 -43 64 59 -24 7 11 49 -31 -76 -99 6 -45 62 97 -33 1 6 52 9 11 25 -3 48 33 65 100 10 -50 78 21 -67 49 -87 18 -21 87 83 1 87 45 68 16 74 48 87 18 -17 46 40 7 34 9 23 -2 89 -66 -23 2 -59 46 -10 51 90 -27 41 -20 59 74 -92 76 -75 91 -42 -95 -66 -66 -44 79 -81 18 -54 55 64 93 8 68 9 36 
50 -86 74 -82 51 -23 74 -13 -3 -77 49 -19 58 -80 -93 -8 15 89 88 81 -4 97 -8 -67 41 -26 14 30 -29 -65 -29 42 -90 61 97 70 -99 -14 48 38 -92 78 -90 -79 -11 68 61 -91 -2 -12 33 -5 -86 96 50 85 -17 -4 98 -40 82 -44 55 98 -89 45 62 -14 48 57 -100 -84 -32 -87 -86 -97 -39 31 1 -31 -44 86 74 -89 64 -17 29 -25 94 -1 22 16 -59 6 0 -12 -83 
77 -52 -94 93 -86 92 34 76 -62 41 -16 -17 81 79 -58 -30 -44 40 -30 -1 -38 -100 -83 -34 -23 7 31 -14 -77 -95 26 9 53 47 2 -17 76 -99 24 25 -82 18 -28 -67 -56 -67 -17 11 78 100 28 16 -57 -24 81 -93 -91 -56 -85 -72 -50 99 22 -39 -80 53 -52 33 19 -37 13 1 21 15 95 18 -87 -66 11 -52 22 -14 81 -75 -8 65 -49 23 94 -70 -40 43 29 -47 58 28 34 
81 71 -85 -64 -59 -38 71 24 21 -80 -100 13 83 -49 -77 -85 -95 4 58 -16 94 -99 -16 29 -3 -99 35 -62 82 33 13 46 -66 -27 -67 -87 3 -75 72 53 78 56 -90 84 49 -30 -82 -11 25 6 -40 -18 71 -94 93 -27 -40 -76 9 -13 75 9 95 50 2 38 -51 99 -17 31 -88 -11 52 33 -69 76 -78 15 -9 -5 -66 -96 19 78 -81 -19 16 90 59 -27 24 -96 67 -63 -74 99 -100 
66 56 91 -69 -21 5 41 -93 22 73 53 -2 52 8 -42 -21 11 -23 6 -54 62 34 25 -73 -48 -64 29 -52 -70 -41 -76 -97 -69 -2 -30 23 17 -33 -53 -84 48 3 11 -80 62 -58 50 35 41 -25 77 -15 6 -2 -33 -99 28 39 -55 -99 -87 76 -58 65 88 33 46 -67 18 10 91 -73 72 -13 -42 -32 -77 22 -56 -11 35 -64 71 80 -7 46 -52 48 28 -57 -21 -13 -21 -7 -3 71 -78 
-95 49 -64 1 -18 -3 16 -76 -27 5 -53 66 -62 -5 -30 97 77 60 -67 82 98 69 -56 -62 -13 -74 51 59 -50 49 -8 -30 -54 -54 14 2 -84 88 -59 -90 85 18 71 54 -48 -99 -17 -50 -39 -61 -97 79 -60 61 24 -52 6 -1 83 7 -12 -55 -81 87 -59 -61 37 -24 18 24 38 -84 -29 86 -50 38 -24 87 42 61 -16 -69 -91 -39 45 -11 -35 -55 25 -45 -53 52 -25 -6 94 62 75 
-15 12 10 12 -53 17 -71 -54 92 -78 47 37 -83 9 24 42 -40 -63 -91 -65 -71 -37 -99 55 90 14 -98 -72 63 -37 -2 93 -33 -54 21 -10 23 -4 -85 -48 62 -61 86 -83 43 77 24 81 84 60 92 26 -19 27 67 69 -86 7 -69 -73 -24 -3 -60 46 -26 80 -2 98 -81 -8 -31 -95 53 -63 -68 41 15 71 -100 92 -38 -56 66 14 -79 -35 -100 -67 1 -38 -96 -79 -45 24 -89 36 -75 
-71 -3 33 -59 -5 1 12 30 81 -62 68 82 -25 43 79 -27 40 -77 -3 32 -90 -39 11 57 -49 39 -20 36 -82 94 61 67 -33 -27 42 -92 -57 -89 73 -73 28 24 46 17 40 40 71 -86 -6 9 88 17 -39 83 76 66 51 -83 92 -55 -79 77 5 61 -10 -46 -38 77 -51 54 8 96 64 -65 -78 -85 -32 58 -43 9 45 28 6 -45 -78 9 -2 17 -53 69 -3 -4 54 1 24 38 33 
-23 67 -90 -91 72 -33 -8 24 38 -97 -73 -81 72 22 -58 52 -21 -27 -20 -82 71 92 39 -19 -96 -18 94 66 -42 -68 -55 -23 -6 -87 95 19 -13 58 49 -83 27 30 61 100 -20 -4 -95 -7 31 28 51 -100 -92 -73 -20 -38 84 -3 -37 81 41 -66 70 -51 -58 -18 55 -18 -43 -86 39 -50 23 50 -30 -78 -86 64 14 12 63 92 48 66 49 65 45 97 76 82 31 67 60 1 90 11 -50 
84 -97 57 -17 -17 63 -51 -67 -41 62 2 91 83 -57 74 -91 14 -33 41 -23 98 67 20 -54 -22 38 -31 -2 -55 -89 -10 -59 -62 -38 -37 -13 50 46 -77 54 -16 -8 -34 -100 -94 32 -37 -34 -85 -24 -33 50 66 48 48 2 -54 49 -97 30 2 35 12 82 40 95 68 -5 29 -5 -59 75 -65 -76 -98 47 -23 49 11 -54 -98 -18 40 71 82 -20 -18 55 56 94 -36 -59 -15 -55 -39 70 87 
-82 29 -20 97 68 -56 90 -95 -69 -74 -31 18 90 -53 5 39 -98 71 49 -26 80 78 88 -52 -92 -95 -43 17 98 49 -24 -11 -8 -73 15 39 -93 -89 -97 -14 -89 -20 59 93 79 88 -96 38 -53 -63 -85 1 63 32 -100 -89 58 21 14 34 63 -42 -74 -41 -94 -47 -7 92 83 26 90 -77 93 -46 21 -85 46 -4 -43 7 -32 -37 -20 -33 -74 64 -49 80 8 53 49 -48 -71 48 71 61 -30 
-27 47 -5 99 -64 56 -99 -45 41 -79 -66 73 82 -95 -87 95 -16 48 -78 71 -70 80 3 72 5 31 -78 -93 81 -87 56 -52 58 -12 -12 7 -34 47 -86 -9 -43 33 6 -48 -78 -25 -43 57 40 -89 14 -68 28 -76 76 17 -22 -94 88 93 -88 23 -98 -20 -5 0 -79 -6 83 16 -45 -20 4 -88 2 69 16 -24 -37 -54 -38 73 12 55 27 73 -55 -7 -40 43 34 82 -92 99 99 67 -95 
98 58 15 43 -71 55 4 -11 -64 51 100 -27 15 24 94 -18 27 44 67 -99 9 86 67 -9 -75 -8 -4 60 -86 34 -15 98 -61 44 3 -38 -12 -65 -69 47 -96 11 -24 -80 8 24 -48 79 -71 -47 -43 32 36 -61 80 33 14 29 10 91 35 38 8 -78 -91 -35 30 -37 -63 10 35 58 61 -65 -24 -98 -32 -95 100 57 -22 64 100 61 53 26 -90 10 98 -51 -63 -90 45 23 -34 72 99 
-77 88 -65 88 48 -21 -78 35 15 -84 3 76 -88 81 -38 22 74 -27 -88 -47 -72 -30 -39 57 25 69 1 51 -63 67 -77 -89 100 24 34 -27 -13 -54 89 -63 7 -64 -51 25 -59 27 -80 45 -2 -9 -27 -71 33 39 7 82 -6 -31 7 -45 -38 -14 80 62 91 -5 -65 84 18 -24 -75 -59 -100 74 93 -32 6 21 24 -87 -57 -82 -64 -50 -94 92 79 36 -13 30 -98 -5 58 40 4 4 23 
27 38 20 -49 -53 57 11 -84 34 -72 76 -92 -67 -66 -40 37 47 -50 -62 27 -35 16 -63 -87 -79 25 55 68 -85 -100 -51 50 95 -92 -28 17 76 -65 -89 90 6 31 -12 -10 53 -65 -21 27 -35 -62 76 -5 -86 25 -71 38 -87 -80 -52 60 82 -57 66 23 -48 82 36 -51 47 31 74 -14 66 -62 -5 71 39 1 -51 -53 -19 69 -39 52 -36 4 -32 -91 84 -38 -85 -16 71 42 70 44 -60 
-45 -60 -6 -29 -91 90 6 -75 -58 55 24 75 14 27 0 89 -4 41 -71 85 -74 3 -71 -47 37 48 66 23 17 -9 -9 -15 -63 -38 57 22 74 -44 23 -72 -68 -69 99 33 5 72 48 -57 54 -62 60 -67 -100 -24 77 -45 -64 -77 57 -33 7 -62 30 35 -9 60 74 -58 -54 3 -97 -67 51 79 -89 49 -72 76 81 -76 19 -82 59 -43 30 53 69 29 41 21 -12 5 -69 -66 -52 81 -79 
-11 24 94 -88 -75 63 -9 -58 1 -52 -50 21 -11 92 -90 -77 -5 23 -39 -1 85 -15 4 -62 98 14 -16 37 -99 -80 -37 -26 -63 -87 14 -92 -57 7 22 -79 -9 34 -47 -50 48 73 -8 -55 65 -45 -53 -39 -99 -84 4 -56 87 -34 77 57 -33 -52 -76 17 90 -53 20 -82 -90 -91 25 -23 -91 -98 -94 81 89 -79 -59 -8 46 49 -94 -92 72 -66 -59 8 20 -93 -58 100 75 84 83 -63 71 
-73 26 11 -35 -83 90 -95 -11 -50 -48 91 77 20 -23 61 92 46 -7 -17 -38 -10 -16 -91 -37 23 -100 89 -98 29 11 68 61 42 98 -55 72 100 -53 74 -25 -73 95 57 -34 24 85 -3 51 63 -7 78 -94 69 9 63 77 -22 89 -97 49 10 -18 84 -17 70 23 -37 -52 75 -85 -93 97 11 73 -18 73 74 -74 -78 -89 41 31 -25 17 88 81 89 -59 -32 -27 -95 76 -13 -24 -21 30 85 
-73 92 -52 -77 -17 70 -82 84 0 52 -21 11 13 -28 -63 -99 -32 -74 -35 -3 70 -99 -89 -82 -48 70 -46 -15 -53 -48 -100 28 -53 90 67 88 47 57 -70 25 -49 -23 -47 25 -39 95 -13 90 -64 -79 1 17 -61 -27 74 -66 61 -48 90 61 -49 87 -75 67 -4 59 -41 58 -21 33 11 -36 -79 12 4 -1 63 -99 33 -84 -81 -8 95 -66 -25 -46 96 -92 60 -36 -67 -14 -7 35 -91 86 -1 
-7 -22 -21 2 -59 35 -51 32 16 38 -59 44 2 50 -60 -33 -87 -43 37 -65 -84 20 62 -9 30 -75 76 21 38 -44 9 63 90 22 17 92 -50 95 -23 -93 39 -36 62 82 -32 -35 97 56 -14 -53 -49 -13 -89 4 -40 58 97 35 -24 55 -85 14 96 11 -50 -87 33 -14 14 28 37 94 -54 -49 31 63 -7 -25 -85 -18 -87 97 71 24 -98 57 0 17 -5 -35 -50 49 28 -96 37 -86 3 
28 -38 78 -13 53 59 -94 73 -83 -59 99 79 -31 44 5 -35 -77 89 61 52 -39 26 -95 -21 -34 74 -54 -85 15 -42 -20 -98 99 -87 60 47 -93 44 -81 -86 -59 -99 -68 -35 -76 -2 -85 -68 23 19 60 41 -95 -30 78 -18 -82 -78 -84 8 -16 -23 -17 4 86 -31 2 7 1 83 -24 41 -52 73 51 -6 7 73 -35 -35 -70 78 44 91 93 16 -26 49 56 -22 -71 56 44 72 -85 -80 15 
46 -66 10 -80 59 98 64 -90 -54 46 -97 -54 84 63 15 -25 -56 -76 68 -38 -7 -56 78 -25 -74 -80 98 57 -98 71 -52 -75 -32 -40 98 -60 -6 -41 -42 -14 -85 72 -78 7 11 -21 -57 -50 -64 86 39 92 34 -37 0 -70 61 38 -21 -37 -58 100 78 94 1 23 -43 48 -19 71 -3 -90 -17 -48 32 -56 87 31 95 75 66 -82 11 53 77 3 -91 10 -59 -66 69 16 5 95 23 13 -12 
7 14 -81 1 18 46 -72 -39 -6 -20 -95 -80 62 38 -80 62 -87 -27 -48 20 -21 -18 -95 62 81 82 -18 0 -93 -64 6 -93 97 -75 1 -74 -43 3 -9 -88 -63 74 -94 74 -97 -40 88 15 14 18 85 -29 -79 -48 -44 -48 36 85 -72 17 87 -61 -19 72 6 39 9 25 32 -83 -76 36 -33 -92 -90 -22 -6 -9 -68 -53 14 -80 8 57 -32 -37 90 -89 -13 -32 26 -59 -55 -7 -70 -41 72 
97 23 -70 -71 -57 -76 83 69 -17 -61 -57 -86 -74 -96 -98 75 -55 -69 75 17 94 36 16 40 -48 -61 5 -40 -16 -81 88 29 -54 46 -78 13 -80 -24 29 83 -95 70 -33 -16 78 -16 58 85 5 37 95 -77 -5 -6 -46 84 -46 80 67 94 -5 18 -48 37 69 15 77 54 50 85 -78 -92 -23 -24 -21 -66 77 -26 -94 85 -42 7 -33 39 61 -91 98 -47 -10 95 -78 -59 -7 -74 26 36 86 
-21 14 -76 -61 49 -20 -37 -79 56 -64 81 -47 1 -34 -60 -48 81 -73 50 -47 16 87 19 94 30 -2 18 58 84 -82 13 50 18 30 51 43 36 29 -69 91 -7 -39 24 -36 -42 8 -16 2 -28 -4 -86 -89 32 63 28 10 -32 75 -44 -77 -20 -10 48 19 -62 -29 72 71 -54 -74 19 -34 -35 68 57 59 -81 -45 92 -83 21 -8 -63 79 73 -40 11 64 -13 43 94 -43 100 -17 11 100 6 
35 58 0 42 30 59 -12 -67 41 -6 -23 91 -94 -17 73 95 -22 -45 89 -27 41 48 -47 7 94 -66 54 -37 -95 -2 -68 7 -75 45 -2 -51 -90 60 -22 75 54 56 -55 -71 30 -29 13 76 -25 2 -58 -91 -52 -50 62 51 33 36 -28 -44 81 62 46 -6 -22 63 -52 -16 45 8 -60 -51 28 32 -90 55 -18 -31 61 -86 -89 83 -66 -48 94 -47 49 39 85 -72 -19 4 98 36 -49 -39 86 
89 -60 -42 -39 22 7 -37 -55 95 -45 80 -7 -56 7 -51 -69 -13 16 -44 70 68 12 3 -31 2 -51 85 -18 -48 57 59 57 44 12 -10 -83 -3 62 7 41 90 -37 73 81 43 -48 93 -47 -96 -33 -16 96 -52 -75 -63 73 88 44 84 -81 99 -29 -25 14 -84 -95 -39 27 -89 58 -51 -45 -67 65 -48 -19 -44 83 1 -31 79 3 -35 81 19 -5 59 -19 47 -25 93 -12 -24 -72 -29 -29 74 
-75 76 -88 20 12 -50 16 -18 -68 5 -43 -96 45 -53 -93 -84 -23 90 -68 -89 97 -93 -30 -97 100 50 -96 -9 -49 29 68 53 12 -44 71 -44 99 34 -73 59 47 89 -30 -35 8 27 40 -67 -12 91 -75 -27 80 -30 -51 97 -87 -87 -72 -100 85 95 -85 -59 -41 3 61 -73 60 27 88 -97 80 62 -16 14 -27 73 -69 -44 -77 9 -88 69 -52 76 8 -41 -86 -56 24 35 -81 -58 -43 -17 15 
-14 -61 -84 -23 11 68 79 37 39 82 -29 -29 -1 3 62 -1 -53 53 -30 -83 -86 35 -68 -51 -40 84 88 37 -15 94 28 7 -3 -63 -77 -44 84 70 100 12 83 -35 -99 1 -43 -12 -76 -97 -53 -20 -70 92 46 70 -3 -76 -53 60 21 -59 54 -89 -93 7 -11 30 68 60 -10 -63 73 18 -85 -87 -82 23 -30 -61 -10 -77 73 -61 92 60 68 -66 -11 58 4 -41 -12 -39 69 40 -51 -17 74 
-14 78 -76 15 58 -46 -36 -30 76 -50 23 -77 84 71 81 58 -95 91 31 -29 50 -55 -55 -69 -11 32 -53 34 54 21 -80 59 30 -60 -33 82 -41 -32 -84 63 25 -47 -59 -7 37 64 48 56 81 -64 -76 -35 30 -35 69 -42 -22 -63 -18 23 5 14 41 37 -86 -8 -36 -71 94 -5 -45 -55 98 88 27 74 51 35 74 10 25 -59 -4 33 -37 65 -91 23 -67 -78 82 39 50 100 -56 71 -34 
-83 89 39 -17 70 10 92 89 -54 97 47 36 -68 -1 75 48 19 84 7 67 -7 11 -77 85 72 22 66 -45 -13 -59 30 -55 87 -92 81 -14 51 99 57 -66 -11 24 -100 52 -41 13 55 -46 -6 27 83 -21 94 -99 -65 13 -84 -99 92 -94 96 10 19 65 55 98 -79 74 -52 -57 70 54 31 88 83 85 -66 61 50 -6 -28 -39 88 -66 24 -96 -1 -90 55 18 74 83 -26 -5 -42 88 48 
-46 3 -53 -73 34 -94 74 -7 -60 -37 -11 -44 0 -39 58 70 -66 2 -91 20 -33 -89 78 -35 50 74 92 -51 -18 11 76 8 86 -82 46 7 -80 33 68 48 -9 76 -90 2 -9 60 -13 -86 -57 -20 65 25 24 55 3 15 39 -8 -76 -41 -90 11 18 -67 100 -31 48 100 10 92 73 33 65 19 -15 -59 -56 -89 -21 95 9 -82 8 6 -21 20 -67 -39 33 -82 -88 16 66 -67 61 -30 -44 
25 -75 91 39 -49 71 59 -35 -9 -47 -77 -44 16 -2 85 1 36 40 41 23 -33 16 45 77 -26 56 -38 57 16 -82 48 92 53 76 56 43 52 1 80 -33 76 -82 82 96 7 -62 17 59 88 89 -16 -83 -68 95 77 15 82 8 49 -75 -75 -62 -25 -17 50 -84 -77 8 12 40 -34 -30 18 -92 19 79 -45 100 81 -27 -100 65 -88 19 69 65 -31 -55 73 32 7 -10 33 87 -27 -54 56 
59 -34 -76 82 -51 -61 73 0 30 1 -48 44 -56 24 96 -13 -44 -49 12 -59 -8 -44 74 -83 3 48 17 65 98 -35 26 64 -68 50 -39 63 -96 -50 58 -43 -16 -67 50 -60 -63 20 69 34 51 66 40 -100 -61 17 89 51 -51 50 -64 -21 98 -35 16 53 -96 -47 -99 11 -57 27 6 -60 -23 51 -76 -7 -42 -61 88 -30 92 97 94 -41 -54 -26 68 -36 26 -27 28 16 75 15 69 30 -10 
44 44 71 25 -33 -86 77 -25 -65 46 -77 -1 -100 72 3 10 -95 91 -55 -66 61 61 98 -26 -29 50 -91 -60 -34 -64 40 2 32 -85 37 -17 44 92 -85 -30 -55 67 -4 -17 -38 29 -62 54 68 -82 18 -49 3 15 -53 -16 -83 40 -58 84 -27 -42 32 -89 25 -45 93 -75 -41 16 -69 90 -19 -34 77 -38 92 70 -26 70 25 -81 3 94 -82 60 68 22 84 -85 2 8 72 -80 1 79 60 
53 81 80 -85 -34 60 55 55 -90 -74 54 -64 -81 -81 52 74 -61 38 -27 -54 -8 95 63 40 -10 81 -81 67 -35 76 50 91 -91 51 95 26 -94 -12 -52 45 -70 -71 -62 17 -17 -15 -62 31 11 -56 -43 -31 -25 17 -45 96 85 -76 49 66 75 -11 -21 49 9 -57 19 -51 9 85 67 64 -76 57 1 -80 2 -89 68 77 -94 -96 58 -15 82 -90 -78 70 -90 30 68 13 -99 45 63 -88 5 
-64 3 13 25 73 91 53 34 -81 -58 17 17 -40 92 24 29 17 34 -78 2 71 0 -5 53 92 92 -32 25 12 49 94 -33 41 24 53 -67 54 92 94 29 -54 70 -72 -79 41 -5 17 65 -91 54 36 97 66 -81 -38 -86 -57 -20 99 54 73 9 89 -97 -93 26 6 -45 -80 46 41 -74 62 -32 -34 -30 -96 -30 1 30 -28 -78 -37 15 85 15 -11 -34 -98 19 -55 55 39 38 52 -17 -69 
-59 -42 34 -83 95 33 -81 84 -50 26 -16 78 -52 36 -24 -93 1 -87 58 50 35 78 -42 0 -94 70 -72 80 58 -83 -67 -35 -72 -55 34 44 11 -86 -62 71 -22 0 -45 -98 89 -40 87 46 -90 -48 55 84 -24 60 -69 -21 -87 75 -44 -36 -39 -95 93 -73 34 67 -95 9 57 -14 -35 -5 27 -57 45 21 21 18 95 -22 -28 -26 88 34 -85 13 -96 -31 -100 -63 -46 66 -99 76 -61 31 73 
46 -80 -85 -98 76 -64 -96 -44 62 -60 -75 -48 -25 75 -43 75 -66 -23 54 26 81 93 -75 -89 -64 41 35 21 -37 70 -52 -12 53 71 10 32 -72 -46 -81 84 52 45 39 68 -54 14 9 -64 0 66 -4 -70 -99 -40 -47 25 -15 10 -26 -13 62 -43 95 -77 -69 33 55 -90 -84 -75 -36 -82 59 -12 65 49 28 17 71 -57 -30 16 52 -63 -52 -86 -8 -27 4 21 94 -52 92 -43 -47 30 -20 
-86 -81 -51 -73 65 36 -19 97 13 -25 94 18 -30 34 80 64 48 -87 -18 -74 -34 34 78 54 98 60 14 57 -54 -82 -72 88 93 -62 67 66 -76 9 -3 78 -25 11 91 59 2 -34 -18 -27 -97 75 31 -75 -61 7 57 -93 92 28 -1 -50 55 77 -88 -70 -55 -8 51 -22 -60 -34 -21 -99 -65 70 6 18 5 -64 -58 94 43 60 -55 -59 -48 87 31 -70 -5 73 -63 -11 -16 -43 -96 -83 82 
60 -71 5 -50 -18 -78 -33 57 60 -28 26 49 24 29 60 -36 91 -86 -57 -57 -29 -81 -100 86 -9 -33 -5 70 27 54 -54 -49 -15 -26 -5 -18 76 42 27 36 -62 -69 66 53 70 -39 -41 -89 -77 48 61 -39 -2 -24 46 -94 -41 34 -84 75 42 38 15 15 -82 79 99 15 -94 79 -21 -94 -81 -5 -79 -99 75 100 -89 6 -13 81 -30 64 10 65 0 -65 -79 61 -14 -17 -47 -50 -15 -15 -79 
-94 74 -98 53 -57 44 -37 -85 -57 -84 -74 32 -64 14 -34 81 -65 1 -26 64 85 -55 36 68 39 -77 -81 21 -51 -97 -72 -48 73 -23 82 79 -29 78 -37 -59 0 17 -80 -44 -95 -45 90 26 -36 41 -11 -5 -84 23 -1 45 -12 -82 -78 72 39 -17 98 -42 95 9 87 -16 85 -25 49 63 -2 -74 25 -94 -54 -98 -58 -66 30 -48 -92 24 -14 -35 18 -81 33 -28 -4 -79 -36 -20 -34 99 18 
95 44 -61 -52 -44 91 52 -36 99 -3 40 30 -52 97 -84 22 0 -45 69 44 8 100 15 55 6 57 47 34 90 -6 -23 75 78 78 6 -67 -59 18 35 46 32 51 -29 40 -68 -72 69 -86 92 -78 -62 -97 -29 64 47 -98 -21 62 62 -42 -21 47 8 2 -10 -100 -2 91 14 1 -46 -40 36 -23 -89 21 -71 69 -55 10 -41 -40 96 7 -26 -76 38 32 83 -9 49 -82 53 98 -18 -92 87 
-91 -37 14 -28 -74 -87 88 38 -11 9 27 -46 -92 9 73 -75 -16 99 -3 -90 14 86 -44 -14 -47 93 100 93 31 -24 40 -37 63 23 69 -43 -63 -57 28 99 47 -30 92 85 -91 72 -10 58 87 -92 11 14 -13 99 24 -36 -12 16 54 80 -72 -42 -60 -71 18 24 -82 85 -3 99 -92 -75 1 -62 93 57 -83 -98 -8 90 4 23 84 -20 15 39 57 -34 10 32 -30 -45 6 84 27 68 5 
94 4 -3 27 77 56 45 -73 -9 92 71 -10 38 -17 49 -57 -18 -26 -66 -91 46 -88 -24 -62 78 44 99 -62 -55 100 -96 50 -31 78 -34 73 -36 -35 17 24 6 69 26 11 -47 34 -98 75 -50 54 -99 45 95 -87 70 12 -22 -67 -4 -20 -97 63 -41 41 -82 43 -78 -16 63 33 -85 44 95 -70 -94 81 37 -4 91 -36 14 59 -31 52 1 0 92 53 94 -78 -12 -28 76 -62 54 44 -12 
43 27 -66 81 -10 100 47 -59 -85 -89 92 76 -38 -3 -16 57 62 11 60 -89 -10 -1 14 30 -23 -55 97 12 -65 -90 58 -96 -97 -21 -9 13 2 -56 90 81 21 72 -20 -6 58 100 -33 61 -91 47 -32 -27 -25 26 -36 54 96 -27 -78 -80 -36 53 23 84 -68 -90 84 -59 -94 71 82 -33 24 64 8 7 -69 4 -73 -76 -77 15 -45 15 70 41 -36 -39 -37 7 -53 28 -90 91 -87 -96 -80 
14 26 -46 34 32 71 -19 -17 71 23 67 65 69 -18 -47 -34 29 22 -66 -63 -45 -62 -57 45 -77 67 -100 44 71 -8 -56 92 -83 -73 8 57 -58 10 35 -77 24 5 -15 -56 -51 -58 81 -73 -50 80 -42 37 -44 70 73 37 -2 61 95 94 -100 93 -84 64 -71 14 -52 -36 -73 48 -86 -91 8 84 97 -5 97 -59 -46 74 -1 7 -89 34 -59 -45 -81 -100 -24 49 -89 13 92 62 -20 8 -7 
-13 -32 89 -97 90 -86 2 33 -56 40 21 16 -99 48 -91 -82 17 94 26 -61 -20 47 -92 -8 -100 42 -1 -72 -66 48 14 -99 89 85 -65 -70 -100 12 44 79 -95 35 26 -17 -76 47 67 -18 36 38 -44 -84 -54 -57 -78 -43 87 7 -93 100 -32 66 53 78 11 -49 66 100 -33 -8 93 -47 85 -14 -77 -31 70 54 40 -84 87 -96 -31 35 82 16 -15 33 -31 48 79 -38 61 93 -48 -37 10 
-69 -96 92 0 -100 -27 70 86 71 -23 -71 21 21 11 55 -55 -29 -91 -66 94 -64 93 83 35 -100 48 -83 -29 49 19 69 -93 63 -75 73 8 98 -77 -52 -76 100 48 92 -79 -46 -83 1 -54 -45 20 -27 6 44 -23 6 -21 -77 -27 65 -21 71 14 -6 -44 41 -79 48 -54 -100 -73 21 -75 28 52 -90 -40 35 -42 38 -43 -79 -72 86 47 -57 -26 54 -87 20 97 71 -49 -26 -16 44 35 25 
-90 68 94 -79 24 -73 59 -19 83 80 -26 24 -61 42 -90 -4 83 -41 -97 -28 5 22 -9 -51 17 -33 37 -17 48 78 65 80 -41 44 63 -63 3 53 -8 -26 51 0 -54 -22 -86 87 1 -11 73 70 49 5 30 79 98 -10 62 -41 -72 64 80 -2 3 -67 8 98 73 15 96 -44 -7 -95 24 10 -22 -50 -84 -93 -63 -61 57 -66 -80 77 29 -81 58 86 55 68 -54 -28 1 21 49 67 -43 
37 -37 -89 33 -48 40 90 96 69 55 3 21 55 -91 19 20 -67 -75 48 -100 3 -84 -92 34 32 -60 -37 -26 -7 92 28 -47 -84 76 38 -98 72 -70 66 -49 8 29 50 -86 -46 18 -56 90 -59 99 -16 -15 21 -71 35 -72 -55 -83 -47 -99 -18 -86 -80 -63 7 -31 -63 -68 80 -98 -2 -88 -69 2 -81 42 -90 -89 66 -69 74 -14 -67 6 -6 -75 51 -32 -6 -68 -47 -81 -30 32 72 95 -33 
2 30 -85 20 7 93 76 -14 79 90 -48 -78 -13 -94 0 6 83 -92 -63 -94 32 -78 70 -60 -94 -50 13 -83 -51 71 19 22 52 84 55 -75 88 -34 -68 74 14 -3 78 27 -100 -27 26 -3 89 24 -56 56 26 31 39 -96 61 66 -41 77 43 -57 21 83 -96 36 19 46 56 27 38 44 -75 -28 -38 12 91 75 55 85 -64 42 -12 -48 93 -61 -41 -11 -25 -48 -50 34 -82 -64 -94 -18 75 
94 2 -59 91 -94 51 -77 17 37 -75 69 -41 -88 -33 -55 67 8 -84 -16 60 -83 50 4 -91 22 47 47 89 98 0 -50 49 -54 41 -48 -33 -41 -21 76 -50 90 -34 50 -81 22 -87 16 84 -38 7 -77 42 97 -55 30 -92 -78 55 -93 77 -39 -15 7 9 -53 5 -74 -32 -98 -52 -1 -63 -52 12 -87 -52 38 14 -14 65 84 -95 5 -40 -69 -37 93 15 26 -16 6 95 -21 -63 41 -71 56 
29 -28 23 -66 70 -1 28 31 -94 37 -48 22 35 45 -56 -96 -86 -9 20 95 -74 65 7 -70 -16 17 40 -38 -20 -97 -96 -46 -83 -73 -74 -63 -18 61 -87 -57 -63 61 -97 50 79 -91 -3 15 21 11 67 32 37 -70 10 72 -89 -66 74 -93 84 100 49 -27 54 -3 -61 -39 -51 87 41 56 -97 -3 66 59 -55 50 1 -61 85 -55 48 -4 48 86 26 91 -85 -67 -83 96 -72 -68 -72 96 68 
5 -32 -61 28 82 -79 -60 28 25 -44 -28 9 44 -46 -7 -94 18 -47 -64 -70 -8 -22 -32 20 34 -77 -82 -82 100 -89 57 -34 -77 74 -60 84 -85 -84 86 59 -56 98 73 -31 -12 12 21 -90 -57 62 75 -45 17 90 -37 -41 30 -83 79 10 -4 -92 89 22 57 -94 43 43 74 63 85 56 26 1 -53 68 80 34 -39 9 31 18 -12 -42 87 15 -31 70 75 -78 19 -13 -90 25 -100 21 11 
37 -45 81 -18 -82 -53 32 60 88 -8 22 -46 49 42 -75 96 -41 18 -32 65 11 19 -67 43 98 27 -50 35 52 -45 19 9 39 55 43 -18 11 -22 -33 -48 93 -16 87 5 30 3 -43 21 -68 -4 77 -5 -41 -81 -76 -14 5 10 6 20 -78 -62 10 51 -18 20 -84 -30 -51 -11 81 80 -86 -39 -32 97 -61 -49 -58 83 56 93 64 -20 -73 69 9 -37 47 6 23 -15 60 61 55 -86 -70 
89 79 -59 32 21 -22 -72 -12 25 78 11 -18 93 12 22 13 81 69 61 33 -35 98 25 33 64 -23 -70 -63 -36 -38 -1 91 98 84 94 77 2 54 -99 57 -59 -15 99 -72 -60 6 -22 58 25 -34 40 97 -50 -44 69 13 -55 75 54 -28 -42 -60 17 70 61 -57 40 100 -84 75 54 67 76 58 -50 42 -40 67 -20 42 -16 41 -48 46 -74 -40 -5 41 68 12 -38 49 7 99 21 33 22 
40 -14 7 -44 -94 -54 12 68 51 26 -8 -17 52 82 -2 93 -91 82 -43 81 -88 -64 5 -94 9 52 -91 0 -34 80 -76 97 78 -47 -10 90 -67 -10 2 43 -65 -88 100 -36 -30 72 -90 97 46 78 -44 23 -42 39 90 84 30 67 85 -28 -39 47 32 39 -73 24 -66 53 -80 40 -22 70 81 29 -22 47 -64 -83 78 80 -95 -41 -2 -76 58 -89 53 27 -68 -10 -64 -41 82 -80 -82 -100 -4 
34 80 69 -96 -17 53 -60 -38 -85 70 -17 -43 -66 -80 39 0 -74 57 80 54 84 33 -88 2 6 -60 -2 92 -5 97 -42 52 -12 -5 33 -4 45 50 60 87 -85 99 -93 -27 95 28 -4 24 5 -53 66 56 31 -74 20 -37 -9 -14 -34 -67 -87 -31 90 19 -84 -94 -24 -52 -29 -88 52 40 51 46 -88 -7 -45 0 -37 -73 5 -92 78 62 3 -7 -72 75 93 7 -81 32 1 14 -84 -26 -42 
-64 -49 95 -75 -80 75 -4 30 -67 35 31 -20 -71 -100 -58 55 64 -98 2 -26 -24 -70 54 -88 43 57 23 -95 86 -9 -78 -13 -3 86 -4 78 -80 -92 -47 1 -84 -68 30 -71 -21 -88 -91 -48 97 -70 65 96 -41 71 -10 -5 -86 -53 -67 -85 56 4 -34 -40 49 -34 6 -50 -40 -10 -69 -53 -44 -16 100 -62 49 49 51 93 -100 97 -6 67 29 -34 75 25 -55 28 72 88 79 93 52 12 -46 
-62 11 53 -57 -17 -1 62 37 -75 -23 -78 33 43 99 -42 -3 -37 -20 -84 -67 -1 31 5 88 60 80 56 -58 -97 -77 73 7 85 68 78 89 -62 -46 -71 66 -45 64 -81 79 47 71 -3 -75 87 -95 -54 95 -16 59 -34 -5 -86 -4 -11 -11 20 -61 28 3 -27 76 86 -93 -11 -9 -71 21 77 -71 1 28 -88 -56 46 53 63 -55 -69 -96 16 22 -42 8 9 -80 -66 -70 -8 -100 -95 -19 -23 
3 -4 -22 -7 -31 -54 80 -88 -8 79 -45 16 39 8 5 70 74 -6 94 -62 12 -50 79 -26 -98 -30 23 68 -57 -48 10 22 -18 -28 -97 50 -81 -46 43 62 67 77 -55 -73 -17 17 -34 83 63 -24 -80 94 -54 34 2 81 20 -68 -2 -48 -54 86 0 50 71 -32 4 -82 -53 6 44 14 -63 -54 71 -77 -98 4 -48 88 -46 -68 -11 -8 -62 34 -46 -68 -11 -53 -2 -58 97 -56 -48 -89 33 
4 -52 70 -73 0 52 19 -95 56 -50 -99 87 -91 51 16 59 30 -66 -82 -81 -45 26 -72 -87 -100 -93 3 -85 54 87 -70 25 9 68 -24 -51 99 54 58 49 -38 -88 -24 -74 -61 87 29 -65 71 87 -54 17 -95 -96 -6 63 7 59 -79 63 -9 58 -66 -37 6 -90 86 97 23 -6 20 21 61 87 33 -70 -79 49 -74 1 -94 -44 -50 -64 51 -77 66 87 63 -83 37 29 -25 100 20 -60 51 
28 -3 -22 -48 33 37 49 -26 6 -30 63 100 -48 97 -36 36 -57 23 4 -66 41 -86 -84 -48 100 73 66 96 56 78 -28 -43 0 59 -1 52 10 -39 28 6 81 38 65 90 -45 48 39 50 -79 -64 66 42 94 -38 52 89 -84 20 6 67 -9 -98 99 42 -4 -33 27 -48 -66 -38 67 48 -21 15 -16 12 9 -69 87 -56 -60 66 -60 -75 82 87 23 -48 52 -12 -31 82 -12 -86 10 0 18 
-3 -96 -50 -72 -89 25 91 -2 48 57 89 -35 42 41 -54 -35 97 -26 -26 -81 71 -49 -27 67 57 58 30 -26 18 -67 -56 91 -78 -99 -76 94 91 98 -60 -77 58 79 -27 -78 7 99 -2 -81 55 20 93 -16 90 33 4 83 31 81 66 -65 13 38 -17 21 30 -88 17 -67 -71 1 1 31 73 41 -63 -30 64 -42 53 -79 65 97 -73 -89 -4 -35 86 5 16 87 100 56 3 50 3 -89 -39 
-49 26 -49 -28 -95 89 -13 27 5 -59 -73 -27 63 -61 79 80 81 -54 48 92 99 9 58 87 -44 82 52 1 -56 -48 45 52 83 70 44 -19 57 31 -18 75 32 18 28 -95 45 -22 18 -57 -70 -73 -92 -57 84 -82 67 72 9 58 -23 -66 -61 70 16 9 9 -95 86 56 6 100 -83 36 -36 -16 -51 32 82 -29 -18 -25 43 -12 24 -67 -55 -39 -38 90 -73 76 71 -3 22 -37 94 21 38 
29 47 40 80 -92 70 -1 -48 -37 90 82 -11 38 52 27 89 28 -48 67 43 -81 14 -99 32 -95 76 -4 22 94 -30 13 -98 69 58 57 -100 -83 -33 -98 86 45 -63 -96 90 35 89 -26 26 -31 35 -48 -85 -49 -6 -95 -15 62 -91 -46 68 99 95 80 -75 70 -96 25 -52 -12 -61 28 -29 -3 -10 45 61 13 -90 79 -90 -52 9 -60 -32 -89 -74 4 -57 -53 -3 100 -57 27 50 -22 70 64 
-31 94 79 47 21 -25 15 19 -87 27 -93 -43 -22 21 14 16 -86 89 -24 -25 5 -81 -21 -13 -47 15 79 8 55 28 93 33 63 -27 30 4 94 -60 52 -3 53 -48 -30 -25 18 -76 -4 -70 67 -67 42 -55 8 -28 -32 -6 84 21 36 -14 64 34 -12 19 -66 -74 -70 30 -26 -72 -24 97 30 -49 -49 53 56 -61 93 -88 -43 -62 76 15 71 5 -72 -34 -65 27 29 95 -59 67 -28 3 85 
10 -97 37 -16 81 -79 -88 -100 54 -16 72 -63 63 -7 98 89 52 66 -94 -41 83 85 -30 62 -48 -56 -67 86 -97 71 56 58 -30 -81 7 -19 -85 -8 -44 -60 60 13 42 -90 -73 45 97 -25 83 81 24 8 -68 41 -86 -10 -73 -59 37 70 99 -65 -57 -68 41 43 95 9 0 -58 -54 -59 33 -33 -68 -62 78 -53 44 31 -5 -95 -71 -50 0 58 41 53 61 -43 61 -56 -62 22 -45 -12 56 
27 -86 -36 84 62 -62 39 -9 -100 35 -66 -45 61 -28 -25 -83 -86 -22 66 61 -45 -84 16 -18 -14 47 0 -55 -53 -3 76 -51 -93 2 32 3 53 55 -48 18 20 -80 -78 76 21 64 21 -32 -20 85 71 88 -29 -5 -13 -38 -36 -99 38 -87 4 90 -34 -78 95 -84 -67 -92 -88 -86 51 -20 -15 73 64 -26 -41 79 41 2 10 93 -77 -74 -67 -21 51 44 33 -36 -92 28 -49 -51 0 60 -48 
-93 5 -93 -32 -99 85 -97 -59 -84 71 -25 -78 -87 1 -36 -74 24 -22 84 -8 -5 -59 -89 -93 -14 100 -63 -80 -36 -95 52 43 -65 73 -69 -47 -67 97 -38 74 -19 -76 95 -32 -21 36 -28 -76 93 0 57 24 -28 -45 18 71 96 -97 99 47 4 37 -84 -55 47 65 17 95 -21 34 -18 -52 0 41 63 41 22 34 3 -81 -15 24 93 -67 90 -71 -3 66 76 78 76 57 -72 -84 82 95 3 
31 66 94 67 -89 39 -74 -6 89 -26 79 -47 -37 9 -78 8 -16 -16 -66 67 71 42 84 29 -26 56 44 23 -99 68 -3 73 31 10 -45 95 -90 91 -41 -50 41 -85 55 23 -35 86 -41 -88 -21 38 -20 -16 5 -44 82 2 84 -68 -60 41 7 75 13 18 -12 -85 -72 -21 82 48 6 28 -99 66 -4 9 -65 75 -88 -81 -36 -15 -83 90 -78 -18 -51 50 -68 -2 78 20 45 -30 -89 100 69 
-15 -21 -39 87 -30 -61 -41 -100 78 91 93 11 -89 -87 38 -73 69 90 83 -62 47 16 14 48 50 52 -49 36 44 52 73 -82 1 83 -53 -11 -90 -79 31 -34 -72 16 -95 14 63 2 73 84 17 -82 92 4 35 92 81 81 -39 -26 29 68 49 85 3 -77 72 50 59 -56 35 -40 7 69 6 8 57 93 -44 85 29 20 95 -14 77 40 84 59 3 -61 -36 15 48 -11 -92 -81 -19 82 -94 
68 60 24 33 97 -66 40 -94 58 36 -41 3 65 58 -2 -64 37 -24 7 -53 -5 -31 -13 2 48 30 -2 74 -21 -58 3 -94 25 -46 98 -93 17 -57 64 -73 87 -50 -5 -38 25 -5 100 69 35 -31 -92 -60 49 20 98 -18 -17 -92 -91 -62 54 -12 -38 -21 53 58 -99 64 97 22 95 14 -40 -74 37 91 69 95 -49 -92 46 -6 76 -4 40 -92 24 -44 95 -18 77 -51 54 -70 -66 -35 6 
84 63 -36 -83 43 94 -46 -23 -96 85 -5 75 54 73 94 68 36 -14 58 -34 23 -73 -42 48 -25 89 33 58 -32 83 -52 -54 -92 -97 33 18 -38 -60 33 91 45 -5 65 14 33 63 49 35 -51 -32 80 42 -54 19 -99 -93 -73 -35 64 -92 38 28 16 31 -1 -43 -9 -28 -33 -22 20 -82 -21 38 57 -38 67 -92 -70 77 -81 78 69 -72 -25 7 98 7 32 83 -53 55 57 -77 57 42 -75 
-82 80 40 -51 -89 31 -83 71 47 -41 -57 -30 -24 11 -50 10 80 26 8 -72 15 34 -53 3 -47 1 -9 -15 5 -29 75 26 96 -40 -45 -18 0 18 15 72 -19 -85 58 85 90 -70 -83 78 -68 37 -51 -87 -47 -87 -54 99 25 -60 -3 30 -46 51 -77 -38 -96 -37 -14 12 -40 -19 -6 85 -77 64 100 -26 22 51 -91 -55 -16 -42 5 -62 3 13 83 -85 40 -80 67 17 -66 74 -38 32 10 
-93 26 -95 -51 60 -69 -70 0 98 1 -48 -15 -30 28 -11 84 -98 67 24 -39 99 -68 -10 -37 80 -57 -93 -16 -17 37 -89 -39 -28 -92 -25 20 51 3 62 83 94 13 -29 -12 42 28 -33 -68 25 39 62 -98 61 42 -72 -80 -61 46 -20 42 70 -5 14 -75 83 60 97 98 -55 -66 -66 56 -57 -70 29 -21 -97 -48 82 13 -53 27 -19 92 -43 66 34 54 -91 -4 60 -31 35 -75 -28 -37 6 
19 -49 81 3 67 31 -20 75 35 -1 14 -41 44 -72 -38 -55 45 -98 68 78 20 15 39 90 -14 -39 -34 -85 -59 -61 3 6 47 75 -29 -9 20 83 -40 -34 -13 -78 12 -24 92 -31 11 -34 34 4 -19 7 -44 -51 71 -63 -98 80 -70 90 69 -30 8 11 -2 -28 18 57 22 51 -92 45 96 22 82 77 78 1 -25 62 49 -28 49 23 7 18 -97 -74 -9 -5 -4 36 83 8 -9 39 -4 
-11 96 -76 -65 51 -27 -62 -29 32 37 2 50 -53 64 53 61 17 -88 34 46 -54 72 74 -32 -27 -60 81 -6 8 74 -16 55 2 95 14 -2 -10 47 9 69 -100 -68 -29 37 96 28 59 -22 -22 -82 2 22 -25 8 4 34 -20 -49 97 35 20 93 -33 -89 -39 49 -58 -33 100 -95 -68 -88 -46 90 -97 5 -96 -56 3 -26 -18 96 64 -44 -22 -62 90 -72 -100 19 41 -3 5 -56 -62 -94 -95 
22 45 18 -74 -83 -85 -100 -14 91 -54 -9 11 -75 43 -54 94 -41 73 67 10 29 -83 38 8 -10 41 -33 -42 -60 49 -31 -21 29 26 1 -36 -14 -34 58 58 -84 61 -12 50 -30 73 -80 -18 -89 51 -53 -40 -37 39 -7 -7 -8 72 19 -31 39 -22 -36 73 -24 -63 -44 -93 -37 -11 52 72 -1 13 -45 35 90 -61 94 18 17 8 -64 28 -82 50 71 -48 23 -14 -55 38 40 23 -80 11 79 
-24 -20 -15 42 33 18 -39 -31 26 24 -56 21 -99 -79 33 22 19 81 5 -34 -61 91 -28 -89 -76 -1 75 -37 42 -9 -32 93 13 -43 -81 30 78 47 -51 -81 -67 89 15 28 -11 -8 69 -42 24 -59 33 -23 86 -99 78 -59 -62 82 -90 -25 -75 -58 -69 85 -100 87 17 90 -85 27 28 60 100 -13 -99 -80 3 93 -62 34 -24 50 -36 7 -88 33 34 91 -61 78 -57 16 1 13 -65 58 -53 
76 77 69 -35 48 -55 -7 -18 -91 35 78 74 -35 72 5 -77 -3 50 -77 39 -80 -48 -98 11 48 -65 -32 28 -37 -95 22 29 31 -58 93 -61 65 27 -21 -29 -35 -100 32 60 10 25 -11 -68 30 83 73 46 -5 51 100 51 -35 -46 -85 -75 -7 -87 69 -39 16 -36 -4 -59 75 0 -33 14 -89 62 54 -4 -84 26 -36 46 76 -38 -14 38 -34 28 89 66 53 65 12 33 -55 42 -20 -79 55 
2 24 69 -8 -52 -26 18 -56 7 60 -12 -50 -19 -49 -16 -21 -30 -78 -88 -53 80 71 -43 -73 57 79 13 79 18 -41 -32 49 -52 64 -61 -99 25 -23 96 54 44 8 66 -81 -81 -67 -68 -37 -85 -94 80 -22 34 -81 6 31 -13 -40 81 -70 51 34 -40 -54 84 49 -73 48 -61 98 73 -57 -91 22 61 -61 -97 -83 14 56 36 -6 -3 6 84 -73 96 79 94 -32 27 45 86 -67 -14 -25 52 
-2 -72 59 -38 53 -46 59 -66 -93 62 80 18 -34 58 88 -74 99 90 96 79 76 90 91 35 78 19 45 -30 -61 -17 69 -75 -31 -25 -94 -54 -44 46 -24 71 -67 92 63 -77 87 -53 55 73 -74 46 -99 -30 -91 39 -60 44 57 -53 65 80 -38 -85 -35 34 -100 82 49 65 -27 82 69 20 -28 -51 -5 55 90 66 -44 -41 82 -2 -70 67 44 -97 34 7 10 41 27 -96 -13 98 -3 85 -77 
49 6 73 -67 66 12 -15 44 39 -59 -28 92 74 -56 77 -62 -78 0 87 -26 -3 -90 -79 97 -11 34 -95 47 74 3 42 -47 -10 25 -19 -5 -93 -24 62 -77 -94 -61 -1 52 77 -49 -35 66 -70 -52 -71 -84 -3 26 3 11 77 53 -79 -82 -57 78 -39 -94 18 -74 -100 -32 83 8 -44 -1 -87 13 30 -5 84 77 54 -20 -24 -11 -17 -47 84 46 93 -50 76 -89 -4 38 -55 -3 18 -3 -96 
-68 7 -12 30 1 0 98 -31 -42 17 68 0 -51 30 -98 56 -37 -36 8 33 -12 63 -20 -47 -11 -36 2 30 -14 95 51 -1 41 -80 99 28 -99 31 8 -97 -61 -77 92 -87 -96 -40 -65 23 86 -17 -25 49 59 4 -8 -69 -29 1 24 -4 -50 -79 -88 78 -87 2 -14 -91 -3 24 20 89 15 13 -66 -88 37 39 51 -51 -57 42 31 96 -2 -70 -82 -33 -5 -72 -19 -79 -41 62 -37 87 -26 
77 -33 -3 -40 46 72 -88 -92 -55 86 -97 -88 -59 45 43 -10 -82 -2 -82 -30 65 -82 83 14 -57 24 47 43 -87 -25 -21 -31 -39 94 -69 -45 100 -55 -5 18 72 55 -100 -93 1 -97 21 81 71 -63 15 3 75 -6 66 98 -55 -30 -97 -65 -5 37 -8 -24 -24 90 -21 -45 44 -17 56 67 -73 -86 -28 -89 -9 38 85 18 81 -47 99 34 -95 14 -80 -50 40 -95 -92 34 55 -38 -87 -59 7 
-33 -29 -19 -89 52 30 96 21 -74 61 -48 36 -24 0 24 -25 -32 -46 -3 -35 20 -58 22 86 -72 91 -95 -38 65 98 5 -44 82 70 88 93 76 26 99 -18 -99 -49 -10 70 79 -66 -15 -22 -90 -5 -31 -9 93 -68 34 -22 50 -63 -87 -83 -75 9 -95 -11 -52 79 80 72 62 41 -9 48 47 68 28 -74 59 90 -81 91 -27 6 -41 -21 95 99 -60 68 33 -32 80 5 -83 -25 77 -31 59 
24 -73 26 0 13 -71 8 -95 77 -9 84 -26 -100 -41 -41 41 40 2 -55 -63 89 -34 14 41 -9 29 -48 29 63 -31 -4 62 75 52 82 -41 -67 -86 39 20 51 79 -72 -21 -24 71 14 -17 53 -48 -2 5 61 -25 -67 -77 -74 -35 93 -61 63 -80 75 -65 90 22 35 49 42 -64 50 96 54 83 84 -6 56 -27 -50 -92 36 26 -59 -33 -7 12 -26 63 60 70 77 -54 1 42 -65 -21 -94 
-92 -83 32 40 -38 -82 -14 -66 26 -100 32 -94 -95 74 -98 -7 43 87 -6 68 77 36 56 -77 3 -61 -100 55 58 -3 46 47 60 89 -97 -76 19 82 -70 78 62 67 -99 -7 97 100 -90 -40 -79 3 56 -97 75 74 9 99 -40 20 77 1 -37 19 43 -30 88 69 -81 51 51 17 -90 40 13 34 -88 -23 63 -44 62 -76 -30 -30 34 13 49 -12 -82 49 79 31 -34 -91 81 -2 75 -48 6 
-51 91 -33 -9 40 56 66 -99 49 -97 49 -69 -58 38 30 35 -80 13 -98 -14 -100 7 -72 69 86 -93 -22 -60 64 3 42 98 -57 78 10 -98 33 30 54 75 -37 76 -67 -20 -1 -69 92 -61 -65 24 -46 53 74 -42 11 28 68 -26 -88 3 57 100 60 84 13 -50 -54 -74 -15 6 -45 -76 45 4 -70 53 20 49 85 80 28 35 -7 -91 -44 100 51 33 20 62 -66 -92 -92 -34 72 9 -12 
1 -38 56 -76 23 -94 -97 -81 -6 32 -49 43 0 100 72 34 87 87 -93 25 29 21 72 16 -21 -96 19 -88 97 -4 -63 -91 -82 97 -31 58 32 -88 83 -40 26 -86 32 66 -54 25 -10 38 66 93 54 60 48 70 93 -100 40 -38 39 87 -42 -55 -83 -34 -87 -72 -19 50 -72 -44 46 -39 -13 -81 -100 51 15 -63 18 -46 89 -78 16 6 87 -39 53 -27 -43 -75 -25 -23 -91 -3 -53 -42 16 
-43 -41 62 -26 -95 -52 -98 45 -99 -47 5 32 -28 -10 98 -87 -41 -3 71 87 32 32 -20 -66 23 -25 15 -55 0 68 49 64 85 59 81 41 -51 -7 10 60 67 11 90 81 -42 -15 57 -85 42 96 64 -36 41 -60 50 -30 -31 58 -50 76 -41 5 -4 -37 37 19 55 13 -14 75 47 34 34 7 -86 -40 27 -22 54 -11 -43 84 15 50 74 -55 97 49 31 -82 47 -74 -41 88 -27 -56 100 
78 -30 5 83 -51 52 -46 -77 -33 62 -70 -66 76 16 65 44 77 -10 -6 90 -6 -43 -2 -7 -16 -96 -23 -93 -38 14 -59 34 -49 44 77 -60 -39 -34 -80 32 89 93 59 60 -79 26 53 54 18 32 5 85 54 48 38 -1 -67 -14 26 -72 88 -94 -40 50 83 91 83 82 -97 -2 65 -22 -37 -27 -3 -34 85 -18 -52 -23 56 -52 53 -10 94 61 -17 54 -30 79 -12 -83 -72 3 27 -25 1 
62 -94 94 -16 81 -92 -16 9 0 -36 -58 13 -52 20 21 34 78 -99 84 -60 73 -46 -50 -36 8 -38 -49 71 -21 -80 -24 0 -78 28 90 -31 64 -37 -16 76 38 7 -99 71 -1 56 14 -77 4 14 -58 76 49 30 98 96 -16 48 55 92 -34 -14 16 30 84 -61 84 91 59 -90 -43 77 -98 68 10 43 -31 -61 -53 71 -7 -71 55 48 -98 -90 -12 -37 -98 16 80 3 -25 -64 -77 61 24 
-25 24 29 52 88 0 -12 14 31 -24 -24 -12 88 2 90 31 -84 -24 39 7 -75 -93 96 28 39 -20 -54 95 -71 -51 2 -76 -44 -53 56 -63 42 14 27 -65 24 -27 79 -32 -80 67 -38 37 44 -4 -64 64 51 -16 -68 27 20 8 -44 -64 -15 -73 98 -59 -59 39 3 6 -56 -12 -8 43 -51 -39 68 43 41 74 -13 21 -61 -61 -89 13 70 31 -99 42 -18 59 86 50 -19 81 -70 -13 -12 
13 100 -95 -72 95 31 74 21 -48 -37 84 -63 -53 40 26 0 -65 57 -91 -11 77 -27 62 -91 -81 98 -68 -65 -77 48 -99 -66 3 -29 -80 -25 -23 87 -96 30 73 89 89 64 -40 -26 7 -1 31 -76 -63 -37 -54 55 28 -60 89 -94 15 62 -84 95 31 -70 14 -32 -1 82 61 -49 -33 -85 65 18 -4 -18 -5 -57 -6 -3 53 -70 95 -94 74 -40 44 -72 38 -95 39 81 -37 -77 -48 -63 -7 
7 19 29 -9 56 34 67 94 21 -97 -25 -19 7 -99 47 20 -46 9 -81 -36 28 -84 38 41 -75 6 31 60 -93 98 -67 8 28 51 75 5 -78 -8 79 -16 66 86 -60 70 55 58 -54 -84 53 -71 10 -64 62 -47 63 -47 -9 29 47 43 -14 -75 89 -56 -18 -58 3 83 45 48 -66 -36 63 0 -12 -60 74 -56 -58 -98 76 47 -77 -76 11 88 88 -42 -44 45 92 -24 -94 -51 90 -90 -79 
-84 -57 -30 -14 58 -99 -50 66 -4 -26 6 31 -53 -65 87 -5 89 -38 -98 -65 -37 -33 -96 -66 -69 46 -50 -2 -96 -63 -35 76 -7 46 -11 55 41 50 26 18 -30 -1 -19 41 -83 26 -10 -73 47 20 -34 -96 48 91 22 -43 -6 11 14 0 77 95 -6 -18 54 -12 -25 93 -21 -27 60 -98 9 -29 10 9 -50 -82 -26 30 78 10 43 -70 -48 -77 22 32 -55 -91 -84 18 14 56 -32 50 -46 
-30 -9 50 -14 -49 33 -8 44 48 -92 7 -84 -36 -99 87 37 99 56 -65 -19 35 77 -21 59 55 -59 -70 -43 16 46 -27 66 51 -81 14 -84 57 96 98 -67 49 60 21 68 13 69 -85 27 -63 -34 -46 85 96 -65 -93 70 -80 -63 77 6 -36 -93 37 64 -73 91 -21 -48 42 28 -35 62 29 -25 31 91 -98 18 -85 -6 2 76 -76 -99 67 -33 36 -56 75 -2 -53 -61 75 89 22 -93 95 
80 20 -82 -60 -10 -71 -39 34 -36 -31 34 9 73 40 -71 -24 95 51 45 57 45 -64 -52 15 97 -49 -18 21 -65 -60 0 -98 46 54 84 35 25 59 -46 -33 -80 -42 39 -17 -99 -94 20 94 -68 22 -23 71 96 -67 84 69 -96 -59 -73 91 18 -18 55 47 87 -37 -63 44 -8 62 24 89 -99 18 92 -56 53 -18 57 78 -53 41 -11 -74 54 -23 -76 -5 -81 -39 -98 73 64 92 -18 59 30 
-5 -56 75 -89 -70 92 16 39 19 24 -31 -74 -45 86 -65 69 9 58 -37 79 -90 21 51 36 100 -13 40 -5 100 88 13 53 -19 95 91 -61 95 80 16 47 43 41 34 -97 -16 78 -100 -14 28 -38 69 66 -27 -96 5 18 22 78 -36 94 84 -15 -95 83 87 -35 59 -49 23 89 -48 -57 -10 -53 -56 74 82 82 83 -54 -49 -75 -2 -70 45 9 77 11 -42 -42 71 10 -57 31 -60 -31 13 
-74 93 7 -31 95 12 -67 -1 94 -24 -31 30 46 -41 -20 -40 -82 56 87 -35 -8 -36 -87 -87 61 72 58 100 -87 -23 -54 49 -83 -16 -30 -22 -75 -3 51 60 -67 -43 39 -26 -17 -16 84 27 -7 31 44 66 25 46 88 -65 -15 43 -50 1 15 -45 -89 18 -79 -9 62 35 98 -59 -89 -7 40 -45 85 50 -6 82 -25 12 -35 38 50 -92 -71 75 20 -40 -91 83 21 67 88 -34 -53 69 91 
-5 29 64 83 93 -72 -35 -67 -2 95 -59 -17 56 -40 -96 36 57 -49 41 -11 -51 -72 10 56 14 37 -20 92 7 -43 69 88 74 -24 36 43 -29 -70 76 79 -82 -78 -28 -56 -62 27 77 61 -14 100 13 2 -75 27 -79 54 5 -5 -82 -2 81 49 -59 -71 -52 -71 -38 35 43 -98 -66 -17 -32 -23 28 79 4 36 99 -89 -55 -21 -41 -94 -3 22 75 -97 -98 -33 -17 65 77 -28 50 75 87 
-91 -46 91 19 24 -4 -36 -92 -95 -99 -18 -77 4 -85 -72 -13 79 91 5 -75 -32 52 -15 73 71 18 -86 -98 65 79 43 -60 75 69 -40 -83 -22 -51 -22 -23 -71 40 25 24 -24 25 -87 -47 31 -6 -43 -9 19 48 -78 5 84 81 89 44 0 69 57 -23 49 18 -9 8 -86 -90 -92 17 -16 97 90 -45 42 77 82 6 48 63 -77 -16 27 12 94 78 53 46 -39 -29 87 -69 71 -48 -10 
-89 -40 64 75 14 -36 -5 -95 40 54 49 44 22 -23 -63 25 13 69 -26 -66 -58 -56 -22 -67 -37 -31 77 75 -65 -18 32 -35 -30 -8 -55 29 -36 100 -16 -29 -30 -60 38 21 25 -85 12 -6 -61 -74 -34 25 55 -61 2 69 51 8 -35 -84 66 61 -56 60 21 -9 42 20 -14 83 -30 -61 -57 49 -30 -45 -13 44 37 92 -40 -72 86 56 -92 -69 -65 -89 90 -12 -82 -19 -1 -69 90 -18 3 
99 0 -28 -71 -65 -18 -9 -1 -37 83 -53 78 56 -87 72 48 23 53 10 64 62 76 -71 -93 -84 -39 22 -39 9 26 -77 -78 64 -43 8 25 33 -46 -25 -9 -61 18 45 25 -1 17 -8 100 78 79 21 81 -25 -52 -47 60 -70 4 99 45 44 -87 49 52 -50 57 -28 -46 -87 96 -54 91 -86 47 1 -85 -78 -42 43 -63 73 14 -34 -39 -79 37 -92 99 -94 42 0 -37 19 33 -8 -13 -53 
-28 -27 -49 50 0 14 71 -49 -1 42 -95 17 -76 94 65 59 -97 98 85 -35 -25 -6 -5 -21 73 -66 11 -47 69 39 1 -86 -82 -73 84 38 -84 -12 24 56 81 -1 -59 56 45 89 85 -77 51 77 -77 -8 54 86 95 79 -75 100 -42 -37 63 15 95 92 64 71 14 88 58 -31 -40 23 -92 -35 -63 -36 -48 -93 -19 -28 -53 94 -33 -36 84 43 79 -76 6 87 63 -21 77 -98 56 34 -18 
-78 -18 89 12 -96 -61 -41 86 -36 -85 -97 99 -25 -31 2 -6 -94 64 23 -29 -56 58 -99 55 -39 52 -36 -15 -29 60 11 57 -78 27 -29 0 -20 -69 -14 -11 -22 -98 73 27 90 -57 55 48 -44 29 48 4 67 -83 80 -29 15 -70 -6 19 -17 77 -9 -27 -92 -78 0 -11 -27 -96 -86 45 11 92 -24 -98 42 -42 13 64 -4 -30 56 -97 95 53 -34 49 -34 -90 -12 48 64 23 29 -86 79 
10 7 -7 -1 -90 -96 19 48 54 -82 -7 -43 -96 65 -97 56 -25 -40 79 -68 -47 63 -21 16 -40 96 -42 -54 -81 -11 42 39 -61 57 85 -31 79 -53 -49 96 22 -96 6 -11 -94 -33 96 -86 17 15 2 -10 -78 -56 66 2 -75 46 -88 31 46 -66 87 85 4 -43 -58 34 -88 27 97 30 22 71 -22 -87 -67 -20 -39 16 76 -25 -14 21 -100 -57 -94 -78 -24 -62 73 -78 97 -14 -30 73 -5 
