62 -81 95 69 60 45 -96 85 76 -36 64 -75 78 2 28 -48 63 94 37 -98 88 14 69 -95 44 -7 29 20 49 33 -41 37 -53 -66 68 -9 -7 84 83 32 -60 -17 -8 1 -16 -41 86 
14 79 -31 -21 29 98 70 -100 33 55 -89 -58 20 -31 62 -82 51 -1 50 -83 -70 11 -6 81 -19 68 -87 -57 24 -61 -31 80 13 34 50 -82 59 -94 -57 -21 -50 85 -11 -43 8 -90 33 
-58 -89 -55 -66 -56 72 -63 -39 45 27 -8 -89 14 20 -74 -17 19 -47 -56 33 -35 76 -54 -64 76 -85 -18 90 -26 -81 -13 8 -4 13 -36 92 -24 80 -29 -13 28 -3 37 91 -66 -1 -90 
41 40 15 -12 100 1 -16 -28 76 -35 -28 -7 10 95 -93 8 -28 85 -3 -89 17 -92 -27 -91 90 -79 57 -54 -68 -13 38 -32 -100 10 -15 100 49 18 56 -91 36 22 -66 42 -27 43 -59 
38 46 51 45 59 -71 35 59 -58 11 90 25 39 29 -1 -14 -79 -65 9 -87 92 -69 -28 -5 17 80 -77 35 71 -36 -93 66 73 11 -19 93 -65 45 88 81 -20 90 28 21 15 -84 -79 
-44 -77 60 -29 47 40 -31 -4 44 -36 -23 42 73 65 83 91 -29 -16 40 -41 -5 -65 -80 67 37 -56 32 70 62 -12 -3 -21 16 52 -51 -91 -17 -51 -68 63 -43 66 -65 50 78 -47 -71 
89 27 79 80 89 26 75 94 21 19 -10 -85 74 50 -72 2 8 21 12 -97 42 60 -18 -1 29 11 29 -27 73 -81 95 -89 -30 -88 35 -63 65 58 18 -5 72 99 3 -17 -39 11 72 
-59 -85 -45 37 60 -44 -46 19 73 -83 -17 -32 -1 -64 82 21 -69 90 28 41 24 -94 91 -47 -44 98 4 -83 9 -75 -84 -11 46 -78 -92 -46 31 -69 75 -79 86 -74 -79 73 -77 -25 87 
35 100 55 -13 -75 3 97 -38 39 -68 96 38 8 -25 48 -42 -18 -5 -17 8 95 55 36 -41 -59 52 90 78 44 94 -15 35 -87 -76 -84 0 28 -54 -29 -7 -12 -74 66 -62 -37 56 -66 
-90 -19 39 86 -10 -29 -28 37 19 28 70 1 -13 38 49 -76 37 52 -72 22 39 66 83 -14 31 -61 -66 69 75 -28 -85 9 -55 -86 -51 -70 78 4 -42 94 87 -75 -91 44 56 32 -97 
-69 -81 25 43 92 -65 -8 -78 14 -87 60 -21 52 37 -1 -84 77 76 96 -73 40 -56 56 -17 57 9 -75 -94 96 -55 83 51 66 -80 -63 26 -4 -86 -3 13 -82 -55 -72 -76 6 73 65 
-61 93 16 18 82 93 -61 64 31 -56 100 54 -57 68 19 18 -13 -17 58 -9 12 -76 -86 54 -77 -70 30 -89 -26 37 -49 73 14 -44 61 22 -90 39 -7 -55 95 35 28 20 -14 36 -66 
-25 -27 83 -66 -61 33 -6 91 7 8 75 -76 -92 2 17 -17 94 6 52 -75 19 59 52 35 91 -72 -15 -76 95 -49 -50 45 -42 -52 -29 72 -44 71 -1 100 -97 -47 65 -50 0 68 1 
-35 -17 31 72 77 43 34 46 -56 -28 79 -94 18 -52 -67 -66 97 57 -13 78 -19 1 33 -97 -75 -33 0 -52 -33 -40 62 29 36 -82 5 88 -98 -100 -63 81 16 -98 21 78 43 28 -81 
71 40 25 -81 9 -46 -60 8 22 34 68 -1 -94 -36 -33 -11 -20 -51 63 -20 95 -71 2 58 -3 100 -42 -75 58 76 -16 -98 65 -20 70 -72 -82 -50 17 45 50 -33 -23 96 22 -43 -60 
26 -23 -41 5 73 63 -65 46 38 -24 -39 97 -71 -12 -55 -12 37 54 100 61 -35 -31 51 -22 -38 26 -36 -68 -60 42 -46 -85 -26 83 -22 21 -29 58 50 -74 -15 30 70 39 -66 49 -81 
-93 -2 -59 -37 89 51 -6 -42 -52 -72 96 27 70 -9 7 -20 -4 -16 -51 96 -40 82 70 -40 -53 -73 22 -50 -48 -33 -5 -42 63 70 -70 -6 0 -66 20 -89 63 -72 -48 -88 31 77 -20 
15 -48 -29 -33 -38 59 -92 -91 47 -87 47 -83 -37 41 -88 -48 -38 -58 -100 -30 88 76 95 -22 0 -53 -53 -10 64 -70 59 -7 -52 -15 56 52 43 72 78 15 -26 73 65 9 3 -61 55 
-51 -30 7 -64 18 -2 96 42 77 -6 -95 38 27 21 48 -40 85 -8 -4 99 92 -65 86 -16 28 -82 85 6 24 23 19 46 99 -95 -4 9 53 -47 -62 67 -35 -85 53 6 38 79 -66 
-68 15 -99 66 -47 81 2 53 -60 70 -4 -53 -43 61 28 39 85 14 81 -77 -86 -93 -52 -84 -5 62 39 61 -62 64 57 33 -53 -33 77 -59 -30 -89 -82 -97 -5 -99 78 -5 69 60 40 
-85 71 88 88 -77 93 -41 25 6 -72 -36 68 93 86 -24 82 -68 21 -74 -48 -11 67 -43 89 -30 -47 75 54 -100 -67 -63 87 34 11 -54 56 97 -55 -80 -91 -1 48 33 2 -42 46 -80 
-25 21 -87 -55 -29 42 89 55 -72 -44 69 -34 -12 9 -33 -32 66 -74 67 64 -55 -57 -92 -90 58 -37 53 -98 -21 -52 -49 16 -96 69 19 -12 58 -30 -44 -69 56 -41 85 -88 -27 -83 -79 
32 -30 -49 41 -41 -1 0 58 -86 -3 -33 -92 -33 -98 50 -96 -24 97 -23 -29 63 60 50 -13 43 -87 35 -50 63 16 -10 41 -98 100 79 -41 -52 43 73 -24 76 75 58 37 95 -58 -67 
-81 -53 96 -6 -58 74 99 1 9 90 -67 -78 -67 -55 -65 64 1 99 -68 78 45 -66 35 57 99 73 16 65 10 -39 -20 -80 -90 11 -47 -3 61 74 -60 21 99 96 95 -48 -45 48 -13 
99 96 -16 -21 71 33 -7 62 -29 -30 -18 18 -48 36 -27 -74 -66 -62 -97 -92 99 69 -22 19 -7 -43 -21 21 27 -18 7 -54 -38 5 29 -3 79 80 -46 49 -84 34 -69 19 -54 2 47 
-32 12 48 6 -10 -36 0 -65 -70 36 75 25 70 -76 -71 73 -31 57 -39 -37 -10 82 60 83 99 52 77 80 2 -44 3 -66 -90 -35 77 -58 -33 -43 -5 -50 -17 78 -90 -3 58 -26 74 
18 16 -61 93 50 -85 34 68 -58 -98 98 -92 42 -84 -68 -11 61 28 -98 38 5 -74 -14 42 19 -80 -75 80 -91 -17 -34 80 28 -48 -78 -78 45 31 -18 41 -82 82 -50 3 -16 -12 59 
-10 45 -28 85 -17 86 87 90 -49 -77 92 9 50 87 38 -77 36 98 -97 30 -16 -72 44 89 98 -81 -3 36 -86 28 -99 -19 -99 -63 91 -43 -4 34 -57 73 55 76 1 -36 -12 -75 -96 
-96 7 41 52 -75 -44 -25 51 -84 3 45 -57 -43 10 -37 -85 -21 -84 -46 -9 18 -99 -79 8 75 -12 27 -42 96 31 1 53 33 33 61 -28 -2 -47 91 32 -39 -18 -31 -93 -1 -21 69 
-3 15 -42 5 -76 -9 13 -64 17 -6 -47 75 97 -72 44 32 -81 -5 -89 94 20 22 -66 44 87 -5 -28 53 -36 -86 -49 52 49 80 1 83 14 -45 -1 25 94 -62 13 -60 4 -66 56 
-24 37 65 -84 -97 -94 19 -17 -94 72 -35 76 -32 82 -83 57 -65 99 -33 -92 49 99 32 -68 24 -75 41 -97 -10 16 -92 40 38 -60 7 -47 52 20 3 36 47 78 97 -7 92 -79 -29 
-23 19 -17 42 48 13 -71 -48 10 -17 -8 45 -52 -24 -36 -42 -95 67 81 -54 49 69 -6 21 -7 -19 64 99 62 27 -58 -33 96 92 -5 -14 77 -15 72 13 5 82 65 53 -21 -80 58 
-56 54 -92 -33 -28 -71 3 -36 -26 27 15 -23 85 -77 35 -100 -92 48 -95 -80 97 -96 -55 -86 45 -9 87 5 -47 2 -31 100 46 -20 -3 55 -98 84 -84 73 93 68 -38 36 87 98 -4 
7 -22 55 14 44 -99 -77 -49 87 69 -53 -4 -22 -46 89 -4 91 64 48 -47 -78 40 12 -88 -37 -14 -6 95 89 39 85 78 24 19 -34 66 -55 31 75 16 81 -22 -13 -14 -77 -8 -6 
21 -21 -50 57 72 43 89 -88 -93 -21 1 0 11 -60 48 -27 -15 76 44 -12 -88 10 -91 -31 -46 -19 42 16 -65 -7 57 62 72 -16 -63 -18 -86 42 -48 50 -64 39 45 4 55 59 -56 
28 -27 -8 -46 14 27 -21 -52 -99 28 -55 98 -88 -95 80 -14 52 21 -79 -20 -40 48 97 53 17 -50 74 76 -98 -15 -4 -38 -68 36 23 49 43 26 -81 62 76 -18 -45 -44 93 48 -18 
-77 49 -85 -94 50 -11 26 80 76 78 49 46 -86 -91 0 35 -52 61 -48 -21 -18 57 13 -70 38 58 97 -46 -47 -8 -29 100 -47 -38 -29 0 -50 -61 26 -9 -9 96 -92 -33 -98 79 -23 
5 -42 -44 70 -99 -39 -29 21 -80 -25 0 -21 11 54 35 -25 20 93 -67 21 -12 26 12 28 27 96 100 -14 -38 0 -19 -7 31 -76 -13 -9 -49 -95 61 25 71 21 -54 7 25 64 17 
55 -19 14 46 -27 6 44 -83 -6 51 82 -61 -74 -32 -25 52 -23 81 12 -90 -8 71 -20 98 56 16 -57 98 83 97 89 -18 -29 -79 -81 2 -26 42 74 -99 -52 91 30 69 96 -63 30 
96 -6 -35 2 -40 -99 -12 0 19 87 66 -60 -81 76 99 47 10 -22 -77 57 84 30 -16 35 92 -56 40 75 -72 -88 33 70 13 -7 -70 -44 0 7 71 55 57 -89 47 78 -99 76 -88 
88 87 -13 75 25 -11 87 1 42 35 47 -62 97 -54 -44 7 -90 86 -90 -3 60 -4 -75 78 -96 43 -94 -77 -71 61 89 -44 -93 56 -26 -70 75 -42 12 -32 -77 -41 43 -46 -62 -7 -19 
42 26 30 -75 -94 -48 47 98 72 54 -13 28 49 -61 3 -55 -13 -76 -8 23 -1 58 -83 -7 66 -17 34 68 100 98 -42 99 14 35 7 13 42 78 -99 47 -86 33 -85 -56 -54 33 -30 
-57 94 -54 -53 20 -33 8 62 82 -12 -63 42 -33 -62 -66 -74 -83 73 35 62 18 -76 29 -83 68 -19 -35 95 7 -36 3 51 -89 -41 52 87 32 -41 -75 15 -45 -85 40 57 -38 86 -82 
76 5 45 12 10 10 -68 -95 -86 -33 61 93 59 99 -39 47 74 3 -34 16 34 80 82 0 -84 -69 -60 -61 33 8 -46 86 -78 50 49 6 1 -36 -16 76 22 -53 63 -63 -27 -72 -80 
-77 63 62 24 -2 -38 -2 46 -22 91 -64 -73 78 -3 -90 -27 -68 -2 -46 85 -99 86 -68 5 -9 -42 -63 -75 17 -44 0 94 -85 84 67 87 63 43 51 91 -80 100 -62 -91 6 4 78 
-27 73 65 -25 -7 -25 60 24 -44 -42 73 62 -80 -49 85 -75 19 12 -6 -50 -7 -70 39 -82 -85 -90 17 -20 -30 -48 46 26 90 77 -90 -58 -24 65 -40 -12 -57 -79 -97 -90 -45 -86 -99 
19 71 93 85 -52 46 -46 9 -9 77 -55 91 -75 68 -92 73 85 -78 -17 -59 -31 -3 44 -15 56 -12 -13 4 -96 90 -58 64 -24 -64 -66 -20 14 -84 73 50 -51 -59 28 29 -94 -57 15 
-83 -1 25 33 -6 -43 -58 77 -34 -75 85 -24 44 -52 -70 23 -5 91 -76 20 -28 -77 -15 93 63 37 -1 -50 -27 38 22 -87 35 22 -6 29 -95 83 52 19 -77 65 -89 -46 9 -14 -50 
94 -80 4 -8 16 -76 -57 -38 44 -59 71 86 -81 -60 -78 -57 -50 88 -78 -7 -27 -2 -28 26 -97 -88 56 -14 -3 -59 -3 -67 81 63 -7 -36 60 -48 -65 90 24 -9 52 -86 23 58 -16 
-63 -54 -95 67 22 -78 -84 72 -9 -78 -43 55 -30 -17 30 -14 -58 84 -85 43 -30 -92 -81 -77 -79 53 -19 -45 22 -53 -34 -12 -65 -84 -61 72 -82 -78 36 -4 42 -60 -23 44 64 -33 -74 
23 -31 12 -67 0 11 48 -84 59 -9 -29 -48 -75 63 77 10 -15 -86 11 31 87 -83 -34 -74 -22 -2 58 -52 100 -92 -64 74 20 49 -44 -6 16 62 70 10 -70 -43 -94 -17 -98 -20 -51 
-45 51 -12 0 83 -60 26 26 79 -9 83 57 -91 -44 -73 46 10 -90 -39 71 30 29 93 53 13 86 33 72 -48 -56 65 38 -9 -10 28 31 -50 20 -83 -43 -58 28 20 92 -53 27 -80 
-62 27 17 95 -62 -17 -27 -30 -90 -67 -4 -64 -63 -53 40 48 -51 98 93 23 -68 23 -94 42 -66 23 -51 100 65 -10 78 -54 84 64 -79 -51 -3 23 -75 49 -49 42 19 -5 -66 -59 68 
29 38 17 52 85 -10 33 8 -3 -50 44 40 -44 50 64 -90 -86 65 -55 -83 0 41 -2 94 70 -53 67 -70 -46 82 1 83 38 -63 -73 84 74 20 -48 -10 20 -48 65 -67 34 43 13 
-64 11 29 62 -79 51 93 -57 84 59 -34 9 -24 41 49 17 -83 -71 -31 -76 14 39 55 -82 -2 -8 -62 66 96 45 -29 -55 76 -15 85 95 -31 -1 50 -30 53 -15 70 86 62 -12 32 
-85 -100 -34 -46 54 -94 -39 89 48 -10 14 43 90 29 22 -78 -28 -63 -31 64 28 -37 39 98 -85 51 -83 -35 -58 59 -38 -77 92 -64 -15 60 -47 -33 -28 -13 -75 51 88 -64 -58 -23 72 
30 -19 23 7 -74 62 -47 -73 48 75 -53 -17 -75 89 -64 -100 -7 -24 -40 -7 -54 45 -64 -24 89 86 24 -26 54 69 11 6 38 -89 68 19 -9 5 35 -15 42 94 -66 -16 21 18 33 
-1 66 72 50 -40 -49 -13 -43 86 -13 -32 69 62 44 66 61 -62 14 51 -45 78 47 -23 -92 66 37 -16 84 -31 -91 32 79 -34 55 73 -83 78 -26 27 86 28 7 65 86 -99 48 -70 
75 -96 92 -60 62 16 -7 -19 22 -46 -52 -85 18 -6 90 58 -76 -31 45 51 -2 -27 -6 -90 18 53 -8 -10 -24 -45 -51 1 -72 94 19 50 -73 -11 -83 44 -77 92 31 -79 -67 -42 -80 
25 18 -46 79 -10 81 91 -58 48 65 -40 -47 -4 -90 -84 49 77 -33 -44 -73 -89 -83 -61 45 76 83 22 -41 23 0 23 94 76 -24 -47 -50 65 26 19 -93 28 1 89 82 6 28 -13 
-86 -24 38 -24 8 -28 48 96 74 90 -8 -41 54 -14 99 49 31 93 23 71 -57 -71 81 46 39 48 -51 16 -100 -51 57 -66 -96 -20 53 14 -33 8 -53 29 43 -50 27 48 61 -68 40 
75 25 2 11 52 -74 6 -16 -46 96 -61 -11 25 -43 -42 11 46 -35 -82 -94 19 -22 -46 -50 5 -76 23 82 73 -93 -63 -68 10 -85 0 -94 -25 3 72 -91 -7 83 2 63 -71 39 18 
0 -84 4 -72 -84 60 15 47 17 -74 -50 -37 -29 -82 36 83 63 -27 -97 6 68 -54 58 -45 -99 -55 -67 91 -52 -42 28 35 -75 -13 -64 -84 61 -28 -60 -17 -73 -69 73 -99 -40 -64 -54 
-8 36 38 47 33 -17 -55 13 -78 61 -84 -62 13 75 19 -7 47 35 16 -39 40 -50 -21 16 -9 -34 -70 -2 -43 49 47 -29 81 -69 26 -47 -10 96 32 78 27 -92 -26 -91 -78 12 49 
56 6 -33 -55 -2 -62 93 -22 68 69 -79 -99 -44 70 -9 -90 -33 -20 -42 -83 -1 49 48 14 -39 -97 50 -46 -6 -73 -96 -47 3 13 98 -97 66 -10 -61 99 -68 29 31 -32 -99 41 28 
-67 25 26 -67 -8 91 -6 -94 -44 78 -32 -21 -83 -69 -58 70 -61 69 -40 81 -93 22 -36 -69 21 -51 22 35 -62 90 53 86 32 10 74 -91 -50 -35 -13 -40 -34 16 17 26 -73 99 -92 
-55 72 -33 32 -8 92 -64 100 68 -18 -16 -42 34 27 -9 -5 -48 45 61 -20 -78 -37 72 -89 96 19 -6 -21 -12 75 -100 -97 12 35 36 -85 66 -3 -70 30 81 77 58 57 98 92 31 
-84 -31 47 24 63 90 44 42 38 -55 -53 38 19 -36 27 -40 73 -6 17 45 67 -15 80 47 -15 82 100 45 -55 82 -53 -95 38 40 55 -55 -85 28 -39 -47 -34 -79 -11 41 44 24 -81 
-11 99 1 -56 52 -12 -93 29 43 36 62 86 34 -8 49 45 96 38 -86 -48 46 -39 -24 -36 -31 -67 8 36 -53 56 63 74 66 40 46 40 -23 56 -91 -41 -94 -30 68 44 -42 82 -17 
81 40 52 40 -10 55 62 79 -100 -78 -92 51 87 -82 68 67 8 -10 14 -5 -66 34 -31 55 63 -55 -37 77 83 -69 25 81 -78 -97 -12 81 -40 33 -92 81 -100 36 -8 4 73 -85 -42 
-3 -73 50 -6 -95 -97 -87 -5 85 31 -43 67 46 76 -39 65 -83 -92 18 71 8 -1 -6 25 33 1 78 -37 67 17 77 39 -67 52 67 1 -13 -2 88 27 30 -65 -35 -92 -27 -13 -33 
64 48 69 -34 -19 -84 11 -29 -54 -93 90 -49 78 82 -34 5 61 99 73 -60 9 -96 60 8 -54 -4 36 85 -94 -31 17 21 -13 82 -29 22 -12 44 -27 -17 15 -25 -22 81 3 31 75 
96 -11 -70 -97 84 -50 -46 -20 27 -47 80 40 -89 -70 39 14 -54 72 -14 -15 3 27 -68 9 38 51 -13 -43 -29 -76 -72 43 -67 -35 -12 3 54 -18 84 -16 -32 -59 88 95 87 -53 40 
-85 39 36 32 69 -23 65 -13 91 -1 87 27 83 -31 21 -30 -38 -27 -71 -85 -51 27 93 -24 22 -90 92 57 28 80 -99 -12 91 44 27 93 80 14 -90 75 68 -73 -69 -90 -77 97 71 
34 -77 95 87 22 29 12 36 -60 -25 -22 14 -34 19 -43 84 40 71 9 -41 4 -91 -87 -86 27 66 89 42 64 -86 -68 75 20 -84 -67 -13 82 78 59 -2 -93 -32 -7 11 2 73 -37 
82 -23 -66 42 41 -29 -19 64 -32 22 -84 -60 36 37 61 -26 8 15 56 -58 -7 -48 -8 -35 -68 34 -90 -22 -18 70 -28 -64 -27 -32 70 45 42 -16 -15 80 36 -70 -40 82 -3 -98 92 
43 92 -23 95 -15 -87 -52 -9 -83 47 -83 -73 -17 4 98 -13 87 99 -75 100 -4 94 -12 15 79 -12 -64 -80 86 30 100 -25 -84 -60 54 -89 90 -78 0 95 -66 92 -41 26 -47 51 50 
-46 -87 -75 97 -66 -31 93 51 0 -79 -81 -28 62 84 9 -55 31 -90 -16 72 35 57 0 59 -99 94 -41 -6 -94 70 -59 -77 -84 87 95 48 33 -55 25 95 -62 -93 17 82 -37 -55 -78 
46 46 -15 7 49 -5 16 3 40 -9 61 32 23 99 91 -76 11 42 -96 2 83 -60 61 48 -28 16 23 -89 -61 75 -89 16 87 -5 -55 26 95 -86 36 59 -43 69 -44 90 -96 -100 7 
-8 38 86 -74 -22 52 -60 50 46 5 -8 47 -68 54 43 -46 -79 -87 73 29 69 -29 -35 91 92 0 -12 -32 20 98 43 -52 -18 70 -5 31 -69 48 -68 20 -63 -80 -92 -87 42 -17 -34 
-92 -56 -12 -45 78 0 45 31 20 -35 56 15 3 -70 73 -52 62 -46 -96 -94 -51 52 97 70 -70 60 -6 -33 26 -74 -28 -25 82 -14 -7 99 -5 -98 -51 20 56 18 16 67 91 28 20 
-77 -68 12 -81 -76 -32 82 -79 22 43 -43 49 88 82 -37 54 -65 -86 -81 58 -96 99 45 -64 -58 84 9 85 -54 14 -18 20 96 78 46 -46 7 64 36 -33 3 -21 92 53 -76 50 -1 
33 -79 90 53 -64 78 94 -86 46 40 -24 -98 -89 55 58 -35 18 28 -10 -83 -39 -79 -45 -100 -61 27 -93 -40 27 75 -46 52 76 -17 -59 -54 51 -53 -94 -22 -91 -31 -41 -32 -60 -62 72 
-21 -87 81 -4 68 34 -36 -68 -30 -96 -36 26 -64 -95 86 15 -28 79 -88 47 18 88 74 -71 64 66 -50 -2 22 -75 22 -49 -44 42 -98 -83 -27 -52 99 -35 -31 61 91 -73 9 -5 -96 
-9 -73 -49 58 -69 51 -30 -11 -27 -30 20 -40 75 31 57 29 -56 41 -67 -80 96 -35 90 -45 -78 66 -43 33 19 13 47 85 82 54 -75 49 53 36 21 -97 94 44 -87 44 -30 3 -35 
-19 -87 100 -93 50 72 3 39 50 -13 61 -3 3 -89 -11 24 25 -14 25 -78 -47 -48 80 49 1 64 88 30 -79 -94 96 80 36 -70 69 97 67 34 14 -2 17 -29 77 86 82 -28 41 
81 -75 -93 80 -43 -94 -72 79 92 -93 23 33 -29 -90 29 -36 -37 57 -74 -80 5 91 -43 -29 -33 -88 -74 -32 -96 40 -8 -17 41 69 -67 -13 -59 71 -23 -30 72 -62 -23 -53 13 1 100 
70 59 -28 -82 70 46 26 20 12 -31 -79 14 -67 -62 -86 -32 -82 -68 -35 46 -48 -22 -93 -34 -46 -96 -26 -33 -96 34 87 94 -19 -48 61 49 51 -32 -68 -37 -25 -29 -100 10 44 80 -38 
7 66 71 -64 61 -83 6 -54 62 78 79 -30 -7 85 -27 1 -9 89 55 -67 50 85 -97 -67 26 87 -46 -89 -24 33 -69 25 -20 -83 -90 98 -95 3 -20 -47 98 48 -13 -20 15 -54 -41 
15 31 -42 -2 86 -34 -36 -41 63 -31 -36 35 47 -90 97 34 -76 -41 -1 -17 -62 66 94 -91 44 45 -88 -77 -20 88 26 -25 -16 5 -2 -50 48 8 -18 83 0 81 -37 75 98 -28 -49 
49 64 52 46 0 2 -75 -36 24 65 -80 -39 33 -7 -58 51 83 62 72 66 -53 -42 -92 76 -86 91 16 -92 -3 -42 -22 -39 -86 57 -31 -1 57 3 -25 -4 -98 -51 -48 47 -12 71 -49 
-10 41 57 53 91 35 31 -39 -87 -34 -90 69 46 -100 25 -76 12 -99 -80 90 -88 -56 -41 -39 -2 80 -52 82 78 1 -68 69 11 88 58 100 -65 -11 -98 -30 3 -54 -91 82 44 16 33 
37 67 50 45 8 -34 -44 -54 58 48 13 -61 18 30 73 41 82 -18 55 57 50 18 -60 -38 69 32 -57 48 -15 63 61 -10 -12 -37 -2 -83 -76 -87 -90 -74 -73 49 81 7 86 -69 -20 
-98 21 -73 50 37 -54 27 -24 71 -96 -61 -81 -29 75 18 100 41 -5 83 49 84 -70 -83 18 100 54 14 -65 54 71 65 -10 7 -18 -32 -22 -93 46 -50 -53 -85 1 19 12 68 66 70 
