75 30 -64 72 -85 0 23 78 81 86 -25 71 77 -26 -95 -85 -62 17 15 -32 25 -34 -71 7 -42 -81 -23 37 87 -11 -36 2 -94 -32 -46 78 -31 34 -49 97 69 -21 70 -66 -89 15 73 -30 67 -61 -40 34 40 -77 37 29 -66 -44 -31 86 94 61 90 -10 
-45 51 -50 -29 -94 31 -77 -88 31 -12 -74 94 86 22 -67 -12 75 36 12 -92 12 -38 -89 18 70 75 97 30 -48 -91 -93 -10 99 25 -19 51 64 68 -19 -26 75 72 80 -45 22 -50 -95 80 -1 -30 72 -4 -94 84 -43 91 -87 21 7 47 -7 32 -55 52 
11 -76 1 -58 40 47 -72 -66 24 81 -20 -88 -61 -87 48 -26 45 13 61 -33 58 -82 0 98 87 -86 33 21 -63 -62 -3 40 -21 81 66 50 66 68 50 -27 -89 8 -25 38 86 -41 9 -26 26 77 -50 -26 -74 11 -42 -21 42 -96 27 -4 13 80 -64 -33 
36 86 71 -42 9 -10 3 94 41 52 79 66 -34 -5 45 -26 81 -48 -96 -18 35 66 4 -50 -60 -20 -57 -7 -91 76 21 63 -6 -89 -20 32 91 -80 94 99 68 80 -9 -12 -54 -16 83 90 -99 -27 -38 -45 100 32 -81 85 78 -91 78 2 -80 43 -100 -99 
-43 -25 -11 -87 95 -11 -71 -60 35 3 -100 -46 83 -54 -92 86 51 -63 73 -39 98 -19 -66 -26 17 51 -39 -21 93 73 -90 61 67 -34 -27 -30 -63 100 -59 -100 -55 75 -59 -28 0 34 51 75 -65 50 -68 -70 -30 27 12 -54 68 -63 13 77 -88 -97 -23 89 
-65 -28 28 -63 -22 66 96 -58 -71 -25 33 -30 37 -44 35 -39 18 74 -82 27 -81 99 -80 4 33 28 97 -77 -66 -40 2 -43 21 -44 93 21 -61 26 71 -4 -4 76 70 -93 31 27 -22 -46 -63 -88 -31 -9 -62 -60 46 -39 94 -12 -17 -61 15 70 6 69 
71 -59 65 -73 74 -4 26 -87 -60 -99 50 -9 -69 17 68 80 -86 -66 23 24 -15 77 96 72 -37 -66 16 52 81 -100 13 48 -78 -98 -60 67 29 40 31 57 21 8 -44 -94 3 -19 -23 -97 22 90 -55 1 -62 -99 -64 92 86 62 -61 -5 96 30 33 -55 
-80 -6 59 84 -78 40 92 -43 -48 -35 -37 -66 -54 29 50 -29 81 70 -38 -15 2 -21 -14 -21 90 30 23 -93 -78 -64 -15 -89 -69 58 17 -94 60 31 -70 -93 23 -96 54 -55 -80 30 -6 37 78 -1 94 -38 -18 -31 -74 -5 1 -67 -49 -80 33 -85 -20 -51 
38 -46 -15 22 -49 32 73 -29 -40 -28 -80 27 -23 63 -70 -81 -90 34 32 21 -28 19 23 -25 54 -64 61 -59 -100 20 83 -74 -31 76 98 -78 94 92 -70 -17 87 -9 -84 -66 96 -7 51 -97 -3 79 -30 -88 -92 -26 -26 -38 59 32 38 -78 57 -21 33 18 
16 92 89 -18 35 -67 90 -88 21 -64 -14 -69 -64 -54 -60 60 -83 -30 -63 6 -22 -39 -43 -45 -73 24 18 -21 -30 38 -43 61 -11 -43 -42 -3 -46 19 5 -41 -39 70 8 -48 35 63 -53 -42 -31 -74 -79 -82 -98 -65 6 -30 -7 83 -99 47 -7 79 80 -16 
-55 -78 38 11 -18 48 40 29 74 27 -37 47 70 -52 28 -95 5 -90 50 -59 -26 98 92 19 47 14 57 -65 30 -91 77 -37 -28 48 -28 52 -66 -59 16 32 -43 -24 61 53 -23 -48 -19 -22 84 61 -82 44 -33 -67 26 -55 15 66 44 12 -25 35 26 31 
35 14 -90 54 -71 -51 7 4 66 -75 96 6 -20 -59 9 -78 53 -14 68 22 51 -81 -74 87 -46 90 40 49 -32 45 -39 79 -72 3 -37 -7 -24 50 45 -82 -45 97 -45 -82 12 -95 25 55 -1 -68 57 -77 24 -1 -55 88 87 -12 21 -8 -31 89 -90 8 
98 7 -81 57 -56 20 20 6 -57 -47 -80 -52 -84 -40 -74 27 -80 52 95 70 -44 70 -86 -62 -95 74 -60 -67 -90 13 -61 18 -41 -83 24 -26 -97 -4 90 70 84 -5 56 -61 -12 72 -78 -7 -24 -42 10 2 4 -92 63 66 -37 9 -20 -76 -43 34 40 55 
94 46 70 85 46 58 86 -41 -42 2 -58 -51 -72 37 -75 91 4 23 -19 -22 25 -9 32 3 40 -37 -60 -70 97 27 -42 -61 -64 62 -51 -33 -76 -100 -73 -9 -56 2 62 100 -95 38 -7 24 -85 13 -44 36 -28 -47 -25 -39 91 -60 48 73 38 100 -17 -51 
90 78 -82 -50 34 37 81 24 -19 -18 61 -37 26 -60 89 -40 62 21 -21 -84 -66 100 7 23 -36 -18 -39 30 -2 -67 -89 48 90 -13 27 -5 -6 75 -68 -19 -79 23 24 -25 5 80 94 80 -82 34 -41 52 -96 -95 -70 41 68 -3 -14 4 86 -45 -69 -46 
82 -41 -2 2 -15 -62 -99 34 -17 -16 20 30 -93 83 -17 -62 -98 -59 50 -45 53 -87 -35 17 -9 -4 -54 -40 -78 -22 31 -93 -88 86 -8 37 37 55 -35 26 -17 2 67 48 29 23 -45 -19 51 39 13 31 72 65 58 25 -24 23 8 30 -77 74 19 -14 
-24 -72 -46 35 10 -61 -69 -93 24 99 12 89 -49 81 -24 25 82 -80 -2 -9 -30 -5 38 -32 -99 34 10 -20 -43 -33 -15 58 74 -77 -50 -72 88 -53 -84 67 8 -1 -70 -25 90 64 -27 -64 -27 -43 -95 -11 -51 -1 -93 32 -87 19 55 6 -39 8 -46 -8 
86 -64 -6 -51 66 -84 -30 -88 -42 -47 -52 -85 12 44 -96 -21 66 76 -38 -1 77 61 79 -82 14 -73 -3 -15 45 -92 -5 1 97 75 53 -56 -12 -62 16 65 -84 32 -31 -16 52 6 -89 7 38 19 36 32 -18 63 -6 -71 49 -14 43 52 -8 -74 16 -8 
91 -6 1 -65 93 -89 -76 93 -51 -41 -59 59 -11 58 -38 32 -96 -46 61 -68 64 98 44 -24 62 -87 5 -15 56 -2 12 -100 -4 75 95 -24 50 69 -92 47 74 -19 -34 13 -20 57 20 29 89 66 49 -83 -41 -82 -85 -6 32 -67 -88 23 2 20 -40 -69 
56 -69 -95 -38 7 -45 -42 64 -50 70 50 -48 -49 -58 100 -29 -33 44 64 97 80 -59 -59 -17 91 42 -78 -19 37 -67 -96 -65 -14 -11 -84 -67 32 -38 35 96 -6 -96 58 28 94 92 64 -48 84 13 84 82 -95 27 77 95 -81 51 47 -97 97 -91 -5 -57 
-32 -87 -24 32 -44 66 -36 68 96 53 39 77 -26 72 36 35 -6 -53 69 -20 2 74 -69 54 18 -43 73 16 -89 -68 13 -21 -65 -15 24 54 -76 26 82 -86 -82 -84 -76 46 -11 -25 -31 -9 73 -69 29 -23 38 91 26 -23 16 84 1 -41 85 -72 58 -16 
80 82 65 -3 37 -59 -64 89 53 30 93 -7 -56 97 -22 67 -95 -85 89 1 25 26 -49 -83 48 -16 79 31 -54 -89 62 -74 6 71 20 73 50 -41 89 1 -4 80 42 71 -79 -6 -77 -14 91 -5 99 75 -27 -25 6 -34 72 83 -4 51 25 -45 -84 67 
66 -59 -77 40 76 36 16 -67 -61 68 -98 -14 21 -8 -88 85 -24 53 6 8 51 -51 -11 74 -47 -75 83 38 35 89 36 99 -18 -48 96 65 -23 72 -78 -17 82 -96 93 -6 99 -39 98 30 -89 76 -38 22 16 -26 -84 -70 96 -92 17 -89 -60 -31 23 -34 
-1 76 21 9 75 78 42 25 -49 -60 12 70 15 -43 50 14 -26 -29 39 59 -45 -6 -12 -34 25 -23 -69 -48 -14 -18 73 -5 81 -4 -11 84 95 -28 -41 -36 99 -27 -58 -95 42 20 -79 -99 -81 -80 41 28 -58 56 -61 -41 -67 -1 -65 -11 -59 62 86 40 
-71 64 92 32 69 -35 -35 -98 56 -98 -30 2 25 -64 39 30 -44 -79 17 -56 4 -97 43 -86 23 -45 -23 41 -72 89 -90 -81 10 -99 98 81 46 -37 34 -10 -41 60 79 18 54 21 31 73 -63 27 20 92 -96 54 -71 1 3 57 35 -57 6 65 3 -51 
-16 -36 72 24 -62 -82 -68 46 -7 -26 55 -79 -10 -3 38 12 34 -78 -79 37 -62 72 75 9 -2 -19 86 -74 31 9 -43 64 2 49 -33 -81 34 -52 -50 16 99 -25 14 3 -50 7 -85 63 70 89 -33 62 96 36 -94 -85 48 35 6 18 85 -15 8 1 
-82 -38 22 -30 -4 -56 72 48 45 -16 1 -67 53 -81 -97 -85 -7 -86 90 100 75 -44 63 70 76 -67 -42 -38 -73 -54 -40 -95 99 43 -73 67 -71 -95 1 -1 76 -76 96 -60 59 62 -3 22 7 -55 -84 -7 80 75 -20 -63 98 -47 47 11 60 12 -73 -95 
49 -23 -5 -33 29 -38 98 64 61 37 -50 -28 -13 -97 -64 -46 33 71 -72 -50 60 18 -15 -34 98 -90 -30 -33 -36 64 5 64 -47 -18 -48 88 -1 21 -47 91 80 -87 -15 84 -78 67 -3 -39 94 5 -34 27 -20 88 13 -46 -6 9 -17 70 64 -76 -99 39 
-77 -20 78 27 4 -51 29 -41 -98 27 58 -87 -11 -16 45 -61 66 16 -9 -1 44 56 -23 -2 -22 -43 66 -33 50 -97 -43 -73 50 -15 26 -44 40 -65 44 -99 -95 87 -56 28 -27 -19 90 7 11 75 -14 -76 85 86 -84 -9 32 -87 45 40 24 74 66 19 
-24 34 36 42 -64 -13 -37 32 93 32 -95 58 20 -38 -85 40 -24 -29 19 37 -83 68 -51 -4 28 99 -29 7 -27 -80 -15 82 75 -71 -75 -71 -71 -47 94 -27 87 63 40 52 13 70 99 -38 -84 -1 41 24 59 32 -3 -80 -44 85 -93 -17 1 -34 100 -48 
-65 -18 79 -84 20 -67 -78 91 -14 -48 -8 23 83 45 -47 0 -4 -3 -4 -1 -47 68 21 74 -70 98 -35 -29 -64 -77 30 64 -39 55 -89 31 -59 15 -26 67 43 42 0 65 58 59 71 -17 -48 -32 22 -100 -26 74 22 -33 -24 55 51 -98 8 -32 83 31 
38 -89 -16 4 -77 -6 -48 -56 -3 76 -25 51 -64 51 79 69 44 5 58 83 21 67 12 51 41 60 65 -83 43 90 1 -86 89 -27 37 48 -85 -73 -53 -45 -8 17 -53 -84 -2 -11 3 -89 61 -65 43 -10 51 73 42 -59 -57 -64 -84 -66 78 -32 -87 51 
19 21 33 -33 97 -34 -11 13 -10 -52 -73 -30 -7 -73 -12 -52 -32 83 -26 75 54 -83 51 37 -60 -35 -75 -80 2 -24 73 5 -54 -46 13 -58 50 17 -42 94 21 6 86 27 -33 -6 -67 -67 -86 -6 53 33 -92 8 29 75 -15 -90 99 -4 53 5 -53 -9 
58 5 -39 89 -67 -8 40 -13 82 58 6 36 15 77 78 -56 -35 -19 40 -48 36 -35 -8 -76 55 3 49 36 0 11 53 19 -35 -95 -10 -23 -3 32 -4 83 20 -56 -1 -31 -27 34 -50 -68 62 27 53 69 -19 -12 29 -27 11 -88 27 -42 -19 -98 -13 53 
33 51 21 -48 -41 20 72 -84 62 34 -62 13 82 54 29 -9 -51 62 72 -14 -3 -76 1 -52 -10 23 -44 66 75 81 -97 -99 3 31 51 -56 79 -84 69 -87 83 -67 16 68 97 -57 55 73 -21 53 82 -46 -52 75 -28 82 21 -3 -26 66 -73 -24 43 14 
-56 -5 -98 -65 23 88 64 -57 -33 7 13 40 64 65 10 -23 89 9 79 12 74 -98 42 56 -78 -1 76 96 12 42 40 65 -53 -58 17 -82 -43 99 -17 10 63 -40 -63 -88 -5 44 46 81 92 -48 -37 -13 -79 -80 -1 7 -68 -100 -29 29 48 -59 -46 -59 
-3 -57 -74 62 52 60 -73 -37 -25 -72 88 91 62 -64 84 -58 -42 -46 -61 62 -19 -55 -11 -60 9 -49 -13 -62 -3 -59 21 16 -67 -63 -31 -85 -73 31 -2 -8 51 -24 -77 83 -23 -88 -42 -52 -49 42 -37 96 1 -81 99 -37 71 77 89 -18 -27 45 -80 25 
48 -42 -62 18 70 -21 -71 40 59 -44 12 -93 -90 -4 84 84 -1 62 -11 -42 46 -3 47 -67 5 -60 -14 99 -69 95 -27 -16 67 -11 71 -39 65 50 -25 0 -45 85 43 -67 32 -26 -31 44 29 -31 13 -65 90 -85 -43 16 17 -11 -75 87 -90 -51 -1 -39 
-87 -51 -28 84 -21 -67 -63 -65 49 57 -44 -54 -60 -88 50 23 40 -75 -77 74 -48 13 -23 -35 96 -89 54 83 66 -63 61 26 17 48 -79 -16 87 -48 62 -71 51 -50 -9 -56 74 -7 -33 40 24 68 -59 -91 -32 -17 -76 55 71 -30 17 70 51 -14 -90 65 
92 35 -74 -81 5 -64 71 54 -32 7 -94 76 3 51 -76 91 -61 86 -34 45 53 41 95 38 -10 -41 43 44 -11 26 80 77 -83 56 -98 -92 28 -74 16 78 -9 -42 62 84 3 88 -20 -5 78 26 71 40 92 9 85 62 -71 -15 -53 -42 -56 -81 64 -75 
-58 62 99 27 -47 -89 15 41 -32 74 -75 -47 -36 87 -82 65 80 98 -57 12 -11 -31 26 -99 -70 -43 -23 -77 -68 64 -95 -23 31 -28 -98 -37 27 -4 9 -90 27 0 90 27 25 -49 -33 12 4 -88 -22 55 36 -6 96 -45 72 -79 81 -67 -16 23 -69 -58 
-14 -61 -62 -92 -28 -100 55 -41 -15 -59 67 1 0 92 -19 34 -68 -30 -27 7 80 80 -75 56 -90 41 61 6 40 -72 13 -94 24 -33 -6 -42 -21 -15 86 -72 97 -42 95 2 30 -60 -74 -58 87 77 -35 43 20 -84 -9 91 -37 -26 4 -57 -94 15 53 13 
13 84 52 51 -60 74 -90 10 -46 67 -88 -2 -34 -33 -64 60 30 -86 -27 14 -91 -87 57 2 -44 7 100 49 94 70 -6 30 -86 19 -71 67 95 34 -20 10 16 -87 -45 30 -58 -81 9 66 29 45 -10 64 25 -96 -59 -25 15 12 28 82 3 -34 40 84 
-100 -72 -63 -36 59 -88 43 83 -9 86 15 -63 -80 -93 -16 -88 1 -44 -80 89 45 8 -10 -31 -29 83 91 58 60 -34 -92 -42 -87 81 45 -25 -73 -65 10 -97 -2 -91 75 -56 -74 -26 53 -21 24 47 -32 26 46 -76 78 41 -90 -12 59 81 -60 -95 46 20 
1 -10 -89 -12 -95 -52 71 53 -68 -68 -47 -54 -89 -92 -42 -88 -26 -42 -20 89 56 35 55 -5 42 47 15 -13 41 -55 -25 -34 -52 -42 -23 -8 10 -68 -87 93 16 -18 76 -91 -45 -16 -29 42 87 38 27 74 -17 82 84 90 97 27 19 58 -53 55 -1 33 
-66 -40 -35 6 -96 -38 -55 -97 89 -22 -44 13 85 52 4 38 -14 56 -53 -30 94 -42 -89 -33 -90 -34 -47 -2 92 17 -7 -66 35 99 -1 21 -98 26 -33 -83 -5 -99 -100 10 96 6 -91 43 43 47 30 -10 -34 -72 -9 -61 -70 -34 51 -15 -87 60 -100 -33 
-53 -8 25 -74 7 4 97 56 60 28 -18 -69 90 96 61 -8 4 -41 1 45 -3 -47 82 39 3 2 -96 29 -48 -86 -83 -12 -82 -61 -92 97 -41 47 53 -37 56 71 -27 1 4 -77 64 -30 89 29 9 55 -70 -55 97 -60 94 -85 58 -88 1 46 30 58 
86 14 25 -81 -15 -33 82 -45 -35 -21 -87 5 13 80 11 87 68 61 -88 47 93 -14 42 92 27 -34 -78 -70 -63 -92 -6 -39 -23 -71 85 -20 48 38 45 54 -23 -51 -75 16 80 -40 -92 -45 -46 34 -40 -22 -99 -29 -66 -46 -81 -79 -70 13 66 -70 15 -57 
27 -51 -55 29 41 -65 53 -15 36 -56 -84 -82 13 -62 -56 35 83 -37 80 -34 -78 -41 -72 73 26 -100 -85 8 91 20 17 -32 -63 -99 -42 71 -8 55 7 -81 67 26 -65 -3 -62 -1 -61 20 -61 88 56 83 6 8 64 -61 79 6 -77 32 -5 -50 69 -54 
24 99 -90 31 68 -27 -64 -25 15 -13 58 16 -28 37 28 -45 37 62 -84 98 25 -37 14 -11 -52 14 -95 87 55 60 -9 87 -54 11 -10 82 -82 -80 100 63 48 -89 -70 -26 -54 -31 -20 87 -1 80 61 -44 84 31 22 -99 -66 53 43 -51 -45 -3 -69 -38 
69 87 -97 67 89 4 23 39 29 -32 40 -7 -90 -44 96 93 -29 96 50 -10 85 -99 28 -34 -17 -67 -1 75 -54 67 -93 5 -34 -10 -34 -31 19 100 56 53 55 43 48 -77 -89 43 48 -44 55 77 -78 -84 -86 13 -67 -87 -54 -79 -45 -86 1 -77 -21 63 
-93 21 41 -16 -3 32 -31 60 -40 54 94 -98 -37 51 -6 -48 -34 -41 41 -28 -62 14 -91 -35 100 16 77 -45 -97 70 -67 34 -24 -88 -98 85 -25 -69 13 -84 -6 -51 64 -80 -6 -1 -15 -55 -89 -69 -41 -15 11 63 40 38 9 11 -46 28 2 -99 -5 -37 
29 59 54 91 -88 -71 -33 -1 -54 93 -65 27 21 68 45 38 -56 -27 -39 31 48 -73 60 72 59 73 -63 -75 -65 7 14 73 -15 69 -39 -16 -2 -24 10 53 -34 30 30 69 -76 46 98 86 86 69 -71 27 -82 75 30 65 -22 -6 -64 49 -76 5 -45 47 
7 -3 -6 70 100 -53 -81 63 74 96 90 53 -73 -80 68 62 28 76 -69 10 -64 6 60 -67 -24 -38 63 9 -59 -45 37 -99 -91 7 -14 98 -73 -75 99 57 2 -5 -77 37 38 -49 -83 -13 99 76 92 -50 84 88 51 69 28 61 -6 -42 -16 92 -33 -39 
-91 -89 -55 -89 -52 -77 83 -70 52 36 -83 65 96 -65 68 -37 -36 69 23 -90 31 -78 6 -74 64 34 83 -73 -59 81 12 72 12 35 -60 20 -8 22 -34 55 11 -28 14 6 21 -51 61 -88 -16 58 48 22 -67 66 -91 17 -87 -74 -78 38 -47 -42 -67 66 
-28 19 91 50 70 64 -82 50 -60 -92 -37 -95 -67 -99 -14 87 14 78 77 69 27 39 -97 -82 -37 95 -79 -21 66 40 -47 18 -43 -16 69 56 -14 -4 66 51 -64 -84 36 84 64 94 -35 16 4 -45 -67 90 -42 80 5 -1 -55 47 32 -95 35 -96 -27 -100 
-73 -54 -39 -27 2 82 60 36 39 -99 13 40 34 45 3 32 -53 78 28 -20 5 -3 68 56 10 -13 35 93 -36 56 -13 -20 22 36 -44 -22 -45 58 -33 -58 -68 -6 -70 -77 -15 84 -20 -11 28 26 30 -28 -74 8 67 16 77 57 29 25 50 8 -2 -36 
5 65 24 -66 75 -99 -8 47 90 83 -89 -63 75 -52 74 -98 59 -21 96 52 -83 -20 -2 -94 -47 21 78 -69 -36 -55 66 -12 -74 61 21 -98 -51 60 -82 -62 -51 74 -6 70 -85 51 70 -19 -71 -18 -16 -37 -63 55 -2 -69 5 6 60 63 -66 -39 18 54 
-63 86 -99 -67 45 -77 91 5 48 46 98 -88 35 -48 -98 -68 89 78 -62 -98 86 27 11 -30 31 -71 25 13 -38 17 -8 -93 -80 -25 -4 -77 81 70 11 51 -72 -24 -59 49 36 -95 33 16 -12 -96 45 -61 60 13 96 -65 86 -76 -89 -27 -51 -72 90 70 
-69 18 43 -43 40 -99 24 44 7 18 -54 83 18 53 51 61 -91 -87 -84 36 -42 -38 -24 -52 21 26 6 -54 5 -73 -91 51 90 -1 -8 60 -97 0 20 38 -88 -57 -65 -65 46 -4 80 35 58 -100 -48 -11 15 12 73 -78 60 84 -71 32 57 -99 -7 27 
-100 38 -38 35 -39 31 74 -86 -10 -12 27 86 -8 71 92 -21 -22 -3 20 74 32 43 84 73 46 -62 -97 -24 -49 -48 -97 96 -36 -13 -85 67 98 -93 1 18 21 17 21 -75 22 -13 -72 44 -52 -59 58 52 -15 -37 -54 -74 35 -17 48 -59 3 35 -39 40 
-87 -24 -12 54 55 58 8 -2 -94 -65 -76 10 -57 82 -62 -13 -56 -55 10 95 89 12 -98 -92 42 87 -38 42 -16 69 -33 25 -99 -32 -57 58 19 53 -52 -7 -21 -24 79 -27 -40 -63 60 28 70 -100 34 14 -25 23 37 80 94 -6 30 -4 67 -74 80 7 
-47 9 73 -12 -10 -64 -74 87 -36 -71 -81 38 -13 57 28 -39 25 -23 -78 100 38 18 20 5 39 -57 14 49 -55 47 -71 -82 75 44 -78 -59 14 18 -85 -15 -77 47 -62 91 15 -94 79 76 -19 -89 -84 80 -9 14 82 69 -97 14 -27 -41 22 23 -60 67 
-69 -81 21 39 57 -88 11 -72 -98 41 -67 -49 95 68 -31 37 93 -18 78 26 33 96 31 -30 -40 -62 15 2 72 -87 -62 -35 -77 -42 -26 65 92 97 -97 -20 -94 -39 -47 -92 11 -92 -100 17 16 84 -54 -11 -67 -84 -90 17 93 -11 -75 0 12 -17 63 65 
-69 17 -27 -8 -29 -39 92 -69 -70 62 87 50 84 4 57 99 73 -64 -87 -21 32 -92 -53 -49 74 89 -64 53 -94 66 69 -66 18 -81 -90 27 14 84 6 -3 -81 -57 43 -98 9 -12 -57 20 -40 84 81 -36 47 -82 -15 21 -63 -59 -88 3 -71 55 31 -71 
-5 -29 -92 81 89 91 77 77 -19 43 71 -72 -80 -51 -7 93 7 -57 26 81 45 -93 -85 83 64 -65 82 -46 -43 60 86 -40 -10 -55 -34 54 43 92 -33 -47 -22 94 36 -75 -56 6 76 -90 -60 28 63 2 36 74 93 53 63 -82 84 -77 71 9 -17 11 
-62 -43 -97 -85 92 7 43 5 28 -14 -27 27 29 -22 73 90 -24 32 -87 21 -82 -57 47 91 64 -56 -42 89 -64 50 19 39 19 9 40 -72 54 66 -42 -43 -28 -4 -56 -87 64 -63 96 90 -65 36 -42 94 -4 30 -81 26 58 -55 -39 25 97 -51 26 90 
17 15 7 -23 -69 43 -64 -98 64 12 81 28 -27 -44 -65 -31 85 18 55 -64 3 6 65 -83 50 -31 -90 -6 -7 49 -96 -12 34 7 -47 -9 -40 -29 -42 52 -29 -16 80 42 44 82 49 -75 92 -52 96 -53 -100 -88 -86 66 1 -54 -89 -40 -2 -34 -50 -61 
-36 68 -70 -81 -18 -6 94 -41 94 -77 -20 -70 -9 -41 -78 -87 65 29 -26 30 23 61 -93 99 -4 24 70 -35 -26 100 -67 -34 82 -14 -82 -100 -99 -11 52 78 2 18 -3 -49 50 -16 -21 53 -97 12 85 28 -44 -72 -14 8 94 26 21 -71 -6 73 66 52 
-16 56 -7 -15 62 30 -36 86 -64 49 84 -73 -100 1 -45 -88 -16 86 91 26 59 7 -49 -85 -54 -73 12 61 91 52 -81 13 -50 -68 -84 -45 -6 76 -59 -3 -20 28 48 86 78 77 30 85 -96 15 27 58 17 -73 97 41 -34 13 39 -8 -32 -66 -54 35 
-41 37 -15 88 -40 0 -94 42 41 32 55 -50 9 -23 68 34 -81 -41 14 24 -56 48 -62 47 98 96 85 24 93 -35 27 90 -38 -77 -8 27 -9 35 65 80 57 63 -66 -9 43 -81 13 88 26 98 59 -73 62 -28 29 28 40 68 -20 97 -13 27 89 -42 
-75 -13 -5 97 -14 -33 38 -19 -86 47 -89 -77 -6 -82 -45 3 -53 24 -35 -86 27 -82 -29 93 -63 -88 -9 -32 16 -92 2 42 -77 -60 -92 64 -42 98 -15 -52 33 -87 -52 75 -8 66 87 -79 -88 -36 41 -23 -63 -20 -91 77 51 52 95 69 -30 -4 34 74 
-99 77 -8 100 -26 47 -50 -100 68 -33 22 85 -11 5 89 -51 -63 -11 -49 18 40 -68 22 -95 9 -1 -66 18 37 88 -13 72 89 51 68 95 61 26 -16 -55 -22 86 48 -67 72 34 -48 -66 52 -80 23 29 9 -26 -4 84 -11 -95 96 63 78 88 -52 42 
86 -99 80 -38 47 -92 93 66 -87 5 38 -91 -66 2 -66 -42 20 -72 -97 74 -67 33 49 -13 75 -96 -68 26 -14 71 -78 -79 -59 92 89 -96 66 -85 72 50 16 -8 -84 39 59 -58 2 29 20 -38 -41 41 -75 -61 -71 -67 -52 50 50 -70 7 80 20 23 
-84 -20 55 -90 -48 -7 7 83 87 -100 65 -87 -4 -6 -6 -7 -44 -17 -15 49 77 -32 -74 96 -48 -43 -9 -15 81 -63 32 70 30 -77 53 20 -50 20 11 -30 24 -92 -79 35 61 -92 -57 90 -66 28 -1 -30 -51 -48 -55 11 41 -15 -68 -6 3 43 -85 31 
-9 -92 34 -80 -44 40 34 94 -80 -58 -87 -51 34 97 1 -22 -26 72 -49 59 -39 -36 -56 15 55 74 33 -80 13 86 -93 44 21 100 -42 -94 -69 35 0 87 40 37 -56 -49 -83 -40 26 14 75 -28 74 48 -52 17 -2 83 -76 66 93 39 -15 95 -46 -55 
-100 37 88 24 47 -76 29 35 -59 30 -42 -21 50 -84 82 38 72 66 -69 -52 -72 -74 -41 41 -48 -61 56 79 -91 51 -36 -65 66 87 -13 28 99 44 -29 66 89 -65 -34 78 -23 55 85 18 -94 -59 -33 69 93 62 -99 34 34 29 -14 14 28 -66 -64 46 
25 -55 43 -77 -97 64 40 99 -84 -87 100 4 -17 -65 28 6 75 72 -38 87 47 39 -85 -29 -63 95 -68 -10 -53 -10 -48 -6 -26 4 -61 -80 -85 -22 -51 33 14 -91 69 0 -76 21 -58 46 -66 -83 77 42 -24 -93 27 -33 -12 -60 -88 49 -36 -76 94 -54 
-10 48 -55 23 78 -66 49 -88 26 43 -97 -93 76 -100 -13 -5 61 87 1 25 15 86 -24 -33 8 82 92 91 -22 23 -67 -85 59 -68 -27 78 -66 -13 -78 9 -75 -34 -50 -100 27 50 -19 -3 47 74 3 50 92 -15 17 -80 4 0 -77 80 -57 -4 -57 -96 
-7 -57 31 15 -62 -57 -26 38 -10 -78 -56 -90 -2 -71 -41 -77 50 3 -21 63 -31 -17 21 76 -36 -88 98 -100 77 96 -77 6 -68 -77 -39 -5 -33 -26 31 56 -38 27 49 -81 95 -37 -30 -90 91 -7 -56 -17 -78 80 10 42 -37 -87 87 -10 54 -89 -41 -69 
30 91 65 42 -22 -26 37 -80 9 88 61 -60 41 74 -47 16 -2 -15 37 -14 54 -32 44 7 62 92 53 78 94 43 41 53 -24 75 -90 87 -73 -10 -40 -7 63 -92 -67 26 -2 80 -44 20 1 95 -94 70 -56 24 78 -21 -37 18 14 -90 -41 42 -92 -77 
-2 -10 89 5 28 87 -10 -45 -34 -65 26 8 12 5 -80 -98 -86 -41 -36 56 -46 62 31 85 -18 55 55 72 -29 29 -29 -41 -87 -74 -10 -99 -78 -6 52 -85 49 17 -97 -38 -50 5 -27 10 38 82 -28 -71 -7 -36 27 32 6 -65 58 39 100 51 92 3 
-54 -19 86 -53 42 35 -42 -78 -52 77 30 -43 6 -51 -70 45 -19 -94 46 18 -51 -21 39 99 -33 -31 -78 -6 23 36 -3 91 3 -45 -72 62 -73 28 77 32 -74 45 1 -67 -45 -75 -96 -52 -98 -59 -12 -9 -61 -16 11 -36 69 20 -41 -38 -1 54 -95 -83 
-94 46 -45 -55 -9 40 -60 24 71 -6 -76 -37 -25 -5 27 -90 -10 -25 37 -27 14 19 -15 31 61 47 25 -95 26 74 -67 85 41 45 -35 -40 48 95 -82 -85 93 -57 -60 -21 -38 -76 -32 -84 -57 18 -95 -38 32 -58 -46 -16 -75 84 -79 -51 41 74 -39 -39 
16 -63 -55 11 68 -63 29 91 68 62 84 -45 -80 13 35 -79 -55 -92 30 -92 -6 -51 -88 -13 15 70 -10 -91 -24 -49 -68 -77 -78 -91 71 71 -86 -42 70 11 -90 95 94 90 89 -48 5 14 45 -63 -52 18 48 69 43 27 89 -25 -20 3 1 -76 -34 1 
21 -46 -95 60 4 -78 -67 -50 -49 -67 -85 96 -5 79 38 58 -28 -71 -47 93 42 68 49 87 -37 27 3 -39 7 55 97 -85 -79 -65 28 -80 -16 4 -5 61 43 9 -8 -4 0 -91 -16 -30 66 3 -77 -94 -90 84 71 -35 6 -76 -95 75 48 43 74 64 
85 46 -49 -61 -97 23 77 -45 -29 -12 -48 23 14 -80 -90 29 90 -65 69 79 9 19 97 29 98 15 39 -60 -38 100 -97 -55 79 83 24 -27 -7 -46 99 -63 -52 27 -59 72 57 1 -77 -31 98 1 64 -90 -81 64 57 15 -22 -50 97 -8 -96 95 -63 94 
2 11 -70 69 -65 20 -6 78 50 41 -8 -43 -64 18 -82 3 -99 -33 -61 -68 61 76 -80 -94 68 5 -59 83 99 80 -50 34 -45 97 -42 -68 -55 11 13 48 -55 -20 -54 88 -28 -10 17 -15 -20 -34 69 -32 -17 -12 17 17 -73 80 4 100 -32 86 -69 66 
-60 -75 71 -53 -8 43 -51 -41 -82 65 6 70 46 -24 -69 100 -9 76 -95 4 -57 -19 60 -58 -66 -89 -75 -22 29 -5 -100 -94 -1 -9 -45 45 -14 94 -6 -59 80 -72 -2 -5 -68 26 26 88 -19 15 17 -30 80 -20 -98 -76 96 25 -40 7 -49 -9 88 16 
-18 -78 19 -85 2 20 67 -15 74 25 7 59 -88 47 45 -100 -64 62 25 83 69 8 93 83 89 85 35 76 -2 79 -51 -69 -34 -19 -46 28 63 56 -21 -20 66 -57 28 4 -74 78 -62 -2 43 -68 85 -98 20 75 2 55 34 87 64 -39 -25 -12 -63 -71 
34 40 -89 88 17 96 -82 -93 92 28 87 100 -53 -22 15 -87 -69 76 77 96 65 -29 -32 58 -63 -91 15 11 7 94 54 -39 16 -11 -8 -47 -71 -49 -87 -21 25 66 -79 41 97 -17 31 68 33 -15 -68 -86 -25 40 -49 -46 -25 2 -10 -33 -69 -85 -31 96 
-5 75 42 42 54 -97 -72 -59 -41 27 51 94 34 13 -89 6 73 -74 -76 -69 81 13 55 47 -7 21 51 33 59 -9 67 0 -37 -92 67 -6 28 20 -70 6 -43 71 89 52 -60 7 -96 -32 17 83 97 93 15 18 63 22 -47 18 -93 30 59 -21 53 -26 
96 61 -47 75 -51 15 -10 18 15 -99 89 -10 18 -42 75 50 -89 -43 -53 -28 10 -2 -10 19 -15 -27 -89 -96 10 80 -56 70 87 -20 -96 -14 21 35 -49 -14 -98 47 8 83 86 -31 -78 -65 -69 60 56 -49 66 -32 6 54 -55 23 54 -90 -26 36 -29 70 
39 44 -15 17 -71 -18 -8 3 -49 -15 84 -85 -47 14 -8 -25 11 -68 23 89 26 65 -44 -81 26 -64 -36 60 -62 -42 6 45 -34 -68 35 51 -8 61 45 -18 34 -63 79 -36 71 23 -35 -64 88 20 94 -22 -28 -63 -82 38 70 40 -22 36 25 -25 62 -75 
10 -15 84 14 40 -88 13 -75 32 -84 -1 67 21 16 33 -9 -24 -68 -60 -58 27 -55 57 -64 94 90 -56 -25 25 -92 12 -100 -38 -17 -10 -71 -89 27 -53 -26 -51 -10 -24 61 88 -89 -98 92 -86 39 40 6 75 -21 -93 -74 2 -67 99 -24 98 75 30 -22 
49 -37 31 -87 -9 -11 18 -30 -32 -2 72 -33 -45 -12 46 -34 -69 -82 -95 -87 95 -2 62 -36 -24 37 -60 -96 43 8 55 25 26 -46 10 -21 57 -94 -52 -86 -13 31 -11 84 -5 21 -82 -85 36 84 11 29 -97 42 -68 -96 96 81 -86 -11 90 -37 -31 70 
-68 -52 27 76 -85 -85 -16 -67 -85 -81 21 32 -20 63 -77 -77 -19 -41 -77 -75 -32 -100 17 40 80 -67 46 -80 12 93 60 -66 8 -4 -43 39 -96 -80 -12 -65 -7 85 -53 62 -66 -42 55 16 98 -8 75 50 29 69 -8 -67 25 -53 88 21 0 -53 -11 -23 
-31 -66 93 -17 81 17 -32 -14 21 -60 -84 54 -39 54 73 44 -90 10 -9 93 80 2 -41 -13 99 22 66 81 70 -53 -3 65 -59 84 100 -5 -27 -60 19 71 60 -30 -19 84 62 85 69 54 -91 64 -35 -26 -74 -40 70 52 85 -9 35 -33 -27 46 66 -47 
11 -64 81 -27 -75 -46 -92 -89 96 -9 -88 39 72 -43 54 87 67 -83 -60 80 -56 -52 99 -25 -59 34 40 41 96 -57 -37 -39 -74 10 56 22 97 11 -76 44 72 54 -72 -58 48 -86 98 -80 -49 70 74 77 -43 -1 1 41 52 9 81 54 10 -51 -51 82 
20 -6 98 -18 54 55 18 89 -63 27 41 21 -33 -3 77 24 92 -22 -34 -84 76 6 66 40 35 2 -19 -54 -93 -100 16 96 34 -43 -57 -74 36 40 -46 70 16 -36 17 -1 81 27 -12 75 40 -86 36 -74 -95 -14 49 96 11 -88 73 -71 45 75 -67 -64 
57 0 96 -9 -63 -99 -93 -98 -72 -43 -82 -29 74 98 63 79 24 65 93 -16 8 59 63 62 -29 88 -81 -29 64 7 30 34 -27 71 8 -40 77 -64 -28 9 -97 -28 48 7 88 85 92 97 12 70 -48 26 35 43 -12 73 96 57 -35 11 -74 100 87 -81 
22 -25 68 -100 37 84 -90 10 -18 25 19 -67 -59 -40 -32 -66 -93 58 -31 55 23 67 90 -81 -66 63 -34 31 -21 48 -43 69 14 49 -4 -8 -74 -78 17 97 6 82 -3 49 -82 -74 -81 -60 64 16 -2 -89 -49 -33 9 -16 85 -64 -95 -96 72 -56 2 93 
-85 -79 11 -45 -70 -37 -76 19 14 56 53 66 -43 57 72 -96 70 52 72 55 58 -21 15 -10 78 -30 -16 54 9 56 -44 20 -69 -3 0 90 -29 59 -79 -27 -95 80 -67 35 43 -92 55 -30 -41 -2 -35 64 81 -33 77 -36 -83 -10 -7 -70 -82 -23 53 86 
-39 75 3 -12 -40 -94 65 33 71 69 -89 98 -30 34 24 60 -100 -91 -32 -69 -98 16 34 23 72 77 -78 -40 87 63 82 -56 -96 -13 14 -26 11 -25 1 40 47 60 -62 66 51 -81 -12 93 46 -8 54 -60 -88 91 59 0 21 23 -8 -90 60 -23 61 -40 
-14 -73 35 70 -10 68 33 100 -31 -3 -21 -57 34 26 -98 -22 -38 89 -4 -17 -19 -85 61 23 -42 -46 -82 65 79 -24 85 -96 -19 92 -47 24 87 65 -53 15 -33 43 0 7 -20 -49 59 4 -66 -63 35 57 50 28 -85 65 -56 83 12 78 -32 61 85 39 
-34 14 -85 -71 -84 98 -62 -13 0 -75 -4 90 -98 -8 46 -6 -60 32 100 6 80 -12 7 -56 -30 17 54 32 -45 -45 77 55 8 -84 -67 -1 37 100 -12 7 30 22 61 23 -3 36 -92 -40 -5 -26 68 -9 -26 -26 -59 19 64 -39 51 32 52 67 -40 96 
-62 -99 -71 -69 -94 53 96 -44 -54 -18 -53 -19 1 -51 79 -25 76 60 -62 52 98 -19 -39 0 66 -30 29 46 -35 10 10 -61 68 7 15 81 56 96 13 52 20 -32 32 31 -61 -7 -1 -55 -92 -44 -62 -53 -22 -47 -60 31 -58 95 -4 -24 15 -35 -86 58 
-29 -97 63 21 93 -70 -24 56 -90 -44 53 -17 97 35 69 46 -55 33 46 -5 54 -33 81 -69 -30 -75 50 -4 -18 57 12 -2 31 -39 58 13 23 -50 -98 64 54 93 17 -42 -74 -8 -59 -39 -12 -38 -1 -70 0 -45 89 -51 6 -14 96 100 24 -38 -23 25 
-58 99 -9 69 -31 -96 23 -73 5 -38 76 94 -62 17 -17 86 -84 -70 -37 68 8 30 100 89 83 -28 23 -27 -44 90 -59 95 23 -93 -11 -86 36 39 -68 92 55 74 59 -31 -74 20 -10 -21 7 -23 -64 -16 32 88 -69 40 34 37 83 -68 54 35 75 -9 
-58 -89 -22 48 -76 28 -21 22 9 33 -6 -24 -38 77 -85 85 4 34 -28 52 -52 75 46 -18 48 22 -81 -23 81 -88 -51 93 -1 93 -64 54 11 23 73 -54 -14 -96 -72 -49 93 -25 0 0 -59 -61 -67 -57 -19 82 28 -7 57 40 -81 -88 27 12 16 -57 
27 61 -64 -94 60 100 79 -70 81 -92 -19 -46 50 -50 70 62 -52 22 -94 -62 85 -5 -73 34 -62 2 -55 -11 -25 -19 -43 -89 -14 -65 -82 84 -1 20 -77 83 47 93 49 15 -92 58 -64 -19 76 -10 60 47 0 77 -83 33 -80 -13 51 61 -20 31 57 58 
-57 70 55 -38 91 92 51 -26 40 52 -50 -85 61 84 -92 -3 96 -60 58 43 -90 5 -80 -100 43 -79 76 4 24 -33 98 29 -67 -9 51 -15 -45 -9 -64 53 36 73 -35 2 -60 87 -89 74 -28 92 65 -39 -73 98 -7 -55 -37 -61 -79 -81 34 99 20 -31 
-92 -69 -68 -97 99 -10 88 -87 57 -31 64 -23 63 -5 -83 23 57 -83 -91 95 -78 -18 81 59 -20 50 -93 79 31 20 64 -95 -75 -24 17 34 83 87 70 65 22 44 35 66 -38 17 78 -81 -49 -39 89 21 -11 -90 38 -82 -49 54 57 -40 32 70 -79 -52 
-91 -3 -21 -93 -97 -3 -34 59 -94 -54 50 -27 -5 -38 -25 -15 59 -95 -23 -77 5 20 -92 -53 68 -51 65 36 -10 7 24 -81 65 -41 95 68 23 -48 -2 55 77 -99 80 -96 40 81 -26 70 32 -88 31 -69 -33 83 -21 93 32 36 48 -59 -64 -69 28 43 
9 67 -72 69 -9 -54 96 -96 34 41 -11 39 -30 7 -9 6 -75 -22 -47 72 -21 -97 86 23 98 -74 24 43 60 53 1 -36 56 66 54 24 -70 -47 -23 -77 78 97 -53 9 18 -72 56 -97 89 7 39 -73 21 -42 48 -75 -55 -62 66 -7 -61 11 53 -70 
-83 -47 63 44 -40 -18 -82 74 -15 -50 -45 -25 59 -99 5 20 11 92 -15 -88 9 -18 61 87 87 -52 100 -63 60 49 -42 -47 9 -12 59 37 86 -42 -61 39 12 100 -10 77 -61 -53 -38 -30 -33 75 46 -97 38 -6 54 69 -1 -66 69 51 88 -68 85 -69 
-75 -100 -5 48 23 45 77 -34 -52 27 -77 -41 27 -10 -4 -85 1 -92 -11 82 -26 71 64 14 33 17 -9 29 23 75 54 -50 -92 -36 -13 -52 -10 35 -20 41 -45 31 50 -64 54 -19 19 37 70 97 -59 -53 76 -89 -24 -96 -41 49 -13 11 16 -51 -34 -56 
51 -36 25 28 83 -18 89 -19 -45 -35 -58 -72 -68 12 -91 92 22 -64 -50 73 -44 -1 23 -53 -17 -98 95 -45 62 -24 54 44 -16 -81 -38 31 -85 -91 26 -31 1 47 14 -17 9 -89 -65 52 -8 42 81 46 35 4 -90 -98 -51 2 -38 46 -1 -72 94 27 
-51 10 49 90 55 6 -10 -5 -1 -98 -87 74 -55 -57 -10 27 69 21 -80 -56 82 -67 -56 -94 64 2 -76 4 -50 -83 -42 54 -94 13 94 -31 60 -10 0 -55 -40 1 -78 -21 91 15 79 -81 -67 -74 28 47 37 -81 -66 -72 -39 -84 3 -71 -92 3 -80 -91 
28 -76 -72 39 68 75 -60 -99 -89 73 -14 95 22 58 -70 -89 -67 -35 35 -13 35 59 6 -38 79 95 -52 -53 15 -20 43 84 -18 10 -13 65 32 -5 -37 -74 -77 5 99 66 34 65 99 -11 11 82 -54 -19 8 89 -19 -27 36 -63 0 30 37 -13 -20 -99 
-11 30 -61 -67 -35 33 -13 -29 -42 -16 -82 -36 93 39 -14 -10 67 47 40 59 -73 -84 -83 -88 -36 21 -13 34 88 -59 9 -55 -72 0 5 39 30 -93 -95 64 81 -43 38 -17 -61 9 21 -50 92 -72 62 58 -11 -69 76 93 -54 -91 -45 7 37 -49 -30 -75 
17 73 -42 52 28 -87 -9 16 -13 -2 -9 67 13 57 95 17 27 58 81 -71 -67 -32 -65 32 57 71 -26 -45 26 100 47 94 -61 -4 -42 59 -3 -74 8 23 -45 -65 -44 16 12 5 56 3 36 -21 29 8 -51 -85 90 58 53 80 76 85 -35 9 45 6 
92 -36 34 -26 51 3 -79 68 100 84 -54 33 -19 18 65 76 63 -48 -93 35 33 -41 -4 -70 -72 -68 77 58 39 -77 16 74 -67 -23 -62 76 -20 -54 -34 25 -94 100 4 -18 97 -32 60 76 50 84 -28 -98 -88 83 100 21 -38 -55 -75 -80 -5 -27 27 71 
57 95 -95 19 92 -79 58 -79 -76 -77 27 49 -90 -39 -76 14 45 -92 -12 -51 80 -51 61 -82 -21 -93 -16 35 84 8 81 77 -97 -41 80 -33 -42 33 72 41 34 -42 95 55 -53 -71 -29 -84 8 4 72 77 -2 -15 -87 -13 5 -23 42 -100 -9 -87 -75 72 
7 51 -5 -100 19 -94 6 42 -85 -16 36 27 -81 30 -19 82 19 -97 38 16 62 -43 70 98 -58 83 -97 -84 66 95 -35 69 81 -31 -22 48 -74 27 -36 -92 4 48 -10 -22 -13 64 99 -58 -21 40 -15 -31 27 86 -40 62 -25 -96 67 40 93 -11 69 -95 
30 48 53 93 93 26 76 78 -3 5 58 31 85 -1 -55 -10 13 -55 54 94 -5 68 65 48 58 23 -27 -69 7 55 -35 17 62 -14 -84 47 -3 46 33 -54 -17 73 -98 9 48 19 77 2 20 -27 57 20 -70 -80 88 -7 28 0 -11 99 -38 -69 1 -37 
-85 77 19 -40 83 -67 -80 44 37 43 37 23 -47 18 68 -18 -85 -22 78 59 65 98 67 -7 0 16 29 -22 28 -19 -25 45 -2 -7 -38 40 13 -37 -51 99 34 -94 -40 16 -90 22 86 1 -17 73 -91 88 -64 21 27 -56 -57 97 -57 -42 100 -1 -10 -75 
-71 -35 53 52 22 2 95 12 -27 -67 -22 65 69 14 -60 -42 60 39 50 33 85 29 73 -35 -24 42 -51 -45 87 -99 30 -16 -50 88 -27 -56 72 89 92 -21 -21 -86 80 -64 -33 -69 -72 37 83 -37 37 -76 -46 -98 67 14 -45 0 32 -88 10 -10 50 82 
