38 47 53 19 -55 -68 -56 29 -29 0 -47 67 -19 21 42 76 -73 46 -71 -98 -12 -1 93 73 -13 69 -12 46 73 -6 -88 -75 -68 90 
96 95 -7 -85 -31 37 87 -7 -32 71 83 38 -97 14 39 4 87 -28 7 -13 38 37 95 -69 18 3 31 -90 -16 -58 -26 78 -11 55 
-82 50 -72 -65 2 -25 13 9 43 -62 -66 -100 100 51 11 89 -78 -33 -21 -16 55 35 54 10 -70 -41 -70 4 -83 70 -16 -50 -22 -93 
19 -89 -3 38 72 9 23 45 84 -82 27 88 71 -96 32 -22 70 10 3 -75 92 11 41 79 -28 -40 76 34 86 -32 32 46 1 -95 
48 6 72 52 -55 26 -93 -24 6 22 -19 82 -6 28 85 37 -75 83 -35 -58 -37 -69 -61 -25 -69 24 67 -43 79 54 -21 49 -93 45 
53 11 -84 22 -83 -16 -48 57 8 99 -14 -20 -71 61 -99 51 -91 -73 73 -30 -60 30 30 -48 -12 21 -73 72 21 -74 46 -69 -11 63 
-78 12 -60 -51 7 -33 46 42 96 88 39 85 71 6 63 4 70 15 -4 -72 11 -91 64 59 -17 -8 -76 83 -28 74 64 -57 -84 -99 
-89 -15 -1 15 -59 99 -91 46 96 -96 -13 34 -42 27 67 58 21 -46 23 36 -65 26 -80 41 -40 51 -96 -8 8 38 -63 -95 30 -6 
-66 -63 -99 -15 32 -38 37 -63 95 72 81 94 86 -67 36 36 84 -9 84 -71 85 23 77 80 -25 97 96 65 -39 6 -98 -52 62 -7 
99 31 -95 43 -71 -47 -57 71 -65 -60 82 14 19 13 66 -30 -90 8 10 8 78 -69 97 75 -15 88 -10 1 37 -89 -90 70 -52 -57 
-88 30 40 98 -22 -70 49 -19 36 71 84 50 -19 -28 0 91 -71 86 61 -70 -50 -16 -8 -26 -85 -76 -65 -2 100 -48 45 -23 -28 23 
10 -33 -38 -10 -70 96 23 60 58 -33 92 -38 1 -71 -2 -1 -26 78 83 -48 -15 85 -18 -39 88 26 82 -44 -84 90 -78 44 90 -26 
82 -2 2 18 92 -76 26 10 65 -13 46 -65 60 -95 -10 -33 35 18 77 -41 -35 88 100 66 -53 -40 -13 49 100 -14 -76 69 -22 42 
-36 28 -20 24 -21 78 9 -64 -23 -84 75 -87 -52 72 -23 -99 -62 26 -50 99 -8 62 -82 67 57 -75 96 -40 86 -55 63 -53 -98 41 
-12 72 37 62 57 54 73 -25 38 -54 57 -21 72 2 -6 -34 80 15 23 71 -51 62 -54 -13 73 -84 -24 13 16 44 98 50 31 -39 
-43 -24 20 46 -25 -89 -34 34 -78 98 -57 -24 61 1 -49 78 -74 16 -81 39 47 31 50 24 17 94 55 -97 -75 -43 59 -55 84 -55 
-54 -9 -35 35 -81 -22 34 -97 -18 -3 -47 29 35 -30 -11 2 -10 -15 96 -37 -6 -77 -44 34 1 -64 98 -20 53 -6 26 -96 -98 46 
49 81 -5 50 25 28 44 -58 -61 -65 79 79 -23 -46 -63 29 -98 74 -61 -24 18 0 57 -34 58 26 83 -75 -23 86 50 -2 -24 -24 
50 57 92 67 46 63 -97 -91 -100 81 60 66 9 94 -49 -50 9 -47 22 37 -16 -93 11 45 51 -98 -32 -27 52 75 84 -68 51 -55 
88 -16 -99 80 -77 -19 68 22 -61 67 59 22 7 40 16 13 33 51 -58 -70 -40 64 91 97 50 54 -20 -58 -84 -33 59 -84 27 99 
99 -36 99 55 92 -32 -90 2 -97 53 -12 4 59 61 95 65 -73 22 -83 -69 -1 -64 -29 -79 -61 -92 -82 8 -24 42 -92 -1 -23 -9 
-65 81 -17 2 -9 -67 -48 -87 -46 65 -44 14 -64 53 -29 -68 -62 57 85 57 32 37 94 70 -38 29 -63 75 56 4 -14 36 95 12 
-30 91 -20 -48 -36 -81 6 2 -22 87 14 27 -4 -76 -28 57 -61 -62 86 92 -26 -86 36 -30 63 -32 22 44 6 -20 89 -6 -39 45 
-76 -43 -22 -58 -52 86 0 -68 -25 23 -80 50 31 89 -25 50 -96 -79 -72 15 77 36 6 -53 14 44 -64 -31 47 5 -68 54 -69 51 
15 -21 16 -94 -81 58 -93 -20 -24 -61 32 -48 46 27 -41 76 44 28 -40 20 -40 75 -17 22 3 33 -77 24 -39 -88 -19 -99 59 44 
19 4 95 45 -34 -27 -73 -36 6 75 72 -95 -47 -61 -75 34 -64 29 -89 -20 -73 -62 -11 98 26 34 -18 -26 -23 -80 -92 58 -62 29 
-16 94 75 35 45 -49 29 -41 -45 -57 21 61 97 86 69 12 -49 27 69 21 22 71 -55 -76 -15 86 -36 -98 61 64 3 10 -83 -32 
14 -24 -8 -10 22 -30 97 -7 40 -24 97 -56 77 98 -20 44 -63 -76 94 -91 -57 -29 38 63 18 -64 2 -11 -90 9 65 24 79 -87 
-96 31 -33 -66 -99 -88 -12 97 -45 75 71 -59 -68 49 -68 80 35 -36 -7 -44 6 44 56 -20 96 -68 31 -82 91 -19 81 -23 -7 -32 
-98 77 97 33 -64 90 67 -71 0 19 -19 83 -58 -25 -33 -90 89 83 -61 73 -16 98 -76 48 -93 -89 52 78 -95 -69 32 85 -26 -29 
-79 61 -26 -78 34 92 -60 -60 15 36 83 67 68 1 99 12 12 -79 44 -28 -77 55 83 -29 -23 -80 -21 -21 -80 -38 -30 -25 38 83 
-79 -2 -31 -45 41 58 56 -14 4 38 -42 57 35 7 76 -4 -95 67 74 44 -71 31 -98 -80 32 -22 -63 -87 -33 -18 17 -93 -25 -94 
-87 16 -32 -64 32 79 -37 -79 53 -22 -24 99 64 68 -34 25 -21 61 2 44 26 -26 -80 -63 12 27 -3 -41 91 -81 -60 -80 59 100 
-100 83 8 -82 11 30 35 98 -51 -54 -84 -58 83 64 66 -20 95 -91 -25 -29 -93 76 -10 -17 37 95 81 5 51 48 -9 46 -75 -75 
61 50 52 -96 -7 50 65 -63 54 -31 -32 50 3 16 73 -72 -12 5 -20 -86 -37 36 14 -62 -7 -52 70 -63 -62 90 -63 -1 -91 57 
-91 3 29 82 19 72 -87 -35 72 81 -99 69 -98 19 18 -86 -2 84 51 -42 -65 -46 90 1 -68 89 34 42 36 -49 -43 98 73 21 
86 36 88 28 -56 94 -82 40 -13 3 -87 63 40 69 -33 -99 -61 18 -18 53 23 -34 -90 63 93 -87 -26 -69 66 53 -57 56 -60 -29 
95 37 -38 7 -65 8 44 19 3 3 82 -12 45 -71 -78 -51 -69 100 53 11 84 47 -4 -56 64 60 55 15 66 41 -86 -98 -80 15 
-42 36 -63 52 -64 -96 -74 -16 -81 8 -78 -4 56 -35 34 49 -77 91 74 75 -60 -21 -82 -68 90 43 7 28 -91 80 -65 -87 24 53 
-48 -35 -95 -24 29 -65 -68 -23 -16 -5 57 -32 -20 -56 26 52 32 -1 50 90 16 51 -26 55 -78 -56 47 42 -76 -22 -22 -21 -55 94 
38 55 -36 -6 -69 3 59 -48 72 42 -34 65 -91 100 -53 13 -5 -2 -59 93 48 -16 -86 95 97 -93 -71 26 62 5 -6 -97 -94 -18 
-52 33 40 23 -24 68 -67 -99 49 69 42 39 -46 37 -20 48 51 53 40 74 -15 -22 49 29 -57 30 -26 22 62 -13 45 59 10 -26 
-95 -17 32 -19 -9 -33 -47 39 15 -15 -39 -62 -12 -26 71 24 13 41 -24 73 -20 51 -85 13 42 -42 -88 16 84 44 69 95 -37 -61 
-99 53 86 98 63 30 45 97 -19 30 -11 -29 7 7 75 73 -46 66 13 76 -42 72 23 69 80 -71 25 61 -37 33 73 -42 -89 -76 
84 -49 -80 65 -29 71 76 98 -92 10 51 48 -73 -57 39 0 -36 -28 -28 88 41 97 -18 -87 -76 -35 -91 37 14 -49 -84 47 -90 -45 
-94 -18 97 -75 -89 3 -87 3 38 64 87 -36 -36 37 -6 -90 61 -25 -42 74 -13 -25 66 -67 -1 0 55 5 -78 34 -44 -1 -71 -24 
35 -66 -27 66 1 71 -44 96 -67 54 44 -37 92 -75 23 -29 24 100 -31 -95 -2 -7 -61 -96 74 -12 76 -19 -83 -12 42 56 -62 -5 
89 76 58 2 61 41 86 -58 -35 23 61 13 -17 -41 71 -92 71 81 -50 -66 28 91 12 -33 -58 -84 6 75 -25 -22 38 57 18 84 
77 16 -73 -74 62 96 88 -51 87 54 -4 -16 -23 11 -47 7 20 71 -31 -12 -76 -62 -91 65 -91 -6 -11 57 -33 -17 -58 14 -14 74 
-27 46 52 72 72 -42 62 64 -56 -55 -71 -18 -39 -44 -63 65 -75 28 59 -28 69 41 -88 -69 49 -48 93 -83 29 -80 40 87 -39 3 
-62 -3 7 4 40 -61 -97 -53 7 68 12 -7 5 -88 13 4 92 24 -27 56 14 -61 -33 -27 28 -12 39 47 76 24 23 -90 -27 81 
24 93 48 7 -92 -88 9 35 -43 -64 -42 -56 -75 -70 -14 -94 38 -93 -88 -55 -88 -30 62 -86 -89 94 -77 66 17 -62 -100 93 62 -96 
-28 79 -71 -46 -46 48 -79 -25 -47 31 60 -61 4 31 -50 -21 -16 2 -2 -9 -38 2 95 88 -10 64 50 35 -60 80 58 77 -88 71 
-46 -27 -69 35 -95 9 -72 55 -82 17 50 56 -27 -74 78 -74 79 -31 45 -9 52 -48 -61 -12 -62 -64 19 -4 -1 95 51 9 30 48 
-37 -25 20 -10 89 87 -91 54 60 -94 22 -82 5 36 -75 82 74 -7 -93 -18 5 -15 -68 48 5 -23 -6 47 43 -40 -44 59 75 39 
88 -45 16 -66 23 -90 23 55 75 18 -48 -76 -86 -61 -81 28 -71 -28 91 73 81 69 -55 23 60 82 -76 -100 48 -91 -78 86 76 -6 
-45 -61 14 -45 -93 -35 2 68 -28 -14 93 -56 6 54 -7 -48 5 -5 1 -18 7 73 -22 32 36 52 -16 -33 36 -80 -65 -39 25 -4 
55 20 7 -47 -60 -37 -89 -85 -98 -21 -46 -5 34 16 93 -36 -45 48 -86 91 -37 94 16 -38 -10 68 -40 11 -17 -72 44 -78 -58 -77 
-56 62 -73 -12 20 -25 -64 65 80 -40 37 -85 88 64 -36 52 -47 -51 1 -82 67 -45 55 75 65 -94 89 -22 46 1 -72 -80 5 43 
-63 27 78 33 -93 3 -25 -85 -98 -1 16 -14 -62 -86 -42 16 -2 -92 -21 -86 19 -88 -93 73 1 -62 -93 22 2 57 67 -82 20 -8 
25 -48 40 34 98 -8 62 -90 -20 -66 95 3 71 -62 -89 -19 -15 -7 -42 -46 4 77 -68 -44 9 -52 50 -40 -86 -59 -7 -12 48 76 
73 25 -100 -1 -38 81 31 7 -14 -2 -16 87 -27 -19 -79 63 -6 -24 -82 -63 75 67 61 75 -34 -20 -55 29 48 76 16 97 49 -69 
56 21 -99 -63 24 -54 -23 -77 -43 -59 -43 18 -86 -19 -14 70 44 27 86 -10 11 22 -62 -31 72 53 44 -67 -15 72 7 40 35 76 
-61 52 -80 -80 -32 74 67 91 -14 -5 -67 46 -50 -26 -89 -64 51 -56 -24 69 -18 10 2 -93 -32 69 -6 89 55 -79 -30 -97 45 -94 
15 71 -74 9 -34 -83 30 -88 -90 -22 27 -85 92 44 -90 -82 -5 62 -96 -68 -80 74 47 16 -75 4 -46 80 80 7 33 -2 -43 37 
11 45 1 5 0 22 34 -64 61 -41 67 -3 71 -40 -46 22 19 -67 55 -85 11 -50 -31 100 84 7 -30 -8 -17 8 9 5 57 6 
-22 -22 27 44 -4 3 78 82 -100 94 26 93 98 -20 -15 28 -68 -77 -90 -27 42 4 -89 -75 -47 44 -56 -31 88 34 -100 -68 72 -43 
89 93 -21 -86 35 -60 -19 84 65 -23 -53 -44 47 -42 -24 41 -58 73 60 83 51 -49 -5 8 -72 87 -58 -61 -80 -52 -94 -96 -29 66 
