-9 23 -74 -22 3 21 -13 -20 11 -95 13 -34 22 51 -97 -18 41 52 26 84 69 6 -70 100 19 -56 55 -81 -87 -83 -79 -78 -33 31 -81 94 60 -32 -20 17 -12 -48 -63 79 -50 84 90 10 -42 13 -22 26 74 25 34 43 3 -87 -48 19 70 92 -11 -68 77 12 15 87 -24 31 70 1 62 45 -41 -87 64 -68 38 72 -93 -41 -36 -93 -67 -29 98 -52 25 19 -7 -37 -51 73 -12 -65 5 -95 48 
-22 -84 -70 9 -53 -91 -16 -36 24 -47 -15 -80 -23 -5 -72 -63 76 58 34 -92 48 34 -18 -70 19 -16 82 -66 -97 -2 32 -50 -18 9 -19 -92 -71 79 28 -77 -41 37 -40 25 44 -54 -68 -88 68 40 -23 54 -87 55 77 24 -72 64 -94 15 -58 -8 -19 38 48 8 -83 44 -64 -54 62 44 71 100 -20 -90 -92 -68 -95 -45 -66 -26 -56 68 70 47 61 44 -71 8 -55 24 -8 -36 30 -65 84 100 73 
24 96 -44 95 53 44 77 -98 54 -81 64 41 -16 -85 36 13 98 -51 60 -58 62 68 -70 20 -99 81 2 94 83 74 78 -79 -57 64 19 53 -76 51 -20 -77 -85 -100 -22 22 3 64 39 85 79 -39 13 8 54 -72 -43 -68 -98 40 41 -100 74 -21 -77 -26 51 -65 -97 -52 -61 -82 -99 -17 -61 -11 -58 -15 36 -84 -92 36 21 54 23 36 90 9 52 -22 -83 78 -83 -97 -71 78 -4 40 -59 57 -12 
-6 43 -91 -28 -98 -73 88 57 -54 -98 -77 -71 -100 99 39 12 72 91 -85 -11 6 -21 16 -5 14 -54 -56 -21 78 73 -75 -53 96 -75 -8 98 18 -96 -51 -84 -8 -3 69 63 -44 62 9 -44 89 23 1 -68 -16 60 29 -97 25 84 -86 -60 31 55 28 54 -13 62 -98 -2 42 -58 -74 -77 -6 -55 -51 -9 -2 -1 -29 66 62 54 72 67 15 -86 55 98 2 -66 -14 94 0 -41 74 -91 -54 -83 -100 
21 -25 87 -54 65 85 -77 47 -29 20 14 -31 62 -28 45 37 -76 56 -85 100 36 19 20 -88 77 33 -92 69 -98 -96 13 -29 -87 53 -59 -47 -66 -100 -87 -96 24 -19 9 27 -22 -18 19 31 -71 32 -82 67 -23 57 77 -18 84 19 -24 -24 86 -72 13 22 -88 -70 -100 -68 68 -96 -96 1 80 70 91 75 -91 -63 47 -26 27 -34 -10 -18 47 -1 -88 -20 8 -4 -76 -80 27 58 -40 70 -53 -92 -62 
-9 -18 -46 -66 -20 -39 67 -36 -53 -8 -15 -32 -90 29 97 -45 -55 -90 94 -34 46 -58 -44 -50 83 94 -90 -5 -77 16 99 -93 32 -30 -42 -63 22 -74 -47 -36 70 22 -26 85 -71 -47 3 2 -80 -66 -100 -30 -83 -10 -27 67 89 100 -66 68 12 -39 -75 84 77 47 -61 24 -28 33 58 -28 -87 -92 75 -74 15 -26 85 21 5 97 72 27 2 80 75 100 -22 84 -58 31 53 -24 72 65 -20 -89 -84 
-86 66 80 7 12 -13 -28 72 -50 82 -89 -16 87 -6 -21 -94 -10 54 -100 32 -93 -16 -37 87 85 72 17 -92 -67 -50 3 2 11 -42 68 -80 -58 -4 16 -18 -41 -13 -8 -27 79 -86 -82 88 -55 -83 -24 98 29 -24 -93 8 -59 -95 -69 70 64 9 70 -25 -81 45 -72 45 72 -6 -1 51 0 -18 -58 -17 6 12 30 98 -81 -19 26 66 -53 -78 -13 42 -5 59 7 -91 -15 -46 -58 -88 62 -55 -20 
-11 72 48 85 -46 -65 34 51 34 -48 54 50 68 -36 -52 1 27 32 -30 -48 -16 -78 -3 -72 6 53 -38 -88 92 89 -76 45 -92 -38 -3 -68 -96 98 40 -78 -73 -15 -70 45 -49 -66 63 62 -16 53 -68 -23 72 24 -7 -99 -53 -32 -53 13 -93 77 -74 3 -79 99 -76 22 -54 5 -38 93 -75 -62 31 -14 83 -60 -93 -9 -15 62 55 -11 70 -54 -99 -3 -36 57 57 -36 -85 86 -57 51 -11 -78 -81 
-27 53 74 58 34 -1 -49 -85 51 14 -21 -98 26 99 -43 84 9 -26 59 -50 1 -59 1 77 63 79 92 -99 44 23 -81 59 -11 32 -17 72 81 -42 81 -92 30 75 15 83 -4 64 -91 -43 -71 -77 -48 1 -60 34 70 -31 89 -54 86 84 53 52 -2 77 -50 58 -10 -17 38 55 -68 -63 -87 -71 15 19 -76 34 -29 -33 10 -83 37 72 -91 4 -87 72 -97 -14 45 60 97 27 -38 -49 35 81 50 
-88 -90 67 2 -53 -9 -10 98 -30 30 -64 47 25 -52 -89 21 -55 -69 -35 1 29 25 -53 74 63 89 25 -40 30 81 -96 76 77 70 -97 84 -91 19 83 36 88 97 -58 -46 53 -27 49 -62 -74 63 -99 -75 -12 -69 29 -91 -79 68 95 -20 23 -65 91 -34 -88 84 46 -48 -95 55 -73 12 30 42 -17 -67 -65 -33 -73 -100 82 30 -65 -6 -26 -3 -77 -44 -66 84 6 -81 -13 -9 -12 -34 -9 90 -100 
-45 -97 17 -44 -7 -50 -93 41 -44 91 -90 60 49 -6 -28 26 94 -23 -88 25 83 52 69 -73 -100 76 54 -17 96 8 35 -3 -79 61 2 -96 99 39 -58 80 -68 9 49 61 93 87 4 -81 -6 -27 78 -93 -64 -49 21 77 -39 -22 -42 75 61 -43 -52 -2 -59 20 32 -5 -13 79 -87 1 -38 95 -12 76 79 -89 -15 -78 -33 -45 -68 13 40 -27 -35 83 -60 26 5 20 91 38 88 45 -92 -67 -97 
31 -10 -83 -49 94 92 -56 -90 92 -90 -82 69 33 96 1 16 -81 -57 43 -23 -20 -59 88 -45 -89 -57 91 -32 -30 30 24 79 42 16 51 -69 -46 57 -29 -34 -8 -2 -24 100 91 56 -55 -95 -42 -95 56 -59 63 35 88 38 -32 -54 9 -89 53 7 -20 -84 90 -57 66 -57 -98 -63 -41 91 -64 94 -71 89 -17 85 -9 34 -27 88 -47 -85 13 -54 -50 67 59 -90 2 -19 -17 22 89 -2 -26 -8 100 
-20 16 -54 -28 45 -63 83 62 47 -65 -85 78 -4 22 28 -45 29 -43 77 -23 27 91 12 11 -11 68 -45 -3 -51 -5 -18 11 -22 -86 79 93 -16 14 -16 -11 38 -16 -93 35 75 -38 -30 -10 94 27 -89 56 11 31 16 -18 83 -3 57 -88 100 -33 67 -39 75 60 96 -44 90 -60 -76 -94 88 46 -12 99 -42 98 76 75 -7 9 66 81 81 42 -39 -46 7 -90 -7 -14 -61 98 -94 15 18 -94 24 
25 41 -29 68 -27 25 -21 -57 -95 -25 -58 50 -6 37 -53 -93 -23 79 -50 29 -63 50 63 -95 34 69 5 68 95 -61 67 -21 59 -52 63 55 -1 -85 73 -37 -48 29 -95 89 84 -62 82 78 77 -40 29 -16 -85 2 -8 37 33 90 -40 12 -46 -72 27 64 -90 -29 -80 76 -88 35 87 95 -13 91 -62 40 -42 18 -5 84 -55 -19 64 99 92 16 43 -25 -31 -62 -36 55 61 30 -71 -10 -66 50 -6 
75 38 30 -78 -57 -88 -58 -47 -54 98 20 94 39 -76 55 34 89 98 68 -15 13 50 19 -3 24 47 -71 -45 -86 15 -30 -58 53 2 -27 45 85 71 38 -43 -55 -28 56 -64 77 3 -89 -28 40 -96 16 93 23 -87 70 -43 -71 -36 22 -29 -86 -48 -50 6 -46 100 -40 21 -22 -11 0 5 -52 -71 70 16 -35 72 30 97 -45 98 -73 -89 -96 -76 -21 20 91 60 15 79 18 24 0 -56 -14 -17 35 
-71 26 10 49 68 32 -30 -29 28 -66 -95 72 -82 -27 48 -14 -3 88 44 -4 88 66 7 10 -22 21 -44 -97 78 -10 70 -80 -22 -94 35 -94 16 -95 89 40 35 -34 67 83 -32 -81 -54 22 -14 15 43 28 3 -7 11 -19 30 15 -39 35 -56 -12 -78 -25 83 -63 92 -12 -66 -57 97 -43 -64 96 -3 -94 99 82 46 -20 -17 79 97 34 -35 42 58 66 -61 55 92 35 -80 -21 37 -45 -27 -84 -25 
70 -71 94 -90 -100 -82 -89 81 8 64 57 52 53 36 87 -89 67 -48 -88 -2 -32 34 -75 -87 -27 1 11 66 48 -54 -7 -38 34 -22 -7 -70 65 -34 -63 41 -94 -30 82 -72 -100 29 80 98 -53 43 2 -25 64 10 55 89 -19 81 54 -56 -35 51 -35 -6 -92 -19 -28 80 55 5 -99 -44 80 -7 -69 57 -57 14 87 4 -56 -1 -83 -69 -82 77 86 82 7 -31 -99 -100 -92 69 13 82 -85 87 -43 
-23 -5 100 35 68 17 -64 -49 -4 -14 -99 68 -35 36 52 10 9 16 23 74 68 -3 -11 -27 -84 38 28 -97 36 -74 -22 -88 31 68 96 -37 -50 -55 -11 8 13 12 -55 7 60 -28 -7 -49 84 -60 24 -91 -23 -96 63 -14 79 24 14 33 -30 -30 -10 -63 14 61 -49 -71 29 12 36 25 49 -84 -58 39 68 -75 -86 32 -55 -77 75 15 -61 -35 -66 -63 -20 90 -38 32 -33 -52 25 92 55 3 70 
1 -96 -70 9 -70 14 -45 -84 21 4 -8 -83 -50 -50 -59 -38 5 -53 -41 -21 7 -45 -52 44 76 84 8 -96 36 62 4 -20 16 -25 -15 47 0 22 80 75 100 93 -75 57 -25 -21 -16 67 -66 90 -21 47 -90 68 23 -60 -4 54 66 -27 45 -33 -73 -47 -90 -80 -94 95 5 -58 45 -8 9 -79 74 -88 -47 69 18 99 3 -51 97 -11 29 38 -39 -96 44 -58 -56 83 -63 54 80 24 -65 31 -4 
-97 -46 47 -3 22 24 35 2 42 35 92 -81 -36 -51 11 -72 -14 97 15 95 67 -36 45 -49 -70 83 94 23 -49 -45 -52 -27 -9 1 78 -11 -14 -59 -97 13 -38 -58 -89 61 72 50 96 98 -13 52 46 71 -24 -34 27 87 29 -38 -72 -47 -67 -67 99 31 -74 -21 -92 -32 -14 16 44 7 -38 -88 -8 59 -38 12 100 -46 -93 -2 84 0 -73 -96 77 -73 30 73 60 13 -50 -44 -59 1 40 -34 -30 
-48 100 25 -1 -59 44 83 78 75 -20 -35 -91 80 2 89 -59 -31 90 -89 -66 -6 27 -77 -71 7 -22 34 -91 32 -41 21 -73 21 41 -61 32 -77 96 42 74 37 -81 -100 22 12 26 14 93 14 56 -68 88 3 -84 -71 -44 -95 -78 98 66 85 -33 -2 20 43 -35 17 77 7 39 -66 56 -95 14 8 -58 95 -71 59 60 -85 -98 -83 -2 -60 81 -100 20 9 -85 -81 49 29 -20 37 -1 -22 -17 10 
-2 -27 -30 -75 -74 -41 -52 62 34 2 -3 -81 7 50 -83 -85 38 -77 -12 -31 -50 91 0 36 -66 66 3 -69 31 -93 -86 -56 -89 63 -91 -81 -2 -67 -88 56 1 39 12 -12 -37 -32 38 24 15 -58 -38 -75 -92 -100 64 81 -12 -57 11 -84 97 88 -94 1 12 90 52 88 73 22 -23 29 -31 9 65 -5 -50 25 6 43 -49 79 62 -72 26 -44 60 33 -11 9 47 41 -89 -60 -56 -12 18 -36 -69 
-45 54 80 19 51 96 72 45 75 -99 -11 87 -72 99 56 -66 -68 -62 38 93 21 82 47 51 -90 36 -39 74 -47 -88 43 28 39 2 -2 62 92 -62 -48 19 28 20 99 -50 -41 66 -75 36 -9 23 -33 -30 40 -42 100 6 3 -96 -41 -40 85 -92 35 -55 -49 20 71 64 53 92 1 -59 -31 88 3 -30 -4 -74 76 20 -32 -65 51 -69 -20 71 -14 66 -27 -96 28 16 60 63 92 73 52 83 -62 
-76 83 -61 -98 -88 -84 -85 -44 -15 7 93 -74 33 34 -3 0 -53 6 -32 -55 44 -84 -86 -65 -83 -69 -93 -6 -28 -86 -50 -28 44 6 26 -70 -97 -38 84 76 70 -66 15 -97 98 -36 79 15 32 15 62 23 93 -78 99 -48 -69 -94 -19 -65 -44 -2 22 84 41 80 83 59 -8 95 -14 25 82 83 98 -7 -12 78 -9 50 34 -15 -79 46 89 -6 -42 -56 -63 -37 -19 -58 31 72 -74 78 79 72 40 
15 -90 91 -99 0 10 -14 -51 78 -100 73 69 36 -57 49 -100 -20 57 -46 -69 -41 57 71 68 39 -69 54 100 -18 -49 15 -73 -60 -2 67 -66 -11 -52 59 36 53 62 -96 63 -9 -25 -81 36 -75 -43 64 -81 -27 29 35 -72 63 29 51 -1 65 70 23 71 -13 25 100 66 -4 -31 25 28 17 -66 65 -28 -62 -90 80 78 54 1 78 93 29 96 -54 -45 60 74 61 8 -17 75 -2 78 36 18 -99 
86 -79 83 -84 -50 -89 -89 -9 37 -46 24 28 -53 24 -12 -76 77 43 76 68 31 -12 -38 -25 80 -86 79 -58 7 -64 -48 22 35 -77 85 -30 -82 18 52 93 -30 -19 -31 -55 28 -59 73 55 80 97 58 -37 -30 -2 -62 -99 59 30 96 -44 46 73 -46 45 18 76 45 84 -12 2 20 97 -46 69 94 -43 74 2 94 -74 -67 -5 -20 14 26 22 23 24 -46 -62 -92 98 56 7 15 -80 41 -42 -66 
-86 80 -72 46 11 73 77 -84 67 7 -26 36 8 37 -31 -29 86 2 -54 -75 43 -6 76 5 -71 80 -59 -88 39 57 -53 91 -2 75 -80 100 -83 1 -90 84 -5 -11 -39 64 -41 -88 87 83 24 29 -69 30 0 -41 72 63 20 24 -92 47 88 92 -68 25 -42 37 -75 -4 -35 -5 68 -63 34 22 -32 80 -9 9 6 40 -90 91 20 -34 -18 24 53 -46 -65 43 36 -11 56 -70 89 -85 -23 1 -58 
-55 8 33 68 -88 -99 71 -24 -4 98 -29 -51 -24 -64 27 -55 -92 13 62 -20 99 43 -43 -66 -64 15 78 27 -57 -86 -15 -48 -8 -63 -53 84 -54 -29 79 88 52 67 56 -93 -17 -61 23 -22 9 66 11 -87 80 41 -83 -42 83 -2 86 -9 -87 -57 76 -54 -44 6 24 20 67 46 -58 -69 25 65 17 -35 50 69 -68 69 47 -75 -92 -76 -39 62 -99 47 -4 65 1 -9 -79 -82 38 78 -97 -94 -18 
38 -60 -45 -64 20 49 -99 31 -83 20 -48 -61 -74 29 -88 78 -76 28 -51 64 31 -38 4 75 -19 -2 -76 87 47 -29 28 -26 -27 -45 -43 -6 85 22 61 95 -53 82 -63 99 -42 1 9 -60 -56 63 2 65 25 35 20 8 68 -41 4 50 62 74 26 -36 56 -39 50 -65 58 -80 -27 18 -7 -22 -50 -87 -27 48 52 -24 81 -97 1 97 28 50 20 43 -26 81 -91 -73 -58 -37 71 29 -34 -11 95 
58 -21 57 46 32 88 -48 -31 99 62 24 -84 -87 44 -63 97 -51 -30 100 27 -56 -23 71 44 -1 -67 -80 54 41 -97 -69 51 73 3 -15 37 -59 28 -40 62 -21 44 -41 -21 -88 26 74 -17 67 -39 -86 38 -64 -54 -26 -33 32 -24 100 -71 -88 82 -43 18 48 -21 -34 41 49 -81 -82 -6 -33 -80 0 -87 31 -94 -46 -71 45 -69 20 -82 65 -82 78 98 30 -19 53 6 84 37 35 94 -99 -21 -39 
-91 23 -52 -27 -96 -68 -31 -24 -85 39 -57 38 3 17 -65 -70 37 -78 -87 93 76 32 10 62 -71 -32 -78 -18 83 9 -92 96 43 30 86 100 92 0 -71 -55 -29 -52 -48 -13 93 34 36 -20 88 -45 -14 31 76 -41 -39 -54 -36 -61 -94 -20 28 42 3 -97 -90 66 63 72 19 -61 29 82 39 -38 -98 -41 29 -14 -39 -57 49 18 76 25 -78 -39 61 30 -36 -76 5 -79 90 -13 -39 -11 46 -96 27 
72 -4 78 15 20 80 -22 -76 -41 53 58 86 -64 -19 23 -63 82 -34 -1 11 -66 -52 94 29 -42 -53 -4 73 -36 68 -9 29 10 6 -40 -43 -97 -86 59 19 -95 33 37 -65 8 21 85 -27 -79 6 -62 94 30 -45 56 7 -6 -52 3 66 -93 80 -50 -24 -64 -26 -64 73 -52 13 65 -70 -10 81 -51 -31 63 100 -2 90 73 21 -19 78 11 -94 -54 -28 -26 -65 -14 -34 -97 -11 94 -70 64 31 33 
13 91 59 -100 -21 -39 -92 44 30 28 -38 32 -90 -17 -94 50 36 -13 -90 73 83 15 -92 40 -33 45 -90 45 -32 86 -41 62 21 63 63 -79 -55 5 -54 -30 30 46 15 40 14 -9 -92 -90 -87 43 9 3 -53 89 78 -5 57 71 -9 5 -76 -45 43 -82 62 -96 91 -47 -75 40 -59 39 44 -86 28 -60 29 -80 71 -97 52 -45 66 -39 92 -60 96 48 -31 66 -45 -8 -86 97 -3 -3 -90 46 -14 
78 -70 64 -79 25 0 -49 -52 -83 100 79 26 14 -24 -52 -90 -30 72 17 -72 -69 83 -4 92 71 -66 -3 0 -34 72 -73 16 75 -93 70 95 -79 69 -44 -64 -63 59 78 -98 91 -77 44 -35 -57 35 26 14 9 43 -96 100 -46 -66 72 -94 52 -46 -54 -91 87 62 100 52 19 100 49 59 91 79 -37 73 64 47 -59 75 -73 82 -50 98 -4 -12 95 -80 95 -75 -50 62 -21 -27 -68 66 -66 91 86 
-88 88 15 52 40 43 21 14 71 59 52 16 -26 47 61 54 14 -38 -57 -27 -59 -1 -95 55 -49 33 64 4 -47 5 25 -85 80 44 42 -49 47 67 16 46 -7 58 -90 27 59 96 26 -69 -6 14 -81 32 32 -65 -24 37 -6 -94 -29 -92 -58 94 32 87 78 64 56 4 57 28 -53 46 -70 -95 -36 -1 91 -16 -25 -40 66 -5 37 37 42 9 71 -97 27 -62 99 34 60 -80 -80 -54 -3 -77 8 
-35 22 -92 57 0 -77 65 -5 -80 -90 -70 1 43 85 83 42 -96 92 -71 -25 -31 85 -17 -16 8 89 96 -36 3 -14 -48 75 74 69 78 -38 -43 2 -28 91 3 -71 -96 70 40 -99 -57 2 44 30 2 62 26 9 60 35 24 91 -92 76 38 -9 8 79 -49 -20 7 42 -11 55 80 79 -78 82 -28 66 64 17 -68 -94 28 -34 11 17 98 20 -55 88 -52 -36 21 95 81 37 0 -15 57 30 -23 
-71 -27 19 61 -51 57 10 -7 -37 48 -33 59 77 81 -66 -33 32 75 -43 -56 -65 -48 36 85 81 84 -83 3 -21 57 91 25 31 91 -88 45 54 62 -48 -40 61 -17 50 41 94 46 30 -93 28 -89 -71 0 -30 -16 -19 -96 -31 19 76 15 -95 -43 41 100 -99 87 82 61 -61 -50 16 49 51 77 86 -69 83 75 -30 -42 56 16 45 -70 44 9 -69 -17 -21 -31 83 -6 43 97 53 40 40 -10 40 
-23 -94 -54 60 -93 40 30 54 23 11 -8 -14 91 33 -96 90 62 -48 -13 7 12 43 86 63 57 99 91 29 19 -55 57 27 84 -44 -1 -46 -90 18 -11 -17 -18 -48 24 -65 -46 89 95 41 32 31 -21 93 -10 73 -56 78 91 -72 -92 62 10 -6 -27 52 70 -40 -24 54 -58 67 63 -39 -31 -46 21 -5 43 -92 10 -65 46 23 85 30 88 -34 -24 92 -15 -73 34 100 21 23 69 13 12 66 -92 
-55 55 -80 65 -14 17 -75 77 25 -66 -64 -23 -93 46 -40 49 11 93 -63 -11 46 -71 54 -35 34 -53 -62 100 -53 91 -73 -28 -93 4 -79 -78 -51 63 31 50 -33 31 25 38 44 35 -24 -30 84 -98 -65 -96 -73 70 66 -52 91 42 80 -52 60 -82 -19 -86 -96 4 20 -39 63 -64 -99 -19 57 56 42 -5 -92 68 15 -89 9 -10 4 -44 39 -57 96 0 48 -93 62 -24 33 58 -22 70 33 -36 -76 
0 -89 -6 -50 62 24 54 71 -69 -75 45 -71 -31 -65 75 -45 -62 -93 66 -19 12 0 -96 10 3 -91 88 -27 -26 54 95 -61 32 -54 15 -91 48 8 -46 -20 8 36 70 35 -56 65 -37 -47 -30 -95 95 95 -4 0 84 39 42 65 68 69 14 -22 97 -35 11 61 45 -80 73 -40 87 26 86 22 62 35 -80 91 -53 57 62 2 -50 -30 -87 62 79 -83 8 -6 1 69 -24 38 12 -76 -34 58 43 
90 -33 -37 54 72 78 92 90 17 -5 37 -84 -84 90 -71 -39 80 -14 -33 -24 76 -73 96 41 -18 -20 -86 -82 2 38 -12 -66 -41 61 31 55 -47 -25 -18 93 -36 68 -96 82 -11 -62 86 69 14 7 0 48 -98 24 -34 45 83 -36 -1 81 -80 82 46 22 85 0 -69 83 0 54 35 39 -18 31 -80 -31 -3 -68 -12 -3 -50 17 -66 10 77 12 -61 -22 -68 100 -95 -58 18 88 -73 -19 74 -96 91 
54 55 -52 31 -31 3 -33 -43 -89 -85 99 -72 98 91 -63 37 -59 -48 -42 95 -85 -3 -35 24 -72 -86 -15 -9 38 -55 -26 66 -34 -49 19 45 17 97 52 44 -80 97 -36 69 -2 72 -27 89 -21 -34 54 -2 -69 33 97 76 -62 -11 -51 -5 -83 40 -57 -49 95 37 -22 -33 26 -90 5 97 6 -24 81 -59 -79 -45 66 -89 -74 51 -97 -28 100 64 42 99 50 -67 96 22 -20 2 41 -47 14 57 7 
41 37 16 10 -4 -79 12 -6 97 -71 37 67 -82 39 -73 -22 -53 -20 -74 48 99 -89 -27 -72 -15 78 10 37 -51 55 84 -14 -86 -22 -15 -76 -65 -94 -91 34 -60 -36 81 -83 15 -35 46 82 85 10 61 48 -79 45 63 27 35 -12 -60 -49 -85 88 4 -82 17 -31 -22 4 -93 -40 34 -5 83 75 -15 91 -20 -77 5 30 90 -67 -80 38 -6 91 100 35 25 90 18 -52 -18 95 4 15 -11 -23 51 
-25 -81 -40 -59 -56 -31 -9 58 -59 40 32 29 -49 42 -63 70 -52 -14 8 -34 -64 42 -54 0 -9 69 15 -89 -37 -57 -4 -72 72 -56 -40 -81 72 75 34 -64 77 28 18 -86 -14 -34 80 1 97 89 26 82 -12 47 -63 -44 85 -7 82 -67 24 28 16 0 -37 -50 -18 -69 9 85 19 61 -26 -64 -57 84 -24 22 13 54 55 -80 -61 86 -67 -81 -46 76 -23 52 -22 59 54 -30 25 33 -46 67 -8 
-28 -100 28 -3 -61 -74 1 48 68 85 81 -41 -10 81 -10 60 85 79 24 81 -35 -100 -65 87 48 47 78 50 49 72 -75 -85 -65 -66 59 42 -25 -23 -16 -94 -13 13 28 31 17 72 -56 65 -69 -1 -27 -50 37 69 -90 -41 39 -81 57 70 76 22 -53 -58 31 -19 84 -81 78 44 -20 -77 64 -40 -8 -54 31 -70 22 -4 59 -98 -86 -15 79 15 35 -69 94 -47 -47 -66 62 -60 -59 15 -74 41 -63 
-88 40 76 80 19 34 54 60 -57 2 54 88 14 -45 77 -35 -47 61 -11 98 100 -90 79 52 91 -92 -42 -43 -44 77 -3 12 -83 -56 93 -100 -90 38 98 -39 -59 -24 84 74 93 37 97 -32 -79 37 -59 78 5 27 -70 -51 -79 80 10 -46 38 -15 -69 -32 -51 96 22 79 -10 14 -69 -58 -98 73 29 13 -27 22 -89 -48 -87 -29 13 -12 -79 30 77 92 45 -89 11 -39 -21 -99 42 -83 -78 -78 7 
-21 -55 -80 49 14 -71 45 54 -41 -39 41 94 2 -29 14 -26 -6 96 19 28 23 -81 -35 76 11 96 48 25 80 40 55 13 -41 22 57 -6 -26 28 94 80 -86 -67 -48 65 93 -75 0 61 1 59 -24 79 -38 10 71 -47 -31 -81 -14 57 58 100 -68 -87 -41 -19 18 -96 71 48 -13 -84 42 -18 1 -62 30 -47 50 1 77 -76 -77 61 -68 15 63 8 81 76 62 96 -9 68 -24 69 -9 3 41 
-64 -70 -15 -68 -8 -29 -30 22 85 -96 -41 -3 10 89 61 -97 -61 71 -46 -84 -91 13 -25 -8 28 -26 74 -7 77 59 -20 46 36 -71 71 -88 -82 -33 -71 -7 -85 8 -54 -44 62 87 4 -52 74 -60 -42 15 -72 -34 -32 19 -15 -87 -98 -97 82 20 11 -91 -56 -67 66 67 -91 12 -83 -21 -10 -51 46 22 -78 86 -57 -98 -82 -22 -17 -75 38 -72 14 -30 -96 33 30 91 94 38 80 -67 -54 22 -2 
-65 34 -34 -39 80 -10 -53 -5 -81 -70 47 -52 3 28 -67 -89 48 -41 -92 -44 82 -34 31 44 -77 71 16 37 3 4 -64 -55 58 -89 -4 -33 65 68 -34 80 76 72 -30 -85 14 20 52 91 -18 33 -3 -28 23 18 -19 -91 -89 10 -72 -84 -18 -65 -31 68 -25 -99 13 67 -31 11 81 65 -14 -43 25 -95 1 -65 98 4 13 23 68 -79 -11 -23 -17 -19 24 53 -19 60 -96 -78 65 -61 88 -61 4 
76 -38 -67 -71 88 -85 -54 92 11 -25 -6 70 -24 8 -61 6 20 40 73 64 36 43 97 -30 63 95 23 -33 -80 74 -45 49 -13 40 27 -1 8 90 -79 47 -3 23 19 -90 12 96 63 65 14 -36 14 -83 -76 -22 74 -29 95 45 57 78 -64 -46 -3 95 34 89 -52 -94 -100 67 -91 56 87 6 41 49 -78 47 21 17 31 86 -4 57 89 -74 87 -81 28 60 94 14 38 26 83 17 85 -33 62 
-5 6 56 99 10 17 97 -23 97 -14 -14 -26 24 78 -10 -63 -3 -13 -70 -47 82 -54 -30 67 -71 29 36 59 73 -100 66 -88 91 93 -41 -83 24 30 27 -60 25 -63 16 -49 -99 -84 -95 0 -44 99 85 -76 -40 66 54 -7 -79 26 -77 88 -90 -65 25 11 72 -94 -36 40 71 50 87 -85 42 4 -90 46 -52 41 -6 -8 -20 31 50 -7 43 -22 -74 -36 -38 70 60 40 -38 -57 44 53 -60 89 65 
11 29 -69 -76 83 2 8 -77 -88 83 25 -54 -93 -63 -97 -100 84 -68 -93 -48 94 18 33 -49 -83 -13 -21 -62 39 -34 -13 -79 -41 29 1 0 -62 72 77 24 17 -15 -24 97 -13 -2 36 95 -8 28 94 54 40 90 30 89 -69 -95 3 -57 88 79 -75 -93 -40 -54 -31 -58 -28 -86 64 89 -47 96 57 -68 36 70 -86 -35 -10 -75 -10 -43 -76 -68 62 63 -45 37 84 -90 -53 -70 74 48 -4 -5 -17 
3 -50 -56 -27 73 95 -27 65 -26 -9 66 66 92 -64 28 -72 -12 93 -40 -23 -79 -7 -85 6 -97 98 59 76 30 -78 -18 -99 -27 87 47 7 36 71 -95 30 -92 55 97 48 -61 59 -23 -89 86 5 -23 -45 53 -33 73 21 -3 -97 26 75 -24 -28 48 -83 43 81 6 -96 -93 32 -62 22 32 -15 -18 9 -74 -15 -65 9 -16 -73 -22 -37 0 68 -59 54 -99 9 44 45 -77 -82 -75 -67 20 98 -32 
-43 43 38 44 -80 -2 -11 -68 13 -80 -53 95 -9 64 -99 50 -64 4 -76 -24 -44 60 81 87 -24 -33 77 76 55 96 -45 51 -29 73 27 63 -54 88 -66 12 -23 44 -16 -13 -35 -1 -90 -24 -77 -67 -5 -2 -88 21 -58 43 -85 -29 16 7 -70 70 -92 34 -2 -98 63 -4 10 -34 -97 -88 -24 -22 -32 -27 95 -54 36 98 -83 87 -77 -93 46 -79 12 38 52 30 6 61 51 68 94 -45 -30 -55 21 
-44 17 -75 72 18 -35 -36 82 -73 20 78 -8 -78 -8 35 -97 63 23 -98 72 -86 -84 -45 28 -22 57 -75 7 40 99 54 41 70 -57 54 -18 16 -82 53 -86 50 -80 -10 18 -56 72 30 -19 -18 8 36 2 -74 79 -38 -33 -58 52 -40 -88 71 -26 95 22 -2 -35 -49 36 -37 -24 60 -88 31 -26 -79 39 66 23 -34 -1 -30 21 -15 43 34 49 77 -78 45 -79 -43 19 1 -10 66 36 55 -93 -34 
-67 -58 73 61 99 93 52 -60 83 23 -40 47 -66 -98 -9 71 13 72 79 97 -5 -70 -94 -52 93 18 -42 3 83 -12 -49 -28 -19 70 -92 48 -8 -71 68 -55 -74 -37 84 3 28 41 67 26 -86 15 75 79 96 18 -12 -96 38 82 55 40 -37 -87 60 30 -50 -95 13 19 54 -25 -87 -70 -12 -19 30 -23 -44 61 68 -45 -4 -80 -44 17 32 -58 73 21 9 -33 53 -3 -6 -90 8 -22 -53 -54 -50 
-11 24 20 -4 -83 0 7 0 53 -53 -97 -5 29 49 -94 71 -100 58 78 -8 -92 -96 -56 86 76 41 20 84 11 88 39 -39 -24 94 54 55 49 85 -56 -35 44 33 -55 34 87 3 -80 -39 -75 65 -12 100 -64 73 -47 1 -10 92 -92 94 92 36 68 99 -93 16 -37 92 -51 -3 -78 25 -8 -94 -12 -84 77 -76 -62 -11 -77 28 46 -70 -64 -37 -89 -56 44 -99 -77 43 94 -55 64 -97 -40 -5 -48 
-72 -94 39 -61 -36 -84 -46 66 -77 -51 46 1 8 -10 -64 87 -83 -62 -13 -74 82 -5 23 27 -90 -19 -39 -15 -25 14 -81 12 -32 -46 -26 23 8 67 -3 -70 45 -11 57 39 91 45 -4 -24 -94 -65 -32 35 -52 -25 13 14 -93 72 25 71 -78 38 29 -80 45 -66 -27 83 -84 -9 -37 41 34 52 27 73 10 -17 56 -76 90 30 61 -49 -5 38 -25 60 30 -19 49 26 -32 -3 66 -8 73 -85 -93 
28 -13 49 -41 -8 72 -64 -66 -37 -73 -94 -1 1 86 -58 6 36 4 64 72 6 -10 -44 -15 61 -15 -15 -86 -1 -67 27 68 -19 -4 -15 27 -57 66 -81 32 32 74 -49 -21 -54 79 69 -6 -75 -44 46 25 -33 -8 83 63 77 -21 28 -21 -99 -90 -85 -4 99 -11 61 -48 -65 67 64 13 31 50 -61 0 45 71 -51 -17 -57 -85 -20 -5 36 -8 41 -27 50 -45 70 -13 96 67 -44 24 -4 -31 87 
-94 -89 71 -99 -73 -66 9 -15 2 -61 75 -30 15 -43 -38 88 37 -50 52 79 -22 -37 -66 -28 94 -82 69 -65 88 80 -12 62 -11 70 84 32 -21 -22 -32 18 -61 1 -16 96 28 17 49 -7 37 66 67 34 -43 38 54 -49 63 75 -52 98 -57 21 17 74 53 76 72 -56 -66 -24 97 -40 63 98 -19 -79 37 -95 5 82 -65 -11 -50 -75 32 -95 10 21 86 -29 67 -45 -92 -45 38 -6 33 -47 -71 
18 -35 75 32 -22 95 -84 66 -89 45 7 -90 -87 64 -92 38 -5 80 91 94 86 88 -86 13 -32 61 63 -39 44 6 -61 -18 -75 48 -58 26 33 -42 -66 76 61 26 -13 -34 -82 85 -3 44 -33 -25 -76 15 -72 20 77 -44 79 -94 71 6 -55 55 -40 -1 -69 -7 -2 -83 -50 -47 92 31 79 -57 47 -10 -56 87 56 -59 -100 -81 79 -30 -100 84 -32 35 26 -96 -1 14 -46 -39 30 49 94 36 -84 
37 3 -75 -34 18 -84 -20 39 56 89 -70 -19 45 22 -57 -30 96 65 3 -18 -57 10 65 66 73 -30 6 -38 66 -58 -38 -73 81 -50 -55 46 93 -50 -81 -50 -91 39 62 -25 18 100 63 38 -33 26 -87 44 9 -67 3 40 78 78 -54 60 -98 -19 86 -56 -71 -9 27 -44 81 64 -28 -100 27 34 58 -78 -73 -17 89 2 -9 81 8 -21 -82 100 -34 13 97 74 -100 19 96 14 64 -62 -78 85 -53 
39 -7 -11 -41 67 -4 37 -95 69 -23 51 -2 -68 -25 -59 3 -55 32 -68 -85 -49 -28 -33 62 -100 71 -74 23 -72 -65 72 -87 -78 -10 -60 -49 -47 -54 95 -93 -89 -60 -28 70 98 60 -13 1 73 98 2 30 -70 -11 65 63 -69 -41 62 -45 -72 -38 22 85 9 6 -38 -3 -43 54 -8 -34 -8 -82 65 62 -64 19 87 -67 -76 55 -70 -81 95 -88 -14 30 14 -46 -51 40 -88 0 76 -68 100 -22 70 
67 73 82 42 -95 -99 -6 -25 -86 -97 19 45 92 14 -18 -57 -95 -2 53 61 -18 63 -77 -85 36 83 84 70 10 -25 -62 50 38 82 9 -19 -41 36 -82 56 -1 80 55 81 -58 -55 -5 -46 13 77 -49 51 -84 -95 -32 57 35 -1 29 -100 -39 -23 98 -43 -10 -52 43 -52 -93 -80 -7 -85 -18 -33 88 -35 85 -99 -24 52 82 42 -69 13 -59 -87 37 95 -48 72 -71 -29 -64 -5 -94 -29 44 -59 63 
63 -29 -26 -22 -39 -9 -52 19 -95 34 16 -39 -40 -70 64 87 32 -99 -65 37 92 67 -36 -53 -16 48 -59 -49 -56 63 -40 -100 91 57 -50 -51 13 -1 -28 -98 -23 -98 87 64 55 -47 -25 73 -57 93 17 -55 -52 -46 -49 21 59 85 -55 -79 -85 37 -8 -44 57 16 -82 -16 70 -4 -43 51 -45 -44 24 -61 8 13 9 -14 -24 -29 34 -84 -41 20 46 -85 45 -36 -21 -72 -34 99 -81 -50 -48 97 16 
92 -62 51 -68 -63 2 -32 -55 -94 -69 61 -41 -45 39 -42 43 -46 57 18 -74 84 -29 45 -46 82 -61 54 -36 -100 81 63 92 -72 -84 -58 77 -78 -59 42 -56 94 -47 -93 85 61 -73 -25 0 -37 -43 -19 -14 21 -22 24 -52 -87 93 2 -26 -49 -53 -45 81 50 92 89 9 46 -52 45 66 -2 -63 -23 -81 74 -34 38 -39 19 -53 78 -21 36 -12 48 53 31 -22 -77 1 67 50 72 -93 51 -12 -4 
-74 79 68 53 -49 -75 -58 -43 -62 15 79 -19 -13 77 -26 -69 -10 -35 -32 10 57 96 57 47 25 -24 -52 -63 -30 -55 -65 -52 34 3 -41 0 41 33 77 25 28 90 41 80 28 86 72 -26 -44 -57 -81 2 40 -64 20 -1 6 91 -56 94 16 30 -15 -68 -68 95 -39 52 -53 -96 80 -74 -45 48 66 -38 73 50 95 2 50 28 16 65 60 50 67 69 1 -86 35 31 39 -58 -57 -18 94 75 -18 
-79 31 36 -42 -12 -50 50 14 66 22 46 90 68 25 -22 15 -13 2 -32 83 -88 98 36 82 32 -36 97 57 -73 -7 -61 69 -30 -96 -1 0 69 82 -21 -59 82 26 -18 70 -66 -76 -15 -29 100 -86 -24 -33 22 6 1 -1 -80 66 -80 14 -98 -70 34 -57 98 -67 58 -9 -100 -1 54 72 -47 -100 -36 78 4 88 4 76 71 -94 94 19 -19 -13 -25 58 -87 -37 11 45 -94 -42 -38 -82 4 -83 -72 
-44 -30 65 -23 3 48 -52 57 54 13 87 -57 88 -97 -55 3 -80 -8 71 -56 15 76 52 1 -8 36 52 1 38 -37 18 -70 -41 89 -46 97 94 91 69 -47 -60 3 -97 -93 95 25 -3 -57 -76 -19 14 -17 -54 -68 -80 -9 -20 -46 77 -18 -12 -43 -34 28 -78 -99 1 -50 -20 -75 68 -20 96 -96 -67 35 -23 79 29 -48 -56 29 -36 82 -30 -14 88 -63 55 -57 58 -58 35 -39 20 82 54 -19 48 
18 75 31 56 -28 88 -99 -16 -45 -10 65 6 76 4 -16 90 -15 62 42 89 -37 -38 93 97 90 90 61 -52 70 -97 -73 4 -90 -7 -35 1 -22 100 8 54 78 -56 28 -12 -83 -80 -9 79 -16 -87 24 26 -30 -88 56 77 -69 90 -95 -42 74 64 -72 -46 67 15 -30 61 -16 73 -32 96 7 -33 -5 -17 -36 64 -92 -42 26 -12 71 19 -24 -23 -33 35 72 -33 -55 -85 99 11 90 24 86 -81 47 
-72 -82 45 27 -85 -9 -87 11 -55 -100 -49 -5 -80 78 -38 6 -28 99 17 10 -90 -28 24 -36 -54 39 34 33 99 -79 -88 95 -47 26 -6 -78 66 -58 88 72 80 -6 5 -24 23 50 66 -55 -15 -79 49 -2 -41 85 54 31 -20 87 2 94 -8 -95 21 -75 -74 78 18 -7 -42 -63 -66 -41 -58 22 51 36 7 82 66 -73 88 3 -12 -90 -50 88 14 59 34 -60 -17 51 -22 36 29 85 -58 -60 63 
-83 74 0 -8 -27 -3 71 -67 89 -74 87 40 -72 -37 -33 89 -59 -22 -99 95 -72 -72 44 31 7 -85 95 35 -49 20 87 -42 57 3 -91 -7 -93 -80 -72 -27 -32 44 53 -55 -96 -50 39 99 -2 -100 63 44 68 51 -12 -12 -7 91 33 -46 -10 -43 19 78 -12 -23 -69 52 -16 4 -8 -19 60 50 12 -20 -34 -73 -92 -84 65 50 -35 -21 -51 -3 90 6 78 -4 -21 -69 42 40 -72 18 92 -26 -57 
-65 -21 66 25 75 43 93 1 -14 81 83 -56 -80 26 14 65 18 -6 -35 22 -76 50 -18 -30 -46 -91 -13 66 10 -36 -27 64 22 -2 -43 -21 -7 20 75 7 -99 -49 9 30 -62 -64 -4 -43 -63 -63 -82 -59 -78 -93 99 -46 -22 -72 98 -47 -18 60 -70 -12 -97 -51 -33 -36 -76 -82 20 -49 -57 -60 91 55 92 -38 -10 -91 97 4 8 -97 26 22 -99 66 -95 43 86 -41 -35 87 -42 -74 -42 -28 90 
-71 23 23 53 43 -47 -52 66 24 89 -80 -16 -76 -49 -49 18 19 94 -53 49 -30 -83 -45 70 4 0 -60 66 -61 -65 -47 28 49 -63 26 47 89 63 -53 18 -21 -17 37 -63 1 26 14 58 -80 -50 17 -30 -15 15 43 -59 40 87 -55 -92 -60 99 -47 -89 -82 -9 -81 92 -84 -78 -24 13 30 -13 47 72 -72 74 19 86 -51 -44 38 -27 21 13 -59 48 57 -18 -30 -92 -66 29 -81 -97 -2 10 96 
-82 1 63 -72 -98 -1 92 -31 -52 -70 -3 -98 82 10 66 -44 66 43 90 43 -98 6 90 23 -83 25 5 -39 -79 76 -90 93 -46 -43 -2 -39 22 32 -46 -21 8 -58 -89 -1 -4 47 -21 85 -79 -94 49 -86 -100 -33 6 97 55 -38 -34 -91 -57 -28 80 53 30 -13 80 89 11 -35 34 -58 38 -64 60 -72 0 -16 88 47 63 -36 22 35 74 -83 -3 -41 48 -45 -28 89 83 18 19 12 16 42 -9 
-100 -76 -85 -7 6 -94 27 25 -42 9 45 -58 80 86 -53 99 45 94 -8 -59 -57 -10 -21 46 -77 46 -82 82 -79 18 85 -23 71 72 20 -42 50 -65 31 98 -37 -41 -25 41 -90 95 12 -63 69 67 66 45 -80 99 -7 95 9 -41 -5 -76 -63 40 74 80 -19 87 99 -20 -9 21 -47 -17 -41 -38 -98 72 38 -58 -32 5 -100 27 58 28 37 -7 -100 -63 65 28 -84 40 92 67 -52 59 -60 81 -27 
-31 53 -97 31 22 -15 58 96 -72 35 -31 -29 -96 -40 -82 61 39 -70 -21 -73 46 51 65 50 70 -6 60 -76 59 -81 85 -43 70 85 -61 100 -61 -39 94 63 -60 -44 51 43 -30 -37 83 -47 76 2 43 38 44 -79 4 -48 45 -52 -79 2 11 -72 -89 47 14 47 10 -35 -79 88 55 0 10 -74 -49 -95 -91 -38 23 73 -8 -76 53 -79 -27 -67 28 -62 -51 -38 -73 -67 49 13 61 -16 -86 -52 -58 
-95 11 31 19 -76 -20 -80 -31 -100 11 54 -63 -70 -81 9 85 63 -31 -98 -67 88 17 15 70 97 -63 -13 -55 -23 83 46 -37 26 -71 45 68 68 -53 83 57 64 43 -2 -80 -63 -44 2 -15 -66 -99 60 -36 17 -2 73 -25 31 -73 -5 -81 -10 42 -5 -84 91 27 -76 -33 -64 -91 -15 -77 42 25 -80 -67 18 90 -7 -81 -75 16 0 76 56 16 59 31 -68 -27 -97 8 -67 -37 21 62 53 0 -100 
-98 50 12 -25 -39 -41 -9 -92 52 33 76 53 60 -9 55 -65 -84 34 36 -31 -14 -40 17 69 55 -68 48 -16 -14 -20 89 -32 89 -60 -79 63 6 -23 -82 48 17 47 49 32 -52 -12 24 -53 -96 12 24 4 -41 45 51 -62 -80 44 -76 14 55 -90 -53 6 33 23 3 -55 -30 57 3 -93 79 -96 -99 90 -92 -72 -17 83 -49 91 27 80 -72 72 -67 84 83 49 -97 91 -41 55 39 -33 -81 37 28 
75 -85 13 -49 -88 -66 -59 -68 -65 -21 72 -10 3 44 -100 -18 15 14 52 36 11 -87 93 -7 100 19 43 1 -19 -100 -96 -23 -90 -6 -78 -38 9 60 -36 -30 47 47 41 60 -20 74 68 55 -97 -94 -24 -50 95 33 -95 69 -26 79 -49 -55 62 8 9 -71 66 28 17 -13 -30 93 -86 11 51 -2 64 -12 -9 -39 79 100 -9 -67 -41 69 -42 5 70 59 70 -55 84 -32 -68 -79 40 47 37 54 39 
70 4 96 47 40 86 -73 -1 -67 -90 50 -99 -47 61 67 -90 77 16 -41 10 27 20 91 29 -100 -93 -94 -90 -62 31 -33 79 -36 88 35 91 -42 24 55 -64 -91 -96 72 -37 60 65 28 -58 -78 -95 40 90 82 78 -18 -24 14 -65 -92 40 82 -80 -24 -75 -57 11 81 31 96 73 -43 26 -53 19 -53 -65 -93 5 -77 -34 -56 -1 7 -22 74 38 77 -98 -75 61 -28 -89 -36 3 -53 -53 21 -52 24 
-27 34 35 -94 -65 -41 22 -43 26 62 -27 36 21 -26 41 89 71 -31 -57 -97 67 -1 81 -43 -10 -18 -18 22 34 -23 84 71 -30 -90 57 21 -14 72 89 34 78 60 90 42 32 7 -31 -51 79 72 25 99 85 -54 -68 -14 -33 16 55 20 -27 -61 -82 43 89 82 81 77 -30 19 37 -3 16 -1 89 37 -38 -64 14 -38 27 -91 -28 82 -1 33 77 -10 18 8 -75 -38 -59 66 82 15 -63 -27 74 
-76 -12 46 -30 89 -29 -66 -89 -65 93 -42 -76 82 23 22 41 46 -11 -76 51 -20 86 67 67 88 67 98 -27 -97 -15 -15 32 27 25 -27 0 13 -18 71 -45 -19 -61 50 36 -62 -27 -30 88 21 25 -60 76 -32 75 74 -39 27 67 -59 -45 44 36 -20 -1 -6 -54 -69 -12 28 -18 -81 57 -73 -98 -47 -2 -25 -70 -61 46 -39 51 3 -67 73 72 -79 -53 -68 63 39 -16 -80 -2 38 -48 -60 -21 94 
-30 27 66 43 -48 32 4 45 53 -98 38 63 -77 -91 -20 38 99 62 78 1 -16 59 49 66 -63 80 -86 -67 -77 -9 -87 -14 93 41 -10 -33 -89 -27 -44 -100 -71 52 0 -3 99 -30 55 69 -68 -19 -80 -85 -23 0 -41 -100 -24 -52 75 30 -80 15 41 -59 -67 73 3 -19 3 -80 21 57 -26 -54 100 -88 30 -22 -29 -78 -63 -68 -32 -2 22 83 -21 -4 -40 -6 -48 6 -64 -7 14 -62 36 44 -96 
-98 34 -8 -63 61 57 66 -54 -18 70 68 26 20 -22 -74 33 -43 8 -96 4 4 -9 -72 -35 -11 -79 27 -58 -74 81 -66 -59 88 11 57 -37 -88 64 34 21 -55 43 -72 22 -73 5 -66 76 78 43 -10 53 8 -32 -50 57 -79 -26 79 -99 36 11 -64 -21 95 93 -80 15 61 11 -53 -53 61 21 30 -59 -49 -3 -80 -10 93 -21 38 -41 -91 62 -52 69 -9 55 97 -4 -68 -97 38 -37 -95 98 -36 
-73 -28 -3 -23 -90 90 18 68 -13 -15 9 -30 -48 62 23 81 -14 -26 55 -68 16 89 -75 31 -31 -2 43 -68 -100 -9 64 -84 -35 70 29 62 -44 -89 -65 31 -60 2 -14 -51 41 -20 90 97 -37 82 5 70 55 -69 97 -75 -29 -44 39 -45 33 -64 -41 -30 49 36 82 -27 -17 83 -81 -46 -75 -46 83 -38 18 83 -65 23 -11 74 -38 -91 -31 -42 -91 56 28 -67 0 -57 -17 15 -57 -64 -6 38 82 
-73 71 15 23 71 -92 -89 52 -18 48 81 94 -78 -84 -28 -26 -42 83 -46 26 41 69 -46 -56 -76 -7 -34 34 -47 -6 -83 -68 -91 -57 -1 80 14 87 12 31 -60 -40 2 38 66 -100 -10 -16 97 94 34 -47 3 -52 -26 22 28 28 -23 -31 -83 -65 49 -45 -48 -76 8 -19 69 20 95 -92 83 6 -46 47 100 -75 7 73 89 -57 4 -29 53 -24 5 -77 80 -68 60 81 -29 1 -78 20 25 27 -67 
18 -87 -94 -46 -68 -66 -42 -55 -12 -18 -55 94 41 89 -54 -52 -54 -87 7 66 51 -42 -4 -56 58 25 -50 81 -99 25 30 5 -80 21 -8 72 -55 88 10 -23 -29 -32 -92 95 32 97 -90 -23 7 -22 -82 86 -32 -54 -84 60 -26 27 -57 95 20 86 -100 100 69 -5 76 -37 68 89 62 -55 -42 -99 -10 71 9 99 70 57 -7 -39 9 26 -74 -10 -12 78 -97 65 42 -17 53 26 91 75 50 -84 -47 
16 -49 0 -51 -37 -13 -47 -37 -10 -48 63 54 -1 24 21 -68 -44 -90 49 -78 -46 -97 20 1 -76 38 -24 -64 44 31 -24 -94 -17 -58 75 32 -6 21 25 -77 27 74 16 68 35 89 31 6 7 -97 -96 -2 27 86 53 89 -85 -55 -56 79 -68 82 -34 74 15 -100 39 -50 -98 -56 -52 -97 -27 52 -62 15 -51 5 -78 -1 62 -59 -78 47 -93 48 -57 -3 -34 87 2 87 66 -33 61 -78 -91 -14 38 
52 17 -7 93 -58 -58 81 -80 81 -57 2 32 95 36 18 -46 65 -60 49 -46 81 -1 -99 -35 61 -53 -63 -1 -46 39 -44 -45 93 64 -71 -30 -54 -56 -13 50 -52 14 68 12 -10 -58 38 -99 65 48 98 55 40 -77 -23 48 25 58 -19 -86 7 96 -88 83 94 5 -54 -89 2 -51 -87 13 -14 -42 25 48 -89 -53 -76 78 48 90 -68 74 -75 79 87 57 -45 -42 31 -86 39 24 83 -88 -67 55 76 
-31 27 74 75 -40 17 -8 -34 39 74 8 10 61 -35 -80 55 -48 -60 -59 -73 9 -98 -50 -10 53 65 12 -68 38 46 -50 -28 55 -19 -39 72 -94 -47 5 26 85 -100 -54 -5 -28 -90 0 22 -75 -36 -99 14 -11 89 53 -2 54 25 -78 72 24 44 98 95 55 -40 74 -66 85 -36 15 5 45 90 -27 94 -30 -63 -43 -70 -85 -23 -37 78 -19 -37 76 -76 34 -54 -20 91 -21 -39 66 -28 -82 -98 -20 
-30 33 -36 -85 81 -14 -60 -74 -22 -16 67 -98 11 46 -50 -47 -78 -57 21 -89 1 73 -4 58 31 -42 60 69 62 37 -74 -31 -9 88 33 -72 73 17 -73 15 -72 -86 -79 1 67 -38 38 -96 77 -45 79 89 -18 77 81 -42 6 -41 -40 91 96 88 -22 97 98 10 -53 39 -53 60 -17 44 23 58 -61 -11 -28 -16 40 -92 -37 -48 77 65 -9 -4 69 -2 35 -47 -10 96 18 73 15 -49 90 71 57 
41 -75 46 -23 23 -70 -27 28 -1 -85 -39 61 31 15 89 29 6 98 33 81 44 35 8 -100 83 -46 -81 -49 71 -14 -84 -33 -82 -28 -33 -93 -83 -41 47 83 -63 -55 -99 94 98 98 91 -53 -47 -18 -89 41 90 86 94 -1 74 35 -19 -18 -31 -79 -60 13 81 48 -59 84 83 -64 -34 62 56 -73 -87 -53 -47 -11 28 -32 6 -26 73 -3 -8 87 -12 -43 -46 38 -10 -32 12 -3 -61 91 84 42 -73 
-21 -67 -96 -11 66 43 -14 24 -2 79 -89 -14 -48 -36 -63 -6 -39 1 -6 -47 85 -62 42 -30 -85 5 16 -23 84 64 -39 21 69 -41 -46 11 -82 -54 64 -7 -64 89 -33 -51 87 -68 24 -16 50 91 55 -79 67 36 -52 -2 -4 32 66 -74 99 -1 -42 -17 -15 61 15 44 -32 19 -28 21 38 81 85 -12 -42 23 -27 88 63 -14 -88 -54 -66 -47 -37 22 73 -48 -10 75 84 32 7 -95 15 -55 -68 
35 28 -1 -96 -2 83 -75 15 57 -64 -21 31 -16 58 -51 14 70 -67 -61 -54 -15 65 -49 9 -97 72 -21 24 71 16 83 -38 -57 -61 -93 86 90 -59 50 -16 99 -83 -4 68 89 4 2 89 96 85 12 -28 -3 69 52 68 86 49 95 -14 26 -38 -24 40 -88 78 -16 88 22 12 60 -53 1 32 15 -38 44 92 -44 26 33 44 41 8 70 18 -28 98 -47 39 68 -63 18 21 44 -29 53 -26 -7 
40 -50 32 -35 58 21 67 9 -14 65 71 -7 -22 54 97 0 -47 -56 90 -49 2 83 85 -14 -92 94 -89 5 54 9 -12 15 -7 -22 77 -63 76 -98 -4 92 -45 -23 -15 39 60 -43 -45 -72 47 -62 -29 18 43 57 79 -78 4 -6 -75 98 -37 99 -10 100 84 58 45 -84 99 65 33 -24 23 -40 -54 -10 -79 5 43 -82 81 -23 -96 -78 -31 -17 87 40 -35 85 -48 84 -83 -18 -51 19 2 -8 -73 
11 30 90 82 -52 8 32 55 -7 -27 -40 -69 -98 92 -97 -5 -75 -64 50 41 -78 55 19 53 -16 16 2 -22 -24 -40 -28 6 -61 19 68 64 -5 -4 -15 45 15 -20 -95 8 -77 53 64 -48 -64 19 -67 -92 21 -47 -13 -61 68 -99 -96 81 61 64 7 99 -88 -61 4 99 41 -63 -37 43 -76 58 -42 3 51 -10 26 45 -90 14 -59 -18 78 36 51 -36 5 41 30 -38 -36 82 -54 74 -83 88 -73 
-45 49 -87 -99 -53 -94 90 9 -3 -21 2 -75 34 -44 40 59 6 -84 -36 -41 45 80 -11 -9 90 -13 74 -53 9 -18 74 11 -93 -77 97 -4 -88 49 97 19 85 -24 -41 -9 19 38 -26 -63 -91 -43 -100 -86 -85 -83 -34 -91 -34 -35 -37 75 88 48 28 -5 -92 76 -57 -65 62 -49 -78 38 67 13 0 -50 19 -6 37 23 -13 100 41 99 -90 75 15 -53 3 -72 -32 -49 68 -83 -50 26 -27 99 8 
20 -93 -91 30 21 -95 -10 9 -41 65 6 -36 88 34 -19 -79 63 -32 -10 -70 50 4 -71 75 -4 43 14 30 37 32 97 -92 39 -61 -21 11 29 -94 -52 -60 -30 -33 75 -79 0 75 50 -59 26 -78 -60 -34 -26 57 -37 -25 -95 95 23 -98 -44 82 81 6 -17 29 54 45 -79 5 -78 -75 -32 -42 -2 -79 91 48 -32 -39 -66 15 73 1 83 -77 49 -54 -26 -89 29 -24 -49 19 62 -68 -78 52 -24 
-11 32 91 88 25 -54 -96 -86 14 65 85 79 17 -18 93 34 52 82 -2 0 -13 -92 -89 -9 -95 100 -33 -84 -8 9 -29 21 -89 -8 33 -62 15 54 41 90 -11 -93 100 2 -42 37 24 -76 89 59 63 -32 100 -21 86 28 -75 -49 84 -2 51 -51 -60 52 -6 79 41 -85 67 -77 -75 -84 57 36 13 88 -46 87 6 -98 -16 -24 -49 66 -66 -74 -14 -77 78 10 10 72 -46 12 20 100 -4 68 -24 
69 -88 -17 20 -79 31 -57 44 10 73 33 86 60 -63 13 76 -91 -24 -65 85 -7 -37 -88 57 87 -12 -62 -87 -26 76 -42 1 -41 4 90 -8 -79 -6 -61 86 -87 27 -43 -75 -47 -86 -48 -54 58 -16 -21 -11 -68 -72 -27 -67 33 -48 46 -86 88 -23 -47 -69 57 -47 47 83 -12 67 -12 -53 -2 47 -9 -70 -48 21 87 -36 -98 -10 -20 -84 -31 -83 78 100 -17 -54 -15 -79 68 75 -91 73 -84 -26 -98 
-43 24 60 -18 78 8 63 96 -82 43 92 98 -95 -86 39 -20 73 96 -71 95 -75 14 -45 -10 -30 75 -20 -55 -44 13 -49 69 68 82 73 73 -92 -43 23 -95 5 -48 -97 17 -25 -13 39 -11 56 -42 76 -21 71 17 -98 86 -19 70 12 -79 -83 91 8 -20 46 5 -67 37 33 16 18 31 -17 -75 24 12 -48 -12 -42 38 49 28 -4 -47 17 -16 -99 74 68 -72 70 19 18 -67 2 -28 -41 -95 85 
88 42 25 -65 -82 12 -80 -38 38 9 15 -25 -91 -10 -30 27 21 21 -8 74 90 -80 -46 35 1 -36 -58 -75 -52 99 20 1 -61 -94 74 -25 -72 -99 -36 14 38 71 -9 85 -76 -59 10 -22 63 74 -99 68 38 97 48 -91 71 -34 83 -68 -36 31 96 -32 5 -83 -89 -50 63 62 69 70 -11 43 32 -56 6 -80 34 61 -29 33 -43 40 -56 85 -36 89 -47 -59 51 -44 4 29 6 -68 -48 -35 -85 
-11 64 41 8 -3 56 -64 -5 40 -99 43 88 68 -98 51 -39 97 82 24 -20 77 32 -36 90 -25 27 -85 -46 -91 -68 78 -8 -72 13 85 65 -2 43 60 3 -67 -25 -76 24 74 76 -65 35 34 -80 -47 6 32 65 -44 -9 -91 95 -58 -54 25 85 2 -7 -44 52 29 76 -57 -9 6 -3 -22 -34 -61 -24 16 48 6 -91 47 55 -39 98 -49 88 -73 98 -96 -72 -26 -98 -44 55 98 57 97 49 64 
-96 22 -60 -97 -35 -23 14 92 50 2 -28 -23 -89 -63 41 68 64 -14 -88 50 23 68 -50 66 -1 4 -18 -40 63 -58 45 -15 8 -25 -73 -30 52 -50 100 -57 -20 -39 33 -13 -86 42 74 55 85 -96 10 36 -11 -24 41 38 -13 25 62 -28 -27 32 36 -32 38 -5 -56 -71 38 41 56 58 -93 -47 -75 61 97 50 21 -21 -35 -74 -21 57 85 -12 -9 47 -58 -14 -30 76 76 73 -58 19 -22 1 93 
19 -92 -61 88 93 26 79 4 -36 6 47 94 -66 97 -42 -91 0 -32 -65 -80 58 -48 -23 -30 -86 -32 59 62 -92 17 -13 97 29 88 47 -31 63 41 4 74 -59 -64 -44 -24 98 17 1 -22 31 -37 -38 -15 5 -27 7 71 72 -9 37 -42 -68 -35 100 -98 -30 -36 98 97 -44 7 28 53 93 67 93 43 73 19 56 -61 39 47 -8 54 65 80 49 -29 6 11 60 -11 0 48 -22 99 68 74 -22 
-84 65 -29 66 -67 89 47 -30 -13 16 -46 -45 -55 -69 -84 49 -76 -96 80 -85 -82 32 93 50 9 -1 -6 79 -86 56 -16 -47 -35 -86 -6 77 -46 -27 5 74 -23 -88 47 92 -82 -74 -89 -49 -38 0 82 -2 -69 -31 -29 -58 -78 -59 9 17 -6 -74 85 -62 -73 -30 -68 7 23 -45 54 -69 35 34 44 70 -57 -25 -90 10 -83 -66 67 -30 2 68 24 -13 -44 -62 -17 88 47 32 24 79 -40 85 -53 
-72 -87 -15 67 -47 -13 98 -73 -92 -82 98 84 56 26 1 -85 -87 61 -97 -72 32 -18 -99 86 -50 -80 -41 -95 76 84 72 72 -60 93 20 48 -31 89 4 -39 -88 -75 -57 19 -39 35 53 48 7 12 12 -18 -81 65 -80 4 51 -91 37 -24 19 -11 75 5 -33 -15 -22 79 33 -78 -72 -42 -100 7 65 -94 47 -40 -51 -47 -14 -57 -73 50 60 98 24 58 4 23 -79 85 -33 65 6 -83 22 69 -22 
-96 27 -36 -63 -29 99 13 -37 -60 88 -76 -56 -51 -32 49 -31 78 -83 77 67 -89 8 49 74 -30 85 33 91 -22 12 -52 -28 98 -67 -69 67 7 89 58 1 86 87 -85 -14 -32 42 28 84 83 29 -94 41 12 29 26 -50 -77 -80 62 -82 -50 14 -84 -44 -89 51 92 69 23 -28 39 90 -35 -31 -12 -10 -22 37 -53 79 56 -79 42 24 25 -36 -95 48 -63 -96 85 -91 4 36 44 -69 -86 86 -94 
67 86 46 -77 82 -1 -65 -71 88 84 90 -68 15 2 -68 70 -2 -99 -34 -75 58 -31 -71 -54 39 -5 -45 -46 38 10 36 42 90 -37 -62 98 56 -27 75 17 45 3 48 -36 92 27 14 -34 -1 32 10 77 -79 94 -53 3 64 -81 93 -24 -61 -14 44 -51 -96 -60 -1 -29 -8 -87 -99 98 -98 33 -74 13 41 -74 40 -99 96 -13 -35 -70 -3 76 -96 -44 -75 71 55 89 -10 5 -4 26 -14 -46 18 
11 91 -73 -97 -54 -62 -12 93 -26 -91 64 -39 -32 -50 48 -98 -97 -22 -74 -54 -19 -61 -61 -83 30 90 68 47 92 -70 -93 -20 -27 92 -35 -52 8 -48 80 61 91 56 -53 94 6 94 -80 -29 -13 -73 78 -48 46 -32 -49 33 -89 72 26 -19 94 -49 -93 60 -42 84 -12 -41 -86 76 -92 57 81 -17 -93 -30 51 0 -11 -50 63 52 99 44 23 34 -45 24 -58 93 -89 4 33 -19 75 98 73 2 -93 
11 82 -6 59 99 -4 36 -87 69 -71 20 56 73 42 2 73 -22 -59 4 98 92 4 88 63 -81 -93 -4 33 -84 14 -69 38 -27 91 -41 6 1 42 82 93 2 -67 -45 -85 24 -78 63 67 -1 -16 -21 -57 28 -56 41 -73 -63 41 0 62 21 -97 94 -37 -64 -67 48 -32 35 73 59 88 92 28 2 69 11 36 13 -32 -55 -82 96 91 81 62 -85 4 -84 -82 -68 94 83 -47 32 72 39 -40 71 
-74 -31 -48 -88 -76 -53 0 -64 -77 -84 10 -73 6 -50 -71 30 27 -75 -88 -7 -91 -12 -89 -22 -41 20 -77 95 -53 -30 -65 -20 -66 15 -58 -13 8 81 91 6 -19 -45 -95 1 94 100 -67 24 84 -9 -82 -63 -7 -84 -40 -85 -18 -3 -34 50 43 23 -67 65 -95 -49 47 65 -20 -77 9 -24 -90 78 -7 17 5 95 44 56 70 37 -18 -44 -31 -64 -58 1 -71 78 11 10 -54 74 58 8 32 5 89 
10 -36 -13 35 -66 -91 32 -13 78 -28 4 -29 -63 -82 98 -46 -10 97 80 -96 100 -50 -48 34 -63 -19 20 -53 -25 -72 12 -98 58 63 -30 -94 81 2 -46 25 39 -34 -65 -33 -97 -91 -39 -28 50 -16 81 -28 -93 75 -43 -26 -100 61 -65 -47 -87 -31 -23 46 -94 91 58 -1 47 21 31 -98 56 -99 90 -93 25 49 28 -60 79 34 -82 -71 -96 56 26 74 74 64 -15 50 -14 -59 -24 -76 -94 22 21 
-79 -56 35 91 -48 77 -29 -67 -23 -31 24 -3 28 -82 -88 -66 -74 -83 -87 33 -75 -21 -34 -91 -29 14 39 51 53 -41 63 -94 -30 85 98 -43 -64 2 5 -39 -20 -63 78 33 17 94 -83 -55 -50 -53 -26 14 -12 -83 -47 20 -16 -42 -17 -61 -32 -3 91 -72 0 38 -94 47 -74 92 -38 22 -46 35 45 67 18 8 13 -22 32 -34 -82 85 61 11 -72 -91 76 54 26 9 -26 -60 -32 -2 99 -93 70 
-39 -57 -10 42 -21 -28 32 -38 -29 -75 51 -89 41 11 -70 17 84 30 -37 52 27 90 -18 28 74 -53 -24 -24 6 -28 -1 -60 -18 42 -60 -19 43 -13 10 95 -32 -98 16 32 31 39 -96 74 10 -38 -10 -15 -34 22 -97 -71 -38 75 8 75 -5 -5 49 -91 18 -95 -75 -26 -63 13 80 27 -86 -100 -62 46 23 90 55 -34 -61 85 71 9 -80 -85 76 -13 -37 -57 -52 22 -18 -32 47 10 90 78 98 
-79 32 7 50 -22 23 57 -64 -96 -16 -43 -92 86 38 53 13 43 -51 11 -76 -48 -65 -34 61 30 19 33 29 -65 -73 -89 -21 6 -85 35 -29 -17 -97 -71 -25 -50 38 16 80 73 -56 56 -3 -1 57 100 9 26 38 21 98 76 11 -45 100 -80 -96 -48 4 48 -22 -20 19 90 -3 9 -17 62 40 -42 -96 -89 11 68 25 80 -55 86 -61 -6 -84 59 -95 3 68 59 33 80 -24 -60 -17 31 91 99 
-44 26 -25 -79 -61 -11 -41 -46 57 -89 -92 22 -47 61 -81 99 -16 45 79 -23 56 -28 59 -70 6 64 -84 -57 61 20 -11 -42 -66 -14 33 47 -84 -92 21 84 57 -99 -66 94 79 -82 -39 58 -72 -33 -40 78 -3 57 -94 23 -51 -78 55 12 -60 -62 -92 77 28 -18 -1 92 -54 -23 -49 42 -78 -43 -56 0 62 -57 -28 96 -71 22 -18 -24 45 32 -14 -70 -7 -70 -96 -33 53 -12 -29 96 56 16 90 
75 36 -94 -61 -81 -39 49 82 -91 -52 52 -25 35 -29 -89 10 46 28 -31 -41 -34 -77 82 -99 2 -4 -63 22 100 30 -31 -74 58 -45 -64 94 -51 2 65 -73 -78 31 74 27 -38 57 -90 88 20 29 66 -92 -97 27 81 -75 75 20 94 73 78 -1 -36 52 -53 -67 -27 24 -65 15 57 59 51 -40 96 -91 -31 15 -10 -65 -77 85 -23 -81 76 -33 -32 -60 -87 73 93 38 -81 -31 -69 3 -58 73 -68 
-85 95 28 16 -31 81 -58 29 -36 -68 31 -37 -32 -35 76 -4 56 42 28 -67 65 -42 -100 -17 -15 -36 60 13 42 50 -37 -55 -79 -70 -18 15 96 78 -60 -15 14 62 99 -23 26 62 74 74 -74 49 45 9 -50 -83 63 69 -24 -22 -4 17 -11 -53 -72 16 -47 24 -80 -70 12 75 -45 73 76 41 48 -91 -71 -36 -66 -58 -46 -24 59 -36 -43 65 -66 -58 -84 -60 -8 56 9 10 15 0 -6 98 35 
-11 -18 -91 19 -49 61 81 40 -75 47 24 98 78 91 67 2 -29 -19 47 92 41 -1 -52 99 88 4 37 12 77 -46 -94 -71 86 23 -67 -89 -40 66 23 -65 -58 -70 -91 75 -86 -33 38 -85 -29 -84 -18 -73 -18 -36 -14 -87 -64 13 -49 -86 -56 -3 -4 -49 76 -20 75 45 -100 2 97 37 87 -33 10 3 53 0 -13 -72 62 92 69 -60 70 41 -79 -50 27 -33 31 -81 -40 -90 88 89 99 -38 84 
65 98 16 -70 54 -72 -45 45 -66 -81 -57 76 -59 94 -78 83 -74 -58 -38 2 -39 38 -62 77 -31 -94 53 37 77 -36 41 67 73 7 42 -26 -69 97 36 -48 -12 -93 24 100 13 -22 -53 -2 -26 82 -40 30 80 -30 65 -38 -35 99 38 59 -16 -23 -44 -97 -33 -85 -93 -93 -32 23 -95 -59 -11 86 -10 -57 95 55 29 -74 17 -39 34 -100 13 -8 5 7 91 -41 98 -65 99 -82 89 16 -49 21 -36 
29 -17 -77 -68 19 -78 36 38 -70 -24 -72 -70 93 44 -83 -51 -42 -51 91 -27 98 -99 -98 -18 86 -63 24 -62 -38 16 -39 68 23 29 -53 -47 30 -77 45 -53 -8 -20 -93 76 -19 67 -1 -91 -37 -78 51 -47 -74 -28 -20 39 -81 28 63 14 77 -18 -15 -64 -1 6 77 75 79 -21 40 -96 -17 9 -37 -37 53 -57 95 59 85 -7 -51 45 -79 -90 -30 29 -49 -58 -39 45 -56 -29 -2 15 -23 -33 82 
55 -98 -79 24 -74 30 -2 -4 -77 -98 50 84 6 -48 -79 -34 86 53 81 -53 -28 -96 -43 36 -68 -30 -64 -80 59 -73 -76 33 -61 -15 -72 -99 73 -85 72 17 -61 -24 79 75 -68 -21 26 63 -42 -21 -4 -4 -70 -36 -75 13 -14 -74 74 -37 -25 -87 0 70 -72 -80 -82 -43 17 -56 50 -16 42 -71 -33 -91 19 -6 22 35 -27 13 62 -14 65 82 -38 58 -50 98 88 -85 91 0 -71 71 98 65 -51 
26 40 51 -36 -87 29 95 58 -98 -93 -93 -98 24 30 -64 -3 59 -61 -78 58 50 -37 63 90 50 -39 43 -99 35 -55 -62 14 59 51 -17 14 -13 -38 -59 41 6 79 17 45 -42 70 29 -97 76 95 -36 84 56 53 9 -46 -63 80 60 -42 15 -95 22 -56 39 68 -13 46 -63 -20 -51 -20 51 -79 -91 54 46 -12 -53 -39 11 -86 -55 -58 -48 16 94 -47 -11 -43 -68 81 8 -22 92 49 -3 -70 -96 
-31 -74 -55 71 17 16 64 -96 -1 59 49 71 -79 78 14 2 8 3 43 -63 53 -53 -90 -25 31 1 -28 -92 -76 -95 -78 28 -68 10 -50 50 -98 79 -8 33 71 9 9 41 -71 -67 28 68 2 28 15 9 -17 55 24 5 -69 -78 -78 93 -57 99 20 -73 1 88 -87 -10 27 36 87 -34 86 66 40 72 44 -28 -39 54 19 -25 -49 99 -78 -68 -91 -84 -49 -53 -80 -50 7 -46 -85 -30 -8 -63 85 
-20 -95 -43 -53 -21 -88 -76 16 -41 34 3 93 -6 84 46 30 77 56 23 8 55 34 -35 -83 -59 -4 -46 98 -36 54 -55 -14 -44 21 -83 30 12 -50 -43 91 53 73 54 -54 22 -92 12 56 47 49 -48 17 6 71 -11 -70 92 -82 -84 20 -95 63 -38 -84 -21 29 -100 -74 -86 71 -36 -55 25 11 22 2 -36 81 36 -96 -70 94 100 76 23 -24 -7 40 52 -97 -12 23 -58 4 -47 39 -42 56 -62 
-96 -57 13 -33 -21 -38 45 43 -7 7 2 45 63 -2 -36 93 21 -77 -92 78 77 99 64 28 -11 -12 79 84 79 74 70 67 42 -59 -52 45 -36 1 -82 12 76 39 58 94 -6 -22 61 -94 98 -69 36 -34 5 -16 -70 -61 61 -42 -59 -60 -86 -2 -5 75 17 62 -54 59 47 28 -36 -37 96 64 -10 -61 3 15 98 -64 99 -76 49 -62 -57 75 65 95 89 8 -91 89 22 29 -61 -37 -100 35 -48 
81 -89 -18 -71 17 25 87 47 5 -82 10 83 -18 -1 88 24 84 83 94 1 -38 -71 -66 -85 23 -92 10 -23 47 -53 -72 77 53 -8 -30 95 74 -12 27 85 99 -65 3 97 44 -74 -79 83 97 -7 -6 1 21 46 -66 -36 -7 58 -37 88 -79 92 -58 -58 99 -53 33 -27 24 -25 -56 51 -22 -80 85 62 94 27 -2 92 -57 -78 94 -100 -19 96 86 96 -18 -43 13 -5 20 -6 51 -58 -77 26 -73 
9 18 -76 -50 23 -28 -28 -83 -42 -4 -96 82 -26 -86 48 90 66 -7 -38 -85 51 1 -54 70 82 -18 -15 -64 4 -39 60 2 -51 -12 7 -19 -87 -11 99 -36 -77 -37 76 92 -100 5 98 79 -62 -91 46 -93 -61 -3 -61 61 32 70 -77 -87 -33 -93 -64 48 64 -12 -76 2 -5 90 4 -11 -82 -96 -18 81 39 -69 -60 62 41 -14 -21 -7 10 -81 67 59 60 -10 90 -6 -29 7 47 -13 -50 31 -95 
-20 -56 -6 -61 -32 59 -42 26 -93 -50 -31 -50 6 -26 38 62 -78 27 48 98 -35 68 13 -5 -6 -56 -29 -25 88 -77 -4 -74 -71 84 1 -98 58 -86 -24 -41 22 -73 -18 71 89 75 -72 17 -68 -51 -10 -69 99 34 55 -19 -70 70 -99 -1 -31 -3 -63 -31 -68 -32 47 21 -11 -61 -66 46 -53 -71 -28 16 -52 58 -26 -38 -15 7 -25 -37 -27 90 47 -16 19 35 -55 -56 28 -99 -41 -42 81 -44 -27 
20 -36 100 -54 -12 -29 25 -32 75 16 79 25 68 -42 46 -18 76 90 15 24 -66 95 -29 -98 47 10 -64 84 39 40 24 34 27 -78 -7 5 -94 39 -85 -14 -58 -95 27 7 -43 -97 56 54 100 15 77 -49 27 98 24 -82 58 -1 -82 -99 -29 -59 28 11 63 -35 22 -25 1 -51 70 37 -90 38 36 -51 60 -41 66 -51 -96 -72 -5 -34 -77 29 59 -20 -75 5 53 57 83 -64 -12 73 -30 54 41 
-86 -42 -92 -52 91 34 -29 -74 19 9 26 43 84 6 3 -14 8 76 14 100 93 -46 69 -85 -38 -72 37 40 34 74 55 -79 50 89 37 76 -9 -46 60 -31 -57 -23 -47 -15 0 3 52 -5 -82 -68 -5 5 62 -52 -41 92 -46 52 15 100 -83 33 65 -8 76 -34 -26 -90 -57 3 76 80 80 -33 34 73 86 85 61 55 25 15 28 -70 -93 -20 -53 -14 22 15 90 93 -87 76 -59 -15 58 -6 -1 
-34 87 59 -90 -24 84 -8 -89 30 71 -92 -14 24 -53 79 -94 -36 82 94 66 92 -15 -18 21 55 84 17 -53 14 18 -31 41 72 -16 -15 82 -21 -20 54 50 -77 -87 16 -7 -33 -68 -8 43 68 68 34 47 67 -63 57 -5 -8 27 -24 -44 -36 15 -74 -39 -67 15 74 26 -81 10 64 3 -68 26 -53 54 99 68 0 75 -25 91 4 51 36 40 -70 -40 -37 -21 8 -20 2 6 -64 19 95 77 -85 
95 38 50 -32 -89 -42 32 57 -12 31 78 59 -68 54 -7 -34 12 41 -12 47 60 -32 75 94 -99 6 -39 -76 9 93 -17 30 -14 -59 58 -50 -8 44 -87 -21 58 -70 83 -48 -27 -74 -14 99 -15 -36 -31 57 64 -86 51 -52 23 16 56 -2 -7 -95 -68 -30 85 -47 -76 -47 3 -5 50 87 -83 73 3 27 36 -56 68 -95 -95 8 -7 -2 -3 41 5 -69 -71 -3 16 44 92 -38 -35 -63 -74 26 -84 
-75 5 7 -71 9 -91 -82 -25 -33 7 -15 51 44 -100 92 75 -28 69 9 46 27 -85 -68 33 84 19 26 91 -32 77 -68 -26 -74 -50 41 20 32 -90 -70 11 33 -93 93 71 34 12 -42 -22 90 -58 -89 4 78 72 20 -52 1 41 51 59 -12 45 -64 -8 17 -92 4 50 14 35 10 -30 84 -3 92 1 -3 23 97 68 -42 -87 -53 -70 -16 -56 -45 45 -26 66 64 2 -66 95 83 -41 62 -69 87 
-47 38 80 29 68 -28 87 -1 -2 30 99 -29 -32 -5 75 10 52 -88 -59 18 9 -68 -94 58 -37 -65 44 11 84 -98 -53 -100 -74 21 84 76 58 -75 -19 -43 1 48 -80 -80 -17 -15 40 42 24 69 -77 -9 -93 -85 -66 -26 95 -22 73 -42 -23 2 96 67 44 14 -30 -97 46 -13 74 -34 -86 -76 -55 13 -72 -95 53 -94 -67 -76 37 33 23 11 -54 -14 -43 21 61 17 -29 -84 97 -36 40 60 -94 
-63 -25 -46 20 -16 -9 38 57 73 12 2 62 -73 -3 -83 80 -14 18 -7 81 -75 29 -13 -69 82 -9 22 100 76 -100 88 -43 88 -3 -77 21 28 -44 -28 34 8 86 -72 -83 -15 68 -5 -85 -59 -4 -65 -63 66 7 -27 80 70 19 28 79 -59 67 -28 -60 -82 7 30 74 -56 24 28 66 62 93 89 47 46 -72 41 11 27 -55 77 56 86 35 -78 60 -38 -42 1 0 59 -49 -80 -23 22 77 48 
-60 28 55 -73 43 -84 91 43 0 -18 99 91 -70 -36 -67 68 -8 47 -34 -33 -2 21 90 -83 -62 -4 15 82 -92 53 -58 -67 -17 -85 15 -61 31 73 -87 -35 -90 -63 -22 -73 99 -2 78 -86 54 8 50 -61 -82 -11 -21 74 -87 -50 -45 84 46 -37 -61 -72 -86 -30 -85 40 22 27 -88 17 97 -70 49 -27 -78 86 -78 100 -59 93 7 94 -100 50 74 82 32 -88 13 84 85 3 48 3 69 -7 -91 
50 -70 -77 -64 -31 66 -5 20 56 85 65 89 55 -71 -3 -76 -40 -58 -19 3 -26 89 86 -25 7 -39 -34 -67 -78 -70 29 -34 7 58 60 37 -58 -43 74 -71 69 85 32 29 -35 -73 1 -51 -55 -43 68 -79 87 -19 7 15 41 -34 51 51 -16 93 48 -46 59 -2 -83 -30 93 96 34 87 67 -85 52 -41 -84 66 -28 39 19 25 2 -52 56 88 72 -86 -76 54 72 -71 38 -33 -31 -42 -3 71 36 
-80 22 -69 -57 73 -3 30 -33 -4 -72 -87 -78 -86 -42 -74 46 -48 -8 -60 -90 74 -59 61 -65 39 36 -73 -39 -60 11 -10 72 16 -71 35 -80 83 59 42 99 -85 -19 23 2 80 -89 -7 -16 38 19 33 -30 16 -52 -90 -89 36 47 50 35 -55 -73 -89 -49 72 -66 -17 39 73 -32 -75 -5 71 27 -98 2 -69 -23 71 90 67 37 -35 -48 -85 -26 -12 21 20 -89 -7 -89 -50 79 -82 -99 74 44 -94 
63 2 -68 88 19 83 -55 -21 96 -14 7 63 71 -8 -48 -35 93 28 -59 0 72 -2 14 19 -10 57 -46 -22 77 -15 46 63 81 32 90 43 84 -66 30 18 -71 60 -81 -13 39 -79 -15 11 65 89 -87 -56 -89 -9 38 -44 30 -76 69 48 -33 -45 -61 83 -29 -38 56 -29 -23 44 81 100 -90 -100 -67 -2 61 90 -15 -32 10 23 63 23 22 0 -59 6 87 -3 33 -59 4 39 95 43 20 82 36 
-36 -61 40 10 -53 49 -72 -34 -3 23 -31 -17 -18 -52 -85 -34 -31 88 -75 -33 -64 16 84 27 51 -63 -81 -51 -99 20 -97 -8 -44 -77 -34 66 -91 26 35 -42 -17 82 -15 -50 -56 -31 -60 -30 9 3 -71 -28 75 -71 56 32 -69 -82 -96 85 71 -36 10 80 4 -43 80 22 -50 -60 80 -49 -45 82 -36 87 96 47 11 33 91 54 -83 -62 82 -34 -28 67 81 57 11 -13 -54 -19 44 37 -56 -4 91 
-27 85 -83 -47 48 -92 58 -56 70 18 -66 -70 -12 47 85 -96 8 -22 17 69 -30 -57 -75 76 -59 -74 60 -2 88 46 -80 93 -96 30 51 83 25 -35 99 -82 -11 -42 89 16 80 -76 96 97 -52 -98 -84 -94 -46 -48 40 15 58 37 16 4 -35 -54 -21 29 69 100 57 60 -72 19 -98 -63 -14 -11 -26 22 -18 -46 -25 -33 39 -80 -16 8 -51 99 -7 100 31 48 -3 75 -23 -15 23 55 82 -90 52 
-96 -27 -96 -8 -61 -25 -43 88 -62 -76 81 -97 -57 -10 18 91 -62 -92 -14 -39 -22 -67 -61 -70 39 52 -89 34 -70 -22 -10 -87 -45 -84 -74 -81 100 75 59 -75 40 58 80 53 36 35 41 -36 -25 -82 20 8 -74 91 69 15 -18 -67 -56 50 18 37 86 -55 96 -51 22 -71 -93 24 -37 59 7 -18 94 3 81 -49 -31 75 82 13 70 -30 35 -59 -20 93 84 -7 -39 29 -47 13 -17 30 -47 54 81 
66 -99 -99 7 -39 -2 -44 -47 5 -27 53 -53 -39 -44 40 -25 88 -27 75 16 -72 3 -3 -15 -84 70 46 74 -6 89 75 42 90 -10 -16 -58 -58 -56 -74 -41 57 -85 21 -12 38 49 38 -76 -37 51 -89 77 -37 65 -56 99 -56 4 63 30 50 -93 67 -43 28 81 6 45 76 98 -21 60 -19 -92 -51 -20 -15 -7 65 73 -84 -55 58 -78 17 49 3 -95 33 100 20 -65 -43 -92 -5 28 100 95 -92 
-13 46 -4 -34 -17 18 -100 71 84 78 -44 -19 -62 -81 -71 -6 -68 -65 20 22 22 32 39 -62 11 11 -44 74 -96 -38 -13 -59 68 80 -13 -40 -85 8 -15 64 19 46 -36 -15 31 30 -79 54 -100 -81 16 -10 74 -38 -19 66 -41 42 -6 50 15 32 -98 51 -48 -2 -81 -77 -59 55 -93 -17 92 72 33 13 -86 49 -24 79 91 97 81 -32 -98 -59 -76 -5 -4 -97 -76 20 -47 42 42 -76 -21 -42 87 
61 -84 69 62 -38 17 69 82 -20 -50 -23 56 3 -23 95 -2 -79 96 62 -82 56 -98 -35 -14 8 100 57 6 72 -39 -92 -55 36 10 -64 9 55 81 46 1 41 74 -47 -16 -14 -100 38 72 -76 74 56 -37 6 20 42 -8 11 94 77 9 57 72 40 -22 73 -63 -62 27 -13 42 -89 100 -10 4 31 -14 -93 97 -50 -37 65 35 67 99 -93 53 -18 -28 64 97 -88 -90 -32 64 98 -8 -83 49 -75 
-70 -45 -21 -100 61 83 -69 -54 67 -84 1 39 -84 -29 85 94 33 -53 -27 92 72 69 57 34 26 -3 -24 -15 52 36 -40 -56 -72 79 -23 -99 -73 45 41 20 60 43 79 -23 -54 -62 96 53 65 36 39 69 -100 -55 -94 43 49 99 74 -64 50 -24 -100 -63 51 2 -44 -98 -8 -97 71 46 -25 -88 64 -88 -88 -71 68 -35 -63 -93 -100 17 -100 -5 -84 30 52 -43 -80 -25 -82 -87 -5 -76 -88 54 -60 
-15 69 -43 96 22 18 -24 -57 44 53 -82 70 52 -56 3 -26 76 100 36 -60 -61 57 39 -53 96 20 56 58 -35 -13 97 71 41 21 15 -51 64 -46 86 93 55 61 20 -34 7 -36 -6 64 84 95 -49 99 -20 24 -49 -57 26 86 40 32 9 81 95 10 33 15 28 20 13 95 -6 100 16 -33 -96 -55 84 -6 95 -60 -57 -36 -94 67 -56 65 -66 -6 -36 -76 -70 -17 -37 17 -32 -17 -13 -9 -13 
-4 23 -21 99 48 -37 -36 -4 -81 9 -34 65 -31 -16 -35 -58 -48 -36 -23 63 -11 -45 -8 -33 41 -91 55 -91 70 16 0 66 -33 -59 80 -98 91 23 -13 -91 -20 -1 8 0 0 73 6 15 66 -20 -2 26 87 -25 -29 13 -53 88 -17 -6 75 -71 7 -77 -12 -73 98 74 -25 -29 88 -25 -25 -30 95 -86 4 -35 51 78 91 -100 -20 -27 93 -32 -90 39 -55 22 -100 47 59 -64 21 13 -54 53 90 
-74 10 48 13 46 38 -14 35 -42 18 -85 11 59 94 73 -60 -67 41 42 -14 -20 -69 -35 -47 -88 37 -37 32 45 -18 -52 -69 97 94 89 28 94 46 9 3 79 39 -28 -46 -73 -16 -13 -73 -48 46 -48 57 63 -1 92 75 74 -59 -20 74 46 84 82 58 -65 73 -75 -55 -12 -73 -63 59 -84 35 -24 -88 4 63 52 64 -48 54 64 5 -93 90 56 -66 -32 -39 41 -50 -9 9 23 97 100 -40 -97 
96 -32 -58 -62 -44 46 39 55 100 -92 -77 -52 -49 -39 64 36 64 -45 -15 -58 76 20 -67 74 -10 23 -99 57 -74 18 0 -96 -45 91 -82 81 -4 -1 20 -81 -21 12 -63 6 -87 -86 -96 90 -69 -33 18 -59 70 54 -90 93 49 35 -70 -36 -19 -58 78 -97 -84 -77 -89 2 10 36 90 -8 -53 -84 -6 -95 -11 -81 21 56 -78 -4 -37 64 -91 -68 43 -95 -96 58 58 -32 17 81 75 -80 -39 -31 -36 
-23 100 93 -25 -97 -91 90 31 55 -86 -95 -77 -56 -45 37 99 72 -27 74 80 49 -50 51 9 -15 90 -85 32 -43 85 29 -58 -75 -56 36 -63 -84 76 -18 10 47 -34 -71 46 -53 -73 44 100 -85 -32 -8 -73 -38 68 -53 -6 47 95 52 97 -67 67 -52 28 -30 27 -63 53 63 -55 -54 82 30 -68 -43 -36 -82 78 24 99 24 -52 -32 89 89 15 56 44 82 50 -48 -70 2 -61 0 28 78 67 -46 
88 -87 -81 87 -38 -31 -5 20 79 84 39 12 -63 -54 -31 -56 6 -24 81 66 2 -45 -40 1 58 -28 64 -38 -10 8 -26 38 -62 -42 -57 -85 -74 18 -100 87 -2 22 -36 51 -23 70 5 -1 29 90 -93 59 -35 33 -27 -45 12 53 -56 63 95 -56 73 88 68 -77 78 -13 30 29 -20 52 -5 -64 -90 67 -2 -85 -89 -60 -59 85 38 70 48 -7 -51 -79 -67 -46 -100 33 -53 -76 21 -64 -53 93 -92 
90 -6 -77 -89 -91 -88 -57 -10 -51 -85 67 -2 95 69 91 19 68 87 64 -9 29 61 -31 86 27 44 -85 -78 91 -95 -34 77 9 -43 -45 38 -73 -13 -3 23 -26 33 87 93 94 -71 -48 38 -83 -86 14 88 -30 -76 52 -45 44 -58 82 -69 89 -22 -16 -54 62 9 -17 -83 12 -74 35 16 -23 -46 -100 -29 18 -20 -72 60 -80 32 13 -2 -63 87 33 32 25 4 -11 -69 -80 -87 21 -100 94 81 -73 
-67 -77 -92 60 87 -77 -56 -70 -20 94 2 6 100 -5 -1 -99 71 30 25 31 -73 -8 93 74 -22 -86 84 6 70 42 12 -100 -58 84 71 44 65 34 41 93 67 -18 -26 71 -47 -32 67 23 99 59 72 96 -46 -83 45 27 13 -14 -57 16 85 -30 -15 63 -27 -70 87 -84 -53 49 15 40 9 -63 47 -67 48 17 81 -32 -52 -78 93 52 -7 -11 -9 1 -26 55 54 86 22 -31 -66 -56 -36 -34 74 
22 67 -100 -59 -76 1 -6 -4 -26 -40 74 37 87 86 -32 21 -73 9 100 8 85 98 -35 -3 -57 16 -74 64 15 -38 -44 -61 67 71 26 -46 5 -16 26 -68 -62 56 -26 -6 -48 -28 -7 -65 -22 16 34 -37 95 61 39 59 18 -85 4 -55 -100 48 -88 -86 -17 65 36 -31 21 -55 46 -14 -51 44 24 -12 55 61 18 -65 93 38 31 45 43 -93 -26 51 71 -45 -98 -65 96 -73 89 63 85 69 -26 
-52 -91 -56 62 50 -80 -49 56 18 39 -94 54 -87 3 77 45 -63 -38 -77 73 55 92 25 18 -98 -7 -98 55 -10 -15 -70 -64 -81 -54 -26 81 1 -61 65 -95 74 67 33 -58 -66 -29 -79 -26 -28 -36 42 67 -53 -23 58 -58 87 41 -99 80 -77 59 6 -76 -62 -24 -9 20 20 -98 91 -71 81 38 -45 -11 98 82 64 51 -67 -2 -49 -22 57 74 53 55 -30 20 -7 97 39 18 -1 -90 68 -36 76 
14 1 12 -69 -60 97 27 20 70 59 -93 -44 42 -65 1 -73 27 94 -54 -24 58 -31 -43 -88 81 -33 -20 61 44 91 -11 29 -71 5 -68 -63 -16 -81 77 -6 -25 -6 -65 77 -96 -96 95 25 58 -34 16 98 53 0 -53 -85 -48 -66 -47 -91 10 -64 -41 -25 22 49 59 12 86 -2 -39 69 44 67 13 -66 -34 -64 70 -15 -13 -27 -26 -97 -43 8 -81 -53 -53 -57 57 -3 34 100 66 -30 -91 -58 -59 
-43 -15 8 -46 21 62 -17 -42 87 98 -100 -75 8 8 -30 12 -9 -76 -78 -89 -60 61 -16 14 -91 34 67 17 -36 -16 -38 -31 -39 -55 71 -29 82 17 7 35 91 18 27 -62 -3 7 76 34 -54 -14 -75 -65 -27 -94 34 81 -47 27 -13 -50 3 33 28 17 -22 -57 -3 8 18 -35 65 -7 19 93 -13 42 -96 7 -56 26 -52 58 -1 -52 62 -45 -6 -5 -73 -18 -45 -72 3 -47 48 1 -93 42 24 
-40 -86 47 0 84 13 52 -92 -20 5 -43 -20 -86 -95 75 79 72 -36 -17 -46 63 40 -39 77 16 63 84 -69 -63 -44 -8 67 -60 75 24 -26 20 -57 -32 30 -73 -73 -93 -28 -71 -76 73 94 -84 61 0 50 -40 49 32 6 -60 81 20 -26 76 7 -41 -79 -31 -77 -92 24 31 -37 0 48 -71 -98 76 10 -42 -91 -40 -43 95 53 41 -46 80 5 51 69 31 79 -54 51 -31 12 87 35 -33 22 -83 
3 -100 -80 30 94 -38 -21 -53 -19 -48 39 90 -2 -52 86 85 -98 37 -37 -27 95 35 31 6 79 -19 54 -16 70 75 -11 -81 -20 -93 8 41 -93 10 -100 77 94 -77 27 -42 42 15 37 -14 50 77 55 84 -59 -18 78 -10 -52 25 -28 -47 40 15 35 -99 -15 94 74 -76 49 61 -2 65 82 -54 13 67 -23 -96 -63 87 -79 35 -32 -46 86 -94 -78 -43 72 -62 -41 -24 -16 -55 -55 82 51 29 71 
-27 -64 -77 52 84 90 48 -70 -45 -19 -89 49 -16 95 -53 44 22 47 23 -54 -22 -9 91 -23 61 -76 42 40 -54 50 24 -36 22 44 -91 12 89 -21 7 -86 45 72 -4 25 -12 -39 -28 -65 44 28 13 6 58 -87 -72 88 35 -49 73 20 26 37 -82 35 -47 -33 93 91 -35 -23 85 -26 -40 24 99 88 83 -66 57 72 22 92 -83 62 84 -98 -96 -47 -100 -58 16 42 -55 -72 26 31 -35 -59 -75 
10 -75 -61 68 19 -95 -36 66 -73 -83 87 65 46 -98 2 34 -79 2 46 -64 58 41 17 -49 89 75 96 4 -81 49 -11 84 -20 -66 -95 -56 37 71 -28 69 -82 11 15 -53 -52 -43 57 -86 81 -81 80 8 -58 79 -84 57 58 -14 34 -66 92 75 12 -26 73 76 -28 -56 -16 -7 -88 81 70 -61 -89 80 -71 -30 -21 -62 -31 33 90 -51 -92 -99 78 -23 47 72 51 22 -40 47 -80 70 28 67 -45 
-97 77 99 34 -6 -73 25 97 38 -88 18 -51 17 -54 -69 21 55 47 -78 21 92 -35 -75 90 4 62 -87 -53 1 -36 -53 -76 1 87 98 -63 46 -34 -32 4 95 -26 -42 0 -74 -1 -15 8 -20 22 18 -8 60 -65 -83 7 85 57 -13 -47 -22 10 25 18 70 47 -38 58 89 -9 -23 44 -50 28 57 -47 -22 100 -1 71 83 90 49 -85 17 -33 -8 -62 -24 29 28 25 75 43 92 89 -75 63 -98 
-21 -83 18 -61 -99 84 -63 -32 -38 17 54 54 -24 -61 -86 -45 99 95 34 65 -71 -89 -18 93 2 33 -94 -2 30 20 74 -16 -94 86 -36 44 -80 41 -78 -88 -98 53 62 -90 -32 -50 80 -9 99 -64 -90 34 45 -81 43 -66 -98 -10 77 99 -77 -34 77 -11 -85 -62 79 43 82 98 88 -94 -33 15 -22 10 66 79 87 79 97 49 -32 -10 41 19 -97 26 24 70 -44 54 -73 -63 -49 -87 -86 77 -80 
-85 -4 -3 -92 -67 -93 9 22 -68 19 80 49 -1 -27 -7 -22 45 25 77 21 31 -96 43 26 -46 32 34 91 14 89 36 -17 71 9 21 -14 24 -16 77 -55 -6 96 -53 85 -93 -4 -91 24 10 72 -20 -86 -50 43 -40 67 2 56 -25 44 -55 -55 -91 65 2 17 42 2 22 55 -88 95 -38 -31 -78 -57 -63 68 -17 -21 -11 -70 78 61 -35 -12 3 -62 63 -92 13 50 -13 -100 -26 84 78 -65 -12 
51 -88 -24 -4 -13 -92 38 -96 -69 -79 -79 -55 -20 74 33 88 36 56 -59 1 38 73 96 70 -50 -35 -36 -93 -53 93 42 -89 -87 37 3 63 78 75 49 -74 -19 -43 33 65 -79 0 50 -38 67 67 13 66 3 24 94 40 -20 -80 -35 25 -96 99 13 6 70 66 36 -48 -58 -19 45 96 -90 38 84 -25 -1 12 43 87 -82 98 13 8 4 -50 55 -75 89 -47 -25 41 7 43 87 31 44 63 66 
-5 -58 -6 -74 -75 75 -74 87 92 -26 34 -84 68 94 92 -25 1 24 37 47 35 -2 -13 -76 -46 5 -10 22 -57 36 2 -16 -33 -83 39 -20 51 18 48 63 11 -69 -51 71 17 -80 -52 29 -14 -70 34 -36 -92 82 95 -83 -33 5 57 -70 -33 48 33 -22 -3 12 -78 73 -18 -91 -28 31 -95 11 90 -12 24 -52 31 -97 -25 -57 -50 -76 -39 -15 41 82 14 -96 -30 -40 -12 86 46 -64 -71 -40 -56 
67 34 -22 -34 -50 99 86 29 92 18 37 -94 -83 -4 -72 -58 93 -46 67 6 29 -17 -8 -6 92 -19 -90 -21 -49 -61 75 -21 93 -50 91 38 -74 86 -42 -60 -75 -79 1 76 -82 -68 47 87 -72 -70 76 -48 91 -2 -24 83 98 58 60 83 -76 -28 -12 -60 -50 6 -82 -7 12 -17 -44 2 -44 96 -3 -70 49 -51 80 47 -26 33 8 -68 -83 38 -24 -62 -43 -99 80 77 -79 61 94 -38 14 -3 51 
-54 34 -28 1 -76 1 -72 17 6 7 34 -41 75 59 82 -3 50 -41 -33 45 67 37 75 67 -88 -17 29 43 18 68 11 5 -65 -46 -20 -85 -27 71 55 25 17 -57 1 22 7 -7 37 77 -6 -2 59 -99 70 79 -42 71 70 -26 75 89 -93 -9 -12 -82 -12 63 -58 -38 58 52 -19 98 80 52 20 70 -6 -15 69 87 -14 -80 -24 -99 93 -55 -88 67 -75 -47 -16 -6 -69 33 -91 99 49 -44 12 
21 -30 -63 -63 -41 -88 -64 66 4 75 89 69 -55 2 -10 92 53 -91 -66 28 75 43 -30 31 75 -74 -26 -19 2 -94 89 -50 -12 96 9 32 -74 92 84 -75 -87 84 30 61 -36 -100 58 22 84 7 -10 40 -38 88 -9 50 -34 -57 88 -13 -83 -68 19 5 80 12 12 -16 -14 -33 -96 -59 95 7 14 55 88 -15 -73 -2 54 70 -5 39 33 16 -6 -2 19 -9 85 43 33 -40 26 -66 45 -32 82 
61 41 -57 35 -42 -88 13 59 56 65 -89 -50 0 10 96 96 -10 -95 -13 96 -53 70 15 6 -82 -93 93 -82 -99 -18 0 -81 -5 -62 17 56 98 -93 91 -37 58 -51 -66 -66 -75 -56 -76 63 49 77 -52 54 -99 -1 94 57 14 -28 36 18 -17 29 24 -92 49 59 -75 -83 -4 34 -90 -6 2 38 5 26 -75 87 99 -50 88 20 -55 44 55 -50 72 -27 -3 -63 -33 80 -68 41 -32 -62 15 51 -33 
-65 -80 42 37 62 12 -76 49 -42 27 -90 -19 -37 -30 75 -45 -42 75 93 -39 45 48 -67 -70 41 -86 96 -66 66 13 -85 63 100 -59 -93 67 -76 44 57 -2 27 -86 68 -46 92 -65 21 -61 41 -84 -3 26 15 -27 -51 62 7 0 -4 44 89 23 -14 48 89 -67 -68 -75 -86 -33 -2 -95 21 54 -68 -72 -97 -77 94 -17 -11 -74 7 -63 -16 -91 -89 -55 -37 18 -10 -86 97 60 68 -84 59 90 -90 
85 -52 64 44 -92 43 -23 -67 -63 43 -30 -28 38 -66 -88 15 -37 98 12 -35 100 79 30 -64 -26 -9 40 14 26 39 62 8 27 18 46 -51 82 27 -95 -61 -17 -53 39 -74 -42 1 68 91 74 -74 -20 32 42 78 -42 -2 -47 -11 40 11 63 -61 10 58 3 58 50 -47 36 0 -69 31 74 15 -28 30 96 -14 -54 -40 88 89 -92 -76 -18 -93 -18 -76 -86 -67 44 -41 -74 -20 80 22 -78 40 58 
70 1 -13 -6 -18 9 -57 81 76 -68 -26 -47 -6 32 -79 -15 0 -95 -68 44 -42 -42 37 30 -46 -35 -77 90 62 -18 52 -78 22 -87 66 66 -26 60 20 -52 -32 -81 13 -64 -63 89 79 62 -40 16 9 -31 91 74 -52 52 13 -21 79 -49 36 46 3 -60 94 -17 -94 -81 -84 95 27 30 -43 -93 -15 -68 52 7 33 -78 32 83 -58 2 34 59 -61 11 10 -22 -37 -11 -52 -55 6 -31 -75 13 -82 
-26 58 99 52 16 56 86 -16 28 -94 8 -36 21 10 95 -68 47 41 -66 62 -88 -51 -89 -13 99 74 87 -9 -57 33 5 -70 10 47 -57 -80 31 -46 -43 -13 -34 -30 51 -57 67 26 -33 -7 28 100 -70 -16 73 0 46 -67 -42 90 35 48 -57 -93 15 -77 -95 -63 96 -27 8 3 -23 33 18 60 -68 49 -63 -27 -96 10 -40 70 -80 -58 59 15 -84 26 -77 30 -1 3 -6 93 -65 -45 69 -63 78 
-36 96 -47 -77 -49 55 85 -84 -10 -74 65 13 75 -69 -59 -80 78 -77 -33 78 35 -77 -1 -11 -90 34 6 -6 28 -35 -87 -82 17 37 -36 -18 -65 32 2 36 3 80 -9 -70 61 52 93 90 75 -73 18 27 70 46 0 35 91 60 25 18 -46 -55 -71 55 41 -19 70 -83 78 25 18 17 5 -87 69 95 69 59 15 -55 50 62 -97 -73 68 24 36 -29 -19 -65 -88 16 14 85 -61 20 55 72 6 
3 44 -75 -1 95 32 64 33 -17 14 41 -12 31 -15 92 46 -95 5 54 -36 -70 -15 33 69 28 -40 -46 -24 -8 77 -85 4 90 59 89 -30 37 67 -69 69 93 96 70 74 46 -40 -84 42 91 -32 22 -24 -37 26 36 -29 44 -86 10 -70 -81 70 77 -9 81 -63 -7 -11 9 -85 94 -54 -64 -11 -49 -45 29 -14 -2 -22 41 -59 -38 -62 5 5 -76 34 86 -35 -82 37 10 0 -100 -97 2 -35 52 
-2 12 68 -79 85 -65 84 81 51 -94 28 -5 -41 56 52 70 43 -75 -82 -79 -90 -89 47 -58 -58 -99 -50 15 19 25 87 36 52 -9 -47 62 -26 76 92 -83 74 -12 -17 -73 77 69 -10 44 -13 -72 18 -28 -39 -66 -19 -82 87 -12 58 14 85 29 36 47 -24 -23 -8 73 -76 -45 95 -32 59 34 -41 -59 37 83 76 -9 100 20 -12 -66 23 -95 -1 95 63 -71 -61 12 81 71 -74 2 -54 -92 77 
22 -23 -94 -28 89 -59 68 -9 -94 -23 -11 8 10 0 96 15 5 -15 78 66 7 88 -76 -47 -16 -81 1 -66 71 58 17 60 -6 -12 53 -90 -13 3 57 -91 63 93 -24 -92 76 -92 -63 -78 -49 -33 64 92 16 -41 9 49 -70 -20 30 93 -75 -95 -97 -32 -90 75 -15 46 5 -36 39 13 -56 -48 -38 -53 -36 81 21 99 82 13 -63 52 35 -31 69 -8 -79 87 82 -30 -62 58 82 77 100 -11 -66 
86 -53 -47 24 -19 66 22 85 -37 80 49 47 89 21 -76 79 35 -31 99 -20 -10 -85 -38 68 -26 -57 -4 -93 -49 -9 45 -48 -28 33 -40 88 37 72 80 -46 -30 13 41 -20 34 28 20 61 1 -60 -75 -89 38 -85 84 -63 78 -2 90 -28 -46 56 -66 98 12 -94 -21 -68 -42 -45 -57 -41 -2 -97 -54 53 67 64 -74 -74 20 -72 -85 8 11 -60 -92 -10 -77 -90 43 -15 80 62 87 -71 -44 -87 -73 
100 -63 94 29 52 31 -60 19 33 62 -50 0 -43 -34 98 22 85 85 -60 2 84 -92 60 -28 76 36 -11 -78 -57 45 79 1 -50 -64 -5 24 -82 73 64 -79 -88 -8 87 -67 43 51 37 13 98 47 -76 -10 38 -17 -13 60 26 -41 -90 -51 85 -49 70 23 90 45 -36 -48 90 12 -4 5 -53 78 49 33 -71 57 -65 19 -18 40 81 10 -12 92 32 -10 76 38 -37 -100 39 90 -6 -48 -35 77 83 
-54 -66 69 -10 -9 75 -39 -97 89 -26 55 -25 -47 -36 90 10 87 46 22 -16 -99 60 8 -45 -32 56 29 -15 7 -94 27 9 -98 87 -70 45 -74 -15 -38 -99 -36 -20 82 -92 -100 36 21 -93 -44 -62 98 81 81 -84 56 -92 30 -50 -93 -17 47 40 -88 86 -43 -78 79 85 -58 -32 55 82 78 -66 47 97 -20 -86 10 -99 -31 -30 -67 -27 -31 -72 100 -72 -85 -64 -35 -63 50 44 -72 -28 -6 -51 -49 
-75 97 10 89 10 100 -23 -4 -11 -76 -46 15 -17 -17 -34 74 -11 -85 -16 28 -78 22 -63 -24 -33 -29 -70 -72 -13 -36 -45 48 -16 60 67 -82 -18 99 -24 -39 -34 91 -54 2 -35 -60 22 -48 -42 -16 -77 10 -67 -84 26 86 93 42 -84 81 -80 -5 -20 -85 -18 34 96 84 -47 -99 -71 11 17 -23 78 47 61 93 -54 -16 38 61 -1 67 29 34 54 16 64 84 -82 -57 -96 -95 78 86 46 22 3 
53 83 -52 26 91 -73 78 61 -19 48 44 11 75 -95 72 30 22 -93 -77 -8 -33 71 -19 44 16 12 -82 61 32 -5 -73 5 3 -90 -87 29 66 64 -56 44 -36 -40 -4 -58 -33 45 -11 67 98 0 -77 72 32 -51 -81 52 61 56 -77 39 37 86 56 5 26 -5 -27 26 45 13 80 78 1 2 26 13 100 -52 9 45 -98 2 3 -59 14 16 64 7 -52 22 85 -17 79 -17 -15 -70 -81 37 37 
-2 17 -41 -54 16 83 -100 52 -19 56 69 61 53 -37 92 19 9 11 46 70 7 -21 50 -94 -63 70 -59 8 91 -8 -43 26 100 -87 32 98 -24 -22 -77 -24 -65 -75 -63 -64 43 39 -23 -10 62 -10 -66 34 -46 69 -7 39 -96 -79 -34 78 93 -28 -85 19 -88 -16 -70 81 74 46 93 -66 -75 56 73 -88 55 92 91 -99 21 91 -46 17 -49 68 -66 43 -20 -87 -67 27 26 69 34 -61 66 -52 16 
-85 -65 89 -95 -40 -94 13 17 -74 70 32 -1 -48 16 62 40 11 32 -54 -19 41 -90 35 39 2 -43 83 -43 12 71 -40 -1 84 15 -6 -98 -95 18 -60 -45 61 -53 23 -79 -99 -44 31 -33 -68 78 55 -42 33 100 27 -98 -97 46 86 -25 64 -75 3 -26 -50 51 -90 3 32 23 -87 11 20 84 -92 9 -41 -41 6 -33 9 17 52 -17 -99 -11 3 8 57 -39 -19 24 -12 39 38 53 48 24 1 
-30 54 -65 -93 -66 -81 -9 0 -24 57 -70 -45 -21 -64 -100 -80 95 71 37 -33 98 30 -17 42 50 62 -39 -60 11 -58 -98 -4 9 2 -42 52 12 22 -29 93 4 -72 58 -70 -9 -64 -30 83 -93 -96 -80 63 94 32 48 38 -42 -32 -99 -59 14 -45 -55 -84 90 42 -45 47 9 -74 44 -74 -60 25 98 -97 -82 -74 5 64 25 27 87 19 85 67 -29 -78 -77 -78 -11 -51 -36 -73 -12 46 95 -37 -62 
27 -52 14 19 42 -78 -76 -21 -93 -83 -3 -1 7 -27 66 -73 -76 87 -44 -75 -79 29 12 -74 79 -18 -24 81 25 -43 -82 -66 73 -84 -64 -60 -74 46 28 1 42 41 -45 -77 77 44 63 4 51 65 -74 95 81 -81 81 -65 -30 98 -91 -79 -53 -39 -62 22 -22 -100 23 51 -3 -96 18 42 71 -24 -39 -72 -28 -38 75 40 -99 81 -88 -75 9 -13 -74 42 100 85 -77 -14 70 84 -5 -53 66 -36 22 
-10 31 -71 -16 72 95 29 90 -38 -73 13 -68 72 -35 -96 70 -87 86 -78 -97 -35 -59 55 54 -5 30 5 -14 55 -45 90 9 -78 -16 1 68 -28 -84 -66 92 44 -31 -12 -13 17 94 -98 62 82 -89 -64 -22 29 20 91 74 -59 -17 7 -71 98 -21 70 40 79 60 -96 -75 3 26 -86 -36 -52 -38 93 -81 88 26 30 4 -55 -25 -91 40 86 3 87 84 96 -70 -8 67 -27 -93 -84 -90 -11 49 60 
7 37 80 70 -63 40 13 77 -64 89 97 -35 29 -31 62 -40 74 -83 6 -14 -47 26 -17 83 -71 -74 -91 63 -38 -18 -64 48 -40 -71 0 6 58 81 14 -29 76 54 90 33 10 -90 -24 -14 -71 96 63 -75 1 -57 -87 -51 74 31 35 81 53 -29 -21 -41 -57 -80 -83 5 91 -21 -12 55 -48 8 67 80 58 -95 65 24 -47 -40 25 15 81 -38 84 23 -39 -4 76 -49 64 -47 -57 42 -39 -35 -13 
-22 78 -94 -20 -82 -83 36 -96 -13 22 -10 90 -13 24 -34 76 -64 -96 -62 -31 -31 -24 -15 -52 -7 -77 49 12 -84 -28 34 -4 -94 1 -30 -99 -88 -52 10 97 29 -31 -34 -37 74 93 -48 -94 26 -76 17 -88 -38 -76 30 12 97 76 -42 -92 -8 -44 14 94 -22 -88 96 -92 -4 -99 84 18 30 16 -53 81 90 -23 17 -65 -29 -10 66 63 19 -24 -9 97 15 54 -98 89 2 -95 -32 61 -5 -41 58 
0 -37 62 91 55 6 -12 -43 10 10 -31 -76 -88 -58 77 -86 -2 -26 -9 -33 -23 -41 -45 -67 -6 -59 36 -62 -97 -7 38 38 42 28 92 -39 48 10 -74 56 -63 39 -13 -35 31 -60 -8 -25 -56 72 -22 -89 -48 -47 -82 -22 80 69 8 -77 94 -31 -65 -33 -47 29 72 45 95 63 83 11 -41 -32 45 96 -75 83 -65 22 -37 -48 -47 -72 70 -56 -42 3 100 -88 76 37 -27 -72 46 -1 35 -7 56 
43 -81 -13 55 53 -9 -16 -38 85 14 -55 -47 7 -64 -56 66 44 61 -30 44 -89 -32 44 -53 94 -95 -61 -14 -29 -4 -70 -90 -36 -40 -27 11 81 -36 13 -98 -63 95 2 46 -68 83 -91 35 97 12 25 -14 58 79 -1 17 -65 50 0 77 40 27 71 16 71 9 -47 8 40 -54 30 40 -74 -26 -81 -97 -53 62 48 48 -97 56 -49 -21 -92 47 -73 61 -33 -24 76 23 -39 80 94 6 -94 25 56 
39 -42 94 -5 -45 51 -100 94 13 21 -93 38 18 -47 42 63 -66 100 -84 79 -91 49 -51 -12 -32 94 27 0 15 20 -95 64 89 57 -73 -97 -28 2 -66 94 92 -20 -45 7 62 18 30 96 -68 52 -19 -83 -73 -61 -36 -26 -60 90 94 -84 -79 -86 25 -38 10 -97 52 -80 10 -92 -77 -49 74 14 45 24 -23 -60 -83 -48 10 41 25 -16 -77 95 -9 56 -81 67 64 57 42 -11 -19 82 55 -87 84 
73 78 -69 -43 8 44 13 -28 30 46 94 27 -92 -83 7 79 80 -89 -69 -75 -79 58 -33 -2 -100 70 -39 -87 -21 -14 -74 25 80 96 -49 85 97 -28 -89 7 37 32 20 -60 73 -89 80 -59 -10 -86 -25 1 24 -38 -60 -4 -61 73 86 -26 -71 87 86 8 39 -53 -3 58 48 77 12 20 -94 65 83 88 -41 -85 -5 -26 94 59 86 -1 -14 -22 -26 59 -11 -71 95 27 -64 -2 96 74 48 59 -88 
