-75 39 28 -1 83 11 -13 -64 63 -26 -32 -60 -54 35 97 -81 -3 0 -1 -37 -25 -20 25 -31 63 -50 -48 -10 44 46 99 3 -31 -19 -91 -37 66 28 56 32 75 22 17 80 63 20 -76 -71 -66 -3 -18 -63 -14 -9 66 -50 1 15 33 9 -54 -97 40 -94 8 -98 -26 -61 67 51 80 26 -20 -99 -23 -89 18 -58 -30 -3 -96 -94 26 32 -21 -94 
26 -30 -11 -22 0 12 -99 -9 -83 -56 66 -22 33 -2 -5 36 59 32 -51 -22 -70 56 -20 -78 76 -43 59 -46 66 47 -56 -1 47 3 -83 -26 71 36 -43 56 -26 1 27 68 -35 -33 -77 -91 -79 55 76 20 -10 -23 -5 87 73 -8 -20 -69 -7 -48 -100 17 21 -43 -99 40 -6 30 71 59 -8 6 -68 -24 -27 14 2 -52 -12 -4 -10 -46 4 0 
-96 86 44 85 -99 7 -93 64 90 -33 -79 89 -62 -19 54 52 14 44 63 -78 3 38 74 89 -98 -70 -54 23 -57 55 43 85 -20 -32 27 94 23 -47 -66 -91 48 -69 -93 41 42 99 -88 90 -93 -16 -43 19 33 -23 -83 -49 13 -29 10 -62 78 -99 81 61 83 -45 88 25 5 32 81 -11 0 -20 28 96 -65 -21 -73 -47 -8 86 -17 53 61 33 
57 -22 48 64 0 -84 -33 73 67 -75 -21 -68 -66 41 -51 27 94 66 78 -49 49 99 66 -100 -3 94 -28 66 48 95 98 -49 -18 -1 65 -38 59 -17 40 54 -54 46 41 -76 15 -97 -40 -3 7 -35 -87 38 -61 49 -79 1 -63 86 95 96 -49 -86 42 63 16 -98 -43 -25 26 12 -24 38 59 -29 93 0 42 -98 41 -71 -96 -59 -43 -6 74 -33 
83 13 90 40 -41 64 -13 -48 3 10 14 -16 -57 92 10 -30 -18 -61 -57 59 -48 -41 96 -17 -26 59 59 -40 -32 92 -57 16 -33 62 100 82 -93 50 32 56 59 -88 79 -93 75 22 -87 -21 99 43 -81 58 65 98 75 -100 -8 31 87 -47 -69 99 41 -41 -93 -24 34 8 41 72 -18 -46 20 97 -10 -39 -96 74 7 -32 -24 70 28 47 -77 100 
-38 13 12 -61 88 -28 49 7 -8 -77 -68 -32 25 11 25 -1 -73 -5 79 -10 -16 -26 -78 37 -40 4 88 -63 -56 -8 48 63 85 19 -16 -90 47 -23 -93 -14 71 -13 21 68 89 -26 68 -14 -66 -36 20 95 0 -23 -58 -42 11 5 13 74 -97 -45 85 -94 46 -74 92 1 14 30 -89 31 8 -62 -88 -65 75 44 36 61 60 -73 9 81 -14 -69 
-87 -25 100 27 53 -19 44 -32 77 51 54 -91 13 -50 1 -42 -96 -63 32 100 45 -24 -99 -78 90 2 67 2 -2 91 -82 -11 -19 35 -3 -48 72 6 13 59 -2 36 14 -39 -4 -56 -33 -73 -49 -76 -43 16 43 -74 -43 -73 -82 59 83 46 2 77 21 33 20 -24 86 -67 61 54 55 46 60 -89 69 -33 31 -17 -49 -55 7 -70 48 80 33 -54 
98 82 32 13 55 29 3 49 8 -55 71 48 -15 -13 44 64 39 -12 -19 -34 -85 -12 47 -38 -95 -94 100 -93 86 -51 -33 40 -96 19 55 -16 -56 23 17 -97 -71 48 -2 -15 43 -36 -59 78 -16 42 -71 26 50 62 -100 5 79 -68 -58 42 -91 12 -84 24 -65 -83 87 77 27 -72 37 -41 78 84 100 -73 -40 -1 79 67 72 -69 -66 -7 -49 53 
41 10 -12 1 -28 -34 -39 92 22 25 99 45 0 69 20 -43 -3 76 -48 -38 -13 39 31 -60 11 55 51 80 5 5 -54 -62 66 -100 -48 -36 -41 57 -97 -100 72 26 10 41 18 92 76 -88 -42 -16 98 -59 -79 -23 23 72 -67 100 88 94 88 -67 50 31 -49 -63 9 -93 39 -30 -62 -14 80 96 -29 -96 -81 -88 51 27 61 47 28 -60 14 -88 
-33 46 59 -85 50 13 68 53 48 82 -72 -69 93 -98 -24 2 -45 13 -8 62 -62 23 -71 -11 -67 -67 56 27 39 72 -11 85 -59 -27 89 -87 -8 18 -41 46 3 -59 31 78 -52 -100 -4 -94 26 58 51 18 -43 -99 37 89 53 -88 -49 89 58 -41 -41 29 14 20 42 77 -29 98 50 -64 51 -18 -9 83 54 -92 -8 77 -21 24 -75 -24 -59 -16 
94 31 -50 -39 -69 -91 -82 31 7 -20 24 58 80 50 20 -79 -78 -95 19 -18 98 -89 33 -77 60 27 -79 73 -92 53 -87 30 95 -58 -74 33 51 72 -64 -11 39 37 -20 74 95 -30 89 -65 -62 30 92 26 65 -69 68 84 -46 7 44 -19 28 49 46 80 89 -70 -50 19 94 64 55 69 -60 72 46 -68 36 -37 6 -57 92 -44 88 65 59 -21 
11 -64 -82 100 62 -45 69 -35 -46 -76 24 72 -54 83 61 15 -62 -47 -50 39 85 -46 3 24 54 -73 84 -94 94 43 32 -34 -53 -26 44 9 53 29 -27 11 -51 -36 -39 -25 -9 -10 19 85 -10 95 -60 33 98 34 82 -83 -40 50 13 7 -45 -24 -32 65 -9 78 46 -69 -73 67 33 -5 -59 -26 36 3 94 -5 -14 41 20 88 71 -7 25 -67 
38 -37 8 -10 31 -97 73 14 31 78 54 40 74 -86 85 45 -73 67 46 5 -16 69 81 -76 -81 93 26 93 84 9 34 -34 -43 40 -91 65 -26 -45 -88 -62 83 -10 35 88 -68 51 -84 -50 -6 -14 -4 46 -37 42 16 -39 92 4 -63 -82 35 74 -79 2 -50 -79 53 -16 -97 -51 11 50 -4 -43 -70 -64 -57 -41 -59 92 -59 90 10 17 92 83 
-77 -27 -74 -32 -34 55 18 -18 53 61 -58 -63 54 -4 75 66 50 43 -11 -30 24 46 19 52 -20 -62 -94 -62 11 26 26 30 96 59 64 -33 70 -45 60 -10 16 -19 86 12 38 -95 -91 46 32 70 61 61 92 -47 -85 -17 -30 24 -55 -83 -99 -95 18 72 9 -31 -63 86 -24 80 26 52 66 33 51 78 -21 39 6 14 17 41 -62 83 34 17 
-92 -52 -83 19 70 59 42 -84 -100 -33 23 53 87 -93 -88 -64 -62 27 -71 42 -50 17 -41 36 -52 -84 -44 57 -71 83 -19 -77 96 -4 87 71 16 -81 79 75 54 -99 -71 34 -77 -78 -45 78 51 -78 49 16 -69 -20 40 -18 98 43 51 -55 -7 -52 -82 -86 -79 50 -16 -33 -33 -64 42 50 -43 -56 44 -100 35 -83 -73 -99 96 90 -9 -13 2 -67 
13 66 -8 -76 100 -38 -96 45 -13 -15 -22 99 69 66 -51 25 -79 93 61 -62 -2 -12 98 20 -31 -3 -20 64 45 -52 34 -27 -3 83 75 -75 67 -48 93 77 -91 78 80 -65 16 -11 -21 -78 76 -33 55 91 64 -31 72 32 -44 -40 9 63 27 -45 -8 -67 -26 -86 24 -58 -2 32 78 -57 77 -81 -90 -76 7 -50 48 9 21 80 1 49 90 -19 
-98 -36 -56 48 100 21 -65 -72 -61 -44 -78 -50 -24 55 -95 -82 -27 19 78 51 -3 -93 -35 79 -54 -73 38 -48 -92 -72 13 -29 -36 -39 -99 -10 -65 -15 6 21 -74 -58 81 -21 -13 -12 -59 -59 89 -34 82 89 8 -7 -28 -65 -26 43 -72 45 31 -80 86 -76 52 -23 80 -43 -49 97 -33 79 -51 84 -33 -59 40 -24 2 -50 -96 -11 -42 38 -76 -60 
90 31 -98 29 -71 81 -97 52 26 -42 63 -62 64 -69 -42 -16 53 22 -60 -82 -22 83 98 29 -35 44 89 -87 11 -61 91 -33 42 -25 -41 13 -79 -50 -48 -67 34 100 39 -85 -36 -78 -92 43 -48 -29 38 -92 -62 25 95 -97 -42 62 -9 -53 -11 -39 -74 -45 -31 -69 -78 -9 -42 89 -63 2 -66 80 -14 76 -8 5 91 -26 26 41 79 -94 -68 -58 
74 88 10 -69 24 -13 -34 -24 -19 83 -9 -95 -67 -4 -21 -26 30 -97 77 65 -91 93 14 -16 66 -37 15 -76 -28 -68 -61 -2 68 -73 -18 -62 80 39 -46 88 -53 1 -24 92 -28 -54 45 -5 -86 69 -29 -50 -23 -7 54 -10 93 -85 -48 -47 -3 -4 100 -54 22 -80 -10 -96 76 92 -30 36 60 37 -5 94 5 -57 16 -55 22 -67 31 89 -5 54 
-85 56 35 31 -79 -53 -65 26 -23 78 -43 -98 93 23 37 4 50 10 10 -4 -93 60 84 45 -11 -64 6 -53 -59 86 65 -56 7 -39 6 -62 -74 35 -81 96 64 48 37 -98 -21 15 -86 45 61 -17 -10 36 96 -54 -27 -60 37 37 23 29 92 -68 3 -86 33 74 -93 68 51 64 -79 8 -25 42 -90 -63 -72 -54 -68 -54 -42 54 -38 40 32 -13 
33 -93 54 25 76 60 43 46 40 22 92 -7 44 -72 26 -15 10 -31 -65 68 -31 -73 55 -95 21 56 98 15 -1 -36 -70 -58 78 -87 -50 25 -89 -26 89 4 31 -83 84 53 -68 -18 96 -18 37 36 56 43 24 2 80 42 88 -90 -67 81 98 -19 -51 -91 34 99 -40 -47 15 -61 67 -60 99 -90 -68 -29 47 -30 -16 10 -43 35 -46 -43 47 -30 
52 -74 13 -94 -72 80 75 53 69 12 33 -39 92 52 -76 -26 -38 -28 36 -4 -83 59 49 -21 13 91 67 64 74 79 93 42 23 59 -11 -67 -51 -34 -22 47 65 -8 -2 -38 -7 -25 87 74 -51 -49 -60 -39 -95 -76 3 15 26 68 -27 -78 -27 83 -82 -43 -13 6 88 -90 69 -48 -74 -75 -32 91 -86 42 12 -84 31 -95 97 93 13 -97 64 -10 
37 -79 49 -42 -50 59 -68 29 40 15 -26 38 10 92 -39 -62 76 91 69 -20 50 8 -31 92 89 69 38 -33 83 27 -91 -92 77 97 -78 -22 -47 54 -69 10 -54 10 93 88 29 -84 47 35 -96 93 42 -20 -46 -76 79 10 78 -20 71 -57 -54 3 -10 -25 -69 -90 64 2 -70 -23 -63 -52 -60 27 -49 -39 49 79 83 -78 -23 47 88 76 9 80 
74 -49 29 -36 21 -27 -10 -93 -90 11 54 -81 -52 48 96 72 -39 63 -18 88 7 -24 -28 42 8 -97 -67 69 32 -77 -42 -46 -11 80 90 -26 -81 33 66 -79 -74 80 -4 29 28 60 96 -39 83 33 -79 -55 3 -52 -25 -71 -79 -99 -55 56 41 60 -63 69 -51 -35 7 -30 20 62 61 61 44 -82 -55 -94 10 99 -13 42 -8 87 -20 -48 86 -100 
-62 53 -70 -67 61 98 51 -8 32 -71 -52 -58 -10 -80 -46 -45 66 15 41 -25 6 93 -20 88 5 92 42 -15 -34 -41 48 28 93 18 -77 46 -48 -14 62 -6 -9 -49 -45 78 63 -35 -56 -47 82 -29 -23 -11 6 9 32 -33 -50 -36 27 -21 -6 -7 19 -17 -32 19 59 -78 13 -61 -62 87 65 87 -99 70 -73 56 -50 -75 -62 96 -7 -72 3 -32 
42 -95 61 55 18 6 -64 -85 20 16 11 12 41 96 -40 -62 -15 -81 -56 79 39 -90 37 -50 -39 74 90 -10 38 -9 17 30 -46 -35 55 -5 25 77 -74 12 69 32 -11 24 48 38 71 74 23 44 -18 9 -61 31 -34 90 -57 10 22 -27 -12 -60 -94 -47 53 20 -46 74 -37 36 52 9 43 8 -16 43 54 8 -14 -51 40 79 64 89 13 -42 
-55 24 -33 -94 -52 27 2 61 26 56 0 46 86 -15 -1 65 91 74 -42 -19 -80 -7 61 21 -52 8 100 20 58 34 11 1 45 78 95 -68 6 -39 1 8 32 13 -89 -56 -38 49 -46 -32 -62 91 -55 -18 61 -63 6 -76 -45 -43 -38 98 -38 78 5 -98 -85 -39 -9 97 91 -39 50 -87 -43 61 -5 -5 83 23 -22 90 -13 17 -65 6 11 75 
-56 -98 42 62 -76 -80 -61 -17 98 26 -62 67 59 37 52 -13 -44 45 -12 42 -19 -6 22 -35 89 -29 -18 30 8 69 -63 7 5 88 -14 -58 15 24 -4 29 -90 -9 -22 -83 38 18 -83 -86 26 18 -28 -40 9 71 34 -97 -73 86 -58 31 88 -52 81 100 59 -13 40 -4 -37 -48 -62 -99 52 61 -61 45 -76 -36 79 -26 78 -87 -84 22 -89 39 
-50 5 33 -81 1 -46 -40 24 94 63 -69 -68 -20 -37 71 90 39 -40 -88 -81 34 28 14 -40 -38 -66 -79 93 -89 -13 -47 19 -65 -56 -68 -80 61 -63 -20 -6 -27 -67 -86 -11 92 20 -92 -13 74 58 -4 -44 0 -46 -91 -13 -45 -69 -6 22 -40 -93 67 -36 41 -19 -57 -53 -25 83 -2 -20 -83 -76 17 34 68 -82 12 -24 64 84 17 -13 76 -63 
-99 -29 71 42 8 0 -74 77 -58 39 -84 28 -49 -5 87 43 43 -21 -26 -89 83 46 -58 -99 59 85 -6 -90 41 24 -14 -30 -29 -82 -88 7 -39 -68 -16 -86 -31 5 16 81 43 5 95 39 7 -58 -89 8 30 -33 34 -35 -62 -7 85 -30 -8 -46 -29 -23 -97 -85 -15 -9 -3 67 42 64 -28 21 70 95 -32 -88 32 -97 -11 47 91 -32 -87 79 
81 45 -94 -20 -7 80 -46 98 -9 44 -67 17 -44 1 -6 28 66 24 -92 -67 92 15 -40 -71 -34 -36 -99 59 50 -80 70 84 -15 1 37 25 -87 41 -70 26 12 -36 98 -56 52 88 95 8 25 -57 5 -8 -97 57 73 -46 -87 -7 -75 -28 -5 -59 64 26 45 -73 95 85 -95 -56 -95 19 -30 -51 -32 -79 -38 -50 65 54 -9 0 6 -42 -95 -10 
89 -69 29 -50 -21 -100 -96 -92 -16 -54 98 9 70 -64 -71 3 14 30 24 10 0 27 82 -20 -9 18 -41 93 68 75 47 -28 90 74 -47 94 -9 -56 82 35 -61 86 -53 53 28 95 -99 -66 -90 82 77 2 -3 -18 9 -89 12 55 18 -32 -50 44 8 88 97 -58 -9 82 -69 2 -70 -14 -8 -74 -36 15 -83 -61 -89 -33 99 77 -59 -9 52 -52 
-24 0 89 -28 95 58 69 -91 -26 30 -23 -55 95 45 -1 68 -73 40 -46 -30 -44 59 53 21 -97 4 -49 -63 21 -14 -100 17 44 -82 -95 38 52 -96 37 -10 -33 51 12 -23 -76 -7 21 17 12 -90 18 -83 -86 54 42 26 30 -40 6 -86 -10 83 4 62 -79 75 -38 39 1 98 19 86 -63 -5 -60 88 -25 2 98 74 28 78 -5 24 41 52 
50 -78 -91 1 -58 66 34 91 40 73 54 48 90 93 30 -56 -75 67 -65 99 9 -2 -81 32 22 -69 30 29 -7 11 -62 -92 -46 -41 57 -39 -67 10 89 -45 -75 13 -65 99 -31 12 86 -100 20 44 -34 78 0 -66 -82 68 -13 90 91 -2 1 -96 -66 37 34 -95 29 -91 81 53 -4 69 -54 -97 91 46 -31 24 -26 95 11 -29 22 84 13 9 
57 98 19 100 79 -70 -86 -73 77 -3 -50 -67 30 -53 -78 -67 54 82 71 -27 33 -32 -20 95 23 51 -85 -22 -22 -3 79 80 83 19 3 -23 32 -62 -90 -29 52 -28 19 42 -62 2 -15 92 82 95 17 5 -72 -80 25 48 -50 -87 -49 89 90 -70 -31 99 37 26 -76 28 -95 -28 22 -31 27 -66 60 85 -10 -99 90 -90 -20 -41 57 -20 -45 28 
-85 -46 51 67 -49 63 -56 -74 100 -67 74 -34 14 82 56 -99 -89 -53 74 35 -50 -17 89 100 17 32 10 -1 -25 -27 10 -7 81 -100 93 -46 62 77 58 20 69 -53 -22 -52 -99 88 -90 -98 86 31 4 -100 -98 -18 -32 -71 -79 36 67 -4 -92 99 -44 -19 99 37 -26 -52 3 84 34 -66 44 -17 -76 -43 -75 -13 23 46 -35 81 -55 93 -60 -93 
32 -47 52 54 16 -99 97 59 76 16 -61 -95 -7 67 -77 1 -35 -1 -11 57 -75 13 4 75 55 10 49 24 73 -78 60 -38 -3 48 80 -6 76 -48 10 40 -94 59 -28 -57 -68 -63 11 36 -49 -51 27 22 -20 6 54 -53 1 -70 28 -73 -68 -59 -75 65 -38 -68 -80 48 22 18 42 53 -59 97 -73 14 -1 -36 -2 -12 -100 47 -98 27 -39 60 
30 -58 37 79 96 -91 -20 -30 -38 -10 -20 -22 25 -95 -69 2 -78 92 6 59 23 -81 33 -10 80 -68 3 33 80 -55 100 -73 -44 -87 15 81 5 95 -55 -39 -72 -10 61 -28 -44 60 40 74 56 18 48 45 -48 93 -26 55 -87 42 92 -47 -64 59 -100 -84 -19 44 -23 -94 74 4 70 -91 84 -75 -80 -50 94 18 -48 -47 -84 68 11 -12 -26 -93 
-58 -40 94 -75 -85 66 -53 51 -29 -12 -75 40 -83 10 96 -6 -29 -23 -63 -24 -37 92 13 47 65 -69 -21 -57 -34 70 -24 37 26 -23 -47 -80 10 14 -42 62 74 52 96 -18 -34 85 -20 33 34 79 -1 5 -35 -22 47 28 -19 -67 10 13 -25 -25 35 -88 91 -48 -12 42 -77 94 1 -48 87 -33 1 -63 -33 -37 16 -39 -32 -69 48 -38 83 -31 
-68 -52 99 79 74 -93 -32 99 48 41 -11 -38 -36 -19 40 30 9 77 -58 -3 31 -17 -72 96 -42 -41 0 -88 -40 86 65 40 74 -1 36 -70 -76 72 -51 91 -35 24 -56 75 90 -74 -87 -57 58 64 -71 -72 36 -99 -80 63 32 86 -70 79 63 -14 -4 -18 94 -88 -72 -65 -49 56 -88 -46 47 -21 80 -7 27 23 99 -69 -84 -90 -87 76 -82 -28 
-58 -33 -85 21 -80 95 -71 -3 -12 24 -89 54 -83 9 -97 22 46 -68 57 64 82 -83 -86 -47 85 -60 -31 -65 27 -37 -71 96 -11 70 -7 -51 53 81 -38 -59 -52 -43 53 -1 -87 -88 29 -15 -14 -4 -4 4 52 87 84 63 34 -49 -98 35 -74 -7 76 -87 -70 40 38 76 -84 59 -30 -33 -44 -13 30 -76 -64 75 -10 71 -83 -28 18 30 -10 86 
-21 50 73 -49 -39 60 -34 83 -75 -50 -97 -89 0 -61 18 -27 -76 -44 62 -64 64 -73 -6 96 39 2 66 74 -72 -46 -25 36 33 -93 78 -27 -33 92 44 94 -16 -83 -45 100 89 -85 7 10 64 96 -63 -75 72 -89 -8 61 -80 11 -6 -85 78 -84 70 48 -20 25 -19 76 -44 -13 13 -68 66 74 99 70 -40 -42 94 -10 -24 -24 62 -48 100 51 
-92 80 -5 -22 37 -61 -76 -79 22 -89 89 94 58 -19 80 72 -40 84 -20 7 31 -28 95 37 73 59 30 -50 -51 -97 -86 -35 -74 27 -73 -9 37 21 -48 38 -100 -5 77 -30 -17 -89 -17 -95 57 -80 -35 -28 -50 -22 78 58 38 54 -65 -81 -34 15 94 87 -32 24 41 85 77 -68 55 -9 66 -19 -7 -56 -72 -71 -20 -6 73 54 99 97 97 79 
70 -16 56 14 54 77 -66 -44 -18 -29 84 -88 -44 99 1 40 -31 21 27 65 -9 -83 74 -73 -29 -23 -89 -52 90 -59 33 -13 90 -17 -25 22 -67 36 -16 20 -63 -39 2 -84 -66 24 49 62 39 -20 -8 -14 4 -70 -40 -27 -53 6 63 -72 99 34 4 -96 79 39 -94 -13 45 -90 36 -60 38 -53 30 -41 -52 55 12 58 10 -99 -53 -74 25 -92 
52 -1 -58 99 -27 -40 -98 8 38 88 -24 75 -74 -94 -7 30 80 56 45 -85 11 -49 -81 86 -87 -82 19 -100 -74 85 34 -50 46 6 75 93 39 66 28 -96 -83 -69 -69 92 -47 19 34 -41 43 -42 68 -89 -60 -2 29 70 58 57 10 -54 -30 25 80 84 -55 5 -25 13 -96 -90 -75 45 2 50 -25 -66 56 -57 13 0 97 34 -71 -24 -67 -30 
-58 58 -2 33 -10 -22 18 -98 7 -81 15 -28 17 -52 48 82 71 50 18 28 -74 -44 26 55 -97 -50 -50 91 -57 5 49 -57 -37 -36 -64 -13 24 -24 85 49 45 -28 -87 -7 74 -12 -85 85 4 42 -1 -81 13 12 -18 -13 77 41 95 -23 -11 -18 74 -41 -58 5 -22 -43 100 87 -11 4 30 -76 -91 76 38 63 41 -73 94 92 38 62 69 -38 
-3 41 68 -66 -77 -60 -7 81 -95 99 -76 6 76 -49 1 -47 -9 -5 -50 -92 -42 -53 -95 -42 -81 -68 43 93 -2 88 -51 -7 98 -94 -83 -51 -47 -79 11 88 -54 23 -54 -97 75 7 49 -58 100 -34 -80 87 -22 18 32 18 -92 81 -87 32 36 -88 34 -48 -63 -14 71 100 -19 -8 -75 53 -100 -67 -79 -3 2 1 -68 -13 -61 -42 -75 -3 -12 81 
48 -21 -6 25 1 -8 -74 8 -71 -46 -99 50 -57 54 81 31 -19 10 -72 -98 -19 99 -41 -41 25 -36 -79 78 -99 -8 -20 33 -1 97 -26 54 -29 0 -46 -45 17 -58 -75 -26 -4 -39 92 -68 -65 -89 52 12 -57 37 -9 48 92 -3 -9 -72 27 50 14 -73 97 -8 60 -41 -2 -52 4 -61 -94 31 100 -79 -72 1 -57 70 10 54 25 -79 98 61 
80 76 23 -60 -29 32 9 -23 48 97 87 -46 0 -39 -30 73 75 8 73 47 82 -99 -65 -54 -74 80 100 48 -52 -59 -89 -9 -43 -70 -41 90 33 100 -26 -68 -64 8 90 54 16 -14 37 1 -17 94 -36 -99 -92 -31 -30 52 -54 50 75 42 -99 -14 4 -81 -62 -78 49 69 64 3 -43 39 -33 -8 -4 60 -40 0 -69 54 -55 -18 -20 16 -47 17 
28 55 29 85 -46 -11 -85 81 97 71 -73 -43 -5 99 -89 95 -2 23 -39 51 43 78 -8 47 -17 -85 -98 49 -30 74 32 -64 -55 50 95 -27 -35 8 -28 -50 18 46 41 20 78 95 -26 -30 75 43 18 40 95 34 -80 -58 -97 -86 66 -48 -35 30 69 84 -98 27 -1 33 72 -99 -15 -39 51 33 12 45 78 86 -78 -54 -43 -16 69 -70 99 -16 
-87 -29 62 22 -42 -25 21 94 -9 -29 100 -62 -6 4 -52 6 -93 44 -26 57 -98 -13 -31 75 -40 -89 43 55 78 -59 49 -35 -68 -9 -10 -1 -17 -59 -60 -83 52 -53 40 23 87 21 -41 -95 30 -30 -52 35 -52 32 -41 -93 -81 52 9 -56 -100 -90 81 -78 -26 41 -84 -69 81 72 16 64 -30 10 -70 -94 85 -11 46 -73 98 12 -52 -72 18 63 
-43 45 0 -46 -46 81 39 -71 62 81 44 50 -61 -58 9 -88 0 -77 -99 -35 43 69 -7 33 -88 97 -35 99 -13 3 99 54 81 39 31 26 -51 50 5 64 -79 44 -21 10 -73 7 77 -87 38 18 30 58 -59 -20 78 -100 70 81 -18 15 -59 -77 48 -68 44 -95 41 -5 -68 -32 33 -8 -22 81 -35 98 -52 -6 38 22 36 -2 82 -97 -81 58 
-4 -59 85 86 6 -4 12 -83 -81 18 -7 -36 -60 77 -39 68 -4 35 47 -55 93 49 -57 51 -62 72 42 -27 -26 -57 8 -61 100 36 -25 -8 45 -51 85 -76 -91 68 -94 -35 64 26 11 74 75 -55 53 -16 5 -9 -31 -81 35 95 58 96 -29 45 84 -75 31 60 -78 49 -61 -56 38 -94 30 -90 -97 33 80 -6 77 -90 29 88 72 -27 -100 -65 
31 0 5 30 14 -26 -65 82 58 42 12 34 -28 -45 63 69 41 -56 40 82 19 52 54 82 -73 90 67 -68 -24 -57 62 -39 -7 45 -14 -52 -20 36 -19 6 -90 73 78 18 56 93 -86 44 -3 -47 13 0 -74 67 -65 42 -45 -28 81 -57 -40 -12 41 -79 -74 -61 -52 -73 -64 21 73 0 -44 -40 85 -3 50 -46 -72 27 -15 -70 63 44 -63 78 
-58 33 -19 -19 12 72 -84 60 32 -64 -15 30 -43 -58 25 -72 81 -79 -92 68 -22 -6 7 74 -66 4 91 -83 55 -37 -5 -7 70 69 -37 21 49 48 99 95 -62 7 -37 24 -89 -93 -29 41 27 -24 66 -21 82 -63 19 45 -26 -70 37 99 -79 -95 -57 31 51 64 49 -54 44 80 -75 26 -69 21 88 -55 -30 -68 -71 -45 -60 -13 7 -6 45 55 
-91 95 22 6 55 -85 69 14 92 -18 -6 -15 -16 -43 -38 -7 -70 -19 -94 25 -5 13 65 80 -51 -14 97 -62 -95 -37 13 -29 -42 -2 17 -48 58 -84 -72 -57 3 -36 -42 -56 20 -26 66 95 -49 -34 -74 -61 83 65 -64 -11 -80 77 -20 -82 -52 74 0 72 93 -53 -11 -28 -56 -32 -85 -46 85 -4 -32 -54 -77 92 -97 55 7 -24 -88 42 2 -82 
21 96 80 87 -82 -19 82 -76 46 -64 79 -94 -91 -90 -34 -43 -31 65 40 6 -81 -75 -14 26 -44 -75 22 1 -23 -9 -30 -81 56 28 -46 -14 40 17 -99 98 -36 84 20 -70 -78 -49 71 55 -52 86 -16 -90 56 97 -14 24 39 -14 39 -41 -49 70 -12 20 -77 -64 -86 20 -37 -13 80 -84 32 -28 -99 -94 10 58 -44 63 -27 18 -34 82 -93 39 
-52 -75 -13 54 -71 68 -52 70 -95 13 -69 -44 -39 -14 2 8 81 -35 -33 -16 -100 -28 -66 -90 58 85 -92 -25 -47 -67 90 -14 -38 89 21 -14 -70 44 -66 -60 58 -19 77 11 79 37 -52 -83 -86 -72 -54 2 42 3 11 -19 -13 21 0 74 -22 -5 -39 66 38 -39 -57 -53 93 3 25 -11 -50 -95 -12 79 -89 -72 -17 80 81 97 -36 66 -90 -80 
-81 -99 60 33 47 -55 -62 52 3 -63 -20 19 -53 -35 53 19 -8 40 48 -10 61 -30 67 61 6 16 -54 -50 31 -63 15 -27 -21 73 28 -100 -68 -34 18 -23 -53 -31 -5 1 23 -3 65 -55 49 -66 -13 -1 13 63 -14 -94 -61 -8 -28 -3 67 -72 -33 -59 29 -77 -58 80 -59 -85 56 -72 -24 -66 -35 64 -22 -61 -50 99 89 -91 -80 6 -56 -66 
-7 -15 -34 16 11 47 18 -56 -56 65 -90 -100 -77 -41 84 -57 41 -11 -68 -21 12 73 -12 53 -83 -8 60 9 97 49 2 -77 64 -28 27 -52 -87 38 -10 47 -70 84 -93 -39 -32 -29 -3 -83 48 69 -12 -82 18 -77 26 21 96 -59 92 61 -28 17 14 -25 -86 -1 -93 -29 7 -55 -6 -81 -11 -81 96 -48 -40 -51 70 36 52 0 25 -99 43 -1 
-76 31 32 70 -97 -42 -3 24 -80 67 -78 -96 -67 24 -28 50 56 -41 -42 -97 -62 33 60 90 89 -36 42 98 -15 100 49 97 2 -66 -86 -22 -33 -57 53 70 -81 -30 -93 -40 61 43 53 -68 46 -76 -16 4 2 39 8 52 95 35 49 63 71 -71 17 55 82 32 -50 71 4 -2 -7 91 -73 -56 49 53 -34 14 -93 31 -86 5 24 51 -93 45 
-41 32 80 83 -68 99 -85 29 -22 -11 74 -12 71 -100 31 87 50 98 -71 -37 12 42 35 -3 48 -80 -44 -5 38 -46 63 6 18 8 -11 30 32 -83 65 -72 -75 83 52 19 -7 -97 93 58 92 53 13 24 11 -73 -45 -61 17 -37 -26 -59 99 24 23 62 -86 61 -100 13 20 17 18 82 1 36 37 12 -90 -30 -47 98 -15 -75 -58 42 35 37 
48 25 2 71 -30 -1 96 82 -18 11 31 -24 75 -36 77 93 -71 -25 -90 -83 -19 -38 -63 48 -44 -14 77 -96 48 71 -51 -80 -84 14 -4 -56 -5 56 98 78 -50 -4 -35 -41 32 -81 -38 21 -21 -91 9 82 -47 -99 28 28 99 20 -84 75 -77 70 -79 -76 -28 61 -21 28 17 -85 -32 -7 -48 -33 -50 92 85 -100 64 -71 -54 9 73 79 -18 89 
60 77 -12 20 51 -49 -12 38 71 -80 -17 -21 -39 30 48 -98 86 52 -86 51 3 48 12 -92 -13 34 -97 -4 -70 34 -5 -64 -17 -71 1 65 13 90 95 -56 -16 3 -52 -22 -56 -78 -52 -77 16 70 -70 -6 -69 -54 91 99 27 -85 11 0 -59 23 14 -94 88 -54 18 -39 -67 -13 -41 -21 15 -96 94 51 -65 93 81 49 45 -92 -44 75 -19 21 
100 -34 75 19 41 -69 78 66 4 95 88 80 24 -11 -62 22 -11 52 -56 -23 1 -16 -64 33 -59 -46 -47 -33 34 30 27 73 -46 -44 62 -20 -9 -68 54 10 21 -72 18 41 33 -74 79 84 32 -90 25 36 -56 20 -12 34 -50 31 11 32 5 92 -46 91 0 -49 -8 83 33 0 -39 -60 67 -2 -45 91 19 4 -58 -21 69 -52 -62 71 -25 86 
-64 9 -41 -96 -41 -35 41 -90 -53 -99 -15 -38 98 -1 -99 -12 99 27 90 -84 -5 -22 31 -55 48 -52 -72 46 84 -76 -96 28 -99 74 19 26 -87 -7 -82 76 -91 94 -96 11 48 93 -34 -26 -38 -5 -4 3 -43 -54 -45 28 -80 -64 3 -7 -16 -63 84 -85 -30 -40 -76 -36 -98 42 61 64 87 -32 -93 -37 77 73 43 7 74 -65 -93 -61 100 40 
23 33 -51 40 -22 92 -34 -99 -58 96 92 87 8 31 -67 21 75 3 80 -89 -9 -52 -93 -50 -59 -76 -27 -63 29 66 100 31 6 -84 33 5 -85 -50 -35 -56 63 70 0 -45 62 2 -17 -98 7 54 56 -54 -55 -63 55 0 0 -52 -98 -85 -98 -14 -94 -51 57 -81 43 -53 47 0 49 7 -81 21 36 -89 67 66 -25 -3 38 58 -96 4 -59 55 
18 -21 55 -4 -54 -97 -62 -86 5 -29 -2 98 90 25 33 2 -32 14 48 10 -4 -69 43 24 -71 -74 49 53 34 81 -81 -7 57 -16 -98 25 -82 91 73 94 -2 -28 -56 -58 99 33 -82 -63 32 34 89 80 -20 -32 57 73 45 -51 -22 4 65 -97 -83 -86 1 -67 91 -8 -95 -18 -99 -14 -91 -64 80 -30 -7 -94 8 74 -6 -21 3 73 -34 25 
4 -71 -38 21 4 -88 23 41 3 64 0 -68 -98 -58 5 97 97 46 -56 -74 13 3 -20 35 -56 -81 -20 -3 63 -46 -12 -10 -5 42 99 -32 -43 -29 -81 71 -54 -95 -98 58 76 69 71 -7 89 22 77 61 -58 -32 48 -5 -4 17 71 -99 -81 -48 -11 -48 18 94 73 -57 -37 10 31 -15 93 -21 25 -19 58 -50 -98 78 -55 25 94 -47 -97 35 
-77 -64 -43 -47 69 0 -10 -44 20 -33 7 -58 -4 85 25 45 -34 66 -23 27 57 -88 50 -100 46 -8 7 85 -84 65 63 -71 -72 -58 0 19 -15 -99 75 -69 -77 -37 32 4 -44 -73 19 48 47 37 -57 91 44 -72 87 -89 -71 -64 -35 75 76 53 2 81 1 -9 -58 -10 -54 76 44 80 -38 99 99 -82 20 3 -64 33 53 -66 95 31 -33 20 
98 99 20 21 61 74 -30 -49 1 41 66 93 -81 55 -22 -3 -47 -13 23 -48 70 63 68 -64 1 65 -4 -30 -39 64 -53 -70 71 84 61 -99 -87 89 20 -68 -40 92 74 -29 73 1 59 33 78 -49 28 -83 40 -54 11 2 65 79 60 97 -7 -28 43 59 -15 -53 27 88 26 20 -89 -93 16 -21 -65 -70 -72 -82 47 67 -21 -48 -38 83 94 2 
32 60 -13 21 -49 68 66 31 76 6 92 -46 21 -49 17 44 83 62 98 -74 25 65 62 2 -66 70 -13 -47 -87 -86 -46 57 59 2 -5 -47 -10 58 -82 -88 -50 -67 24 -47 74 -58 81 77 -99 21 39 -23 -75 93 44 -39 65 -41 16 -8 -23 75 78 56 18 -10 -32 82 99 76 53 54 2 14 6 51 -6 60 -70 11 -63 -47 59 -77 99 -3 
-30 -50 -65 47 -9 -44 -80 39 28 63 -89 89 68 -57 -23 30 -33 100 32 -1 33 4 -26 30 -94 35 -84 8 15 50 -4 -13 27 -63 -90 79 -29 92 19 5 -1 57 82 0 -25 -29 -66 39 -62 59 -21 29 53 1 88 -57 -24 20 82 39 -23 -20 -55 -91 -67 -99 69 -30 -31 -91 42 98 -74 -88 44 -55 -11 65 1 8 4 44 79 -98 74 -58 
-100 97 -4 -55 29 -45 4 27 20 86 -18 -30 -90 -25 -79 -42 19 -34 35 -71 12 90 -79 90 53 83 -57 -81 49 -56 64 -32 -83 83 -78 -11 100 -28 -87 -55 -58 50 -55 78 7 -2 -36 -97 -95 -23 31 91 -62 -36 -44 83 -87 -27 39 -27 24 84 90 -3 -53 9 74 6 -45 24 -58 52 73 -86 80 -27 -54 0 44 81 -80 -53 -22 -88 46 91 
-91 39 64 17 8 -36 -90 75 -14 -10 -51 44 97 -81 -4 87 -1 -24 -82 78 6 46 -19 93 -2 38 38 76 26 92 -20 49 -6 96 -65 46 11 86 -58 37 -85 -12 2 -55 -17 -94 -31 13 69 48 -6 20 81 -57 21 -26 12 12 -40 -86 -90 -22 45 -62 95 10 -88 51 64 -6 6 -71 70 30 -46 -27 45 45 29 -32 42 56 -59 -68 -13 -33 
74 3 100 50 -69 -9 62 -48 -86 -5 96 -72 10 4 96 75 -84 -5 -57 -21 -62 33 -17 -4 -30 90 -37 41 -95 90 82 58 88 -83 8 51 33 -86 40 26 81 -52 -36 93 18 -83 -42 -45 -87 -5 -33 -4 30 -1 -35 -44 -26 40 -4 72 19 -93 -50 51 -16 -56 96 63 -20 -66 -81 -53 -83 29 -60 97 69 -82 -82 -87 62 12 53 7 -90 -85 
-45 -52 23 -17 1 92 94 -12 72 85 -3 -7 -9 -55 96 -64 -47 -17 -61 -82 -18 -70 70 61 12 -16 -90 -67 47 23 80 44 -57 25 82 -40 95 10 -85 51 90 70 -49 -100 62 92 -22 91 93 -54 75 -96 -36 -28 11 98 80 -48 19 -83 55 -39 69 -82 31 -44 -53 33 61 53 56 -45 45 -39 -52 59 -20 -90 -96 35 -74 -34 -69 -23 -60 -42 
37 -58 -85 -94 90 34 -35 -43 -45 -93 63 -53 61 80 -5 65 27 61 21 46 39 -14 -13 -34 27 -43 -16 -15 -22 21 -5 -30 46 -6 -56 74 57 33 99 35 32 -64 71 -27 -61 -42 56 74 -43 -33 86 -20 -42 -63 -96 94 100 19 53 -88 69 -93 -25 -16 -4 99 -92 -41 -4 93 6 -34 -84 5 -90 1 20 69 -11 100 -33 -93 -95 -7 -62 -35 
3 -96 -94 -20 -91 -1 -70 41 50 44 -2 25 44 -28 33 46 -60 -15 -23 -22 -37 -72 33 -13 -32 -72 -48 9 -93 -10 -57 -1 59 23 11 2 75 -84 50 -69 100 -55 -38 -77 57 -39 -79 87 -73 100 46 -33 69 10 19 -54 14 32 -75 62 62 -78 -24 45 24 67 63 65 -82 -85 -32 38 -56 94 -74 -46 92 -20 -26 -99 -32 -48 -10 27 38 -51 
42 93 -95 -99 66 -91 8 7 -41 49 27 54 -77 60 44 30 69 -6 -60 -27 -59 -50 -98 -89 -89 -71 78 -76 83 -43 93 25 -64 32 44 -24 75 -14 -42 62 40 71 98 8 -50 93 75 -87 -61 -63 -31 -62 -3 -11 61 73 -86 -47 6 -100 -76 62 -19 -5 54 -96 56 -63 -63 -61 40 -59 -90 86 14 -67 -48 62 -78 28 17 82 -53 71 88 -92 
70 36 -10 70 -38 -87 -35 3 -27 -84 -53 53 -70 -2 49 -60 -37 -62 -35 86 -27 -4 -4 52 -51 98 53 -62 75 99 -69 84 17 71 48 -71 57 -40 29 -12 27 -41 94 -84 71 53 83 -75 -14 34 14 16 43 74 38 -48 67 -14 -82 -66 -44 -1 28 -15 84 6 90 18 92 -3 86 80 47 29 67 68 -39 -19 36 -56 -51 68 -67 -93 27 -51 
-36 32 -70 -76 -20 -19 14 44 -90 12 31 -85 -54 5 -19 -57 83 92 -100 30 41 23 -97 8 -90 -82 55 -46 -19 40 -86 -8 46 -97 -36 18 -39 -70 68 -65 -1 -99 58 68 48 79 -81 -18 12 -82 -71 46 -100 -99 27 63 -27 65 -78 -33 36 14 -50 75 -100 -21 39 3 -73 40 -92 -3 -61 53 82 54 -71 100 21 -39 -2 90 -23 9 21 -97 
57 100 -96 82 -65 -31 -38 40 -72 -35 82 -74 -73 78 54 -23 -58 35 95 100 -15 30 -83 46 -37 33 -34 -84 -48 75 -85 40 -42 -81 -33 49 -41 -82 95 -58 -42 29 68 -37 10 48 18 23 71 -87 26 -72 -59 85 -40 21 -2 -38 -70 57 -42 -48 48 80 47 -48 -27 -61 63 -90 48 84 65 36 -78 -4 13 -26 31 71 -49 7 25 49 0 -30 
86 -92 -77 8 -32 -29 17 84 64 -5 -34 -20 16 -64 1 51 0 -1 -2 37 -37 -41 -59 -96 34 82 -13 -94 79 -34 -40 -35 99 85 16 -20 5 -92 -49 19 -65 81 -18 37 -99 -17 -100 -83 -8 99 -66 -57 3 -12 -4 48 89 -84 96 57 43 53 -4 -54 9 -73 74 -32 -56 17 64 9 76 -30 -49 -12 -52 -81 67 39 12 86 32 24 -62 95 
-57 31 -72 93 -84 48 52 70 71 -61 7 39 -72 -58 53 47 -29 -72 20 72 50 -9 77 -47 -18 85 38 95 -16 61 73 -71 -94 -94 63 -44 84 -63 78 -68 -40 31 -93 62 59 -62 42 -24 -55 73 -84 53 25 -66 28 -74 -71 -47 69 85 74 -90 -19 -1 15 89 36 38 51 26 -26 -5 1 -86 91 57 74 96 -41 20 98 -13 46 -54 66 58 
17 14 -37 76 62 -89 21 -57 59 10 -72 -16 -64 17 73 15 33 59 -85 -6 24 21 -45 42 -35 -73 73 11 -53 -96 89 -100 14 -37 -52 80 62 -95 43 -81 14 -74 -84 -93 -85 14 90 -34 66 -46 -50 -84 -76 -68 -87 36 81 -6 -54 71 -35 -75 -9 -17 67 12 95 -2 -20 -78 94 -52 43 -95 14 47 -49 12 74 -55 50 58 -63 -35 -4 68 
100 -10 -35 -18 15 -82 9 25 80 15 92 -86 19 5 74 52 -72 43 -48 -65 -76 -100 85 -14 -78 -84 -7 -33 -69 -59 15 -98 -60 13 -86 88 5 -72 -9 31 -45 -20 -42 79 -3 41 -84 -98 -61 -99 6 -34 -91 75 -18 67 68 66 -23 -28 -37 92 -63 42 -29 -67 46 -75 15 -52 10 74 81 -84 4 -35 37 -92 25 90 -82 30 79 -67 78 99 
83 -81 -20 38 62 -18 -81 -18 -92 -30 47 -16 41 65 -70 -10 26 -44 99 52 78 7 -95 -29 -71 -45 95 -55 -73 -81 -6 -51 -25 -3 38 93 61 41 -16 -81 -14 -57 45 30 -14 -32 -79 -64 30 -45 36 43 -37 -73 -83 -86 -12 -64 -60 -75 -27 -22 53 97 91 -85 42 -28 92 9 -33 -38 -77 -58 -96 -7 19 98 -91 39 97 -37 -35 77 98 -63 
26 55 60 -88 -36 82 -49 -24 -77 56 99 -48 3 94 88 -19 -14 -14 62 25 -99 28 68 13 -24 -76 40 -88 37 65 -45 -69 84 69 -90 -91 -90 -70 -86 4 45 62 -94 -89 12 4 92 15 -67 82 36 85 9 -51 1 -61 -72 -52 99 -17 -72 59 -74 -95 49 -78 33 81 -45 -61 15 60 -47 47 7 -78 84 -42 -48 -52 -93 69 -14 -95 1 -50 
69 -18 18 57 -74 -6 -86 100 21 31 16 -88 99 -62 -98 21 35 -55 9 -1 46 -4 49 52 6 81 19 78 -67 -65 -66 -21 6 -97 9 85 -43 33 55 -7 -39 -51 35 -38 26 67 26 100 -8 40 -46 17 69 62 57 92 -78 -59 -36 55 -34 39 -27 -46 -28 55 -100 -68 -66 19 97 -27 47 -80 -39 30 -78 88 21 80 47 83 69 43 48 -71 
-28 -92 -35 -29 -78 43 31 82 -50 -64 59 -37 -46 61 -97 95 -100 34 62 39 99 -81 51 2 91 -67 -62 36 6 -3 97 14 94 -85 -19 -13 -23 -31 42 94 -87 -57 -68 26 -32 74 23 15 -70 -47 -40 -86 9 -96 -28 -59 -3 42 20 2 -67 43 93 -11 64 -47 -47 68 52 -33 -5 -50 -44 21 -10 62 -89 16 -100 -94 -39 35 -70 58 -26 -43 
-53 -12 45 -47 -85 -22 -56 -1 -44 -90 46 84 74 -79 -78 -89 -55 52 96 51 58 -85 100 56 -22 69 12 -8 -2 -62 -75 88 34 -43 86 -1 35 59 -68 -70 -67 -39 98 -28 -60 -86 -100 77 -12 -42 21 -29 47 -22 40 96 -98 -87 83 -51 -93 100 23 -67 -17 51 -53 -76 12 29 -23 88 -23 -76 -46 -91 -33 45 -64 -37 -84 71 99 -21 -97 100 
59 -52 -54 -21 -70 33 84 -16 52 -74 -73 -79 35 -26 -10 7 -95 32 -57 63 -80 -61 22 -28 91 48 66 29 -58 53 18 20 -51 57 -94 39 39 -13 32 -18 -81 -62 77 -42 65 -5 -10 -78 6 50 -23 -7 62 6 -77 -65 -14 1 -58 46 -60 52 76 -51 -90 -28 68 86 29 -26 13 27 -31 64 -47 -71 61 -3 23 100 -36 56 -31 -91 4 -83 
23 -60 71 78 -7 -34 58 -22 21 -39 -55 25 78 57 -81 97 -93 -31 93 91 -21 -48 -66 80 33 -32 -35 38 0 -52 -7 -65 37 76 6 -24 51 -49 81 32 55 35 -98 -39 91 47 -80 -44 -95 1 67 41 -94 16 37 6 -58 -10 55 87 2 58 2 -36 69 -57 31 -31 25 -4 -63 21 -96 -41 37 -33 33 -11 83 -8 -63 5 30 -43 -41 -14 
33 -88 65 -45 24 -80 -33 59 -51 -21 -69 -63 -62 55 69 79 -23 4 73 40 2 51 28 45 -27 99 73 -51 85 15 49 -93 -100 99 -20 99 97 -7 61 55 -27 2 59 -82 83 78 -59 21 64 57 7 -31 -37 29 -9 -96 -84 -87 -30 65 -6 -29 16 88 -41 61 76 -68 47 98 -9 88 59 11 20 -60 -4 21 -58 -48 -31 9 -44 -60 51 -89 
-9 -59 -97 7 90 19 3 -7 -5 -16 14 55 -54 -51 -32 -51 -16 -52 20 3 65 28 94 71 -100 29 47 8 -65 83 24 -15 30 37 -33 -72 -45 -37 54 -27 -5 69 85 -50 -87 -55 -32 73 53 -35 -6 -12 82 -94 30 94 23 -53 55 4 37 91 -18 59 32 49 83 46 -65 -16 -34 75 65 49 45 18 1 58 70 -87 88 17 -69 -14 -19 29 
-57 -53 7 -26 41 56 49 22 81 97 62 61 26 -88 67 27 -23 -39 -33 61 -94 54 -15 -19 -66 100 84 -35 -98 55 -7 97 62 -50 -90 20 -54 -77 15 -66 -3 69 -6 -33 59 62 97 73 -57 59 -59 -30 -46 -9 92 90 92 -19 -65 -44 -51 24 -8 -49 86 -22 84 -33 70 -88 60 -100 9 88 -85 38 79 34 -21 -16 -13 2 21 5 76 93 
25 89 -2 -74 73 3 -50 56 -19 -61 -67 -25 -88 -95 32 64 -5 -39 58 9 29 81 88 32 -72 -91 73 -89 46 79 51 -11 96 -72 -57 -15 19 77 -14 15 -46 0 24 -54 67 -28 -75 -97 49 -5 -18 77 -65 -33 -76 -47 23 -93 -76 58 71 -92 75 96 -78 -56 -64 63 28 38 -82 -86 -73 89 11 -45 -33 81 -2 22 76 90 39 27 76 -32 
-74 65 -69 70 -40 100 -24 25 53 16 -16 7 98 -81 -96 -31 12 68 36 -42 55 10 54 -22 74 72 -15 -25 -57 82 92 -51 -55 -14 -19 -22 -68 70 -28 12 67 -17 -42 -52 -78 -40 100 -2 -73 -28 -50 -15 56 0 74 77 -33 -3 -43 6 93 61 -97 25 45 74 43 47 85 -21 3 58 20 40 -10 -99 -100 23 38 -20 5 -4 -29 -95 16 -26 
-31 -81 20 30 19 7 -39 28 -98 -80 -100 -77 17 -93 -52 -35 2 70 -45 -54 12 -85 -36 45 21 -91 -35 -8 32 -16 11 -32 90 -82 -54 63 -39 68 -19 3 -88 -3 90 55 -15 -71 -23 -40 35 9 93 90 93 84 -64 -27 13 -51 8 -25 -20 4 1 -26 -6 -79 -60 -9 -26 -95 39 -32 18 37 -77 25 5 74 7 62 -46 90 54 57 27 44 
6 -80 -44 -12 74 -29 22 -61 43 9 -10 66 -9 40 11 17 -37 29 -97 -70 -79 78 32 45 6 -83 39 -8 92 67 17 -5 -40 -56 8 -41 -98 -30 -5 -8 -61 74 -47 47 25 98 71 9 79 23 70 34 36 -38 -25 19 59 1 93 44 -31 72 87 -14 -61 -64 -32 -2 58 -31 48 63 0 66 -13 -74 -69 42 -78 62 49 -59 54 27 58 -7 
34 67 25 -76 -22 -86 86 7 -60 72 -56 80 24 -100 97 -39 -45 -9 81 -26 -83 64 35 -79 39 16 -22 -20 -72 89 -74 -68 70 10 49 -22 -33 -19 51 16 -46 39 -72 -38 -62 -76 2 52 -64 -72 86 -62 -85 -76 -99 78 16 -40 -84 25 9 -78 -22 4 -95 75 32 1 13 0 67 19 -86 -6 81 19 -3 -55 -31 95 -91 -74 52 84 70 -29 
-79 76 -87 -74 -84 51 80 51 -13 36 65 -87 62 47 99 60 -4 15 -20 -62 50 -27 -40 49 -3 37 0 -42 41 -83 -24 -18 -54 19 -21 -18 90 -38 39 -85 99 40 81 -61 -2 15 10 78 95 23 2 87 4 2 65 34 -67 91 33 -41 -33 7 81 -10 -50 -68 -66 52 72 -53 6 -67 -88 9 53 77 24 -20 -30 -11 25 1 -38 -21 40 -92 
35 -3 -18 -86 85 -98 86 -31 45 -33 84 -25 2 -85 80 -35 -50 69 100 -45 -78 12 -1 100 -34 26 44 14 -30 -60 71 -31 97 80 8 14 -41 33 57 37 2 14 -95 65 51 -60 38 15 -66 12 18 22 -10 -21 74 98 -72 36 -39 -76 -74 -19 11 30 91 -3 -99 19 33 -54 -19 -10 -55 51 -80 -8 -31 100 -13 16 70 -83 -28 80 -46 -19 
-35 41 -52 41 74 29 1 -57 52 -16 45 78 -49 59 70 -23 57 -33 61 72 -67 -10 8 9 64 86 49 100 -88 96 -2 -55 -63 -53 6 -10 79 26 18 -66 23 -100 -1 -8 68 -75 54 -29 -48 -23 -20 32 2 -52 64 -87 18 23 -69 42 -74 42 41 -17 45 18 38 -47 3 26 64 -80 44 -79 91 32 13 -59 49 -20 10 13 -15 -40 71 -70 
73 87 97 36 61 16 -14 24 39 -88 78 14 3 -3 -37 32 -48 -8 73 24 -25 -69 -58 49 63 33 12 0 -20 11 100 -72 91 -21 64 -15 82 2 -38 -3 -100 -59 -25 -43 47 19 100 -68 1 95 34 -99 -75 -57 42 -36 -98 74 79 -54 71 -24 -32 36 -58 30 43 60 94 85 14 -43 99 -81 -61 75 -79 -1 -19 99 -19 87 -55 46 17 -95 
-21 -94 26 46 69 -8 6 -54 81 46 54 -72 41 -76 -3 -14 46 19 9 -2 -82 -94 39 -33 -14 51 -81 3 -19 -91 -25 -40 -43 31 -15 23 76 92 -73 -74 -61 71 -49 -12 92 -96 -17 34 71 58 -72 -45 29 76 -17 90 -38 29 -28 -47 -76 -83 76 11 -25 -2 -28 42 23 -42 30 -44 29 -12 0 -25 93 -20 -89 66 11 57 -19 77 -87 61 
16 -39 -49 -21 -96 26 14 -92 97 -59 -11 37 -5 -13 -1 -13 30 35 12 -91 0 -9 -2 -26 -67 14 100 5 55 16 -68 24 35 31 -100 -2 -54 -82 22 -76 78 -88 -11 -52 -82 -75 47 -12 7 93 34 -80 79 64 9 -43 -94 27 63 53 62 94 34 -91 70 -77 32 -59 42 83 34 77 -67 79 -30 -92 -24 40 -12 -47 -69 -75 98 99 90 45 
79 -67 -6 -25 59 -76 -2 84 -84 32 89 89 8 92 -15 45 -93 -30 -35 -72 -29 3 2 58 11 -19 30 -79 -11 2 5 14 1 -51 -32 -55 -1 -24 -82 -11 -87 42 91 18 -52 -67 -52 -64 -16 -52 38 -9 -98 16 35 -53 -16 -18 91 -45 -26 -22 21 41 -26 -14 -9 -91 -30 -28 -42 -95 -22 83 -43 68 -10 54 -8 1 20 -14 -5 25 53 99 
83 -11 -16 94 87 20 -98 -39 -54 94 -5 67 50 -10 -9 -93 -33 21 -68 67 93 -94 9 31 -29 -87 83 -26 50 -31 -25 95 -28 20 8 30 62 24 -74 -82 62 -25 -27 57 -75 -99 -22 86 -95 99 67 -98 66 23 77 6 -79 -22 19 -12 4 -28 3 -61 -100 -37 90 86 -76 -14 -25 -5 12 -61 84 -75 -46 -69 82 4 89 64 -37 -61 1 -49 
-23 4 96 -67 -82 -56 95 91 -99 -26 -26 66 -48 -22 98 34 53 -86 -35 37 -62 95 -65 50 85 95 -57 -96 -91 -47 -86 71 19 -31 72 -15 68 57 -21 -39 -57 -68 100 31 -26 -60 -9 -43 -67 -36 -40 -99 41 -93 73 -38 -15 63 73 -68 87 -38 100 -2 97 8 -31 -48 -100 66 -64 -55 -82 -19 15 -91 80 6 -34 -85 -66 99 64 -98 63 82 
-85 90 -22 -7 -27 -85 -95 -21 -39 -74 0 52 35 41 20 76 55 -59 -74 -52 -85 77 45 42 -72 -5 -18 -83 69 46 -96 26 89 -65 18 49 68 58 -40 38 -56 -97 -70 19 33 71 -66 -89 -52 -26 -55 -56 28 -23 -63 -26 21 -78 64 66 61 93 -74 -46 6 87 -8 -68 33 60 33 18 -85 -57 -96 -49 63 -9 -35 -16 -47 -44 -19 -73 73 54 
-40 14 29 -20 65 -36 64 -82 -87 2 94 -94 -30 -5 -4 -23 11 85 36 -60 -83 97 21 -3 52 28 -3 18 -45 64 80 -9 -13 -28 -53 -22 -59 53 -97 47 65 93 -17 -57 63 13 34 -100 -38 29 40 66 52 69 -2 -19 46 -60 -94 -40 62 66 43 -58 95 -23 8 22 -13 -81 -37 -28 61 60 18 -50 57 -49 -21 42 -26 -27 -45 7 85 2 
68 36 50 52 84 82 66 -2 -82 76 -9 -22 -86 43 78 91 98 -44 58 16 -71 61 61 -49 80 -58 -10 28 24 99 45 -17 -91 -6 84 -55 -75 -72 71 97 74 -46 99 58 90 25 -43 -43 -65 -39 63 82 -78 -75 -75 -45 26 -18 -33 -33 67 99 74 -21 29 24 -44 50 4 60 30 59 74 -71 16 27 33 -60 -88 64 0 -90 -23 100 -55 66 
-75 52 -76 -40 -20 -7 -94 91 -74 -60 -50 -100 -37 39 43 -6 -21 -52 -81 -81 45 75 -5 80 32 -23 65 -63 -16 -77 -1 17 20 -88 -14 -13 1 -19 -25 99 35 1 -31 -9 -61 -44 -38 21 53 70 -77 56 -4 -98 94 -53 -2 29 -29 -94 94 -62 -7 -92 -34 -5 -85 -68 16 -84 78 -79 3 -45 -30 -33 35 -7 61 91 80 58 91 15 -89 21 
12 -100 79 81 36 -27 82 46 -11 -23 69 -60 -87 -4 24 98 -49 25 -75 -74 5 -74 -4 -62 -38 66 11 -63 78 -91 -41 26 45 -4 -12 -93 -22 -29 48 -58 38 12 -21 86 31 36 73 91 -75 10 27 20 93 -11 -24 -66 14 10 -71 -52 -84 73 99 -24 -43 39 -97 -32 -26 83 5 56 -90 39 -72 72 90 -46 71 1 71 90 -22 -84 -83 -40 
-8 10 -59 -69 37 -15 66 -48 -81 20 55 -64 49 29 -69 -59 40 80 -88 86 19 15 94 11 94 -60 9 83 -9 38 60 -82 68 -88 -52 68 -26 -84 19 -10 96 -36 13 -98 84 -14 53 65 -37 -88 -48 -64 -61 -75 -32 29 -84 17 -41 -25 -73 -30 21 8 -29 69 -16 -78 -29 -50 96 23 25 -67 69 17 19 -11 62 17 73 -9 -64 -39 -59 36 
-64 -17 33 71 90 49 -58 4 -20 -31 -16 45 55 92 -74 -60 43 9 65 -65 72 -62 21 -100 -87 -44 -45 -59 75 43 -54 33 -80 86 -93 -25 -42 71 -53 20 -52 -79 -78 -11 -8 97 -31 89 -36 24 -77 -34 -8 21 -48 77 27 13 61 -41 -97 -75 -99 -3 -64 98 -37 -13 17 -49 -1 61 -51 -22 86 68 -26 -43 -99 -13 10 -1 86 -42 -3 29 
1 70 -55 -2 58 16 -22 12 -71 -64 -96 37 -54 -80 -55 70 59 -66 -1 16 -90 84 59 -84 -76 -48 -4 -40 42 -74 27 18 -2 57 20 -12 7 48 28 80 17 94 -88 -82 39 12 44 13 -15 -91 71 80 -8 46 58 -96 32 49 -20 -84 -87 17 92 52 -32 -61 -23 -42 -71 54 -20 -55 -99 90 -62 40 -63 2 22 -68 90 41 47 -58 -77 67 
24 -38 56 67 26 -100 21 -16 73 -65 16 19 98 -28 -68 99 -46 -98 -53 -18 -72 91 81 -23 -15 -38 -71 37 6 42 48 5 42 -53 -28 -76 18 10 -98 -66 84 -55 -88 -5 -62 -21 29 64 9 -42 66 -72 -62 -84 0 11 -86 -41 -93 -43 61 35 -25 -5 -29 54 -47 -19 -90 48 -79 46 46 23 -58 -63 -86 68 75 -54 29 -18 -71 -51 -32 7 
-36 -77 4 -94 -80 53 -82 19 -33 -31 -60 11 -12 -74 -15 -45 -66 -3 -80 50 20 -19 22 -76 90 -82 3 -84 -70 -99 24 83 -57 -10 83 -22 5 37 -58 69 -72 10 -97 96 -8 -75 41 -84 -14 86 2 4 16 -7 24 54 -100 34 -12 -100 -22 2 -86 4 -24 62 -99 29 -69 -59 -57 58 -21 9 91 76 -9 -5 -13 -15 -82 -57 -74 96 -65 24 
71 -4 -86 84 81 88 96 -89 78 -11 -50 49 48 -10 -46 72 -31 -76 -78 93 22 -30 98 -18 76 -15 65 45 -21 -79 -73 11 92 -37 -27 -94 -45 96 -97 -83 45 100 -67 -1 -25 92 2 -75 -32 31 95 -91 69 -18 -2 76 33 47 47 20 -73 16 -66 31 67 16 27 -94 70 45 99 73 -75 77 -74 51 22 -64 74 20 -94 -29 -32 -13 -78 -97 
-58 -80 80 50 59 43 99 5 73 54 -82 15 92 -93 96 -28 33 50 -59 -40 -90 -73 33 56 84 -11 66 -35 -21 46 16 -1 -6 -41 -43 -37 14 -4 -69 67 62 -63 -61 -91 -15 27 -4 43 -82 79 23 94 64 -47 -83 16 3 -72 78 -43 -43 84 -100 -56 82 38 83 -8 18 45 -23 94 21 35 -19 56 -66 36 95 -20 -100 -38 9 72 -18 69 
-25 -94 52 -32 -47 -3 -61 -29 75 61 12 31 61 11 4 -7 74 -92 -71 30 -16 -86 15 -13 38 100 -55 79 -43 -28 -39 62 99 -74 94 -64 -52 73 -73 13 -79 -54 76 78 39 15 56 -50 -40 32 94 -57 -25 78 -81 -24 -8 -43 50 56 -43 75 -19 -55 90 2 -76 -46 58 -68 -73 -80 92 3 -23 -58 -47 55 82 -27 -73 -96 81 69 94 -10 
98 20 94 -52 18 -21 60 -78 12 5 -38 -39 -87 -75 -79 -42 45 4 53 -31 2 40 -83 87 29 -66 56 16 63 -77 88 32 29 79 -23 83 -52 -74 99 -36 12 98 -98 26 46 -99 91 -28 -50 73 -21 29 58 -69 67 -95 4 -6 -74 78 16 33 -51 -49 -28 -17 -91 45 59 -60 36 90 -97 -40 -30 -29 10 43 -97 -4 1 56 -42 46 -52 75 
-16 98 76 65 39 61 49 -23 -89 67 -10 61 -51 -58 57 -31 -98 -52 -15 26 -50 -48 36 7 -11 99 95 29 40 -81 -68 -34 30 -24 39 25 92 -72 23 24 81 -44 -95 18 -31 38 94 50 -47 -36 -24 100 53 -61 -63 -67 67 -5 -34 -84 -47 56 7 71 11 -69 -87 -81 17 -23 48 23 -11 24 77 18 94 -42 -75 8 -81 -77 2 89 -42 -21 
95 -1 -27 27 -82 -2 59 21 -78 98 -49 16 -3 -80 35 25 -67 -68 -19 7 -85 17 52 -44 -41 1 88 17 50 -4 65 -87 99 81 -10 -99 -93 35 77 9 35 -33 96 97 9 -81 56 11 56 -35 -87 47 -86 -54 59 30 -57 -21 -40 57 -29 -34 -68 20 78 -67 3 -88 97 55 0 -13 -22 72 -29 -58 -69 70 -89 -58 -17 -87 42 -34 17 52 
94 -44 47 37 -4 -12 58 -57 -34 -89 -54 -81 3 -85 24 12 -27 -96 -72 -24 -17 -28 -99 -22 71 96 -86 36 32 -98 55 -21 14 84 46 -67 92 -64 14 35 -85 -41 28 -36 -84 -67 88 47 -80 -64 -62 10 66 96 42 -60 96 -77 82 35 43 -61 -79 18 71 31 -64 5 -66 94 -55 -64 0 26 50 -98 -5 73 -10 -75 83 35 -40 12 -35 -87 
44 13 -23 -37 -86 38 84 14 11 -64 53 47 1 46 -4 -66 52 -44 -95 -81 -80 62 13 70 6 -24 99 19 44 -52 -70 -98 96 0 -90 50 -42 24 59 8 -47 -66 -13 82 -38 -74 53 38 -67 -38 53 55 -80 -69 38 -63 -93 -90 -98 68 -79 -58 -17 -27 53 -38 -45 -72 -82 55 -76 61 54 -69 -34 -32 38 89 41 -26 48 -28 88 93 -25 59 
-92 58 -40 -14 18 -47 -85 36 -95 53 -37 -7 77 25 -48 91 -19 -66 31 69 -70 55 -73 -77 -58 50 -11 63 -46 81 52 -98 -78 -91 -21 -94 7 -20 -64 -55 -58 87 -74 -27 80 -80 -14 26 36 -67 19 -49 -22 14 5 23 -92 71 60 76 -78 -22 26 44 -50 1 56 -87 -28 -87 -100 -93 81 84 12 81 19 -81 82 50 -4 81 55 8 36 38 
-61 68 -47 68 16 -53 -90 -25 -25 -87 99 40 -10 -36 23 -39 87 -73 -56 11 64 46 6 40 -78 30 -18 -93 85 87 -5 -31 79 -59 -54 28 -42 28 -95 -3 2 -71 47 -55 5 54 -25 -6 -29 54 -96 39 63 -5 -12 81 -38 -32 78 -67 11 60 -82 -33 -47 -20 -82 -3 -55 -23 -16 58 -80 -63 -10 -87 50 17 81 -25 43 -39 -74 -63 -35 -54 
-76 72 -20 84 -62 -73 -49 -67 -88 -45 44 -13 -81 -5 -45 0 -69 100 -70 -74 -95 15 2 84 37 72 -4 14 -93 24 -86 -48 42 100 -50 15 -53 45 39 100 -38 -95 -73 -48 92 30 -92 -92 50 -29 99 45 -83 96 49 60 -31 -68 -86 30 69 60 23 78 -75 12 78 -49 26 53 -10 -98 41 -43 29 72 86 98 0 73 79 2 -12 82 -61 -87 
14 7 -97 41 67 -21 87 -60 73 36 -55 50 88 -69 39 84 -93 -8 75 72 -2 27 53 -82 99 -51 99 -36 87 -42 -26 -19 -23 2 -96 -65 59 -65 -88 -96 -57 10 -26 -42 -67 68 62 -33 -96 -56 -12 -35 -94 -34 -76 -36 -17 -2 -2 -74 -71 -69 79 -65 27 49 57 58 -11 6 4 -83 100 82 79 29 14 54 -68 3 9 -80 -99 -60 57 39 
-82 -29 -35 27 70 -54 33 5 35 69 10 -84 61 20 -44 71 -67 -20 69 35 -95 11 55 75 -77 50 -1 -66 -43 80 -89 96 -68 84 -51 76 22 7 -35 -41 0 40 -88 77 76 96 38 45 -49 68 18 84 51 18 95 64 -4 -33 59 -75 56 -49 -54 73 18 4 -39 -28 28 -6 74 85 54 -62 -5 69 68 -73 -4 53 -61 33 21 68 -83 89 
46 -36 -78 61 -33 72 59 74 -39 -93 -67 57 -68 -13 29 -43 -90 80 -31 -11 -50 -29 -35 -84 -26 29 -84 49 34 12 96 53 -98 -17 92 -59 13 -84 62 83 71 -19 -15 11 0 7 -77 26 7 -43 -57 48 66 -8 -86 22 19 70 -26 -36 100 74 97 -98 -74 -4 39 85 -64 38 81 -77 49 92 -3 -75 49 -49 -76 -100 -5 -31 92 47 -84 69 
92 48 76 -75 -74 42 20 88 5 7 74 99 -54 46 48 31 5 -16 11 61 -91 42 84 60 -7 -7 -15 -69 5 84 -95 -62 -30 84 -17 -14 -17 -34 -51 1 35 48 61 -37 -74 91 78 -75 -27 3 92 -85 20 -44 -56 31 37 -40 84 -29 27 -6 35 62 36 -16 -75 5 -60 -65 -41 -29 47 88 -87 84 -70 -81 49 22 -98 -24 11 53 96 92 
-62 75 -58 -28 -83 75 29 -64 -20 31 67 -93 -14 70 43 16 -69 80 -23 9 53 -19 -77 -92 -71 -82 0 -69 45 -71 -76 -61 74 64 18 20 7 58 71 100 38 14 -46 87 -83 64 12 34 -94 73 30 44 -77 95 2 0 -36 -56 -74 -94 20 92 96 -42 -89 52 -24 78 35 -67 -100 75 34 91 42 14 99 -81 -98 -18 -28 -75 -30 -33 -100 85 
-78 -45 30 44 -7 93 -23 -79 63 96 -82 45 -85 86 -86 -94 -9 -95 -4 34 54 6 -28 65 -86 -87 -45 -37 -59 35 40 -28 -86 10 23 -38 -98 -22 100 -74 -7 8 -17 -67 53 41 -85 -87 22 -57 94 -34 -55 30 -88 15 41 -4 -46 -81 78 33 -87 -12 14 -13 67 -18 80 -86 62 -4 41 -45 -62 -71 0 -32 -24 -12 -15 84 47 70 34 64 
19 46 23 56 -79 51 41 -81 -19 61 -68 -85 -91 -85 -96 -73 -54 1 9 -96 -59 66 -59 -59 -21 -75 100 17 -61 76 -89 70 -49 75 -17 84 -11 -65 6 -16 97 9 36 57 -66 41 -35 5 76 -91 45 -9 -30 95 59 80 -91 69 -8 -6 -93 -46 -67 -54 83 74 17 -70 92 -23 -33 95 59 82 16 86 10 -50 -72 -24 21 47 11 52 17 -38 
-50 56 -15 43 -13 70 -15 -78 -63 -57 96 -74 25 11 89 94 -4 65 -62 49 80 -68 -93 -60 -21 -86 13 20 96 14 -50 -85 52 -21 -40 69 -30 -43 -75 73 -6 11 94 -19 -12 50 -22 -35 64 58 -45 -17 12 24 -43 12 -82 40 44 -11 95 -53 82 92 57 74 -99 68 98 55 72 8 30 62 -36 -8 -66 90 9 63 24 56 -26 99 22 -12 
-77 63 90 -8 -39 -52 -54 -64 -9 100 -21 50 48 46 -9 94 -39 -59 -11 57 -51 -48 -88 -19 91 88 -42 -73 58 85 60 8 58 45 8 50 4 -39 -32 51 -39 18 66 16 -70 -31 74 -51 -24 69 12 67 -84 -20 46 48 -3 -12 70 -2 94 -59 60 -58 83 10 -79 -78 -62 -49 -41 96 -77 -58 -40 75 79 -24 -11 -74 26 -58 7 -98 -55 -23 
-9 25 20 44 9 -75 -90 53 63 -9 58 68 22 -61 -24 93 6 9 58 4 -89 -76 97 -79 -30 -40 79 20 40 -82 -42 -49 -65 67 -90 -78 87 81 84 -71 10 76 58 34 93 61 -52 12 38 -13 -46 33 -21 -70 13 9 -70 88 26 -25 7 87 69 -37 44 49 83 -98 66 23 -76 23 17 -31 97 -54 -53 -63 -94 93 -39 -96 -15 38 90 -40 
-46 15 6 -11 93 -34 89 -5 -30 31 45 69 -10 -25 98 96 11 18 70 -6 13 -86 64 90 39 -65 -31 66 81 -64 88 40 100 32 -16 98 -19 -75 -22 -82 -52 15 21 97 -72 -97 -63 0 51 94 54 8 -51 38 -43 -66 4 15 44 4 -80 56 -63 65 -2 -76 68 20 63 -85 -7 -45 -15 2 28 -21 -49 -32 -3 -49 -66 63 46 68 -9 64 
-56 -66 -18 -89 84 54 -27 25 73 -8 -25 -8 74 -3 -1 89 16 -50 -23 -74 79 93 -38 -80 -71 62 73 31 100 -70 -1 100 4 -53 49 19 10 78 -89 42 -62 -67 -6 -8 84 -95 68 -29 -42 67 47 43 -99 -4 34 64 -91 0 73 82 -12 -23 -92 -16 70 -59 60 40 -27 64 -34 32 -10 25 -32 -15 -32 -97 -39 -94 63 -42 83 -22 13 -73 
-21 97 86 -71 50 -15 41 26 -88 0 -25 -38 64 3 -39 -72 55 82 -71 4 -83 72 60 78 93 -32 -75 -12 -91 -60 14 -81 19 -59 -74 77 80 -75 91 71 69 94 32 -30 69 -84 26 -63 -39 -87 3 -89 26 60 56 -81 -26 76 56 -13 -70 57 7 39 53 -74 99 -72 -69 66 8 9 -16 -100 -45 75 -56 -3 -41 34 78 -69 -22 -99 -96 83 
-78 64 -96 89 6 -76 18 12 76 51 -94 53 86 2 94 15 55 -62 -21 -90 29 94 77 -68 -77 90 -1 21 -59 71 44 -71 -30 -46 81 -46 -10 -94 16 -73 -6 67 51 -83 -69 1 84 -60 -83 -100 -68 -50 -41 54 -97 -30 -99 -100 89 -99 68 52 72 87 -67 69 6 -24 74 41 -61 84 50 100 49 25 -18 -6 42 -65 -87 92 -59 3 26 -81 
6 36 -9 -79 36 -7 -84 -70 12 95 -23 -31 38 93 47 31 -61 -71 83 -84 -96 99 -51 26 -27 30 77 68 26 40 -30 13 32 93 -87 31 -61 -56 96 59 89 11 53 19 -19 -78 -76 33 -86 -56 6 99 59 -16 -74 -100 -94 2 -83 -84 44 -53 -75 14 70 58 -75 -7 86 -46 52 12 -22 -13 82 19 5 -28 29 48 -66 -74 85 -14 -15 -48 
-82 -49 17 34 56 -74 52 14 45 46 -37 75 96 -49 97 -31 -15 -66 20 2 -15 -36 72 11 45 -31 65 -4 -60 -58 -79 42 27 82 56 -23 -64 -75 73 -44 56 -55 71 45 75 59 -22 -76 79 72 65 16 44 18 38 6 -37 -82 -97 -83 -79 51 10 -95 -42 41 97 2 -84 6 63 -91 -72 -30 -39 2 41 4 32 -47 -39 52 30 -76 14 3 
57 76 43 -10 -35 -17 -99 79 -29 91 76 -31 -10 -41 24 84 36 -90 62 37 -84 -39 -68 65 -78 46 -13 -49 -47 -67 -97 -35 -39 -97 13 28 79 -79 84 21 -60 -21 -28 33 -18 29 -45 -71 30 40 85 -56 11 48 9 6 63 -23 38 -95 95 86 -31 56 -54 72 -7 -32 84 -31 87 -33 81 61 -49 75 -6 79 -15 -58 -6 9 75 -17 -54 4 
-3 -39 -9 -26 -2 4 34 -41 23 31 -66 -2 -48 -42 87 -90 -52 -2 -91 60 -80 59 -85 59 62 -2 -44 -46 39 31 76 85 -35 -91 -25 -32 -39 87 -21 16 47 -85 37 -96 -8 90 24 -64 -8 100 -39 99 87 -80 -44 9 -80 -67 -38 30 -25 -72 69 -81 -61 25 9 74 41 17 -91 22 -12 -98 46 -18 -43 69 -74 -84 -79 -41 1 -80 74 77 
14 1 85 53 -44 54 -73 41 71 -31 -66 -16 86 5 -73 -36 -18 -35 42 98 31 33 -19 88 -60 -6 -19 82 81 -7 92 -72 -49 90 76 -70 66 -96 85 -43 61 97 -11 -58 -92 -71 46 7 22 54 -74 5 59 -85 4 91 -40 94 85 -62 98 -31 20 72 -17 -94 66 -69 96 21 -33 23 -9 84 62 -91 -16 -11 5 -7 83 55 -4 -38 21 69 
-76 93 58 -51 -33 79 -61 -19 97 69 81 -92 48 -81 64 -48 -41 51 -65 64 77 10 -100 27 53 -23 -18 62 -65 -34 79 -68 -69 -67 22 49 4 82 -13 -4 31 -93 84 -35 31 -50 -3 63 -18 -73 -39 43 40 30 -66 -26 -80 16 -40 5 56 -56 79 -99 57 -53 -94 -9 -99 -29 -45 -1 53 81 -21 5 -84 34 83 31 3 47 14 -2 94 -53 
-50 -63 -25 -68 -33 46 -84 -38 -26 -27 20 -95 29 76 4 61 -17 91 51 -99 -20 53 97 95 -44 -38 47 29 -16 58 -51 -84 -23 8 58 -58 19 60 47 44 17 31 38 82 -76 -64 -72 26 20 -91 96 93 35 75 -71 98 -35 -7 -14 74 19 -45 60 15 21 65 -19 58 -19 95 -11 -90 66 71 -24 -9 -37 -35 5 49 60 22 92 -94 29 -96 
41 -30 66 2 -62 7 73 -27 11 -46 61 -5 69 36 -72 -16 5 -13 54 12 22 100 13 36 5 -18 64 85 76 69 -84 -5 52 90 -19 -33 35 42 67 3 -40 4 -70 65 40 18 -76 -71 45 -14 -21 -97 38 -98 -36 -38 20 -94 95 77 -11 8 -2 88 82 -30 10 -13 55 -51 21 -47 -56 27 77 -93 -51 10 28 25 -24 -57 -51 -88 -8 -19 
61 2 28 -61 79 -98 96 4 71 -90 27 61 43 -14 -75 -58 -57 -31 83 -70 -85 13 -28 53 27 22 -67 -56 54 60 29 29 82 51 65 90 31 -36 -26 78 37 97 -80 -1 19 -60 -10 9 56 44 -1 -26 -45 74 -73 -11 -11 -77 -28 -99 42 -16 51 -56 82 -15 27 20 -90 8 -89 -7 75 29 -45 70 50 -10 -55 -83 -82 -95 87 -50 -34 -3 
70 55 48 69 49 -90 20 61 47 60 91 -13 34 -96 41 -18 59 -98 -83 56 -49 -31 -69 10 32 74 -60 -66 45 -89 28 66 56 86 97 -47 -53 -31 62 43 -68 -79 60 -77 -31 -11 -92 81 51 -44 -46 33 79 -71 26 -65 -86 -12 -9 -89 12 31 64 -85 27 41 -20 80 35 -26 88 -44 -61 66 25 -45 33 -7 69 -8 -20 -42 -70 -63 76 97 
-25 32 6 -45 48 -7 67 3 53 -89 -71 36 85 -91 24 -75 -1 -81 -87 -6 62 -99 -76 -18 42 26 87 29 68 -48 29 -83 -64 -30 73 42 -10 21 70 33 -13 -11 -15 0 76 -21 -51 59 -56 19 62 93 -36 33 -19 -87 -84 62 -43 15 97 37 37 74 56 60 -50 -17 39 58 34 60 49 -44 -92 -6 -59 22 52 -10 82 -39 57 -1 59 21 
99 57 28 66 80 14 -4 0 -55 43 5 18 -73 -7 35 -49 -68 66 -68 -12 -19 47 -23 -84 91 -62 -80 66 40 -32 42 68 66 97 8 22 -84 -13 46 70 12 -61 -38 -89 -8 21 11 40 27 -13 -6 2 -97 2 -25 22 -46 5 21 -94 94 36 -90 35 72 -3 -86 -100 29 -57 -52 -34 95 -64 -47 29 59 91 -87 17 -55 91 -10 69 -79 -11 
-37 99 93 -17 13 -22 43 73 -91 14 -26 58 9 -25 -79 -42 99 19 -34 -25 35 72 -63 -73 3 47 23 9 40 48 -75 55 -10 72 -91 77 -29 -34 39 -5 -83 -10 -97 -19 -61 -18 -65 -89 -67 85 9 -6 -57 36 98 -45 -31 -2 -56 49 88 -80 -37 -41 -90 20 -78 1 72 -6 23 66 65 92 -80 24 58 -21 -82 -36 -30 -91 -24 55 36 56 
-26 -99 15 10 -2 -56 -19 -8 -5 -8 26 -88 -71 34 44 70 9 96 77 -57 -97 17 42 -4 83 -93 -64 50 -11 35 -11 -65 59 -37 5 -64 38 -56 -3 -65 50 53 -37 -81 -1 -95 -97 -89 -36 38 48 47 50 -81 -38 -15 49 -11 -71 79 -94 -88 48 -4 -58 -74 91 -24 -56 -55 -57 -91 -80 96 -37 21 60 -9 -9 -29 -1 -65 -95 -76 -45 87 
39 -90 24 21 16 -96 65 -26 30 -34 -12 4 43 24 56 -55 50 -25 -27 -60 65 41 21 -13 32 47 -51 61 -10 -21 99 -27 7 43 -85 70 23 74 5 15 -75 28 59 76 13 -36 93 57 34 25 84 -100 37 28 37 38 -99 -78 83 -96 81 24 14 -47 -37 35 84 59 7 38 -34 7 -88 12 -29 45 54 76 -48 89 -34 15 -60 79 -91 -40 
5 53 -28 68 -16 60 85 -68 15 25 26 12 -30 -27 16 3 -40 -40 9 48 60 -7 -87 37 52 31 49 -89 35 -31 -39 51 60 24 -97 -46 18 58 -70 92 57 31 -30 -61 -25 -33 89 95 -33 -95 42 -89 -40 60 -6 95 81 10 -50 90 -99 -6 -55 -27 93 75 22 -20 -69 45 14 98 -53 -41 83 48 -94 73 -63 5 -33 -29 -96 30 6 -81 
-65 25 63 -44 -49 45 -42 -71 26 39 77 -31 88 21 65 -41 1 39 -100 -82 -6 95 76 22 18 50 33 27 34 82 52 -28 -45 -36 -78 -74 -55 -42 -57 -25 51 -4 12 50 8 -73 17 55 -59 -23 40 37 -31 34 -82 51 43 -29 62 20 -27 -95 -3 -5 22 -25 -90 -100 4 74 -54 -83 -58 30 -73 -68 85 8 17 25 75 -34 -66 91 -66 64 
-35 -66 -30 -11 79 -64 98 -46 43 -47 -69 43 84 83 46 29 -54 77 -35 -20 -44 81 -48 -43 92 -87 14 -88 -53 1 61 -10 25 -100 93 -3 62 98 37 -43 52 18 61 1 -51 65 -32 -50 35 49 64 -33 -42 91 -39 -93 -1 91 57 40 -92 12 -15 14 -19 14 97 -87 100 88 10 75 -15 96 -10 82 -97 -87 -17 -4 1 -12 85 85 -73 6 
95 -3 -96 51 -68 75 -97 -61 38 37 -1 51 -68 -24 73 -91 -56 -32 -2 -84 -12 -94 45 -50 -82 72 1 33 60 38 -61 -66 -73 -6 -29 -14 -25 47 -62 100 98 89 -17 -9 92 -7 7 -25 19 59 9 -65 67 96 -26 -83 67 -62 -63 14 -26 -83 86 54 -20 -6 94 -20 29 -87 -38 61 20 74 65 48 -51 -25 10 26 45 -3 78 -67 61 -36 
-78 -65 62 42 77 15 56 -90 -52 -31 -46 75 -53 -27 89 95 76 63 84 91 -74 -86 23 93 77 38 3 -76 -93 -4 61 47 -80 92 -13 87 -80 64 37 88 65 -97 -37 66 84 49 -93 -22 92 -19 -41 -31 7 53 -71 56 -74 50 -16 -49 -90 -75 -64 5 34 73 26 85 72 23 -10 -54 -78 92 4 -58 31 -55 9 -10 83 -9 -100 -70 -96 46 
-25 -41 61 83 -62 -31 -13 -8 -50 52 51 80 85 43 54 12 46 -86 -47 60 15 65 2 39 100 -11 -15 81 -99 -35 95 -5 83 -80 -95 89 7 83 -74 -32 71 79 82 -12 58 28 14 30 23 18 62 12 -72 53 -44 -8 -60 17 -71 67 -14 36 -47 -72 6 16 -85 -29 -62 -26 -77 45 21 -65 -41 -67 -72 -29 -4 -89 96 6 85 90 -45 -44 
56 90 -72 -70 -12 61 4 93 6 -49 -18 15 72 54 21 -9 -95 -15 26 -83 -93 0 38 98 -10 78 20 -9 54 2 21 3 -5 -26 23 -15 95 84 63 -30 -39 -37 67 -79 87 12 -100 13 88 61 51 -91 0 83 -39 98 44 25 -95 48 -66 74 -70 53 -87 -72 -8 -98 -71 -24 69 46 34 19 62 -5 54 55 -24 -8 81 77 -67 74 47 -51 
46 -78 -85 10 38 70 -92 54 -64 75 29 58 -4 -11 33 26 -100 -77 50 -52 77 -3 58 20 64 25 -21 22 -38 -92 -33 77 1 72 26 -82 46 0 -57 -36 -24 24 -39 65 1 87 74 -31 -60 31 38 72 -23 57 71 18 55 -4 -46 -80 87 -49 89 40 -96 -96 -45 -72 -22 3 53 92 25 49 -23 73 -30 28 7 -30 94 2 -40 -19 22 -90 
-83 92 81 -98 -78 43 88 39 90 26 12 94 -49 15 18 -83 -10 16 -82 -49 16 -53 -14 -79 -71 -77 62 61 19 60 -16 73 -78 18 77 -99 -74 -70 -25 23 -43 -7 27 0 -40 97 4 54 -60 -46 76 -82 46 -83 -90 91 -23 -65 -49 94 10 21 10 -81 29 87 -46 90 81 -20 -57 42 93 67 -70 47 35 14 -49 17 -65 18 6 62 98 -16 
63 -55 -29 -24 45 76 0 85 -29 -46 -5 11 16 50 -11 -21 -100 42 93 17 -27 10 -34 67 -84 -70 25 -57 -82 -23 -20 39 -11 -99 -44 -91 99 86 -97 -30 -63 39 -81 -78 -16 39 -26 -34 -83 -37 64 -67 63 -45 -24 70 -35 -25 -79 -5 -2 64 -30 -81 59 -57 -20 -3 -45 -80 25 82 -90 -90 -67 -57 74 -62 -75 33 40 -79 -37 81 79 94 
55 -81 43 -64 95 76 49 -89 86 -81 -59 -24 -23 77 -61 2 12 -91 18 -43 32 -62 -77 42 -84 52 23 -52 -14 43 32 -62 -4 86 87 -80 -9 21 -42 -1 -11 -14 61 -30 -12 -79 -93 -16 65 17 71 82 18 -39 -76 -92 -70 50 33 -16 -31 10 40 28 80 -94 -7 70 -36 -1 8 61 12 -23 40 49 75 15 -64 49 61 2 -69 -25 84 62 
