-83 -46 -41 84 -45 38 -9 38 -90 13 60 5 35 -25 -44 59 -41 55 28 -67 19 36 -68 5 -100 15 45 9 99 61 24 -67 -22 59 60 -66 31 90 46 76 -92 8 3 85 73 -52 -81 69 -22 -61 -37 58 
48 -13 53 -24 80 7 15 19 16 -78 -91 26 100 -78 67 57 25 40 88 -39 -38 -90 32 69 -75 -92 -71 -70 -74 -88 -8 -88 -32 -44 77 73 92 89 27 -29 23 -94 -24 91 -35 8 68 59 -59 -76 -99 -39 
-43 29 -25 37 9 76 85 -38 80 -58 -26 1 83 71 -24 10 -10 -17 95 -70 -60 78 -53 -64 -2 49 1 63 -93 77 -94 -11 -49 77 97 100 -44 -29 -14 48 -15 75 77 -78 64 85 -60 40 -85 37 -87 -51 
42 3 15 5 -66 -43 -64 78 46 -77 57 59 -41 48 -37 23 32 -84 55 -32 93 -82 9 76 64 -67 -78 4 81 -48 2 24 -98 -63 38 6 41 11 6 -62 97 -40 32 55 22 72 95 68 95 -71 -73 10 
37 -58 -20 -75 95 29 99 86 -47 -30 -64 62 -58 -77 -87 -46 48 -2 8 3 -10 -27 -17 -92 -78 23 67 -6 64 -30 92 82 60 13 32 -11 9 -26 -6 -87 89 -83 -98 36 14 1 -44 25 -20 -27 -48 -1 
65 -53 28 -54 -73 -38 -11 27 43 24 91 -96 29 -64 -24 51 0 64 -88 -40 8 50 -18 12 28 -34 9 91 -38 25 80 89 -18 -82 93 84 -68 -62 35 41 -5 -50 -34 -31 -96 -48 28 -63 2 -48 88 -59 
93 11 12 55 72 59 55 36 59 -86 80 34 96 65 52 -52 82 -87 -46 54 -78 52 -70 -92 92 74 -11 -78 16 -87 -68 -91 -39 -60 24 -96 23 88 -32 -35 40 62 24 29 6 -58 -23 -57 -12 -44 -68 39 
4 -29 67 87 0 30 -84 95 73 -81 71 5 66 -53 -94 -7 -4 35 -38 67 -57 63 4 -24 79 4 21 -57 27 -96 -22 49 -72 58 -89 -93 35 -93 -100 -51 36 99 -94 46 -85 -25 58 -80 42 -98 -27 -20 
-97 -98 -21 86 -56 69 -35 83 -58 93 -30 -45 42 -51 -29 -9 -5 45 -74 -45 33 26 -22 75 -17 -4 -58 76 -24 -15 98 -73 73 -7 -18 21 12 24 -99 -79 -41 4 21 1 40 94 61 -32 8 24 -3 80 
-22 90 6 -55 -72 -15 -43 -35 -36 -12 13 -15 18 18 41 12 -86 23 31 -44 18 90 4 21 23 66 -65 83 -40 14 86 100 -71 35 67 70 52 21 -59 88 81 -33 98 76 -90 -11 95 67 -30 -31 -3 59 
20 -44 -4 -34 -5 36 -14 -19 77 -88 48 -33 -26 86 14 -51 25 -15 -8 -30 27 65 -8 51 81 -30 84 -100 70 53 -72 -41 -73 17 -15 10 -68 89 88 -56 90 -59 -78 -39 62 48 -19 -30 -6 -81 -13 -62 
-21 70 4 -60 71 13 -65 -86 36 55 18 7 -52 -22 -1 -50 -67 -79 54 63 -44 -14 33 -55 -91 39 23 83 -38 -17 -48 61 31 23 2 98 15 98 -77 -11 -41 21 -77 -27 55 -79 35 -60 -51 18 43 3 
-33 97 -69 62 -96 96 -61 -61 -52 -17 -62 77 29 -2 -37 7 46 -54 -83 -20 45 -99 43 -62 48 28 20 70 -8 37 81 -31 8 74 94 74 34 59 -54 28 66 -11 43 -64 3 -76 51 39 93 -4 62 -22 
-99 50 -94 18 -45 -1 -28 27 73 28 72 3 0 67 2 58 3 -61 22 -45 -17 74 46 -14 -26 86 -6 -32 4 83 93 20 -16 -4 -92 68 66 72 94 -43 -30 24 88 -75 -96 70 -64 87 35 13 -4 75 
64 -3 85 -38 27 12 -42 37 57 85 83 15 -77 -19 98 81 -89 -75 -93 -97 22 38 -13 33 6 60 1 -96 -33 87 -22 16 70 4 92 79 50 2 -41 36 -53 92 28 69 67 -43 54 -81 28 29 34 -57 
-44 56 -83 -36 52 -52 -46 61 17 -98 -84 15 -95 -77 30 -75 85 -69 66 -29 -39 -34 -40 -19 -44 4 -20 38 -41 -54 -47 7 -11 -70 -5 -70 74 73 81 -29 -3 14 47 92 72 -69 84 -43 59 -60 -95 62 
31 41 50 86 -39 14 80 -76 -3 65 67 -6 -87 -87 -34 -74 71 40 -88 -57 -48 44 -17 68 68 -90 -6 -1 62 -84 2 -85 -81 -44 -14 -42 51 -11 92 56 -83 38 89 71 -41 95 51 -14 -80 -73 42 -71 
-1 -36 34 -98 -57 -76 14 -64 -42 49 16 -69 45 -18 50 -26 -72 54 19 13 -62 -44 -17 13 84 -70 -84 31 50 -30 -60 -58 32 -85 -32 -49 -53 42 -7 74 -42 33 20 -63 -27 30 6 -12 48 -63 -31 -52 
39 -77 -8 84 95 -26 -67 -87 -16 65 -91 -100 33 -60 8 52 -60 77 -65 -18 3 -59 24 55 -38 -1 0 51 87 70 24 -17 94 67 49 -46 98 -1 -97 47 -93 8 -58 -19 -3 -38 65 -22 -6 -30 47 53 
73 46 88 -3 66 70 16 -42 16 93 -25 -7 67 -98 88 -90 26 79 83 -15 4 1 22 61 -38 -76 -95 -76 50 -55 92 58 -42 -40 -66 -14 94 -32 36 35 70 87 -46 25 74 -18 -67 2 -100 -6 71 -14 
-42 86 -83 60 -38 23 18 58 75 56 -52 -99 94 33 97 70 80 -63 -27 46 -47 -86 64 63 56 -4 49 75 -38 65 -6 -22 -18 50 83 70 -32 4 97 -53 -28 -54 -82 87 70 -44 -33 -8 -42 -71 96 -1 
14 34 -2 -42 13 -41 -5 -46 44 48 7 56 -45 -32 -59 40 -33 -44 -19 -85 -13 71 38 -32 -54 -73 -17 24 93 -100 -77 -28 95 16 -20 -76 60 -48 -33 2 -42 -34 83 83 97 2 -75 48 -23 62 70 61 
-27 -37 47 -26 1 30 9 92 18 -23 76 -19 -53 -58 32 -64 33 -59 82 79 -69 0 -18 -28 37 97 -88 -21 -64 94 26 -35 96 67 -52 64 -80 60 9 -84 88 -74 84 -27 88 -42 57 95 -76 -86 37 -20 
97 53 3 -77 85 -26 94 -20 49 -73 -79 6 -2 -80 35 -5 33 -19 -30 -95 -78 -48 51 -39 48 -2 -89 3 -81 -69 93 78 -66 99 7 -62 -14 87 61 -13 43 -59 15 -40 -84 -52 -46 -51 37 70 56 46 
-71 85 91 -71 31 -31 33 55 -100 -48 98 -19 -19 86 -65 -58 81 11 -28 20 82 -11 -85 69 -7 63 -58 92 -35 -17 -33 -36 -37 7 1 -57 59 -89 -86 -73 67 -23 56 -39 69 -75 -55 -15 54 95 -31 94 
-51 -46 91 88 -64 15 40 -51 98 28 -67 73 -44 66 16 62 -30 61 -71 -59 63 56 88 -11 -54 -3 85 -53 26 59 -4 -87 -73 -23 98 -55 95 59 84 -69 -49 2 10 -11 98 76 -46 -36 19 -7 53 84 
-74 -27 67 88 30 75 -6 73 -54 92 55 -28 1 19 72 93 -32 -35 -22 10 35 -27 2 46 -22 -94 86 -16 -88 18 39 33 -57 91 67 -100 -73 28 -10 65 -23 0 14 34 -87 -3 -22 10 30 -47 89 -12 
-79 95 -49 21 -19 62 -6 -3 -92 53 -61 7 75 -28 -17 -34 47 46 -23 4 23 5 -36 31 -16 -50 71 52 91 -39 -30 87 81 -46 98 2 44 39 17 75 49 -52 31 -90 33 -36 48 27 -65 -74 47 20 
-52 43 62 80 -63 -66 24 -98 -74 43 17 70 39 8 -51 78 -89 -65 24 85 -50 48 -22 5 -9 -91 -58 -29 93 1 48 3 5 14 -18 70 -5 -55 -88 68 40 -97 -52 -20 43 97 84 -35 65 -13 -30 10 
-11 -8 -37 28 -15 -88 -62 -29 -38 -87 95 62 -61 -18 -47 -21 20 -31 -34 -74 92 -42 -96 -29 54 99 -2 59 -14 -57 -2 -30 -68 58 -99 35 -53 92 -63 14 -39 -62 4 59 -98 72 4 95 29 -39 76 -79 
14 28 95 -56 -54 -81 -46 68 -47 89 5 53 16 48 -37 -8 -60 37 -52 -93 -24 7 -89 -36 -50 20 -65 20 12 3 69 8 45 62 -2 35 31 8 12 74 72 85 14 1 31 -42 -60 -60 -38 95 -100 -9 
-47 -33 -30 71 -54 -77 65 -59 18 42 -10 -59 -58 50 15 3 -10 -29 57 -20 28 -28 -41 -38 92 -96 16 59 11 14 8 -26 1 8 80 -17 -54 -57 -6 76 -16 48 4 -30 20 -95 -76 -77 -69 -44 77 28 
-61 92 21 -60 -37 17 -16 54 -85 74 -44 77 84 -43 90 -31 -9 0 -61 74 48 -34 47 -74 67 89 86 -71 -92 -18 21 55 -77 51 -19 63 -17 -3 16 -10 76 -37 52 -13 -60 -98 0 -72 -17 26 -8 60 
-97 -72 52 65 79 55 7 -44 -91 95 -34 -79 -91 81 29 -57 -67 48 24 -94 25 -55 -16 91 -15 -60 -77 38 -82 68 -53 -20 -26 -41 -73 -4 35 38 1 40 -95 66 -92 -19 21 -25 -21 -29 52 11 -67 -30 
-59 78 10 -45 -72 -22 39 -3 -98 32 -50 80 96 98 -47 -75 -68 17 -46 9 77 -30 -85 12 -45 66 97 -10 -45 29 42 -90 41 66 -57 79 -9 36 72 59 -80 92 -77 93 -94 58 87 86 10 9 -8 94 
-58 99 12 1 -20 99 -66 -2 48 12 -59 95 -37 68 -33 -35 -68 -7 -86 67 39 85 -48 -90 3 11 29 73 84 -4 -47 20 -30 -45 11 36 -23 -24 -29 94 -66 34 76 39 45 -64 -41 95 -29 29 -46 13 
76 -37 3 14 -47 98 -46 -30 -69 -66 -95 18 -10 -2 -14 96 1 -39 -28 -55 76 -22 -42 -43 -21 -86 30 78 -78 -33 -36 11 82 -99 7 31 67 -33 57 90 72 44 31 -29 39 -58 41 51 87 45 -58 54 
-47 70 -15 -65 16 -37 -74 -94 -20 63 96 43 3 -62 -85 -91 84 55 47 88 53 -18 94 -20 1 27 69 70 -23 -74 -48 84 -34 -100 -3 -38 54 94 -94 -66 -44 85 -83 12 -43 -12 -71 69 -87 -36 21 55 
87 -62 78 -33 43 91 58 79 44 -43 -40 41 -63 90 41 -80 -38 84 -81 8 -76 -52 -16 -19 23 86 -57 -41 95 -91 -11 -67 -66 -69 -34 -14 -17 100 83 -33 79 -60 9 -24 -88 -55 82 -8 97 50 -44 -74 
20 -100 -72 3 20 96 -76 -42 -43 7 -37 96 -4 -39 30 38 10 47 -95 71 77 -92 15 25 -38 -47 -37 72 56 -49 68 -1 88 -66 -61 -6 -73 -44 -7 22 48 15 -94 -87 -53 -82 60 -20 91 -48 -7 80 
42 44 25 27 72 -26 23 -61 -28 -54 -10 -18 -11 24 -76 -44 8 41 -6 18 -33 89 -49 39 -20 100 -34 98 13 -26 -42 32 -11 82 80 82 42 11 42 7 41 -12 -55 19 -87 86 89 79 -32 -96 76 -82 
-87 -23 20 -38 93 -18 -88 65 33 82 71 33 64 5 -8 -65 -27 36 -37 -97 -58 16 94 6 -59 2 67 47 -38 -61 99 78 41 30 13 42 -70 53 20 -81 50 -62 72 57 3 -73 18 -47 -34 46 -55 43 
-4 93 -82 6 63 -20 -42 30 -48 -71 -44 -85 -73 -47 9 -33 32 37 -42 81 36 -60 -19 78 23 -39 -94 -34 -3 13 74 -8 -40 82 -43 44 -52 -82 -77 -77 -1 50 -18 83 98 28 -25 26 -84 52 2 71 
-7 -82 96 -21 -53 19 45 -80 -89 -73 65 -98 12 -80 12 3 74 62 -70 -31 -93 25 -41 -65 -34 13 38 17 -17 -57 28 46 -79 -3 -22 47 54 -31 -35 81 54 -70 74 100 28 89 -32 -4 59 -40 -42 88 
9 -70 67 47 29 -75 72 -82 57 50 -21 -37 52 16 100 84 -30 56 12 46 3 82 53 41 -65 16 -19 40 -12 -35 -42 31 -100 95 89 -33 -73 -47 -60 48 -23 -47 -86 -34 -100 -92 8 70 35 28 -27 27 
-58 83 -45 29 72 -57 -79 55 64 91 71 97 10 9 50 79 -39 36 -38 73 -94 10 78 -41 41 40 -89 81 -95 -9 52 -80 -2 -31 39 38 -33 65 -51 20 -12 45 94 20 78 77 64 -54 -25 87 -29 -32 
-80 12 -46 96 79 -45 32 8 39 -95 22 53 -47 -31 -26 47 76 76 -15 99 65 89 63 68 62 -30 -82 64 88 80 11 -69 61 -77 -58 -98 -33 92 -29 -60 -91 16 23 -25 -71 -23 -56 95 -16 5 62 -27 
98 -35 -18 -30 59 85 63 97 52 -69 17 -70 -68 69 66 23 15 89 -44 -7 1 -72 75 19 -52 -57 54 82 24 -49 82 -51 0 99 -89 100 48 -57 81 14 4 -9 -18 -83 -89 -27 3 98 79 -28 -61 -3 
0 8 -9 -43 8 -22 -27 -2 -93 53 -55 19 -54 -34 65 -21 50 4 -21 -21 45 77 69 26 38 -38 -48 -93 -93 88 -71 88 -9 39 14 -18 -6 74 -2 48 15 -92 86 -6 96 -57 -99 -94 -85 64 -1 72 
-89 80 -6 30 -72 73 -85 -39 72 -52 -21 -44 -81 42 97 71 95 -57 49 -2 6 -62 -17 95 -3 -77 44 -59 18 -37 -53 -36 -76 50 -87 39 -79 57 -80 39 -65 38 -100 -53 3 -39 52 90 -37 18 -29 27 
-67 -55 76 65 20 -50 75 -85 83 -6 98 39 84 9 87 -46 92 61 57 34 67 -71 -10 -80 4 60 5 21 77 -25 -15 96 -14 -43 6 -10 -23 -65 -35 -46 -27 53 70 56 -14 -53 -20 63 -54 -7 6 1 
-97 -41 83 56 -91 -70 -93 85 94 -40 -64 64 28 -20 59 89 -48 -14 -61 -27 -95 -49 22 7 -60 -15 -45 36 -8 61 -17 52 -60 -40 10 -23 -35 -37 -93 82 63 50 46 40 -34 -21 -12 -44 86 66 -43 -68 
-79 -32 18 -19 -91 33 -100 76 36 -44 -33 -46 22 -43 92 -34 -28 35 87 -24 67 6 -42 -82 18 -82 43 -9 64 -87 -56 -82 52 8 18 4 91 -41 41 12 98 4 3 84 -27 72 -19 -53 84 4 92 -35 
36 21 -63 98 -47 28 -36 -37 56 -99 87 86 -78 -91 -65 -4 -18 -1 39 40 -33 -45 86 77 73 83 -61 -43 -31 20 39 -82 86 -50 -32 94 43 -17 -57 -31 16 -53 67 -85 -47 48 22 -96 33 -10 36 -85 
-28 -92 13 -20 -88 -99 -78 95 71 50 19 67 -76 90 -1 76 -22 13 -49 80 78 18 -26 5 62 -4 14 -100 -21 -69 24 96 -20 9 -68 66 -92 -48 -11 99 86 -44 -38 58 -14 45 -58 -41 41 -91 -73 -27 
-87 -66 -47 51 -51 -18 -89 53 69 -75 55 -21 69 33 94 31 41 18 22 -96 86 -46 -33 -91 -18 -18 67 8 54 83 -13 -89 38 -83 -78 73 41 -8 70 16 63 -54 49 -63 -11 -98 -1 63 -98 35 -24 37 
-88 15 30 85 -13 -62 -7 -100 -21 51 91 2 -26 90 86 38 -88 -64 18 -55 84 86 -86 -40 26 80 68 -56 67 -36 -15 19 -33 -55 -12 -93 -72 -55 -10 59 91 -65 83 3 -31 66 12 -32 72 -54 -6 -74 
38 84 36 35 -81 -2 -14 -75 -82 -51 43 -69 -87 -84 -77 -96 22 75 -82 -73 54 43 -13 -38 -87 -53 -95 -55 -78 94 -93 -71 34 -78 -27 80 -70 -32 -24 28 13 10 98 83 84 21 -80 -8 -45 98 -29 -15 
-28 -56 32 3 16 6 -51 54 -12 -61 -89 -69 75 69 -89 -21 52 69 6 -28 -65 20 26 -32 99 -22 -64 23 -30 -97 -31 -61 -4 43 -79 38 87 75 -9 -26 12 2 66 12 98 77 -8 -87 -59 71 60 -61 
-12 19 5 -41 35 62 25 -51 -6 49 -98 -88 -4 -56 -60 87 10 -28 41 58 72 55 98 13 40 -69 87 35 -26 36 -49 -59 -60 7 25 -81 -87 -16 -20 -18 12 -95 -25 -90 -55 65 57 20 -56 -7 67 -94 
19 -55 4 -71 94 -40 49 55 -70 -44 5 -53 -52 27 -52 3 77 -50 23 -81 99 -16 38 24 -74 -18 7 -49 3 74 63 -19 -16 48 -38 60 96 -13 -37 -93 -97 -81 -30 -48 34 83 60 -20 94 -85 12 -78 
84 -75 38 31 -16 90 32 9 -94 74 -98 -35 -47 75 -80 87 55 44 -28 40 -20 52 58 -96 -60 -17 -86 47 -99 -37 52 10 84 -51 -99 11 -89 -72 -67 61 -26 -11 -37 -40 -84 -12 99 65 59 35 -56 -78 
14 -94 11 -14 -57 34 -35 -92 -76 -10 69 51 8 77 80 -81 -17 83 97 -85 39 -20 45 -17 -21 55 77 -51 -79 -94 -69 82 46 12 45 -66 44 -49 -47 -100 33 -88 85 20 -15 -88 -19 -67 -88 -49 -23 -83 
91 -77 7 46 -99 -90 37 21 14 -85 -93 -37 -16 79 -78 32 -45 71 -26 83 21 69 15 -33 73 -4 -88 -11 -88 25 1 -16 -98 36 -3 39 -96 -82 -10 -95 37 57 -4 13 -70 -95 -98 30 35 81 50 -86 
-65 60 -42 80 -26 25 68 52 37 -97 34 -19 -68 74 -2 -58 -12 28 67 92 -40 -66 -59 -18 53 -49 69 39 53 49 84 -85 65 21 -93 17 -10 -76 63 29 -38 7 57 -71 57 99 71 99 -65 39 -67 -62 
-28 51 -100 -45 -29 8 -68 -90 -95 -72 67 100 -67 -11 -86 -55 38 -41 -30 -91 -98 -24 -29 -37 31 -83 59 -43 -30 -92 -78 37 43 88 96 -91 -18 27 13 31 -29 4 -31 -59 56 -98 -35 38 -52 -13 -90 0 
-75 -69 -49 22 -21 98 -7 -19 -55 -86 48 -42 43 -9 77 84 -58 13 -97 53 -99 8 89 -80 93 -8 9 20 -25 97 -19 -64 -58 55 -69 -73 -82 -51 15 -77 93 -86 -76 -45 73 16 45 37 96 -40 -98 43 
15 -2 71 -98 -25 -47 57 -13 -58 96 47 -58 48 -13 -66 56 -50 -15 -66 23 -48 -42 -77 2 -95 -80 -5 -85 64 7 31 -30 69 36 -55 38 -82 66 -26 -80 -53 -69 -84 -88 40 -1 92 -100 -55 -5 11 18 
-40 0 -61 -63 -60 60 -91 58 69 -63 75 56 36 33 -15 -93 14 44 50 -34 7 -91 -17 -6 35 75 -44 14 44 -51 35 -33 64 -41 85 42 9 92 -26 -42 -71 -3 -46 -86 62 52 79 -23 10 74 54 -81 
1 44 -46 93 65 -26 -58 4 -100 24 -35 -93 6 82 1 27 -96 27 -53 71 -15 -89 74 -94 -28 67 -27 2 13 98 74 -82 -82 10 34 -26 73 52 -72 -97 -12 90 -86 5 28 -98 -4 -97 7 42 48 19 
43 -39 91 86 -83 -57 86 97 84 70 -59 45 45 -76 3 -55 -70 8 -78 92 4 85 -94 49 -14 7 -5 -43 -16 -18 98 -3 -96 63 -74 -98 7 6 32 -6 58 -82 38 34 -47 33 -98 77 16 43 43 48 
-69 -49 72 37 52 -53 23 -92 -64 34 40 -72 65 -42 -61 -94 91 43 71 -73 -47 31 36 -59 -8 -81 -87 4 6 99 -30 -2 -97 49 63 -46 -32 -51 49 34 -83 -13 99 -41 44 -93 -64 53 -70 46 25 51 
-99 -17 74 69 -34 -26 37 28 30 1 1 -54 -24 -17 65 -56 -17 -72 9 13 -95 -93 -32 -79 31 -56 6 -93 -97 78 56 24 -75 -43 62 -4 70 -14 19 -70 -6 -12 86 56 93 68 17 -82 50 55 95 -9 
-64 -39 -44 -30 -78 79 -66 -40 -82 -16 26 -50 84 96 -21 77 20 45 -9 -97 -95 -59 -42 48 -79 94 -59 70 -51 61 -32 22 -51 42 40 43 21 -86 89 -23 -51 33 -93 -30 -41 86 -4 -22 -18 -90 -19 -62 
-76 1 -44 -79 79 -62 -28 10 -23 -41 -9 11 -55 -98 -15 93 70 16 45 -27 -73 93 80 -96 -77 51 -16 0 -6 48 7 67 22 -13 -18 -23 -28 29 -8 68 12 -94 -16 60 44 88 77 100 -99 -9 73 -32 
20 -12 -24 -38 35 6 -89 -18 43 -66 -6 -17 -46 48 48 65 -19 92 -70 -31 -16 -88 49 46 -31 21 -42 49 -64 -32 -34 9 -53 -98 68 -12 19 21 19 -18 -14 16 -97 -44 -7 -77 -30 86 8 -89 -44 62 
88 62 -27 -96 -72 0 -59 -63 -79 41 40 29 -8 0 98 -64 35 -98 33 -100 -31 54 -90 16 34 30 -53 70 -78 79 87 81 -62 -32 37 -91 -37 33 -84 55 84 9 10 78 12 99 45 28 -87 -62 -95 -71 
95 -42 27 -3 -98 -37 -70 7 14 40 -55 -88 73 -51 -35 -65 1 45 -16 28 -74 -61 -56 -19 -80 11 54 -24 -7 51 2 90 -15 -33 -25 92 -64 -81 82 49 -2 -14 81 93 1 -68 80 -15 31 72 44 9 
-77 15 -47 -75 86 35 -20 -89 70 -91 -47 97 -52 -31 -33 69 70 85 -73 -24 -75 2 82 -96 -61 -23 -61 93 -30 15 97 -88 82 -91 43 74 0 14 -47 18 -2 24 -90 -88 39 51 69 -53 -55 46 -58 -79 
-53 47 -87 12 55 -18 87 38 -90 54 56 98 75 53 58 -56 -48 51 -85 8 -92 -27 -80 -21 12 -92 85 -62 -29 -33 -63 17 -66 -52 -8 93 -63 8 -22 96 63 2 -72 62 -88 -34 94 42 88 82 -34 79 
-83 -77 -10 87 87 31 -82 42 12 -59 -79 48 -4 -73 -21 55 84 -13 -72 91 -31 -31 -53 -90 -69 -62 44 -67 13 9 87 -8 13 -15 -13 -80 42 35 -97 55 -78 2 18 -20 11 85 22 -42 -89 -59 -70 -66 
13 -13 -78 -47 -97 26 -83 81 -62 54 -25 92 78 7 18 48 -70 32 68 52 -34 11 -39 -62 -98 70 56 -38 27 0 89 71 -90 -80 4 21 94 -55 37 79 14 45 -46 -7 -61 59 94 -20 65 -100 -91 6 
76 -91 40 -90 -18 67 6 33 33 -40 88 -41 40 -3 -46 4 9 80 67 82 -96 47 42 56 -41 -57 33 25 -21 80 12 93 -54 48 -30 -90 77 0 -45 -74 -65 -92 -84 -43 49 84 -70 -27 -38 37 -35 -50 
-37 -29 48 -6 95 -84 39 -35 -89 -29 -81 36 -72 20 78 8 30 67 3 -70 90 -15 76 -5 -42 -85 88 15 -72 72 64 -69 -12 -33 -21 99 4 -83 -29 78 -39 -82 97 86 -59 80 96 -81 -54 -57 -54 33 
-3 -52 50 50 89 -20 82 -56 -53 55 -72 -96 -20 -95 -25 -43 -24 -38 -10 25 67 -8 -44 -68 -53 -83 73 67 -5 -50 47 95 -10 97 -96 11 -12 58 -54 -62 94 55 -56 -81 -75 -13 -6 -4 -9 57 50 95 
7 44 -31 -45 -10 61 -40 -54 -43 62 -72 8 -79 -71 -1 46 -25 -92 68 2 -71 -78 -23 98 45 49 -60 -100 72 -93 7 4 30 -22 -12 -35 100 93 46 68 -54 -90 -97 -97 84 -31 82 -45 36 -33 -60 -57 
-29 -60 69 -32 -91 -61 -15 -33 60 15 29 -44 -7 -61 -43 72 -48 38 -33 50 -88 92 -22 41 90 -25 40 -69 96 -60 63 39 98 -90 -99 23 -83 -60 78 -61 -75 -89 77 14 -9 -88 -15 48 53 68 82 39 
16 -32 -55 -52 86 -88 -58 -47 82 -91 64 -45 21 25 96 62 -3 -81 -44 15 63 -28 -24 66 -56 -10 -100 -81 -22 -25 8 80 44 58 -52 -96 -35 21 76 -14 -90 30 79 -38 -59 -86 -66 46 15 -87 95 -6 
12 -12 -84 17 -32 -93 -71 -46 -70 20 -27 -80 90 -61 -63 9 -26 -69 -65 16 -20 -8 -54 -48 -26 -75 13 49 63 2 96 44 20 95 -5 78 56 -7 -4 -79 -91 91 -11 5 -18 86 90 -2 -35 34 -97 -57 
-24 81 56 49 5 93 -30 63 -99 66 -21 7 76 -78 80 64 51 -72 -3 -47 -11 -69 -23 55 -32 -42 -67 -45 -9 -54 28 -41 80 90 -27 -75 19 -28 -11 53 26 -81 61 -69 39 -96 -29 3 19 -10 -93 78 
-28 3 22 -50 -1 37 -74 -47 -2 82 100 -74 48 86 9 -40 8 24 90 -33 96 -2 22 78 -66 50 85 -47 -83 82 96 -48 94 40 -18 -22 -71 -89 39 54 59 21 -83 -55 95 -17 17 53 50 17 -70 45 
-18 3 31 -85 -52 -27 27 -28 -34 -39 -65 -84 0 0 70 -51 56 53 -2 -61 -41 27 64 -69 38 16 90 -27 -77 -32 5 -71 -68 -42 97 -55 40 -53 97 3 -42 -41 -33 -49 76 -40 -8 -74 -80 47 31 -61 
64 15 -92 22 100 14 -22 -20 -18 10 -48 30 52 84 -78 45 -4 61 83 -42 -72 79 4 -46 57 -44 -37 11 15 -38 -83 1 -54 -75 79 -13 -69 34 -37 -83 25 47 -44 90 -54 58 3 -95 58 -62 -73 75 
10 -47 53 19 -18 -35 72 9 42 78 45 0 95 37 5 -64 28 -6 46 26 -76 -70 65 -54 42 -36 62 39 99 -18 -56 -37 -1 -25 7 -71 31 27 -26 92 71 46 -71 -8 -22 -59 31 -35 25 11 -58 -64 
44 32 37 -91 -41 32 -21 23 -46 -90 -51 -24 6 33 72 -33 54 -75 -4 -60 11 13 74 -32 47 -38 -92 -95 -13 89 -94 84 -32 31 71 -77 -34 42 -76 14 -81 -22 43 -27 -85 -76 -89 -19 -15 92 2 87 
31 26 -50 -19 -67 -78 -8 62 -79 13 41 47 81 100 -89 45 85 -64 66 -91 -53 92 -85 9 37 24 -89 54 -95 21 27 -15 -69 -55 -74 -63 94 -30 84 2 89 51 -12 -48 -14 -98 76 -90 -70 1 -12 17 
-1 2 89 -36 -46 30 -15 -44 -75 -30 28 -18 -77 -99 52 13 48 41 66 -63 -13 45 -72 -79 94 -4 -33 -80 97 40 43 -76 21 97 -54 46 -24 62 -71 32 -23 -94 43 67 18 -51 -100 26 -40 -64 87 -1 
35 -24 -10 65 45 40 -93 -43 32 71 47 -71 49 67 -61 -16 34 -63 29 72 26 96 -26 -81 6 -86 -32 88 -27 -11 43 68 -78 60 65 -21 90 62 58 -26 -45 81 22 73 53 -73 -70 -46 -82 3 -33 -77 
89 41 78 38 2 -53 21 -37 71 -60 -99 82 71 -84 -2 39 79 -21 3 66 67 -65 -69 -26 60 57 -72 -16 83 96 -29 89 71 -47 -71 -32 41 -40 11 -97 5 -99 -73 -87 -2 -74 78 40 30 -73 -24 12 
-1 97 53 -23 54 42 -64 95 -28 -52 79 53 -88 83 87 10 78 -71 -17 90 -51 -64 -55 -32 -48 57 47 39 29 94 3 -100 -45 -87 3 -57 -29 -53 -39 -78 70 -11 28 2 56 -24 90 22 -13 -26 2 -46 
-87 24 -86 47 -2 19 17 -60 -1 61 -22 25 50 -48 47 -93 -87 -17 81 26 -23 -23 -28 -15 -39 -4 55 -95 -22 50 68 -42 -12 -15 -70 93 19 -95 -95 -7 -6 -97 16 -39 -25 54 56 33 6 47 16 -25 
51 32 -27 93 6 64 -97 94 48 75 10 48 96 5 90 -10 29 6 -32 -86 85 38 29 69 78 91 -96 -26 -26 -80 -80 74 78 1 -40 92 80 -32 37 -92 4 -32 11 -38 28 -100 40 -96 -62 -5 -84 -64 
-60 -57 85 -30 -43 -65 72 95 -34 89 -86 -36 16 21 -76 86 55 -51 91 31 83 -30 -91 30 -66 98 -16 21 -8 -88 -28 30 -77 66 47 -44 -21 92 66 -17 -3 5 48 13 -43 -30 27 14 8 -59 -4 -11 
21 -79 40 12 -52 53 71 -25 -46 -1 -96 100 77 -48 77 -80 51 82 59 -8 -65 -56 49 -62 15 55 90 84 27 -56 -88 48 88 29 -56 -22 20 -78 46 -12 -34 -61 -35 -100 -42 25 -18 13 -30 45 9 5 
