-75 -86 -47 74 -32 31 94 13 71 -40 -24 -4 -81 -40 13 32 7 50 -35 -65 74 29 -90 -75 57 -49 -83 -19 69 -13 70 -90 9 61 -15 31 -100 -49 -31 5 79 61 -53 80 36 -50 74 97 -47 -5 2 63 -59 -14 56 25 99 17 -69 -19 -19 4 -95 36 -83 -59 58 -63 -94 20 -90 91 -73 -51 20 -36 -44 17 74 -44 52 
9 -87 58 39 82 8 71 -67 29 39 11 -27 5 71 39 -50 -63 -39 -48 -5 -40 -51 90 95 -68 62 -47 -23 -86 18 1 -69 -13 32 -1 97 -40 97 -70 85 -34 17 35 58 15 -29 85 53 12 83 46 52 77 -46 -95 -94 -25 44 63 -6 59 -84 -56 79 92 -30 73 -25 55 -60 -61 65 -5 -80 28 68 -9 41 44 55 20 
-46 56 89 52 100 37 10 -47 -98 1 31 42 -100 -63 -63 -1 -98 63 41 -74 58 54 -48 91 -18 85 -57 6 24 61 7 -17 -55 17 21 30 4 83 -25 -6 -85 -78 -82 30 -92 96 -72 -18 93 -23 72 0 -29 -81 73 45 57 70 92 23 33 96 69 34 -89 -52 43 -88 -73 80 -69 -30 -70 87 -40 -16 -2 13 21 -100 -57 
-6 33 16 24 -71 99 9 -48 -4 39 55 -95 6 44 27 81 -99 26 75 -9 -60 78 34 50 98 56 4 -81 -30 -78 -54 -94 -20 39 24 91 51 -83 -27 -89 -14 2 -31 -74 -95 8 5 -97 -29 26 -7 56 69 -77 -94 69 52 50 -99 -24 92 -27 -56 2 -65 -75 -95 -52 -68 -31 27 -19 -51 5 -35 49 11 -10 1 -61 -86 
10 -90 -26 24 -88 -44 -75 7 99 -4 -11 1 52 98 -2 -91 -33 -26 -11 35 88 4 26 13 64 9 90 -82 -100 83 51 -16 86 96 -60 63 -33 34 48 66 -42 84 -5 -88 -6 -53 62 40 -100 -37 51 -57 80 66 37 6 -30 -64 16 15 -44 32 95 22 -46 -6 80 -63 23 93 -85 83 -12 90 -40 -73 69 -72 8 -76 -8 
42 82 0 48 68 -68 50 94 62 55 71 4 -23 62 59 -75 83 -22 66 -71 67 -31 30 -66 31 -81 72 66 30 -24 98 18 -92 -72 71 -98 54 52 1 22 -95 -47 -83 91 -100 -85 -11 -9 -100 -1 53 -56 37 81 88 66 25 -73 30 -54 59 50 -100 -72 -73 -48 -69 16 -98 93 54 -69 -22 -98 -94 -21 -94 85 -64 63 45 
46 42 -7 -44 76 98 -100 -49 -53 73 47 14 8 -86 -18 -68 -26 -12 -84 31 41 92 46 89 -88 55 -76 4 49 100 -19 -6 -46 -33 18 54 -33 -61 82 5 42 -63 2 -4 -75 68 -38 -78 51 -36 81 64 92 -5 -36 95 60 13 75 59 77 95 78 83 -60 -70 2 -44 -64 64 42 -86 1 37 -30 95 40 -32 -89 -67 67 
79 59 61 73 -86 89 95 27 34 -54 -34 -85 24 -43 -31 71 -17 -31 -57 -71 6 68 -1 -18 -10 -73 1 -77 -88 5 95 69 -65 -100 -4 -7 -24 65 -49 65 -43 26 20 -73 86 41 -1 88 -69 -81 -49 99 7 -41 77 -74 21 10 -42 -16 -40 82 -40 63 -98 -42 -88 -91 -84 24 1 55 39 82 76 -28 16 -26 52 65 -3 
-59 30 9 5 -74 -72 90 -77 -65 -24 58 -54 -33 90 56 6 -47 -83 -91 -43 -59 17 87 2 -83 3 0 -76 -55 -47 60 -100 49 90 -57 97 92 8 7 -45 9 82 -75 -54 17 -23 8 64 61 4 -91 -11 -11 -65 86 -14 30 -76 30 6 25 -95 -53 51 -48 99 71 16 26 1 -88 49 -30 55 37 -63 -15 53 -27 -66 -95 
69 85 8 56 -11 63 65 -43 2 37 -51 -45 35 57 57 -93 34 -40 20 -61 -59 -56 90 68 26 2 65 -86 79 62 -48 -67 0 -9 -36 -77 72 -95 -44 30 10 37 -31 -80 -88 -18 -4 -52 60 -88 11 61 -36 -38 -34 26 -83 -66 97 -35 -97 36 77 39 -81 39 -46 -54 90 -1 58 -85 2 70 -10 63 -62 2 -46 -67 -21 
-15 -92 -89 -23 -8 100 -5 -45 69 89 7 78 27 -13 70 33 -46 -70 87 48 80 -24 -83 11 -22 -51 -73 4 -34 21 -8 -90 -19 -54 79 -35 88 76 83 -92 29 -64 43 72 36 83 -9 93 -72 52 67 -64 29 -25 16 -97 -50 52 60 -91 97 -90 81 -25 -57 -11 -73 57 -87 -85 -23 -38 16 85 58 -99 -98 -70 -33 26 -27 
5 -83 -66 93 -28 63 -92 35 98 -77 -33 60 -64 -63 72 -51 10 -37 -19 55 -97 0 17 -99 -69 47 59 68 -30 63 -98 -92 -36 91 73 -11 -47 -91 56 90 -42 76 4 41 -92 -54 61 15 -59 -17 39 -9 99 100 9 -7 84 -40 -49 -61 -90 58 41 49 -79 75 69 -47 -69 59 85 100 -26 12 -46 -53 -16 -57 -70 -43 -61 
-69 55 -5 -1 26 -24 47 -96 -66 45 68 -52 30 -4 25 -43 -28 57 -46 86 36 12 -37 57 19 51 14 -1 48 73 55 -32 -66 -99 -96 96 92 -72 -92 -79 44 -81 -37 -92 -94 79 66 29 -73 5 13 -72 81 -25 17 -42 -52 3 -11 44 -25 -3 20 50 49 -49 62 82 70 -30 1 65 -18 -79 -79 17 26 -34 100 -47 -27 
-31 35 -91 -31 34 20 94 -9 -67 67 74 -29 100 77 80 85 47 23 -8 25 36 -66 79 -91 30 -92 53 -76 42 -76 -46 17 -22 46 -42 0 39 -75 81 -67 -68 55 -87 -12 22 41 20 -53 12 -1 59 32 -42 75 59 93 80 -22 67 81 74 -55 -49 55 25 -8 -4 -89 -32 15 39 -95 89 83 97 -25 -87 56 41 -56 68 
3 88 -70 -88 73 0 -45 -18 68 -13 -13 -80 -72 73 23 -80 -59 -6 -34 34 70 4 64 -16 6 48 -88 33 41 51 16 91 80 -45 -95 -51 -95 41 -86 -86 76 -55 -76 33 80 -98 -26 -41 -44 56 -40 -13 -100 89 -29 58 -8 1 -40 -95 -15 77 40 35 -47 -21 22 -62 -64 59 -14 -43 -99 -14 21 -24 -67 -49 98 1 -92 
-58 -49 -84 69 -21 1 90 51 -40 -47 72 -47 74 45 -14 -5 53 -74 7 -31 3 -28 89 -15 93 56 -96 63 -39 -47 63 -31 12 73 31 -28 65 -7 -96 56 -54 -97 -64 -52 -55 55 90 -35 -91 44 97 -58 97 69 -57 55 -51 -47 50 -39 -9 62 25 43 -80 1 89 54 -94 93 43 2 -63 -95 59 25 34 -9 98 69 -6 
55 55 2 -89 -42 -88 -86 -74 19 -37 88 33 52 93 25 -24 15 20 -60 -61 28 -100 60 -61 -51 -100 -41 -76 10 52 -3 -28 -87 42 -81 20 13 -32 -100 93 -83 -24 29 -4 -89 -12 -44 -2 9 -76 7 63 -28 90 7 -89 31 56 32 -75 -5 84 73 -56 -2 -58 -9 16 94 29 -78 2 -6 -89 -62 96 -44 -18 41 -4 -51 
84 6 15 -95 64 -81 14 -79 48 4 53 -73 40 -20 -9 -7 -79 -24 -40 54 -55 28 13 81 13 33 -10 39 -41 -29 41 -12 42 -69 88 53 72 82 -93 91 51 13 97 22 -8 -90 78 -87 -13 22 60 91 -25 -3 -23 -46 73 63 81 85 -24 -29 -90 6 94 -51 21 -33 17 3 32 34 -22 7 91 91 -47 31 46 13 -85 
-24 99 -97 -66 59 -89 -75 83 52 59 65 -44 -74 78 -76 0 62 -63 49 -53 -38 -14 1 52 7 -37 60 -54 -83 -92 17 -38 -11 -84 -60 39 -54 -8 -71 81 -49 -35 96 71 0 18 48 -91 33 -85 -93 -95 55 36 -67 -66 -50 42 29 -32 -24 28 -38 94 -59 96 65 62 15 80 47 -78 -38 -2 -69 -48 -62 -79 -79 -97 55 
94 -97 -43 -83 -35 97 94 -90 39 77 -98 -87 53 -2 60 75 77 -49 -59 -47 -87 -67 45 -18 -23 20 14 -60 -41 -36 98 -32 -37 -63 29 -50 71 -16 72 -92 -63 -94 -58 47 42 42 -74 97 -4 -46 -98 7 95 16 -44 -40 22 15 -20 88 62 -75 20 -18 96 -76 -30 75 41 2 -96 -9 18 -54 52 25 88 59 59 81 52 
56 -74 43 -66 -41 -29 -69 -85 46 80 -12 8 -85 98 42 -40 -97 -17 42 -79 31 79 -50 -22 30 87 -74 -68 -69 60 97 33 -11 83 -72 87 -1 68 -96 -6 -8 9 60 -88 55 -90 43 72 42 -25 -91 -21 24 43 -32 89 85 58 -80 33 -41 10 -68 -60 83 -87 4 49 -68 -6 39 25 -80 -7 -47 -18 -2 63 55 81 24 
69 35 -1 18 67 96 50 9 51 -86 17 59 61 -99 6 -11 32 65 -46 43 -6 65 6 72 -72 49 -78 -13 -81 -20 -56 -27 -53 90 -31 -2 89 56 -14 97 -10 54 -59 -77 82 88 12 -66 12 88 -25 -28 -21 -56 -2 -35 21 44 -93 16 8 -22 88 32 5 18 7 66 -28 89 88 97 -88 8 -16 48 64 -27 -89 90 -43 
-81 60 25 -71 35 -15 45 98 75 52 -76 -65 -80 95 -1 23 -57 -19 -95 98 64 31 36 77 71 49 -39 -83 63 92 81 1 57 -51 -75 -71 -21 22 -99 -73 -87 2 -33 72 14 48 90 -36 -46 -43 71 -36 -14 -37 19 89 85 99 -83 37 29 43 11 -69 44 -82 -41 -60 60 -1 87 -95 14 -87 51 53 12 -66 55 -14 -15 
-49 0 -76 19 10 83 -85 -67 -54 -97 55 17 69 -82 66 -97 -65 -92 -93 74 -99 43 -6 -78 19 -5 39 -72 -37 -93 -84 91 -95 62 -22 -49 -17 40 -95 -90 -70 97 11 -91 1 52 -17 90 16 -26 -5 -26 34 82 42 -7 -83 70 -95 45 44 -68 -85 -51 -84 -62 -98 -13 -16 -27 54 -48 0 -4 64 6 -41 35 6 -75 35 
54 -80 81 -62 -63 -5 -37 -97 49 -72 -67 21 -72 -69 24 94 -33 -56 -32 43 -29 -74 -100 -69 0 16 -88 -36 -62 57 -90 79 -58 5 55 -20 -47 88 -9 84 -57 -42 -40 -72 99 2 42 64 -62 -61 75 1 -95 74 -22 -100 -93 87 42 40 95 46 -33 -31 -13 21 3 -26 95 -12 96 61 -45 39 0 -3 -76 49 37 58 97 
48 -89 -53 -43 -96 45 -60 -31 87 -17 29 -69 39 45 -38 30 24 -69 82 -42 8 10 22 0 -38 44 -73 -79 -83 6 -52 91 -79 22 -77 -60 100 14 59 4 -50 -33 37 -72 -86 -75 25 -5 -38 -60 47 -1 -27 44 39 -40 -34 64 -77 55 60 -13 55 -62 -67 -18 -100 -88 35 -48 -66 26 71 19 0 -94 89 40 -55 9 -78 
64 49 -52 -35 1 17 1 73 -34 -62 -40 -92 94 -31 -18 86 -73 70 87 -99 87 76 79 -15 42 28 -10 -64 16 6 25 -30 98 -96 9 59 -39 18 22 71 -43 77 91 51 18 36 -87 -65 -92 99 -20 75 -2 -94 84 65 -8 9 -59 -68 56 98 -75 8 80 79 37 -58 -38 -76 -81 30 -5 12 -82 -61 -97 57 86 98 77 
-38 -25 -69 -78 69 -2 9 -58 -40 79 -67 -55 -1 33 -17 2 -57 51 -15 -49 -26 79 -83 52 66 -1 -95 75 99 -55 -86 3 -16 97 -23 89 98 79 -55 76 30 -88 29 -76 -55 -10 -30 -72 -52 82 -22 -65 92 -64 -53 -86 -5 9 58 35 77 59 -100 -74 49 -85 6 -46 14 14 23 25 34 -35 -10 -42 -42 -46 -4 -11 -7 
-61 -75 -47 91 -83 -76 -98 -7 -15 30 -65 43 -6 58 86 -24 21 -14 92 94 6 -74 91 18 -42 -66 -34 16 18 -14 91 8 -68 -86 -16 75 93 75 -89 100 35 -81 -3 42 -41 -83 -80 -26 -96 62 -32 -52 -21 -30 -99 -65 -63 83 -60 -58 -20 18 -6 29 99 83 -6 46 -37 -77 -76 -27 56 -23 -92 -12 48 -7 22 -5 28 
94 71 37 -24 -79 59 7 57 90 -67 -22 -2 -68 8 -54 -14 9 -37 -70 -40 -42 -34 -25 -25 25 34 92 73 -77 -5 23 -55 64 32 86 87 53 -29 47 -92 -85 -69 -78 98 -100 -91 -66 3 -41 46 51 -22 35 -41 -36 -58 -57 86 -87 -70 64 -83 -36 -89 -91 42 -57 -27 21 -29 19 60 17 99 8 57 64 70 63 9 54 
69 66 -81 -26 -80 -49 -7 70 66 76 43 -75 66 -29 92 -64 -77 44 61 -78 75 62 32 -20 -96 48 97 66 8 -66 31 37 3 61 73 1 73 -87 78 75 -87 -56 23 -36 -68 67 -44 -56 34 94 88 -18 -29 38 -7 78 -30 62 -51 -42 -89 -44 -32 18 38 100 -97 -79 -61 -69 98 -98 -66 64 -71 -43 -86 52 37 49 30 
-15 -33 -82 -94 11 86 -35 57 -73 83 59 -29 -62 -76 68 66 39 28 -9 -47 15 4 84 -77 19 -8 43 98 67 59 55 -84 74 -45 -19 -5 42 72 -4 62 62 -97 69 85 -27 -75 89 21 38 -48 -24 52 15 -29 -42 -29 2 -30 -13 48 -69 -69 -78 3 -26 86 31 -67 60 -87 86 -36 71 60 -46 35 46 -82 29 89 -57 
-14 6 -70 25 -80 -19 -76 51 89 -83 60 -7 -75 -1 -59 -12 -43 -73 -70 6 -29 39 -22 41 -68 -15 -24 19 49 35 58 -87 82 9 -58 -86 65 -14 -32 44 -46 -14 10 -49 -98 84 80 87 -9 -31 91 5 32 75 49 91 18 -69 100 -39 -71 40 -5 68 -5 -46 -1 -100 14 20 64 17 51 45 69 87 28 -43 92 81 86 
-62 79 -44 16 68 12 62 4 21 2 -66 -21 85 71 -20 15 16 65 -48 -4 55 -84 -12 -89 57 -38 26 -7 -50 18 -8 50 47 -78 49 0 35 0 26 88 -94 -5 -19 -45 89 97 -5 -26 94 -39 39 -63 -49 42 1 74 -88 96 56 -34 19 -4 -82 -28 85 -55 100 30 -7 -99 82 80 -4 -95 -23 63 50 -79 84 23 12 
-42 4 -85 63 -91 -20 12 85 28 -86 -94 67 89 -7 -72 76 0 21 49 55 -27 66 59 83 -32 79 93 80 34 74 36 -29 29 87 -90 39 45 3 -5 40 -97 -51 51 -30 -92 -60 -75 -15 -27 52 -49 49 -94 46 59 46 70 -71 -50 -65 76 -21 81 -18 87 -84 -12 64 52 -73 -18 37 94 93 69 2 38 -71 -32 -24 -58 
-26 -26 -17 91 -6 6 -96 74 -32 9 -18 -82 41 21 42 -12 59 -23 98 91 -96 35 86 32 -6 -58 6 -56 -85 -66 77 -46 -10 -50 25 -60 -71 90 85 48 -49 -100 44 87 23 34 -98 -23 82 79 -47 36 25 -74 87 25 44 54 70 -100 40 61 -6 57 37 47 -75 -44 -5 -19 39 32 -35 -67 50 54 -80 2 -64 -21 72 
-25 -21 82 9 6 -69 45 -67 59 -100 85 -88 34 -12 99 -38 -27 65 66 -47 -59 87 98 10 -49 52 -16 -79 -18 73 40 -75 10 19 -69 -7 -81 -7 100 64 -85 99 94 -2 1 40 -65 -19 -75 40 -66 69 -82 -49 51 22 10 -50 -52 80 -9 -46 30 88 26 -17 79 84 -19 65 -9 92 94 -15 -62 -60 -21 33 58 -95 -9 
23 8 -44 -10 -28 -17 -85 -97 91 80 94 -82 -48 -22 10 74 50 33 31 -98 96 95 73 -60 24 -49 45 92 -72 17 -53 94 -41 -10 -38 -51 -42 56 18 8 -94 -92 46 14 6 19 -82 25 23 78 14 26 -22 -72 93 -11 49 20 89 -10 -95 -74 -61 8 -11 77 -73 69 -83 91 -80 68 99 -13 97 -62 21 -70 -58 -40 -33 
-76 -68 -48 71 45 -56 -96 -11 -61 -54 -33 41 -36 -58 49 63 -6 11 30 -65 88 -32 -48 52 -62 91 -50 -69 -70 -99 56 -93 -94 -71 92 36 -91 -55 85 94 90 41 49 53 -6 58 91 20 -5 -89 -81 68 -49 78 66 83 0 -37 -97 42 -89 -93 51 55 55 8 98 2 56 -4 -2 -42 -75 59 -26 -56 -53 -14 60 70 -10 
45 -15 -60 53 -14 59 43 -57 -82 78 -34 -13 -25 60 -14 -71 -67 -76 -53 76 -14 70 -48 4 95 -35 -53 -36 -11 54 -65 -97 -35 74 64 -66 22 -44 87 -68 -51 -26 47 -75 -51 17 -88 -28 -73 69 8 34 38 -38 -58 -91 6 -80 -25 -53 86 -13 -59 67 1 -37 47 -96 -29 88 47 61 -20 -12 -67 42 -71 -31 -1 -32 100 
-16 5 -79 94 -51 24 30 98 58 -24 83 -29 -90 -22 18 -70 35 -14 -10 52 68 31 29 2 -97 77 -17 77 -59 18 30 -30 -12 -57 -70 94 37 -10 21 -30 -70 -15 -36 57 62 -2 -45 62 46 94 -37 -56 56 24 -5 -15 59 41 -27 -43 57 -46 -16 80 26 36 17 -97 -26 -33 -77 -57 -11 44 -64 36 33 89 98 -29 75 
-43 -26 28 -10 -91 -74 -72 89 84 91 24 37 -50 -7 41 -60 49 42 22 -31 -16 -25 46 -82 50 93 -80 79 42 -69 -12 83 -10 -81 11 -35 41 -36 37 -62 -8 10 79 93 50 69 24 -7 -37 -8 96 -15 -92 -84 -69 19 88 50 6 -20 -17 -67 -75 -6 -42 -37 38 35 48 -11 88 -6 -99 38 -22 99 79 71 92 -58 -27 
-20 9 42 -88 -53 -45 -31 -64 61 55 -94 54 76 80 -17 46 -13 23 -58 -71 61 -76 -1 61 0 70 -84 -25 3 -39 -25 84 -16 89 11 12 -79 -64 -79 4 -36 7 33 4 97 10 95 -94 0 -31 53 -68 -3 39 78 -21 19 -33 -4 -39 -6 68 88 6 50 -76 -97 37 -99 -76 -63 93 78 -37 51 -10 -38 -9 13 -2 26 
62 37 -79 29 -70 -4 28 -44 -90 73 60 -76 1 -21 -99 49 -47 46 62 -57 49 -92 -12 62 -12 -7 -71 95 49 -35 99 -6 46 -30 -63 2 -46 -67 16 41 10 47 55 29 54 -60 20 90 27 20 36 -10 -72 -44 87 95 -1 -60 54 39 -90 -79 13 -80 32 37 40 -53 -2 91 77 56 37 6 -54 -39 84 58 35 -67 -76 
20 -93 56 65 -76 -15 -92 9 -50 90 94 -46 -19 -91 -69 28 -67 33 -53 96 51 -28 -33 -69 -12 46 -74 39 -45 -72 -24 -49 -66 6 59 -61 2 -81 33 64 -33 -84 -63 -46 -41 45 -71 64 -56 -2 79 -85 40 61 58 17 -77 -29 23 -45 -93 -27 14 93 96 20 -56 -51 -60 7 62 -65 2 -41 7 -18 -94 16 4 75 -89 
-64 95 -3 -21 86 59 85 -27 30 7 -2 -5 -95 -58 94 43 74 -83 -55 88 94 -84 -47 43 -88 -64 -84 -73 8 36 86 -83 -76 -18 54 -8 -29 -71 76 -92 54 61 -51 23 -45 38 99 -31 62 -46 -92 80 -95 -61 100 42 96 38 -12 -72 -33 96 64 73 41 17 -28 7 -52 86 -58 19 -33 93 -77 79 14 7 65 24 -27 
26 -72 99 47 26 -68 -30 -9 -8 -6 77 63 77 -98 -33 -62 86 31 -48 -73 -66 98 68 -42 -18 33 -34 -43 -11 38 43 24 6 -28 -66 14 48 -72 11 55 -10 1 -70 -20 -64 36 16 100 6 -81 -91 56 46 -51 26 92 -89 33 72 56 64 -47 -57 35 -65 -97 9 48 7 -43 21 79 -75 9 77 9 -35 37 76 -62 72 
-27 3 24 40 -74 -36 60 -12 63 51 43 62 -62 -2 64 73 -8 -89 -98 -72 70 63 -43 43 -41 -2 -4 -88 -14 -90 -77 -64 -46 100 5 -47 31 -47 37 -94 -73 7 -78 37 55 14 -16 -49 75 47 -94 -4 -31 80 62 -69 55 -7 3 42 -14 -81 -38 -72 -47 92 -58 27 89 -14 -28 -41 -92 34 -74 -62 38 94 -33 -79 52 
35 87 -90 97 -71 76 82 -37 75 -13 96 -17 63 -57 -51 -10 -54 69 77 -28 10 -27 -86 -24 6 -32 -54 14 64 10 50 -55 -17 39 -45 100 -47 75 -15 -50 -22 21 -18 43 9 -51 -43 -22 31 27 -27 76 -85 96 19 31 26 46 99 -66 -85 69 -42 35 7 -43 -71 16 -33 80 -3 81 87 95 29 87 27 29 -62 -8 -92 
70 59 -44 58 58 -49 46 -80 90 -9 22 27 -14 -89 54 73 59 29 -14 35 -100 -67 -94 77 -98 60 -29 -8 -24 51 100 -41 -85 35 35 12 -80 -49 -17 -46 6 19 -58 -55 29 -100 16 38 72 -40 38 -95 -4 96 74 -24 -85 -72 -12 46 31 65 -11 -28 27 77 -89 77 43 12 -88 30 -79 35 -65 -58 13 70 -93 -86 66 
46 48 -11 88 23 7 -60 -9 86 3 16 89 -75 -72 64 97 61 -18 -41 97 -20 -38 4 74 -47 -85 92 37 -2 1 -16 -50 9 17 54 -70 19 -19 49 58 49 61 90 -78 -87 100 -89 -41 35 82 -54 -42 85 17 55 -8 -34 -51 -39 -33 66 -62 75 8 1 -66 -57 -69 12 -51 -42 98 -49 -61 -48 -35 21 22 -80 62 96 
69 -76 -87 64 37 -47 43 14 -70 -20 -87 26 41 -49 49 -34 -54 -19 -53 -18 -78 -14 2 -95 66 -82 14 31 -86 53 5 55 -6 -73 -60 25 46 -65 95 -90 -7 -80 17 -81 -28 17 52 -11 21 -58 8 -18 -99 97 -79 -16 -26 -11 81 -37 -26 89 89 -85 -90 -18 -6 -47 73 -65 61 -78 -21 7 30 84 -49 -38 -73 -20 -84 
54 75 68 56 66 38 68 -65 -1 25 16 -45 5 -53 -11 55 -23 -65 98 20 -84 -37 61 -71 -68 47 -86 0 99 65 54 -67 22 32 70 15 -99 87 -82 72 84 -68 -65 -81 27 70 -83 -63 95 -99 -40 84 -41 65 -83 85 -40 43 -37 99 -24 98 33 41 -67 -96 -65 50 96 -53 -44 0 -59 70 -78 -72 -95 -87 -62 44 53 
16 18 46 -50 26 21 -84 29 48 93 25 83 11 2 -30 -65 67 53 61 70 -65 -74 8 -82 -12 18 -42 14 -86 65 98 -88 4 87 84 85 -67 31 14 44 89 69 46 -15 -83 37 -10 -63 -81 -53 -80 -35 -88 7 -53 36 5 29 58 -29 26 -10 -18 99 95 -27 80 -42 -47 -94 43 -77 15 10 59 -97 12 79 98 -53 59 
60 66 -78 -6 65 -72 37 35 81 32 -14 -88 14 28 -19 12 73 -36 76 99 -33 -81 -75 41 66 -87 67 -40 89 -61 69 25 99 85 -49 31 -51 75 -27 -8 66 15 21 -31 57 -95 80 -28 -5 5 -44 -18 -34 9 -14 18 62 -4 -95 -89 99 2 94 75 78 -29 48 90 -17 68 76 -1 -97 -81 -63 -49 -70 36 -85 -35 49 
-77 100 73 -90 -71 36 30 -27 47 -10 91 -64 -21 50 97 68 63 44 -55 -7 20 -98 -84 -39 25 -48 -28 46 -96 41 82 96 18 -55 96 -97 -65 -24 20 -90 34 36 17 1 -41 96 1 -60 -2 8 36 89 76 71 75 -61 94 -70 61 -63 -56 79 42 -91 59 1 83 -25 -42 -12 -24 -65 -42 7 54 64 -13 22 -11 25 59 
-21 30 -22 45 22 79 97 -74 85 0 -80 -76 18 -48 -82 -65 -41 68 -72 75 -5 -80 -64 20 2 88 63 58 -56 -36 60 -72 -49 -14 33 -36 17 -35 59 -61 69 -93 -88 -51 -66 77 41 -69 -69 77 -64 -70 -92 -15 -7 17 -23 -22 -71 -85 61 -43 2 -9 37 1 42 -14 -81 37 68 -5 -33 9 41 -24 16 -68 -97 3 -22 
-30 -99 92 -61 6 92 100 97 -53 14 -53 43 -95 36 -6 -59 -66 57 -41 -1 -12 -54 87 -63 -46 8 36 55 -8 15 -70 46 31 -90 8 27 -98 78 -89 31 -13 -23 -66 -2 41 -68 -54 -48 77 -59 -83 -16 -80 71 -65 -56 65 56 69 3 77 10 25 -93 43 7 -2 35 -37 -79 85 77 4 38 -64 -90 -75 -31 37 51 -56 
95 -78 -73 43 8 -51 98 -62 75 17 91 -59 50 9 58 28 -43 -7 80 86 -92 22 -72 82 -3 96 -91 -41 43 38 -63 -90 43 20 -77 6 45 -22 -65 23 -35 90 -91 -50 -47 2 11 -30 32 -38 -38 56 0 82 -87 -17 8 -86 -44 -72 -9 -78 16 -71 96 82 90 36 -51 -61 2 5 52 -29 -95 -38 -26 29 8 95 -14 
35 82 -61 -88 -47 90 73 16 -94 68 22 -35 27 14 29 -26 -25 46 -56 71 -8 31 -83 -12 61 -56 -15 59 -16 -34 34 -48 67 -40 -87 22 82 -52 74 -92 26 5 -54 3 69 47 4 7 19 -36 -21 -39 28 -84 58 -27 -97 -25 -50 -40 -81 -51 53 -70 -53 50 -45 93 -67 83 -10 31 -39 -1 2 10 -39 -34 -65 40 -92 
-92 17 -3 -41 -56 -26 1 51 26 8 -28 -16 75 12 43 -8 -62 -21 65 -37 -37 -67 -96 -36 -7 -37 33 41 -89 -7 -32 32 100 39 17 -19 -44 19 28 -86 -6 -15 -80 -56 -11 32 86 46 51 -78 79 -29 25 -8 -80 -60 65 -34 99 76 -56 79 90 55 -78 -57 -38 67 31 -31 -24 100 68 -26 -67 2 -64 2 93 2 -55 
31 56 -40 66 16 -19 -25 76 3 44 -45 -22 -100 -34 48 -49 55 -18 3 -12 -46 -57 82 -3 25 -40 -10 -56 -59 -48 94 52 -2 -33 81 51 -5 -86 73 -57 -27 -90 48 44 79 15 81 75 5 -58 50 19 -35 52 59 -64 73 -82 -31 -7 1 32 -53 8 -51 5 86 -66 47 42 -25 -58 38 74 -4 -89 98 59 -43 -17 -81 
-7 -9 39 9 67 -46 97 -34 98 5 -86 -85 -49 59 -13 -15 -6 62 36 60 68 -47 -69 35 -54 77 35 71 49 22 -41 28 -48 61 4 52 92 -9 -87 -15 85 44 -77 -99 75 82 -73 -38 -95 76 80 26 -31 75 53 -53 -86 96 50 69 -96 -46 81 -31 -62 56 -81 55 79 12 -75 57 47 -36 14 57 94 -13 -8 85 10 
-100 90 -2 60 85 -41 -18 -56 -38 -89 -97 73 -67 -78 84 -33 88 49 -50 -22 32 74 9 -62 32 8 -54 76 -11 -57 -7 86 -56 -42 30 -47 28 -27 -50 24 77 -77 73 57 -6 -22 -9 59 -99 -36 6 -52 30 0 28 -88 -67 10 -99 -85 34 -60 99 15 -24 -46 -15 49 72 11 57 -29 -38 4 13 -47 100 -78 2 -2 99 
-95 -17 -48 71 -72 -4 -43 57 -43 100 93 20 53 26 -68 45 -87 -64 74 -72 -58 -6 87 -93 3 -87 -26 -40 -1 84 61 -79 -23 38 67 68 39 -60 -9 55 87 -1 80 63 -50 -51 15 88 21 84 -11 -71 66 100 -36 48 48 -57 -30 -90 -53 -62 -11 89 -52 -97 28 83 -75 -45 77 3 96 25 -33 50 -100 31 25 0 -82 
57 54 84 -22 -43 96 67 49 26 87 93 4 45 -63 1 46 -74 -13 57 -3 -10 46 93 -88 44 32 -51 -47 14 87 32 9 90 -40 -91 46 68 -58 -23 23 -57 -25 95 98 64 -84 40 8 84 -43 83 -35 -91 45 -83 66 36 69 41 -76 -96 -71 -56 85 -18 19 -14 -28 -86 -59 -25 -19 74 -69 -13 9 -95 -46 -62 -87 97 
-79 -88 16 -79 -13 91 69 -24 76 -91 -30 19 -100 -98 -48 28 65 -67 28 -51 -70 -19 94 17 0 -26 -16 12 10 -50 85 79 72 -7 -20 -27 81 20 90 -55 -55 17 -35 67 -95 23 31 88 22 -40 -80 16 14 -60 56 -96 -5 94 -92 -59 52 29 -85 -67 15 52 -71 16 11 -57 98 51 -92 -24 8 -53 -38 -98 2 -80 -20 
-59 21 1 -10 -33 -20 -9 38 22 -18 -63 85 20 -36 86 -31 -92 -27 41 -100 -66 -57 40 -59 58 44 31 80 12 -79 -89 32 -36 89 -27 23 56 5 -69 -30 -12 14 33 52 3 -19 -94 -86 -25 86 -21 -35 75 59 8 -33 100 -91 -92 64 -86 95 -88 27 -99 51 -6 21 73 19 94 77 -13 5 44 -22 51 -54 -73 -67 -5 
-27 31 -92 -23 99 -41 28 99 43 75 -72 46 58 -72 -19 -93 26 -31 -29 -28 96 -42 -21 3 60 -51 -15 87 93 -97 15 -87 84 100 59 -60 98 -40 42 55 -28 -79 49 32 24 62 -98 83 -90 23 68 44 7 44 -48 33 -16 -37 8 -91 38 -1 -55 86 -52 57 42 55 -80 42 -58 47 59 81 -81 4 88 -96 -22 77 0 
-34 50 -23 90 -68 -48 -31 61 90 -75 -31 -92 35 -42 -71 -82 67 50 80 -24 98 96 -88 30 60 91 59 -14 42 22 -59 25 28 42 -33 94 58 14 -15 -36 11 -9 -98 61 13 75 96 -67 42 -11 82 -20 80 96 8 60 -12 74 69 29 -52 -17 33 -67 -12 89 -67 -23 -47 -27 22 46 33 -63 83 54 -12 1 -5 89 2 
86 89 71 -55 -50 -76 -8 -94 -24 -28 28 -48 73 15 23 -75 57 -27 44 -39 -54 -58 -87 40 21 -36 67 77 21 -55 -26 -34 -39 -94 34 -61 86 -73 -41 -44 88 38 100 86 -58 -42 -80 60 22 -11 -84 -6 90 20 88 63 -9 50 -35 -92 -60 66 72 3 -87 -48 -24 -7 88 -86 -52 77 -37 38 -38 -47 -64 89 75 -89 -24 
-5 -92 20 -38 -47 -59 -33 -41 -97 -82 18 -24 51 25 58 30 50 57 44 -74 89 4 41 8 -45 -86 92 -9 81 -66 9 -30 43 -65 -12 28 -28 -85 -9 -69 35 6 -20 4 83 58 -5 -55 91 -26 31 -95 96 -12 52 -6 100 -53 -53 66 -39 -56 -37 -77 -61 -38 34 51 3 -19 -41 -55 -77 -16 -21 -7 -23 20 10 31 -43 
-52 -37 -57 -66 -30 83 90 50 -54 -13 13 -5 -31 -18 -23 -29 -98 -25 81 37 -32 0 -81 -31 88 -73 -96 -27 92 -93 40 -35 20 51 42 82 77 -81 20 -29 -26 86 -69 -65 49 -36 -98 -74 48 85 91 59 88 -71 -42 -62 41 -81 73 97 -54 54 22 -88 -9 -75 -77 -62 24 6 -9 -11 93 94 -36 59 -77 74 -86 -27 1 
-92 -3 -79 -23 49 -77 -75 56 27 2 74 87 96 -100 52 82 -91 -37 -20 1 35 -59 2 69 82 -76 -88 -14 91 33 85 38 56 -21 -65 -9 100 1 -34 42 35 54 -33 -13 -53 -86 -35 78 33 85 -52 -53 -61 -46 -4 -88 -39 -37 96 64 -39 -1 25 -78 -66 92 3 56 88 91 66 -57 27 86 -89 47 -58 -74 69 49 -99 
58 81 72 40 -41 46 59 -12 -25 -96 -80 4 -54 19 6 -89 68 -82 22 70 41 78 -1 91 -68 -28 23 -80 -49 -34 51 -2 -97 -63 -79 84 -68 74 72 93 88 -88 -11 67 69 47 -80 -82 66 60 -56 -7 -91 98 -72 41 6 50 -52 -42 -14 29 4 -48 -100 -83 -11 -7 -59 -57 -52 87 -64 7 -19 59 99 -78 -37 33 64 
-100 -11 -40 13 -42 27 59 -79 -34 -52 -5 -30 -74 2 33 7 -31 75 56 -11 52 -52 -52 36 74 -85 -37 26 -68 27 -51 -12 -89 81 0 4 91 58 92 39 -9 -13 -48 -54 41 -50 62 -78 92 77 -31 -1 -29 -89 39 -26 30 79 30 -12 23 58 -71 -5 -69 27 53 92 84 92 -24 44 -54 -48 0 54 -27 -16 6 -24 -75 
96 89 -97 -67 59 97 5 -49 -37 58 40 92 -72 45 89 28 75 65 32 62 88 -78 -61 4 88 -87 -85 -16 61 -25 47 -1 -82 65 -28 -97 -13 -47 23 3 -25 94 -5 -23 -22 97 -65 30 4 -45 -33 8 -66 -37 23 69 2 69 64 -69 90 -35 14 -4 7 45 -59 15 -64 -61 75 19 -27 -70 60 6 -89 -74 -82 -55 -4 
-71 89 -38 -22 73 -74 98 77 -50 -47 -11 -69 51 -11 -66 70 15 86 -71 -46 -93 -94 -21 26 71 -76 -18 82 -98 92 -45 -8 74 -12 -90 54 -51 -5 -4 2 29 -27 62 86 -32 -74 79 96 43 91 -87 -68 94 -95 28 63 -64 -1 -7 66 54 67 -6 -25 -3 -61 -57 59 64 -78 70 15 3 37 -16 -99 -97 -85 -55 -36 -20 
13 -60 -2 95 66 10 -74 93 67 48 -21 -28 -44 -51 -53 -52 19 64 89 -78 -72 -59 8 -79 21 -38 18 -77 -44 100 17 -3 53 -94 17 89 5 -72 71 73 21 38 95 19 97 100 20 -19 52 16 50 48 100 67 97 8 -8 -98 37 53 65 52 -44 -11 52 -74 7 -82 -45 31 -26 67 72 34 -71 45 24 -71 -41 -50 -96 
54 -64 -74 60 34 4 73 71 32 21 100 -51 85 -95 -36 56 -64 10 -30 1 65 -12 -45 -57 39 1 -38 -64 79 40 3 -5 38 -52 -31 -45 98 56 78 41 54 -78 -16 37 -16 -49 47 13 34 24 -38 96 -41 -3 -37 -19 49 -99 -62 59 7 5 -5 -98 70 10 -63 -66 -4 92 32 90 49 -6 47 9 3 -58 15 -80 -27 
55 -22 -76 29 -27 8 57 -45 -23 -13 -13 -87 -66 12 -1 55 31 -12 -71 -83 -11 97 4 56 21 80 -63 -24 68 55 -78 42 59 -36 93 -47 88 11 -22 10 45 80 -59 56 -80 61 -26 -47 -76 -15 26 -20 -3 19 -67 6 -58 24 34 -82 47 53 46 48 -30 72 -37 28 -35 66 100 -20 -48 -47 -4 -20 -3 65 -18 -42 12 
69 -99 76 92 26 -79 29 -9 -51 42 -75 -50 93 -13 -10 67 58 20 -14 -98 -93 92 68 -23 45 18 -49 -17 30 89 63 37 -99 -55 21 -67 41 -53 -35 24 96 55 55 24 -44 -48 38 -41 33 -26 8 70 44 -49 69 70 -34 35 92 78 -34 84 -97 18 73 40 -80 -100 73 -16 55 -31 -62 15 13 53 65 73 84 87 23 
9 -70 -72 -10 -73 -9 -17 60 60 72 10 32 43 97 54 -77 34 45 -73 64 29 24 64 36 42 22 -27 81 -7 22 -76 19 56 4 95 60 -65 -23 -46 -59 -5 -46 -43 -76 -87 41 -24 -21 69 -85 8 70 -20 -100 -87 84 97 89 76 -46 37 95 96 -51 59 -46 -47 17 -58 67 67 23 -7 -46 -42 7 40 29 48 -89 -96 
2 15 -52 -97 -14 82 -98 -81 -43 11 -81 74 50 7 86 -66 -65 68 77 83 24 -88 26 47 -15 91 -32 -85 -40 -39 0 -6 29 30 20 45 -5 62 44 -98 -34 77 46 -63 -11 75 18 -50 36 -96 70 -1 -43 85 27 38 78 52 28 -70 -34 87 -73 4 100 -61 53 -86 -45 27 66 95 79 -89 83 -67 -36 -19 -30 -35 -71 
44 -44 -86 0 30 34 -90 -60 4 73 -62 -55 -91 22 94 -79 -10 53 36 29 54 85 32 -20 -71 -40 -55 10 80 85 -21 -69 1 7 25 -70 72 -97 -43 90 13 -64 -30 51 29 -18 81 -46 -83 93 67 85 -18 0 -49 46 -51 86 -8 43 62 -12 -5 95 93 24 -71 -95 93 40 -18 64 -88 -42 -78 -56 -60 53 22 57 -80 
39 64 8 4 -19 90 -38 -37 44 -81 -25 -63 -14 -53 13 12 38 -73 39 -56 77 70 65 -95 91 36 -55 77 -17 -77 -44 21 -33 96 -7 25 44 3 40 -88 -4 -94 -95 75 -63 -16 -35 92 94 7 -15 12 -55 86 -14 44 37 0 -98 43 -67 22 70 -34 -23 34 -20 -42 29 26 69 -55 80 -4 -68 -3 -47 21 16 -65 7 
90 -28 7 78 29 10 94 -24 54 -88 47 -89 0 -56 -88 96 92 37 53 21 8 57 78 5 -5 -23 44 -24 97 -45 81 14 -73 38 -83 -5 25 -3 -73 35 4 -98 -72 -87 57 0 59 83 -97 -36 -11 -78 -21 -70 42 -42 45 -11 -11 -12 -1 99 33 40 -44 17 79 -76 60 42 60 30 45 69 -56 43 -24 -6 -98 -83 -15 
57 -30 -84 -50 3 42 97 -85 -87 80 49 97 -26 -70 14 95 82 -89 -87 58 24 98 -31 95 -27 -12 83 -4 -15 -98 -5 -100 -58 74 -62 -59 -90 35 55 -76 -12 -88 -97 -61 16 -21 52 2 81 24 -38 8 73 92 73 -20 -53 16 46 27 -80 12 -99 48 -79 -4 76 -16 16 -24 -61 -35 48 98 -15 -39 -97 74 77 -69 85 
83 6 24 -74 -95 41 43 8 -82 27 70 -31 -33 -3 58 76 -30 -62 24 -75 -55 -69 20 63 64 -25 -94 52 78 21 98 -73 -49 69 8 -41 77 9 -7 -78 44 -15 -22 -64 -100 27 7 96 17 57 -70 -14 -72 -12 -64 38 82 11 7 95 -50 -42 31 7 89 13 -5 51 -1 39 80 -6 9 32 83 -32 -49 45 -48 -33 -34 
36 3 -71 33 -60 -75 -61 47 -94 -73 22 -19 69 49 27 76 -84 -96 17 -97 -59 -36 -6 -79 -60 98 36 -41 14 -81 -31 -80 -46 -51 53 58 97 87 -15 -80 64 -77 -86 -36 84 21 -97 -56 86 -76 46 4 55 9 61 -11 65 44 -40 -49 -88 67 -52 -17 -86 7 -43 -3 -57 97 -37 -17 4 7 -21 -17 12 -59 -38 89 -97 
-56 89 40 37 14 45 33 35 -93 -26 62 -74 -42 -60 30 80 21 -46 -42 44 24 -88 -49 -20 26 21 -54 99 -54 -55 -75 18 77 50 37 -83 29 30 -8 54 -44 21 -4 -6 5 24 45 71 34 -61 -56 -4 -35 -18 -57 -33 -41 38 15 16 -1 10 93 -2 26 -11 -37 -33 -96 -6 90 -23 -47 -73 -22 85 16 -78 54 52 80 
-61 16 -76 50 4 -28 -13 66 -67 -8 85 7 -6 88 -52 100 25 58 28 -29 92 28 -9 -82 87 93 29 74 -19 13 64 73 -35 68 -58 19 94 -68 95 53 9 58 -79 -40 -81 52 -65 12 -3 -50 6 59 -69 -4 21 -60 98 58 -62 -86 -98 -98 57 -76 99 -83 -5 -30 10 -41 66 -47 80 3 -16 10 1 -58 -84 -74 -79 
3 -29 44 79 -82 44 39 -79 41 -76 -21 -96 -73 25 -12 75 -63 -79 86 -99 -7 42 65 -98 -80 -26 -92 -86 -2 38 -44 -79 45 -64 -11 97 -94 27 75 -56 -86 55 -70 -24 14 20 35 55 -29 96 64 -42 3 -81 49 -53 -9 -54 -10 4 49 -15 32 -62 -75 26 1 -86 100 -26 -36 -100 -3 58 30 -83 -32 89 -83 -53 -42 
-11 90 -6 24 -47 -52 -74 75 24 21 -46 58 95 -7 74 18 30 42 85 14 46 81 18 84 -81 87 -23 86 82 -52 62 -5 -32 -36 -61 -48 -95 -92 -47 -51 74 83 51 -81 -24 48 -92 89 -1 -92 -32 80 32 72 55 15 75 10 19 -34 -22 32 -35 88 99 64 20 -49 -50 -85 71 -97 84 28 -44 -17 97 39 -95 -93 26 
53 -93 88 -89 -38 -84 -15 44 -4 -63 82 -55 51 72 63 0 60 -61 22 82 47 -84 31 94 70 -74 -66 -32 100 90 37 -85 34 74 18 -50 -83 -26 89 -39 57 -51 -3 3 -40 -16 -42 47 -75 95 -77 81 80 -12 18 48 -62 33 -100 -51 53 8 9 -15 10 -85 32 95 96 96 -99 -3 82 45 -5 31 86 64 -82 24 47 
-100 68 -82 -87 58 95 -70 -21 -57 -31 -95 -100 72 22 71 98 -38 -47 55 -44 -15 62 -24 -45 -97 14 76 -24 63 27 81 -82 1 -40 38 59 39 78 -18 -84 90 -78 80 -35 -28 -13 -4 38 -60 52 72 69 -8 -80 87 46 74 71 49 -85 -22 -5 -19 -48 31 66 64 -23 46 63 -1 2 2 -61 21 8 41 -12 -48 -23 1 
-36 41 -85 23 52 -11 99 -82 -39 86 -11 65 28 16 -87 68 18 36 -52 -43 80 64 -14 34 -82 73 14 -34 42 100 91 -7 33 -96 46 18 85 -39 -40 -78 -55 -21 -98 78 -95 49 -82 86 -41 81 -72 21 84 -93 -28 51 54 71 -7 16 25 16 -64 8 20 59 -65 86 -66 94 -99 67 45 -63 -39 -85 38 76 -30 100 68 
47 -3 19 60 47 40 4 49 5 99 17 46 -75 -100 24 -13 -20 34 6 62 73 -83 65 -54 -88 -98 53 -14 28 -55 -42 -81 -62 38 -83 18 -31 6 23 -75 82 72 -65 84 77 62 -88 11 63 -25 -16 -15 18 -15 65 57 51 -20 70 -44 -73 19 78 35 55 55 -72 2 78 -45 99 -85 -96 41 66 84 -11 -95 100 -96 23 
-79 26 -35 0 -8 65 -43 -36 -34 -92 9 43 -50 -71 63 77 83 59 32 36 4 23 -94 9 -47 19 51 15 58 42 83 22 -77 65 94 14 -29 45 77 25 -60 -1 -3 -5 -55 -86 -51 71 75 17 17 83 86 -21 19 -88 -37 -25 -87 4 -82 44 -76 -46 68 -41 -46 -13 15 55 -5 36 57 -4 58 -40 -61 39 -12 74 85 
61 1 85 -29 -16 80 14 -54 -71 -14 94 -41 12 -13 -5 30 -59 -64 -7 -14 -68 27 63 44 88 -6 29 46 31 -87 -92 -18 -99 77 -86 56 81 -17 65 26 55 39 -100 78 -19 -37 78 -79 39 -73 43 -86 69 -9 -99 30 70 9 59 -12 10 20 27 -93 -51 31 20 -10 86 -96 -8 75 -43 -71 86 59 -64 91 67 93 -60 
53 -13 -16 0 41 57 9 -11 -80 35 39 89 26 25 -93 -90 13 -91 70 -16 39 -18 -74 49 -13 -82 -3 -95 -92 70 82 46 -6 100 -38 -98 -2 1 24 -49 -15 22 -60 90 17 51 19 35 -65 -10 17 82 -56 25 14 -88 -92 68 34 43 -97 -7 12 4 -96 -86 -79 -83 94 96 -5 100 -40 -77 43 85 -25 73 27 -38 -65 
-88 33 -48 71 -80 -83 86 5 98 -13 -2 -28 -15 -61 -71 3 45 41 -80 -47 47 16 58 62 39 63 3 46 -62 18 11 -67 -33 -19 -5 35 39 -64 -69 -83 24 -43 -95 -42 -80 54 -33 72 -89 11 26 -100 70 -61 40 -39 67 17 -37 38 61 -32 -78 -51 -46 91 31 80 44 -22 36 -29 44 82 74 -89 26 20 -22 26 -49 
15 86 -100 -10 37 -13 -59 -84 70 20 10 -24 -32 -100 -44 84 -99 -32 -67 -24 -85 -10 59 63 100 -60 -81 1 80 82 -66 27 -33 -80 -30 -99 -52 -97 30 -36 -39 38 45 88 -70 5 -1 -93 -30 54 -48 97 57 -8 -40 50 -19 -75 -41 69 44 8 18 31 -30 99 -70 9 100 79 -59 -43 100 31 1 82 99 80 -41 88 -33 
87 67 32 -54 93 39 94 -94 -43 85 -66 -13 65 51 27 34 -5 -26 -18 -36 -39 -96 80 80 -75 61 75 -34 0 65 -13 93 24 51 47 69 53 -72 -19 60 87 -87 -89 46 -85 -70 45 -35 99 30 45 -6 -82 41 49 17 40 -98 45 16 -100 10 -96 -24 -98 -48 -100 82 -45 -12 -75 -68 -19 16 -35 -41 -92 -92 11 -88 0 
-18 -29 89 39 -69 -66 11 92 -30 -26 -82 10 24 77 -4 94 2 91 60 71 -91 24 -71 -42 -55 -27 -37 -61 -12 80 41 -72 97 -33 -12 -74 -61 -91 -82 16 64 -58 -68 86 30 -29 89 29 -77 -18 -32 71 -17 -87 -7 37 -78 94 -68 -56 81 100 5 14 53 -38 10 -6 60 -35 64 14 -70 -22 34 -57 -22 61 -31 -86 69 
-83 36 -35 20 48 -27 -4 15 65 24 -63 -20 34 -99 58 67 -15 98 38 -15 -39 -98 -90 -20 55 94 -68 99 72 45 49 -80 -88 -34 19 -14 31 23 87 -88 -99 21 -72 -3 -81 73 23 -9 2 13 -84 -6 94 72 -53 90 49 -25 75 -61 -78 -4 0 61 89 -2 49 83 23 -65 -41 5 72 -84 75 -88 17 93 29 -4 -16 
-92 -40 -94 98 52 32 43 48 37 78 -76 90 41 26 99 -10 5 -49 49 -54 -48 -10 -99 -66 12 33 83 -35 52 72 21 88 78 -65 -40 -41 56 -33 59 -42 -44 23 83 -99 -80 -2 79 80 -57 -90 56 -86 -75 -75 -91 41 51 -76 -76 -87 -36 0 -33 -32 30 88 -90 27 82 -58 98 22 -100 -21 23 -25 -28 36 39 78 30 
-17 73 -34 -10 74 92 -44 13 -92 49 66 40 -85 62 -92 61 41 -61 -35 -50 8 58 86 82 83 54 16 -84 76 56 -21 -18 68 -21 -78 90 63 43 -9 -51 29 69 4 -79 18 -49 69 87 27 47 72 46 -46 -42 -32 -3 -48 64 -77 -15 -38 -19 -90 -16 50 90 -11 74 -43 -1 -96 21 51 58 65 85 -57 -72 -87 -25 69 
-95 83 -5 28 -92 91 56 19 98 -2 -32 21 73 13 9 78 -16 -53 37 -79 -45 75 -62 -70 -6 -45 -43 -63 -68 -42 -58 91 -20 -67 -44 1 52 -57 -50 -69 78 13 -58 -1 -87 -30 -76 -29 -53 24 -68 5 -35 -29 -3 30 -60 67 -5 -36 -66 -64 -57 -8 81 73 36 -21 11 30 -52 -15 -58 -64 25 -53 25 64 -53 8 62 
11 -68 27 13 -86 62 -96 60 -79 37 -87 46 -10 30 93 -29 -82 -31 12 -97 44 -5 -21 -32 -41 4 -36 24 69 87 89 -38 14 8 25 7 32 -43 40 -19 87 -94 -7 11 -68 -98 37 56 -28 36 42 60 7 -24 -12 -46 38 -97 77 -88 21 -59 31 -57 -57 4 52 -7 -7 98 13 -60 -99 51 -45 28 -66 -65 23 31 78 
79 -45 53 -39 -59 19 50 31 -35 88 72 -57 21 -99 32 -13 92 -57 99 100 -73 2 68 -73 17 19 93 80 33 -54 -86 83 59 -78 -60 -85 46 28 -56 -48 -34 -84 85 -24 32 14 -99 30 -43 83 37 5 -3 18 -40 18 -27 -67 83 43 13 66 -19 53 -77 91 19 -13 95 26 40 77 11 45 -38 72 85 -25 14 3 74 
-69 3 -16 4 -13 -54 53 -77 -31 -43 92 -15 21 81 -19 51 -38 -70 59 60 94 -2 -50 51 63 -50 96 70 -61 1 -78 58 62 19 32 73 -44 -69 50 43 -86 3 61 -9 95 71 -1 -40 32 90 -71 98 -69 13 -37 -17 17 38 -12 -2 63 -85 23 -44 2 -24 68 87 -4 45 34 -65 -55 87 94 39 59 -81 -9 100 7 
-38 25 -63 -26 60 73 -79 -90 0 93 13 -78 -75 -37 -78 -14 -23 -86 69 79 58 38 46 97 63 63 -91 -27 -78 53 -53 82 63 4 75 -12 -80 -66 -44 6 -15 -76 19 79 -12 -11 -29 65 -27 87 -36 -46 -41 58 93 -85 -67 57 -47 -83 54 10 -7 -53 2 -73 -12 83 -68 42 26 27 43 25 26 2 -96 -33 -78 -30 54 
0 21 0 -50 94 -32 59 64 96 -95 -29 -80 75 -66 65 56 -27 50 -49 71 -31 -69 -85 -52 52 71 98 2 -34 23 45 78 -12 -81 71 97 92 -56 -77 54 6 -54 -15 48 11 98 -91 -13 -43 -86 36 93 27 17 -63 -96 46 -60 89 -39 23 5 21 -96 97 48 15 3 -78 -93 -22 -47 87 73 -10 -72 50 27 86 29 -93 
-87 15 75 -36 -63 -7 58 94 -13 -46 -88 -3 32 -34 31 34 42 3 -62 -37 43 -88 -100 25 -74 62 -55 -3 50 68 31 94 -41 -90 62 87 -60 -26 -18 -34 34 24 72 -95 -30 -74 13 -9 -4 -82 37 12 -51 6 93 59 -26 56 -41 2 56 -5 16 56 66 -26 -98 -78 96 82 23 48 -77 -82 -95 65 -100 91 42 27 -42 
97 6 9 -46 -48 -68 -14 94 -92 25 19 56 66 89 -62 29 46 98 -44 -21 -15 22 -59 -34 -90 82 -57 63 -49 -79 26 -5 -52 1 -14 -94 -94 -95 -82 72 -85 13 -31 -46 66 71 -22 65 84 -3 56 3 43 38 -29 -29 21 96 -21 82 31 -13 2 73 72 -96 -22 -27 -12 -67 88 48 -44 19 61 -96 -49 79 48 -29 -31 
91 16 13 63 4 4 -67 -8 91 59 81 -43 26 48 83 -12 -14 -91 14 8 68 -7 71 -90 74 44 -36 -20 27 -58 87 41 -90 -49 -82 -19 -9 -26 -55 -4 -58 62 -80 -88 94 18 67 86 59 -54 -45 -1 -8 -47 -90 -28 -60 34 -1 -27 -73 38 22 35 78 5 -7 74 -63 -28 28 -41 -52 -85 38 20 -71 -94 89 74 58 
68 -54 18 29 -56 -79 -54 -31 70 33 92 17 -68 -50 77 -54 49 -34 88 50 87 -25 -62 -25 57 99 10 -81 71 -35 0 80 5 -87 64 -2 98 14 49 28 85 -60 -9 73 -98 58 16 66 59 -76 11 21 -86 -32 -45 -40 25 -51 -78 -41 -22 29 -25 91 -47 43 50 -18 -69 -15 -13 -52 63 42 35 59 -35 -44 -91 65 -72 
56 99 -48 24 63 74 81 -59 97 89 58 -30 -36 14 -15 -3 71 51 47 -4 96 47 98 -87 -66 44 -80 -66 -87 65 -29 6 -88 -96 -35 -21 85 4 -90 -23 19 -99 0 41 16 33 77 12 -7 -42 -93 97 -35 6 62 -20 35 2 98 -18 -15 -90 -49 -31 6 58 54 -26 54 -16 -92 -91 18 -39 -6 -24 -78 -42 -18 77 33 
6 63 81 11 -95 -90 59 -48 -59 -67 15 -33 -59 -30 -74 -24 -6 -21 -68 20 46 -9 68 97 63 -67 19 -22 56 -62 -89 37 49 17 -93 -100 -100 65 64 18 -10 -84 86 -93 86 -53 8 39 96 4 -1 -81 56 32 -37 -25 57 -16 92 -39 3 -36 28 18 18 -74 33 -96 -37 -46 -59 8 -47 -91 22 -21 -56 -42 24 -35 -85 
19 -34 -4 37 0 4 44 4 97 -61 -54 -9 -46 9 81 -17 -76 -34 13 -80 25 39 -87 -53 -42 -97 63 11 96 -29 -19 77 65 37 49 -21 74 13 40 52 88 -17 -68 24 -30 -6 49 32 24 51 96 41 84 -80 -100 74 43 -10 49 -43 77 -94 -51 -50 91 -88 36 -89 -5 -41 70 55 -53 -53 51 93 -95 45 69 11 -39 
-27 -69 8 97 30 -19 -57 -44 -93 -59 96 47 -36 80 2 60 -70 -90 -27 -2 1 -48 -35 18 97 44 -9 -92 -78 64 86 0 -75 78 -11 -27 -36 12 92 32 -15 35 14 -52 40 63 32 -66 -81 7 3 -79 49 -87 -27 95 39 -76 16 -28 -13 -28 8 78 67 66 97 -95 -66 -96 45 -15 97 89 -61 -77 -77 83 -78 23 -93 
-82 13 59 27 -6 -39 -97 98 -51 57 88 -83 82 -45 -73 -24 28 -7 -62 -64 73 -25 -38 -99 33 66 -69 -1 -88 78 -53 96 -83 -13 -15 -35 -42 60 -6 99 80 -36 -95 46 92 -23 -70 59 -48 83 100 15 -18 58 61 44 64 67 56 33 -22 26 -32 -68 17 -80 -84 -62 76 21 -87 -80 54 -85 -84 -36 -66 13 42 -51 78 
1 -89 -66 -9 -32 43 -95 -29 20 77 94 -95 -34 40 -88 82 -26 -45 -74 -56 -64 -51 -38 42 -47 47 -2 -34 13 5 0 -46 -4 8 45 -61 81 -78 54 64 -33 75 -49 97 22 -84 -36 74 74 -88 88 37 26 95 28 -76 -26 10 53 -37 44 -17 87 53 50 37 1 38 2 -43 5 66 87 -93 54 -23 91 -60 -30 98 -25 
-32 37 48 -73 -16 -73 43 89 -71 -75 0 -21 -64 92 83 -7 -35 29 -54 17 -95 31 14 -51 -34 -50 30 -99 36 77 -13 72 -93 48 -97 -54 -35 -64 73 -17 66 -71 -28 -66 -44 -52 -33 -84 -78 96 -47 -38 33 26 36 -11 -47 -77 44 19 -78 27 34 25 48 58 27 64 -81 -13 -69 52 21 -91 2 45 -50 21 72 -88 -5 
-26 -48 -91 -6 -31 65 57 91 -28 57 3 99 -54 8 -29 -65 93 67 -49 33 -98 -59 82 91 45 98 66 -58 97 -14 75 -93 70 -43 -20 13 0 -10 -63 -51 -33 59 17 86 90 29 69 -61 98 77 95 -84 22 94 -97 -4 52 -17 -12 -39 -45 21 -70 -40 31 29 -27 -71 -10 -98 99 13 40 -13 -9 44 47 -81 -82 65 88 
-36 -23 -84 70 58 -48 -93 -23 41 18 -57 5 -53 16 45 72 -23 23 -100 -81 64 -41 3 49 86 34 54 -85 -91 -89 57 56 -60 -87 -66 5 89 -58 10 90 22 -38 87 -1 -47 -52 -76 -7 32 -43 76 7 28 -14 -52 -12 8 -50 60 -35 -68 66 -73 -6 31 -45 32 81 98 96 -46 -38 -86 -5 63 63 46 -65 39 98 -61 
-93 -92 -54 -19 -45 14 61 -18 53 -62 33 -88 -70 -17 35 -4 -9 -4 70 -5 -12 -7 -8 88 -32 -77 59 -26 78 73 -37 71 -98 8 -8 -62 -55 69 -48 11 -13 73 13 95 35 56 89 -39 -37 -59 55 -85 -95 64 -66 -59 -44 -78 5 -65 23 -98 -38 -82 71 -27 98 14 1 -35 19 99 -53 -94 65 -77 49 99 -86 -2 84 
68 -60 -85 -88 -51 2 78 -54 -66 -68 60 94 -50 28 90 75 -92 62 -67 75 17 22 -92 52 100 21 -94 -5 35 -64 -19 22 14 -31 85 -79 42 -64 81 61 30 100 -66 79 -76 -68 -49 4 -66 77 -25 -73 21 -73 -12 -89 -32 21 -20 -30 -91 86 79 -64 5 72 53 95 76 52 -80 77 1 -55 42 -52 -91 47 14 54 -28 
-28 -83 79 42 -94 -15 -87 -82 -16 9 63 -86 -59 34 74 53 -90 97 29 70 87 9 -24 -97 47 -49 28 47 72 17 51 24 30 100 -51 -11 95 -74 90 -76 57 37 -67 44 50 69 17 5 60 43 -68 -12 89 -14 96 85 -86 -35 -52 -32 1 -92 85 -72 27 86 59 -58 -41 -58 55 94 67 74 -51 39 -57 -70 -95 31 35 
29 -18 9 7 -93 0 79 -5 71 -43 10 49 22 -35 66 -91 -93 67 -55 70 -2 -22 -75 -18 -66 -82 -41 80 -26 46 25 -46 -51 -30 12 61 11 67 -99 -39 -99 50 89 -37 100 -2 77 96 51 67 21 25 -80 -24 67 82 10 35 -15 89 -38 98 36 -5 -80 37 -77 70 79 -62 -47 -90 -2 -36 55 6 -94 -65 -6 -48 -81 
26 -28 -61 -59 -14 96 42 -6 -26 -39 39 23 51 63 41 -27 -66 -66 -36 -62 29 15 47 -18 53 7 -83 -96 36 -70 -47 -2 -29 -47 -16 -77 13 14 70 40 97 60 -92 -32 -22 -64 -30 65 41 17 52 6 58 65 73 -76 59 -11 -8 5 -86 -22 -34 90 37 -40 87 12 58 66 60 -80 54 -61 -76 16 78 -97 34 24 38 
-28 -38 -35 89 -69 -85 87 23 -63 51 32 -61 -76 19 98 -12 69 -74 -37 16 60 50 74 -49 -29 61 79 -8 -95 -77 -41 -3 26 4 92 -13 -83 -33 -54 -9 21 9 -77 72 14 86 -5 17 -84 60 -49 10 72 -9 -45 66 62 7 48 -83 -34 -69 54 -12 100 51 -42 39 15 -99 -51 12 -72 -46 -65 6 -61 69 -24 -83 -55 
22 7 -8 4 -73 62 -38 47 -66 58 85 56 -45 -27 -71 32 32 -54 41 31 -94 -100 79 46 16 82 99 -26 -66 -4 -21 -9 -89 74 -70 -85 85 17 -19 79 -53 -17 -11 29 -68 -44 -81 -67 5 27 38 -35 49 75 56 -13 37 86 54 83 -46 5 -96 -83 -36 2 -89 17 18 43 7 -71 18 71 -11 -62 -69 74 14 -69 -12 
50 -48 -57 -2 -85 61 -94 1 61 35 -77 -100 -49 1 15 -58 12 35 -13 -82 27 -86 97 67 54 97 59 -32 -31 26 46 21 61 -7 52 39 65 -79 68 1 -95 50 -67 -13 99 50 38 24 45 20 43 -19 -76 -45 -77 -76 -49 92 -96 -29 -86 25 -31 -70 17 17 82 87 -82 98 53 -84 23 -1 -53 79 49 41 0 -92 -74 
49 -3 34 -32 -44 63 83 6 85 -1 -59 -100 14 69 -18 -18 -34 -82 -58 15 -79 17 -17 -39 50 55 85 80 -9 -85 -37 -73 -74 -90 19 56 17 63 87 94 93 82 -58 -8 45 -62 86 -72 -48 -4 -96 -92 -49 31 -31 -20 -16 -60 74 99 26 0 -55 -20 -16 79 94 45 72 -48 -92 -21 17 -70 37 -87 19 31 33 -94 34 
-6 68 -36 -54 -16 50 -24 -47 -40 78 100 95 -93 -89 -9 -63 19 -18 -72 -7 -15 64 97 42 60 -29 -93 -21 37 -12 -21 -82 1 81 96 -90 -35 -20 -6 73 7 10 -9 100 38 -99 -81 -6 -6 -55 62 -86 37 62 74 67 -63 -16 69 26 93 -34 71 71 68 -14 -34 -52 -1 -81 46 18 -99 -21 29 59 74 -40 40 -34 -73 
49 -20 -55 20 52 27 -19 36 73 97 -12 39 65 -71 97 -17 22 -58 43 71 6 17 56 31 -38 -35 82 -60 -66 75 82 9 -97 10 -100 -6 91 -98 60 87 39 -15 9 2 -77 14 -20 80 -90 -90 98 -98 31 74 37 -89 -77 4 -70 96 10 69 -1 -48 -98 -82 -73 93 -32 -58 52 81 84 -83 87 32 97 79 42 -29 -2 
82 50 15 -84 65 15 -53 96 -68 -8 39 -30 18 -77 27 -16 68 95 49 -46 91 44 -80 -21 -90 -65 9 3 -61 -46 -81 91 -25 -54 97 37 -83 30 12 -96 -58 -15 -93 43 -95 25 -5 -16 48 78 37 92 28 -89 12 -93 -45 -52 61 35 -7 -17 -30 -10 84 91 -49 96 88 72 -67 62 82 -18 -17 -75 85 -44 -15 -33 -33 
-91 12 75 -4 -43 15 -44 57 -23 43 93 -86 -69 -62 69 -80 -94 7 3 -55 0 39 -10 -40 -36 -9 43 65 -72 60 50 70 24 -31 -83 97 -33 80 -16 85 22 -13 -67 -49 1 100 -94 43 14 -93 -3 -86 -1 64 22 23 89 -37 38 9 76 -32 -47 -34 -83 -7 100 -12 -78 44 11 98 -67 -96 -2 5 -75 -21 2 62 -13 
-44 -27 -94 -57 -79 -61 71 37 -67 91 15 41 2 94 -14 3 32 -29 47 -31 65 6 -50 71 -38 -9 52 -46 -95 -93 28 -44 -55 61 50 39 74 -81 -86 -64 2 -81 -79 94 -23 1 -59 27 -34 19 -12 44 -40 -91 -29 26 18 48 59 -85 -41 -63 -51 52 45 -56 17 -69 -21 37 -29 -43 -62 -85 51 -86 28 -67 21 88 -57 
-6 -11 65 -9 59 -94 -91 -87 -45 31 -20 81 -7 91 96 -31 -1 94 40 83 -83 38 20 -4 8 60 -32 18 -39 35 -36 -42 56 -22 -32 92 -67 -93 93 -55 -46 -93 47 -75 65 -97 -73 55 -94 52 -50 -19 -61 14 -100 -85 -39 41 -5 -86 -96 -100 86 -93 -73 80 -32 -100 -32 -82 16 34 47 43 -4 40 3 87 80 16 -59 
-40 -100 39 -47 -55 -70 -10 96 35 -16 -58 34 -81 -74 86 64 -85 12 -8 32 -39 -45 17 -12 -22 -6 -86 -34 -75 38 -90 41 -97 -95 -31 -17 26 -50 -80 60 29 69 -65 76 1 -62 -3 25 22 97 -9 64 28 0 -52 34 57 -22 -29 -70 16 54 -12 40 78 84 -30 54 13 -43 40 57 76 -47 -82 -67 77 96 70 33 -36 
-2 -90 -8 -94 44 20 15 -30 91 79 89 12 -62 -55 39 -45 83 85 -48 -51 55 61 29 -52 14 -49 14 -94 -56 -64 -38 -75 56 10 50 -71 85 -17 -22 -39 39 41 98 -85 -91 14 -9 -20 -64 98 -90 8 -51 7 100 66 -74 42 -33 -68 -44 55 -29 37 -41 23 22 -55 37 -48 -3 42 -38 -24 25 -17 71 -52 -77 -87 84 
-79 19 -63 -58 -85 -83 -49 -29 -82 78 -78 37 8 71 82 -48 -30 -5 64 1 0 -56 33 21 -89 42 75 -7 -89 18 -72 -29 -37 20 74 -67 -91 70 10 -85 80 28 58 -12 39 -69 -52 -8 26 -64 -20 57 -12 1 10 87 20 -42 24 -72 1 -60 49 60 80 81 68 -49 -87 27 99 71 -51 -44 -86 28 -88 -72 99 11 76 
78 67 97 92 -39 -31 -39 23 17 -99 -74 -80 15 -67 67 69 -64 -82 56 -75 -73 -47 30 12 43 87 13 -81 -84 -14 92 87 68 98 -59 4 79 13 0 90 69 -59 34 -3 -42 9 19 -10 24 19 18 -69 85 66 -24 46 85 52 -87 98 62 -2 -47 -47 48 -12 51 42 10 -16 55 -9 -91 17 42 92 -46 -2 28 81 83 
22 22 -20 80 68 -74 -4 -53 37 -96 -97 35 38 35 66 -18 17 -89 73 49 -13 78 -89 53 -72 75 60 84 41 41 -6 94 4 -13 49 86 -92 -61 -12 -87 -88 93 -54 -33 -69 -53 5 57 -34 -36 -51 -40 -92 92 -90 -92 94 -77 -56 6 -84 54 -9 -16 7 -34 -78 -27 -3 16 -65 56 1 18 -25 -24 -67 -23 -52 56 -7 
-84 -87 100 6 73 -9 2 -58 -87 32 36 -85 -96 -57 26 23 -79 -38 -53 -64 -86 38 47 55 -56 -23 89 49 6 -83 -66 -83 96 58 34 15 -50 -26 47 72 24 82 -76 91 -75 -1 100 65 -85 -18 60 -33 44 18 57 -53 -80 28 -4 53 -77 -70 25 43 -71 58 50 -26 17 19 4 -100 -56 22 88 32 -21 56 -5 -78 -15 
-79 70 9 -9 -43 -67 98 27 -42 56 -64 65 89 -56 -7 -77 57 66 99 8 -41 -48 -68 -72 70 -13 56 2 -4 -18 54 80 -23 62 60 19 12 -34 -65 47 13 -85 40 -56 -19 -67 29 -37 -21 -76 -54 -64 81 -9 -20 -22 14 62 72 -23 -64 71 71 -17 22 -31 89 88 -15 85 68 77 86 -7 67 55 -36 44 39 -86 -11 
-8 -82 56 67 -94 -70 91 -71 -94 70 78 23 36 1 -2 -7 -40 95 16 -25 93 -14 55 44 28 36 69 -42 -43 -47 -54 -19 91 52 74 32 -85 87 26 94 -48 -80 -79 61 37 -4 -84 -40 17 54 -49 79 89 58 81 -28 85 -90 2 -18 -93 -72 -45 -30 -63 6 -11 30 -75 -58 82 43 49 64 59 78 98 -79 50 -33 -61 
-20 36 78 67 76 -46 -32 27 -31 -17 -13 79 18 -40 53 -41 -71 -16 -10 28 84 55 -69 43 48 -31 23 -70 -15 48 52 -62 29 -71 -31 -97 40 -45 97 54 55 -69 -61 -39 -52 -1 78 74 32 45 -14 -55 28 95 72 14 60 42 2 26 -100 26 38 -54 66 -21 89 -19 88 92 0 -60 10 -7 -97 82 45 -8 33 93 -22 
-70 82 -27 -67 52 33 1 59 -41 -6 -19 -57 82 -38 81 -76 -2 -24 97 58 -11 69 55 -4 -14 15 -13 -47 17 93 89 92 18 -96 -29 -48 68 80 36 47 68 -89 -1 -66 -34 11 64 -25 82 24 -54 69 50 -87 76 -59 50 -38 58 -39 94 36 -14 74 -98 -45 46 52 2 49 77 97 -92 -13 73 -27 -48 53 -6 92 1 
-65 9 -39 0 55 -73 84 -91 5 28 -21 77 -37 -34 -56 -77 85 -8 25 -34 -18 -14 -85 -26 5 -63 -60 54 80 -10 30 -36 2 -98 13 61 54 -17 85 -13 -99 -27 48 14 -3 49 -11 -61 -89 62 25 -72 -53 17 -86 32 -49 64 7 -17 -13 -84 90 -89 93 -72 21 2 -81 -35 -65 86 -78 65 74 65 74 -71 25 -66 10 
-45 40 83 -52 44 15 72 -76 -80 67 27 17 42 3 40 -80 -49 98 -24 -46 79 -6 18 -27 96 -9 -19 71 -94 34 71 85 -66 36 -9 50 -8 -89 -81 6 -30 -89 49 44 30 58 44 59 69 -56 85 -77 -61 -94 2 -43 55 -15 40 79 -52 58 -75 18 56 -7 -61 67 29 17 77 -14 37 85 5 69 -93 29 94 -59 -52 
-68 11 -81 -71 63 -45 39 -57 11 -94 50 13 7 20 100 77 -39 -41 -69 -15 74 -24 9 -88 -9 -45 55 22 63 84 19 24 10 57 91 100 31 62 54 -74 14 84 52 5 41 32 35 85 -97 -83 -74 -52 90 -90 68 78 71 -32 75 21 70 12 -65 53 24 35 73 -99 -63 -22 -79 84 94 -2 -9 76 -95 63 -19 -100 70 
-20 -19 -11 38 -73 71 -31 75 -68 -55 69 51 -18 69 -75 -39 56 -18 -31 66 18 97 -7 79 73 94 26 91 -81 15 -56 98 32 7 -99 39 -97 60 5 -31 -92 -15 -54 6 36 44 96 54 39 -40 -29 -98 24 -23 -94 35 35 6 41 52 61 -71 91 -6 25 -27 78 -97 30 93 56 91 37 -9 -77 -89 -91 54 -89 -88 -41 
-65 -82 -96 18 -45 75 93 61 52 29 -55 65 -47 -78 57 84 -65 -49 9 75 -66 29 61 90 53 24 32 70 -97 9 65 -39 76 -5 15 89 -31 -51 52 -94 -87 46 -68 47 11 84 -94 39 -96 25 -23 7 10 -1 73 19 -65 -35 -93 23 -32 -36 -28 -81 -82 91 -51 -42 -50 39 6 75 60 74 -62 6 0 -22 28 -84 55 
57 -52 -93 67 -54 -14 17 -66 -72 14 -45 -26 -87 11 67 -12 2 -80 37 70 -7 -49 64 7 -21 -5 26 -43 -86 -39 -94 -9 -3 7 82 -50 -9 73 -98 21 -31 -37 96 -70 11 -28 6 40 -5 99 -96 78 -7 6 16 28 -68 -24 96 -5 48 -52 -63 97 -32 -63 -44 -19 -57 -3 28 -55 -8 63 8 -4 -22 76 54 90 -66 
-41 -20 56 66 68 82 -67 -45 16 -9 -24 71 -52 29 33 54 -53 87 7 91 82 -28 34 83 -78 -41 2 78 -38 -39 27 12 48 72 -58 -97 85 39 8 72 -18 -27 -90 2 -19 -99 -20 83 -28 47 -2 -43 -41 -64 45 -12 -80 16 -7 29 92 -38 54 -38 3 12 84 -89 8 85 78 -49 -29 -1 83 15 -39 -35 -69 -39 30 
-76 -30 48 -32 -66 13 15 -88 -90 87 -39 21 15 65 -92 43 20 8 -88 14 75 -89 -55 7 -2 10 -76 -42 59 15 15 73 -47 0 60 70 92 64 -25 -96 -2 -3 -15 86 0 -46 6 -53 7 -82 20 -94 -15 72 11 -76 61 -69 11 78 80 32 -32 -10 99 73 -14 -74 78 10 -60 19 -77 -22 -29 -80 -78 -100 67 65 57 
-88 78 -14 -21 44 -53 44 -56 68 -51 -4 9 67 34 -5 82 62 39 -12 -97 -89 8 69 30 -68 -57 -76 75 -3 72 -37 -62 -79 -34 52 -13 59 -100 -19 91 22 -75 98 -85 16 -54 -28 -45 1 0 -9 -97 -22 -86 31 -67 32 -79 64 -52 50 -73 -95 -41 -17 72 19 94 4 37 10 9 48 11 69 76 -14 -50 57 17 36 
5 29 -73 84 -88 -74 82 -35 -65 31 1 18 50 17 47 65 -28 -32 -55 20 -62 98 23 -92 78 49 13 65 -13 28 31 13 58 12 70 -86 1 -56 -70 90 -61 26 -70 80 46 -76 57 -65 92 -84 -43 91 12 -56 -17 52 9 -64 93 55 -20 -73 -20 57 58 19 -90 -60 13 84 12 61 43 -42 5 38 -76 98 82 -11 -32 
