-39 -55 -95 -60 96 -23 -10 -26 -53 100 -65 -38 -56 50 17 -82 -55 92 -16 -60 -79 -26 -79 -93 70 93 39 89 37 -13 -68 97 89 46 74 -80 43 -66 95 66 30 -66 3 -79 -92 -42 24 25 -50 99 16 
24 -64 -90 42 1 79 -51 29 44 50 -45 -8 29 -85 47 -39 -11 -88 86 32 -22 74 67 -98 36 25 25 -5 41 -68 -86 21 97 84 -7 -2 -24 89 -15 -3 -39 89 -69 15 -86 -52 11 -41 80 98 -79 
59 -23 100 -52 53 -96 -8 -77 -100 -66 43 -84 70 -19 -79 -23 -3 -43 33 100 64 -11 73 -21 -21 -18 -31 34 -53 -61 45 -41 -24 54 -87 -94 73 34 -59 90 -78 89 -4 70 96 -91 45 -2 40 -30 26 
-83 -18 91 -60 -5 13 -100 1 -50 -5 -17 -33 -58 -45 -70 -43 -34 49 54 -47 4 -25 -82 -28 -81 -3 -72 -53 -40 -56 24 55 -60 100 -4 -23 29 98 -43 64 51 97 54 85 -25 26 71 85 -74 -86 -89 
-7 8 -82 -86 59 85 -21 -72 -21 19 -84 70 66 22 85 38 -15 -95 -92 -27 -53 -30 6 -17 24 59 78 -6 -19 -19 15 57 -21 41 -89 -61 40 58 72 -22 -28 -15 -35 -83 8 -19 -38 -58 93 75 77 
30 82 94 65 2 -93 17 11 50 15 51 41 -3 76 -41 -93 -18 25 -91 41 -19 -35 23 80 -80 -81 51 24 -96 48 -35 -12 -29 23 31 26 -56 46 -21 -86 -25 38 -59 -5 42 -79 25 -56 27 71 95 
-86 -72 -100 69 -21 76 -86 -83 -10 14 -83 61 -44 28 32 -50 -80 15 13 87 86 -65 52 25 -72 76 70 32 73 30 -47 -76 -39 -12 -36 -53 -61 97 -77 -58 92 72 56 -68 74 19 -28 -57 -80 -53 39 
25 -72 34 31 1 -40 -37 -26 48 79 50 -32 25 -19 -19 98 9 -7 -67 79 70 13 52 -70 43 -4 60 -49 43 99 11 -26 72 -56 -87 -78 -82 62 83 85 92 -61 1 46 19 -3 -11 61 57 -8 -15 
99 -82 1 -99 28 59 55 15 27 -32 -25 76 -28 12 -97 -79 39 40 29 -47 90 77 38 -50 35 -48 14 -33 60 49 -38 53 -72 20 -68 -49 -44 -18 45 -52 -89 -67 21 22 -48 -18 52 60 -24 -45 -26 
19 -82 -53 -51 -63 -50 -73 70 -78 73 98 59 -73 71 -73 54 -5 78 92 -5 -82 92 28 -8 49 71 82 -95 21 86 -6 -54 95 31 -75 -15 -7 54 -11 -42 -5 52 87 16 78 71 -25 21 39 47 3 
67 -70 -59 -99 22 -8 76 -1 29 35 -84 -59 71 66 -18 -55 66 28 -75 25 2 -76 13 82 49 71 -47 -38 -81 71 71 -12 -13 64 54 88 100 26 74 -86 -1 -89 9 -58 -73 93 66 5 98 -78 36 
55 86 49 -43 65 96 92 3 -17 -71 96 -72 15 96 -25 -84 73 -56 -16 76 28 -44 -99 63 68 43 -27 32 -91 -22 -71 61 93 -13 -56 -76 66 -31 -8 -4 -66 73 97 57 -8 -61 73 -50 97 79 66 
-43 92 -65 -13 3 -35 66 -36 -62 -29 -91 86 -23 -53 84 -42 87 8 -4 45 41 67 -42 4 54 -9 -69 -94 -48 -34 41 -100 43 30 91 -98 -30 -31 -88 5 69 8 -70 -61 -80 -59 -53 65 -82 57 -39 
-78 45 -37 -100 47 -52 20 -48 -60 -57 86 97 7 65 -31 96 36 13 5 -1 98 96 -53 -83 71 22 -77 -91 78 4 -17 39 86 61 -83 96 -94 26 -30 -83 38 19 55 -59 12 -13 97 39 -52 3 95 
-18 99 46 -26 -50 -6 -5 -53 -25 85 32 -78 -61 43 -43 -73 65 -91 32 -82 81 -73 -87 -65 -46 -96 55 -73 -52 91 49 3 -7 -91 -24 48 -57 -1 57 -8 1 78 62 14 -15 -84 3 1 -42 69 -24 
8 -33 80 -90 -16 35 -42 -85 -45 -49 72 35 98 -61 84 41 95 -1 18 -91 -98 -77 20 -7 68 -51 -12 93 24 29 -40 -80 -27 36 -31 -35 54 -50 -15 8 -85 24 34 -39 86 -67 28 -83 28 -33 38 
43 69 54 -50 -53 -82 30 -52 31 82 -94 -39 -42 -49 -37 -55 -19 -93 -92 -47 -26 22 21 87 -48 27 -57 71 -9 -47 34 -62 -97 77 67 -83 -47 -32 -16 -84 -46 51 3 54 86 -13 -81 40 42 63 -100 
-99 -4 22 95 25 76 -82 81 -69 -28 34 -86 22 33 45 -38 -28 49 -52 47 27 15 -3 -38 57 -93 71 -91 81 96 83 -94 -99 -53 -24 100 24 -28 -5 -99 96 -59 -51 -24 -31 71 -62 -82 21 30 78 
14 -65 2 -61 -8 -31 -8 -29 -43 92 -46 -44 -73 -81 -31 -48 24 72 -55 73 -58 1 -71 69 62 40 85 -35 -33 91 75 -56 -97 24 -28 -89 -57 -66 57 -46 -47 -49 37 78 39 86 21 -4 -28 63 -78 
-57 77 77 -96 13 -1 -54 57 -53 14 -39 59 -68 -18 0 -81 -42 16 -76 100 94 1 -10 26 8 55 100 46 18 19 -13 10 59 -49 87 13 28 -97 77 98 77 24 -93 44 10 -21 79 63 15 -37 44 
19 17 68 42 79 44 -78 -42 14 -96 -46 86 -15 82 45 89 -73 -51 25 -15 -77 48 59 -45 13 31 -95 12 -98 26 -19 -50 -77 97 -59 81 93 -43 -77 53 27 -8 11 -57 21 11 9 35 84 35 -70 
82 55 -73 -74 42 78 38 -39 11 12 -53 37 44 33 21 -7 -29 24 -99 12 -49 -89 76 34 46 3 34 74 96 -14 -71 -16 -56 -23 -64 -69 -90 32 23 49 -6 99 87 80 79 -37 -32 87 99 21 -60 
7 -51 62 -79 -72 40 -70 47 95 76 52 0 -82 31 -70 39 -6 -11 71 6 32 -51 86 -21 3 89 66 -95 -1 64 100 83 63 45 73 64 95 91 -100 0 58 -52 22 6 90 6 -96 -70 -92 -93 15 
5 -4 14 -25 49 -17 39 88 89 94 -44 90 99 -96 99 32 -91 0 -7 -62 78 80 83 -42 37 -13 22 62 86 29 -45 -96 -17 -57 -36 29 -93 -89 88 89 -62 46 -7 -31 -60 -8 0 41 29 -12 49 
-95 29 17 43 59 -65 -30 17 -26 8 94 26 79 -14 -46 80 32 -14 -86 -25 35 74 25 36 27 -9 88 36 49 -99 -88 76 -96 -5 13 -70 -37 41 -89 -87 -71 -13 -27 -52 -9 -1 -71 -35 19 9 -85 
74 98 -33 77 26 55 -79 -37 -96 71 -57 -76 -61 55 99 -37 -58 21 -86 67 -62 2 -42 13 -100 -84 60 -2 -55 91 -2 76 66 -24 -53 61 97 -31 74 8 79 61 -6 -74 -22 76 58 12 -23 -48 -16 
53 89 -49 65 -9 -22 20 75 -100 -33 83 16 -66 -18 21 93 -99 -7 21 50 -27 -22 -80 92 76 -68 -12 23 -79 59 -79 -74 97 69 -76 -12 77 26 -64 -4 45 -73 88 -8 33 -85 -59 61 23 -9 -76 
35 73 -70 21 45 15 80 -82 95 18 -47 2 -85 -51 78 -7 10 4 -20 15 64 38 -41 21 93 24 97 -87 5 -39 56 -24 -31 63 -57 -50 -51 -8 73 -75 52 -33 -96 56 -44 22 -35 40 4 95 33 
-99 -61 -16 -64 37 65 -25 0 58 36 13 -99 -49 -96 -69 -84 -75 -97 -91 30 -77 -78 18 15 55 -66 23 -61 35 -39 44 92 13 15 -91 -6 0 81 10 -97 -68 71 -4 51 -20 59 -25 -89 -12 -36 -77 
27 41 54 -71 -4 -88 -92 36 40 -93 41 -41 73 33 69 -86 16 -4 6 28 -18 -4 -84 -87 -68 54 62 73 -83 -45 4 5 46 -37 -21 23 8 63 -36 39 13 6 -47 -36 -60 50 35 40 36 -45 62 
-15 -41 69 -52 73 -12 -33 97 97 -28 7 5 64 28 62 -58 52 78 97 -100 62 61 62 19 -5 -84 -72 -25 9 54 7 -85 31 84 37 -21 52 -87 32 70 -16 -77 -16 -38 -18 21 -82 7 62 49 -58 
-3 -60 27 28 -84 -79 -98 -94 -79 -52 72 4 -30 -81 73 89 -44 34 -39 84 47 -63 4 -37 -83 4 44 -30 29 -37 8 -88 -97 10 19 87 99 -39 65 -59 52 -27 44 83 -28 28 -24 97 -35 77 24 
-48 -42 29 95 -100 50 -57 92 -36 14 -11 -92 37 52 90 17 71 -1 -89 22 20 59 50 -14 -23 -24 83 1 91 5 -46 80 -68 -41 95 45 100 -99 -57 4 22 -67 21 3 -87 -42 55 57 7 9 76 
19 76 -11 -69 -82 78 -25 -81 -76 -38 -84 -8 -29 -30 -19 -73 39 -57 -37 -45 -23 20 34 -99 -76 -3 -14 15 65 77 -5 17 -16 11 -28 64 -53 -99 -66 26 0 -76 92 -92 -2 88 -28 64 70 8 -10 
-32 -62 29 1 60 94 -44 47 15 -91 90 84 -55 72 88 -63 67 -58 -52 -3 31 7 -58 -74 -89 37 -18 -21 61 1 40 -26 8 -31 -37 11 22 57 20 -24 89 -53 39 -61 -70 8 66 98 39 3 -37 
-61 80 97 75 59 52 76 64 34 73 94 57 52 41 -70 -99 -54 49 53 -19 -70 53 56 54 -41 61 0 7 -63 29 -85 -55 96 -11 82 82 -45 72 82 -32 -42 74 67 -80 -27 -12 94 -49 40 90 72 
4 -86 -7 -8 97 -88 -30 -44 87 -37 -9 99 12 91 -38 -82 -99 -83 -31 82 52 -9 -81 -27 82 45 4 27 2 93 23 -23 -12 93 -14 90 100 90 7 28 12 -97 0 93 -47 -64 -89 32 -15 7 56 
-33 17 -21 -92 18 40 42 -40 -20 9 -34 -33 81 68 -40 22 49 45 6 -22 -2 54 30 1 -7 46 33 53 39 -100 -75 28 -26 -81 33 31 -73 -15 -58 43 -26 -83 -11 68 -71 -11 9 -93 94 -6 14 
-69 -50 -22 73 -76 13 56 88 -90 59 54 -82 -68 83 -47 -93 30 18 -49 79 12 -4 -73 -45 -38 92 20 -95 -23 -70 -100 -41 -36 -14 -52 -96 27 1 51 43 78 28 -81 -15 97 -62 -81 45 -23 -29 -49 
-35 -36 -2 36 78 69 5 -31 -39 74 81 27 -47 75 -33 75 -28 -96 90 1 -86 -93 97 -11 10 -45 46 -26 -16 -70 96 -35 40 -34 -59 28 75 4 -74 8 -40 91 56 -61 -56 77 5 87 0 28 40 
97 -59 50 79 89 2 -18 86 -39 39 1 -40 25 31 85 11 -7 82 73 97 0 32 -55 -98 -32 0 21 -68 -58 39 52 -29 -9 -54 14 -12 -98 -50 79 4 -37 47 -9 49 45 -58 47 -92 -63 -21 90 
98 -31 89 -1 -92 36 80 74 -81 -27 26 49 40 -87 -40 -65 81 -31 -49 69 68 51 79 -40 -2 -3 -89 -65 -24 -75 53 -34 -18 37 46 -42 -90 50 36 0 -85 -37 10 -41 53 -29 52 18 -30 91 -16 
84 6 97 23 -52 -96 86 -19 68 -1 -31 19 -10 -54 -4 -84 86 14 73 42 63 44 -43 -77 -26 72 -93 -24 24 -33 -46 -33 26 -48 33 -20 -17 -94 61 -97 72 -17 -11 31 -40 -80 -96 -66 -66 83 0 
54 -88 -30 61 73 29 61 48 -73 41 -75 76 67 -90 -67 -71 32 40 49 -58 4 75 -87 -21 -45 68 -49 14 50 87 -31 -38 99 56 -79 11 -72 -66 -24 10 4 7 71 44 31 -69 -42 8 -81 -13 -93 
73 -32 -45 39 93 -82 -62 60 -36 59 -25 22 -55 -55 -92 -23 50 -74 65 93 51 -5 -50 -11 2 -27 15 95 84 -1 42 -88 30 -46 -46 -60 27 37 9 -13 73 52 54 93 -24 -48 29 16 -39 -66 -68 
22 -77 -44 -65 -60 21 86 98 -42 97 4 -98 20 -71 22 43 68 -14 11 75 61 31 47 -96 5 -74 100 84 -65 58 -42 -73 74 74 72 38 83 -97 -45 31 -69 56 -66 -61 29 -23 27 -43 -31 94 -53 
17 -44 0 -62 -13 34 -10 46 50 -34 91 80 -69 -92 93 -94 17 -76 -53 1 -79 44 -15 -45 -30 13 10 50 37 -71 73 52 3 27 -88 88 32 -4 20 -35 90 76 52 -70 -96 24 67 -62 -38 -8 75 
-79 94 39 -71 22 93 86 -52 78 30 59 30 -49 66 -22 -80 -23 -78 -4 -6 -24 -81 54 -51 -11 0 -5 -73 -70 -3 12 -28 -41 -13 -54 64 -43 -56 -71 -75 -75 -50 40 69 35 57 7 54 -1 21 -17 
-68 -24 -50 -63 82 28 -10 39 98 -15 -50 23 -92 -74 79 95 -44 19 78 13 -21 57 -41 -79 -56 69 -77 42 26 13 87 70 8 83 -31 -22 77 76 -21 37 -6 43 -13 91 49 -51 -64 -73 93 -89 9 
70 -19 98 36 19 95 35 -32 48 -5 -7 -21 10 -54 33 97 -56 -64 -74 -24 -68 -80 -95 -39 -90 51 -29 53 58 100 -72 -68 67 -33 -53 -67 -82 -77 48 80 -27 -26 40 -35 82 -82 -18 -72 -45 91 -32 
2 82 -80 -42 66 -89 -35 -74 -98 81 -75 -91 -42 32 -41 -66 74 -65 -43 36 -16 -30 -1 -29 -48 -64 35 -90 12 -37 9 -38 -92 39 65 -86 18 45 59 18 38 -30 35 68 16 -23 -64 -81 -86 -81 -100 
-92 39 -43 40 48 -71 52 -30 -69 -51 -84 80 -66 81 83 -44 10 -15 -75 42 -72 -99 -61 -59 21 -14 23 -99 -64 -77 -76 -86 33 84 -100 31 14 85 51 41 12 -11 59 -20 72 4 84 72 72 95 -92 
-23 18 35 29 69 -86 -14 -30 49 43 15 -81 -52 -2 -70 87 -21 -24 27 -80 23 39 44 27 25 29 -92 20 -43 -18 -8 72 84 64 93 -92 -6 83 95 -72 67 2 -9 65 -10 -59 21 19 -44 98 -59 
52 -38 -2 -51 -32 57 92 34 -35 67 -29 22 76 28 47 -36 -33 68 -94 -20 -14 -1 21 -49 -22 -27 56 -79 56 59 81 -62 -73 -25 50 -10 -34 12 -1 19 43 -34 55 16 36 -47 5 45 -100 -28 -39 
-40 92 -59 -79 -47 69 52 -83 77 -33 2 16 -5 84 -98 21 -23 36 28 22 12 43 18 -57 -100 -78 -93 59 14 -1 100 -93 18 -28 -2 -75 -53 -91 29 -60 -46 -66 46 -87 41 64 92 -13 91 -82 -25 
53 9 61 77 8 11 -82 100 -57 70 -68 -27 24 -41 13 67 14 -100 -20 8 98 63 -29 81 -36 24 -3 -12 -74 67 -90 35 100 -96 -5 -72 63 -71 -44 -97 -97 6 25 -12 34 -91 33 -61 3 -42 -6 
-57 77 -15 89 64 66 -13 29 3 -92 54 -71 -55 -8 29 12 37 -53 20 15 -98 64 -36 -8 -10 23 -86 -94 31 44 -64 -5 64 -6 4 75 68 -8 67 -39 -10 11 -27 62 -2 -62 45 85 28 -68 -52 
48 66 47 66 -98 -71 -54 -72 -56 18 40 2 -52 -99 -98 -9 24 -92 73 48 55 6 20 80 -33 -45 2 28 83 -15 -72 -58 -89 79 25 21 13 54 -13 -1 17 68 -61 42 86 37 -47 -25 34 -95 -38 
1 92 -33 -49 90 45 -91 -26 14 -58 -65 -86 88 -16 96 -36 70 25 70 98 100 -71 -39 41 -43 -93 49 43 -9 -11 -29 -73 17 -61 -7 -86 -89 -90 20 14 19 -56 -61 60 19 -15 2 6 -4 -88 -52 
-12 52 -46 -29 -22 -94 -13 -62 -19 -53 79 13 22 -24 -58 60 90 -23 92 91 -15 36 8 -74 -15 38 29 -2 -60 -14 21 100 -46 97 99 76 -82 20 -78 51 82 -25 91 -15 -33 23 -4 25 56 50 -69 
21 68 0 4 -8 -98 -19 -20 -14 -36 -60 -59 -66 -96 -44 90 25 85 64 -96 70 -73 -100 36 51 -60 -40 61 -37 -71 10 -42 6 -42 -71 -67 -28 98 -29 -52 -9 -65 -55 -45 56 -82 0 -4 4 -53 25 
-82 -34 58 -3 -33 -72 -92 11 8 -18 93 81 -42 -47 -3 -9 65 88 44 58 32 -75 -45 94 -3 31 -91 38 11 38 -11 95 -77 71 33 -47 -92 -37 11 0 -49 -6 1 83 82 -3 84 30 52 -73 -94 
-9 -52 -14 -94 -39 -49 -10 69 76 -29 -1 -19 -72 -39 -62 -33 -67 -13 -16 7 -13 -41 68 69 64 35 -63 72 86 -51 -62 79 47 16 3 64 -59 51 16 -86 -92 -6 -50 -4 -6 -10 -53 41 -56 26 -27 
-44 -7 -94 -65 -15 -20 60 -29 -50 16 -90 51 -93 26 74 -84 -95 73 -78 47 18 7 -2 52 -25 6 99 -59 -69 99 43 79 22 -37 11 32 -91 -18 -96 95 -96 -91 88 -28 -46 2 49 -42 -46 -64 81 
-16 -67 96 -66 44 77 46 -52 46 -32 -15 53 41 -95 75 47 -65 49 62 -21 -93 62 -97 59 -36 88 -99 18 -50 -79 -60 66 -46 18 -58 67 -8 86 -38 98 -59 -79 80 -26 12 98 -16 54 99 -38 58 
-99 -19 -81 -55 63 31 25 26 10 -28 -78 78 -71 23 94 64 -6 -30 -93 -86 -7 -52 -57 73 6 85 77 66 -79 -29 45 58 21 77 -41 -48 56 97 90 64 4 -59 100 -35 69 -21 -54 59 -65 -57 15 
-56 -42 24 7 28 90 -82 -45 47 16 17 -50 -24 -99 -64 35 -29 27 39 77 -16 -78 57 -80 8 -40 99 29 8 5 92 -66 -7 -15 26 100 64 -53 20 31 -23 -19 24 -75 21 65 68 8 33 89 73 
-15 -76 65 12 20 -45 -20 -56 -8 -14 -8 -58 -18 -64 -18 -72 2 13 10 -21 -5 99 -14 -41 45 -21 45 98 -98 57 -29 78 -48 -81 -8 15 37 18 87 -2 -27 9 -8 -69 -7 -75 76 -38 -13 -40 -80 
-98 80 92 100 -83 -89 53 -35 31 -48 -95 99 -22 -36 -41 97 37 -70 -74 -64 -42 -41 -64 33 77 49 45 57 0 90 -54 -79 2 19 36 -1 53 44 -39 62 70 21 -22 -37 -24 -96 -4 -30 -43 -56 -85 
-92 -5 -86 2 -43 37 45 75 -3 78 -100 -38 18 -62 -94 -11 68 -79 37 -14 -63 -65 71 66 81 76 40 -23 -30 -54 54 90 14 -96 -71 9 -50 75 -39 65 50 -51 43 -92 -63 -39 55 -25 29 -50 63 
-12 -87 -88 97 89 -53 -84 45 87 -82 -64 5 61 -36 -77 24 53 -30 -92 -29 -31 19 29 -44 -19 98 -41 6 1 1 12 39 -77 54 33 9 48 -70 44 -45 -4 -94 86 -53 75 79 -53 91 -50 -70 19 
-47 96 -30 78 22 43 -70 -47 -49 -73 -95 -18 42 -30 99 -59 33 57 -96 -6 68 -13 -63 36 -6 -44 -8 6 83 53 -72 91 87 54 56 10 45 -92 -32 3 34 67 -54 1 80 5 57 93 11 -8 -80 
-84 -87 -67 62 -6 -15 99 -92 97 -19 22 -25 13 -41 -21 84 12 76 -86 -28 -44 83 -9 30 64 17 1 -82 -65 17 -84 78 52 83 89 14 -19 78 -41 4 62 81 -28 28 -33 55 2 48 -29 -59 59 
-64 -88 13 59 69 -29 62 69 -22 35 23 28 -78 51 66 -41 -20 90 90 9 75 91 35 42 -31 15 48 92 -98 -89 10 -25 32 19 66 58 66 -92 -5 -88 62 -86 -69 -73 -46 -90 5 -41 -75 59 -86 
43 30 -93 -74 26 -59 -68 -19 -55 -49 53 24 20 66 -54 -89 -85 -61 79 70 91 30 -52 -97 13 -46 -11 -92 13 51 20 -8 82 -14 -17 1 -18 75 86 57 3 -24 70 12 -52 -5 -60 -11 75 31 68 
51 -15 86 -28 -33 48 72 34 -82 -59 58 45 -43 -62 -91 37 16 -94 -81 -37 52 61 -64 75 15 10 -52 -1 -27 89 41 -33 -81 75 -53 -55 52 93 35 -100 3 32 -10 -25 39 84 -55 53 -32 78 -70 
-57 49 -50 2 97 -1 -81 44 82 6 27 10 -28 -72 -26 81 76 -38 -26 -79 82 -8 -90 38 100 80 70 -38 -99 -31 73 -56 13 -2 26 58 -7 -75 57 36 -63 -77 56 78 -7 -85 15 -98 50 90 64 
1 -79 45 -14 -29 64 -28 51 70 65 -42 -1 16 -15 30 -32 -5 -49 65 93 91 -24 -10 27 -23 -61 -86 -99 33 -22 -9 88 80 95 -40 50 25 -73 3 67 9 64 21 55 -51 -93 -84 84 75 21 -36 
-65 93 47 76 91 -87 15 33 11 -74 88 69 -94 -65 -81 -42 41 -23 -48 -82 24 -83 52 -73 -58 78 73 72 36 -78 -7 -98 -89 -13 -88 48 17 81 -57 67 58 -99 -10 -82 -33 -12 -66 -80 -70 -31 -59 
47 -16 -39 1 -13 24 -98 67 54 15 48 55 -88 -35 98 -61 -97 -53 55 -7 -5 7 -55 -60 76 80 -86 10 -9 -88 17 59 -61 52 -9 -93 -74 -27 -32 75 -43 -64 48 43 79 -62 -67 -79 6 40 -64 
46 -46 -41 -34 70 76 -87 6 -71 -11 -89 -25 -4 -70 78 22 -14 78 -32 -98 22 -47 33 85 -78 9 23 -81 29 -21 -39 8 -97 -68 27 -73 -87 15 -29 60 45 32 -47 -10 73 97 52 -65 88 37 -12 
95 75 80 -24 -59 11 78 97 63 34 -53 13 -5 -6 -86 83 26 -87 34 -17 -79 1 71 97 -60 -16 51 -42 -3 -38 -62 -62 -16 16 66 36 58 35 97 -30 -49 -87 -76 5 -5 66 86 45 -4 -35 39 
71 -45 52 35 -63 -16 28 -71 -65 -39 81 -48 41 88 45 64 -30 -4 -23 4 -70 -22 89 18 -80 -42 -23 -24 99 -32 29 53 42 22 80 41 60 41 -62 -89 -62 74 -46 90 -1 -10 96 -83 -86 81 -45 
84 88 5 74 -85 -35 -18 -21 -15 94 -2 51 53 -3 29 -47 8 18 -82 -61 -11 0 76 80 36 75 23 76 87 87 69 -5 -49 70 -47 -28 -56 -80 64 -8 -69 -24 -1 47 36 23 -14 3 -60 73 42 
-45 -35 9 -48 16 40 47 -99 82 1 -59 -2 -18 -34 -75 -28 -18 12 -76 -32 -77 -14 55 46 29 26 41 45 -23 -35 -61 60 -48 99 26 78 85 84 -76 -39 -26 77 -46 18 -94 26 -86 1 49 65 -93 
39 -70 -65 -56 84 -36 99 1 -71 64 -67 -43 15 74 -21 18 56 63 56 42 87 93 16 -53 38 -11 -36 -33 94 -77 -63 -93 -6 76 18 -50 -91 23 14 -28 -41 -52 -65 66 -58 -91 8 -61 63 46 3 
-30 -49 -30 10 37 67 -94 46 76 -1 -29 -85 -59 -48 -78 -94 -29 1 94 51 83 65 -21 23 95 19 18 -53 -34 -16 -100 93 -3 52 -63 82 -16 22 85 -34 -46 47 -68 84 47 -49 -17 -53 -48 30 6 
-98 -94 -64 81 45 23 8 -28 28 -9 95 88 49 -79 41 -64 79 -88 -28 -57 -13 32 -65 -59 -56 41 42 -7 -50 -100 63 -32 -63 50 28 -86 40 -6 -56 -42 79 -87 -56 -72 96 83 17 -88 8 -68 1 
74 -9 -80 88 39 20 100 -82 52 -2 -48 -55 -55 -98 85 -19 89 100 -100 59 -42 14 92 83 87 -68 -58 56 24 70 74 59 5 58 -50 -50 44 -28 -62 95 81 87 54 -64 71 -100 -24 64 24 -70 -73 
65 26 -60 -54 38 97 57 -53 99 -28 -69 34 35 48 15 97 -89 77 13 -16 -55 100 -55 -8 -82 48 -37 -83 -23 -94 -61 -34 63 96 22 -36 83 9 -21 -95 -13 -45 -46 -18 -35 -9 -81 65 -37 32 23 
-61 50 73 92 -57 -54 70 42 -1 25 -44 18 -71 -87 -55 -33 -36 10 28 83 -59 50 -3 -41 -23 -47 19 100 -32 -21 59 16 81 -90 20 7 63 -58 91 -3 -60 49 -75 -100 -54 84 32 -30 -94 97 69 
13 -97 40 35 -8 42 -2 81 -16 70 95 36 67 9 -94 -52 -96 -50 -30 -35 -42 -96 33 -85 71 53 6 -69 -22 70 15 -93 -68 15 -29 94 -69 1 13 31 94 55 94 9 19 86 -14 -97 11 -42 99 
39 -79 -21 -28 -18 92 -87 14 60 -87 -35 46 -5 40 -31 -97 -33 47 31 -40 -26 -85 -71 55 72 -75 61 93 -66 97 65 -41 1 34 81 -48 94 -66 -59 -63 92 66 77 -64 26 -89 19 32 -64 -58 -39 
30 28 44 94 -100 -91 -95 -60 -33 -19 17 0 80 -4 53 -67 -92 -20 -69 93 79 7 40 -73 -98 -92 -46 63 71 -60 -88 -1 -74 -10 98 92 -98 29 -11 6 -97 -72 51 84 18 -10 -3 25 -72 -98 -74 
16 -9 97 -17 -20 -68 44 -69 -79 97 -12 73 4 14 30 13 40 -2 -38 -71 -39 -88 76 54 -35 24 -96 -27 70 97 -2 1 24 47 -16 12 -32 33 63 -48 19 81 74 -95 28 -4 26 -41 25 5 -48 
-5 29 99 29 55 -24 -56 99 -12 -81 -69 89 -6 18 52 -88 -39 -9 -20 12 31 -9 -22 -73 -62 10 -24 31 22 -68 -46 9 97 89 -55 -42 -31 84 -86 67 -49 22 58 33 54 41 52 -51 -59 -36 4 
-99 -39 11 69 -26 -80 96 45 -14 -78 4 -33 52 22 56 10 29 56 -40 -13 95 93 -80 25 35 -70 -78 -13 -3 -29 73 40 -94 8 86 -10 31 -51 43 41 -46 -7 64 -53 18 -30 99 76 36 -60 -53 
43 21 86 -87 13 91 47 -37 83 -68 -93 -28 55 -77 75 -81 -70 55 91 66 100 -35 49 -24 -27 -36 -7 -97 -34 -23 -69 43 57 -38 84 2 34 -53 13 -94 45 49 -90 55 -15 -20 70 -44 -84 83 -15 
-86 -30 19 10 22 5 -21 27 73 -28 78 -100 28 -24 -11 2 -61 65 50 24 98 -15 72 0 12 -28 -91 61 -27 -2 -27 70 -67 71 -99 -87 18 -12 -65 43 -72 -74 94 64 -32 63 -79 -23 -77 -17 95 
42 84 -43 33 -1 53 35 -82 34 -32 -4 -14 -27 -35 -41 70 42 38 -29 -87 30 -13 -93 -25 21 -41 -3 24 63 -49 85 78 -83 -98 -82 17 -29 -27 -56 19 -76 43 30 -78 73 -70 99 86 -23 80 74 
-93 -53 47 -22 55 -8 -14 98 -85 2 99 47 3 100 -46 56 -88 -14 -7 -97 -86 10 -74 -33 -11 -63 -50 -18 -77 79 97 -80 99 -34 -48 -40 -100 -33 -64 1 -67 97 -29 27 71 18 20 -16 -10 -54 -77 
-42 -10 33 -97 57 -61 25 -3 8 -66 -68 -85 -84 -77 70 -90 -6 -63 59 -26 49 12 -16 -66 -41 33 -29 -40 59 86 -79 -36 70 6 24 21 75 -25 -39 -8 10 73 28 -85 -54 -52 -52 -66 -69 86 55 
