1 25 22 -32 12 -90 90 -64 44 -23 -22 -71 -42 65 44 -89 6 -45 97 -57 57 -43 -30 16 85 -83 -96 -79 -40 -90 -65 -82 34 65 -98 4 18 -79 97 19 -13 36 -81 -62 -57 66 -76 95 -19 31 18 -32 2 83 -16 -4 -40 -14 50 -34 26 -15 34 48 49 -21 
-62 -49 -87 62 16 74 -53 -88 94 -56 -30 4 97 -1 38 -60 49 -71 73 -59 85 -49 13 86 47 -86 14 69 83 -57 -16 36 -9 82 -56 -3 -96 82 -79 -12 78 72 -57 82 89 90 0 8 -96 66 84 -89 -81 26 -85 89 -9 27 10 -54 -49 21 -18 -78 -56 41 
92 -59 62 35 80 29 -66 -78 13 -77 -51 34 83 -69 -84 -10 29 83 -74 -33 -25 15 67 75 -26 -72 32 -73 24 -11 83 -34 0 45 -86 -38 38 -32 -39 -99 92 92 -42 -91 -82 -3 82 31 -32 75 -69 -40 -82 -76 -25 58 36 -3 -91 -22 -25 -15 50 58 4 -50 
7 65 -77 -77 -33 89 -53 -71 -65 19 97 -8 -83 -73 -91 -67 -38 11 14 77 -15 -3 15 92 77 -50 51 -94 -71 -37 12 -61 -89 -38 41 37 -9 -8 -65 -61 96 79 85 37 -3 -86 83 -66 96 18 9 8 -55 -50 -54 51 -75 -22 -20 -79 -41 59 84 -58 7 93 
65 11 -10 50 6 -10 -97 20 -82 73 -25 -45 -93 4 34 6 -80 20 32 99 100 30 81 6 -52 -34 -43 95 -78 85 71 84 -49 -99 16 56 59 -34 -73 4 -25 64 -4 7 35 -100 -37 -64 85 -3 -100 25 -98 -11 -33 -61 -70 -27 -7 41 10 -1 91 18 -89 -38 
-72 84 -85 -11 -66 56 9 56 -47 2 52 16 29 -13 -50 -75 -33 -7 -59 8 -42 100 -37 9 -87 -1 100 -70 -7 -77 61 -99 -17 41 -61 31 -58 -36 -77 56 -25 -4 57 81 61 61 -54 50 3 26 87 -47 16 -64 0 52 -34 56 57 1 32 9 81 88 -46 -80 
-19 0 -39 96 7 9 -45 -15 -63 53 56 -99 -13 27 7 91 -69 -59 -39 -9 -98 77 29 -92 61 -85 -45 -28 46 62 -58 -22 -38 -73 -60 22 -49 1 69 -55 28 -56 -95 4 -51 -40 -15 20 -42 -4 -18 -91 -23 -21 -69 35 -6 79 -26 -93 -66 52 -41 7 89 -38 
7 -30 -60 58 -20 -65 -33 -63 45 -27 -14 -54 -83 -98 -74 -100 -70 -35 -14 -41 -58 81 -45 -91 17 -18 88 -50 0 -57 54 77 -94 -66 -86 20 -16 -23 40 98 82 19 -30 91 -27 57 -77 -51 43 81 5 92 38 -13 2 -41 -74 -91 -52 -66 -7 15 16 -73 -65 98 
-43 16 -5 -57 -40 -89 -47 -27 -83 -61 69 -87 1 35 64 -44 65 56 41 -4 -35 -22 46 48 17 -96 39 -75 -29 -75 84 37 -88 58 -92 28 42 78 23 -78 -63 79 73 49 17 99 86 95 -22 -45 97 42 -100 89 -91 92 -27 -36 69 -75 51 -85 -40 18 14 33 
72 -82 -32 -22 -16 16 -73 54 51 64 -87 54 -60 39 -46 -54 8 67 -43 55 -100 -59 -35 18 2 -80 58 -41 76 -65 58 79 72 -93 -64 -2 -31 -54 -26 51 66 -89 2 -74 16 57 -46 -2 -85 74 89 61 -71 -37 70 62 -79 -30 -67 -16 70 -59 77 -5 -20 2 
-39 17 66 -50 13 -49 56 40 -67 76 -38 80 75 -25 -15 -93 -34 79 28 -76 20 -61 -60 -29 -38 77 -59 11 63 37 24 -79 -55 66 78 -11 47 -100 26 60 75 69 32 46 -19 -5 -61 -27 -50 6 -46 -75 -48 -5 91 83 54 57 -35 -40 -60 -47 52 -52 18 97 
2 32 -43 41 -83 90 -75 92 -45 99 61 54 -3 -28 -83 -12 76 -95 -87 -65 64 -18 67 29 -30 -62 87 -52 80 61 33 10 -52 -61 39 25 -64 26 34 73 3 34 31 -70 -44 90 72 3 -46 43 -51 45 -97 -81 -41 72 -94 -74 53 47 94 23 -15 -38 74 91 
-27 -75 16 86 57 29 -66 3 22 -35 39 -55 -17 -61 13 77 -51 -40 -34 -55 29 66 63 15 88 28 -84 -97 -7 68 11 -44 -77 -67 -20 -19 -82 -19 72 -31 52 -43 70 -65 12 -12 -96 80 19 41 30 -12 32 35 -22 82 -46 -95 -67 56 44 -20 60 73 69 7 
98 60 -90 -7 -22 70 85 90 78 55 90 -78 14 98 62 -49 -41 67 40 51 15 -98 -48 43 93 -78 -48 -66 77 11 11 55 -65 -70 99 -29 4 22 -21 30 -75 100 -48 42 5 -7 35 -53 44 -64 75 -62 60 61 85 -100 -44 57 92 -4 -80 -59 -82 65 -50 1 
11 -43 -24 1 -26 42 62 -55 -16 54 -91 3 74 19 -36 -76 88 -61 87 87 76 25 -75 63 30 33 53 46 -52 73 -14 60 38 -92 -30 -6 59 -6 57 74 97 26 6 100 -71 77 -99 -41 -42 -7 63 51 94 68 -81 3 89 -99 91 -65 99 -69 -51 -91 13 -20 
-79 89 -73 65 50 7 -71 69 -58 -82 -73 -36 -80 -77 -60 -40 -44 -62 8 47 -20 29 64 38 15 -55 -61 9 99 50 57 -92 -82 -65 84 -58 42 48 36 41 50 -10 99 0 33 -86 -17 -78 83 -83 70 -11 74 76 11 -76 -15 -98 84 44 -91 65 -47 23 82 -60 
11 39 44 -74 -60 -14 -6 88 70 1 -45 -79 88 70 11 49 -37 -41 25 -69 100 -89 100 -87 -29 29 3 2 -23 -28 28 84 49 -22 20 6 28 93 77 -78 78 33 -66 6 2 68 56 37 83 -66 96 20 23 15 22 -72 8 -50 -98 64 -83 33 75 -81 97 61 
-9 44 52 82 -83 -85 3 -6 -32 -89 44 12 33 -30 -61 45 -5 5 89 -89 -51 72 57 -94 -4 82 5 -80 16 -46 5 49 -25 50 87 22 -12 11 -32 76 -5 -33 8 -92 -10 1 -18 -27 86 -88 6 -87 100 45 -61 82 -12 13 -34 -59 6 -3 59 25 -3 73 
-15 -27 33 68 -48 6 78 -79 -34 -3 60 71 5 -75 20 -75 54 -51 83 11 -9 -100 -52 13 48 -51 -46 52 -10 30 -72 -83 38 -52 79 -59 84 21 -39 74 34 -57 -8 23 -33 -58 76 42 53 -38 46 87 -85 -64 4 84 -30 -23 -76 -83 -69 -32 99 40 -13 67 
93 43 -14 12 72 -72 90 -17 49 -47 -54 46 16 -45 -89 20 -90 -83 62 97 78 -53 -18 -4 8 40 -89 89 42 -20 -64 70 25 92 -91 -83 84 57 -40 -70 78 63 10 76 -46 -97 76 93 72 21 37 22 21 -13 67 -18 -63 21 -78 88 -46 74 74 74 -52 -55 
60 -28 -15 75 10 84 8 -16 -81 5 89 36 10 -60 -64 -50 -63 5 38 -66 86 -83 30 75 -3 42 42 -6 -63 -12 90 68 70 58 14 31 -59 -100 -28 -33 -3 1 -4 -99 -76 20 -60 -67 -18 -29 61 -49 74 -51 -19 91 46 -45 38 72 91 27 92 -21 64 68 
82 9 48 73 91 38 29 -90 96 54 33 1 -56 -66 -99 -18 15 -83 84 30 -32 50 -92 90 -3 -39 -6 -19 87 47 12 13 -78 -60 90 -31 -7 -87 -67 47 -87 74 -84 1 53 -71 80 -45 27 20 -86 70 -82 -3 -84 -42 61 -85 -13 24 94 -99 88 51 42 33 
10 -33 48 99 9 -56 -22 -86 8 -70 -28 -31 -40 2 -64 82 6 -38 87 7 16 -45 11 64 -90 -3 66 95 50 -54 -28 8 27 -80 -69 -76 -95 65 -38 65 84 56 37 -54 43 75 42 58 58 -62 38 -33 -46 -55 -14 7 -52 19 -25 38 44 60 -68 -42 -29 7 
100 30 -81 81 2 -70 -17 -79 -20 -50 57 -51 99 -35 61 74 -100 52 -20 -10 -18 51 4 -36 -55 -20 -80 -26 -94 -94 43 -46 55 -62 -39 3 -34 28 -74 96 10 81 67 0 7 -78 18 -67 68 10 -49 -64 23 -84 -5 88 70 -39 -36 -63 -35 88 68 11 -38 -42 
55 -68 5 -84 17 -82 95 96 4 71 -1 -63 -37 -74 -29 -56 58 39 -83 -10 36 52 73 64 -94 -100 55 -65 72 -13 -36 1 -53 -39 47 23 85 76 -6 73 39 -68 -35 46 -77 -9 54 -43 56 47 -74 90 38 50 -36 -67 -10 -79 88 -9 -47 -64 -57 9 -36 -52 
19 10 75 24 -97 45 -79 -60 35 92 85 -15 63 37 -38 -80 -31 -16 -100 -51 -13 98 67 61 43 64 26 -79 75 -42 13 93 -26 -60 68 47 49 -92 -35 -74 -65 -23 42 -88 98 -39 63 19 -98 71 -92 -94 97 -92 95 -6 -78 63 61 56 44 -83 -62 -73 -58 -14 
96 -94 26 10 -5 37 66 89 -41 61 17 89 -68 15 24 -99 82 -35 99 -21 29 22 -31 -66 -6 -18 -58 -76 -24 71 77 80 49 29 -35 -64 0 19 99 -55 -36 -86 -38 66 -31 26 -55 -67 34 84 61 98 -47 -10 81 24 38 41 30 -10 -45 -58 36 54 -86 -68 
78 2 -11 -66 38 -73 -98 -17 34 -68 -20 25 9 62 -83 -73 -20 -72 2 7 -3 82 -44 6 -75 -1 -50 79 9 42 -80 43 75 87 -50 82 60 24 17 57 -67 -21 -55 -76 -89 83 41 -49 -16 -53 35 -23 77 -99 -11 -31 -88 -58 -15 30 71 49 50 -49 -28 59 
26 1 14 65 -51 -25 67 -90 79 85 -35 42 -25 49 75 -82 41 -77 2 57 54 97 -66 58 -68 -53 -12 -62 16 -44 69 -38 -71 76 -96 15 15 -76 100 13 12 -65 -71 -42 -35 -62 -38 36 53 86 66 11 28 80 -63 37 66 -56 48 99 -43 -100 10 37 -69 -80 
78 -90 44 -4 85 -82 83 43 23 38 -4 12 -98 28 -68 3 40 77 76 -1 -36 50 60 -85 -8 9 -10 -59 75 -9 37 -78 42 -52 48 -74 38 -14 37 -28 56 -91 -83 -24 -97 -31 27 15 84 55 96 51 -57 -63 87 65 -27 -53 38 18 -52 21 84 -38 -6 26 
2 94 39 66 -53 -97 98 -2 100 57 49 -2 -12 -90 -81 -79 -91 25 -24 60 22 99 -34 99 62 46 -90 -17 86 -11 -67 -68 62 1 -78 -11 -12 -8 -45 29 -76 -9 92 52 12 -11 -42 -65 -10 41 27 28 83 -25 50 -8 -82 -84 74 -4 36 -74 26 86 -70 67 
-50 42 71 -20 48 -91 45 -13 53 54 -100 13 -58 5 -97 50 50 31 -12 -29 -55 -95 -79 -28 -70 -37 -91 84 7 77 68 44 81 -40 -49 -94 -66 48 -25 69 -95 65 -17 85 -70 -78 -89 -68 -73 97 -6 3 79 34 82 79 -7 22 -13 95 81 5 8 51 2 57 
38 -39 -60 0 63 89 -44 -60 67 6 -43 54 34 -82 -58 -97 0 -89 -60 35 -1 80 -97 55 65 -86 69 -24 -99 36 -23 76 -35 -100 -59 -54 -73 77 -43 -47 -9 -34 34 97 -87 50 65 -79 -63 -85 -23 -64 77 1 -19 84 -16 -6 -2 33 -18 50 -51 29 85 -9 
35 57 94 -43 77 70 -33 11 -81 -2 99 65 66 -42 -79 -41 82 -32 -3 86 -11 -71 9 -40 86 -44 1 47 -48 1 60 74 -19 24 -19 1 40 -13 20 -64 -10 -10 -27 -21 49 80 -60 -10 57 -44 72 -84 95 -55 -84 -24 -32 -4 -19 -2 92 49 25 7 25 50 
94 -57 33 32 61 26 21 78 61 89 17 -14 6 -19 -69 -57 -64 40 -64 -78 83 5 75 -25 -2 89 73 -43 13 81 -13 -14 -85 -58 33 69 -83 -53 -80 52 -31 11 -5 -34 90 -68 60 -76 86 13 -1 -82 88 57 0 -32 -23 18 4 -2 33 -50 94 80 2 2 
87 -85 -56 99 -73 55 64 7 -63 -46 73 -40 54 99 -95 -95 -63 57 11 84 61 -49 -33 -60 -5 45 -78 -1 13 -65 -67 -19 29 -81 34 -78 11 -82 -23 -61 54 -82 84 -78 -85 100 -75 -23 56 48 -54 15 12 -59 76 54 -67 -18 47 -75 36 70 -38 -83 -5 -57 
-81 55 -20 -50 51 56 -88 -3 -5 34 48 29 -13 -44 97 -18 61 -12 -59 90 41 83 -53 -66 -19 -4 24 -15 20 46 69 64 71 -51 -53 1 18 -30 57 17 10 9 -43 -72 32 47 -27 -1 -29 -86 -24 -80 -93 10 8 -73 79 -67 86 -10 20 26 -20 -80 79 -10 
8 78 -45 -43 6 -37 59 -47 -53 -99 -62 32 67 -77 -87 95 16 30 -62 96 -35 -78 25 66 72 -18 -81 5 87 37 -6 -78 -89 -17 -65 51 68 32 29 -24 -54 22 -54 -31 -81 24 31 -76 -21 21 88 -47 -40 89 37 62 -90 -17 76 60 -46 91 -54 77 58 55 
47 -46 -11 28 -81 -46 78 -58 -72 11 88 -54 -46 91 -22 -47 52 63 -57 40 -14 78 -44 35 -35 -90 -30 -50 64 7 -14 -69 16 -96 56 -1 66 -82 14 -9 37 35 -3 71 50 62 -51 32 -63 33 4 -83 -82 -11 -30 100 -56 -93 -38 -86 -64 -20 -19 65 -7 3 
-55 -83 38 88 78 -27 6 93 -51 -69 -35 -76 72 52 -100 -48 55 83 60 -14 -78 -85 -73 -40 87 -81 69 68 79 66 -12 87 71 -7 23 -21 67 -2 -18 14 34 -79 86 49 38 43 14 -49 -13 2 -46 -49 31 9 44 -77 -13 49 76 46 86 -62 82 30 -23 -9 
-36 -85 36 22 7 91 -98 -41 90 -36 -92 13 45 -59 73 1 -10 54 8 67 -75 -27 -87 -44 -22 -1 51 1 -27 -14 38 74 49 -48 -52 15 75 5 32 85 -80 -84 -79 -64 -39 14 45 55 -30 71 1 58 76 9 13 97 -19 -20 -52 47 -40 49 86 48 -8 64 
35 -61 44 -8 -98 68 -48 68 43 60 10 -28 -86 -1 57 -67 100 -29 100 -26 37 19 8 -75 -37 39 -44 -39 12 -10 -76 42 -31 54 81 -48 -22 -98 -82 -7 59 33 63 75 76 -74 17 -55 -79 -100 -65 10 8 -34 11 18 -58 -100 -67 -5 -52 29 -24 0 -40 -70 
96 -69 92 8 -5 17 -82 -35 -19 -96 92 -97 -63 -28 -82 -59 91 40 65 85 -7 18 38 -19 -87 23 -100 -51 -40 45 -52 -1 -82 72 -24 -83 89 -62 -83 60 -87 5 70 -76 -50 8 72 -60 25 68 62 -6 12 -15 78 -26 -78 15 30 -50 -43 6 -75 -2 17 67 
-87 -77 -73 -89 -28 -84 50 -60 -27 36 20 -86 -2 -92 44 16 -4 21 -70 -35 73 57 -46 -19 36 -7 -51 82 -36 9 -3 -10 -73 59 -85 -52 56 72 -44 72 -91 97 37 37 42 31 -67 33 41 -71 53 77 50 -19 -60 -22 33 -18 -99 -19 5 -4 -45 80 83 -13 
-67 -67 0 99 -20 9 17 7 -13 -19 -61 -10 -87 33 -45 -69 73 7 27 -53 29 -34 -76 -5 45 -98 20 -72 9 46 88 -70 -99 67 -75 47 -78 28 -76 77 62 88 10 -59 25 -97 53 82 43 -44 -44 -36 77 90 29 1 7 43 27 4 82 -67 10 2 -4 60 
87 -7 -63 14 -44 -36 -94 100 21 3 39 0 -6 58 2 42 17 96 43 45 49 65 42 -52 75 63 55 -46 27 76 -29 -85 31 84 -6 66 64 95 53 -65 -14 -64 -54 60 -18 78 87 -44 -29 3 100 -75 -9 52 65 99 -13 50 -62 -12 -97 -85 -16 56 47 32 
24 39 1 9 40 -46 76 -47 75 47 97 -54 96 80 -29 -40 -10 63 36 -89 -27 -73 -21 15 56 -16 -46 -12 85 -14 -49 13 22 83 29 43 22 77 -29 11 -64 -79 21 -10 -15 98 84 -21 -38 -23 97 -33 88 -71 -79 -89 -60 92 24 -61 97 -88 32 -86 85 76 
57 -27 -39 -3 -74 -70 -7 38 -95 76 21 -28 55 -8 -58 94 39 79 -32 -97 84 87 52 94 10 -52 72 -13 27 -23 -92 58 -30 12 -40 -3 73 52 13 -84 -69 66 -40 71 -98 -94 82 -95 -66 61 2 33 33 -34 100 -84 2 -54 78 -90 98 -52 -82 2 97 -93 
82 -34 86 -33 -11 47 5 -50 -64 47 -53 16 -46 52 -22 85 -77 -53 0 -14 -5 -62 -38 -33 -31 -87 -94 -80 56 -57 -3 91 51 -99 88 94 5 -42 -43 26 83 -22 17 -78 -30 -93 -66 72 98 79 -51 -88 -48 -24 -29 63 86 -60 -22 -62 5 86 -94 -64 100 79 
70 -39 4 -13 -32 -52 -99 -93 -60 81 85 67 49 79 39 97 80 60 -33 79 21 93 79 -81 62 -15 -79 -79 46 16 -55 51 -5 53 -88 -9 -97 77 21 91 -78 93 -14 -97 -54 76 -55 83 -79 1 4 38 64 86 29 -18 34 -7 98 87 83 17 54 19 72 -44 
-89 69 69 46 56 47 -4 -77 72 22 36 -93 14 -12 -43 -78 52 -90 -34 76 81 -87 -45 30 39 -36 -36 50 -1 23 62 66 69 39 -71 -20 -5 -36 13 78 -3 28 99 -90 74 -16 -98 75 -12 -91 -85 56 -33 59 5 -99 -80 84 -52 74 92 -92 52 45 -37 54 
-98 -13 -96 -35 66 -14 27 1 96 98 -48 89 -50 -89 72 3 32 -41 -37 -41 32 1 53 65 57 -40 70 -78 13 -8 71 -69 2 -60 -52 20 -68 -90 50 -68 51 -89 -44 -58 -72 30 83 85 -65 -99 18 -10 -74 7 -15 -93 -70 81 98 71 81 -80 98 -71 21 34 
24 -33 22 5 -8 -93 0 93 -63 -47 -25 47 93 51 -39 -37 67 36 -38 78 -38 29 97 69 -19 -87 62 29 68 -75 -92 -53 -73 -60 83 -57 -93 -89 73 -89 -30 -54 -33 -71 -9 51 90 -72 -70 -37 -43 8 -32 88 -51 17 -59 -30 -89 2 -86 -5 -18 -39 -30 -49 
-94 -41 54 -18 39 17 -34 33 -23 7 83 -62 67 -100 -66 -27 56 69 -71 74 91 54 0 11 1 -9 19 -49 90 -58 -70 -29 6 -4 -100 -73 -68 -49 5 -71 -24 39 -10 -95 94 -58 73 -82 27 -36 -52 13 74 84 80 60 -5 -29 -92 65 57 -71 -91 27 35 27 
26 -55 42 85 94 53 -32 15 38 13 -96 -12 33 35 85 -74 51 100 -81 -21 15 -17 15 97 52 -83 -70 -66 -36 41 75 77 38 -93 89 -97 -55 -95 -27 65 -68 -53 -82 21 -23 45 -18 66 -39 100 81 26 -26 -60 23 14 -86 -79 5 7 -97 -63 -30 16 -60 -55 
55 -15 -58 -52 33 -10 -78 -19 68 -67 -73 74 17 -78 92 -35 -22 -31 44 19 91 -74 51 27 60 -59 -42 42 35 10 25 -51 59 -90 -43 59 24 64 66 12 64 -51 -97 -62 -36 67 -90 32 86 23 26 -16 79 80 71 96 8 68 11 -3 -1 41 1 -29 -67 74 
-28 -80 -9 55 -85 52 -18 -73 -24 -3 -31 -8 -24 77 -14 -38 -7 58 -44 33 -13 7 21 -70 -97 -28 79 29 -43 40 -9 79 -58 -93 -15 -40 -33 -11 -15 26 60 74 -73 78 96 -47 81 45 -35 68 92 -94 87 -54 -35 -8 -97 90 -13 29 -45 -72 -49 -73 -33 -54 
27 68 78 -42 -30 -48 -68 44 63 27 1 93 -90 -88 -69 77 19 -79 82 -48 1 -17 -55 -58 17 -71 14 38 -100 -53 54 -31 17 -23 -63 35 -7 -30 87 88 42 28 -47 29 -62 -37 -43 -76 -26 -46 83 -85 -42 29 38 -19 -76 25 -81 -24 15 -38 -68 -48 -70 3 
23 -72 30 -54 -38 -29 49 -55 -44 -10 -54 -87 78 2 73 91 -37 -71 18 -35 90 -7 -31 88 73 13 68 5 -28 -58 -48 -21 1 9 -44 -50 9 -75 -62 -20 -94 67 78 27 24 48 -3 97 33 37 70 -18 -1 -56 59 67 73 75 -6 14 47 9 -2 -47 7 -73 
18 43 -74 -87 96 -87 1 -8 -37 32 -2 -82 20 -17 54 41 -74 -37 -27 23 12 -64 -21 -40 0 81 -4 3 31 30 -18 -30 -79 72 -6 -3 -68 15 80 2 -15 -44 -31 73 -52 -63 -75 -95 -82 45 -3 43 16 -30 -36 54 17 -22 91 -75 -98 96 81 59 56 -94 
67 40 -15 39 20 8 -84 -47 73 -49 -2 3 53 -89 36 28 45 88 -52 -88 -62 -90 8 91 96 -90 49 -44 -65 83 -53 77 -28 4 100 -71 77 45 -90 91 78 2 39 26 -63 -32 10 -45 32 83 54 -72 -74 82 -27 -80 -22 16 -37 56 -2 -22 -62 -2 64 -62 
73 -30 -80 -63 -87 87 -35 -42 75 -7 98 -26 -13 -60 -88 49 -71 -45 59 67 42 51 77 -22 -35 37 84 -63 -3 -92 -73 16 21 -11 68 -61 -31 55 17 -40 34 44 66 -27 93 -36 21 26 66 22 11 56 -69 -62 52 -75 47 -94 -6 -32 -90 -14 -49 -100 -36 -93 
-38 -64 2 -58 14 -68 6 -77 20 28 -58 -23 -49 -4 45 -73 66 -54 -65 51 8 55 74 -13 85 -68 97 -68 -10 22 85 -52 95 -18 100 36 -45 2 -66 -49 28 -75 34 63 -64 -90 -100 89 72 -48 23 44 -58 -82 10 -89 -77 -18 8 83 -52 -74 -52 -18 -17 42 
63 7 -23 69 52 95 36 -96 -57 -48 -34 26 76 -58 -77 88 24 37 12 19 90 71 -61 24 -98 -19 2 37 3 88 32 65 52 23 -4 82 -71 46 19 16 2 -30 -96 40 48 16 -69 -11 80 61 40 -24 22 -61 58 -60 5 -63 -2 39 45 -54 1 19 -83 98 
0 -5 60 -93 26 -52 23 59 36 -14 -94 7 74 -82 16 18 20 -63 43 -85 -69 28 -65 99 86 24 -4 -95 14 -89 66 10 -83 -56 -40 -65 34 52 15 -57 74 -18 33 -68 39 51 -56 19 28 17 42 86 52 47 78 -56 24 -38 -83 71 -83 58 4 12 33 8 
7 -16 -55 9 88 31 46 80 1 77 34 39 -71 18 -70 -19 -60 96 -84 94 -29 55 30 -23 29 23 -73 45 82 56 -22 71 41 -33 -98 -39 52 -61 -15 -71 20 -29 -46 23 -66 83 -68 13 54 -89 -84 -32 32 7 -55 58 -1 11 -62 -58 -46 5 73 35 56 -38 
87 43 -44 68 -97 35 -5 -82 -94 -90 -60 59 -8 -37 87 -75 32 36 53 -25 -59 -84 17 61 9 -45 50 -82 -12 -15 -99 83 88 -99 72 43 17 -23 -63 -6 -58 49 -74 75 -27 -12 76 98 -95 69 -12 -72 5 83 -81 81 -90 28 96 70 -37 -7 75 -53 -40 37 
15 -37 -96 -69 -58 -54 -96 -30 -6 -11 96 78 67 -89 14 -69 57 -78 1 -50 97 -86 -39 -14 -39 -62 40 31 80 -32 95 30 5 -40 78 54 59 25 -27 -66 93 -28 -7 -39 -27 -2 70 62 -64 -55 -85 1 62 45 -37 83 55 84 54 23 -83 -22 84 -19 -70 10 
17 51 -16 57 -15 -60 32 38 69 10 94 -73 -22 25 -75 -49 -63 -58 50 54 -69 -70 -65 -7 96 56 44 -18 42 93 91 71 30 -22 48 -51 -7 81 12 -92 89 -37 87 23 15 28 -55 -6 58 -90 72 -31 -80 -10 -69 65 74 28 -84 -99 -16 -85 87 56 -76 24 
-79 90 -48 19 27 75 98 5 -31 -11 -84 52 -90 -33 -35 46 51 29 -3 41 72 62 -50 58 -94 -14 47 -75 -51 -6 56 64 66 -75 2 -35 -63 -58 -94 62 22 68 -17 -60 -12 -27 -97 34 25 81 65 -88 -71 98 -27 29 -59 69 -32 33 16 -76 -17 -96 -96 -62 
-86 66 -71 81 4 -100 55 100 51 -84 -20 -92 29 5 -33 -10 72 -52 -33 -49 -6 47 -30 43 -29 59 -57 -32 53 -2 -60 -47 98 -5 -77 91 -49 0 -48 71 -19 -1 35 -22 -14 -79 23 -3 30 75 5 60 -31 31 64 -19 -5 98 61 -48 -6 47 37 -66 11 -87 
-18 -10 33 71 5 9 -46 -56 -9 -74 69 56 78 22 -34 -47 40 -13 99 -83 -75 25 -16 -53 20 42 -16 77 -99 68 33 -81 -31 -34 58 49 87 -79 -58 41 -52 45 54 15 82 -33 -64 99 -23 24 -43 52 43 63 22 -27 -65 -15 33 51 36 37 -54 -68 96 87 
5 85 65 28 32 34 -84 -57 -66 -47 -47 34 -85 66 -28 14 4 34 59 87 -20 -51 -93 -77 86 54 27 79 26 -96 78 -13 -25 65 -4 34 -21 46 -52 7 62 -24 -2 -33 6 9 41 62 -11 62 -85 -19 55 -34 -95 93 -5 -85 13 -65 -62 17 -20 63 -15 -78 
-23 -43 12 79 -57 59 83 -51 -52 -26 -79 -83 61 62 -19 -24 -18 -5 18 32 -29 5 53 55 -57 -14 47 18 69 40 -85 -26 -46 85 -36 18 -60 -88 -53 -23 21 70 -68 -98 8 -85 56 -8 53 -8 14 82 81 29 55 60 -44 21 32 77 99 47 57 -40 -93 -12 
8 -46 79 -21 13 -3 -98 -6 -100 -15 31 69 -6 51 -80 33 -36 -71 -61 33 -82 -4 -47 -47 -91 -14 -89 15 -94 4 40 67 18 24 49 60 -43 -2 39 13 10 -80 2 -17 -9 -54 -19 41 -35 37 20 81 -18 48 -9 -87 21 -61 75 88 12 67 29 54 -67 -93 
-34 4 -11 50 -87 -18 100 73 -34 -72 -66 68 -92 100 54 -86 90 -48 -39 80 -32 40 -30 98 -32 -54 68 -13 52 45 -96 44 73 90 35 -50 -74 -52 -67 40 -87 -87 -20 -68 -90 -21 8 94 -59 57 79 -11 35 -100 -67 78 21 54 7 55 -88 -55 -17 16 -27 78 
-48 -59 61 63 24 -91 -4 -67 -89 -81 4 41 14 -65 -7 64 -86 -16 -5 -98 -95 37 -52 -36 95 -77 90 35 99 -65 45 90 30 -4 -96 36 -99 31 22 -40 -66 3 -72 -62 -72 -98 7 -2 -81 -62 79 -54 -67 32 75 46 -76 -45 43 50 -70 -39 30 -99 64 13 
2 99 -76 -40 -53 95 -89 32 -85 -74 -4 -81 76 85 97 81 57 4 82 15 25 -30 -98 -43 41 40 -90 -38 -41 17 64 42 -33 58 94 71 83 -39 -69 -40 -92 77 19 -47 -36 -45 -91 -35 -73 6 79 -91 -8 69 1 98 40 36 -70 61 -8 7 99 12 -25 61 
2 -7 -38 18 -85 -75 -65 -51 26 -25 40 -74 46 60 50 38 4 -77 18 8 -64 -36 -63 -3 -28 -72 57 78 -44 92 13 47 47 -83 -82 12 11 -29 26 -76 52 95 -6 17 -92 86 95 56 98 -61 -35 -80 -31 -95 86 65 43 60 52 50 57 -49 15 -85 -31 71 
-79 -58 24 83 42 36 10 24 -49 93 22 63 -64 61 19 -54 88 -37 -9 54 68 46 38 -13 -67 23 19 -41 -3 26 6 59 -72 71 38 -52 41 -43 24 -36 32 61 -93 -96 -78 -16 73 91 46 86 -39 0 -18 57 -94 42 -20 2 -13 79 -65 17 78 -9 38 44 
11 -9 -38 -88 -40 -22 88 -73 -78 32 33 43 83 -68 84 -35 98 -69 -45 96 97 -2 -8 54 -40 48 90 6 80 8 -37 59 28 -63 -59 67 -42 78 -3 63 -24 -29 -93 -53 40 -45 79 5 18 27 -100 23 -7 -98 12 -26 -25 -38 -81 62 60 100 -44 96 69 -64 
-3 -2 76 98 43 -20 4 -74 74 -19 90 88 -31 -44 -31 -77 53 -81 -2 58 28 -58 -50 40 100 53 9 73 -47 -14 83 -73 98 -46 -82 89 31 19 -29 -55 88 -14 -49 88 -47 -58 -78 29 -41 -92 -46 -25 58 32 -17 86 23 65 -73 11 17 -48 -67 -39 -96 -60 
-7 -54 -96 -60 27 94 -24 -84 -82 -78 -99 -32 -94 66 -10 99 -57 38 -90 60 -50 96 60 -91 -45 -67 7 -17 93 61 -16 35 92 3 -100 -19 3 -18 -58 -99 97 69 63 24 91 -100 -46 -4 -54 -69 -76 -10 -82 5 95 -14 -13 -6 -13 -18 -39 -9 -45 35 97 -35 
-61 72 51 -97 25 -77 30 13 69 -28 73 -91 92 -64 -24 -64 39 -74 -44 25 27 40 41 -17 -80 47 42 -84 8 98 -26 57 -31 4 -28 -81 -89 54 42 66 -19 37 67 -64 60 30 11 -62 91 -89 -97 75 2 -21 -33 -33 -54 -77 26 -32 94 -11 84 59 38 -30 
100 -46 69 -92 -9 27 -50 -26 27 -24 -94 -16 8 44 99 12 -100 8 -7 -22 -39 -18 -5 -4 43 -51 3 -61 78 -89 -80 2 10 -60 -33 -41 26 -80 -100 91 -5 -95 -16 -61 -32 25 60 -34 61 26 -73 -53 -90 -40 40 -53 -29 -51 58 -91 -91 98 24 28 90 78 
-75 -34 4 -85 85 -7 -81 -11 96 78 -18 14 46 -91 19 39 6 90 -98 -81 -75 100 -37 96 -13 -98 -5 58 1 -22 38 -16 -97 -38 -78 39 24 42 -53 -67 -59 -60 -78 -28 9 64 61 -35 -31 14 -83 -69 96 36 79 -34 -78 -2 25 73 32 14 -84 -34 -45 -91 
46 -43 98 -69 100 -39 37 -66 -32 -38 -63 65 32 -23 -94 -1 75 98 -59 -100 32 -12 29 -74 28 83 -24 -99 88 -70 91 12 -38 -50 -17 77 9 43 -11 -67 82 -50 -86 -63 -18 34 -41 -95 70 9 48 20 52 98 -52 11 42 -26 87 11 -96 61 41 48 -26 21 
45 74 -59 -8 -60 -80 9 -43 86 -29 -17 -88 -75 33 -40 -84 -33 17 -51 37 -69 63 -22 49 43 -41 33 -58 86 -95 -28 24 12 -84 -67 16 21 28 41 85 -72 -58 -65 -23 45 94 51 -18 -69 84 -94 -94 -10 -69 -98 73 -98 26 -76 -2 32 92 47 -54 70 40 
-31 88 24 20 37 95 22 -74 -53 93 -2 64 69 -17 -5 2 -39 16 -77 58 -99 -12 12 -85 -68 -28 9 -8 -76 53 -70 -79 9 -88 -71 71 -77 19 79 -78 1 81 29 58 -11 62 -74 77 -74 34 -75 -1 67 23 96 -3 16 -26 -94 -42 100 78 -81 3 66 29 
59 78 -5 65 21 -98 44 63 83 -20 8 21 15 -41 96 76 15 87 -29 -45 98 83 41 76 -63 90 -10 -8 95 -78 -66 -2 -25 88 -10 -48 -79 34 -31 11 -78 0 7 58 -67 92 34 -89 42 14 6 -78 4 83 -24 15 89 -3 -12 62 -76 -30 -32 68 66 -57 
77 -52 38 74 66 -82 -100 57 20 53 15 -19 62 -100 -30 -40 60 95 70 57 -75 -51 -51 -38 -25 -26 8 -50 -92 -57 21 -6 56 84 11 34 59 -17 -83 30 89 -48 -10 53 -33 -13 36 89 -36 -67 72 -58 -88 -31 -21 -25 -4 16 44 22 2 -80 89 -13 -74 -85 
-40 -83 -76 -31 32 -51 23 90 83 -62 65 43 -67 -64 78 70 -29 67 -50 -85 -56 17 -56 18 -3 39 -65 79 -19 -90 -79 -31 35 -20 38 -78 -91 -89 0 8 -83 23 78 -96 -77 -77 32 -30 0 98 8 -48 -95 75 49 99 68 23 53 36 63 74 2 88 -29 14 
0 66 -75 -7 70 32 -14 -54 -74 64 75 3 -24 -41 51 -71 20 -14 -84 -98 29 -82 -1 -14 -13 15 79 -8 -30 44 5 -5 54 3 -4 17 -12 -79 72 -90 32 4 69 -10 77 -53 -47 -56 91 60 -75 -95 -54 -2 40 -16 -78 70 66 100 99 19 -73 20 -38 45 
26 -86 72 90 -54 81 76 -14 48 -34 -34 -94 47 -25 -14 24 93 80 -18 -16 -46 24 31 75 66 -26 -30 1 65 41 91 97 27 -54 -27 -53 6 52 -19 34 19 27 -4 45 -65 83 28 93 50 -27 4 84 29 -4 31 23 -39 -10 -11 84 91 99 96 -26 55 10 
-23 -42 42 10 45 12 5 0 93 40 -3 -65 20 26 87 100 -43 98 -75 -39 22 88 62 -72 98 44 -41 -95 -30 75 -79 65 -81 30 50 100 -57 -32 -47 -51 19 -79 -79 9 78 -7 74 -28 -44 67 84 71 -56 94 21 16 72 -26 34 -86 -57 23 14 -14 -29 7 
-36 -7 86 -49 83 -35 29 2 2 -67 -9 -84 61 -55 -60 -20 -82 79 -95 98 97 30 -35 36 71 -96 32 -18 1 -56 58 -48 97 72 45 49 49 21 88 -89 6 15 46 -6 -80 77 79 -73 -74 97 100 -14 49 -84 85 70 5 40 9 35 -59 57 -19 36 -64 -60 
-13 11 -59 36 79 40 54 100 67 -97 -45 38 50 -72 19 -61 -22 29 23 -62 67 -23 4 -53 13 24 -73 -31 -71 -2 8 -28 -25 79 52 38 -67 -33 66 -89 72 81 -97 -95 63 -99 -72 6 -88 -56 24 84 31 11 -1 -76 27 -78 37 60 97 -11 -51 28 -81 -46 
72 91 -10 64 -72 -60 -39 -58 -80 49 100 -45 -10 -86 19 -75 -18 93 -65 -16 -99 -94 -49 59 12 -89 -68 18 -19 -40 -93 32 16 -77 29 23 -72 -51 -94 -34 93 -6 10 -73 90 7 24 83 1 15 64 -61 98 24 -9 68 -1 -20 -95 -16 -42 -63 81 -89 -33 14 
88 12 92 -24 -33 -77 79 -14 20 43 -11 70 82 38 -52 -34 -40 36 62 10 -9 5 25 -92 -58 69 -83 -2 -19 28 54 -12 99 -36 9 65 73 25 97 80 -61 -35 75 -29 34 41 -21 -25 92 99 19 51 -10 85 -79 -57 86 2 -11 -56 -93 -38 51 -88 11 -21 
-92 -16 -74 -93 -73 79 95 -81 -18 13 90 35 14 -18 -82 -68 -35 -9 61 19 86 9 -70 -95 -30 96 -13 67 100 55 -15 -82 9 -69 -29 95 62 -50 -100 -85 80 97 24 -54 -23 71 -14 100 -68 -26 -28 49 53 65 -33 41 -91 -65 51 76 -31 -7 -33 61 -72 -86 
-68 -62 -78 -12 -89 33 -57 -43 -42 22 57 -99 -29 15 25 -53 51 71 -6 33 64 -3 46 -21 83 26 -72 -64 39 0 -77 -73 -37 90 -24 5 8 -40 89 -33 11 91 -26 86 -41 97 36 -58 -49 -10 24 10 -50 32 15 73 64 -35 -98 0 100 -93 -74 5 33 -96 
-33 19 -80 48 91 -57 71 -27 10 -92 -33 96 -8 73 -28 45 93 -62 97 45 62 -83 -98 -29 -100 37 -35 77 67 -87 4 71 93 75 -70 62 -39 89 -48 67 -37 -66 3 74 -63 -86 -6 39 -70 24 -13 -86 -31 79 -51 55 78 -26 63 -58 -100 24 54 -26 58 -48 
-40 -98 60 -23 -84 26 95 -28 65 -41 -76 92 57 99 -21 7 -8 65 85 11 -4 79 -91 60 -69 -67 5 -77 -5 -15 -92 13 46 26 -78 -72 -29 -29 67 69 86 53 -89 4 -44 45 -20 73 82 -17 -80 -70 -28 -92 55 11 68 -11 45 61 78 37 -47 -64 -58 27 
18 76 -57 89 68 62 -90 -85 -34 -42 -14 32 90 -66 95 -13 -41 95 14 -78 -60 26 -11 18 -97 70 0 16 -38 39 -39 77 -31 -79 33 -86 -83 9 -82 -100 -88 -65 41 -45 -93 -62 94 34 -84 74 -14 -83 -84 -7 31 18 -74 39 42 -44 0 39 100 24 -43 -16 
-24 -43 -71 80 -15 -29 98 22 -76 -79 87 95 -78 -82 69 -51 -30 66 99 -86 62 86 90 56 -33 40 -58 0 41 -56 88 -12 52 52 91 -75 -72 -91 47 -35 -88 50 -4 -63 10 -66 -11 37 -84 63 -75 29 -59 -6 25 -61 43 44 71 68 0 -39 40 -6 92 -47 
-51 4 8 64 -63 -99 69 -32 69 53 -34 -93 94 35 55 -19 -2 -49 89 57 -78 57 22 58 -95 96 98 -88 -68 14 -62 17 -32 91 46 36 63 -42 -25 -100 -91 43 81 50 51 -35 65 -78 -56 6 -59 -47 87 81 -93 86 -87 -1 17 -17 64 -18 7 12 -55 42 
8 6 -88 74 -94 53 30 1 -43 85 44 -28 -32 64 8 27 -15 48 -73 -87 -36 76 9 -89 -100 -13 22 -57 83 -77 94 -8 57 -100 50 -60 -82 -21 96 -72 -39 -65 -96 -29 -84 -94 -85 56 15 73 -7 22 -76 -66 -80 16 19 -78 29 -91 -13 -57 -66 4 -44 -6 
-57 23 -61 -92 -51 -94 -60 -97 -5 -98 12 22 66 9 67 -50 47 81 84 59 -41 19 92 -36 41 -18 -23 -67 -93 -95 13 -44 6 -3 -83 41 97 67 -80 89 -89 -62 16 -4 -97 -68 -60 72 -63 21 90 67 0 67 66 87 -15 33 -44 -50 -61 -72 7 28 35 5 
71 8 23 -37 -85 -93 91 46 46 -77 -96 -17 32 83 -51 -4 -67 -11 -36 85 -38 -28 12 -34 -80 -74 34 83 -39 -43 -43 -53 -100 -41 67 -9 -37 13 -22 -55 -94 -2 55 50 60 60 -35 3 -84 3 17 -71 -31 100 22 -72 75 62 -87 -70 -95 95 -17 -77 0 54 
-25 63 88 -53 60 82 9 -95 -63 96 8 1 48 60 76 -58 -40 -5 -100 70 -81 96 -78 89 36 -99 -26 8 52 -27 -71 -69 17 74 65 -99 100 -56 -23 -39 12 40 -47 57 82 49 48 -66 -55 -7 -82 59 84 -75 -18 77 -81 -47 56 62 -52 -88 37 -10 -75 -19 
-67 -37 91 -12 42 -51 58 65 14 -78 41 71 73 -77 36 89 -4 10 62 -80 29 -31 29 26 -40 -95 -95 16 -58 42 -96 -33 10 -80 18 62 -77 -44 -1 63 84 24 -37 -6 -55 18 -19 48 -35 -47 -58 -39 -100 19 31 -61 -46 -14 -68 46 21 24 -38 -79 -21 -11 
74 40 -9 10 -46 -99 83 -40 5 88 8 -33 -12 -94 -99 65 -4 -48 -1 -61 9 85 66 -39 -80 81 52 92 0 51 -43 17 96 3 -24 13 -38 -13 -53 1 92 -15 -67 -21 -33 -10 -24 -3 -13 -15 -57 -88 -59 -89 -15 -12 -73 92 -42 -91 -10 -83 -17 54 -49 -20 
5 -78 83 92 90 -76 -91 87 -91 -1 -82 56 68 10 14 -76 62 -34 96 -46 58 72 52 58 70 84 -94 48 10 -64 47 79 84 32 -75 30 39 69 40 0 -47 -65 36 91 -15 68 -31 -10 49 56 84 -38 -80 28 -31 -8 -80 -61 -15 62 -55 -92 32 40 8 54 
54 -3 -94 -22 -67 49 37 -93 -89 77 -13 -19 70 31 -88 58 -18 11 -89 -90 59 -100 29 -18 -51 -3 -9 -55 33 -72 67 -57 -88 -41 -66 8 30 -10 35 -27 57 -82 -22 -80 -33 -8 21 25 -36 -33 45 56 -43 51 54 -89 8 30 -82 -41 -79 -66 28 81 85 59 
61 69 -93 -7 -65 36 -85 82 95 -72 72 14 -3 57 1 -58 -96 -20 -8 -75 82 20 71 -52 -49 -26 74 76 22 -60 -25 60 -73 87 -6 22 78 -11 -97 -8 70 99 59 -17 -25 23 13 -5 38 -85 39 84 1 93 -65 -70 85 15 -42 9 43 -78 -89 -78 -99 56 
2 -66 47 -74 -65 -96 37 0 89 68 85 58 -96 22 86 26 67 13 -53 -17 92 -40 -86 -78 65 83 58 69 -64 11 34 97 13 -64 48 -2 -72 75 -42 73 -43 -58 60 -46 90 -54 10 71 51 81 -10 5 -99 -90 45 43 67 -43 33 -60 10 74 -61 14 -51 99 
-12 84 93 6 52 -78 -34 -42 -29 -18 -48 -3 -52 -41 82 -20 35 95 -13 -89 58 24 65 18 70 -18 50 -76 60 -40 46 27 86 -97 -50 -4 -67 -72 -37 -44 -68 -96 -96 -10 -29 84 79 80 -72 26 54 77 -31 98 -26 98 0 47 88 81 95 -6 54 -49 -13 -48 
-7 5 12 55 61 -94 -66 -32 67 -62 18 -97 12 -89 -32 20 19 80 -62 -80 -62 -4 48 -93 -36 52 -24 49 42 -83 -81 74 10 81 52 -24 73 61 -52 38 7 24 88 -41 24 61 -84 -60 21 -22 15 48 35 -89 0 -22 84 -98 -98 -5 -15 90 -63 99 -88 -96 
-19 50 -23 25 59 -34 -3 99 -99 89 57 53 -73 -18 87 -17 44 -90 -86 68 -13 25 -92 96 14 61 -47 64 58 34 -71 -61 -27 -34 53 -63 -37 99 -73 41 -28 59 88 89 69 -87 -63 47 -98 81 -78 48 85 81 -75 67 -63 0 75 42 -45 -90 -8 -51 -75 -20 
-20 26 -88 61 46 44 1 19 -45 69 7 -12 87 25 98 -56 61 81 10 -94 -18 -12 -36 -85 14 12 24 78 -8 -26 56 76 -71 22 -100 88 -59 -39 74 -37 -38 80 48 -22 -10 -37 -51 4 -70 83 -45 5 -91 -1 -52 -23 -80 -10 -38 -87 91 79 100 -28 -44 -9 
55 37 14 35 -11 -99 -44 -89 -72 20 86 -87 -73 -56 63 50 4 -75 12 34 44 4 -68 -79 -29 30 30 46 74 -52 84 33 27 -61 -64 75 86 61 -59 -20 -84 -72 -27 69 -72 74 -14 -97 -65 23 88 -82 5 86 66 -57 72 -58 11 4 -11 13 -53 96 32 78 
-51 -71 -2 31 16 -50 -30 -17 -94 -68 -96 -68 -27 -9 21 67 -77 -91 -23 -87 97 -51 97 81 -26 50 -66 50 17 54 -59 -83 99 -52 -86 91 -61 -52 45 26 -48 51 81 25 -19 42 -53 43 -35 -99 57 56 32 -20 -11 -76 -70 43 58 -96 -57 -92 -39 -93 63 94 
65 -59 89 -79 12 29 77 -65 -68 70 69 -84 -10 60 68 32 -16 48 -16 49 -21 24 -81 11 -32 92 22 39 82 -75 61 92 60 -98 -29 -94 83 77 46 -59 91 -28 8 -73 9 -51 -37 -52 7 -31 15 -97 -26 87 -55 -82 -73 -3 36 91 4 9 -92 -23 2 25 
97 28 86 24 -9 95 -39 12 -29 -57 -6 69 -83 31 -17 80 98 25 -81 -33 -48 40 77 -94 -31 13 -64 -30 9 90 11 -28 97 -43 -52 59 65 -31 -75 13 -88 -43 37 100 46 -81 96 -40 97 -95 21 60 29 16 96 70 -11 -82 69 49 25 51 -86 -45 -98 -37 
-8 -5 32 13 -100 -30 -71 -89 -100 97 24 -53 -91 -3 -96 14 99 48 90 45 43 96 -91 7 72 0 55 -52 1 -8 -22 -43 -28 22 -80 30 37 8 -90 16 64 -16 5 33 -54 77 -36 -4 93 -94 -100 -38 -14 34 -33 -91 17 -35 32 4 94 -76 50 42 -16 30 
6 -99 63 47 -82 -77 66 52 -18 28 92 -75 87 -39 50 -37 25 -86 -94 85 32 89 75 93 22 -54 -72 8 -49 -49 62 -55 42 23 78 -43 63 -84 -77 100 61 -28 28 -98 -100 45 23 8 -38 -43 0 -3 28 -84 -63 -80 -47 -39 -87 1 11 -7 -48 -8 -8 -79 
48 -83 -52 33 -2 -73 18 -53 -57 53 -89 -78 39 15 2 -42 99 -59 -62 -41 56 -80 -10 56 86 -65 4 -20 -29 -41 49 45 -22 4 -82 -94 89 31 -24 -95 24 95 80 -66 83 -88 38 22 86 83 -73 34 -27 9 90 -50 97 -13 -49 -32 -65 49 55 -71 8 -8 
78 7 -75 40 -28 -70 -34 79 -40 -28 58 -87 -69 63 90 -41 -67 -78 -42 62 55 -78 -96 73 -76 -64 -64 28 4 42 31 -11 -41 -20 83 56 79 -75 21 82 72 75 52 48 -13 -91 -34 74 90 -86 -72 -8 13 -6 88 -1 57 -90 32 -89 -37 -4 19 -76 9 -54 
93 39 69 -55 -35 -36 16 -23 86 -53 36 4 -46 -4 68 0 -58 -60 50 -39 -87 -12 55 94 -74 97 8 -62 98 -25 -24 -99 40 -53 -52 -59 -99 22 25 33 -88 43 -30 80 83 11 37 47 -82 78 16 12 -11 56 18 33 31 -16 -69 -73 -42 -56 73 -32 100 17 
71 -94 -21 48 70 -71 -46 -91 -2 34 -10 -62 -94 -27 -26 64 34 -94 6 14 11 44 51 99 23 -38 -78 -70 -66 -48 -54 51 -30 -12 5 83 -9 -23 43 20 -14 -17 1 2 81 -47 45 -75 31 -24 -33 80 86 -31 5 86 14 10 4 47 95 2 -28 93 74 40 
19 -19 -63 97 85 -2 28 64 59 -38 98 80 74 85 81 -11 20 -96 17 48 82 -24 -3 43 8 -73 71 -25 -78 -31 43 100 3 -30 -70 -25 41 88 -91 60 -75 50 28 -58 -73 10 -46 92 59 -38 -70 -77 -88 -31 -35 8 92 -7 11 49 82 54 -62 7 -29 65 
87 -23 79 -37 -14 -23 -70 -81 60 26 -15 18 -57 9 86 -93 46 49 -57 70 -88 -82 53 98 45 -6 -14 9 -93 42 -72 -19 16 -37 40 -93 9 -50 -67 -59 98 -26 -97 46 -10 78 49 90 18 93 -33 68 68 26 36 31 6 98 85 3 -96 -98 17 -44 -72 -75 
