8 -64 5 -42 -62 100 54 -54 -99 -45 65 36 -37 41 -28 90 26 -58 32 26 2 5 43 29 92 -82 77 84 41 -56 28 33 4 -3 -22 -68 36 64 -79 49 -97 -69 11 7 -22 57 7 54 -60 44 75 -62 -49 
98 -23 -6 51 -28 -67 -10 92 -16 -18 2 96 -10 -47 26 -57 -93 60 -19 -87 4 -41 50 4 96 -75 99 94 33 -88 5 39 -94 35 0 57 34 -53 -10 85 -61 53 51 -98 -74 -24 -79 43 100 -7 5 -25 31 
-39 26 -56 -52 33 -89 76 -91 15 9 82 -97 -5 67 -32 7 96 -48 -32 -14 74 28 -23 10 64 97 -30 61 -94 -82 96 -99 64 4 -11 -8 89 94 -19 -7 52 -14 30 -93 -45 -92 84 -79 -46 8 62 -47 77 
54 40 -43 -91 0 88 47 -68 56 -21 -26 -70 37 -39 87 0 35 -41 -2 -84 -21 -8 -63 -65 -98 77 45 62 -39 45 25 66 -75 24 17 13 51 -70 -15 -41 32 -46 -32 75 14 80 84 61 7 47 56 39 -68 
-49 82 -41 -85 -46 66 46 -55 80 -92 95 -62 -29 19 56 -29 -75 84 -86 55 34 91 -42 -81 64 67 -98 -81 54 -61 53 88 -45 -39 84 68 -6 -86 -62 36 77 -97 -65 -50 99 -81 -55 61 -8 -5 69 100 -78 
-32 5 -34 8 -49 96 -52 -11 -11 -97 15 7 3 -50 59 54 -89 -45 61 51 -57 -63 64 58 21 56 42 -5 15 24 -7 47 -42 -14 83 -62 76 -31 28 85 -66 -46 -43 25 -92 91 78 11 3 23 68 27 30 
80 -1 61 -4 -5 -52 47 26 -92 -96 -4 -81 6 72 -51 39 65 13 9 -76 39 -54 54 86 -95 -74 -28 -29 -44 87 -76 -2 23 -63 8 85 -39 90 -41 69 73 -94 -74 63 -31 -76 71 88 -82 56 87 -53 -94 
39 95 23 39 -25 20 -21 96 -49 93 -82 94 53 -73 -13 -75 -49 -16 31 -22 -62 79 -91 -3 -36 -96 52 79 53 44 8 -78 -22 -10 -19 28 -63 18 -52 -63 15 -16 27 74 65 -84 94 8 -67 15 95 88 35 
10 78 -73 -12 -42 -81 -50 8 -81 56 -96 -85 -80 21 -91 -80 62 64 23 77 24 50 -32 -18 49 0 26 -93 -26 -1 17 -83 -60 29 -92 -70 39 23 -79 -91 55 55 61 -36 -39 -51 93 97 90 -33 85 97 61 
55 -13 12 -24 57 -8 77 58 33 -93 -55 -43 -54 -71 -57 40 52 -30 -14 39 15 -25 -86 -97 61 -70 100 -19 -26 -24 81 73 -58 -55 17 -100 72 -27 98 -81 22 85 -77 -59 -87 92 -16 -5 -64 2 12 -13 -84 
-15 -74 24 33 23 -3 69 77 81 -51 51 -86 -21 30 45 77 63 54 -39 100 -65 78 -49 -67 75 75 79 -44 68 98 -71 -67 -39 -13 34 27 14 86 92 -74 -48 21 -9 -62 89 -27 -15 -95 -96 -1 15 -16 51 
-11 -33 -53 85 -32 -89 -34 62 32 79 -33 -77 -56 -82 44 65 1 -40 1 -34 87 57 31 83 88 33 38 -71 -8 24 -76 -85 88 12 -62 48 83 18 -3 -97 11 -94 -87 66 -50 2 -76 -23 -29 -90 51 22 -1 
-48 47 -86 -49 90 -46 -47 -43 74 -39 45 10 70 38 -6 56 100 27 -54 60 -50 -2 17 97 -36 70 86 -83 68 -81 4 -52 -74 -72 60 76 41 5 -74 89 -79 57 -32 15 -21 -32 78 98 91 -20 -32 -56 -22 
-53 -92 40 21 40 62 58 -98 -34 82 6 76 11 39 -14 -30 -67 51 19 -86 -69 -77 64 -18 40 -8 28 -7 86 -5 34 38 23 -29 27 -40 86 -24 4 -95 43 26 -98 24 -55 32 -82 23 81 -55 97 74 -68 
82 58 98 76 -84 -42 95 77 49 -5 -89 -11 50 72 53 56 75 12 34 -73 67 -74 -82 -78 -65 69 -65 30 84 21 -95 99 -4 -59 -10 2 19 3 -96 39 -65 39 -47 0 98 -38 99 83 19 28 44 -34 17 
-96 -59 64 65 -56 -43 -66 26 -21 -73 59 -77 -38 75 -91 -76 46 -66 -46 55 99 79 -78 -77 79 63 94 -16 30 92 -31 82 -95 83 -87 100 -75 51 -63 21 -50 82 81 -82 -8 63 -75 54 -21 -58 48 97 64 
-52 -36 85 -54 93 -94 -79 -17 59 72 -15 -78 -59 -50 70 -25 76 -20 -90 64 -100 50 -90 -31 93 23 21 94 -31 70 -89 41 -55 -45 -73 -8 22 -50 -17 18 14 -70 -60 80 -23 98 37 11 51 -55 -53 -38 67 
-96 92 82 -98 26 97 99 43 41 76 -27 46 72 -30 88 -86 61 -43 34 -63 -94 -23 21 0 57 70 -24 9 -17 64 76 -69 -63 -6 -66 37 5 97 -57 25 78 -85 -63 -62 -82 -13 51 -68 -89 -86 -20 -65 75 
70 68 50 -16 -94 65 17 -8 63 -92 10 -80 -71 -43 1 -29 -87 12 68 29 -16 43 81 6 35 72 -98 -83 21 55 14 -86 18 -38 -29 -58 -27 64 48 -87 1 22 -99 -64 9 46 89 -90 -10 -75 -77 99 100 
19 65 -21 26 -86 -44 -79 56 -71 45 -66 -22 77 27 -2 -74 79 -35 36 96 88 84 28 -15 -63 16 68 88 -86 -93 75 -16 100 56 -51 100 -72 -81 -49 50 47 96 -72 -47 63 -46 96 -38 -64 10 -28 -71 -61 
-33 -78 -26 22 26 15 -73 49 -84 -52 11 41 1 -81 -57 43 67 -85 -78 -54 47 13 78 67 16 -33 -6 -76 -52 32 -27 -57 -4 57 91 99 -51 24 -56 -60 2 86 6 90 -93 -83 -6 69 36 20 -100 -45 -30 
-63 -89 -27 84 -71 45 54 73 27 6 -38 -4 -69 72 3 89 -77 -35 -100 -9 89 -94 -60 -61 -27 65 -65 -48 67 26 13 0 -53 -70 -18 -75 65 19 54 18 22 -91 -59 -85 70 -89 -63 50 -39 -70 -28 74 14 
71 -10 86 50 -19 33 14 26 96 -92 -35 -100 77 58 23 -16 -80 -6 71 -40 -48 -58 -73 56 29 -80 9 48 -39 -38 79 77 4 -29 47 25 50 -15 90 95 49 53 -92 -9 -50 48 91 -74 -83 96 -97 -8 54 
-57 -41 23 -92 89 -32 -47 8 -94 20 -35 73 -52 45 -30 -55 45 66 73 78 -37 -26 -15 71 -3 -74 93 0 8 -100 -73 87 -11 91 -29 13 -30 49 -8 -54 32 31 38 48 -63 -57 81 61 46 -25 32 35 -16 
-23 -49 19 16 -36 65 22 -20 -49 -12 -96 56 -64 -60 20 7 29 61 -90 95 -30 80 -72 -72 51 -43 46 42 -90 -4 76 17 -7 -88 -46 -53 -40 -41 50 -52 -56 84 15 -31 32 -92 91 2 -44 -97 12 71 11 
48 -58 49 -68 86 96 -96 74 15 -15 -12 -20 91 13 39 24 62 95 -84 24 -5 -24 34 65 98 -53 -87 18 -58 11 -72 8 68 -63 66 99 22 82 1 61 54 41 -22 -31 -84 80 -36 90 -49 -58 4 -51 -82 
85 69 -92 52 -52 71 -22 -69 60 -4 -8 -25 39 36 54 19 -65 81 28 -78 -30 37 42 -7 -5 49 35 59 -82 -64 65 29 -8 -99 45 -25 -40 -53 25 23 7 -42 -2 59 -96 93 86 10 19 -57 -47 74 34 
5 -84 -84 73 90 77 -47 -35 -99 23 1 6 -31 -4 -59 79 -54 -12 8 -33 4 -31 -61 44 -74 -59 93 52 72 22 88 -43 83 32 96 -82 -5 80 22 34 -100 -77 92 80 -68 -57 -85 60 44 7 -78 -90 55 
-64 -85 -71 -84 61 -45 -24 -63 8 75 -64 99 -13 -3 7 -51 86 80 -99 66 -56 94 -22 -15 54 -58 77 46 80 -72 10 89 38 30 83 -64 -3 -35 75 -77 -75 -32 94 -33 -78 -28 45 -95 0 -38 1 -34 49 
88 -17 -9 -56 49 -93 58 57 1 -42 97 53 -40 -4 23 27 48 -71 -77 38 87 12 65 -88 -38 -42 62 -90 6 -82 -9 -70 74 -18 -40 55 22 -56 -35 16 56 -50 86 -71 -66 -72 19 26 -82 31 -95 80 80 
-90 83 -49 -8 -34 -100 -48 -32 67 66 -16 -50 -14 96 -91 32 -83 16 -13 66 78 14 81 62 40 78 -94 -30 78 100 31 -54 47 -59 47 87 13 18 9 13 -34 -65 -31 20 39 -13 32 48 66 34 -52 81 89 
-27 -86 -60 -53 36 87 98 84 4 13 41 -73 3 8 80 -99 -79 69 -42 -50 51 38 41 -1 -21 54 -59 55 -83 31 35 -82 -53 -8 86 70 4 72 -10 67 -34 35 -56 32 -74 -61 -59 -14 -91 99 -17 91 -89 
68 -40 -28 76 79 -14 -8 -73 -8 47 -25 33 14 34 99 -22 -99 7 -53 75 -43 -70 -12 -74 -73 98 -1 -76 40 88 -66 2 -46 45 7 76 33 -9 -98 -93 47 22 -51 18 88 8 52 -90 86 -31 -20 -15 -38 
-8 77 -71 48 -23 60 -17 -34 22 -37 -47 56 33 44 -56 23 -74 -66 94 -33 88 -66 -69 -26 -77 -46 -41 79 83 -52 55 35 -88 -65 -73 43 86 1 -65 8 19 -77 40 55 94 -70 13 88 100 -11 -93 -59 -69 
-89 8 -42 -9 58 -9 -91 -18 39 -45 -95 -1 -24 83 -66 71 -19 -52 45 -14 67 -58 -90 6 -62 -82 99 -45 -26 -61 52 -74 55 58 58 -80 -24 -83 49 -91 21 48 2 -37 69 -26 7 -40 -28 67 -87 59 66 
-91 -10 -58 49 -32 -41 -67 -71 -38 6 -91 -10 -39 -100 -32 -26 -18 -31 100 19 -59 62 61 37 -41 14 34 19 -98 -10 70 -55 36 85 -30 -72 -56 -51 -48 84 -17 -3 -61 37 22 -8 84 9 81 -39 -34 -10 -93 
-93 -26 4 -92 71 83 90 98 71 -42 83 -77 -97 -88 -12 -13 -35 50 76 -9 61 -85 -56 86 -50 0 28 34 -70 -67 -22 -23 76 -37 -76 -86 -40 -15 36 67 39 67 72 -75 54 -71 82 13 73 46 -39 -31 9 
27 -41 -78 -69 -75 -18 93 -1 74 -12 47 16 53 98 -17 -21 -13 -1 65 -63 68 -36 17 5 -55 21 -35 82 14 -66 -84 15 -48 50 76 26 -19 -78 95 46 -58 -10 -81 -11 93 20 -20 42 85 -74 -16 -90 27 
69 -6 -75 -85 -53 -1 97 -22 -71 39 31 -47 50 72 87 32 80 -45 99 10 24 -1 -62 -1 -18 -78 -21 -81 81 -30 13 -92 79 -87 14 -30 -80 -7 43 -33 -7 -63 -61 61 -91 47 37 70 29 57 -92 -47 -99 
23 56 70 -15 24 48 78 11 80 84 -6 53 -58 -94 -90 -52 7 7 -62 -63 -78 -97 -1 -75 86 -92 -9 -32 -74 -63 86 60 -2 79 -65 68 -68 -19 -59 72 -6 38 14 38 -40 61 31 96 9 8 17 -42 -22 
48 72 69 -22 -47 24 4 -37 68 -54 -54 24 -29 -18 95 -77 -4 6 45 84 -22 39 31 -29 87 83 -17 41 -64 -49 38 43 29 17 -7 35 93 -56 -12 92 -69 -16 18 -30 95 5 -47 -67 -53 -6 -36 77 -37 
73 35 -85 95 80 15 -30 76 -16 -88 -53 98 -70 98 -78 36 -98 -89 31 58 95 -81 -12 -91 -61 -23 52 41 32 -56 -28 -94 -33 -85 -12 86 -67 45 22 78 88 71 22 -4 62 62 -92 90 -15 57 85 -5 -42 
27 33 15 -24 -47 -100 -17 -21 6 14 27 36 -66 10 -34 84 66 37 -68 16 25 -98 97 -78 87 -24 32 29 52 36 -56 -25 68 -84 76 -10 -25 -76 1 67 -83 -91 30 -15 100 62 7 9 -100 30 43 27 57 
-89 -27 -27 66 43 -70 -68 36 -69 -83 52 -49 -33 -74 19 -71 -83 42 93 16 6 -55 -4 -19 60 67 -13 57 60 90 -42 -67 87 -77 19 51 59 -71 13 -31 -95 -80 -61 -60 74 -77 45 11 10 -5 -80 62 -38 
-15 27 48 51 -37 -26 85 3 -100 90 -42 81 11 -20 -94 5 -82 12 -37 -49 -6 -32 69 89 18 31 -6 -7 -56 -14 12 79 -31 -34 -79 49 23 44 100 -9 57 -57 -70 -83 -84 32 -98 -85 82 45 -97 -21 35 
91 56 65 -22 15 17 -98 -60 -88 -75 -78 15 -2 46 39 -96 45 56 0 -36 -70 99 64 -93 11 49 -47 -75 -100 90 -78 -71 -37 -81 -5 -63 -59 -76 -59 9 -75 2 -38 -4 -21 84 -27 -33 8 39 -47 55 -65 
-84 52 -34 37 -25 -33 84 40 -31 -20 -37 87 29 40 -70 -31 79 58 -31 -13 81 44 68 24 14 36 65 88 8 76 -50 -58 98 -71 35 -85 -63 -58 -94 82 -63 -92 45 -55 -38 -37 67 12 -22 -31 -52 21 40 
82 54 -52 -78 96 64 -10 53 66 11 99 -82 0 25 45 29 86 -80 53 -64 -1 3 -8 55 -3 86 97 -9 -62 -1 -44 -48 -12 9 -77 -68 85 68 85 6 -35 -5 -76 71 -51 33 55 69 -95 78 -84 -36 0 
1 40 45 19 51 12 -58 -64 21 -32 -13 15 -12 39 -72 61 44 -31 67 96 2 13 14 -92 -70 4 45 -25 -78 -42 33 36 -24 49 16 58 79 79 78 -25 75 37 21 91 92 80 30 42 -96 100 -72 -59 33 
64 30 -56 -91 -47 -21 92 100 -79 43 -38 38 14 -62 13 -1 -50 -78 67 -46 100 46 9 67 -48 96 -18 59 80 -27 7 21 -33 71 -45 -9 -47 -48 68 33 82 -50 67 -100 -41 47 -100 54 38 69 -6 -39 69 
83 -23 -60 37 -63 62 56 68 16 68 -57 73 -38 -22 6 55 49 18 35 -81 -46 -42 -81 68 82 -87 -15 22 -90 29 -28 -100 45 -43 48 26 56 -73 -4 -56 -81 -13 47 -47 -47 -43 78 37 59 81 -6 -49 -28 
-43 -87 -19 57 9 1 81 -52 44 -34 -72 -36 -42 -98 -50 -3 -57 -6 94 99 -67 -48 2 -88 -76 78 3 9 83 -49 -61 -11 -33 44 31 91 7 -21 -38 -44 -72 -58 -62 -52 94 7 38 72 32 53 -62 -42 20 
-18 31 -16 90 87 -8 92 -12 88 -35 1 -1 20 36 -29 27 10 -83 57 -1 4 18 66 70 55 -45 94 45 90 59 66 -18 -97 52 -74 93 -70 -27 -77 -6 60 90 69 -20 -79 -17 78 -83 71 26 58 -89 26 
-53 -36 -2 28 -14 -57 9 -25 -3 -96 -65 5 -100 22 -33 -37 37 -44 -97 96 14 -82 -91 43 -23 36 -64 -15 -12 -92 20 -60 -41 -46 -12 28 -7 -62 -93 -22 -50 66 68 36 54 -38 -86 79 -23 68 -95 -9 -12 
17 -48 -45 24 85 80 -80 -40 7 31 -95 40 33 -38 59 -83 -19 36 62 1 65 64 -73 36 -96 40 79 78 -97 73 63 16 -18 35 40 24 -76 -11 22 51 77 -30 42 -46 -77 53 91 54 -29 -8 -3 -61 57 
14 78 -35 -40 -52 -44 74 -60 -81 53 -43 -89 -85 -59 65 -22 -68 20 -90 3 26 -94 64 7 -30 -24 -73 36 -6 -24 17 -82 -96 69 41 -3 -100 37 -21 -86 -67 89 -76 -91 -79 87 -94 -75 -99 96 37 -18 10 
-69 -93 -86 -46 -54 -20 27 -72 -69 -13 -73 93 -100 73 28 36 96 -61 15 5 43 -70 79 4 -70 -71 -91 -25 -44 -30 -72 -40 99 -15 64 92 -87 20 93 28 72 48 68 9 47 2 12 -50 -26 -57 -60 -11 -89 
-17 6 55 -34 -79 20 -83 16 59 51 -11 -26 55 4 -74 96 -20 57 -74 15 99 23 -45 -11 -40 39 -13 71 63 -27 68 22 -79 16 -50 -98 69 -66 27 -100 57 83 -17 96 -24 -86 -69 -46 30 -70 6 -16 7 
-49 -30 -79 -80 -18 38 88 55 63 86 -78 -94 -82 2 -28 -48 -5 28 -58 -4 -67 -95 4 -82 -1 67 -94 -41 72 2 57 49 -7 41 -28 39 34 -40 -53 -63 -13 -57 3 -97 -79 -67 97 35 45 -41 -46 93 -64 
38 80 -81 -12 56 37 7 40 -39 -21 -7 14 -15 61 92 -98 47 66 83 -91 -89 34 -34 -59 -32 80 6 -2 -43 5 -23 83 -69 31 -92 -5 -100 100 -88 40 -39 -27 19 39 -18 -88 -9 -51 17 99 28 -76 -2 
52 -91 -21 -57 15 73 16 -64 -96 3 89 96 28 22 68 -38 65 15 -42 25 20 31 98 -32 12 58 -15 7 -13 -45 -60 51 -44 -59 -10 24 -79 -48 70 -42 2 -65 -100 -53 49 97 -48 -25 98 -27 -100 0 -20 
-6 -63 83 14 22 -50 -15 35 -7 -44 44 0 32 71 9 85 -84 -38 14 -4 -81 43 46 -40 95 -2 31 -59 88 11 -64 -9 28 35 35 -11 20 -31 -87 29 -66 84 9 99 33 -60 -18 -18 84 -20 -26 -2 73 
92 90 -36 -45 27 -49 83 -68 93 71 -98 20 -30 -43 -63 -20 -26 -66 -58 -25 -63 -90 24 46 -62 -58 22 10 -39 -38 -84 -42 46 -51 89 39 45 72 -89 4 70 64 -13 -9 -36 -4 73 -43 55 7 -13 15 50 
-56 -78 -15 -80 49 52 87 84 -95 -61 -14 30 11 81 -6 -82 19 -29 69 41 100 -57 33 -87 27 -15 -61 -60 -86 38 -56 -61 43 -25 40 -86 -67 82 -23 -17 40 -60 -5 -15 -44 -55 5 -67 97 58 -75 75 -72 
-84 -45 -50 13 71 -81 -12 -29 -36 26 -51 -42 -88 80 -74 80 -59 20 31 2 -19 -42 44 3 -52 78 32 -32 48 84 -44 -23 68 92 43 -14 39 -64 -79 -44 -68 19 4 95 -62 61 -38 -80 42 -87 -10 -68 -13 
-31 0 85 55 -48 28 -3 78 -63 -87 53 -88 76 23 67 -59 73 -36 38 -38 -100 21 62 56 -70 93 2 -84 15 -6 -98 76 -93 -46 -68 30 -56 -54 28 -89 13 53 -42 50 74 -96 22 -81 -70 -22 33 -91 81 
3 -55 -58 -31 83 -84 -25 -14 -9 10 -5 -16 60 8 -67 -21 -56 -65 -48 13 -81 -39 -36 -69 27 40 -17 9 97 55 -55 9 -23 -12 40 98 -75 48 -65 -69 -39 -2 -72 -44 -13 34 71 90 3 -91 39 -65 -81 
-81 -26 -11 42 -41 52 16 58 41 18 -79 67 81 35 -41 -72 -4 65 -1 -38 41 52 -17 -4 -83 -8 -36 60 54 -56 -66 23 54 -53 -5 -24 -40 -71 74 -10 -27 59 -3 -88 30 -43 -82 6 -49 -96 -77 34 -97 
8 51 -19 -71 92 11 -100 -26 3 58 -36 40 12 52 38 6 95 -41 46 -68 71 -15 72 -76 -30 42 -67 -97 46 18 34 -31 40 -19 7 -20 8 67 96 35 98 79 -20 -16 -64 56 -12 -45 65 50 32 87 64 
-2 -80 83 -76 -63 47 55 -53 77 -59 41 28 61 82 42 -19 -28 3 0 -37 -50 -44 81 -47 -34 -78 -35 87 -13 -6 -82 16 -67 -14 47 -90 85 -94 61 50 61 31 -43 -51 -39 -85 -78 -99 -55 -46 -61 -43 11 
-54 100 8 70 -91 72 -55 -93 47 41 -14 -2 25 -45 -34 12 14 -69 -19 2 21 -63 -68 72 -29 35 68 19 16 -76 55 4 51 -8 -54 25 -13 -39 -52 90 3 37 -43 -80 -63 72 90 23 -67 -48 16 44 86 
-13 43 -21 45 20 36 30 -23 -59 46 -99 27 50 25 57 72 -89 86 -35 -91 -97 -27 66 -24 -15 -42 21 17 -29 63 -58 3 -15 53 -45 34 -90 85 67 -33 37 -91 -5 -46 -82 -86 -30 68 -20 53 -5 67 -32 
54 -20 -13 12 91 -24 -57 -42 17 4 -45 28 -55 -59 4 -98 -36 -30 -97 -64 -47 40 -20 -93 -27 22 -1 -83 61 64 72 96 -85 -3 -96 78 83 -3 -49 73 89 93 17 60 -85 -56 -28 68 64 96 -93 43 68 
64 -30 -75 17 13 85 16 4 42 -18 83 64 72 -33 -51 27 85 91 -90 92 -33 -46 10 85 81 -6 20 10 -71 9 -42 -5 78 42 -58 9 33 85 36 15 4 56 37 34 -78 93 -55 -99 56 -87 -96 -86 -67 
-48 -90 26 74 -68 -73 86 -39 -83 37 21 57 -52 37 39 76 48 82 30 77 70 -12 66 -50 29 -56 -50 -6 43 7 96 91 4 23 -48 -45 60 22 36 -92 -15 9 24 69 53 70 79 -38 -26 -67 36 41 -47 
100 -78 73 -96 22 34 -95 -79 76 86 76 -14 2 -94 28 -47 -37 -64 -38 -21 -61 55 77 97 -16 31 -67 -24 -10 -13 -93 9 -57 88 82 -41 44 62 72 -11 -10 -39 64 -13 11 -25 -40 22 46 -53 67 2 -49 
-88 34 8 -100 43 92 65 -75 -7 2 -6 -66 11 -38 29 77 55 52 49 -30 -23 -85 24 -24 -3 63 -79 -94 -13 29 -86 92 12 55 -92 -83 -28 28 -75 89 31 23 37 83 -60 89 -97 61 86 -79 53 82 20 
72 68 -57 47 -8 62 78 -59 66 18 60 42 82 58 16 65 -70 19 77 -66 56 -30 45 35 31 -61 -100 49 28 -74 -61 -2 57 0 74 19 78 -63 -52 82 19 29 73 13 73 0 -72 -15 91 -70 -95 -5 -83 
-52 -96 -73 43 53 -87 9 -34 -79 44 -62 -79 79 41 -23 87 18 61 31 71 63 46 55 91 87 95 11 41 -65 49 1 50 77 -10 -81 -49 60 -49 80 -69 100 18 -39 -55 -59 -82 57 -46 -4 18 84 23 71 
16 -8 58 -36 92 24 78 -37 -80 -67 -58 77 27 9 83 47 -74 -69 91 -8 85 -32 32 63 -83 44 10 53 80 -79 -82 24 -73 26 -89 86 -47 -32 83 86 29 49 10 17 -16 -24 94 -54 -39 -76 -26 -99 -13 
60 60 97 65 -57 -89 -67 16 -61 89 7 -98 -56 -15 -20 58 63 -32 96 -69 75 1 74 44 28 -16 85 -56 80 99 70 44 -94 31 82 -17 -27 24 77 -100 9 39 -45 82 87 25 -97 -44 67 -80 -86 -49 -16 
-48 -36 71 64 -37 -16 8 -35 98 41 -38 -39 71 -78 7 63 -82 26 12 -95 56 -46 3 36 -6 94 -31 9 -26 -16 -53 -59 27 -95 5 -99 51 -52 -40 -19 -15 39 77 18 -25 -62 7 14 -99 -21 -76 80 -96 
-65 -9 -84 -39 55 -20 -30 84 -52 -2 67 6 93 -46 60 87 91 -6 49 -8 -54 91 62 63 89 -2 18 22 -84 -95 33 1 77 -8 -76 -84 52 36 -78 -34 59 87 -19 -96 -38 55 -27 63 96 0 56 -36 -10 
-42 -30 21 61 -49 -11 10 -16 -46 -13 74 -47 -35 -100 -13 83 51 29 -49 -28 2 68 48 14 41 -58 -78 35 99 -97 -6 -20 7 -100 62 40 -59 -46 -65 -60 98 -83 47 -3 72 98 -81 -45 18 -54 4 29 -61 
-93 -33 28 -72 30 85 -96 82 11 66 -38 0 -17 66 -8 56 -96 8 -88 75 -76 14 47 -80 92 57 -2 25 41 92 64 17 -6 -94 -69 -99 40 78 -79 79 72 27 60 54 -6 -14 -78 -71 -98 -59 -82 -22 -36 
36 -83 7 -29 54 74 25 -48 89 52 -57 -93 1 -84 23 82 -1 92 22 62 88 -55 25 41 -1 -97 94 -36 57 -1 90 -25 -76 -96 18 -60 15 -78 7 29 18 41 100 -22 -33 -94 89 -64 90 -16 -57 -94 -78 
41 -82 -76 -99 -74 8 -22 7 64 19 -90 -92 55 -28 -8 78 -32 -18 51 24 12 -29 -43 -38 70 -86 -56 85 -18 -33 98 22 50 -41 -38 -85 17 -10 -40 -15 91 33 65 28 32 26 -63 -26 -56 12 -18 -49 77 
-1 73 -98 35 -85 48 -31 38 -14 -78 40 -30 -71 -56 -62 34 98 -3 8 1 41 -88 -92 38 -33 69 28 -16 52 59 86 -89 28 2 -92 -92 5 -46 21 -50 -69 31 33 36 -19 40 92 -21 96 -34 -23 85 78 
32 24 -18 -72 -82 -5 -11 94 -97 -43 69 -80 -84 -98 -15 -46 -95 -46 53 -21 -26 -44 42 9 -54 -22 35 -74 4 20 95 -70 -3 -17 65 -16 3 68 99 18 -18 61 -21 20 53 38 -88 66 22 -51 -80 48 -62 
-1 49 -58 -65 -75 -84 27 -5 14 49 -30 -43 5 45 13 -76 41 -100 -56 -73 -70 -21 87 -96 -23 55 95 -2 -67 36 83 -19 69 -29 -47 90 -4 -45 -21 11 -77 -5 -73 76 -38 29 -100 -63 84 -66 92 -87 -60 
-15 -28 87 -50 51 55 19 98 28 84 30 -78 85 89 -59 -67 -11 -76 71 37 -9 -31 -39 -20 99 7 -13 28 38 94 -57 -99 -19 -27 -24 68 33 9 36 21 -82 65 -26 -48 -18 8 -56 70 -57 -95 99 -38 42 
23 63 -64 50 -79 14 -43 -62 -85 -64 38 -31 -29 69 -92 -23 -8 -88 -33 -6 64 21 50 44 3 6 -29 -89 16 10 66 50 51 2 22 80 -66 19 8 -67 -20 35 58 20 2 -84 -33 -73 85 23 -47 -77 -19 
1 92 -99 19 -55 99 -75 90 34 -25 -18 70 19 -43 -26 -6 -99 89 -32 -57 100 -43 -63 13 -70 73 91 -53 -77 84 -84 -85 -76 100 71 -92 16 54 35 41 -79 30 -59 24 -95 63 -93 84 11 -6 7 31 -16 
66 37 47 -86 -38 58 73 35 -53 -78 28 50 66 74 -61 7 -14 67 91 -7 85 4 -46 52 93 -18 -70 22 -58 93 -76 46 77 -34 16 11 91 4 -8 88 55 16 13 -54 10 39 32 49 97 -55 -52 -38 17 
21 -89 -65 -37 79 87 -41 -87 -46 -95 -69 -82 -44 -98 -13 -72 4 44 -25 -87 27 -59 -25 -3 81 -49 -93 37 99 33 -44 -55 77 80 71 3 10 44 59 -51 57 -97 58 -97 15 47 17 55 82 9 -66 -98 3 
-51 -96 92 9 -69 80 -33 -31 -57 60 -18 -90 37 -56 42 -33 -88 84 15 90 100 57 -15 -65 -85 70 -9 26 -48 25 91 26 -79 99 67 -24 -100 -75 -41 -40 70 6 -35 -44 20 -81 -26 -65 45 9 19 -42 34 
69 -73 -89 7 -14 -82 86 25 81 44 -50 6 -53 -99 44 38 56 -2 -6 -44 43 65 -18 35 76 61 -59 18 26 -58 53 66 61 -67 -81 -20 -90 1 37 -73 -79 36 -3 70 61 -61 -62 -12 -100 90 99 -47 43 
25 7 -78 61 -92 25 57 -42 76 83 97 -21 48 94 -19 -32 -73 29 92 30 -8 -71 -4 51 23 -14 53 -66 13 -96 71 -11 76 -90 62 -65 83 94 21 -1 19 -23 -11 -73 -45 76 91 36 -30 -55 60 -62 36 
-28 74 92 -100 26 -14 -8 76 -69 71 61 75 -72 -65 26 43 -56 34 65 92 58 96 -60 9 -89 -45 -80 9 -48 -9 38 21 -35 -85 -41 7 -97 -30 29 68 -27 13 -14 -12 -17 -72 -30 -19 30 25 -42 96 26 
88 -74 -92 -82 12 -78 -80 -92 63 86 19 -81 25 -5 8 -99 -49 70 67 28 39 -6 -70 -99 42 26 -88 -72 -47 10 46 69 49 -49 -2 -3 85 61 83 8 -2 -56 -63 95 -97 -43 82 41 -2 -82 -55 -26 -43 
97 52 24 90 -86 75 72 63 75 -94 -66 -40 -3 -78 -85 15 -18 -4 -55 41 -34 93 -61 85 -10 -46 -30 16 -56 -76 44 -85 9 -9 93 58 -71 89 17 58 4 38 27 -46 -87 -98 93 -64 -66 23 54 -45 -42 
69 96 -75 39 74 35 0 76 29 -4 37 -52 -89 -17 -51 -60 64 77 -96 -21 -1 -85 -91 37 65 46 14 66 -65 17 -28 -53 -70 69 -32 -29 -58 24 -22 -70 44 27 22 -73 -35 21 -9 -2 25 1 20 63 -82 
-35 14 -46 39 -56 88 48 92 -38 12 -34 -36 -82 -42 0 34 47 -51 -2 -81 86 -71 25 -63 -16 26 36 -68 -90 21 -33 -89 -66 -80 -3 20 -25 -24 -80 10 64 53 99 -68 52 -12 71 -28 -98 13 -92 -70 79 
74 49 -40 42 66 35 66 85 15 -61 -75 39 70 -93 -15 10 -12 8 -20 -59 -24 -57 -47 46 91 -13 -63 -96 92 -43 29 32 40 26 -77 36 -17 26 -87 95 -89 62 -77 37 -96 -98 83 -9 92 65 -81 -92 55 
34 42 71 63 2 92 68 -5 -92 -48 -69 81 41 -14 38 7 1 -82 4 58 73 45 82 -47 -93 -73 -82 37 31 15 21 74 33 76 96 -10 -41 35 -100 74 62 -19 32 -39 40 96 59 17 23 -28 4 -47 -4 
66 -6 54 -73 10 0 -1 -23 59 -76 92 -76 26 -12 41 -8 -37 41 27 -2 94 90 -95 -57 65 27 36 87 -15 -35 98 -1 -28 94 -3 -100 -77 7 -35 -94 -76 100 -70 89 -87 -98 -22 -33 27 -34 -67 81 -76 
