-99 87 64 37 -52 -50 62 83 42 16 26 -54 -54 71 -81 4 79 33 48 91 26 -31 66 99 84 4 -65 -48 -53 5 58 83 -86 87 -28 -5 99 91 -70 -8 -2 78 -38 28 -42 39 22 48 85 -68 -63 -60 -5 -53 -81 30 65 -44 12 73 88 88 -8 29 -2 -18 31 -38 77 24 -83 -88 -69 3 -99 43 -92 -24 55 49 -92 -20 -32 36 -34 92 -67 -64 2 -54 59 97 -41 -99 80 5 46 -63 -65 -46 31 -38 -20 
-6 42 60 -74 -23 55 -19 -31 100 26 -30 -98 -3 68 70 -96 22 46 -38 18 30 -63 98 75 -8 66 -49 85 51 -99 99 -86 -33 -41 -1 78 -67 -45 68 -34 -18 79 -5 -72 95 -78 87 86 73 -11 -53 -43 27 -18 -81 -23 -95 16 -73 -21 1 -92 57 46 59 -42 88 -96 -45 98 -18 -12 53 92 -5 47 -3 -82 -85 -73 -83 26 56 -54 -38 -94 -3 79 52 -61 12 -19 -18 -13 7 -45 60 -4 100 -87 82 46 -21 
-1 91 59 -48 51 55 37 -57 -36 -29 -41 -44 -47 -84 -14 13 82 76 28 -60 80 -51 91 2 54 -62 21 32 30 40 -6 86 -66 41 67 40 -57 69 -41 -41 69 22 34 54 -29 -21 89 -82 80 58 -59 -97 59 41 -18 19 93 -34 -92 49 -30 -51 -59 -76 71 -26 37 -82 -5 -59 31 13 -52 97 -93 63 -100 -86 23 -27 45 48 -51 -25 -36 -81 46 38 86 75 -45 -21 -22 69 65 25 88 -53 3 40 -1 -87 -96 
59 17 -27 53 43 75 96 70 32 -62 -53 28 -44 -62 -24 48 19 59 83 9 55 -38 14 70 -5 -11 -28 59 97 64 85 -14 -26 -92 75 -57 38 41 57 -70 6 -21 -17 -13 26 -12 12 -42 58 -45 -91 6 0 53 56 84 78 61 43 -10 -16 47 -29 22 -33 -92 53 28 -73 -18 3 53 75 -80 82 -57 -29 29 34 -35 56 -71 -6 47 58 -86 -4 -14 71 -3 -35 -25 44 -71 -4 28 52 -70 -88 -19 33 -58 -100 
86 18 -91 -78 79 -85 68 -63 65 -94 91 15 -79 -27 -75 25 74 -69 -87 45 -73 85 43 12 -42 16 22 18 94 -66 38 10 -2 49 -20 56 41 73 46 40 -14 -100 35 59 81 13 52 -53 60 -58 -29 -17 -52 -66 66 62 -22 7 45 91 -6 43 37 -86 -68 -30 -58 -6 88 55 -15 -90 -59 48 83 -67 -50 32 -99 55 20 -86 39 -75 -29 5 89 26 66 -91 -51 -6 -44 83 16 -66 -77 77 57 16 13 59 -59 
50 -37 17 -6 49 0 40 -74 5 12 47 29 -27 -75 -96 -4 -55 21 -13 -78 -46 85 81 30 -65 6 37 -58 45 -80 100 -48 -93 62 43 -52 -27 -2 -39 37 43 97 -68 -48 94 -67 54 9 -11 2 -25 -30 75 -6 65 17 -77 -76 -32 -16 -9 -15 76 -97 -36 -70 -54 -48 -36 19 84 80 51 27 63 9 92 -75 49 5 -99 25 83 85 28 12 66 15 -15 -59 38 -83 72 -51 -19 84 -64 -40 36 -46 28 -3 68 
72 19 100 -71 49 85 -2 36 42 -17 -16 -62 -61 95 21 37 -90 -81 -53 9 64 86 -28 0 59 4 5 -97 -59 98 -27 -18 100 -54 -35 26 58 41 83 27 10 -93 86 9 21 -13 85 21 -96 1 -31 -30 -17 24 0 -55 -65 64 62 -88 47 -3 -8 6 26 80 0 49 75 -88 -47 -75 91 79 -91 100 -12 -94 55 83 53 -99 -70 99 97 84 49 -67 42 -53 -5 33 -63 17 39 5 54 64 -53 46 78 -13 58 
-6 -56 -95 -27 -65 -79 95 17 41 -25 79 0 12 -35 -35 -46 52 55 67 26 -42 57 81 -66 -30 10 -61 4 14 -46 -15 28 -11 -55 -64 -64 -25 -59 20 60 74 -49 -18 -92 -90 33 -28 81 -39 -19 -70 73 -18 -98 -34 57 -5 -24 97 45 45 89 26 62 -19 58 2 48 -8 -75 -2 46 11 19 76 -54 -11 -63 -2 -92 -58 -53 33 -52 -7 -41 78 88 -3 -7 -17 77 -30 86 -67 46 -15 -94 -35 32 6 -60 10 
41 57 -87 -31 -24 -88 78 -85 18 -28 -11 -40 11 38 16 -34 72 85 -83 -34 -62 -96 -94 -32 -62 -55 27 -14 33 75 74 91 -92 -52 17 -71 -73 96 6 -100 -95 -40 -53 32 -73 -46 91 99 -98 79 40 41 -19 -62 48 -53 -56 12 78 -58 -21 77 83 -19 -95 45 -13 41 -36 47 -83 6 -100 -7 20 42 -20 -84 85 85 -66 -87 -35 -47 -13 27 -73 88 10 -18 73 -41 61 73 86 -65 -62 -49 61 92 -27 -69 -83 
78 -88 -51 -90 -52 -5 3 96 92 -51 -53 -98 17 77 -69 16 -14 49 -21 22 0 -59 -8 -25 -1 88 -26 -26 78 -68 27 98 -87 -72 30 92 -39 10 -74 61 -76 -84 61 15 -63 2 -44 -73 79 -59 -3 1 -28 14 56 -18 -3 20 -89 -94 14 50 60 70 -81 -67 -5 -40 -26 -40 -12 -87 87 8 59 82 39 80 34 -3 -14 -83 -14 74 76 1 74 97 -70 -15 -77 -96 69 23 91 -26 -94 -57 79 64 94 61 -11 
-85 15 -61 100 15 -55 0 -88 -22 -21 10 -57 47 -15 47 -28 43 -6 -49 -60 70 9 37 16 42 -69 -40 49 57 67 56 -26 -2 39 33 49 -53 -87 91 -10 -30 -58 42 -38 22 67 2 11 23 -2 9 -5 25 65 70 26 24 85 -76 -1 -14 -92 -42 -28 37 17 -93 -2 66 72 -51 -56 -82 1 -63 -81 87 -24 -43 62 3 -41 -21 -48 100 63 -67 -69 -14 67 -45 -55 -87 68 -37 79 35 -2 -28 -99 -79 -47 79 
-36 -8 99 -88 -23 -2 -47 -94 -15 19 -51 89 6 -56 -90 82 -55 63 -33 -11 40 -98 -50 -5 83 33 -51 -35 -4 -67 -1 -5 33 -9 -17 -60 28 -93 -73 25 27 -21 10 -60 22 58 70 -95 78 79 78 39 48 97 82 87 80 83 30 -56 -77 23 -51 85 1 -81 -51 50 -100 -19 88 -86 47 -13 -20 6 -100 100 -27 83 -11 -71 6 -83 -9 -30 74 -13 83 98 14 11 89 82 44 86 19 -54 -7 92 55 -52 -91 
16 -25 53 -15 -85 39 -39 24 19 12 -66 -21 34 98 -35 -23 48 24 16 11 -55 -17 30 -74 -25 7 37 6 94 -10 -38 -62 46 57 34 -65 -30 61 26 97 -42 -26 37 97 -66 -15 95 46 48 -98 -60 -54 -78 -26 -94 -47 69 36 -97 -98 -15 -1 37 -11 -8 63 -89 45 -3 -60 86 -79 -87 43 39 21 -66 -21 92 -14 -13 62 39 26 -56 70 96 49 80 43 50 75 -96 26 -71 -52 -13 -6 -56 -96 76 -3 -56 
-89 78 19 -73 16 96 75 20 9 76 -21 -22 20 -55 59 -60 23 -55 -41 -29 -26 28 -76 -37 -57 41 8 60 27 -83 92 -15 30 -45 56 -66 77 -71 93 -17 27 84 30 9 -70 -87 6 -64 -14 -87 -75 -5 -7 34 -30 -1 62 49 -24 -80 -6 -94 -17 -87 56 -32 74 -56 -91 -44 -39 -61 -48 48 -47 -9 -32 46 -14 -82 72 -63 -35 39 -48 -66 -80 90 90 -40 20 36 -24 -5 -9 74 -79 -8 53 26 94 -61 51 
73 36 31 59 71 -72 6 23 75 55 -63 -54 54 40 -52 83 29 -96 -71 -15 86 -45 -85 -31 -13 17 -44 16 20 52 28 89 13 7 -65 -76 41 -34 76 14 -98 84 -79 4 -71 -27 36 -75 94 77 64 -21 99 -78 39 -20 14 -40 29 49 46 -49 -33 23 -84 -40 -20 -66 7 65 -96 58 -53 7 -34 50 -12 44 24 51 -21 84 8 61 95 -75 57 95 -10 28 17 -46 -83 12 19 -43 49 40 -27 -79 45 -27 51 
-32 -26 -92 69 87 -98 91 -49 -89 -86 34 39 -63 22 -63 -40 -29 -72 -90 55 42 80 93 -41 52 -38 66 46 -72 97 -81 -23 50 30 -8 43 -79 -70 -36 -3 84 41 -3 -22 10 64 33 35 75 -44 27 45 4 45 -13 23 37 98 69 -6 92 -78 -4 85 97 35 -76 52 -23 88 57 26 36 -42 96 77 34 98 -64 -41 -21 -89 5 -52 -69 61 -46 34 34 -34 -43 20 87 90 -23 -2 61 -85 77 -75 49 40 82 
30 61 31 6 -37 -78 -93 -35 -32 -57 -76 83 26 -37 73 94 80 -45 -90 -9 -19 -7 1 -98 95 -7 70 -30 14 62 70 -33 -76 97 -75 22 -89 18 11 -93 -84 -70 63 71 77 65 70 71 -31 53 93 -96 1 29 91 48 83 -49 65 28 86 31 25 100 -58 -92 -56 69 -19 52 -60 -56 -90 -96 54 -69 -70 60 -30 -25 -10 91 -40 -83 25 1 -21 -94 68 83 28 29 -52 63 87 -75 -59 -37 96 -7 -82 31 73 
-5 92 16 -20 -22 -73 80 -100 -15 97 82 -47 46 -11 -80 11 12 -70 22 -88 -91 -77 -39 20 11 -51 20 -83 -10 -70 -94 90 72 37 -41 -5 -22 16 61 -48 68 -51 -69 69 21 -5 36 -43 17 33 -32 10 32 93 29 -8 -93 -25 57 -78 64 28 -87 -39 99 -49 -25 13 90 32 74 40 -77 75 -99 29 36 -64 42 28 69 37 -83 88 -60 92 -32 30 -27 -86 57 60 77 83 8 -26 85 -56 29 -24 50 92 -12 
89 -68 -8 93 -46 -44 81 40 80 89 -97 87 -31 78 84 -69 -67 -49 62 0 -55 -73 4 61 -67 -20 89 76 -67 -67 -31 -23 -91 83 -47 76 -61 -81 -86 34 -94 47 -94 -12 -53 62 28 69 39 3 19 -4 -53 -34 39 -43 -56 68 11 -46 6 -72 44 -97 -27 -98 97 -95 87 -69 -68 77 -60 -6 -74 -12 30 53 25 75 35 -100 -31 -20 10 96 81 100 41 93 73 19 13 -22 21 -58 -89 -71 -31 35 36 63 46 
99 -64 -66 -3 75 -76 -22 -41 35 -25 74 36 2 70 6 3 -34 -74 -14 -28 100 82 84 30 -1 -88 83 57 -45 60 93 -22 90 -99 -91 -1 11 -40 -29 20 70 0 66 63 -30 -44 -61 -89 75 -32 -37 100 -100 68 29 -54 -55 53 -36 42 87 100 97 42 -87 -21 19 4 -58 87 -56 -86 -76 47 87 75 -98 52 53 -90 -100 -3 -24 -46 22 -88 -32 81 11 -31 72 -90 -4 19 -68 -8 23 -35 -93 48 -12 17 -68 
-88 -85 24 42 -80 16 67 -57 38 49 73 39 -37 -67 -89 31 9 -5 67 92 -11 22 -98 24 -39 60 -18 34 -25 -10 -100 -71 -9 68 -22 -7 83 -65 -68 -67 -26 85 49 51 23 54 61 -63 -91 -69 -79 -58 85 16 -40 95 81 5 78 -39 -40 -1 -10 32 46 -97 -33 -53 -26 -65 69 -82 10 14 97 50 -18 40 76 -11 33 67 -92 -39 -100 47 39 -61 -27 13 -53 -24 31 11 -24 -65 55 -22 -25 -12 -91 1 -47 
-35 94 71 -12 -88 -2 42 86 -36 -53 49 -14 86 -97 22 34 55 -17 -5 -79 22 -57 96 -22 86 -76 21 43 19 -48 76 19 34 81 -88 33 32 93 -51 -9 -7 -46 -18 3 19 75 69 -43 -93 87 -59 72 79 95 -77 2 31 76 -37 -16 -38 -61 27 63 43 -80 -84 -20 40 73 12 -41 82 -70 -66 -46 -88 5 -15 13 -94 -21 -60 42 -7 37 -15 4 77 55 78 69 68 -11 -57 -74 9 98 -69 -87 -88 56 59 
-74 -33 -56 -85 -85 -37 -28 100 -34 -87 -5 -73 -58 -46 -61 62 62 -3 0 -46 84 -32 -72 54 -16 85 -4 -67 -83 71 -97 -71 38 -71 49 55 33 81 23 -1 -20 62 62 98 -30 -69 -12 -21 -88 100 28 -10 -24 -46 -99 -67 -41 -37 80 -7 -55 -42 -79 -91 97 -29 94 55 -75 26 26 -31 44 -87 -74 -11 47 44 -4 26 -51 -64 -31 54 17 -6 9 -29 44 41 43 87 -6 -35 -94 -66 -2 15 -33 90 58 -34 33 
-100 16 66 25 21 21 -99 92 99 -29 -71 82 29 -11 71 18 32 99 -66 -20 23 31 -14 12 79 -72 17 10 -21 70 3 16 -97 64 -95 -35 -78 -50 -72 25 -97 57 40 -40 29 7 -39 -43 26 60 68 -80 16 43 66 -81 36 39 39 -100 13 67 62 -94 99 62 67 -41 51 -58 97 -6 -49 83 -2 20 30 -43 -11 -20 26 -85 8 -67 -29 -75 -16 -38 -79 -56 -49 74 -55 -8 11 -90 9 -64 17 -77 55 -24 7 
-4 94 68 -23 83 -63 69 -82 19 -11 -50 -36 -50 -84 -9 29 74 -33 -9 81 -98 40 -70 -15 81 77 -19 63 -86 -22 -66 22 52 -39 -37 -68 36 -85 8 -32 -50 -73 -47 -46 54 -50 -72 52 -27 41 -49 -3 13 -61 63 46 -39 82 6 -63 43 8 -91 -11 -61 -54 -85 85 -60 -99 -3 16 -98 -66 -55 15 43 81 72 -31 -67 4 -60 96 -81 83 -100 42 40 94 3 43 -80 63 -70 -14 17 21 82 9 63 -68 10 
-22 32 -42 -26 -62 49 -16 -76 -7 -16 6 0 9 -65 42 7 6 22 14 -36 -65 -62 -24 55 39 48 -81 57 -21 -41 -98 -100 76 -19 83 -31 53 95 -46 -2 -92 95 98 67 78 6 -83 18 7 12 8 4 -92 -28 -81 87 65 67 45 13 64 78 94 95 29 59 -100 -77 -21 -56 70 -57 80 48 97 -51 41 73 49 -62 -19 69 76 -21 74 -28 -83 -93 95 50 42 52 26 20 -70 -81 -15 8 2 30 81 -54 55 
-93 49 40 68 -9 -64 -99 -78 37 -27 19 61 -27 42 31 60 87 -36 -85 -5 -46 -25 -33 98 -3 -26 -62 -47 -2 -15 74 -48 -21 -26 -76 100 -53 27 -56 -87 70 -96 -61 2 -72 92 -18 -99 96 90 44 43 62 74 -89 4 -68 -50 -53 83 -79 -43 -50 -51 -42 99 22 7 39 -22 -30 -84 -44 54 -99 -31 82 48 -69 57 62 -44 -81 66 97 49 11 -8 4 -37 -89 13 82 89 81 10 71 65 -62 20 27 -80 -76 
0 -75 -40 -65 -56 -96 -53 -32 32 -78 47 92 -8 -92 49 40 -2 100 -39 -38 -42 94 91 6 3 47 13 91 -99 -88 -43 -45 70 70 98 -100 -65 -43 55 55 -40 66 -23 -90 -22 -31 21 -28 -86 -35 -31 -73 -98 46 -47 29 -97 -48 14 -8 -42 57 -95 77 -10 19 -38 -68 37 -25 77 -99 16 79 78 28 -47 93 66 3 -11 -6 66 19 -98 -72 -96 52 29 32 -100 98 65 78 -12 -59 -79 72 28 -6 -32 -14 -78 
-33 -16 72 -21 31 43 94 -26 6 89 72 -83 26 -26 -95 40 -67 -58 -96 69 51 -52 13 -92 -47 -86 94 86 -45 -32 -42 61 -59 -92 19 -7 31 -100 30 93 -70 0 -82 -33 55 -13 81 -47 22 59 -77 -60 4 76 15 -31 87 14 30 28 -85 -89 -82 26 13 0 -27 1 -11 77 -11 -37 28 34 -61 86 84 18 46 84 44 -48 31 85 -20 56 58 -19 -1 -14 -74 -26 19 -23 -87 62 11 17 43 -18 53 -57 96 
-7 80 -24 -85 70 53 -58 -66 -87 -30 -77 37 -91 -93 90 79 -85 -96 35 72 51 60 46 -15 -66 82 -48 1 5 -80 -6 -37 -46 92 40 10 -41 -23 -63 -47 -13 -2 -34 -64 -41 -47 92 -70 93 28 -94 -7 98 -26 48 90 -38 91 -42 48 -47 -31 70 32 -37 -1 -41 -94 47 -12 89 -83 26 -1 96 53 -74 -25 56 21 -36 -72 -23 27 88 76 -59 -20 -81 -80 67 57 -81 66 -2 39 -72 -66 48 -34 8 -99 -16 
65 70 36 -26 -78 -19 -31 -63 57 -15 -97 77 -56 75 25 -20 -12 21 74 94 34 -20 35 -48 22 -55 -47 -19 26 22 -28 32 -72 -92 3 -55 98 55 -7 96 32 30 -86 -96 -8 -52 52 80 -42 -88 -17 -3 -50 43 11 -58 15 45 31 54 -98 -83 8 7 29 41 24 30 -52 94 -19 83 -86 91 85 20 0 67 -50 60 92 -52 -20 16 86 20 -47 8 70 97 -92 -86 -62 -47 31 68 82 -23 31 9 -21 21 -20 
3 33 31 77 -14 48 -96 -21 -12 -12 83 -85 65 6 -80 -62 3 -74 -33 -35 -36 -36 32 99 61 27 -80 46 33 -3 13 -62 -28 -89 13 -62 27 -1 -30 93 -48 -53 -16 37 -48 -52 35 64 80 -100 -27 85 -9 46 91 -30 43 11 -68 -100 16 -10 40 58 -7 95 28 -23 44 -6 44 67 33 -28 -26 23 -34 -69 21 90 63 75 -97 57 19 -52 -29 36 35 7 86 -99 57 10 -84 45 -25 84 -85 -43 100 15 33 
-91 54 73 90 -79 -23 -17 87 -68 -24 12 -75 -86 -66 30 37 -71 95 -20 -48 85 -62 -81 14 88 -22 6 -31 22 -47 -51 94 -78 29 82 -43 -58 0 94 34 96 58 -35 12 -93 -18 14 96 18 33 35 -78 -80 -43 -17 -59 -29 -98 97 34 44 -32 -64 28 35 1 -35 -93 -37 -59 -73 85 62 -23 -45 -43 19 95 -65 -70 73 34 -83 60 -97 90 -18 30 -78 94 -38 52 87 68 57 -56 0 -42 98 42 26 -56 -35 
78 -88 -62 -41 9 -95 -68 60 42 9 -75 100 42 91 26 -28 42 -60 50 63 -64 10 67 4 -59 -44 55 28 33 -90 14 62 -2 14 94 -42 -7 -6 -93 -16 84 14 55 58 -13 -18 -3 7 30 -87 44 66 -1 -68 -1 -44 51 53 56 18 -52 40 56 25 -32 -74 87 92 51 -58 -25 -92 -29 -10 -90 91 8 -6 -81 -35 18 -35 -55 26 58 -19 22 18 19 -53 85 -90 39 -88 -70 56 84 89 -97 28 18 11 6 
-63 -17 -60 52 -62 14 73 81 -13 90 -63 -92 86 96 -95 13 22 82 5 -50 30 54 74 79 26 3 66 58 94 72 -53 -31 -43 77 -84 -65 -21 -19 8 95 -86 -56 57 -38 49 -56 -78 -50 49 84 -73 -30 7 77 -94 -89 -94 78 -76 36 -41 66 29 -45 34 7 7 98 -74 -32 -68 -54 94 61 81 62 -19 32 34 83 54 -59 32 -25 -63 -17 65 15 -22 -98 28 71 -13 34 -23 -92 93 6 91 -16 -84 17 -29 
-93 29 76 -63 -5 74 51 19 77 -33 -47 -87 17 69 27 77 -65 56 -9 -49 78 -51 -68 -33 -9 -76 56 83 88 88 30 -26 -59 -98 75 -12 -47 -8 -76 47 65 -58 -100 52 -9 -40 31 86 -91 -14 24 -80 -80 34 97 -78 -82 62 93 -5 77 -4 -11 56 78 -63 -50 29 -53 -14 -84 73 -42 37 -14 3 -68 84 -26 -83 -66 10 -22 17 -12 -62 96 -6 22 89 87 -22 -9 84 7 66 -26 -65 61 76 100 83 -20 
-52 24 -14 87 38 13 -12 -71 -15 42 55 -76 62 -50 100 -10 28 72 -87 -93 -8 -75 24 10 -39 -94 54 18 85 -73 -55 92 -37 -30 -37 -78 -89 -85 -91 -13 13 94 -71 -42 -37 -23 53 97 -77 97 43 71 11 74 73 17 10 -61 7 73 2 46 58 -11 9 86 77 -5 -68 -40 -52 41 5 -8 60 -54 -7 35 35 4 20 4 -5 63 -16 16 -98 -70 -93 22 -39 23 3 -32 -69 -19 68 -91 -39 -99 66 -43 -21 
9 31 -87 23 -41 77 -54 -37 38 81 88 -21 -96 -44 22 -21 40 16 -31 -56 -69 7 29 -16 21 71 -65 -2 -46 29 -37 93 -93 52 54 -29 66 11 -22 11 -8 -47 -96 65 87 32 -64 32 -15 59 -29 -91 -95 -10 46 -56 -53 43 7 85 35 75 6 61 68 -77 94 -41 -83 -4 42 -96 92 -74 76 -94 43 -54 -62 69 -77 53 -19 -92 -16 9 62 -23 -64 57 -7 83 -95 -31 81 87 -90 -70 -74 -99 -56 -50 -27 
-77 35 -86 11 70 -95 42 -71 19 15 90 85 -32 56 90 71 -72 -21 -24 -96 63 95 1 -6 83 47 48 -85 -57 -12 -19 21 63 -35 90 -92 -95 86 -64 -4 -60 6 1 51 -16 -37 -35 -74 52 12 -94 95 84 49 96 -61 21 2 -57 3 -94 -50 -9 21 8 68 -11 -29 30 93 -89 2 45 -61 29 3 -98 -5 -22 36 -3 -25 -11 92 8 9 100 74 -25 63 -8 -50 -52 24 46 -74 -33 -56 71 13 99 81 -67 
55 -17 -48 77 40 -16 22 97 -69 -68 77 56 -68 12 98 25 21 -73 -61 99 -16 -49 -6 -30 -30 -35 -30 46 66 89 25 -8 -50 -93 -46 63 -90 51 7 71 -69 -73 31 64 8 28 -69 -34 75 -32 12 -32 21 67 17 56 -16 -50 79 5 30 29 -11 -65 -58 -62 51 -91 -59 11 -78 74 79 -24 58 -49 -31 30 98 23 79 -39 34 -64 99 -5 -78 57 59 54 18 26 40 -73 56 -43 -7 -37 -68 -61 -68 72 35 
-69 18 -82 -3 -78 54 3 -93 -49 63 -46 25 -36 -69 70 94 35 -51 -80 -4 80 2 7 65 38 -5 -69 -78 43 -16 -18 -57 -32 46 13 45 54 -46 10 58 58 100 99 17 65 83 -73 -29 -4 77 -11 -55 4 8 -12 0 -60 -76 -60 -14 -43 53 -97 44 -90 13 -46 -2 25 -30 31 -30 36 69 67 -11 15 53 -71 -67 85 26 43 22 -18 -24 -83 -7 0 -86 -89 45 -68 98 21 -8 57 32 -10 66 75 53 -91 
-7 97 -58 37 -36 1 33 -75 -57 58 37 9 77 -2 7 -40 77 30 68 -91 -47 -8 36 82 -6 -65 46 37 -93 81 -77 -76 32 -79 -22 -86 80 79 -68 -42 91 71 -56 -15 12 88 -28 31 -6 17 31 55 -15 -72 0 -40 91 2 -42 -12 18 -87 -6 -95 -18 31 32 23 -17 -11 -89 22 84 -51 -91 3 -90 61 72 33 -29 29 8 72 -69 -44 59 72 26 13 63 80 48 -85 -93 33 1 72 -69 87 50 79 0 
54 89 -85 -49 -71 -52 -70 -36 93 -63 17 -61 -17 100 45 -68 100 -91 87 -8 42 21 5 -72 35 -19 -93 17 -72 -86 -28 -35 32 -72 98 -31 50 -73 -38 73 5 -92 -21 21 -1 -66 -44 -31 -83 8 100 -90 -39 -12 7 58 -89 -44 38 -11 12 91 7 -45 60 -33 56 -35 39 49 -28 67 14 -28 64 35 91 -62 -37 -78 38 31 10 79 -23 26 -4 -5 10 12 -80 88 -54 -56 20 -88 -2 -89 32 -45 19 -1 -48 
-90 63 33 43 74 -95 59 -76 -61 -56 100 78 -84 -7 69 -17 76 -77 32 -28 59 86 -97 42 -2 -58 47 -84 87 -5 84 -57 93 -74 -38 20 22 -16 -24 38 96 59 -93 -100 -20 63 -8 -91 5 -59 99 -82 -86 -54 31 -61 -62 -7 -16 -58 90 -62 -32 30 -26 14 -94 -96 87 58 63 3 -6 -16 18 54 93 51 25 78 -32 81 21 -27 82 59 75 78 -64 23 54 93 34 -9 16 40 16 2 -4 -73 -70 -59 89 
12 -91 35 97 -9 86 -82 18 96 -64 63 27 -78 -64 98 -61 73 -98 36 49 89 69 -81 89 66 70 39 70 -28 -44 -82 53 -4 -3 1 83 -93 -3 -31 -16 -46 -52 -32 31 32 36 -12 -76 14 0 77 14 -59 26 40 90 -66 56 33 96 -54 45 22 55 4 -54 -62 1 -47 30 -10 48 77 41 -59 12 11 -24 -54 95 29 -89 -26 -100 -21 -98 46 -27 -47 -48 4 9 61 41 -8 44 86 0 47 56 64 11 -9 
69 -11 99 71 -83 48 -97 -3 13 64 -31 -55 48 94 44 -52 93 5 -35 77 -3 -90 98 99 -35 2 69 -79 21 -5 -29 -62 76 -32 11 24 30 -91 -46 15 47 -36 52 75 40 -39 -72 28 65 13 71 35 -4 -85 -90 31 -28 -47 -95 7 -43 -82 -80 -9 66 66 96 -94 13 -48 -59 6 57 16 -91 8 -12 27 -12 48 -24 67 -17 14 -59 -56 21 99 95 70 -66 -99 -75 76 91 -16 -28 -48 -32 18 -90 51 75 
-45 91 84 87 26 -63 72 83 -82 -44 58 -15 6 29 -84 -97 62 -28 74 87 -71 86 -64 -25 6 -48 88 -52 -11 -69 -56 75 -85 -85 -84 -69 20 -48 90 -88 40 -62 26 -98 -89 -24 -14 70 -41 -64 66 -17 -37 29 -75 -58 -76 -76 -32 -100 20 91 42 21 -83 58 98 -89 59 19 50 34 85 -63 75 32 38 -54 -12 -93 -29 20 -38 -69 55 5 98 42 -79 46 46 -47 -62 29 96 -54 61 81 61 -49 57 -14 -92 
-87 -94 -30 -11 3 -93 72 -67 95 -62 -49 -24 22 -24 -18 34 -21 53 -72 -82 74 17 -61 44 -88 -14 -84 -51 82 -75 13 -32 81 2 -61 22 64 11 45 14 38 0 -14 38 -15 -40 43 -24 -62 -67 1 -46 2 9 -22 -91 -67 -27 -63 -5 -83 31 -37 -15 81 33 11 -13 86 -94 49 -54 -11 49 -27 -39 -11 14 28 99 -23 -4 -95 79 -50 -8 -19 21 -74 20 -66 94 89 38 -47 17 -39 -93 -96 -24 96 -11 -86 
83 -60 -95 2 3 16 -32 100 9 63 -85 35 -53 -91 31 -44 97 -82 54 -21 -12 -98 -93 -55 -25 -83 34 25 66 82 82 -85 -39 -8 -1 88 63 -86 -99 -32 -15 -67 17 72 81 71 47 94 92 77 -87 -49 54 11 -24 -1 11 -78 61 11 61 66 59 -14 24 -99 32 -12 -21 88 -35 24 -54 -1 -4 51 36 -46 -89 45 15 -63 -84 -8 -48 -95 -4 -89 -34 64 -43 27 -19 -85 -5 -73 20 -95 -59 -39 69 -96 -39 
43 53 -29 22 30 96 49 88 -86 -99 -34 59 74 -27 -29 4 -78 100 61 -77 64 20 8 -71 90 -24 22 48 -4 -44 -3 87 -55 -49 78 -48 85 -18 74 53 89 -84 22 85 99 -5 16 48 0 77 93 -12 -64 -88 88 -22 -5 -40 75 48 -9 51 -67 -72 72 89 9 36 -88 -4 30 -81 -44 3 -62 89 -33 44 8 -1 -50 95 -89 97 46 14 -15 43 77 54 -49 95 8 12 -27 13 -27 -28 -49 68 59 -70 86 
30 -74 -36 -82 -97 65 65 92 -85 -48 -89 7 -28 79 90 -86 27 -84 -30 80 -72 -85 -91 1 -75 59 -44 -7 -9 -51 -90 5 8 -10 48 50 9 -25 -11 -91 -57 19 12 12 -73 -20 -27 -59 -100 0 -15 40 90 -90 -68 89 -79 -39 -32 80 -53 50 54 5 -21 -28 4 67 21 16 21 -51 -76 -17 -17 -90 -54 59 76 -20 9 66 56 -59 -19 85 -23 -4 56 -90 -41 -64 23 85 9 52 100 86 48 4 64 -58 14 
6 -69 51 -29 -73 19 13 20 6 99 19 58 -57 -91 -85 1 -65 12 -76 -97 35 -2 -30 16 -9 -98 -32 -98 -17 70 -25 -84 64 -87 51 97 83 89 -55 -30 -46 -24 97 13 -15 -11 -3 91 -17 100 -40 -38 83 85 -82 92 21 -46 23 -10 46 4 52 63 87 -20 -70 59 -25 -39 -3 -55 74 -69 99 -23 5 -36 -97 -47 8 40 80 -47 9 24 56 -61 41 -19 46 -100 18 -77 -51 31 -62 80 53 -9 21 73 -35 
19 -76 2 7 75 -74 -58 94 25 39 83 -32 -20 18 -81 54 35 48 -54 4 19 -31 -38 -73 43 61 69 2 9 82 -83 -55 -45 -68 50 38 42 34 53 -18 39 6 57 -12 69 -60 -72 -21 -62 7 -93 51 -28 -87 -98 -6 33 -73 -62 73 -47 94 -9 -90 89 82 74 18 13 58 63 23 -69 15 100 -83 -80 -44 -4 8 -82 71 -30 -60 -68 39 -92 -5 62 -100 -80 -22 -12 -13 31 50 -25 66 -10 -49 76 57 18 
46 -57 -3 -28 -77 60 -96 87 -91 -80 -29 -29 81 51 38 60 26 -7 -22 0 94 -67 57 -13 13 -48 -21 -3 61 -97 -95 46 7 -96 -52 -98 -14 5 -69 12 -64 -60 -88 -88 -60 86 -31 -4 10 -78 -70 -36 -42 -49 69 32 -98 16 -38 -93 66 -76 80 23 -46 -18 -14 20 -10 86 -91 -83 -3 39 -66 16 -16 -31 17 -92 58 64 33 2 25 30 -22 2 -78 96 44 15 -15 -46 48 -84 -17 96 -53 56 -75 -68 -46 
-50 -80 -34 -73 -62 19 63 -74 89 91 37 -62 -53 -89 -47 73 76 36 10 35 78 -71 -33 10 -67 -21 1 -44 -54 -43 59 11 88 -36 20 17 2 71 7 -7 80 -58 -81 -56 -38 -56 85 82 86 -42 -82 62 -11 -31 96 -6 43 45 -5 -18 46 -50 21 -19 6 12 26 -97 -65 -35 6 30 -63 -75 -55 -51 19 20 -25 -87 -29 29 -1 13 -40 84 41 -7 65 55 -16 68 49 63 -34 -65 -44 -89 -8 -81 35 -9 -45 
-68 34 80 64 2 -19 94 -59 2 60 -38 69 -85 44 0 86 -26 68 -45 -72 93 12 46 -42 96 74 52 84 89 -23 -28 11 75 -21 80 54 -48 -32 91 -33 -65 -9 70 -8 32 -29 48 -34 -39 -55 -60 -61 16 40 68 96 -30 100 85 -67 4 58 -82 -9 6 85 -18 94 -76 -74 -3 -82 46 63 72 -77 37 -26 64 -23 -2 47 69 -35 -49 79 33 -95 52 43 87 12 -35 -13 32 82 68 -9 -76 83 -46 32 -30 
97 -72 -68 28 -15 -99 23 -89 4 92 -14 -44 27 63 -89 -17 28 14 41 56 -67 -73 2 -99 -87 -23 -61 14 28 -44 -42 83 -63 -28 -16 -47 90 76 59 98 40 -29 4 -34 -65 1 -84 -54 78 -20 -35 9 82 53 84 -59 1 19 -42 74 -25 -65 60 30 -37 -81 -4 3 -12 -29 73 -49 12 36 -85 18 -83 -36 -26 5 -4 -66 37 12 11 94 3 76 -2 54 -54 77 53 91 84 77 72 34 -69 49 -33 31 46 
57 58 72 49 -1 15 -58 96 28 -72 56 -27 6 18 -42 66 68 -87 -2 61 -16 71 -83 95 63 -72 -39 -75 -82 73 70 84 95 13 100 80 43 52 80 43 -38 98 99 -57 68 48 69 -20 88 -96 -99 12 -27 -78 -60 68 2 53 30 -4 -20 -24 87 47 -62 81 96 53 56 -32 90 -30 -67 47 -16 69 70 61 49 -20 -68 67 -40 64 -80 -58 52 -38 -63 0 1 57 -61 75 2 -49 58 -66 -56 49 67 -30 25 
7 -76 79 -93 23 -25 39 -46 -26 -68 58 73 -74 22 -75 -20 -50 -10 -7 -31 41 -24 35 -80 -60 -73 39 61 92 27 -95 44 -35 -6 -31 39 74 23 -52 -67 91 6 -82 77 -76 -25 -59 13 -20 -33 -10 97 89 0 12 59 41 -58 -96 -2 94 -28 98 -49 -62 -70 -77 98 -18 -42 -54 28 -46 -46 -73 -10 -4 -60 -83 100 93 9 -84 4 -58 -52 -82 16 -9 -7 72 -77 -100 94 -96 -83 24 0 4 71 90 1 99 
-42 11 9 55 27 64 15 61 59 74 -2 -27 51 -97 43 -82 91 -12 -6 -90 -72 -83 -24 -55 -19 -68 -29 60 -48 11 -45 -75 -7 30 58 39 57 50 40 -92 17 64 -96 57 -36 -100 45 -32 47 -19 12 18 9 -62 -23 92 -20 -74 91 68 79 -79 8 -78 -90 -47 34 -76 -41 -1 23 7 -100 -50 100 16 -41 -38 21 84 -11 60 -29 20 -21 -97 -60 78 -93 -52 -65 -72 -72 -10 -28 5 -10 -72 -69 -75 12 52 -68 
-79 58 61 47 13 65 11 52 11 -35 54 -63 23 4 -34 43 85 12 16 -91 31 35 -34 -80 -21 94 -65 76 -18 -36 33 16 33 37 98 71 18 74 54 59 -88 -59 -22 34 19 -82 28 80 83 -44 -80 74 -39 93 -93 52 84 28 -10 -14 61 13 -26 -54 5 43 -75 98 20 -30 -53 17 -44 55 23 -5 99 61 91 -22 4 76 -15 19 34 37 10 15 -91 -47 4 76 -9 51 -35 -79 -60 1 -13 -34 10 67 9 
87 87 83 60 89 -44 98 -71 98 -84 -94 -74 -30 73 70 38 -47 -8 -86 66 -46 -7 72 -63 14 14 -6 86 -68 35 -78 -95 84 -66 98 84 85 7 -37 -32 72 -11 45 78 -16 7 56 42 58 27 -75 -28 -77 -54 47 -37 62 38 66 89 -28 73 -78 81 -78 55 27 -85 -56 -98 30 -6 22 100 -15 -32 79 18 61 -62 -54 -39 67 88 -45 98 -42 -92 -91 3 44 100 35 28 -68 -84 -14 -33 -43 0 96 48 58 
16 17 -67 45 -45 10 -43 -88 75 97 12 95 -43 83 57 56 88 -47 62 -30 52 -96 -94 28 -69 -72 67 45 -89 -63 76 -80 -44 -89 -18 8 72 -30 57 -39 51 12 6 15 40 65 -64 -86 68 63 77 68 -33 -5 -5 -69 12 -46 37 14 -52 -19 15 99 -54 69 -73 -40 -29 47 69 -48 34 -22 90 60 -2 -36 33 24 42 -24 16 49 46 16 -19 88 85 75 85 -85 -4 -86 -28 -82 -96 71 -79 -55 40 95 38 
-47 -27 64 75 86 -92 -98 38 -74 34 71 61 -30 6 -29 -75 -10 13 42 -73 -77 -80 -95 56 -4 -92 64 -86 56 9 62 -39 43 -43 16 -55 -81 26 -76 3 80 -21 95 -34 -71 17 -84 -74 95 -57 65 1 37 35 80 15 78 -43 -71 -32 99 -74 0 34 4 -17 30 -47 84 -75 -13 81 -78 47 -66 28 -7 83 -83 34 -9 -78 1 21 -72 44 -11 -90 39 -66 -92 -85 1 -13 -40 -83 -21 55 84 -27 63 -8 70 
22 -29 19 94 53 -9 7 -95 -45 -91 -38 -73 -35 -6 11 2 -35 29 -54 84 -83 -17 67 -75 57 29 -59 -60 -58 99 91 -56 -5 -36 75 52 -9 24 -84 27 -40 -23 33 87 -41 94 61 -69 -9 -77 -84 -75 6 19 19 -15 16 53 82 10 73 -68 -75 25 61 -68 -20 -65 12 37 25 64 85 16 -8 -84 -19 -48 -10 -60 -9 -33 -37 -4 75 26 -79 92 65 -85 86 87 36 17 -5 -70 76 -29 -25 -76 5 24 -65 
-25 24 47 52 -94 22 -56 -75 32 -57 -9 76 63 13 -15 41 64 -71 34 -22 -61 70 37 30 -36 -5 96 77 66 11 77 -53 -83 29 -78 79 78 62 46 91 71 -45 50 -28 -82 -20 -16 89 -85 -52 64 56 35 -31 -7 -34 -29 -43 38 -30 75 37 -27 -49 -10 -55 -25 30 -2 59 67 60 34 8 41 61 67 74 -98 53 -68 -10 -40 19 58 -11 91 16 4 -34 30 73 -7 49 -80 20 2 49 39 78 -78 47 97 
-74 -8 -39 6 81 14 -55 65 -31 33 -27 -20 75 -89 30 96 16 65 -96 -71 84 -18 -5 -31 47 23 -70 40 -38 -42 44 83 17 -23 2 92 46 -84 2 -71 16 12 -92 53 69 28 46 51 28 -89 47 -17 2 26 -37 43 24 -4 -81 9 35 69 32 80 2 77 10 -39 -27 -49 -41 -41 2 -17 -18 -1 -17 93 -74 -100 10 -13 56 -19 -8 -79 -86 -9 22 93 -36 63 90 93 34 -30 -33 -87 57 61 53 23 25 
20 -79 -52 65 -76 -37 -11 -100 -71 -54 -84 -78 93 52 -27 -46 -2 -45 71 -51 9 73 -3 66 63 28 -52 28 -24 12 8 -4 0 60 -92 -87 -51 -44 -93 -28 -41 -56 -78 -58 10 90 -74 21 -73 55 -16 -31 -87 -21 -83 43 60 -58 -19 -75 -40 75 -67 24 -18 -38 -82 -51 18 -59 -32 -30 11 93 -48 -62 4 -95 58 73 -91 70 -59 -19 -98 42 -42 -48 -98 93 -39 96 -10 47 87 46 65 -47 -37 -20 97 62 -89 
85 -27 85 45 -38 -54 65 52 -62 -30 -23 -39 28 21 98 -11 32 37 -12 -49 92 99 69 62 -58 46 -77 98 86 98 -3 -47 -89 36 2 -61 -98 52 -2 -62 -37 60 -19 38 83 -80 41 -96 20 5 3 1 100 -15 -68 -8 0 -96 7 -61 -36 93 96 -40 40 33 20 25 -85 -80 82 10 24 -39 -93 93 -88 -41 -86 -71 -94 60 85 -76 58 100 -38 -34 -42 -7 87 -62 42 55 -62 31 -99 -7 61 -3 -42 -90 -10 
54 80 -46 87 42 18 36 38 -71 54 99 84 -12 39 -92 -30 -26 -95 80 -64 48 -27 87 -78 56 -52 65 80 -63 56 -38 -12 -87 6 -40 0 96 85 81 -41 75 -23 35 77 99 26 -19 66 -100 -87 0 39 62 25 -22 -85 82 3 30 -2 -40 -38 97 95 67 -46 91 -9 -21 71 21 -38 15 87 20 38 56 -53 -90 -50 82 73 -91 -55 -31 -50 52 -67 1 36 2 62 34 -96 -32 -73 -68 93 23 -94 -70 49 -78 
38 37 -12 64 -32 100 9 -2 4 -78 9 -56 -46 -88 79 35 100 98 -33 -84 100 61 80 -8 -25 -17 84 90 100 74 87 -3 -93 -47 5 -42 73 81 31 -12 -84 75 -43 85 35 17 12 73 62 -82 -61 -99 17 87 25 -74 58 10 84 -13 51 -82 -72 75 -79 69 100 -60 -19 -84 -9 98 -94 -84 65 -28 -74 -74 -61 64 43 -50 19 36 77 21 -7 27 51 72 29 -54 21 25 21 63 48 70 70 -82 -14 78 -38 
-97 -16 -94 -3 88 22 56 -12 -7 12 76 -31 92 -37 82 8 -43 51 51 -49 31 9 -35 42 -97 -9 -49 -9 76 -34 58 10 -17 9 29 35 77 -72 56 -85 81 -71 30 47 -80 50 -94 68 74 15 -95 74 37 90 -17 -93 26 -41 61 43 46 -81 -86 90 -1 -20 -34 62 36 21 -10 25 -20 58 36 27 -36 39 34 77 -87 -68 -39 -16 31 64 3 54 -55 -56 -65 21 -32 92 -37 45 -3 25 -85 45 97 -83 18 
22 98 7 -6 99 -36 -51 1 -66 -44 70 12 -53 87 39 48 -18 2 -86 -1 -15 -44 -35 -74 -88 92 -68 -73 16 25 93 59 -46 2 91 -97 -60 94 90 -88 96 -56 -98 54 -62 -53 -36 -60 32 7 67 -45 51 -49 -16 87 -27 -85 -81 -3 84 -86 -82 94 -22 -92 69 -21 -43 40 71 80 -65 21 -33 33 -88 -43 99 -25 74 -80 35 97 -42 -63 -53 -45 -37 -36 92 -32 49 -6 -3 52 -78 61 -6 2 -39 60 4 
27 -4 25 6 21 55 56 95 -77 67 -14 -83 -3 35 -6 35 -17 -70 -54 -49 91 -91 31 -39 -54 -82 26 56 -26 -93 83 97 10 79 -36 70 56 9 -8 46 48 3 -49 -97 -18 94 -92 4 -6 54 81 -59 99 59 -1 69 79 85 95 -81 96 -79 89 70 -26 17 39 76 -87 -11 -95 65 -86 53 44 73 -71 17 21 -33 11 -53 1 -20 -66 74 -59 -73 2 19 92 66 -96 85 84 -66 52 6 -63 17 -56 71 -76 
22 -93 -99 -16 42 40 76 -10 89 -54 -11 58 42 49 5 49 -5 -47 7 -9 81 -65 -93 2 87 -93 51 39 -22 -13 56 82 -42 -67 -61 51 -16 -49 93 -15 -32 98 -69 -75 -21 42 -1 -19 71 -10 30 -55 31 37 -80 99 -92 28 -73 45 58 -53 -12 -52 16 -3 88 -69 -50 63 -18 44 85 -52 34 54 26 30 -76 56 63 47 37 12 58 65 42 -22 95 -47 11 3 32 -43 25 -66 41 2 -67 -65 53 54 86 
-33 -67 71 -22 86 -37 -92 29 -71 -10 -2 -24 53 -53 -17 65 -37 25 -44 -85 -80 -6 53 57 3 -98 -26 -50 82 12 -33 40 19 26 50 3 -90 54 91 -98 -54 -83 -7 81 -73 -83 87 -21 -66 17 5 -97 -85 -75 -80 46 -35 34 15 72 53 -91 34 -67 -78 -26 -6 31 82 -16 -65 27 30 -81 -61 70 5 -66 32 7 -71 -66 40 -94 -92 91 -30 13 20 -3 75 57 25 -46 -84 -4 9 40 17 4 -77 -59 55 
-33 -13 82 15 49 -27 43 -56 18 58 -90 18 -86 4 -34 31 26 -15 -97 59 6 62 61 34 35 -47 81 -80 14 -44 33 -36 8 66 -23 30 31 69 -64 -22 -81 11 79 27 25 9 93 65 -48 -74 -75 -1 -34 -64 -71 14 -56 -22 42 85 48 -94 95 56 -65 -82 37 -42 56 4 75 60 19 61 -19 -77 -36 -7 70 -47 -84 73 -96 8 -5 66 0 82 16 -68 -42 61 -81 32 -48 -79 -41 -90 84 -69 -25 -90 -47 
-24 -40 86 -25 78 65 -14 7 -41 0 -75 -50 -94 -96 -26 1 -44 -77 -5 51 82 23 -65 -46 -57 -21 55 22 93 -58 -72 17 -3 -61 43 -36 -97 -84 67 32 -90 22 -41 -7 -28 -33 -85 76 4 54 99 71 60 -85 -53 70 -16 -8 77 35 -41 -36 -77 -27 0 -14 18 34 43 27 38 98 -53 96 71 -34 -79 4 -65 50 43 -32 -19 -89 14 27 -60 58 49 100 1 37 16 55 38 -45 -79 82 -33 -38 79 -97 -4 
-52 59 17 61 52 -41 84 77 27 46 -42 -42 -6 -17 5 15 40 -5 97 -13 41 -7 -88 24 -75 15 -66 -9 78 10 87 -70 -10 -32 -9 68 -49 -45 -45 34 -68 -94 29 71 85 12 -33 -81 -40 -87 -83 -81 -32 35 86 -89 -62 -66 -52 -2 0 -46 -83 -74 -43 -84 73 -65 -29 52 -18 -46 -73 1 -22 -96 -14 27 61 38 -60 5 -88 5 -70 -40 -34 57 -63 69 -46 2 75 59 52 -10 46 44 -39 -19 -15 -13 -28 
-22 68 54 5 83 98 88 -33 13 -79 82 25 72 -88 98 -72 -23 18 15 18 -98 -61 39 56 30 -13 -40 99 -53 -96 -100 61 86 95 -41 -40 -9 67 27 -36 -61 -50 -37 10 77 -88 -74 36 -86 -36 88 -28 65 -64 29 -99 64 -62 -71 27 56 -20 61 71 -26 16 -39 -67 -92 100 -42 91 -11 -96 -51 -4 -34 -66 39 -53 38 58 -25 -75 64 5 61 89 74 -31 30 -1 -57 -31 -82 -56 -4 12 -82 24 -19 -37 89 
-43 56 -84 32 87 -63 -49 1 -5 19 -83 -14 -56 37 25 51 26 92 -47 81 94 52 72 38 2 81 40 49 -1 55 98 30 74 89 -21 87 65 -32 -39 -6 56 -45 49 -73 -42 5 80 14 81 -11 17 50 89 95 -69 50 -96 60 10 -1 -53 93 18 -72 -92 39 4 6 -27 -70 -91 51 -56 -38 75 -7 -8 -57 -71 -60 87 35 -10 -78 -9 -14 -29 -25 -40 -18 -87 48 0 58 -17 42 25 94 -96 -39 12 -71 62 
72 -43 -43 89 -85 -81 -71 53 -50 -71 16 60 -44 19 -6 -69 92 -15 -20 16 32 17 -26 -50 25 95 -23 -56 -100 53 -68 45 35 -19 69 -70 -62 41 30 -56 54 32 75 84 -9 42 99 -62 -51 -5 75 -97 99 79 7 90 27 -15 42 54 -18 -31 -33 -73 89 -46 42 79 -47 44 23 37 46 -83 53 98 -2 76 -71 88 -63 -91 83 -45 100 93 -25 -6 -65 -13 21 -95 -57 -57 -95 -21 -60 -9 8 78 -100 71 -89 
-29 -96 80 67 -12 -15 -69 65 -46 -94 38 61 6 -5 65 76 100 -64 -3 -79 -81 2 29 -78 -35 18 -89 7 24 37 -16 -87 -53 24 73 72 61 88 78 3 -92 -73 -73 -38 -17 -100 77 -7 -10 -77 -43 80 69 92 95 -6 20 40 89 29 41 69 32 -2 -26 -52 13 16 -33 23 93 -12 -81 -82 -9 62 -1 -96 -18 -28 24 18 41 -38 -32 -16 -26 13 6 1 -11 41 6 -95 -42 -51 -57 94 47 92 -64 -28 45 
76 -39 8 94 -45 57 -84 7 25 -10 46 44 72 -32 98 95 -3 1 11 39 4 77 67 73 -25 56 -78 -17 8 6 26 4 -62 -46 -47 -21 34 -41 93 19 -50 -64 17 81 -49 -32 -70 64 -87 -25 -84 -17 -36 10 -75 -44 -62 76 49 47 -77 -41 67 -20 68 61 -39 96 66 -12 44 51 -65 -23 13 28 95 -51 -4 86 -2 -14 -91 21 -16 34 40 -69 95 85 -47 -17 -50 -27 -48 -50 65 16 -43 15 -89 87 -88 
-99 -73 23 34 27 4 70 73 84 40 -25 73 -20 -50 -33 -19 -87 -6 -92 -23 -56 -85 59 -4 57 -25 66 47 -47 3 -97 -7 72 32 -56 96 -22 55 80 5 -99 -92 29 67 -80 -32 -19 50 -15 88 -1 25 25 -63 13 -4 96 17 32 48 28 96 97 -41 -6 77 -53 -7 55 -48 54 27 14 100 34 49 27 94 14 82 -57 6 43 93 -71 71 -27 3 -74 -55 43 -4 -76 -12 7 44 -52 -88 42 8 0 6 -17 
-71 61 22 -47 -62 -72 -66 36 -6 -81 -68 -87 -90 -15 -36 79 -48 71 75 38 -74 47 -83 21 79 -47 -80 -28 84 -8 -11 -5 7 50 -97 -96 -41 59 -47 -45 77 -18 9 61 -87 -58 -25 -23 -32 84 -81 36 32 75 19 71 -79 -34 63 33 47 -98 12 27 -62 -27 -66 90 28 97 35 -26 -79 -48 -17 40 -35 13 64 -3 93 66 -50 -67 93 -93 61 71 3 95 90 51 98 -36 86 -70 -46 45 -13 93 77 91 1 
-3 39 -99 -23 75 -32 57 -68 -84 -13 -6 80 6 -11 14 -53 -70 20 67 -21 -43 -57 -20 -47 -24 45 60 20 -23 12 -33 -51 82 23 24 17 -80 -21 -3 50 88 -48 -55 94 1 -71 67 -6 -83 -18 73 -51 70 -53 -47 7 -5 33 9 -47 38 -34 76 81 90 -99 78 -81 -54 55 -16 -81 13 -28 -61 22 -74 60 -62 -29 -10 -42 57 92 -33 -71 49 18 -38 59 34 -69 -74 32 8 -96 85 -70 54 93 29 53 47 
-73 38 81 72 -89 -18 99 77 70 30 39 28 82 -79 80 74 -43 -27 76 72 -35 -94 -66 69 37 -68 -28 74 -54 62 17 -18 46 -26 52 18 26 -7 -9 41 -64 -4 34 -67 9 72 16 -49 85 10 -5 99 99 -52 -1 59 61 -14 -74 -50 -84 -75 -30 -11 -42 -96 -96 34 -96 -27 -3 -75 83 -24 87 -11 -65 69 -86 2 19 2 6 -89 11 -49 40 10 -100 40 92 -11 -55 74 -70 -66 -63 -82 -6 -85 99 2 98 
81 -46 -83 -60 24 22 -61 30 75 82 78 93 -96 50 94 12 93 -2 9 -80 43 -22 80 97 -79 -100 69 -96 56 -38 -23 -23 -13 39 41 52 -9 35 -62 -61 80 -30 -49 -35 91 -19 29 -33 -86 44 -75 -83 -34 18 53 -47 -66 18 18 -63 -23 -24 30 -12 66 -75 46 59 -18 -80 18 -78 26 -96 -36 -48 -37 93 -53 -65 -7 -74 15 81 -82 93 -44 -14 35 -53 -97 -1 -4 22 -80 -71 90 -2 49 -88 -91 3 72 
-81 65 -95 -98 0 -43 50 37 9 78 33 -59 -30 -87 83 -96 -65 38 -83 94 84 60 90 -13 -91 -52 -63 -98 -5 -100 -32 -85 29 -25 -6 -28 83 90 -45 54 -8 -64 6 25 -10 27 59 -41 -55 -11 -9 57 -49 29 89 -15 -72 -60 11 59 -44 -50 48 30 -30 -36 24 -52 -27 -89 -76 55 -83 -6 12 36 34 -12 -66 50 99 -77 31 -19 57 -25 40 25 90 85 11 8 44 -63 52 95 100 58 81 -63 15 -64 45 
-18 -83 -59 73 -94 -1 43 26 -56 15 -85 38 47 -75 24 -80 -51 86 61 86 -88 41 -95 -44 -71 -64 59 73 -96 21 -74 63 -45 66 37 39 -80 72 91 26 -93 68 71 -53 7 21 -37 -59 60 8 56 70 -34 6 50 77 81 -61 -61 85 -29 -35 -92 10 -77 -74 -68 -10 72 59 97 -68 38 68 14 -6 -83 67 49 -76 90 -73 48 6 0 69 75 8 69 46 -95 16 -20 41 -57 -7 -80 68 98 80 -52 -37 -22 
51 -95 -76 99 39 75 60 22 69 11 16 98 -33 -91 -76 48 -9 -26 61 -54 -10 66 -72 -21 -71 -14 -60 61 48 -61 -51 -87 93 -29 -89 -21 61 -93 37 76 62 53 20 27 -32 86 34 41 100 -65 -88 -51 50 62 -26 64 100 80 16 -54 -70 61 -7 -68 48 94 68 -41 -38 18 -23 -59 79 47 -69 -51 -22 61 78 -98 -42 -63 99 6 19 54 -78 -75 96 15 -16 91 -63 60 83 -85 -42 30 4 80 -9 35 -34 
-42 -24 -69 18 -62 -75 -46 -85 -81 -26 -86 -39 -14 96 15 -35 24 27 47 -23 94 -17 39 54 93 -38 -81 39 -93 73 62 -4 19 -69 -56 88 -42 -99 49 91 71 2 37 -61 48 75 -56 -55 -81 80 -86 -15 -99 -23 53 15 87 -12 61 92 1 -38 89 -84 -40 -31 -42 72 20 1 -97 -52 9 -77 -83 -40 60 -57 90 25 -90 87 89 -94 26 70 -25 -84 -94 -27 -80 59 25 -99 -53 33 16 -16 17 -6 -95 -27 -53 
-50 -65 -41 -1 57 23 -100 13 54 37 -8 37 -7 44 -40 -49 -85 49 -72 43 46 3 -46 -65 3 -37 -98 -91 97 14 -47 -84 -3 61 -54 15 19 48 15 97 10 5 34 34 20 -10 59 51 13 34 81 79 28 5 92 74 78 43 92 -54 66 -67 -100 -33 47 -49 -52 -73 -78 -21 93 -1 -9 79 67 -13 -92 18 -91 69 9 7 59 -25 22 -13 2 -58 -11 17 4 -29 57 -73 20 35 47 -89 24 -62 -4 -21 37 
90 66 -14 -46 65 25 60 -31 -22 -78 72 -42 33 36 -46 -45 -5 -12 48 -28 31 64 -4 47 -35 62 8 93 35 14 55 -72 33 89 51 53 -66 -25 7 97 21 -28 -55 49 71 78 -18 -4 4 -71 70 89 -79 -44 -40 6 49 56 -76 49 45 21 1 79 -87 74 -15 -88 56 77 91 96 -91 82 -64 -88 -42 -59 7 -68 -66 -54 24 -66 49 42 64 -64 -33 81 -94 -80 38 96 -20 -86 54 25 -41 22 -63 -16 -75 
74 -88 -57 -2 -75 14 4 -17 -42 -8 88 49 45 69 3 -4 98 51 66 -5 -69 37 30 68 -5 -34 -23 24 66 37 82 -92 46 2 51 9 65 -93 -97 49 -80 -39 -71 73 68 32 -87 44 24 50 12 -58 -40 -86 -41 -58 39 59 48 20 -68 37 -62 -17 -36 86 98 -27 11 -13 68 -38 21 -42 60 -88 75 12 -78 -48 -67 2 36 20 2 -94 -42 -66 46 69 -100 -9 -67 9 24 0 38 48 42 -53 -67 -37 86 
3 12 77 87 84 45 96 -76 17 18 -15 72 -40 15 16 -24 -33 84 -49 59 -76 66 53 -63 5 -25 -19 85 -57 -90 -97 19 35 76 54 64 -93 11 49 -7 44 39 3 26 -70 39 -24 -48 -33 11 -50 46 -98 41 -72 -100 66 -31 -31 66 4 88 52 15 85 -2 68 -9 -21 -66 44 -53 -72 -80 -47 -22 -42 -66 -45 -37 -43 14 63 -89 77 12 3 63 -77 10 65 -25 -50 74 49 7 -9 -22 -35 38 -8 31 -34 
42 -88 -27 39 1 -22 -50 72 -57 -82 34 98 -56 -41 -38 -97 -30 -11 -66 -28 82 -39 13 -76 -41 -40 31 17 39 65 30 79 -72 0 36 -92 11 23 10 -2 -43 45 -39 -74 69 84 -16 -75 89 -34 3 64 -76 67 13 47 12 -58 -29 3 -45 74 92 22 50 -37 -61 32 -3 49 75 -13 -74 -94 -37 66 74 -73 36 -51 10 65 17 64 -29 29 84 45 12 -78 -1 29 23 47 -57 -82 52 48 -16 17 -71 55 79 
18 -38 -39 33 -30 -71 -86 -73 18 -57 -18 12 11 -56 -22 -65 30 43 -76 13 -36 50 -97 32 7 -77 -31 -48 -47 -5 -75 -61 -22 60 69 69 96 -65 74 -63 -39 46 43 -11 84 -88 -50 -1 95 -55 32 -29 21 63 -87 -50 -61 -85 -85 75 100 -40 26 40 66 94 -40 -72 -78 59 72 -44 93 92 1 76 63 -8 -31 -62 -32 86 20 -70 -52 0 -59 22 -43 -23 -67 -20 51 -87 72 -17 13 -76 -88 12 -96 -53 -34 
-34 -55 -21 86 73 49 76 -73 -59 -63 -85 -38 92 -80 50 74 -89 -78 -26 -28 55 -9 39 -60 -70 100 -99 14 19 -76 -12 -29 94 85 -25 78 -69 -80 65 -73 -87 25 27 38 -32 -12 -64 74 -59 -63 -72 66 -15 89 -92 23 -57 -74 -58 -52 86 80 -57 -58 -54 12 -6 -22 16 3 -72 -49 -16 -5 -3 -83 1 -22 -47 -86 -57 -37 -16 18 6 13 20 -44 73 -19 93 -87 -59 14 -76 -64 -71 85 70 -59 47 16 67 
58 72 7 85 56 14 99 98 -49 58 -21 -49 -76 -65 -98 -61 45 -51 7 66 -36 -95 42 -54 -72 -14 89 10 -85 31 -10 -47 -52 67 43 -39 -46 7 48 91 -86 66 44 22 5 -37 -47 48 -76 -79 79 23 -17 -3 12 -78 -91 84 23 -4 0 -85 63 -72 12 69 93 98 31 84 80 60 39 -72 40 55 66 -73 -91 93 49 -11 -78 20 29 81 64 -11 35 55 86 -91 43 -10 84 -25 43 -62 8 80 -31 -74 69 
5 24 100 73 56 -28 93 -33 90 -14 88 39 -49 -87 79 28 20 -34 -56 73 57 -30 8 14 -56 79 57 -38 -14 -35 8 87 -77 -28 53 63 6 -42 19 40 28 24 76 -22 -88 2 -23 11 -88 2 66 79 73 -44 -55 76 -41 25 3 -14 40 3 88 -29 -33 8 -70 80 -60 -11 -19 82 31 -62 -90 -87 -97 -52 41 -22 -68 53 -48 63 -78 63 96 -59 -27 34 85 99 20 88 -50 14 -36 -68 -100 17 82 -89 -73 
-78 -78 29 86 -77 -45 -50 -37 80 63 15 -22 8 25 79 47 -64 -91 -16 -14 -28 -90 -1 91 37 -76 -1 -59 26 -86 -37 42 -83 86 -45 53 60 -2 -62 -4 -89 18 78 65 56 37 -72 -68 -30 48 -94 22 -8 -56 51 71 88 97 33 -12 -22 -78 63 40 -8 91 100 -94 -18 100 -13 51 70 63 32 -89 -69 -1 -70 84 82 -6 9 9 -4 88 80 89 24 74 -86 -3 -18 64 13 -75 -28 62 -23 4 -64 43 60 
-27 52 94 -82 -84 89 89 -30 -57 -76 51 57 40 -36 -22 -68 63 71 -5 -36 80 -60 4 -68 30 98 -41 19 97 -65 31 -30 -41 -56 85 -30 64 99 54 -21 84 -100 68 -8 -71 81 -60 -14 -75 8 -7 -15 50 -42 48 1 -96 68 2 -93 -2 85 -21 -11 -72 53 -74 95 4 -84 -67 70 -14 -57 -54 67 -44 54 19 -90 44 38 -11 -93 94 34 -80 -66 -50 -16 -42 40 -41 -78 80 -42 -61 74 48 7 2 -70 67 
-11 76 50 -81 -45 -63 -97 25 -75 35 81 -65 -53 -48 8 43 75 7 60 -27 -71 -12 -53 56 48 26 63 -75 -53 78 88 92 -81 -32 -46 -64 92 40 9 -90 40 -84 -100 -93 -95 -25 -3 -25 -96 23 83 19 -10 73 -45 -8 33 9 31 19 -54 63 15 -24 44 -85 -40 -75 80 -75 -75 -45 87 57 12 35 96 -62 -69 -14 -20 -73 -48 -73 -27 -6 72 50 -98 35 3 54 -16 99 -41 47 -78 75 -42 64 -24 -15 -98 
-77 -2 92 8 -57 48 29 -24 -5 41 -50 60 44 -84 -4 -10 12 88 -1 -53 76 41 -42 -33 44 -28 19 3 18 54 58 -67 94 -37 64 -71 78 -49 57 -92 -5 -69 -15 91 23 59 0 -91 -90 -69 31 61 1 -12 -48 -6 70 57 -31 79 45 -69 -61 -52 -50 91 -86 100 -18 -30 66 -23 94 55 -8 83 82 62 -78 -81 -68 20 -30 -10 91 32 -42 47 79 -9 -80 -81 66 84 15 -10 52 -9 -100 1 -21 93 -69 
76 89 90 57 -52 6 -5 28 90 -38 -96 -40 -56 -81 86 -14 57 -57 -5 -7 74 98 24 99 -63 61 -28 15 24 -64 65 59 83 58 -67 90 49 -87 -11 55 14 -51 93 -72 -53 18 -99 20 41 72 13 26 -34 -38 62 -62 54 49 -99 34 -8 -65 -57 68 29 32 63 17 92 -92 -61 -91 -4 16 23 78 -7 66 81 -55 -18 -97 -9 40 10 -4 -19 69 -14 17 78 -35 -25 -56 50 -80 81 92 -80 -78 -77 -91 31 
-9 46 35 8 -30 22 99 -63 -7 -39 -56 -40 97 -82 -11 -49 48 49 39 30 69 23 23 -72 90 -15 -16 64 -13 -3 -45 22 -18 -85 -98 -29 80 -88 -31 -2 -68 99 -54 -68 -18 53 -20 -48 -22 44 -39 -35 -55 -68 89 -90 29 57 74 51 63 41 41 -10 -29 -98 76 -10 73 -56 77 3 -74 -51 -41 -52 -71 -12 -25 -15 -84 67 -55 97 -76 46 71 90 -80 -98 -90 -72 58 -12 -18 36 -59 -14 -90 87 -35 65 -4 
40 -74 66 44 -54 68 57 77 92 -84 -37 52 -28 -16 -80 69 -58 80 -100 77 7 -50 73 -43 9 -12 82 63 -69 9 93 -23 32 46 -51 -57 25 -39 -96 32 -80 -42 9 15 -65 -80 87 96 -83 -10 -82 61 49 63 28 76 84 8 -23 37 84 -100 -34 -9 59 -91 -69 -27 78 76 -65 -9 43 -28 -11 74 -66 -4 77 -14 -86 92 23 1 81 22 -49 -73 54 9 90 -48 54 -29 -70 -51 -72 39 39 -79 -74 81 -91 
-56 -86 81 -42 78 56 35 -9 -13 -11 100 96 10 -28 -31 -72 -38 -61 55 8 54 -52 50 -35 19 -15 63 90 -92 23 -66 83 -97 -55 98 100 -44 20 98 -16 51 91 79 81 20 -2 -38 63 -11 53 64 49 -9 34 -43 -95 -86 -76 56 -78 67 97 3 -43 26 55 44 7 19 45 -39 39 -26 -24 -2 36 -45 5 -18 24 -81 -75 -98 52 -10 -61 -32 58 -22 29 19 -91 -25 -22 -45 -92 79 -54 71 -30 3 70 -31 
14 89 -36 -15 -27 83 64 -35 47 -84 54 -14 82 48 79 -86 -99 -60 -33 -80 95 63 14 55 -14 88 -94 -7 -58 -31 50 40 72 -12 59 -80 51 33 85 11 -49 98 -54 18 34 65 -97 -99 -11 -78 27 35 -76 69 3 71 89 42 -69 35 93 87 7 -6 -15 -81 -91 27 48 43 -41 -100 61 -57 45 -17 88 -44 -69 -41 -77 63 46 -48 5 72 -15 31 51 17 74 91 -96 57 11 45 28 48 -46 -5 0 91 65 
-4 -54 -100 42 37 -93 46 -94 -38 51 -58 75 -81 86 -72 -59 49 -76 -86 -86 37 -91 51 4 -49 85 45 -62 -93 13 32 6 -48 -40 4 -19 -1 2 83 29 -59 70 -21 -100 59 92 -25 -99 -2 -93 -32 17 -81 -49 -87 16 37 -2 -50 13 2 -63 32 7 -50 -45 84 46 87 78 60 22 -49 2 -82 -3 25 -81 -13 11 55 -80 64 -12 87 -40 -14 -84 75 42 -2 74 -18 -80 10 -3 -89 -64 40 -69 6 52 38 
-81 -65 -61 3 -69 29 -71 -84 -46 -71 -20 24 89 98 -16 3 -41 77 80 30 -34 7 -29 -86 44 12 -49 -89 11 -68 53 25 -66 -97 -5 -73 52 -46 -90 -31 -4 36 71 13 -10 28 43 2 -28 -81 -15 -92 88 95 55 -29 -69 92 -84 -44 -69 0 -65 -32 -98 -10 -65 29 -22 97 84 68 16 84 -33 56 31 52 -60 9 70 -98 -36 27 -50 -4 -9 62 42 -39 22 -24 99 -72 -60 -60 -93 94 -34 64 -19 -68 -64 
60 18 -86 -48 67 -21 69 35 -21 33 52 -64 73 46 26 -9 -36 -31 -3 -17 -96 -48 -90 -94 99 25 85 93 11 6 19 -15 100 83 10 81 -92 32 -93 -57 -70 -53 17 -36 21 -24 81 -51 41 95 95 -37 86 -76 87 78 -15 9 -100 43 -25 36 -71 -27 85 -2 95 -57 -54 -71 -24 -24 -83 12 90 -11 100 21 49 63 -75 -56 56 47 -29 -67 76 75 -7 39 -94 -41 56 -94 58 5 -86 -74 -40 -68 -59 50 -62 
-28 -50 13 -11 71 23 -68 -89 13 55 59 -27 -64 4 -28 -99 -98 -13 6 90 -95 64 -97 61 54 -49 2 -20 95 -13 -73 86 16 9 -96 -91 35 -48 64 -53 -17 70 91 -82 40 76 73 -28 20 -74 -27 -17 -56 -29 14 79 -40 1 68 10 -5 84 -6 32 38 -98 -80 24 -85 80 -72 7 73 -12 -83 -83 43 -37 70 99 -47 -1 14 54 -29 91 -43 -14 -100 4 37 7 -34 -46 93 -86 -28 -81 31 -80 13 20 -63 
58 -50 56 84 -30 -35 -8 -14 71 -35 15 -28 -65 -70 -61 28 18 11 -12 -100 -48 -84 -48 -78 11 23 -83 85 81 95 99 19 -57 15 -26 -48 -22 -97 83 -28 -21 -29 -7 14 -31 31 -2 10 -16 60 88 58 37 75 12 51 3 4 26 97 95 12 -14 -31 -41 39 -2 41 48 63 19 -31 89 -37 70 39 37 -6 39 -96 -46 -12 -79 -13 95 49 82 2 -25 35 -36 69 -33 8 77 -19 53 -39 -83 -82 -88 -91 -98 
67 -53 -78 55 84 9 -97 100 -65 -71 54 -67 97 -39 10 -88 75 1 48 81 -42 13 92 -81 -93 82 76 54 85 -73 -66 25 88 -84 -52 -2 -5 84 90 -12 -44 -59 -77 49 -37 -31 -54 -33 78 -96 -80 -84 -20 -60 8 43 -98 -4 13 -62 -99 -24 23 80 27 29 -75 57 35 29 56 74 -1 -16 -55 -58 -3 -28 51 -6 -60 29 58 -25 -46 -26 66 26 95 -18 -35 67 22 18 88 -55 60 -45 -50 -20 56 34 -100 
-98 64 -35 95 -82 -97 -90 15 -32 6 66 98 -23 88 21 -84 -84 40 83 -37 21 65 26 59 -53 47 -81 100 34 17 -96 27 72 55 -44 15 -52 -38 -54 -38 93 -64 -54 -29 20 3 65 -5 6 56 -78 -16 -75 -69 -75 86 -50 21 -91 -37 1 -89 9 96 56 -94 49 -68 37 55 -55 -64 27 55 -56 -60 -35 47 -34 -1 29 -66 -86 22 -76 -23 -68 57 -70 69 -65 13 -30 36 38 -29 46 54 -85 50 28 -85 83 
-67 17 -3 35 -71 -10 -96 -12 -57 89 -58 -31 84 82 17 23 -89 -80 -64 98 38 -2 26 98 4 57 47 80 91 -3 -75 -12 90 1 -42 28 88 63 -65 67 49 50 41 -13 -51 63 93 65 -15 -63 38 33 -88 -42 79 25 13 -22 8 79 -6 -17 78 -37 50 81 -61 92 57 31 -36 -83 99 -40 -3 -49 57 -16 -80 -69 96 87 35 80 33 19 97 -15 -51 -2 82 47 -20 -42 -60 -97 55 2 -59 62 -96 -17 -47 
40 93 87 -84 -45 -46 -56 -2 25 49 -52 65 -69 -7 58 -42 35 12 31 -22 94 -88 33 96 72 58 58 66 38 16 -24 -30 -54 -94 74 -30 31 20 -76 99 -77 55 33 0 -61 -80 -56 25 -66 -55 -46 -91 89 -84 100 -39 -64 -42 -47 51 -90 -40 38 -12 98 3 36 31 60 57 69 19 53 4 77 -3 -87 -50 -23 -87 54 41 -94 68 -97 17 -33 -100 -80 -92 37 -72 86 -92 79 89 -37 59 54 -86 -63 -97 -61 
14 76 -54 57 78 -72 67 22 4 40 61 97 -48 57 70 -74 -86 -4 97 -96 53 -20 73 32 89 -74 -78 8 78 69 62 -5 41 96 48 -10 -93 20 -19 -87 -25 35 -22 -82 28 62 58 -38 13 -99 52 2 -91 22 -97 4 -28 33 -45 77 23 -36 -96 90 -15 46 84 54 -57 85 -31 -40 13 87 87 78 -5 36 -59 -5 32 -46 -83 67 -7 14 57 -94 -49 -31 1 -94 55 -25 91 13 -6 -69 14 43 93 -26 6 
54 -2 23 64 -73 80 -92 -29 -86 68 -15 53 -37 61 6 -84 88 -74 42 -76 -43 -4 -25 -42 -67 -100 -96 -93 99 -18 -3 4 91 -74 20 23 -34 -11 -13 97 99 -40 -87 55 2 -34 36 -59 5 74 84 -52 -30 8 -80 -17 -13 -4 -92 78 73 -64 5 -3 93 48 77 -41 -62 -57 73 98 77 100 -54 -92 -92 54 20 -90 -52 92 7 49 -51 13 -74 13 -23 -2 -66 -69 55 82 45 88 -60 -61 86 29 -47 -88 -59 
-44 -35 -76 -75 96 26 -1 -83 100 97 15 100 -4 82 -67 -88 10 -94 13 -45 -22 -95 36 -9 76 -92 -96 -34 -18 -43 -14 -83 -46 -86 44 39 45 -86 -53 94 53 -23 39 46 65 9 67 4 26 31 -100 35 95 -17 91 95 -44 11 -52 80 79 -81 -52 14 -43 -32 -92 84 -13 83 51 -96 -65 -36 20 -97 77 40 -57 -28 -11 45 78 92 4 83 -18 -36 -90 -99 -68 -25 98 71 -70 -85 76 78 96 -6 -97 72 12 
-66 36 74 25 -44 -31 70 61 -86 -85 -72 22 1 -31 73 36 61 49 30 2 -97 -13 -38 22 29 -81 98 -51 71 -76 67 -84 54 -60 -49 11 20 55 85 -52 -68 31 40 24 -96 -13 87 16 -74 99 3 53 69 -86 -28 67 -24 16 -79 35 75 67 66 -75 -77 -35 -45 60 69 37 -21 20 96 28 61 -73 1 -2 76 99 -22 -93 8 -92 -6 -57 85 4 -96 -17 -50 43 -78 89 71 54 82 7 79 84 -30 -67 -2 
96 -96 -23 84 30 -55 -91 -56 -61 -21 -67 84 91 74 -87 65 97 -11 -89 -45 -38 -55 -31 35 19 -31 -99 -75 41 -54 52 -50 66 39 -31 68 -89 -71 -76 16 67 85 43 -92 -94 -98 58 4 -81 -97 50 -28 -95 -99 -95 -11 -37 84 -45 16 -77 81 -84 -47 26 5 19 20 80 27 80 -72 -67 61 58 -15 23 -30 -86 20 -84 31 -94 -9 46 53 93 -27 -52 83 -76 -97 -52 -41 5 78 -100 22 -55 -49 -60 -89 1 
100 -70 -26 56 -13 -45 -100 74 -35 28 45 -7 -77 10 88 -38 -63 34 -45 -73 19 -22 62 83 93 89 -53 -35 11 83 93 -90 -68 56 8 -85 -41 47 98 76 99 -67 -68 44 16 36 -32 -90 58 17 -48 51 -80 45 20 -2 -43 2 3 16 40 -51 27 51 90 -42 -48 75 -20 72 87 -11 17 -38 79 76 100 -23 72 -65 77 -44 81 -64 80 -4 48 -76 54 20 -12 33 -41 5 -57 -33 53 30 15 72 72 -41 -82 
93 88 -21 6 -32 20 -14 -2 -47 38 17 -53 -31 70 1 24 -37 -73 -12 -66 15 -27 -42 -55 -53 2 -78 -41 -43 -27 -98 -91 40 -43 27 70 -13 17 -22 -23 38 -85 -60 -65 -14 89 -22 -53 -53 -36 88 2 -9 3 17 79 78 -65 -36 -34 -58 16 -55 51 -32 47 97 97 -17 84 89 48 80 80 -66 16 90 33 27 -43 -53 -80 -61 78 25 -2 0 -27 2 52 -3 10 5 14 -13 55 0 84 62 100 80 -38 -47 
77 71 5 49 48 -8 -40 -62 58 -15 48 92 0 -77 -87 -2 -50 -51 -70 -28 -73 -59 94 82 -37 39 -84 32 78 -16 -63 -74 -95 13 -24 -40 -90 0 -46 -92 22 54 -79 -18 41 -25 -76 -89 -41 16 -81 -41 -64 30 1 -55 47 -7 11 21 -70 39 2 -59 35 94 66 -53 -23 32 -82 80 -57 -73 99 34 -78 3 7 -88 25 58 -31 63 -1 30 99 6 73 15 -59 42 -74 -3 27 -67 87 -7 28 22 -81 -13 -14 
-24 16 -51 -52 -13 -24 -9 46 78 -27 48 -21 -91 -53 100 -20 -77 -47 -43 50 59 24 -59 54 -26 56 54 -40 -92 100 89 49 -17 -81 0 -45 -4 -55 25 -27 88 18 -12 -60 -13 33 95 -71 -10 68 89 -42 66 -50 24 -9 14 -12 -15 -26 71 7 75 -52 12 27 37 89 -20 35 63 -78 5 33 37 37 53 6 -64 -49 57 15 -11 48 -70 82 46 78 29 -53 -22 -10 38 12 73 -45 56 -89 74 1 -20 40 -92 
67 13 28 45 43 51 12 -82 -55 37 36 96 -12 56 -68 13 6 35 -41 4 -9 86 77 -35 -8 39 -9 -18 97 67 88 -74 26 92 9 -3 34 -59 -37 -76 -57 88 25 35 40 -42 -5 84 66 98 45 -21 100 -46 -61 46 -57 -54 63 25 18 -37 100 -46 -98 -4 46 75 38 91 -62 83 -51 -75 4 -53 100 -29 -65 -17 38 70 -19 -47 -92 -64 -62 56 80 -90 68 -87 60 -37 64 5 94 72 27 66 57 79 -49 
-11 -58 4 -16 -45 71 55 2 70 -88 65 -50 74 -57 -13 -31 66 49 68 64 7 4 15 -65 20 75 -18 65 48 23 -92 94 17 -23 -63 -53 -30 -71 89 -79 12 -39 64 13 71 -73 64 -63 -51 -66 -29 65 75 24 -100 -6 61 -95 -88 43 69 23 -9 1 -15 47 34 60 -7 17 64 -31 -30 29 54 -72 -37 -32 -64 -68 -66 93 35 -9 -53 -89 -22 -25 -97 -23 -59 -38 -97 -86 74 -52 -27 50 -26 55 59 -81 68 
-72 37 -16 -97 -56 94 60 20 -97 53 -8 -78 -61 -5 -71 79 -34 -34 -91 -16 -72 0 61 55 -42 43 18 4 -95 -86 32 -91 -30 -65 35 75 76 26 1 43 -93 68 41 -32 60 88 -68 57 26 95 49 9 -60 -40 -55 -67 96 -99 -11 9 -44 96 -91 38 -81 -29 98 -43 17 80 78 69 -95 10 17 -97 -95 -26 63 96 54 81 71 -72 -34 -91 -83 -57 73 -69 -94 67 -50 47 -52 -90 -57 -53 51 -99 39 -79 11 
21 34 21 81 2 -14 -95 64 22 4 -16 72 -1 76 89 17 -15 41 100 97 80 -32 76 4 40 83 -21 -28 71 8 -6 -27 -49 22 20 91 39 100 72 -30 24 -59 -6 27 -92 58 -97 -28 -71 44 37 -65 29 0 -49 44 -95 46 24 -35 93 7 -92 -80 -92 87 -71 -44 -36 13 85 70 -22 -22 -63 -17 20 -9 -63 80 19 6 10 91 63 47 -51 -64 83 -99 -37 -71 79 -32 62 -17 -87 -28 57 -4 92 21 69 
-18 21 77 81 -40 1 51 -86 -38 -97 83 46 -55 -97 92 84 -80 93 -68 -58 -46 40 -41 -72 39 -79 16 -89 -80 58 4 -94 -33 -6 -35 29 -98 -41 -24 38 6 -38 -4 51 -90 -53 56 -22 12 17 -64 -81 -81 -72 -68 75 77 -52 62 2 81 85 -31 35 -51 -23 -74 15 29 67 -84 -78 74 -42 -16 96 6 -33 23 36 -5 -69 -9 70 65 69 28 -57 55 -72 -3 35 -58 -30 -12 -52 19 -59 99 -59 -75 82 -14 
-44 96 -8 -21 -15 -14 -24 96 48 49 64 -35 -52 64 -33 89 -33 0 45 -60 -8 -80 81 -40 -91 99 47 -52 4 -41 -77 -47 100 -8 -74 9 40 86 -18 32 85 54 -46 -58 58 69 61 -75 46 -10 33 -55 47 89 76 -19 50 92 -48 -43 28 16 -67 -62 -81 -75 -87 74 -78 9 -49 46 -2 -60 -41 -9 81 -40 92 -46 56 -59 7 17 -23 -47 76 -11 97 40 30 75 28 -90 -11 41 -91 20 93 -62 70 -14 30 
53 -56 16 -57 52 54 -83 -71 -74 74 -31 19 89 -94 55 -31 -44 -69 -30 -67 0 33 -22 14 31 44 76 -59 59 -80 -24 0 22 -86 -72 16 -40 20 96 6 28 -18 -94 -71 50 45 73 8 67 -27 95 22 60 -8 36 80 -35 -79 -53 3 -74 -48 -62 -89 -27 97 -87 -83 -100 67 -82 63 26 41 -2 63 -43 50 18 99 86 94 48 95 -74 81 -25 -39 71 -65 -39 -46 86 7 43 49 38 85 -66 -13 89 40 32 
-52 88 82 100 35 33 2 29 -25 -35 8 34 22 35 -51 -79 28 2 41 0 -93 -73 -69 -39 56 -95 -27 -14 -63 -71 -49 -80 82 -57 82 5 -99 89 -7 -52 69 44 -44 11 -6 82 71 -75 -6 -36 -5 79 54 -42 -93 -12 -82 -62 -93 62 4 12 52 91 74 17 2 -24 83 -43 74 -95 15 25 93 -72 10 -69 75 79 3 -87 46 -66 -9 32 -9 -63 -60 -74 -98 78 14 -70 56 -89 -47 -95 -46 1 67 -16 -80 
34 -50 -34 30 -96 90 -6 90 100 -79 20 92 61 -61 -25 -57 89 28 -5 79 -47 -83 -66 79 15 58 -20 41 4 -72 31 10 92 52 -24 36 -89 -75 -32 -39 2 10 -91 40 -96 88 61 -75 -10 -23 23 70 -93 -61 62 75 -24 -26 -73 -90 -59 -16 -11 -33 17 -41 33 36 -6 -46 7 -14 84 -87 -35 93 -97 45 -17 81 -34 57 4 -19 -89 55 1 -57 30 -98 19 -2 87 5 -92 11 -67 -100 18 -30 2 71 92 
-29 -61 -19 -86 69 91 -53 -72 81 -65 58 9 -11 -2 22 -75 -76 -24 11 67 75 60 78 -69 79 -4 92 4 100 -99 59 85 4 6 87 -28 -37 -8 -61 -57 59 33 -74 -93 -18 -65 43 26 -77 75 65 9 84 -3 -89 -62 -44 -17 90 20 -26 99 -80 -63 55 24 -53 10 -6 36 -89 62 6 40 -33 38 91 -88 88 49 -79 27 -46 84 -14 -91 -4 17 72 83 -76 -30 46 48 -87 -23 33 30 43 100 26 -46 -60 
62 11 -37 38 -26 -39 -80 88 87 62 95 -11 -22 -8 33 64 19 -95 -29 -66 -76 100 23 94 -49 -70 21 -36 -27 -62 52 -38 -59 9 39 -49 100 -82 65 -55 -16 29 -46 40 -81 4 -31 -58 -48 13 -66 28 -32 18 12 -84 99 -83 98 -17 -1 -77 12 -16 -24 67 -84 -72 -14 77 63 -82 -21 -4 96 -44 -12 93 21 14 -35 58 88 93 -81 21 37 -63 24 -76 -20 47 -8 79 -74 27 93 -63 77 -95 -88 84 -22 
-39 -76 -34 -2 75 78 31 -41 -79 -40 63 -67 42 -42 -4 -56 -74 62 -70 51 -21 76 -86 -95 -34 68 -49 80 -62 51 66 -64 -52 37 42 8 -52 -75 23 95 -26 -3 21 -29 60 -79 -12 17 -71 33 -20 14 -75 35 -78 11 94 2 -35 -54 69 -62 99 -79 99 26 77 -11 -70 -17 -67 75 51 28 74 92 -85 62 91 57 42 -61 11 -100 50 69 -43 -74 88 20 60 -81 -67 65 -57 73 -10 -42 -97 -28 -32 14 56 
82 58 78 97 -29 -5 -30 47 -58 84 58 67 22 61 35 24 50 -56 -15 -10 -45 84 52 -50 94 18 41 60 34 -50 -66 -7 -28 80 49 8 11 1 64 -57 -92 -64 -30 60 -28 -88 93 -23 64 -30 -49 -67 100 1 -59 -28 66 43 -49 28 -77 -24 27 20 -50 -67 24 -22 13 52 -13 -27 -55 -25 45 -81 -10 68 38 -19 38 -54 74 -4 -9 -29 29 56 -70 40 75 -30 12 14 -11 -42 -67 -28 -58 -33 -92 -78 27 
-63 -80 -81 94 -100 54 40 -10 -68 -42 82 57 -42 -47 3 56 38 73 -68 -57 88 50 41 -78 -14 69 38 -75 -91 27 -81 46 64 24 27 -5 -79 -53 -95 -38 36 -16 9 -87 -69 -92 -89 -56 68 -30 -77 90 71 39 -81 93 -39 -76 58 -24 -21 -97 0 19 73 88 -99 84 -44 8 30 45 51 -19 67 -90 -87 -19 40 -51 -9 -5 71 -59 -81 61 -99 86 20 -15 4 -24 -46 95 82 2 48 -82 -46 -43 -34 36 80 
67 -63 38 -96 -26 -7 26 96 -63 0 83 -98 -16 -44 -66 -76 -67 1 -70 35 7 -46 -84 86 98 -92 15 21 5 -19 50 -13 66 74 59 52 -67 1 -54 -71 97 4 -44 -74 18 -80 63 -15 36 90 -90 -97 21 -66 -46 -17 96 -52 -4 30 -8 19 -6 7 92 -29 29 94 74 -24 34 78 25 -89 60 -64 -72 -66 -35 0 -96 -16 100 97 81 -51 -67 64 -81 60 -90 37 27 60 89 23 -79 -37 -78 -92 73 66 -3 
98 -16 33 53 -96 53 -83 -47 50 45 -9 65 -55 7 23 -82 65 -50 -75 -43 -98 -66 -50 98 -56 50 96 -81 22 58 -61 -33 58 98 51 -84 77 -88 70 36 2 76 32 95 62 92 -6 -24 16 -3 -90 -58 85 -50 70 -27 -92 97 28 70 -81 89 -4 88 83 56 100 64 -54 39 43 -78 29 18 87 45 45 -38 57 -45 -46 0 -91 -8 -67 -66 -75 24 -29 89 99 -31 -26 57 78 36 -45 14 -28 -87 39 11 95 
-97 47 86 -4 -91 -79 17 -14 -57 -5 80 93 -45 -9 -1 -45 11 48 -43 -99 -72 27 67 27 -27 3 11 32 -28 -73 47 -29 26 46 90 0 -8 49 68 -95 -68 -75 -31 -36 10 97 -48 12 -85 -2 -38 -39 60 -56 -64 8 -22 -87 12 -47 79 -54 -99 27 51 55 91 -61 -45 -50 97 -61 -39 -90 -59 20 8 -98 18 8 89 -39 -21 40 46 -28 -74 -90 12 -71 31 -85 50 90 63 -80 -44 84 25 33 32 -76 12 
56 73 65 19 -42 27 37 63 40 -34 -71 15 81 -14 -36 29 -26 -88 59 82 -70 52 -78 60 -48 70 58 74 31 49 -25 89 -100 41 34 82 94 -90 30 96 71 17 80 -13 82 -72 -87 4 96 -74 -69 -51 -87 7 12 -78 -81 43 -25 96 -15 -28 67 90 61 70 53 -46 38 -86 -8 -68 93 65 89 29 14 11 -51 -39 -47 -38 -84 -99 -51 -12 17 51 22 -39 63 -28 48 17 9 31 29 -93 -94 -59 -90 38 50 
-67 -2 -71 -45 -40 -84 57 98 94 -80 -12 80 -98 -57 97 63 76 31 -1 -1 5 92 15 -93 -25 47 -25 12 -5 31 -35 82 -52 87 53 -42 -66 -18 -76 1 57 36 -7 -95 -12 -29 -27 -82 -4 -93 -54 -64 -82 47 -35 100 18 88 -68 17 79 91 -58 -79 -60 -77 -7 25 97 -79 -97 -51 -50 -78 -47 61 -72 17 -6 -47 -54 -60 94 -8 85 74 80 99 5 35 86 58 60 -1 64 -49 -34 -65 95 -19 77 77 -26 
-73 96 60 -97 75 -94 -51 -48 -48 45 -76 -65 40 -16 42 12 86 -11 41 90 90 -94 17 91 -32 -66 -96 -12 -45 89 -97 64 -82 58 -98 -35 -45 -14 48 26 -40 69 61 -72 21 -50 -51 -10 99 -28 78 52 22 -43 59 -69 86 -81 -40 -91 -24 -41 99 -45 -77 33 10 35 -79 43 -90 -79 29 13 -42 70 95 -3 97 74 -80 -71 -24 64 33 45 -66 5 66 -94 12 -52 -25 -80 10 -97 -8 -43 10 21 -21 -64 -36 
70 -96 77 -57 81 -79 -78 -45 71 -26 -71 54 -54 -18 98 60 -31 -20 -61 -75 -82 16 83 36 58 -86 42 34 98 7 -9 -47 -19 -94 81 -30 -37 89 11 33 -25 55 30 28 -27 4 89 -39 -28 0 -51 -2 57 -7 -36 0 21 72 35 -17 -49 -63 31 38 14 1 -37 54 -43 47 52 89 64 -80 -34 -74 96 55 65 86 -75 -25 -60 -26 97 -89 58 25 89 -41 -48 13 -49 -3 -47 -40 51 -83 55 94 20 64 1 
-55 -33 -19 20 71 -40 33 29 -31 -42 -69 98 -87 15 66 100 -24 61 6 84 56 -44 -8 72 28 30 -92 -58 65 12 -24 22 100 47 84 84 -33 22 55 94 55 -78 -93 -38 39 -100 18 -23 60 91 -27 20 -98 -100 -96 45 -32 -2 56 95 11 -50 57 -42 -18 -99 97 99 70 92 -91 -6 17 98 -28 76 -1 13 -25 -60 -67 -98 95 12 -21 63 85 -78 85 57 59 88 -48 -28 91 46 9 23 -99 42 -8 48 12 
-30 -8 -10 68 35 -96 -6 0 100 23 -10 54 92 -20 -92 50 26 53 -67 82 95 -64 -38 -48 2 91 -18 72 -61 49 -84 -14 53 5 79 34 71 80 76 85 77 62 2 97 -73 -52 34 -18 96 10 -51 -71 67 15 -14 7 45 -72 -82 10 -80 -49 70 2 35 -88 -84 22 93 39 -53 5 -54 23 41 -72 -6 -43 13 35 31 29 8 -20 87 -42 -97 52 -93 70 -90 -17 -96 -84 45 -12 -73 36 59 75 -48 26 -41 
-13 78 26 -46 -44 26 -2 -47 -20 -13 -57 85 96 5 -54 -29 -19 -80 98 -56 -46 -69 95 -68 -6 -92 13 -85 -98 65 -66 -58 4 -88 46 95 7 82 -43 -87 27 70 -93 33 -8 4 98 29 2 42 -13 13 14 18 -43 84 -11 -83 39 -74 -28 -84 30 -86 82 54 90 -88 -59 -3 10 -37 67 -65 1 91 36 -53 -26 85 -37 -96 35 -29 67 -93 93 79 -48 -78 29 0 50 66 64 -6 -7 -16 73 -25 0 46 -51 
68 -47 -11 -80 -92 100 0 28 20 -61 -86 64 -37 -93 53 -67 -67 -49 -5 -38 37 -2 -63 -13 14 -97 42 -33 69 -60 40 79 64 1 89 75 -26 98 91 65 2 -23 63 98 12 -91 40 -32 -51 60 -40 6 -85 78 -43 99 -67 -42 -20 -97 -82 -98 89 49 51 65 -5 55 -39 26 -11 9 68 96 40 -89 -22 -56 87 52 7 22 -50 21 56 12 32 99 -56 22 38 -67 2 25 93 46 -68 4 -18 58 -78 -66 -72 
-67 -92 2 -36 -45 -23 -76 -6 96 56 47 24 -17 49 93 19 -17 -53 55 42 1 -24 83 5 33 -27 7 -61 -2 -46 -97 -55 -16 28 -40 -88 -7 23 71 63 95 47 0 58 -92 -34 -37 37 -21 51 47 -42 37 -11 -74 -29 -9 -50 64 -66 13 -89 50 -95 -25 55 73 14 79 -71 -50 -80 -94 -40 -65 -55 -70 33 81 29 32 -55 90 47 39 76 -57 -14 62 71 1 -82 53 45 -5 61 -19 -76 16 -5 -14 80 98 
-38 2 19 -92 -94 -23 -16 -39 -50 32 -43 99 -2 91 70 -81 29 -12 93 -49 46 -78 80 -47 33 46 20 93 93 -14 11 -1 -5 17 -85 96 -75 13 28 -44 66 83 71 29 -71 17 4 82 -78 66 -52 -55 32 -45 -28 36 -75 -62 77 80 15 18 23 -40 0 -68 57 -68 -67 71 46 -46 30 -19 86 -7 64 -84 34 -75 -84 27 -69 -56 74 -14 11 -70 -76 75 -3 55 69 -92 -18 45 56 -44 28 -85 -74 56 6 
21 13 13 -63 63 66 42 90 82 -66 -51 36 -75 61 -39 -10 -17 62 87 -67 -45 84 1 70 38 18 76 77 -79 -22 -20 50 -86 65 76 -48 86 -37 2 -86 71 65 91 0 -77 -97 -9 82 74 33 -33 -22 -22 12 -91 65 -20 -85 18 -83 34 82 -71 -97 -64 -20 -31 -76 -22 70 -37 -38 45 0 -52 15 80 99 -56 -24 -22 -80 43 -78 -97 65 -4 -74 37 53 -20 52 -51 -5 -47 -39 3 -55 47 15 31 -95 71 
-51 -37 26 0 -26 -75 -100 39 24 31 63 -62 -85 -92 27 24 -92 77 79 -84 -43 31 -88 -60 -66 12 -12 59 33 50 4 -75 -40 -96 -93 -41 100 -59 -48 -42 -5 26 47 68 8 -81 -85 -74 15 91 -90 94 50 -7 -66 -80 33 -24 -42 82 36 -49 74 -81 -100 77 -74 -78 -45 -48 -45 86 -58 -89 -69 -48 -18 30 51 8 -41 17 25 59 9 87 67 92 61 -51 14 56 -44 45 99 37 -38 -57 65 -26 -16 -17 -47 
-98 -72 -70 -98 86 19 -22 86 -42 45 14 -44 17 80 -86 -76 -65 -62 -28 37 -42 -42 -79 44 -90 86 57 -66 87 83 -90 57 100 56 52 -46 15 5 -17 -1 -1 54 -69 3 -70 -16 49 -93 50 90 -44 -49 -81 -38 30 41 -9 76 18 -32 80 2 -75 -20 -36 -34 46 4 20 28 87 81 43 -39 79 -40 -81 60 -81 31 -77 -37 -53 -24 95 50 -89 35 -20 -76 -26 -62 17 40 -9 -29 -78 88 -98 -64 -99 56 -92 
46 90 59 51 -62 -10 10 67 -22 -24 64 17 -21 18 -10 59 -84 -88 -65 58 -6 22 48 59 96 -38 -94 -57 71 -66 57 -97 36 -76 98 44 19 15 -16 11 -36 95 -86 35 -39 -90 -4 99 55 -87 99 -44 -14 25 89 -19 81 3 81 23 -25 70 -44 90 99 66 92 25 50 32 12 -68 -85 25 33 -72 98 76 -48 -1 -79 -97 -75 -29 -57 -71 -92 81 45 -92 -21 -67 -63 45 -20 17 -95 56 95 -47 73 6 -81 
-28 10 72 39 -92 56 -1 71 87 -31 24 -26 20 45 -35 6 74 45 -65 67 86 85 -43 -9 -32 45 4 -13 97 88 4 -45 90 88 -54 23 -54 -77 78 13 -53 -12 -89 -53 -40 -51 2 -35 91 -37 -21 66 -45 76 -15 -47 91 -41 78 -70 97 52 -67 46 99 -83 -76 52 -89 -94 -86 -94 -63 30 -51 77 72 -90 7 89 -99 -91 62 -97 -3 -79 -21 -6 -86 -96 -15 -13 -59 22 43 54 -50 -63 6 78 -98 -54 -16 
-88 81 10 -94 -83 52 -46 -91 46 49 57 3 -54 79 37 95 96 61 -100 66 -91 27 71 -58 -26 53 -50 25 -63 -49 -46 -32 -61 -83 -86 64 -54 -29 92 62 -33 -27 96 93 -32 -17 -73 45 84 17 5 67 -61 -76 53 -77 -16 -20 -9 -29 8 -33 5 60 -33 43 98 71 64 -6 93 -47 -97 2 81 -99 -99 20 44 6 -11 -85 36 -69 -25 47 95 -88 -31 23 -99 7 49 0 -36 -60 -94 -96 80 44 43 -44 -2 
-73 86 31 -17 -68 74 -24 36 -19 19 -22 -44 19 -93 62 -20 -35 69 86 -72 50 53 -7 16 -80 -25 -72 -16 -2 42 -91 -61 94 95 -35 -8 60 -22 61 -90 -87 41 13 -85 92 70 55 15 96 38 -98 21 93 82 13 18 55 -91 12 -72 -43 -89 -75 -53 -53 -13 -91 71 -80 84 83 -6 73 -79 -24 -52 -24 -3 -53 85 -47 23 27 63 50 9 10 -28 -71 -14 -12 99 -37 -88 62 -30 -15 28 -83 -90 88 68 -7 
-42 -18 -100 -68 83 -1 -82 53 -62 72 75 -26 100 -69 -96 -43 -40 -89 91 17 -65 -96 -24 -59 29 25 75 26 42 -12 1 -55 -14 -86 97 -11 56 47 -60 -53 73 -74 54 36 -7 100 67 33 51 -26 -14 -10 98 -5 -19 -9 -67 -24 76 -84 91 63 -2 71 -91 -12 -46 23 87 88 22 20 37 -39 -69 62 -71 -50 53 -94 -81 89 -24 61 89 -72 25 -6 -65 -42 68 -43 44 -79 -32 -73 -18 75 -19 -69 -41 87 94 
48 85 20 84 -55 55 -23 -42 -61 86 -11 87 -53 14 21 0 -97 88 -26 89 -35 -92 27 -12 65 31 60 -85 -74 8 -29 61 94 8 -46 -67 -8 -91 66 -65 -62 79 -99 21 -47 46 37 -25 69 100 -69 36 -46 32 41 -80 -93 -62 -31 -7 54 72 38 -97 -76 -89 78 -71 83 94 -42 -77 55 0 50 -9 -41 -81 -40 30 -74 -5 -33 -61 51 -39 91 60 -49 -50 38 39 -97 -7 67 -37 16 59 53 75 -29 78 62 
-45 -43 -27 74 27 94 -5 84 -9 -8 -95 -30 87 1 20 -7 -87 89 -29 5 -95 49 -63 -75 76 -84 -72 22 47 30 -2 -31 85 94 -50 -74 56 -89 41 1 -78 81 85 62 -91 -11 -77 -89 -81 90 -20 45 -57 -24 -40 76 86 -54 -66 -79 11 -76 -3 25 88 -80 -12 78 -86 -44 -14 18 -82 73 48 -87 -81 -53 54 -43 -47 -36 -66 27 67 34 -63 72 -87 -83 -7 89 33 -10 -5 -42 34 -73 -60 54 28 89 -52 
-84 -46 -44 77 -65 57 -66 79 79 -48 80 -1 -35 47 36 -96 71 3 -22 -24 -98 76 40 -41 -51 -71 -69 -27 -71 68 84 -29 -64 -71 -31 65 -58 40 97 -15 55 100 55 11 36 -99 28 4 68 -83 30 -4 21 -100 -83 -94 -22 34 56 -64 57 39 56 49 -40 -69 -40 64 -5 -20 54 98 58 19 -79 60 -55 -35 7 -19 56 69 75 -19 -3 3 37 49 -55 1 -8 -30 -51 32 46 -96 -87 33 -39 79 -28 -11 -88 
66 -67 -28 0 21 62 58 -94 57 60 -55 28 -66 -13 -97 66 -28 -72 82 -11 -44 46 12 93 51 69 6 -81 -90 -44 58 -42 91 -99 -23 -55 -58 -4 -27 -20 -65 35 27 -84 30 52 16 -9 -85 -34 68 72 58 38 -75 -90 -87 25 -61 40 100 13 80 79 6 -41 72 15 -13 -98 -23 -41 -56 -99 -12 37 44 91 -18 90 78 66 33 49 11 -30 32 0 83 -77 -50 -2 -85 -23 92 54 -32 23 55 -3 -16 18 -77 
-98 58 89 -4 -93 74 -35 -74 70 21 -51 22 35 -54 -91 -82 -76 -26 -99 -97 -97 43 84 6 87 37 -87 -33 -87 72 80 -26 -33 -49 63 51 -28 93 14 22 69 57 -81 -61 -24 66 -67 -22 -90 -74 -71 94 -18 79 -42 18 -52 14 -70 -52 -11 14 80 -10 -68 -6 68 -90 100 86 1 44 32 -18 -87 -24 -19 48 -60 74 -37 50 -68 -39 71 -43 -4 -48 -84 39 19 43 38 -92 -4 78 86 67 3 61 91 36 -91 
18 86 -7 76 -51 7 -89 76 70 16 15 -47 -19 -81 94 58 79 73 21 -23 -29 -84 3 -86 -92 60 -78 2 -25 -26 25 -85 -44 -6 43 -79 -30 54 -48 31 -7 35 -3 90 93 7 -36 -2 24 48 -59 -41 7 -98 -82 -32 35 -7 -34 -89 -32 60 42 11 5 -81 -58 20 25 -92 45 -36 20 9 -4 79 -15 75 41 -37 52 20 41 -86 69 -20 76 80 -10 -18 37 -36 -66 -12 -90 51 11 -47 -5 -40 -9 -98 15 
-70 35 -48 -19 59 -9 59 68 77 37 -79 -79 26 -35 6 24 62 -21 -95 -48 -98 81 81 16 5 56 56 70 -54 61 -30 -80 -53 12 -17 -53 -80 -72 -99 98 82 5 -12 -9 75 3 -22 82 75 -53 -1 54 51 -100 -65 10 35 68 -27 -81 74 52 -37 -86 67 -14 17 53 -63 98 5 64 -18 72 20 71 70 -96 -56 26 43 -94 47 -33 80 -60 -20 -97 18 -15 3 36 78 26 22 -95 74 -24 -5 -34 47 31 -81 
63 88 -2 -60 -14 -55 37 4 -62 -27 25 -82 17 -73 -1 66 95 1 -90 -61 90 -82 41 2 -90 -100 -94 -36 -60 92 -4 -82 24 -96 -63 7 -70 69 93 50 -96 -58 23 35 5 59 29 -86 -11 56 64 -27 -87 91 15 -46 -50 69 37 97 -39 25 -95 -41 91 -16 7 30 -86 -76 92 -39 -76 22 99 -30 81 31 70 -32 46 8 72 67 -20 70 23 -83 79 87 -23 69 2 78 72 38 36 18 -2 84 78 5 83 
31 -33 84 93 -16 46 53 -74 83 -29 -81 -43 -71 54 21 -44 53 74 -20 21 69 -82 -27 -75 -82 -10 -18 -41 32 -57 -74 12 41 44 -57 39 91 90 -59 -64 -29 36 -8 -31 -73 -100 -93 12 -95 -6 39 -88 19 -7 -76 -21 -40 56 90 68 -3 -17 -44 93 31 -80 23 9 62 2 -25 -16 54 -57 27 12 39 -80 60 44 47 59 30 76 -73 69 18 51 -23 83 34 28 91 27 -93 95 8 51 -40 83 62 84 5 
-10 -54 -35 -92 -93 -61 31 -58 2 -57 -13 79 89 0 -11 31 32 35 -73 44 57 -20 29 2 85 -51 0 -7 22 -85 21 48 14 60 36 -10 66 93 33 -20 72 -32 12 31 -46 86 -29 -67 69 83 -23 83 93 -69 82 -52 -70 -98 -14 -74 16 66 9 38 -24 -66 -40 4 86 -37 71 -72 61 -24 7 -29 81 34 35 -25 -9 78 -41 99 44 31 -14 36 64 -28 -87 79 31 -43 -48 75 37 -6 -23 -78 -87 -12 76 
15 84 -22 -67 20 56 -71 66 -82 45 39 -45 29 -40 80 70 1 4 5 -75 20 78 -94 95 -81 54 26 -57 45 -72 70 8 16 37 25 52 95 19 -57 -60 34 -72 47 -36 4 -52 24 10 99 -61 67 46 32 90 -89 -15 83 91 31 -88 -12 91 25 -79 4 -13 -2 -100 46 -11 11 26 9 35 -34 -85 -99 50 -1 -99 -47 17 -89 -8 -95 -36 -15 35 -31 9 58 50 -99 68 11 43 -66 -70 -99 2 -93 43 -78 
49 15 -56 77 -31 51 73 -79 90 66 96 92 -72 -31 19 -71 -62 -35 -43 50 -18 30 -35 -45 59 100 -71 62 16 -75 -63 -4 85 -15 19 -85 -14 -5 -14 -65 -10 -54 -92 70 83 -100 -94 -57 48 75 -60 75 76 -93 95 9 -23 26 -81 -64 -18 91 -64 -37 -84 55 -97 -70 -75 40 -44 -95 -78 -98 -23 -89 -85 -83 44 9 -86 -51 -2 26 20 -100 92 -92 41 -66 -65 -79 12 -38 93 -70 18 55 83 -99 -99 23 -89 
-74 33 11 52 -16 -1 -42 -96 21 80 -21 -1 -2 21 -77 -79 59 -33 -2 12 74 -34 90 13 -42 -49 -23 29 -90 91 62 90 -34 37 32 -63 36 85 32 76 85 75 65 -97 -15 -41 12 -16 73 -7 7 -94 26 78 73 -49 -83 93 -62 75 44 80 76 9 78 -9 18 56 -21 -99 16 -75 70 -16 -3 41 -41 6 -36 7 37 -64 -64 96 72 -87 28 -83 -94 -83 13 -39 82 20 90 40 -46 -62 -39 94 8 35 -30 
77 -27 64 33 3 -35 -98 42 42 32 -20 -27 86 48 37 -68 -79 5 22 73 -31 -25 -25 -50 82 42 -60 -16 -69 -81 23 99 -38 38 11 21 51 -1 -52 89 93 -21 54 -17 11 -26 -99 -68 88 -68 -52 -65 -74 11 -80 -12 47 51 -35 23 -93 -86 8 81 18 -14 58 -33 -60 48 -47 6 99 34 96 -47 -68 -7 -2 77 42 91 -6 -73 -57 10 -61 -67 -98 -80 33 48 70 -95 87 43 62 5 -48 10 16 23 99 
-47 3 69 -82 18 32 82 83 14 -67 70 -71 -97 -75 16 16 79 19 -9 3 82 -89 -44 -30 7 64 -99 -81 82 -40 -55 -90 45 -28 -3 -1 -98 -43 -51 61 69 -35 -68 -51 79 17 -80 -12 2 74 21 20 -98 -65 73 -3 -74 -97 -3 -92 -73 -78 76 -56 29 5 34 19 -85 60 4 48 -28 23 -42 -16 22 -27 24 79 -76 -45 10 -37 47 62 80 -48 99 -88 54 17 -84 53 -97 -73 -34 -63 -49 -68 45 -21 -83 
-62 82 4 77 -16 -47 -97 -16 95 39 -57 29 -63 -57 -36 -100 40 -36 -45 -6 9 -100 60 -27 69 79 89 15 -10 7 30 -97 -47 51 -10 51 -21 63 60 52 66 -30 -83 -59 -20 53 -55 19 58 -62 -49 -18 -47 76 -77 -81 -24 59 6 -24 83 11 -69 -8 -8 88 34 0 -46 27 -23 40 -68 -47 -52 43 6 -20 -12 -6 -61 18 -73 -34 -45 85 39 48 -17 -4 48 -65 -7 -96 83 19 -88 64 -64 83 -8 98 -78 
39 81 -51 23 -15 64 -100 54 -42 30 33 -31 -66 14 74 8 16 88 -39 -83 -39 19 -49 41 13 -78 12 21 58 50 -61 -55 3 -16 72 -100 72 -12 -43 -45 21 -12 -86 -52 -35 19 -56 -32 61 8 -90 -67 -60 4 -11 -60 -6 -6 -72 69 -93 37 93 -24 -54 -18 -45 48 88 -38 -37 18 50 30 -39 -56 3 -29 50 -36 83 89 96 49 23 88 55 15 22 -64 54 -54 -52 30 -25 -9 -53 -82 -65 56 -54 18 89 
75 -89 82 77 1 28 -49 -2 55 -30 -21 100 15 0 16 61 -92 64 44 -83 83 -60 -48 -80 12 -79 68 19 -8 -70 -49 97 -48 42 -65 -8 -73 100 -49 -60 -31 -20 13 -83 -18 -15 -30 -24 43 41 59 -89 6 94 70 -51 28 0 22 14 78 88 -19 8 74 21 -35 74 -30 44 -89 21 49 -85 59 -28 55 68 2 55 26 14 55 -82 15 -82 -89 -73 -46 -77 64 -47 -96 83 -34 -27 21 -20 90 58 100 -39 68 
-86 -19 53 -80 -78 83 77 0 85 -42 49 -25 79 -83 74 16 -90 8 -55 -51 79 75 -56 -84 75 57 10 99 23 -97 -65 -97 -85 -79 16 -89 -47 46 11 -6 67 88 48 -39 56 56 16 34 -81 28 3 -71 -89 79 71 -37 75 -48 60 -26 -58 93 7 65 -24 -37 7 28 67 -56 34 -49 -29 62 38 -80 45 39 83 66 8 -97 -8 -19 -59 -2 -13 -24 51 87 79 -21 -34 82 -100 -24 90 -13 -24 94 -8 61 -10 
18 35 -75 -89 91 27 -24 -64 61 -93 50 -40 24 2 0 -48 35 87 32 -1 -13 37 -37 66 -77 -78 -83 3 -95 -94 -4 73 31 15 15 21 -8 -86 53 -60 -6 -35 -54 8 -1 56 48 73 50 33 -72 69 80 -6 60 -30 -65 100 -100 11 -97 74 65 21 -53 -2 2 -63 28 -100 66 -2 3 -87 -34 -98 35 -76 -37 11 39 78 -8 18 -63 99 -16 -41 -19 72 40 4 -17 89 70 19 -15 66 85 -97 -80 -63 -93 
-82 57 -27 -25 -41 70 -24 -2 11 50 -51 -49 80 -4 52 10 19 -31 5 60 -74 -58 -53 89 -75 72 -44 -82 -100 93 -21 90 -1 -13 -54 15 20 68 -42 -47 -43 93 17 -73 -62 49 -18 55 51 -38 -7 -27 46 17 -35 -70 0 -78 92 -92 69 49 -1 -19 -16 45 -10 57 67 40 35 -25 4 11 -77 -59 -10 -89 87 -66 2 37 -61 25 67 46 71 -34 -35 15 96 -17 -68 31 70 40 88 -76 80 47 21 -96 21 
30 -6 -27 -78 64 -18 -70 -76 -87 -91 -81 -85 40 -90 -22 59 71 7 96 -69 -27 79 86 75 45 47 -91 56 10 -23 -97 -23 12 -60 48 -8 37 -49 15 -76 89 -55 64 -12 -51 75 -34 8 89 -76 -19 -24 41 50 13 -28 75 -12 -61 3 -94 -68 66 -12 35 -2 -58 -40 -54 53 53 -2 -85 -70 97 80 71 17 91 -95 -33 58 -54 66 48 31 10 50 -1 75 96 -28 -7 90 67 65 50 55 -16 96 12 -15 48 
-49 -34 97 -38 32 -83 -89 -75 48 -41 14 53 83 73 50 5 26 -51 -93 9 27 -20 -87 -9 -78 3 7 68 15 -19 7 -3 24 -70 72 40 69 -42 27 92 93 45 -19 -36 -49 -66 -68 41 95 68 -78 -61 -11 -42 53 38 -66 -87 -48 84 -33 86 98 42 7 -2 1 -51 52 -43 90 83 32 -77 -70 7 39 97 11 -10 70 -79 -17 18 55 4 77 -19 17 96 25 -29 16 -47 -95 -96 -51 -60 -45 84 -60 -83 -45 
1 -27 15 -38 8 62 85 -63 24 -89 -95 -82 -76 8 -34 18 -77 77 -3 -60 51 4 -65 -45 92 94 -38 72 -63 46 1 -78 -97 43 -99 -66 89 35 -10 -41 62 68 -90 -90 70 -86 31 -21 52 54 -13 89 -70 -23 -9 71 99 -13 61 -25 -5 -70 -94 -99 -97 -62 -89 -55 33 -55 -26 41 76 36 18 -81 -40 -52 -38 7 -11 -81 57 30 -59 -21 78 -26 20 45 55 40 -66 63 -81 30 0 -89 -56 37 55 59 21 
-99 25 43 78 -79 22 -42 -29 17 49 70 -83 44 48 -45 55 -49 -87 15 -32 24 -23 -91 -82 38 -57 -2 -49 8 -5 47 -64 -6 -6 -48 -6 22 9 22 16 -55 83 -21 19 -13 87 34 54 73 71 -40 -69 -96 -95 -9 -37 62 -15 28 -9 -1 -79 54 -58 12 -88 -23 -38 34 -31 71 81 -57 80 41 -93 -11 80 -39 -64 59 38 41 43 77 -63 -37 -23 -89 -73 30 1 35 1 86 70 24 28 -21 52 -61 40 74 
75 4 66 -25 -93 67 -22 -30 -9 82 -47 -49 49 54 -1 18 -32 81 34 -80 94 -56 29 -70 -2 91 -40 -29 88 57 4 -67 23 35 0 -28 -59 77 28 -7 64 13 -30 -73 -78 90 23 -31 -3 -89 3 -13 -92 -78 33 4 -56 -83 -90 55 42 44 -18 -66 -77 54 -32 -100 75 -14 -32 16 -35 -79 9 -56 28 93 -66 44 23 -93 57 -51 55 -14 22 -14 -57 -73 50 -34 -34 -39 -75 16 -60 -14 -25 -95 -1 28 97 
75 27 -54 -12 35 71 64 -88 -92 60 -5 31 73 -53 -77 -71 71 -19 24 -42 -2 25 16 -50 -63 19 86 92 -86 94 28 -24 42 26 -60 34 5 31 34 98 64 -51 33 -60 55 31 -34 -67 -46 23 31 56 -67 -16 -35 72 70 86 -44 -11 40 67 -35 -46 9 -40 -25 75 -32 -99 -35 69 66 50 27 88 -80 -83 -25 82 -49 89 -88 -26 -34 97 58 -72 90 72 -7 36 88 76 52 -31 -49 93 -32 -39 21 -60 8 
-88 12 43 -14 51 -72 39 -1 -60 43 22 23 69 -31 -65 77 10 34 -82 -70 28 10 44 50 22 -3 43 81 68 95 79 -35 -85 -39 -98 -66 -33 45 -78 78 92 -58 -87 -57 26 98 87 -26 -84 67 -45 59 33 67 85 58 42 25 56 76 -81 95 -41 -76 57 14 -68 19 -59 83 85 91 23 57 -85 39 -36 6 -24 -46 37 8 15 94 -31 -71 30 -66 -93 15 -43 -45 60 17 64 86 -90 -18 17 -30 -48 -3 42 
-13 -58 11 -96 8 -27 -60 66 -94 41 -35 65 68 -55 -2 -26 -18 -33 -19 94 -96 -66 2 75 -93 -45 -42 -7 55 83 -48 46 12 -52 -32 -9 -52 -53 89 84 -24 49 37 84 -80 88 51 -91 83 14 4 -91 12 69 14 -15 -39 -6 -14 28 40 48 42 79 23 78 8 -16 -78 17 -84 -86 -61 -78 -36 97 70 -24 -34 -66 35 -42 99 -50 3 -40 -88 29 85 -22 74 29 -7 0 87 -22 37 -98 -92 34 -19 -43 -94 
-13 23 68 -96 -94 22 20 79 55 94 7 -23 -84 98 18 93 -32 12 44 59 -55 -6 75 -68 68 86 4 32 -7 91 -42 -17 8 -38 18 -46 89 -35 41 -5 -100 -85 -60 52 -72 27 64 -27 52 -59 3 23 65 -65 -29 23 -27 -11 -52 -36 -89 71 24 -57 -47 73 81 -8 27 8 -4 -94 -8 47 44 84 53 -20 -20 -50 -24 -18 96 -8 -53 -19 -27 -81 -12 -59 42 -37 -67 -24 -32 -84 57 -55 -91 -24 -82 -57 5 
7 72 -69 38 -90 -12 -44 -77 51 -84 -58 -59 57 52 -34 -54 -41 -19 11 84 47 40 -45 4 88 -57 -39 94 2 -37 -37 -75 -44 -70 -49 -34 87 -41 -56 82 -99 16 -61 -31 -36 0 -93 81 -51 -1 -38 49 58 -62 87 -27 100 20 -68 19 25 -76 -58 27 50 -50 36 -77 44 -30 -83 -7 94 92 58 76 85 -65 49 66 49 55 34 -78 59 49 -51 -84 60 -34 53 49 -12 77 32 -41 -16 -100 -37 2 -43 68 96 
19 18 51 29 70 99 -27 71 -45 43 29 87 55 -96 -8 -26 -53 -18 20 89 78 -88 75 65 75 32 36 -78 75 99 18 25 22 -3 70 -44 -43 55 35 -13 -44 -51 -9 -33 -69 -57 -36 -80 -53 -11 -35 70 1 52 -44 20 -52 3 -42 -84 -11 79 33 -69 95 -19 36 58 -11 -36 32 100 -76 -25 37 -66 -97 -54 71 -6 27 90 -73 70 62 -3 -35 59 -7 -24 -69 35 -45 83 -79 -20 98 -8 -49 -38 71 94 84 
95 -75 43 -1 0 33 25 50 80 -90 -30 -49 -9 -91 -46 -86 55 78 -90 -51 10 48 -44 -67 -28 -48 -60 -97 21 -25 -41 33 50 -56 27 25 -10 10 9 -7 -74 -25 13 -44 41 39 70 64 61 -9 28 -31 -9 -7 12 -26 35 90 -69 44 70 62 65 -9 -23 -72 9 73 63 -82 -72 -33 88 28 23 57 -92 -60 32 -8 -41 56 82 -62 12 27 -97 -25 8 42 96 -25 58 14 41 38 -23 14 -61 -25 -2 86 47 
30 -85 23 91 71 27 79 12 80 3 -10 84 93 -35 34 70 30 -30 64 9 69 26 19 33 1 84 43 19 28 51 -74 -99 43 -32 23 -42 -5 100 33 -15 86 92 -81 -21 -54 -22 9 82 73 8 -22 36 20 58 -27 -21 -14 -88 62 -63 88 -34 -32 49 86 -88 -93 20 -95 -97 -30 1 39 -68 34 -75 -47 -11 -50 -21 -59 82 7 -82 91 -79 78 -51 -19 10 7 -65 51 16 -73 6 -47 43 15 -74 92 -93 -75 
-30 -27 93 -1 -33 -93 -73 25 -52 -24 -19 -23 -66 -10 38 9 -35 29 100 86 15 -11 39 65 -40 -72 92 -14 24 -2 19 64 50 74 36 11 -29 -81 3 -35 -60 -55 -70 -88 45 -4 95 82 40 8 -76 23 81 14 13 -18 15 -35 -84 92 -98 69 -60 1 59 -33 -54 50 -3 -69 -16 37 83 72 72 98 -81 60 -73 -66 -11 -66 -51 17 -20 1 -76 13 -89 50 -32 57 -76 85 16 11 -16 -24 -61 88 39 0 -9 
-11 -22 -81 61 -20 -47 -1 -49 -41 -36 -73 49 -37 -84 -55 66 -51 30 -59 87 -21 -44 3 -74 85 11 -34 9 89 -3 31 -69 -23 55 -58 41 97 49 -18 -86 -49 69 41 56 82 -34 21 91 -98 16 69 -65 88 41 -97 -75 -22 54 -42 62 -39 -31 23 -48 -83 -4 -6 -80 28 2 95 -57 57 31 17 -96 7 -24 -28 90 -84 100 65 57 90 71 29 34 -37 -45 30 -8 5 80 -86 -25 -43 -26 -62 -66 -55 48 1 
12 -60 61 89 23 91 2 -36 -78 -97 -26 -88 -86 -31 94 -78 14 67 42 -15 33 65 -85 90 6 40 9 -66 56 17 -41 86 10 -5 -23 22 -26 -32 -21 14 -71 -13 -82 18 66 -81 81 -76 -92 62 -61 -39 12 71 12 -63 26 -21 -61 -37 45 15 9 88 -23 -25 10 -100 53 28 -5 -27 -10 15 93 -47 -38 -80 69 64 54 -52 -54 -91 22 92 91 25 52 69 -83 -18 -47 36 -15 -32 36 -75 16 -55 -29 -98 -14 
-1 63 -68 -34 -25 82 12 19 46 -87 85 -70 53 -47 -28 45 17 87 -31 57 -79 0 13 61 -75 99 83 -68 -17 -98 -90 32 -70 79 -27 19 58 -56 -93 49 -97 40 61 -34 75 -14 -18 31 9 -15 20 -87 6 -85 -49 -70 -21 65 -39 36 -100 72 -31 -67 38 -41 58 30 -90 3 92 28 -71 -8 -30 98 -9 46 2 -95 63 -94 -78 68 75 -97 -55 -60 68 -3 79 46 -11 -5 -92 84 44 -14 68 -67 -98 -27 -20 
4 28 -8 -30 4 -67 -29 -81 -80 52 -63 14 -65 -31 75 23 -10 -93 33 59 -77 32 -85 -44 -80 -90 56 -27 73 20 30 97 84 -47 -64 -49 -67 35 -56 62 -93 11 -51 51 89 -80 -8 79 32 7 -67 64 -26 -13 -2 -25 29 -60 76 -69 -42 -56 52 68 99 -97 96 -13 84 19 31 -60 29 96 -27 36 94 -91 -10 73 -22 -36 -91 -78 -59 -4 -40 70 -35 64 99 92 28 48 85 -65 -71 67 18 92 -42 -10 -66 
-71 -35 86 18 -95 69 21 9 -76 72 0 36 -25 -97 54 66 44 40 19 -2 28 22 -85 40 87 -42 10 -28 9 23 86 -90 8 63 -81 -3 -90 -46 26 -4 -77 6 -26 -100 65 -81 51 -44 -17 -83 29 -63 21 -4 -14 66 -100 28 -24 89 -32 27 -37 93 -63 28 56 -51 -94 -48 -47 33 81 9 -42 -67 -95 12 70 -59 -16 -75 -80 -79 17 0 -84 18 63 45 82 53 -91 79 65 87 49 -25 -34 -24 36 35 -11 
15 -100 -72 68 20 33 15 12 29 4 36 90 94 37 7 75 -61 48 18 2 85 29 96 13 11 66 -28 -82 65 30 -90 -31 73 89 -68 9 -46 89 -99 -21 -83 -82 96 59 25 -82 -1 -64 -16 -36 -97 -28 -79 -98 94 77 74 95 -59 24 -73 -15 19 50 -67 38 4 45 -34 -57 -24 -77 23 -56 -17 -24 83 52 0 -22 -86 81 90 82 47 -90 60 -75 33 -7 56 -13 86 70 -70 17 -23 47 -39 -42 -10 91 -1 
-34 -81 61 25 65 -95 -51 -79 72 -60 -52 -33 -33 62 63 14 -96 -6 1 -4 69 12 12 24 75 -60 -91 13 98 15 37 73 31 -34 -88 24 -42 -50 -91 -43 64 -29 11 -32 57 -43 11 -51 45 2 -85 42 95 -85 -49 -82 27 -98 -1 44 17 -34 64 67 -9 95 4 48 -11 -53 17 -67 -32 14 -33 -80 -30 76 -40 -33 -59 6 -37 -65 -19 45 -69 -12 -69 -70 -38 39 -5 -74 36 93 -17 -64 -84 -58 -89 78 35 
