70 99 19 -12 -13 73 -15 -18 -24 -77 5 53 -45 71 -69 -61 -55 -64 95 -23 63 40 70 -58 -88 50 -3 -68 42 1 22 -38 -21 -62 51 -67 47 -72 -55 -26 1 19 -87 6 94 -47 37 -73 -98 -79 -57 -20 -23 89 -97 41 34 -40 -62 47 75 20 -53 42 1 78 66 -87 -20 -82 -9 -17 51 36 
-57 -81 79 -58 -41 -91 -29 -66 14 -44 83 71 -34 -38 -34 -51 -89 93 -21 86 -67 96 -60 -31 75 88 19 -6 -37 -5 -80 -93 -1 -87 4 35 -63 -3 100 81 71 6 -98 -13 17 -98 -43 -95 88 -22 -65 -67 79 2 61 -61 -52 -20 98 -38 -96 -22 40 35 -56 -44 -67 74 -77 -19 -73 -66 62 26 
65 -75 -34 60 3 40 -64 -2 24 57 -15 -18 -59 41 -75 87 10 11 88 100 20 32 34 -23 -30 -7 -90 97 -61 75 45 32 76 -20 -3 40 56 12 14 -67 -19 49 71 35 -46 -14 90 70 -23 2 60 -9 59 -1 91 -37 74 22 12 1 -1 -89 -63 -22 -92 62 73 -19 97 14 52 16 49 -71 
-53 47 -68 23 22 13 -62 -64 -57 -78 -92 -33 -6 30 -19 -71 -79 61 -19 -14 -45 14 -60 -8 52 -5 -6 20 -24 -89 -45 -86 47 80 -93 -46 61 70 66 38 100 75 -46 22 -47 -60 -24 -63 29 92 90 56 -72 20 -86 -35 97 -32 -79 -5 25 -81 -47 73 52 -89 -11 -95 99 -30 -100 61 3 72 
-91 35 2 -16 -79 15 58 -27 -64 51 56 94 -62 -81 -22 -67 16 65 -11 0 -77 74 77 22 14 -79 -72 -86 -93 -37 27 56 -85 -56 -29 57 29 -55 -86 50 -8 70 30 64 70 -36 83 6 0 -3 -90 -45 -3 18 -32 -15 85 -26 81 -17 -95 56 85 -68 8 -69 36 58 96 -73 67 19 -56 -1 
62 -56 79 9 -85 89 33 -57 49 -53 -62 75 -16 -8 34 -60 13 -68 -41 -33 -64 -5 -3 96 44 76 34 41 21 -48 92 69 67 84 99 66 48 36 -73 94 -43 71 95 -20 5 87 -27 44 -70 -47 60 34 -100 -19 -47 -70 -93 -94 10 2 79 1 -13 75 -46 84 66 -61 17 90 -39 -11 25 -99 
-87 -46 75 39 -35 73 -83 -85 -45 -48 88 4 -91 -54 -10 46 -24 -63 55 -15 68 -48 83 33 -75 -53 72 78 89 -50 80 -39 -81 87 -86 17 90 -99 -52 79 23 16 23 -87 27 -7 98 -29 -30 -62 67 -82 85 -97 5 -55 96 -75 -28 -17 -57 62 -89 6 64 -27 26 60 20 46 -93 90 -57 58 
-44 34 16 26 65 -49 49 -11 82 -79 -82 33 45 -79 92 64 71 69 -94 69 96 -75 77 -20 11 94 -43 68 -59 -12 66 74 -41 -68 26 -65 55 -65 93 27 -10 58 95 33 -96 -36 56 29 62 81 -93 94 96 69 -98 -85 35 -4 15 66 14 -43 28 -43 95 -84 94 52 41 31 97 -31 -10 -27 
-62 -70 5 -91 100 -85 61 -43 -11 -55 18 83 31 18 2 -93 -36 16 3 82 55 69 94 -99 -96 -28 -89 -1 77 -69 -10 97 25 -18 -42 -76 48 86 -100 12 9 10 86 -22 -93 -45 82 89 82 -4 42 47 31 -95 -55 -76 62 -83 53 -97 -33 59 24 -51 -33 77 -75 -90 5 82 1 22 -51 -14 
-31 -96 -49 -52 -14 -20 -1 59 -45 -55 37 66 89 -91 28 56 55 -89 35 -58 -4 -32 60 -51 -53 -26 63 38 -37 45 -27 98 -55 0 -57 -64 8 -52 -27 -56 43 28 -38 8 81 -8 14 3 -100 9 -73 8 -80 -72 95 85 21 -91 -66 9 -11 -12 -71 -54 -1 58 20 -9 57 -8 -7 -61 -49 64 
-59 -45 -98 94 -55 -6 -83 -84 45 36 -48 -9 98 43 95 -8 -22 43 65 10 -44 100 -94 68 -1 56 -49 -16 4 -30 -99 -15 51 -53 -52 99 -78 35 73 11 -57 -51 64 94 30 -25 57 39 52 76 77 -32 -10 -32 -81 -38 -1 -17 21 -30 -14 97 96 -95 -6 86 -40 36 -35 -33 -25 12 -41 -6 
53 -37 -45 -90 -51 -22 -44 -75 -5 1 -36 -89 -75 -50 -8 -35 49 -97 -15 -57 35 11 -60 -25 78 -87 -4 -82 74 -88 -31 -24 55 -70 35 77 66 77 -99 3 87 60 68 41 4 54 61 -13 -65 89 100 -20 -30 -28 -53 -39 -2 9 54 -35 -91 26 -28 45 36 -91 -23 97 -67 -3 -80 13 -64 73 
41 -4 -83 76 27 92 49 -37 80 79 -97 50 -2 15 50 6 6 -21 -33 34 51 -12 87 -16 -81 24 73 44 -48 40 -91 -43 34 -80 94 -77 -14 -89 -3 -69 -82 -64 81 100 -86 54 -83 94 36 87 -18 -7 -91 61 -53 52 -85 -54 97 -56 -24 65 -80 -86 -44 -40 93 -33 72 59 -65 92 -82 69 
83 -29 87 25 -64 -89 -76 15 87 50 -7 94 36 -16 50 -20 -68 26 -90 9 -59 -75 29 -89 -81 -97 -34 -60 0 -35 -59 8 -43 28 -24 68 -59 5 66 -53 74 57 25 -33 -41 89 -35 85 88 -84 -40 -24 -85 -75 -23 -8 13 -5 -53 -25 -81 19 83 41 -51 88 -6 -68 -14 23 22 -35 -2 49 
-64 -22 19 -19 -87 -34 34 -50 92 -92 -44 34 94 12 -11 77 -74 -65 -92 84 39 -63 72 -10 -58 -16 3 -68 -92 -46 -66 -74 58 68 59 30 -84 52 38 -56 -9 41 65 10 -74 -37 5 -16 -25 92 -63 -27 91 20 29 -53 33 18 45 -73 29 -62 -14 92 0 -66 -95 -11 6 -97 12 79 -91 32 
-79 -39 -17 -33 80 45 -50 -13 34 1 31 -63 -80 3 78 100 -76 -58 -69 88 44 47 -45 -23 46 10 20 -48 7 97 -10 -24 -4 -68 -75 38 88 -5 -7 -42 -37 -65 -43 -93 -91 36 46 -79 68 21 -37 -100 45 43 83 53 51 -52 76 -79 -75 -39 25 52 90 -1 21 -54 -48 -92 85 89 84 68 
67 -19 -87 22 95 -61 -23 89 -41 -96 -64 38 60 76 -63 -56 59 18 87 35 -92 -94 37 85 -15 -44 -85 -95 -73 -44 88 9 -94 71 -89 -63 -25 -40 6 -24 65 -64 -67 -40 -21 -21 -20 98 79 -30 45 55 54 -37 -56 -16 83 16 -35 63 84 18 15 100 -23 -6 79 18 -48 29 -9 97 46 -8 
39 -67 53 16 99 66 42 -72 -26 91 -30 72 -7 -34 19 -35 79 -37 82 -66 2 3 1 -58 77 -87 -100 3 -99 27 -57 58 48 48 61 78 3 60 50 -41 54 49 -57 86 -35 27 88 43 -30 -53 37 -17 55 -92 82 60 32 53 21 28 87 96 51 -3 -78 99 -85 96 19 10 -49 -96 -44 49 
29 31 47 75 11 74 -81 -53 39 -38 53 73 87 42 14 -9 -72 -90 -2 -37 -56 -62 99 21 64 13 18 85 -67 -59 -38 -41 56 39 -1 -35 -57 -56 97 24 -52 31 84 -91 -85 49 -98 -72 -39 -23 10 25 -14 -45 11 -6 53 96 -83 22 -44 -100 -49 48 33 -9 -44 -34 -47 -36 -39 -58 72 43 
53 30 -57 96 60 -90 -44 -7 -92 41 -77 -48 -45 -66 93 46 -51 16 -19 -73 35 -14 -79 68 -54 75 22 62 -82 49 -21 -35 77 -73 -93 95 30 94 -41 60 -63 48 -31 -58 -40 -36 -25 27 97 21 42 -30 -33 -14 7 49 -22 17 35 -81 -3 77 -83 -59 5 -41 5 -19 55 96 -62 -77 2 -52 
-23 -21 5 20 89 31 -13 -44 -92 -4 -69 24 -56 90 -37 93 -74 -59 -24 -81 -96 -67 65 -71 -62 -57 64 13 84 68 91 -73 42 -16 -8 -68 47 47 -31 30 45 -10 23 -100 44 83 96 -93 -38 -40 -55 -28 -82 70 -55 56 -17 -71 76 24 20 63 -3 -54 -51 -30 67 96 55 39 -12 -41 60 80 
50 46 82 100 -80 -99 90 30 57 -66 83 -84 0 56 92 13 83 -49 96 95 62 -83 -48 -24 -56 11 97 22 -8 67 4 96 30 100 -42 -29 -90 -37 19 -3 -88 -48 -78 -5 -11 9 67 -63 37 -82 -15 57 -30 58 41 -72 27 -27 -50 -14 -6 -81 -51 55 3 -57 -25 41 -73 85 71 28 -57 54 
38 91 89 -73 -68 13 26 -36 77 75 57 -37 97 74 -14 22 88 75 -90 95 78 -19 -59 -91 -43 -36 -1 61 -93 -57 72 25 -10 98 -55 -31 -32 98 -1 -52 13 84 -71 -22 34 46 -70 -59 41 22 9 -63 -3 50 -68 33 -99 31 21 80 -25 -84 22 -13 52 -51 38 53 90 79 -69 13 20 47 
-57 18 -24 -13 39 79 55 76 -76 -6 66 62 2 -63 67 75 -19 -55 41 -62 5 -90 -74 -100 -6 -39 95 -62 -8 -58 -4 73 -5 48 78 -36 -15 4 -86 -9 44 -9 42 59 -94 -33 -15 13 -39 57 29 82 58 81 -77 31 -91 -44 -94 18 -5 27 30 75 17 -34 -86 -10 -83 -11 100 -42 -45 86 
-51 48 75 -56 -75 -24 51 11 -45 89 -96 -2 -86 8 -79 -81 -72 22 4 -85 29 31 -4 83 -62 35 36 -17 64 -4 15 17 -92 -22 16 74 70 -93 -53 57 -32 -88 -77 31 -15 18 -10 -85 -51 68 81 39 -14 83 -69 -85 -12 -55 77 57 50 -12 33 -26 -58 -72 -27 -21 41 -36 67 -60 78 21 
88 -96 69 -43 -26 -72 -88 -84 26 -92 49 86 -21 22 64 -48 -10 -66 -28 -74 -84 -37 -58 -57 93 37 54 -70 38 36 -4 11 -48 -56 34 95 -25 -38 -71 16 60 -15 74 1 -67 -49 -31 -62 26 8 34 2 -5 -49 -93 -23 -50 79 -96 34 -41 -34 -36 -61 -74 -50 -56 -16 -81 -70 -40 -84 63 35 
95 37 -18 36 4 43 -87 -24 19 53 -56 -54 1 -60 32 8 43 -74 38 27 -58 56 41 77 79 -37 61 -4 -59 -11 43 -49 -83 -23 -33 -4 -17 76 52 -77 12 5 94 -38 -75 -93 17 78 75 16 -4 -18 -11 -43 40 -4 -33 -56 -80 -51 72 37 -90 -99 -71 -31 61 94 2 -30 -13 25 -53 -69 
-12 22 -37 69 83 -77 57 63 -100 18 97 90 -73 -81 43 -15 -100 -45 58 -8 -59 -46 39 44 41 90 -73 95 -43 -65 28 -14 -79 -16 -61 50 -50 29 16 -73 -33 77 -36 -71 -60 -57 14 61 28 66 60 14 -12 29 -26 89 92 53 40 -49 24 -95 -12 21 88 72 50 24 -50 -22 57 -16 -14 86 
-9 -93 -31 60 -63 16 -22 -88 43 71 -19 18 17 10 100 -72 -53 -64 -37 87 64 -19 -6 -33 -94 -11 86 -5 -96 34 72 -25 49 -41 6 -57 73 -33 78 -85 43 21 86 43 -3 -98 -24 -1 1 87 3 -40 -44 -37 46 -98 -46 92 10 -77 29 -17 -14 92 -37 22 -6 -53 -62 -77 35 17 -77 -18 
85 71 65 -49 70 -86 34 -18 67 52 -36 -30 47 86 4 -87 -95 -60 -1 -76 29 95 -58 -41 -96 78 96 -74 -97 -8 -99 -5 28 -26 79 -67 -36 7 49 47 -40 -21 0 -76 61 3 37 -48 -20 15 33 -19 12 0 -91 -73 -41 77 -18 50 68 -85 73 -21 9 100 -28 -78 -92 -24 -71 48 -32 73 
23 -80 -1 10 -84 23 -48 45 -34 -100 93 -39 -75 -76 37 -11 -71 9 -34 -28 93 78 48 75 -69 26 -65 -89 -43 -66 94 -60 67 98 -36 -36 -15 97 66 -13 -34 -81 42 96 72 82 -79 -72 75 49 -66 -80 -38 -98 57 -74 55 30 17 -13 -57 -55 -93 1 -24 96 22 -73 13 59 -7 27 75 -78 
-70 -9 23 -24 -14 -65 6 77 37 93 -23 14 -33 41 77 80 98 -61 -84 -57 -14 -38 -15 77 -75 -80 -21 12 -41 28 34 21 -66 -78 -75 -47 71 28 57 -20 -79 -98 20 47 34 84 17 -86 -78 65 -67 -90 67 64 -36 -65 -25 -59 7 89 -41 -72 -99 -23 21 33 20 -93 88 50 84 -11 53 45 
17 -76 0 5 -53 40 93 57 -10 -59 34 -80 -48 -23 -80 -7 29 -82 0 20 89 -47 -100 -67 26 -73 -20 -90 -64 -82 30 91 1 -76 -60 13 34 -51 -87 64 -49 30 -22 78 5 -66 -44 18 64 -98 33 -88 -53 -52 55 21 -47 -51 -97 -34 -83 13 77 -18 -26 -76 14 32 -57 97 -31 77 -59 -90 
-12 71 88 38 -93 -2 15 -69 -95 97 76 63 -60 51 85 25 62 -47 85 -31 66 -70 -72 52 -99 23 85 49 93 46 96 94 4 39 26 -4 -43 -43 -19 -72 -39 -75 70 7 6 -56 97 -4 -86 56 -16 4 -28 42 28 18 -54 -60 2 56 64 -23 -79 2 -34 -3 1 17 69 -26 -54 23 58 -91 
47 21 -5 -60 36 86 90 23 -10 -41 51 17 -65 -1 80 7 -41 -58 95 55 30 6 20 66 -39 41 41 16 25 55 26 19 -82 -40 9 -70 -17 45 -79 -72 -85 -56 -4 -28 58 -46 51 -79 80 -85 0 -9 -33 -99 65 6 18 15 17 12 -67 -44 -94 -44 -69 -24 55 -2 -66 62 -15 -76 -21 24 
86 -72 81 94 91 79 20 -46 -92 -43 -33 3 -35 62 15 31 73 -95 80 68 23 35 1 -86 54 31 14 92 -37 91 -48 91 95 30 81 82 -15 -19 51 -97 -53 -56 63 -91 46 -50 -75 3 -43 4 -84 -72 31 23 -25 22 -16 47 53 27 -39 -76 -53 22 -59 25 18 41 -22 -89 -73 -95 -77 -56 
59 95 -42 81 -72 -45 -82 -8 -35 1 9 -97 40 0 -11 -68 -49 -49 96 -24 54 -8 68 33 -42 36 -71 42 -88 85 85 -31 16 -71 27 -1 -84 -38 72 -46 -39 -75 -82 -11 40 34 60 0 2 41 -15 -20 -48 51 43 -85 -69 14 61 -96 34 20 -78 93 -49 -41 -33 -32 -31 -20 -93 60 -91 98 
-39 -93 8 -40 -58 -82 59 81 -75 -72 77 16 -54 86 62 75 5 5 -44 -76 46 23 -7 27 -13 83 18 -6 52 1 69 88 -98 -6 -93 10 18 -63 4 -61 47 -15 20 -69 -67 -70 -14 -55 -64 -56 81 0 8 99 7 1 -48 -46 -25 -45 -99 -4 90 -20 95 -50 72 97 -100 57 65 64 70 -100 
62 37 79 7 51 32 -87 27 3 -83 54 72 21 92 39 -6 56 82 64 0 -9 97 13 -36 -35 -76 -83 -14 -67 -29 -57 70 -85 -46 -6 -89 37 -67 -3 -59 64 -93 18 60 -19 -23 8 62 64 45 81 77 -69 46 -56 95 93 -11 -100 38 -71 17 71 -77 -68 -63 -17 23 -83 80 33 -40 -5 -72 
-63 -13 47 18 -44 56 -91 -25 3 75 -32 11 -60 10 80 -48 63 -27 72 -41 -21 -73 -25 -14 18 -40 100 71 9 -25 -87 9 -27 85 -82 81 -14 79 8 6 42 72 72 56 65 58 -54 64 86 28 -16 50 -29 -31 9 24 6 -75 88 -42 -73 -51 59 -55 47 -100 62 -53 18 93 3 29 82 -80 
69 -75 -36 -26 -96 46 40 37 70 70 72 89 48 -8 16 -98 -10 -30 4 -50 -21 -9 78 -50 57 39 60 94 -84 42 61 -89 -62 7 83 -74 -48 85 -28 -8 70 93 5 100 32 2 -44 -6 40 18 75 52 18 46 -8 -69 42 71 17 80 -71 59 -84 -15 -52 -59 -59 3 87 -20 -83 -50 -72 -57 
23 -83 -48 -87 -88 65 -32 -85 87 68 85 30 32 -67 -56 -27 -33 -60 34 11 58 67 35 98 -29 -73 -84 -98 -67 70 55 -17 -47 -91 -97 14 -67 22 -67 16 -3 58 -64 -28 -66 61 94 96 25 -63 25 -91 83 -4 72 -59 56 -26 -7 -91 -43 4 -14 91 -93 -83 46 22 23 58 53 -32 51 6 
-59 72 11 -51 24 -28 13 58 -1 1 -10 -16 -8 -31 -21 61 -62 -83 -13 69 -1 -81 7 -59 84 96 36 66 0 37 -86 33 55 75 97 -63 67 -74 -73 -46 10 84 -71 -39 -8 -12 -67 -12 45 -13 37 -87 22 -51 16 0 58 -82 -19 -70 -60 40 -96 -82 23 -67 -47 -49 -77 -22 -79 13 -33 -85 
-6 48 85 -45 28 -46 23 55 57 22 42 -31 -56 -43 -44 84 -29 96 97 14 1 68 53 -83 35 -23 81 -49 -86 -93 -56 -65 9 -21 -4 -77 -83 -27 -85 -7 -61 71 -30 1 -37 14 84 59 -64 35 -9 -24 68 86 9 -86 -36 -100 11 -20 -76 -20 -57 22 -50 -10 -97 -11 70 67 -35 -49 85 -97 
46 52 -75 28 53 98 82 72 -76 76 -90 42 72 38 -79 -12 60 -47 -64 58 -56 71 71 -40 14 -57 61 -47 -55 -18 -51 -77 0 59 -87 -9 -64 35 59 -54 30 49 -75 43 34 13 83 -14 -85 -22 -14 -56 32 -91 -100 -80 -5 35 -94 -84 94 -96 63 -94 9 20 41 -15 38 -24 -18 -27 59 -55 
61 0 -7 29 89 -46 82 -80 26 51 55 -28 10 62 86 -25 -78 74 62 -61 67 64 55 -44 15 51 72 71 8 5 54 -29 -7 -95 100 65 52 72 -42 58 -88 -46 -4 70 89 18 14 17 -78 64 68 -61 -21 43 -18 -85 78 -22 -35 30 61 88 -63 -48 84 43 -64 29 -59 30 -8 -73 76 -16 
47 -80 -61 87 -54 19 37 46 66 -55 30 -79 54 58 -9 -84 18 -71 -83 -84 -46 -38 47 18 -43 86 -86 92 90 20 -94 -54 -22 -25 100 -66 -63 27 31 12 57 -22 69 89 7 -70 1 53 85 -44 -7 -23 17 17 -14 -28 -34 26 -26 96 -71 27 -18 80 -82 44 64 -62 -82 55 36 4 -67 -39 
51 -24 -93 77 -46 -48 15 -65 37 10 57 -13 15 -40 -8 -64 -34 69 -47 82 -51 31 -15 -18 82 60 -65 78 30 -87 8 81 35 -89 56 33 40 -15 -81 -89 69 -12 88 -17 72 -37 65 19 58 86 -44 -97 -45 32 -40 68 -28 -99 20 -37 -62 -84 -27 72 -83 36 44 -92 -72 100 81 53 -11 -79 
-37 -3 -16 18 28 -8 12 -10 98 -63 33 86 85 -60 6 -48 -35 -17 -26 99 99 45 -23 43 -50 -44 -56 85 6 -93 -76 89 -45 75 -23 84 -88 -47 33 63 -35 -10 32 -46 -16 84 95 -82 -65 51 55 18 -46 40 3 71 -98 76 -70 -63 -31 88 -60 27 -83 42 68 66 -10 25 -95 -53 62 -23 
-90 63 -33 17 -90 -21 23 43 7 -45 -17 -83 -66 -25 -28 50 98 6 -60 56 -50 11 -70 10 -81 -65 -64 -96 69 -78 39 98 12 -4 -88 -19 -37 -9 46 -53 -3 2 38 -22 39 -93 33 -69 -33 -51 10 -61 34 -59 25 -60 -72 -93 32 2 -24 89 64 78 -38 67 66 -69 -54 16 99 -9 4 -67 
68 72 -8 -85 -95 -58 45 19 45 38 -99 -91 35 -71 10 -44 -85 -15 86 44 -27 -48 -52 74 35 85 -54 -10 -73 57 -91 -25 -72 29 -45 -50 -38 85 -5 55 48 74 29 -15 88 -89 28 -58 76 -52 42 -20 -39 -3 66 -66 -58 -94 32 21 65 61 -16 100 34 -60 99 3 27 66 -14 -47 41 -23 
22 26 66 -69 24 -18 -49 -91 -14 65 15 58 -47 -45 -27 15 36 77 1 31 -50 -80 86 -45 -25 -55 -78 -24 -56 -47 2 -42 -38 58 -45 25 -21 -74 -37 -87 -85 90 -84 34 -12 80 34 -26 82 -45 3 53 27 -37 -63 -28 94 41 -81 95 -24 -9 -65 30 -16 -23 -25 -18 39 -76 -96 -28 -45 -37 
-40 53 -30 69 -44 -50 -99 -12 14 98 3 -17 45 -97 -19 -28 38 -20 -52 26 84 -97 19 77 -67 -93 -89 10 70 59 -61 19 27 -99 -72 8 -90 -44 -60 79 14 -20 55 -88 55 -13 56 -16 90 1 -60 33 76 89 -62 -7 65 -78 -18 9 -15 -62 11 56 70 -4 -99 -39 -86 -89 -40 -68 -41 51 
-19 -44 -42 -34 -65 42 -18 4 46 12 26 71 57 77 55 -88 51 81 -18 5 -31 -92 -31 13 41 83 2 -6 78 54 -76 10 32 -40 -92 9 -46 -98 6 61 -95 -28 8 41 -23 30 -15 -97 40 -76 16 -3 86 -50 -11 5 2 -17 34 50 -49 3 -20 10 -40 -63 39 -86 17 58 39 -38 -65 -70 
32 97 8 -77 -81 -95 -86 72 -13 -63 -72 -44 56 -21 -52 -39 -23 0 51 -91 69 80 68 -92 95 97 16 -10 38 85 -14 -18 -97 53 -37 -68 -42 -82 34 -9 50 -22 100 74 -11 61 39 76 -82 -97 28 96 -28 -64 67 99 -26 -3 74 40 34 59 100 32 -23 -27 35 -10 -13 61 62 82 -26 85 
-26 -12 54 18 -13 -58 -54 -32 74 18 -27 70 40 65 73 47 -40 -100 -25 5 -59 63 -53 55 -90 21 -52 -90 4 32 52 76 63 -2 63 -26 55 22 -29 66 -86 99 56 -36 -26 10 98 -10 -70 62 -79 78 -11 -2 32 93 -4 91 -6 -82 63 -94 99 -54 22 -2 11 -22 -44 74 64 -53 6 92 
-42 -9 76 -64 -27 -93 -64 -12 -12 24 89 -92 -60 91 -8 83 65 35 -41 -36 -1 97 -16 95 91 16 -96 -36 83 63 -83 -15 6 43 73 37 -73 -84 -87 46 38 -55 69 -37 -10 55 80 -12 -34 57 -71 87 58 46 -12 -95 4 75 -26 76 60 78 -49 -68 54 84 98 -29 15 52 84 -88 70 -17 
-71 77 6 -15 -50 81 -96 40 -64 -50 -66 -44 87 84 -41 -96 45 -70 -13 99 -39 76 -49 -57 95 38 67 82 -10 82 -34 48 78 -4 64 93 -100 100 68 76 -45 -92 -67 -66 40 -34 -57 -18 -88 20 -86 -61 9 -3 -28 79 -22 22 34 -37 46 -43 -23 82 -5 81 22 -79 -28 -31 77 100 -77 -39 
-62 -2 46 10 54 66 91 80 79 55 19 -90 -27 27 -100 -61 -94 66 -87 -58 16 11 -50 -12 92 -2 -97 -74 85 43 70 34 90 67 -41 47 40 54 24 85 -88 -90 59 -70 -50 74 -32 -32 -75 -58 -48 -40 -6 -78 44 -66 -47 28 28 -69 -19 25 98 -48 -36 -29 86 -75 -44 94 -64 95 85 -85 
80 85 -13 -29 -18 61 -89 75 -62 26 -38 -54 50 67 -45 -29 -67 41 -51 0 58 -77 -58 -16 -76 21 85 85 0 -45 2 -54 -66 51 98 -85 69 53 -49 -39 12 -98 99 -95 -17 -33 57 27 21 -34 44 -76 21 4 -69 -80 -16 36 -44 -17 35 6 -39 39 -99 -59 -87 71 -22 -96 95 -82 -8 2 
47 12 -83 9 12 79 19 37 -100 -61 37 -64 -23 12 -5 -86 -4 3 28 -50 -40 10 80 7 61 -44 35 79 -96 94 -33 71 1 47 38 99 90 -94 -99 -48 -22 29 52 -82 -18 42 -5 54 75 70 40 -82 -53 54 -1 -11 80 -65 -52 14 24 -17 -39 -26 95 77 -71 73 -61 20 -85 43 29 32 
-99 88 51 -84 16 -27 -78 16 -81 55 39 -27 -48 44 99 -92 79 71 92 53 -87 -33 -16 -49 -98 25 39 92 46 62 -51 -14 -80 40 -94 -8 -66 -72 54 34 -34 96 -74 17 83 17 27 -38 -39 -62 -21 81 94 -46 40 52 68 -9 -9 -33 11 95 -82 26 25 -34 -69 -68 -67 91 10 -31 46 -84 
-50 -23 -49 -19 -28 73 -10 49 -27 -62 -73 -56 71 2 -16 -34 53 -68 -14 -6 52 -90 -89 75 -29 26 -28 -31 -46 -82 -97 -29 -92 25 10 -18 75 15 -100 63 -22 -98 7 -5 19 42 -92 28 -86 2 -1 80 -92 6 -73 71 71 40 69 -55 -14 -28 -64 5 35 -44 -1 -99 -53 -76 21 -89 -31 52 
-90 97 86 -38 -77 36 -100 -39 18 -30 2 -51 -37 -67 18 78 93 0 -34 57 52 -43 -83 94 -96 -90 -42 -83 24 -50 62 90 13 -4 -30 -53 -86 47 -66 -68 6 -70 19 64 -43 99 77 70 13 6 -100 -22 46 33 -72 74 -62 10 4 13 -69 35 -22 -83 46 65 -4 85 73 5 75 -100 -87 91 
44 59 -71 82 -30 -78 -84 -39 -63 -89 -88 -25 -2 7 -68 -50 -77 -42 41 96 41 14 -94 -93 51 82 -53 -59 99 5 90 -60 -15 -69 -70 11 5 55 -76 -60 81 39 -77 42 51 71 46 43 -35 -30 -58 -13 -96 76 64 -46 -93 94 -18 -50 24 -57 -10 -51 -37 -4 -96 -98 -48 35 -68 33 6 -15 
-7 96 -18 17 -54 -51 81 -39 -46 43 -38 -31 -89 8 14 -39 -13 29 28 93 -57 93 1 -24 36 -54 -41 -93 -5 100 52 59 56 45 0 24 -100 -46 84 91 -91 96 2 30 23 -85 17 17 6 45 -11 -59 60 74 68 -83 -48 75 77 22 93 -82 4 80 81 -9 11 59 -64 -65 77 10 -93 62 
28 -68 96 94 -3 -59 68 7 41 39 -35 93 35 -37 -96 57 -92 -99 80 -99 16 -30 -41 -62 12 -24 71 100 -55 65 8 -64 -70 8 -96 -14 41 -9 -30 25 100 -44 68 -40 -20 50 -89 -90 -16 63 75 41 16 -21 -32 1 33 37 100 19 -75 0 -98 96 82 -22 42 70 78 -72 -79 69 -14 15 
-57 69 -99 -29 85 1 -44 -29 -18 86 -3 -81 53 -75 -15 -86 63 -57 30 27 73 79 19 -11 66 -5 -54 -78 -55 14 -60 75 65 39 -10 -39 -95 -46 -43 8 -52 97 4 91 100 -89 -46 62 66 100 55 -65 74 -41 61 -89 35 -81 86 49 -56 -11 -22 -8 -5 -10 -4 -68 -11 -47 42 16 9 -73 
45 63 72 96 -38 74 -73 75 41 20 59 -100 52 40 -43 31 -53 -86 -61 59 -23 -66 -23 86 -29 -96 -41 2 -13 3 62 -16 -53 -53 78 40 5 -94 89 88 -35 2 26 -91 -97 -88 -87 -80 -17 30 -41 13 -84 20 80 90 -8 -78 46 -28 -20 80 -64 15 -48 -73 -38 -26 28 -55 -13 -65 -11 68 
-40 60 -45 -31 -95 -25 -37 5 -97 82 -58 11 -1 59 12 20 96 72 57 -43 37 79 39 26 30 -54 -34 25 -47 41 -7 -3 90 74 27 92 29 40 3 -5 -93 65 92 -21 13 -53 1 23 66 -16 -16 77 83 -62 40 -16 32 31 -30 2 -33 12 -51 13 -56 25 55 -69 57 -61 -61 -82 -10 -13 
-15 -75 -11 -60 5 -52 -27 -55 39 94 -75 -65 -53 -74 -8 91 62 -20 -63 -39 -1 71 -70 42 59 -92 -32 -26 2 22 -59 -36 77 -19 -99 0 -2 -58 24 28 -63 48 55 92 -4 84 -97 -51 53 -67 -6 36 -33 66 -52 33 94 -40 26 -76 34 -75 -60 44 -16 -99 -62 -4 4 -91 55 -31 -98 95 
35 -8 44 -41 -100 -35 -38 38 -5 -96 -88 -67 31 71 38 55 -55 -31 24 -42 -17 60 -86 45 -15 -55 -43 46 -100 -91 36 -39 -10 39 -18 0 -98 66 45 95 -43 -45 -60 17 -70 -10 11 -47 21 -16 -37 75 68 66 75 97 -62 89 38 -57 -75 -32 -18 21 -43 43 -64 -44 47 84 -98 -82 -6 3 
-65 74 21 49 27 44 45 -64 -19 -40 -50 -29 -21 26 -4 -28 95 -93 -67 -21 -12 90 85 -63 3 -2 -68 -92 -77 65 -20 -92 57 -93 -3 51 -16 19 23 11 57 -76 -37 15 -64 -11 80 -83 90 7 33 71 14 91 66 -29 -77 30 0 -67 -96 19 -80 100 -37 -15 91 -70 -67 -77 -62 -6 93 81 
89 -8 -8 64 -21 48 84 66 40 5 -70 -7 -43 -20 89 -1 83 -34 -67 -24 -97 67 -7 74 84 52 -64 46 73 25 -67 51 10 63 91 -19 -58 -96 42 -52 -18 -50 -21 68 26 -7 -53 -93 -65 42 23 -12 -53 97 72 67 43 -79 99 -13 5 14 36 -71 -36 15 3 -11 70 17 -73 93 91 -76 
54 17 -53 50 -69 -81 37 0 -47 44 38 -61 -21 87 -55 11 1 -30 83 -72 34 -46 14 -36 16 13 16 -41 -25 -75 47 71 -39 -84 -84 70 -19 20 -24 4 99 20 -40 -38 -99 -30 -23 40 94 -87 -82 -66 63 -7 -21 6 -63 95 -59 -83 -58 81 -43 49 -8 -53 66 28 -51 -82 -50 34 36 -32 
18 -13 26 -27 -27 -16 52 -82 53 74 16 90 -60 97 71 86 -29 -10 91 0 -5 -92 -31 -32 57 76 -47 -94 -45 20 22 63 50 -92 28 74 -22 -23 33 3 49 83 -75 -34 42 51 -2 65 10 51 -94 -13 13 -16 74 -61 58 76 -52 -93 -65 -2 -96 45 -71 53 11 -17 -45 -5 -53 56 0 48 
14 1 71 -42 85 57 2 -59 -65 91 22 -29 -29 46 11 -19 55 82 -23 -47 -38 78 -33 70 22 10 -39 -69 -56 89 21 -88 -80 97 -5 63 90 78 -93 -23 20 -6 100 65 -63 -52 31 23 7 -76 -39 -10 -39 88 42 52 -69 80 -85 13 87 -1 0 59 9 -23 -35 78 -45 86 21 -65 -6 -15 
51 -60 84 7 -10 -2 50 -86 55 -9 8 -74 -64 -46 -15 60 -58 -3 60 -50 -11 0 37 -11 74 48 96 6 59 -93 -71 -72 -40 94 -39 -26 94 68 -33 -86 69 96 -93 15 -45 -24 -83 39 6 -41 21 41 -54 94 65 -88 -59 96 -87 53 -21 -70 -56 20 92 -29 87 0 28 93 -1 16 0 -26 
73 10 39 -98 44 -93 -37 -79 -87 -98 -24 -39 25 83 3 -16 74 -59 30 -75 -90 46 79 58 -56 -25 11 45 42 85 -59 20 -67 -50 -87 8 -43 7 -84 -90 90 -11 15 88 -75 80 -84 -6 98 -68 84 -14 -27 -81 -35 8 93 74 10 50 46 -100 29 37 7 25 -54 10 59 -90 29 67 47 85 
-32 -31 -29 73 -22 -79 14 -24 -67 -96 -81 78 34 90 -85 -63 15 51 82 -93 -2 -60 -90 -73 74 50 -12 83 -8 -25 -39 63 -56 -1 68 -75 -42 1 -61 -67 42 -48 -42 99 89 58 75 -41 -27 -39 17 -55 84 -90 82 -74 35 -89 41 25 9 -3 93 -37 -19 -56 -62 15 -7 -67 -95 49 -54 52 
50 -64 19 56 47 60 36 32 -95 48 35 59 -98 -79 -59 -31 -59 45 71 -71 37 -89 -19 -40 -72 64 0 51 -32 -99 -39 -96 53 26 -26 83 71 -89 -38 66 -15 72 -39 -63 73 -35 92 80 -12 -44 54 -37 -100 -90 -19 2 -29 76 -8 33 69 2 -55 56 -91 -7 -82 99 78 -99 -63 -12 95 -54 
98 27 -61 79 70 96 66 10 20 14 -82 -17 83 23 38 -57 -78 9 71 -70 61 -91 0 -98 41 45 83 -93 1 65 42 -59 57 51 72 23 -51 31 77 58 -82 60 94 -75 -79 65 -93 -96 -75 -90 0 53 48 -52 49 54 53 96 6 92 -25 -13 98 18 47 80 100 -82 71 -9 93 38 53 -54 
-63 16 -12 -65 -37 23 -12 -90 16 43 -4 87 89 -96 -64 79 54 -32 -26 89 87 100 -79 -90 93 -80 27 -45 19 52 2 -56 -76 -66 44 36 9 16 -29 20 -23 -24 -78 -66 70 61 31 -72 38 -3 -99 -9 -48 -39 -99 82 7 93 32 79 -68 -42 -55 40 50 -63 -58 15 -81 10 -49 -92 -4 -73 
-100 -56 -59 -70 -78 60 -54 -16 -23 -21 -27 -98 -71 13 -89 85 -69 -58 35 -90 -49 12 -47 -6 38 -17 -51 -15 23 40 -19 -52 -98 24 -26 49 17 -35 -45 -35 56 -3 -93 -68 -11 -14 -6 10 -42 -72 23 59 -83 97 92 77 -52 -5 39 8 68 34 -78 39 -67 23 50 -81 -27 -3 -7 4 73 -64 
-74 -60 61 100 -4 78 -75 -15 -17 -2 -28 42 31 -38 -35 44 68 50 -69 89 71 -45 77 39 -4 -83 12 -93 93 -38 -59 -12 79 80 -99 6 19 22 14 20 -8 32 79 -53 40 40 -88 -22 57 -64 -26 77 -7 14 43 1 34 76 -11 84 50 -10 61 -20 59 -69 -57 38 -33 -10 4 37 -96 77 
56 -54 47 79 -2 -72 32 39 19 -43 87 -33 24 71 81 15 45 -8 -80 -63 37 -54 -59 -11 -23 0 5 -79 -12 -1 -65 -11 -11 68 50 48 -81 56 10 -51 32 -85 14 98 -56 16 5 -37 -35 -90 18 34 -38 -35 -83 -78 8 62 -40 93 -10 -16 83 25 71 43 -6 56 -35 -48 19 96 -53 -97 
-52 -35 -74 -42 38 81 25 20 54 94 -45 -66 -42 0 -15 -35 -16 51 11 -36 52 31 75 49 -54 34 62 34 89 -20 75 -28 -63 -68 -46 -8 -55 55 32 92 -71 -16 15 19 25 9 -89 74 -94 9 -67 33 10 66 60 83 -60 41 68 -35 5 26 -98 -98 -72 41 -10 -75 -2 61 -38 -70 15 -78 
76 79 -96 -79 -75 49 7 82 -4 52 -51 41 63 -16 72 -89 -24 -18 -37 -63 30 73 -86 -91 46 41 2 -4 100 56 -11 -64 85 -18 -54 11 13 61 21 90 -19 1 74 -39 -41 -62 -88 30 49 -96 -35 9 -56 -76 85 -50 69 82 86 -29 98 -50 8 -50 29 79 -85 -79 90 -79 -32 -56 79 -58 
-97 77 -23 -84 15 -7 -91 35 69 -30 39 21 -94 84 -92 -39 -11 34 70 92 87 88 -69 -26 61 -29 69 19 -90 -93 3 -14 -53 22 -80 -38 -50 -50 82 56 -9 -40 -88 -96 -100 -61 -34 36 -42 90 89 -100 -40 -51 -49 -36 89 24 90 7 87 30 -64 77 89 38 95 -51 -70 -18 -74 8 -2 -5 
-93 88 -42 100 -77 -88 -47 10 -39 20 -40 -48 -53 -91 -99 97 -59 -100 31 -38 -66 -21 -1 68 -50 2 12 6 -29 -27 -35 -32 48 -53 44 -26 92 68 -1 -6 -79 -84 -79 5 1 -73 -48 18 42 82 6 0 2 -67 -39 -13 17 71 88 -29 -3 -19 62 -68 -51 59 -11 -22 -96 46 6 57 -8 -38 
91 87 -50 -21 53 -63 13 -92 -73 47 -20 -43 -37 -88 15 81 3 82 -38 22 57 -66 31 24 85 34 26 -78 33 -24 73 81 82 -92 -68 11 100 -68 -84 84 53 -89 -96 -28 64 89 2 -14 22 -95 -66 -10 9 -41 -94 46 -57 -76 -53 -3 66 67 -18 -17 -16 36 92 -100 -89 -41 -78 70 64 -73 
-71 -26 -80 7 -51 -13 -42 64 64 74 18 37 74 -56 -72 -76 -45 -97 -56 12 93 65 48 45 -12 -43 78 17 -97 31 -43 -49 -84 -18 89 -95 -93 -83 56 8 -96 -69 13 69 -21 16 48 -65 -60 95 -45 -31 60 -9 90 -19 80 -78 65 88 4 56 -16 -14 88 75 42 -5 -10 32 -8 71 89 -84 
-96 -54 34 90 -42 -58 17 44 15 -59 -6 -58 78 -42 50 -21 95 47 35 11 42 86 59 6 2 -36 -97 18 25 -87 -9 30 -82 2 -41 -27 -7 -21 45 79 27 17 -64 2 -33 -42 -39 -99 73 58 45 28 24 -24 -36 65 100 27 -46 -87 -90 -6 49 82 -1 -95 -21 0 -7 -88 55 74 23 21 
-89 -46 38 -79 53 29 40 25 -80 -79 -86 69 -72 61 -65 -23 88 -61 -28 26 -75 -30 44 -19 40 10 18 -65 79 -20 86 45 -56 16 19 -14 -33 -25 22 86 5 -12 -9 -65 77 -2 -17 98 54 96 -17 -39 -30 -22 -48 -22 -19 -63 -95 31 37 -88 -100 -72 60 -7 -84 -29 65 97 -39 60 52 -15 
79 -29 -17 -17 -16 -73 -31 71 -96 22 83 -65 -40 12 -21 25 11 -6 21 -30 35 78 83 56 -64 -44 74 17 86 -57 -2 -55 -96 23 -30 -31 -66 -19 -3 4 32 97 15 -7 -62 -96 3 -100 52 75 -8 -30 58 -17 -76 -2 -2 55 24 4 -38 -49 -37 66 9 -90 37 -18 -80 -27 17 -67 -94 35 
33 -82 -28 99 77 36 -28 -77 22 62 77 -86 -22 15 -94 -63 69 92 46 6 -18 90 2 -96 43 -19 91 45 23 76 77 -90 67 52 -35 -30 -86 -46 -80 -82 50 -95 -30 -18 -6 62 54 91 -9 -77 4 -65 3 -95 32 53 70 -45 -27 -96 -38 -3 -26 -65 64 -16 64 67 15 78 -9 91 -21 -19 
-68 -88 61 -72 -14 -13 91 25 86 100 -30 90 98 11 -63 -92 41 10 -10 28 99 -14 -67 92 7 90 -88 -24 33 74 -52 7 23 45 22 -49 96 86 -34 55 -25 43 -75 71 -77 23 -49 17 -38 -30 74 -51 55 85 -47 -99 -93 55 -39 47 -73 -42 -72 100 -31 -58 -4 92 -70 88 -80 37 84 -83 
-5 87 -80 5 -53 -62 -1 -64 20 -12 -89 -9 55 51 -9 -1 54 10 -82 76 -44 -71 -25 -78 88 40 -66 78 -37 -37 -27 78 -60 61 -79 79 26 39 51 14 37 -21 52 -54 24 -13 85 -38 -65 -84 73 79 91 -73 -9 3 89 -47 -7 28 -60 -62 78 -45 94 -82 97 60 -70 68 34 -36 23 35 
1 41 82 62 1 -34 3 36 41 -100 1 -10 -20 69 -19 3 -84 -76 -48 -67 -54 50 -30 81 44 -5 -38 6 -39 -25 100 -19 45 13 -65 -41 -79 66 -12 -44 51 -35 -64 -80 97 -50 85 66 -70 12 -43 -61 -9 -52 98 -60 9 4 -9 -41 63 -80 64 54 -77 36 -97 -30 -9 55 -10 -100 -6 -72 
67 87 20 -27 -59 -28 -49 -83 60 80 52 -32 -69 72 78 16 6 29 -2 -55 -69 -91 -33 -11 -39 -45 87 91 -15 23 1 -88 -87 -50 42 -69 -45 -2 23 -75 -67 -81 -34 -76 -60 -82 8 21 14 68 -90 34 -93 50 -90 3 10 52 -34 14 86 -40 10 79 -52 21 -43 60 -87 -39 -75 53 -17 81 
-83 10 19 -87 73 -41 -37 74 87 0 43 -45 98 -52 17 -87 -7 -98 71 63 -84 -11 -19 32 -30 96 -77 -37 61 -91 85 -39 -31 -79 78 -17 45 23 -21 -30 -18 71 -33 84 -96 49 -60 -98 21 -85 81 -12 26 57 71 -64 93 -11 -36 -58 -95 66 -30 10 84 35 -44 78 51 99 75 7 -24 -19 
16 81 19 -12 -48 12 27 10 -78 -33 -64 -12 -35 -25 7 -50 -33 -43 -65 -45 -63 96 93 20 -34 41 -92 76 68 -82 88 22 21 6 32 85 16 -13 42 16 88 39 66 -40 -26 -31 36 -11 -39 45 -77 -73 57 44 -66 -26 56 -49 -18 -59 21 94 -46 96 -96 -82 31 63 5 -71 29 -28 -63 3 
67 43 68 -66 -40 98 32 -44 2 -48 0 62 -8 -72 -93 57 81 -58 -54 98 -57 65 -15 20 -89 1 -78 100 -29 24 -4 -14 -14 -100 55 11 -53 -20 -35 12 -90 -45 -82 26 -90 -21 99 75 -86 32 -72 -85 17 -72 -15 -22 -66 14 71 7 90 30 17 -6 54 99 -57 -19 88 66 -55 38 97 -38 
-5 -77 63 93 56 43 2 -12 -42 95 26 25 4 40 10 -84 -39 89 -14 -17 -52 9 80 -68 74 35 29 25 86 71 -47 -19 -12 92 29 -71 67 32 -75 62 44 -49 -37 18 -66 77 21 -26 84 31 59 92 -26 78 -81 -91 -61 -15 -22 -84 -35 -51 69 88 -43 -91 44 56 -66 -42 -1 99 -25 37 
95 -90 -46 26 -30 82 59 -61 40 16 -34 53 -2 6 -74 -19 91 38 -51 -86 4 93 31 56 5 -43 45 11 -22 -8 -82 -87 46 41 -44 -35 78 -70 -43 -71 66 -18 97 63 -37 83 -6 -41 -60 -42 17 52 -69 21 -57 -99 -69 96 -31 -74 78 58 -36 89 -30 -96 55 -76 -7 49 95 81 -90 33 
60 95 -20 -33 -79 9 69 4 -77 -55 60 -27 83 21 55 -21 -15 80 45 -10 -46 8 28 -38 29 36 7 45 43 -83 -95 63 -27 -47 -77 -4 50 65 61 75 -39 19 -86 92 47 -52 50 -40 -70 -33 24 41 16 -90 -66 -29 -6 -27 88 54 -20 37 72 -3 74 26 -53 -68 81 13 -88 -85 -36 -63 
52 65 -95 -62 47 51 78 -84 -9 -21 -33 -7 71 48 -39 -25 5 -53 44 -76 -14 -2 -11 37 -46 -74 82 -68 -34 14 63 -99 87 -66 37 -17 -60 73 -12 -21 20 -80 -62 -68 30 70 22 14 -66 -95 -31 -40 15 -37 18 97 8 71 -9 -58 85 -88 20 1 97 -10 -48 82 20 -82 91 5 -77 -5 
-93 16 10 -12 -32 -9 -98 34 -53 -81 81 -47 -25 -12 16 -65 -19 -10 -46 39 31 4 -10 68 4 -41 9 98 84 99 75 31 -94 37 40 42 -3 80 -44 51 58 -39 -59 67 98 -34 -70 99 25 93 -82 50 -54 18 9 36 -11 44 -85 -53 19 49 -50 17 -57 -4 -35 -17 96 98 74 77 -82 6 
-44 88 -78 -26 -34 70 -39 -36 38 -53 -37 -27 35 84 17 44 -9 -77 -92 60 13 49 84 -91 61 -52 -96 79 55 34 17 60 -84 83 -88 -20 -78 89 75 -45 -9 -91 37 -14 83 50 -61 -68 68 58 -50 37 -99 96 12 -67 -51 -57 -79 13 -1 -100 -97 -26 5 -79 15 84 85 -69 67 -22 -6 -57 
59 -4 -45 2 92 28 -24 -51 -3 -22 -73 40 96 93 -98 -73 -21 2 -38 -17 74 -2 82 96 14 -8 75 90 95 -18 62 -8 64 77 25 -99 87 -13 63 -82 83 31 -86 7 -74 -27 -3 4 -39 -29 0 25 0 20 90 62 65 64 -13 0 100 -23 -13 -19 92 71 84 -17 -20 94 -11 92 87 -62 
49 6 -27 67 98 65 -5 94 48 -46 -86 -41 86 32 77 -85 17 57 -43 56 66 -94 35 -96 63 3 -14 57 -42 7 -83 12 -71 -89 51 35 52 -6 -64 41 28 7 35 -72 53 -10 -31 16 22 -30 -41 -42 40 -34 -56 -25 81 11 12 4 -4 98 31 95 -31 8 -92 -74 -88 -81 70 -77 96 -15 
-58 -39 -79 55 86 23 -63 3 -75 36 -72 83 -39 60 54 -58 94 -62 56 38 -40 -12 53 -73 33 -97 -85 27 -90 18 70 56 -42 -90 88 -36 -26 65 -36 9 -8 64 -66 20 -90 -40 -67 28 -98 -59 66 29 36 -62 88 -5 -33 -68 89 -29 -77 -66 39 16 7 -49 -21 67 29 -83 -34 1 82 51 
36 92 -69 -45 -36 -68 54 -20 56 -7 -74 18 -76 -33 2 -20 67 49 -16 -83 -86 62 -2 -37 74 78 1 -25 -17 -86 -47 -11 -43 58 1 100 -89 45 -22 -80 -63 1 -50 76 10 -59 -79 -29 34 -29 61 42 7 71 -18 -35 -36 38 11 65 66 5 75 -84 -81 27 -42 -72 -41 18 -45 -8 -48 19 
73 -10 8 -13 -19 54 81 -2 -2 -13 89 -69 79 32 74 43 91 -53 -36 45 -15 53 -78 -71 19 4 87 50 -95 7 -82 85 22 71 15 -91 38 26 -21 66 -45 57 -59 -53 26 -44 21 -22 -79 32 -9 -11 -26 -91 58 55 34 -31 -46 -97 -8 80 9 42 83 -23 33 94 58 -26 -77 35 58 30 
40 -67 -98 47 87 -79 -47 59 -54 7 -48 -27 -50 68 -3 47 20 91 -62 -98 23 24 -82 -10 36 -38 -19 12 99 24 53 8 64 81 -68 -22 -76 -59 -31 0 -95 82 -9 56 -17 -79 94 96 -74 30 -6 27 -15 85 -85 88 -45 -76 -33 46 -51 -29 -34 40 -51 70 41 -38 26 81 -66 32 -74 9 
46 71 2 10 95 -46 -98 -85 28 -62 -8 -81 -94 27 -2 42 -66 76 -59 29 -66 92 68 -46 12 35 -16 -26 -18 -75 16 -67 -40 -70 -46 -29 47 -99 97 -77 63 52 -68 -45 -33 41 -17 -23 95 32 64 27 -84 100 -55 93 39 -41 1 4 44 6 68 -27 94 68 -55 -31 -44 -48 -83 -79 -59 -64 
63 -88 45 -25 22 -86 74 -1 78 -15 -6 -32 -40 -12 -76 43 58 -60 64 -22 11 -67 -17 -29 46 84 69 -35 -36 60 29 -80 48 -6 50 -49 56 12 -71 -82 4 36 51 -58 -17 -54 84 20 63 69 48 -74 26 64 -15 10 10 27 90 88 -42 -23 98 25 9 45 93 -83 43 75 -91 30 58 -11 
29 34 83 27 82 -47 -73 3 14 78 73 -57 -63 55 -59 -82 56 67 -38 -68 -92 -27 -58 84 75 -77 98 62 -56 95 23 -77 80 -29 -61 67 -13 -50 12 -18 -34 91 -61 73 64 100 75 36 -2 47 61 -53 -39 -21 39 -81 -24 -17 85 12 -6 -91 -25 5 -16 -1 -26 0 -96 91 44 -36 -83 -46 
-5 -61 -57 -70 -51 -26 -6 -26 -31 -65 -8 -35 24 -78 3 63 -82 55 -26 44 -9 92 -34 -49 -32 93 -25 -73 21 86 95 -85 76 28 -77 88 4 -17 -72 49 3 -69 -49 -40 6 87 -79 9 55 91 -17 24 56 -39 -23 29 15 37 -98 -53 -76 29 86 -85 -87 -27 -53 78 -83 -91 83 -18 -14 12 
22 -83 88 57 -90 -4 -53 -47 16 -57 -38 20 -78 50 63 -58 97 -47 -81 63 27 -94 49 0 23 -69 -44 70 -65 96 -41 -30 64 27 -14 31 47 19 45 42 -30 63 -50 52 64 100 24 -98 -98 2 -79 72 -29 -74 -2 95 65 -88 -71 77 -65 78 28 68 -46 33 73 -16 10 54 -95 46 -9 38 
-52 27 -39 5 -60 1 -63 -27 41 72 51 -100 -60 -67 -37 -86 98 -51 50 -15 -80 -40 -98 56 -88 -26 18 14 46 -80 -31 -9 41 -90 -66 -36 -35 40 -42 -14 -1 16 -69 5 64 79 89 -34 92 19 -25 3 74 86 -84 20 -69 57 -62 -79 -89 -33 14 -91 -45 91 22 93 35 -33 -98 53 76 -22 
46 -90 38 85 -28 25 -70 -72 70 39 82 32 30 -76 -24 44 20 26 31 18 -21 36 11 38 61 -20 -73 22 -99 25 -80 -19 -76 -73 -64 -76 -39 23 51 -76 59 42 -71 -34 -60 85 59 -89 -42 -58 90 13 -22 28 -62 43 4 65 -51 -78 61 -24 -51 7 54 40 -12 -27 -90 -45 39 37 4 40 
-68 -10 -34 7 38 55 85 -19 -9 -56 41 80 27 -8 14 6 -42 -72 74 -66 6 43 94 -58 -16 14 48 20 16 -95 52 13 9 19 -2 -15 87 -52 22 46 -14 -17 56 45 16 11 54 96 24 -51 46 45 54 11 -48 58 57 -3 77 -97 -61 -51 38 82 -83 18 23 34 51 95 -65 -20 41 75 
-30 76 -15 49 38 -50 -89 -81 58 34 -8 97 85 -40 14 28 92 61 -59 -26 24 29 69 78 4 -10 39 -18 40 -75 -36 25 58 -83 89 83 -66 96 66 23 29 -99 94 40 -2 86 54 -95 93 96 98 -23 -50 88 57 -58 75 -93 1 -68 96 -16 86 46 1 14 -81 -35 88 -59 59 -16 31 20 
-35 -59 -34 -62 25 -15 -39 -12 76 94 -99 -36 64 -30 -67 -90 -2 -48 -76 -62 40 -4 -49 -20 -15 -66 -16 33 -57 -91 96 5 94 29 -23 -6 74 -5 -18 -84 -90 -24 4 -70 31 -41 12 -6 -97 -19 3 -26 97 -71 35 -87 -86 -33 85 -44 -35 -56 73 -51 -54 -22 62 92 -70 31 -23 -73 -29 34 
-67 90 59 50 -6 -12 -60 -58 -14 -85 -100 39 1 43 -88 -92 8 16 89 30 -62 -25 -79 56 -77 71 -58 -98 81 54 -6 50 95 -24 21 -19 100 11 15 32 96 60 5 -90 -91 -38 100 -69 27 -37 74 76 94 95 -55 64 48 -91 -63 -48 -62 -69 60 -55 -26 -84 -95 45 22 -6 74 72 49 28 
-79 -34 12 -9 -37 -79 -84 98 -33 84 16 -2 22 100 48 42 -67 79 40 55 -9 -12 -42 -18 -79 -68 -8 90 61 -8 51 -90 -46 -74 -24 -19 31 1 -84 25 53 88 64 -53 -21 -22 -89 37 -61 41 -29 -5 -63 -59 74 52 -66 21 -72 -1 99 -15 -29 -21 4 -44 44 -52 1 72 39 -20 -95 -62 
-33 -57 15 -85 22 57 91 56 -91 -3 -65 -49 -55 -37 62 -30 23 -5 -32 38 94 -4 13 28 94 46 -42 0 99 14 -39 15 -77 -50 45 -87 -74 69 27 -19 -17 35 -93 -59 -70 74 -97 97 -84 -52 -81 72 38 -58 -80 71 79 -37 91 -85 38 41 87 -75 92 46 -52 -25 -63 -58 -35 -58 -77 -35 
81 -75 59 -85 -69 61 -51 60 19 83 -34 88 -91 -61 28 22 -11 -90 16 -53 -32 30 83 77 -89 -39 -69 2 -97 94 -68 21 -3 37 12 8 -37 -18 -40 98 35 -21 6 -72 74 70 62 42 54 -51 -52 68 -51 59 -5 -57 -76 70 71 62 -80 -26 98 53 -5 -17 -100 8 38 70 -92 -22 -91 59 
-43 -26 -33 -55 24 -92 25 73 -85 -80 -10 5 3 -67 24 -77 83 -39 -84 -6 12 -72 28 -97 32 -74 -14 77 42 69 71 -96 18 0 22 57 -60 57 81 67 -35 8 -86 55 43 89 -66 18 -42 -59 89 24 -2 12 -89 64 -19 -71 2 -32 -11 -83 26 -47 96 -9 9 77 29 5 3 -17 -18 -29 
-8 -53 35 72 17 82 -43 72 -46 60 -8 55 1 94 -7 54 -99 23 -47 -86 43 -60 -71 60 59 19 86 61 -42 13 7 76 -45 72 -74 62 -49 46 38 -44 -98 -15 66 -24 -52 16 -4 58 -12 42 69 83 -72 -84 -42 -44 77 69 86 76 -96 68 23 37 -5 -8 -42 -43 -9 28 -68 -94 50 69 
77 -8 -5 25 -8 -63 52 87 65 -7 75 85 -7 46 67 94 3 18 -44 -37 85 30 -53 -90 98 -99 91 75 -46 -18 -26 -44 49 92 35 -56 59 31 -19 -72 -49 -92 -42 74 -14 -20 4 28 -62 92 76 10 -28 -60 3 -92 3 -37 -44 -39 -40 -55 -50 92 -26 63 -25 -7 34 81 54 83 -53 60 
-78 -86 -41 91 68 89 -25 -61 -22 58 -17 4 -32 -24 7 -50 80 -32 22 -48 -93 93 60 61 56 29 -48 39 87 -51 36 -53 -60 60 70 24 -88 62 45 -78 8 45 1 -71 -63 19 -30 -85 -69 94 -79 38 100 48 -69 26 19 94 -84 -16 -25 -20 -84 68 -26 68 -10 94 57 22 -91 -7 -73 -48 
-95 -39 -81 -46 -37 56 45 53 -48 -10 99 72 38 49 -99 48 -17 24 85 68 -70 -19 -36 -92 -66 31 -89 71 60 49 -67 14 49 -18 -66 80 17 52 -39 -33 -16 -66 -67 29 -79 -66 2 -100 18 -40 -73 5 -68 85 5 -53 -17 1 -75 -87 -9 -83 -70 -20 85 -52 3 45 -52 -59 8 -65 98 -11 
69 -81 -79 -46 40 -27 -85 -56 53 6 -63 92 18 -97 8 -34 -86 51 73 86 -16 85 -42 -30 60 -74 7 100 44 -8 73 -15 81 81 -94 -87 -60 20 -98 96 -36 66 13 65 -58 24 57 61 -85 -45 -38 -52 78 -78 100 22 -36 -82 -3 36 -11 50 -49 -34 -98 50 39 40 93 -80 46 -50 -51 -31 
-1 94 38 -3 -73 70 70 67 -89 62 58 77 78 -5 79 -23 -29 10 68 -65 -48 -59 88 -3 7 48 -44 91 40 38 -55 37 66 93 -3 -84 5 72 -71 26 -94 61 -27 2 -42 85 -51 72 94 -88 85 -50 -37 74 41 -85 -94 -25 27 -90 -93 -76 7 36 8 31 22 93 -69 -29 99 74 -38 -25 
55 62 -25 -78 -3 -98 33 -92 70 81 79 23 100 81 79 33 2 64 -70 -60 -33 57 23 87 -89 -81 54 -38 46 -66 94 75 48 26 97 82 69 -40 23 -100 -51 -21 -80 -78 51 -28 95 -5 60 3 -67 -72 45 16 75 -15 5 -21 -57 -82 99 68 -56 -2 70 13 -35 41 1 11 97 55 -5 48 
4 5 48 -89 11 -13 88 -72 53 -32 -2 33 -55 8 -45 -94 -59 -79 -90 62 91 69 -65 -50 31 -37 -69 -22 92 -3 -9 42 34 71 100 -43 -46 69 74 82 20 -77 -69 64 -35 -8 -9 -59 35 66 63 84 -48 -53 -52 -75 -51 -71 31 87 90 67 29 -76 50 4 18 78 35 25 40 -88 -37 -31 
84 -29 39 42 6 -62 -98 96 -18 27 34 -41 -38 -45 33 -97 -16 -87 -44 0 81 -6 -5 -77 40 -77 -1 84 49 -93 -75 91 -72 3 44 -67 7 -30 -9 28 -97 -34 -38 74 -40 -53 64 84 -58 -52 -19 9 84 62 93 -11 -44 -24 -61 -49 -49 -10 -36 6 -93 -98 -72 87 21 84 68 49 -10 58 
-35 -57 49 30 59 -7 67 9 -34 -50 72 46 -11 42 62 99 -39 83 51 -65 -43 -78 -75 75 81 24 -85 48 -6 -52 -2 -51 -6 -95 -21 22 -54 60 -100 20 -96 37 2 -73 -93 -2 61 66 -47 -97 63 -47 37 -48 -80 -13 -51 52 33 10 79 -18 7 -71 -19 -53 71 73 -5 -20 82 89 71 37 
-63 18 22 74 -97 -59 -45 -72 -62 41 90 -27 55 83 78 75 33 37 61 -79 -12 -55 96 -86 -24 -7 10 -74 -22 -44 -8 65 74 -68 -19 19 69 39 93 23 -9 95 -21 46 -71 -33 -51 -20 55 -77 60 -29 86 -43 -64 0 37 3 69 35 -79 -10 -15 14 17 28 65 84 -20 24 -50 69 28 -94 
-17 -27 -89 14 47 -38 -24 82 -41 37 -54 -95 -75 78 -69 25 -14 37 -39 -55 -76 33 62 55 -69 -16 -31 56 15 23 -16 55 11 -34 -51 -7 -44 -85 2 88 -92 58 -47 17 -25 55 -25 -64 65 -78 62 -77 21 -18 19 -32 3 -42 71 18 -41 -30 -28 -18 -77 -45 -16 16 -93 -38 52 77 -35 -70 
-43 -70 68 73 -51 78 -79 1 28 5 -58 49 -9 -58 -61 23 67 -62 89 31 -26 78 -56 60 -35 -94 48 -99 -83 89 -57 -89 72 -93 -42 -67 89 -83 8 -13 -32 -26 31 81 49 14 -98 -35 63 48 -11 9 -46 -10 18 -57 1 -64 98 -54 26 100 -96 -99 -95 57 38 70 -6 -92 -55 35 85 62 
22 34 -95 -37 2 -14 -86 79 -23 -11 -42 -62 59 38 64 -12 -2 -74 -31 25 15 -96 -89 98 16 -18 63 23 -88 -99 -40 -63 62 -9 -60 83 91 30 76 -46 -44 -20 39 62 -96 -50 -12 -22 -10 86 -6 -56 88 -64 -21 -57 18 -10 -17 69 95 59 -88 -27 -38 -15 -72 -72 36 -31 61 -90 -19 -37 
74 -31 -53 35 67 -36 28 -60 4 3 86 40 -15 -35 -46 -67 48 75 85 78 96 -53 73 -45 -98 -38 -59 -80 -26 19 62 -82 94 -30 -20 49 42 -90 -19 80 21 -68 -79 5 -12 -21 97 35 43 -23 51 17 28 -24 29 -100 -59 -26 50 14 -100 -63 45 -76 -92 -90 68 -23 89 -67 19 33 -35 -1 
-89 -100 42 14 82 -16 -59 -91 97 -64 9 83 -34 10 77 48 -66 -100 -35 8 25 26 -41 87 31 41 8 -45 83 -20 89 76 75 7 -61 -100 72 -38 32 -51 -4 -43 -40 94 -29 11 77 -44 -17 -93 -100 36 -21 -70 50 68 -40 17 -3 46 91 -28 76 82 -56 -90 32 95 -60 42 96 -82 -83 100 
17 -73 34 23 -92 -57 -34 -64 43 -82 -61 -81 54 -6 -15 50 -18 18 -70 -54 -44 55 -37 -57 81 -81 67 39 -29 90 -77 -29 84 -49 -5 -14 -34 54 -53 4 26 -95 -62 83 15 -67 30 23 -11 -45 -11 57 -72 93 -4 51 -73 -58 54 75 73 47 -43 81 -61 44 -97 2 84 26 78 28 -96 -2 
86 34 15 66 -29 -30 -36 50 59 45 -60 15 86 -62 -48 18 9 50 -63 98 63 -100 -83 -39 -2 -12 11 -4 -13 -94 35 94 70 -67 -68 71 85 45 35 -26 93 28 -57 53 61 1 2 -28 91 26 79 2 28 3 -25 -86 65 -91 -76 -32 -51 -60 24 16 51 -4 -77 -49 -10 33 29 7 -71 -75 
