-64 -70 32 -95 -95 -36 -84 2 52 2 -13 -15 -45 -42 81 14 57 71 53 77 15 -79 21 0 -10 -50 30 41 84 52 80 99 
-49 29 -61 -63 -92 -70 -20 -38 88 -93 82 7 -46 -95 70 -85 85 61 81 50 -77 99 89 85 -75 -35 -6 92 -86 93 -54 55 
-79 18 9 22 86 29 17 95 -9 31 88 -45 58 58 -33 -78 18 -4 -56 -88 43 99 35 -82 63 73 81 83 -9 18 19 -38 
-36 -76 -45 57 62 9 12 27 -4 -45 -81 63 -91 -52 -47 86 93 75 5 91 61 10 -24 -63 -72 -47 -15 -85 -32 60 -22 23 
-76 -9 -10 26 -64 30 10 40 89 -6 81 -76 52 66 98 -55 15 21 -88 89 -20 39 43 -92 -25 28 65 -58 42 -42 40 -64 
-72 94 21 -53 -34 -17 28 70 95 -80 54 7 49 7 64 -58 42 -88 -57 -34 -9 -81 59 -68 -50 -67 -15 -48 94 84 93 -43 
-76 -1 -41 86 60 89 -75 61 10 -42 -11 80 97 12 52 -67 21 1 -79 -12 25 50 -60 91 -47 -4 -15 -1 -3 43 -67 -82 
57 -67 -11 -8 -38 -69 70 72 18 -69 28 -15 55 -97 22 69 75 -28 -89 24 98 90 7 77 -93 -94 36 73 60 95 -47 27 
-14 59 6 -32 -1 -80 16 -69 3 77 25 75 -30 41 -46 23 85 -54 84 -85 -16 -18 -94 26 -67 -71 69 -42 -37 61 62 78 
-28 -11 1 -44 64 91 25 1 -45 11 -36 -4 21 33 -13 40 67 68 -96 54 53 90 -88 -80 28 80 -8 1 91 95 13 -56 
-79 -75 -19 94 12 -30 -4 28 11 11 64 -13 65 -76 1 -75 4 39 6 -80 56 -91 -75 47 -9 24 82 -58 -36 34 79 75 
40 79 24 -100 8 -2 -6 16 45 -100 24 18 -64 -73 16 63 -29 -5 -79 -73 -57 -11 -52 85 66 -56 63 -32 10 79 12 -16 
49 -37 69 -13 -38 6 36 -16 92 -97 -69 0 65 86 -49 73 -93 -87 2 39 36 -67 24 40 76 -4 -43 40 31 93 66 35 
64 76 -100 -62 30 44 70 87 75 94 -72 -67 -12 84 87 -61 86 23 -45 35 55 -40 -15 59 -31 -41 -22 -83 -85 22 -4 -31 
-26 92 62 60 -90 -70 -79 -27 -95 73 9 -20 79 84 87 -63 -61 -54 -91 96 -19 -57 76 -2 -36 85 91 27 47 -89 25 -62 
-53 -45 62 20 39 -62 77 -81 51 -66 -67 -78 -72 10 35 -72 -78 91 -2 -3 12 4 -74 60 7 1 62 -77 3 67 87 67 
28 -70 61 -63 39 54 29 -14 62 14 -54 -14 -69 62 -77 0 -74 -32 26 13 41 -58 60 40 72 100 40 38 8 68 -64 -22 
11 -1 53 -78 66 -16 -77 2 -25 -77 84 19 -57 -75 5 -70 45 20 3 -17 95 -79 -54 49 -78 -18 13 28 -36 -15 -70 -51 
17 -32 25 -89 -86 24 6 84 -23 68 -19 73 74 59 -3 92 -66 -77 56 -11 -57 33 37 -68 -73 96 46 -42 -51 46 -69 24 
79 -78 -86 -96 -37 75 73 -40 86 98 63 -18 -98 80 -93 -19 20 -61 -87 94 -91 67 -49 -30 -20 -27 7 -64 -14 99 90 12 
-8 90 -59 100 -67 76 -27 -43 0 -3 86 -82 51 79 52 92 -44 4 17 -62 3 -82 90 79 -85 -44 59 78 79 23 -74 -55 
22 51 -12 72 34 -62 65 -79 63 -93 -32 21 52 -69 46 -43 77 16 -47 -97 -84 -5 49 -11 -7 88 3 26 20 57 66 14 
-28 63 -42 -86 -79 40 -74 -98 -5 79 -34 63 88 -67 -5 -9 -50 96 15 -14 -18 62 69 75 -28 -71 -20 -97 -27 100 12 12 
-83 -79 -23 -43 -49 -88 -38 -57 43 69 -11 -58 81 91 -49 46 -70 63 31 -28 88 -65 77 -43 0 90 -80 -84 12 38 -30 -81 
37 44 75 -45 -61 -89 70 -46 -7 58 70 -46 -66 83 18 18 0 -74 75 -10 -81 16 10 68 50 43 17 -11 44 56 68 -63 
-29 87 16 59 -40 63 1 12 0 -80 7 51 -53 -28 80 75 71 -9 49 -93 -46 -29 47 27 -88 -50 -76 4 -6 54 -32 60 
-24 -13 1 49 14 -60 -62 -13 95 11 -79 -87 -82 -1 -78 25 78 -64 87 8 74 5 -94 -14 -5 -81 100 -77 -92 -37 -18 0 
-51 -63 -84 -100 -71 -71 6 93 -66 -2 -57 24 20 -86 -73 -42 -38 93 -13 56 -63 81 -95 37 -80 26 68 59 -13 68 76 5 
5 -21 69 -84 76 -31 -97 21 49 77 52 4 71 -7 -86 36 25 -40 68 -56 -77 -23 -4 79 -17 -40 11 -69 23 63 -20 -80 
24 -14 7 -59 23 27 -78 45 -74 -32 -8 -62 -75 -46 51 100 0 69 -7 39 77 -3 -2 58 -90 97 58 79 72 80 -21 -2 
44 -30 73 40 55 -99 -18 54 87 50 -44 25 7 -56 10 16 0 70 81 -57 32 -84 65 -36 72 -14 -23 -6 -67 -52 -26 1 
34 -37 -98 -92 -22 -88 54 59 -95 77 -61 12 -35 26 53 -88 -60 -67 78 -85 82 -75 -99 49 1 -86 29 -32 -87 -30 -42 2 
55 -19 3 1 -56 -85 -49 -12 68 -72 -98 -96 -79 -1 -50 -62 -23 -76 18 57 80 -83 7 48 63 96 21 70 -61 -23 72 -19 
53 21 -76 -12 4 -93 -36 91 -74 4 67 -39 -59 -42 84 -95 -68 75 91 100 87 21 71 -20 34 -30 -79 -35 -91 -92 -24 -90 
-6 19 -92 29 79 -98 -56 86 90 35 -38 -36 -5 87 -15 27 70 43 -50 69 49 -29 50 47 -24 -12 29 87 8 73 94 99 
-25 -38 -10 79 -22 -53 100 71 -40 -4 -43 -29 -57 46 3 69 -29 75 -63 -58 24 36 92 -39 81 63 -61 -60 -62 72 -19 15 
-20 51 64 8 17 -88 -13 -25 11 -7 -5 96 15 39 62 55 7 -66 -18 85 32 18 -56 -23 -58 -11 83 99 -28 -39 -43 74 
-39 65 61 -93 79 -76 -41 71 1 40 -40 73 53 -23 -53 -15 6 52 -23 29 61 -77 4 -57 -35 -6 -49 5 30 28 22 -3 
16 -59 -6 55 -57 -38 65 -72 -63 67 -50 93 -91 -77 31 57 28 -63 77 -19 -57 -47 12 61 -51 -51 47 -5 18 -48 25 -6 
-7 -65 -47 12 2 9 -57 -17 28 67 79 -67 -96 77 24 -1 -32 6 -79 -71 41 -43 80 -30 45 13 -80 33 45 82 -24 18 
84 -39 76 -54 32 -91 40 -6 -30 70 34 -49 -60 -55 -34 -44 86 77 -64 -32 -2 -89 -89 34 -95 -54 -73 -73 52 95 9 -26 
1 -39 67 25 -34 -72 1 -87 -11 10 14 -30 -33 9 54 44 51 80 1 -73 -51 12 67 -98 -50 -65 -15 -6 16 79 34 -70 
43 99 40 77 70 82 91 48 -90 23 -21 86 64 -92 42 98 -83 33 51 -31 -46 -6 60 77 -81 10 -15 -95 -80 -12 93 -36 
91 85 -84 37 61 -99 -2 33 36 28 70 -38 24 -6 37 92 68 -17 -57 43 -20 -44 49 -100 99 62 -90 98 -99 -22 -46 56 
46 32 -12 -92 -58 -71 5 50 91 93 91 -51 -4 85 -26 54 -25 67 -94 -46 13 24 72 -48 -68 1 -86 46 -50 62 15 83 
95 35 87 -95 20 -3 47 -50 86 39 24 84 -15 -9 73 3 5 -70 -91 -15 21 10 62 -83 -92 21 96 57 -95 -13 -70 -93 
-32 78 -24 -97 88 30 -60 25 -50 -27 92 -81 3 52 31 -19 15 -80 -44 -6 38 -90 -89 -43 -76 3 -11 85 -58 58 -86 57 
-73 -75 40 -62 -50 44 96 -13 79 -85 -40 43 92 34 99 -98 3 -62 -98 3 -98 9 24 10 85 -31 -100 -48 -97 -49 63 99 
-56 35 -97 1 -93 61 48 92 91 96 88 -98 -15 -7 -57 52 5 -37 -97 -78 -74 -86 -98 -12 74 32 62 -93 -17 -60 -10 -28 
7 58 -9 -17 28 64 -20 -29 -87 -100 -87 93 -3 93 88 4 -13 88 27 -92 -95 -8 35 57 10 -51 -76 24 89 -36 0 46 
21 4 -27 -81 38 34 55 14 30 92 45 90 -3 -48 42 35 42 -82 -100 -38 -40 46 8 63 -68 57 32 -58 71 1 15 94 
-12 0 -52 82 98 -40 95 -56 -64 -28 -21 46 59 34 -41 8 -79 -53 72 58 -69 39 77 -10 -45 73 -36 61 73 -61 -60 94 
74 62 -91 -33 -59 -58 -35 63 -71 23 27 35 -43 -85 40 -50 -17 86 4 64 -53 -93 59 67 -83 27 -74 56 48 -57 -20 41 
9 11 -42 37 -98 68 64 -24 95 -14 -24 -44 31 4 3 -94 -84 11 -58 46 -60 28 35 -4 96 4 13 -39 -97 -13 -53 45 
31 -48 -14 -90 -43 19 62 -12 77 -27 96 -60 38 -63 1 30 88 -63 -50 5 -5 10 17 -53 9 -30 -7 72 2 -87 29 78 
52 95 69 -8 54 -79 40 -8 -48 16 87 12 86 71 -35 -98 8 94 25 -89 94 -95 -69 67 93 9 -57 -43 48 -84 27 62 
69 89 -30 -85 -42 -43 -61 -95 -69 -3 76 56 -45 98 94 44 23 24 36 7 -63 -7 76 36 13 45 47 49 76 7 -28 -84 
57 -49 -44 19 32 82 52 72 -82 68 48 -10 39 -77 50 93 -15 -3 -61 -38 18 -34 -82 74 -58 -29 85 42 -21 90 63 26 
4 -36 79 39 31 48 -22 46 40 -56 31 -8 -18 55 80 -15 -18 -9 14 56 20 -86 93 -84 -61 -35 45 67 -12 81 -41 -15 
-35 -98 -92 28 89 -70 -29 -51 -58 50 59 -23 -14 97 -25 -45 -49 -70 -76 -50 19 -3 31 -100 -22 -34 78 22 -16 39 22 56 
-29 37 -3 96 12 71 49 12 -97 -70 100 -60 -87 -77 -96 -76 -38 57 57 -57 9 -97 -73 20 -13 -71 64 35 -78 -21 3 -97 
-44 73 -72 -72 -31 -88 44 30 62 -40 -100 -6 -96 46 51 16 75 47 -22 70 -23 -21 60 38 91 100 81 -26 -19 54 -31 96 
-62 61 9 -26 37 7 -30 9 14 82 50 16 51 59 -49 67 12 11 23 -80 -95 16 -65 -76 99 63 36 -50 -76 21 -63 75 
12 87 93 11 -11 -37 28 -76 24 -71 68 47 20 -13 -89 -93 -31 95 53 67 83 -36 34 -9 12 7 42 14 46 24 -8 7 
