37 -16 77 -93 22 27 100 55 -89 61 -18 -1 -22 -37 19 32 42 -85 -59 4 13 69 86 35 35 26 17 -100 71 43 26 95 94 -93 51 36 -36 12 8 20 -90 92 -66 
0 85 42 100 88 -50 -82 23 97 -65 -62 96 -79 -100 38 -15 71 -89 21 -71 6 20 3 -30 -64 17 -67 -58 30 94 -84 -17 92 -88 -43 34 -30 53 89 35 -66 78 38 
-63 -94 -21 -63 -95 -79 -18 11 94 -61 -17 -5 -51 -34 -7 -89 -16 81 38 -8 -61 27 -53 29 -41 94 73 -81 51 92 -14 -91 73 -23 93 -16 68 -41 -39 90 -80 95 80 
95 -58 69 -91 -78 8 -14 -46 97 76 71 -100 40 -27 -41 33 -23 -27 -64 -92 -99 83 -32 61 -6 75 -88 56 -7 0 -5 -86 -95 -56 60 53 -23 6 84 -12 -36 42 -57 
96 -57 74 86 87 -68 -70 44 72 44 -75 -27 -33 -90 37 44 16 62 -31 -91 -36 37 -85 -17 -37 -20 5 100 -72 -54 -71 39 94 -83 21 -83 -16 -92 100 -54 98 -46 -14 
-65 96 -43 -22 33 57 11 97 6 87 -48 91 -91 2 60 -75 -34 -95 -37 -99 48 -56 89 26 45 6 -13 83 39 -34 46 -63 -60 -47 39 27 87 18 -39 61 80 -51 -66 
98 51 91 86 -70 -37 83 -83 -29 -53 -15 -3 -97 87 -20 -66 9 66 -1 9 43 -41 -75 84 -38 27 -22 51 10 -34 20 -24 22 76 84 -99 71 1 -68 -43 96 4 57 
87 55 -6 -40 -26 84 -91 -91 -51 34 84 57 -70 -62 -52 -90 9 -45 -74 -33 -57 79 -63 62 -7 -91 80 23 52 18 36 -33 41 -25 -31 -57 87 16 74 21 -52 -81 -89 
64 97 23 -91 -13 54 54 66 71 -33 -23 -50 -39 -27 60 -57 30 65 81 -61 31 39 -24 97 49 56 -96 -99 -62 25 17 -67 34 9 14 39 23 -34 74 -77 -99 1 -56 
81 22 -91 -63 -42 -95 -14 25 -70 96 100 35 -8 29 89 -19 -100 50 35 24 -100 -5 -94 13 -26 -19 -31 -5 -50 -48 -90 -55 87 24 59 83 39 -70 66 -79 93 -99 -39 
-81 18 4 -15 78 2 28 -50 55 -37 29 -53 -66 72 -46 99 1 4 43 -73 -98 20 -66 -52 -3 -63 -36 -42 39 -51 -77 43 83 -34 -82 81 1 66 -86 44 -24 -17 -3 
56 -34 48 -87 22 93 38 -75 -62 -27 34 4 65 93 -53 40 64 81 -16 -3 82 -21 -1 -79 38 -84 -14 -51 95 44 12 -32 -42 -30 86 -71 -54 4 -57 60 -65 -82 46 
19 -62 -27 -40 48 -16 -27 -15 36 64 58 21 -71 10 62 27 -18 -1 -49 0 -89 -32 32 -24 -30 35 89 55 -56 49 32 100 52 36 7 31 -88 -29 -84 45 17 86 -76 
-56 -3 -94 48 -78 38 10 -26 70 76 6 49 -73 61 -45 -47 -54 -29 100 -86 5 -82 -2 94 -36 -30 -56 -64 -70 -84 91 78 46 -64 -70 55 94 -97 73 -25 69 -3 -84 
-77 55 -29 79 69 85 -27 30 0 -45 81 86 25 95 78 -51 100 -93 -85 -54 -78 16 32 60 61 91 -23 -8 63 34 91 77 -14 -7 75 -73 -32 -54 51 48 -15 -73 -85 
21 76 -10 78 85 79 -66 54 58 96 -55 6 -87 -43 49 -71 -48 -57 -8 22 -3 -19 85 75 -84 34 -81 -98 59 -95 20 -83 89 -95 -99 -10 67 87 12 -100 50 -22 53 
-6 7 -37 63 -61 53 98 -34 -44 64 -23 92 -97 32 15 27 -78 55 69 8 22 76 -18 -60 20 73 51 -43 -73 1 67 57 -5 -20 16 -62 -17 -84 -12 23 -62 -78 93 
85 98 24 -68 -64 48 97 -69 -52 18 32 62 -7 -68 63 -36 -28 -3 42 80 -13 1 -16 58 97 -4 -52 95 72 14 -91 100 -42 -15 72 73 -9 36 -49 -14 -1 23 63 
-2 -34 94 -21 -77 -4 0 2 -22 82 53 -68 -44 20 -2 24 28 3 -39 70 32 19 2 17 58 -23 -13 -87 -13 35 99 39 -91 75 38 34 -6 52 17 29 13 -66 7 
-100 72 93 -18 28 71 -65 72 -30 -67 44 77 72 -88 -93 -58 50 92 78 36 -6 -85 -99 -11 -39 -83 -80 20 -49 -56 -26 49 59 47 28 -29 -35 -94 49 -97 -99 -96 -19 
-14 92 55 -2 32 -89 37 -73 24 -58 90 60 -30 71 33 -88 -100 -45 34 -58 -45 -10 7 8 84 -12 -34 -77 -84 -69 38 3 85 -24 -16 7 -58 -22 33 59 -14 -26 -21 
70 7 10 4 70 -60 -77 9 -98 55 46 25 44 73 -74 15 -84 -63 -63 -41 54 -53 79 42 -29 96 18 44 -93 -40 -20 41 87 -29 20 55 13 -93 -24 -46 1 -56 -15 
48 96 -77 -52 2 97 8 44 -54 -44 100 -47 -81 50 -63 78 79 -66 -13 -100 -53 100 30 -35 58 -35 -53 -82 -84 61 -60 4 -12 -17 71 -83 12 14 59 96 13 63 99 
-45 -7 -86 -65 41 78 26 -5 -50 -53 -69 68 46 40 78 -62 7 -56 69 3 97 -19 89 -25 81 -26 82 73 73 -83 -41 53 25 -52 -98 -51 64 4 69 -7 -76 13 54 
-31 -62 80 29 55 -94 -61 -99 32 -94 49 -100 -27 57 -85 37 -86 100 -16 12 -48 30 -64 66 -52 34 31 12 -90 76 34 -47 38 -35 30 -74 -53 77 91 -97 -15 11 -15 
-38 30 3 32 -34 13 -49 -46 82 -73 43 -26 -73 3 -3 90 57 -50 -26 -9 -30 -94 -1 79 27 -40 44 22 -19 83 40 48 48 -77 -71 -100 62 -55 88 -57 -35 19 -74 
-88 87 -17 -27 53 -67 -22 -13 41 32 -54 39 38 -34 36 -51 71 20 -83 -8 -30 -50 -24 -7 -45 -8 84 2 -16 9 35 -7 -87 35 18 72 88 48 -70 -8 -33 63 64 
-75 16 9 6 44 -15 -40 -91 18 -18 -52 -34 46 13 2 92 90 -78 52 11 90 -61 14 -83 -45 91 26 -90 -38 49 -16 91 -72 -75 -54 1 51 93 -8 -32 -92 44 26 
-56 -98 -99 25 28 76 50 42 7 49 -51 -6 12 -92 42 -76 -97 -68 -99 -7 -74 16 15 75 16 21 96 -79 -10 -95 48 -66 72 -30 -53 -21 58 -78 -63 28 -35 5 7 
35 42 -7 -55 35 76 84 20 34 -45 -91 -7 71 -9 69 -11 85 23 -93 79 97 -35 -7 -39 -27 -82 -7 13 -76 46 -3 98 -32 -26 18 80 -94 -57 -31 -43 -7 82 -90 
80 -56 87 37 -54 4 15 -93 41 -100 -79 -90 32 100 91 -61 27 -95 77 21 -39 -82 -38 -11 44 16 80 -99 -49 -56 32 -39 -67 -65 85 -98 -15 -16 74 -33 -54 55 -13 
-19 76 31 25 -47 -76 -81 87 20 -72 45 -59 76 59 54 86 -23 -16 60 -28 83 77 -55 -64 -39 -52 -6 -85 -76 22 61 -88 69 32 -94 -25 93 -2 36 94 -11 -29 -38 
-41 10 66 3 -47 -81 94 21 -48 50 88 -39 76 89 17 -51 -76 47 -32 56 57 47 74 -74 85 -92 100 -93 -21 -55 -39 -58 44 1 29 -60 44 60 15 -93 6 33 -67 
60 -67 -50 -15 -73 -54 58 48 77 -83 -93 11 29 -15 -87 -64 68 74 -26 45 48 -88 80 39 81 57 81 27 -82 -67 39 80 57 -29 -25 -31 -25 3 -39 -30 89 -85 -100 
10 83 -63 44 15 94 21 0 -84 28 -40 -40 11 -62 -45 -48 25 -16 87 7 42 37 -86 83 -69 9 31 -59 -43 40 9 21 -94 56 -1 -46 33 -96 7 65 67 -33 -9 
-67 -54 83 -53 27 -47 -90 87 -91 4 -72 -99 71 -22 61 -8 11 -44 75 54 -28 -21 50 -27 -25 -91 -24 66 40 78 -63 85 -25 -20 -36 -34 -69 -43 -100 47 -87 33 11 
86 10 -15 97 19 79 79 79 51 -18 -30 -85 34 86 17 -64 -50 50 -60 49 -1 -66 -7 -65 -46 -87 52 27 82 86 -29 -37 -53 -52 39 -98 -34 25 -6 26 -18 49 25 
-67 93 58 1 -18 83 26 71 -33 -91 43 67 -12 -50 39 -45 71 56 -35 56 95 -79 -81 57 37 60 41 43 16 -6 36 -34 21 -19 -85 4 24 -33 16 -3 11 89 -50 
90 33 24 91 92 -96 -16 81 -72 21 23 15 -71 -60 96 -78 -42 7 11 -9 -15 5 -70 58 -81 -94 -67 -21 -49 30 -84 77 -30 55 -25 -32 60 -37 -26 -73 24 70 38 
-42 29 -76 -15 36 -91 -8 -56 -29 -16 26 66 -38 -42 2 41 43 20 13 87 50 43 6 -81 45 -86 91 100 100 34 -66 -76 44 -99 66 61 -71 -6 -79 45 -5 -77 57 
-57 85 45 28 -85 -17 11 -34 -14 -50 83 -31 -9 13 -78 -27 -12 27 -79 -49 67 73 71 20 59 -74 -38 8 -17 -59 68 -55 10 -50 68 -7 96 24 -26 -70 28 -50 63 
-33 88 -49 24 -33 -21 62 -56 -18 95 -87 -76 -100 81 -91 86 0 88 -69 -6 -19 -99 -61 -84 -31 -90 60 88 -82 59 7 25 -60 26 -76 -76 94 95 -69 -71 -37 -97 4 
18 -74 79 -73 8 -32 -44 -44 49 33 62 -41 24 85 -27 44 3 87 -91 41 -67 13 -11 98 -62 89 89 -21 17 -85 43 73 -49 81 -96 -39 -10 14 -33 -63 61 8 4 
20 -58 90 48 3 97 78 25 85 -50 -9 -57 92 -88 -87 -48 81 100 19 6 8 -30 88 54 99 -8 -3 27 33 -98 -68 -60 87 25 -37 -15 -83 -61 51 96 5 -59 -61 
37 -95 58 78 -5 -3 -75 -3 83 -50 90 56 61 -78 -12 -66 -41 -24 -27 -45 52 -6 -61 -79 -15 77 -84 29 -41 50 -48 34 19 -29 -51 -85 94 42 6 -81 -33 23 40 
-13 88 -38 -20 63 34 -89 57 -23 86 31 -12 -77 20 46 -78 -60 1 -34 -81 -85 0 -21 -6 -69 -44 52 -67 -92 -19 41 -12 51 -76 46 39 23 87 58 67 -9 -69 -64 
65 32 -56 -31 46 69 33 -4 -57 48 -28 39 -32 46 55 65 -100 -81 -6 62 26 22 72 -22 -57 -86 -27 -73 -83 -37 29 76 -85 73 10 77 -65 0 -31 91 5 -18 22 
7 -89 51 31 -59 34 -81 69 1 -61 39 -57 -80 53 16 -77 -32 -31 11 -88 18 -22 -57 -35 74 -39 82 -73 -97 40 81 62 -50 -49 89 -89 -39 82 47 -2 60 -9 27 
-54 -18 17 -71 -24 7 -89 81 20 46 -13 67 67 -10 -52 27 28 -46 56 96 95 -71 30 69 49 -50 4 -88 -86 51 -63 -20 -70 77 79 -64 -36 21 17 23 8 -81 -46 
-89 -81 14 54 30 70 -88 12 -95 100 14 11 13 -22 39 80 -14 -50 89 -97 21 21 -13 11 -70 22 13 -18 7 -32 -80 -93 -10 28 -69 27 24 50 19 34 -50 4 -81 
-9 -100 92 -2 -36 -76 -39 -58 2 -35 64 39 97 -40 6 9 -12 99 -50 51 -85 -73 -15 99 -92 -44 70 -42 48 -9 22 27 -13 -77 -23 -98 -48 -71 2 81 -4 -39 9 
-7 40 54 -12 11 54 -36 47 -38 -36 12 13 72 -95 -49 -25 29 47 -99 31 74 -14 4 37 -12 -43 -95 -27 -54 69 85 -96 -8 -22 -53 95 -72 -1 -9 -78 -64 21 17 
91 75 15 45 -68 -34 -24 -60 19 76 60 -78 -92 15 -63 -11 11 -33 81 12 26 20 65 -56 -66 100 60 -11 -89 -47 -48 -1 94 17 68 -49 0 -41 -46 -93 65 19 -100 
51 -81 34 -63 -66 0 93 84 -5 -79 -79 60 -65 -25 -90 -92 53 60 57 -25 19 -38 53 -74 54 -29 -32 6 31 -12 -59 70 47 95 69 79 16 35 -75 -21 20 -8 89 
-7 98 -11 -57 27 -40 -20 4 62 93 30 -10 -54 -20 25 -12 -62 -67 -63 -75 -86 -39 46 85 70 -57 -53 24 -31 10 -68 -1 78 -54 66 -33 -63 28 -44 65 -12 -90 90 
41 92 0 -60 -32 75 81 43 -19 3 -99 73 -71 -44 -13 38 -3 18 65 10 26 -1 26 94 -24 80 -100 -33 -90 74 -58 62 22 25 5 68 70 33 15 60 93 71 -47 
-19 -83 48 -33 -33 -79 -5 -53 8 97 -41 52 91 49 3 -47 -57 49 -86 -95 55 -8 -60 -87 -23 -68 60 13 80 58 41 67 -80 -73 -18 -44 -95 7 -68 56 -3 77 -7 
83 22 19 51 -25 50 -61 -80 -84 -28 50 -82 59 91 -20 16 -15 -25 86 2 48 41 96 -84 42 49 -72 -36 -59 -16 -49 88 -94 66 -35 61 17 -85 22 86 -88 -33 -90 
-13 -100 60 35 -44 -5 68 91 67 -37 19 74 -44 -92 -73 5 -68 8 30 30 24 50 54 4 57 67 23 -89 -88 -95 -51 40 97 67 -71 -81 -30 -81 -72 -7 26 -2 -2 
-66 -90 -27 -9 -1 -34 67 43 51 74 -6 68 15 -39 -61 92 64 -79 53 21 78 -3 73 26 -82 63 83 -54 17 42 83 -100 -64 38 -9 88 -87 -13 -86 4 -93 -80 -66 
-39 61 -11 54 -14 58 20 8 31 -89 87 73 -100 -71 47 32 91 -6 -8 68 -94 -14 -90 -33 -85 -47 -66 22 0 26 -67 -73 40 88 -78 59 12 37 -54 96 -96 -64 62 
-16 -53 68 -21 -21 -19 -35 88 74 98 -30 79 -9 19 92 -37 -57 55 65 14 -64 60 -76 -39 7 81 83 -24 -39 90 27 82 93 -88 69 0 95 53 -62 4 82 -21 -76 
-49 21 -42 -3 21 -16 -42 -91 -5 -80 -16 15 57 -71 -80 -55 63 48 -22 -67 90 -15 -67 -9 74 -91 37 40 34 -49 -47 23 20 92 74 11 35 93 43 1 66 17 -81 
-57 23 45 -2 43 30 97 -4 -4 -95 -35 83 -39 29 17 78 35 -53 -65 84 59 -46 77 -30 -52 87 13 -79 -99 49 19 98 94 72 -63 96 81 51 -81 67 33 8 87 
-24 -25 -47 99 66 -78 -70 11 1 94 44 25 -100 -62 -3 -94 1 42 3 -58 43 -41 88 -97 -58 87 -70 3 -59 -57 -98 78 86 -58 33 31 -35 62 79 67 -48 49 58 
41 71 -12 -56 83 -26 9 -76 -6 35 -29 71 76 0 -89 -30 -65 -93 38 -74 35 -24 88 -98 25 50 78 18 -96 -51 -91 -51 0 37 44 -2 -43 38 71 -74 77 -97 96 
-83 66 61 -47 51 -47 12 -17 -18 -2 93 83 33 -2 83 -18 30 -9 -2 82 -71 8 -21 64 27 -89 72 -68 22 -55 -77 87 -75 31 40 -8 76 22 15 23 67 -98 19 
-46 -65 -26 -38 -66 -89 85 -63 -94 -15 -13 17 4 -17 -66 15 -68 25 -1 -61 -41 78 -90 38 -5 46 90 -3 13 -75 -83 40 10 -50 -29 -96 -30 77 50 -50 -78 20 -90 
48 -45 56 -87 -9 -73 -38 -76 -56 29 -92 -65 91 88 -2 55 -89 -17 -100 94 21 -57 54 63 92 -37 53 -94 95 -62 38 -85 35 87 98 56 -71 50 -48 -24 -24 -46 -4 
14 46 47 59 31 -15 65 6 -86 -51 -44 -50 -24 -36 -93 15 66 -53 12 96 66 61 9 -71 61 -54 -26 43 11 -19 11 35 -72 26 -47 85 61 61 -57 1 53 -16 -88 
77 -28 -77 82 15 -5 70 29 51 -15 -21 30 -43 -22 8 -56 68 50 -8 -40 -10 22 -88 -80 -5 -21 -58 23 -23 73 69 -42 -50 51 -26 -64 2 -78 -7 -10 78 47 -57 
-68 25 -44 16 -93 60 -42 20 -50 23 84 -28 -18 -94 38 -25 76 60 -55 62 -80 -26 96 -12 -89 -71 73 17 52 83 36 -79 -53 27 83 -83 -26 89 -12 13 -84 57 -69 
52 6 58 4 41 -53 -87 -89 19 27 36 -55 -1 27 63 -58 80 -27 -13 -39 40 -2 -44 18 86 65 45 -51 -26 -88 60 -57 17 -35 -25 94 77 93 12 -3 95 48 18 
-55 -28 -47 18 -49 -3 66 -51 41 -78 89 -88 -35 35 -9 -93 -8 8 31 -30 -67 6 -13 -5 -27 9 -78 -80 85 5 -79 -56 89 -49 7 -98 -12 68 50 66 -8 47 -36 
-52 84 97 87 -92 -86 13 71 86 75 -19 -40 18 -14 23 -65 -72 93 -51 35 96 -74 38 23 -10 33 -6 -35 62 96 -100 -34 69 42 -67 100 71 80 57 88 -4 71 -5 
-83 15 59 35 -99 58 -9 -56 48 -44 71 92 -96 -61 21 -70 -67 -50 -46 -90 6 77 -85 15 46 -47 64 -46 80 36 -74 -98 28 75 -21 1 -63 15 -55 -25 -76 -18 -80 
11 -50 6 82 -64 -13 91 35 -89 39 16 -84 29 30 16 14 -30 27 69 8 -12 -88 53 0 -62 -72 20 40 -51 55 2 -74 45 3 -7 -27 -37 84 61 -44 -58 56 13 
79 -94 70 -59 78 75 1 51 9 39 24 52 -32 -76 97 -22 22 -76 -71 82 -72 25 -64 96 -5 -10 43 -20 -47 38 18 -82 -88 -16 -66 77 7 -20 34 -74 59 33 98 
-37 30 -94 -37 33 38 31 -42 32 90 -70 -44 -11 85 -49 -69 -50 88 39 16 40 -76 -24 -7 81 17 76 -45 -56 30 -77 -37 37 -93 -51 -42 4 80 -20 -2 -27 -64 81 
34 48 0 57 -100 87 -9 -51 -27 -69 -40 -15 30 47 -68 41 40 15 88 92 30 -87 60 85 74 14 -69 -93 64 96 62 -99 -31 75 95 54 30 23 -48 19 22 -28 45 
-76 -41 -78 -65 -85 -74 -66 -55 -11 -65 -70 -43 -98 63 -4 -29 2 4 -25 81 -79 77 -100 57 -63 -68 67 -17 66 -86 -98 -40 74 -34 -39 -52 -60 -63 -1 -41 -99 -32 -55 
39 -61 -62 -60 20 -71 -39 -65 39 98 -6 -2 -40 -3 2 -93 -70 -77 75 95 -76 -43 93 -81 68 55 -69 -62 -77 6 94 35 -59 -32 -94 27 -42 31 93 19 -65 14 82 
-89 22 -90 -70 -9 -81 -63 74 91 94 -57 0 -17 36 74 53 37 -89 40 -32 1 -42 26 -90 86 24 19 -22 45 97 64 79 52 70 -69 64 96 -61 25 39 12 23 -81 
-71 97 -84 -89 -93 79 -84 26 47 -37 67 -7 8 -95 39 -45 40 37 -42 49 -42 70 -74 -32 -71 -37 15 40 7 47 -95 -53 -15 10 99 -64 -58 72 -64 -100 83 56 -64 
-29 51 13 16 67 -53 -16 -99 -26 -63 -27 -65 -46 -98 -4 16 53 44 9 59 80 65 -62 12 -71 52 5 5 97 -31 56 -93 -53 -99 -48 -64 -55 79 -86 -50 -2 34 38 
-29 18 43 -50 52 -71 59 10 48 -30 19 -64 72 -83 -64 -71 -76 88 -24 -82 0 20 12 34 19 94 -19 14 19 79 82 62 85 -62 71 97 9 -21 52 -76 -96 85 -46 
