-34 -30 61 76 32 20 78 -2 -11 -40 81 21 -70 99 69 47 -20 -56 42 34 33 70 44 -85 -61 78 -53 19 80 -94 -37 76 -54 -28 -58 61 -98 35 97 11 
-84 35 -31 89 36 68 41 -58 8 21 -33 31 76 -32 76 -79 -5 92 77 -79 -32 -99 4 -53 -68 -29 11 -37 -29 -72 66 -78 -79 41 84 23 67 -69 -70 64 
-79 2 -20 -79 -21 27 47 2 -46 61 11 0 -42 -34 66 72 -97 63 68 -52 -3 32 39 -98 -100 -24 -62 -55 -63 -18 -67 -13 -56 55 51 8 -72 84 25 -20 
11 35 -69 80 -11 -75 -65 -60 17 -35 -39 -58 -57 -8 -55 63 -33 64 11 89 46 53 58 0 -84 -62 72 45 -50 78 9 30 -3 40 58 -87 50 -54 -36 59 
12 58 -91 9 -59 66 -29 77 -8 -37 37 -57 83 -15 -98 -89 -96 -95 33 -46 -56 -89 81 53 -84 -60 -48 12 -57 4 -77 14 -38 -58 -3 -47 15 49 -38 66 
18 38 5 38 -16 -62 -20 76 -80 95 22 81 31 8 -25 69 15 -46 83 82 -50 -2 64 9 95 23 14 42 -64 -30 54 -99 -32 26 -74 -17 -54 -27 -8 -50 
-80 -10 -70 21 -58 92 -98 4 -88 -52 81 82 25 4 -97 -94 46 -41 -39 41 36 19 -93 -18 25 58 -49 1 74 -75 -37 74 -45 37 -8 35 37 74 86 -2 
17 -23 50 -19 86 76 69 -5 -9 44 2 -88 -5 -61 -64 36 18 -63 -87 -36 100 51 20 83 -96 -24 76 -67 -43 11 52 11 -96 -35 -78 -11 36 -14 -36 -93 
-93 51 75 -52 -96 12 85 79 -28 69 -82 -77 -65 60 77 -12 -94 -28 7 -96 -95 -85 87 -6 26 -17 20 31 86 -79 -9 -31 -86 -48 12 94 93 -54 -2 9 
11 41 65 95 -57 -23 75 -3 25 -80 50 8 -87 35 -10 65 -66 99 55 55 44 -46 -6 96 -10 15 12 -32 66 -40 -7 63 -21 59 -95 -68 -62 -59 70 94 
-81 -10 -81 -89 91 -60 4 -9 -63 -58 42 31 70 27 67 15 73 -90 -85 26 -65 77 71 47 19 -12 40 65 -40 -25 28 13 38 4 -11 95 4 34 81 84 
20 -8 100 76 -57 -35 25 -5 -64 57 -6 59 -3 51 -24 82 -41 96 -97 66 82 -54 15 27 22 -47 -3 -55 -64 61 81 99 -6 -35 -43 26 -60 -1 -8 99 
48 -82 -14 41 -59 -80 60 -74 11 94 82 83 -73 -97 53 69 -14 -11 93 75 37 40 9 -11 64 86 6 -14 35 60 -100 -16 4 -4 45 -31 78 31 -74 -33 
-65 91 -27 11 -63 -52 10 25 -99 11 68 19 44 52 -74 -70 24 -88 -92 -29 46 -58 -38 93 43 -31 86 93 -19 -15 88 29 -99 95 -75 70 -61 -63 62 66 
61 31 2 -31 95 50 -90 -62 69 -68 -5 81 69 43 98 -75 -8 -18 52 -68 -43 20 7 6 -72 -83 -73 65 10 64 -59 -15 -55 -78 -26 -17 17 -84 -24 -96 
37 -28 23 64 -51 -98 83 9 37 -71 65 2 -69 9 -58 -85 -34 -16 15 -79 99 -79 -99 36 22 59 -59 -81 -48 53 62 -68 -32 -75 23 -92 -7 -13 -36 -47 
77 -17 3 -38 46 38 -14 -83 53 -55 -15 94 -2 53 -32 -24 -57 87 -57 -36 -91 63 -86 92 90 -6 -47 89 -36 69 -67 -57 4 -75 20 72 95 1 46 -40 
71 -55 33 35 12 -78 -88 -42 -18 71 65 -30 -41 15 40 20 -29 -54 99 19 -79 44 73 77 65 -79 -26 -24 58 39 81 -58 73 86 -70 66 81 32 8 25 
8 96 -78 -52 -7 -99 -89 -9 -94 -10 -77 -74 -1 49 -94 -67 -2 -56 -33 50 -75 -22 74 49 59 -94 -56 -64 55 3 54 52 59 30 -80 -33 -62 27 85 31 
-86 -36 -83 -73 -88 -82 80 43 -96 -61 -68 15 -76 70 -36 -51 74 -50 -64 -8 -89 -43 42 2 0 -8 -30 46 -20 45 -76 7 17 94 50 -29 20 -7 42 79 
-57 -3 80 -82 77 79 -96 33 -47 54 -97 34 -56 -41 -17 68 79 36 -71 -28 -11 -34 84 57 84 -41 62 -10 -93 7 1 62 62 60 3 -14 19 -24 -10 -5 
-54 19 -45 -70 -79 -38 -69 -70 -31 -61 -36 -99 63 -25 -96 -56 57 86 -32 -36 72 -9 91 -75 -55 41 -18 -13 0 80 -39 -40 -25 60 74 -73 80 -88 61 4 
55 -48 -79 86 -89 -35 61 -46 -9 -3 4 95 -14 47 53 50 -91 74 -98 70 39 -64 -79 -40 83 29 16 -99 90 -93 -55 -49 -39 -93 24 -20 18 -24 -26 65 
-24 -70 72 -13 60 -20 83 -42 7 74 15 -94 -36 -73 34 -100 -85 -28 -50 -23 91 -33 -1 -72 -31 -6 86 -16 -64 5 -19 -93 69 -75 -67 6 80 25 -53 26 
27 -18 -26 -26 8 94 -71 82 86 -86 -16 -31 22 100 -48 5 31 25 90 8 -33 -79 12 -44 66 -29 -37 -29 -2 -41 -44 10 -89 -23 55 -20 37 39 -50 -50 
-71 -85 66 96 99 39 -53 -86 -81 -62 -13 69 20 56 -78 4 26 -23 -14 -65 -1 60 60 82 12 -46 -52 23 -66 10 48 -37 38 -82 -59 -73 -2 -30 -78 73 
-27 -19 -83 -24 55 -17 49 14 44 -52 24 12 68 -31 -98 -15 -84 84 -52 -43 -27 51 -30 35 36 7 -67 91 43 34 -36 -13 -18 -18 -61 -21 5 -59 -49 68 
15 -60 -59 -86 28 31 1 -48 60 93 -46 -61 35 81 100 -14 -65 63 17 -38 -22 -89 -7 79 -37 -46 90 13 88 -8 -66 -19 54 16 -13 9 91 42 24 -13 
-89 54 15 76 -29 48 -17 -65 -17 -20 75 -75 16 -56 -28 -10 -19 -71 -3 63 38 62 15 -34 -90 -67 -66 81 -28 33 5 9 -3 -79 -100 1 19 -90 21 -11 
34 81 -57 60 65 -67 100 63 10 92 30 -38 -16 26 -94 12 -73 33 29 3 14 -48 1 68 39 10 -97 67 -8 -62 27 72 -27 -20 -6 94 18 13 68 -99 
-22 75 -50 -82 -100 -72 51 67 6 5 74 -70 -71 37 32 60 88 -27 -81 3 -60 -2 65 10 9 13 9 41 91 -76 64 4 22 62 91 75 -9 -8 -73 -17 
-93 -40 74 -63 -48 -15 24 -19 -78 36 -35 -16 85 53 -93 99 60 -41 77 -98 13 98 -65 -73 -89 -90 -53 -11 10 -38 99 14 16 -69 -75 -67 -40 65 28 -86 
-60 54 67 35 -43 -55 57 -15 24 -32 45 0 -89 85 -3 -81 -63 63 94 -36 59 -60 87 80 34 -78 -44 -24 51 -79 39 -91 64 -4 -59 30 32 51 -52 -83 
-61 -4 41 73 -91 -90 -56 -6 -83 43 -39 30 72 -96 -66 -80 44 92 62 57 -11 -24 -100 -93 -13 -47 -57 76 53 12 14 71 67 88 50 -40 -41 -87 70 -88 
-34 91 88 81 -73 73 6 38 -55 -17 -1 87 -91 -75 -49 43 -53 -94 -42 5 53 91 82 94 -76 20 6 -54 -6 -38 -16 63 93 20 85 26 51 41 11 -40 
15 41 18 4 46 20 -91 95 73 33 67 -11 23 51 28 68 93 -13 -3 -11 -88 11 85 -56 -8 -21 -28 -68 34 77 70 -100 89 26 55 84 -42 -45 48 72 
64 -29 -59 17 -31 13 -80 -3 17 -47 78 -39 82 -28 -68 52 85 -77 30 34 56 34 62 88 16 -93 65 67 39 -59 63 -55 2 -32 74 -6 24 38 14 -89 
84 -56 96 -21 -24 95 -28 13 -12 -55 -25 36 20 16 -95 37 -58 62 60 38 66 -21 -74 2 87 -12 85 1 -12 -18 84 44 -53 -42 36 -64 30 -10 -79 -77 
-63 19 41 -70 -15 73 -79 -44 -97 -54 42 84 33 65 -67 -37 55 -95 -87 87 35 -20 65 -74 72 63 12 85 78 77 92 -58 -54 -52 99 -85 -36 -64 35 -27 
-44 32 93 -58 -13 57 90 18 72 -94 37 4 41 100 81 -92 -71 8 92 -34 -89 -24 -22 80 -47 -22 -31 -30 -21 88 -97 -88 -32 7 -48 75 84 -28 -69 -88 
63 79 71 -64 28 -75 -28 -58 -31 90 59 -17 -78 59 -5 -57 21 -87 29 78 -34 -22 -14 -12 47 -11 59 -54 -56 34 0 70 61 5 -49 28 38 17 -31 95 
76 -40 -41 85 -96 -95 -34 -72 -88 -99 13 67 -54 -34 -58 94 -80 -86 26 71 46 59 -8 -46 95 97 96 -65 8 42 13 -79 -35 51 -7 85 59 -76 -39 23 
-72 66 53 -62 -100 -88 65 -85 -38 28 -71 -47 55 95 -44 17 0 -70 45 -56 89 -24 -83 71 18 95 31 -62 90 19 48 0 -39 -88 -81 22 -6 95 -50 37 
-75 -42 -15 69 39 -57 -71 -3 11 30 39 10 58 1 -9 -51 37 96 30 65 -87 65 -19 23 18 -72 93 64 29 -24 94 -85 4 -13 -61 -79 -68 -65 -86 38 
77 96 -82 58 77 47 81 -85 -96 -32 76 68 63 -51 -43 -59 -43 60 46 33 -78 0 -68 59 66 -46 35 96 73 -8 44 -84 -30 76 12 56 99 88 96 -12 
16 56 69 -45 -66 -98 13 -96 -55 -71 -1 29 -72 -71 -93 -42 -37 -39 -94 38 94 -61 -61 -4 -93 96 99 -52 57 89 40 80 0 29 92 8 -40 -46 33 57 
-20 85 -62 -3 84 -32 -29 41 -94 -95 -100 -69 -12 7 3 78 -86 20 -47 20 17 54 -26 94 27 -37 23 -3 46 79 0 -94 -80 -70 59 -13 -69 -25 -83 -37 
73 20 -90 -51 29 -73 -42 -20 -98 79 -72 -41 5 21 -47 3 49 -58 74 -51 -3 63 65 -77 3 99 -32 -61 -1 -38 10 -70 75 36 -2 -100 -90 -24 -28 74 
48 -28 55 8 -54 -46 -34 39 -21 40 -74 -42 -34 -38 96 -88 -97 -97 -35 -3 -77 83 -69 -93 66 -49 29 8 -9 -94 29 -60 25 40 -66 11 -13 1 23 56 
53 -69 98 6 -83 -16 -95 64 30 24 33 100 -54 -94 -30 -48 -48 -68 94 -80 66 -19 -26 82 -58 10 -97 48 69 78 93 62 26 36 96 63 -10 -91 58 -20 
77 -66 -100 65 -91 -66 -7 46 50 57 91 24 37 93 -77 6 -16 -34 92 21 91 -24 72 -71 -90 78 -91 -94 55 -20 -56 -18 44 0 72 81 4 41 -94 85 
34 100 97 -84 60 -20 -58 -79 -99 86 -61 -33 74 2 20 -38 89 -58 -4 -22 -68 95 100 85 23 30 -22 -46 39 -75 -68 38 -54 -89 -56 -58 -10 42 -77 -53 
71 -99 -81 85 -38 -67 -73 -1 22 38 36 40 7 -1 35 10 -40 95 -61 -89 -97 -76 45 47 92 -22 -51 -55 -88 87 -48 86 -67 -8 68 81 -70 -43 -19 -80 
-15 -39 -9 -73 36 100 5 69 -86 41 -96 52 47 37 -82 99 -14 40 -68 -32 -89 89 -30 63 68 -75 -32 27 -32 -23 -70 45 -51 68 45 -38 -26 70 99 23 
7 -65 97 -83 56 -37 -77 46 -95 25 92 35 -79 23 9 28 90 1 -60 -52 -23 -48 -49 -25 31 -12 -20 47 85 17 -90 -82 17 97 -6 99 -48 8 45 97 
24 53 -19 17 -18 60 90 74 -28 -15 88 58 -47 55 97 -64 49 -88 87 24 -90 -38 -66 7 -93 54 60 14 33 94 96 -4 10 -48 27 38 -85 -64 -58 -36 
-85 100 -2 -67 67 -90 -46 64 94 9 69 -80 40 15 -58 34 -92 3 56 -70 77 -15 5 -69 11 -56 57 67 3 -63 24 83 71 -100 -2 -9 -70 -95 -8 -20 
-45 -37 27 3 33 -87 85 -98 26 -68 64 -1 58 83 -2 87 -5 90 12 40 93 13 75 -12 -86 -46 23 87 -74 -74 10 77 66 -93 -63 -81 33 -84 21 26 
56 100 85 -14 15 70 -52 -43 -20 5 -23 30 2 40 -81 -7 89 -78 74 -68 -37 -83 -76 79 -10 -86 -42 -98 -51 4 -24 -55 78 -25 41 69 -79 -16 81 -77 
25 -55 44 -62 3 -24 -54 -4 76 -76 5 30 86 74 -88 -81 47 -66 84 7 20 -15 -72 74 55 -13 -81 -25 -23 -11 -13 31 99 95 90 -63 55 -33 42 -60 
-3 66 92 73 -23 97 93 -51 19 -55 20 62 95 -41 66 -69 56 -14 7 91 43 -32 -51 79 -30 39 32 82 59 30 100 -25 5 47 24 63 -43 87 -92 97 
91 -5 68 4 51 35 -66 -64 38 7 -85 -43 -59 -76 23 -83 27 30 -88 27 23 56 37 42 80 88 42 -52 -28 1 -47 16 35 -91 -79 -22 -72 58 -52 -60 
-42 -44 -39 -60 -91 -50 74 -48 -49 -6 -95 15 94 -26 32 -40 83 79 -63 -75 37 95 97 47 66 -60 -76 19 50 39 40 -17 -14 -9 -27 87 -86 -98 32 -42 
-58 80 -61 -42 -55 98 68 100 -35 -53 -49 -90 57 82 -1 -52 97 33 -8 94 -99 100 29 22 -5 74 -96 -49 68 96 98 48 -62 -6 59 2 -7 -75 56 41 
75 -95 -62 28 15 25 33 99 -31 28 -59 87 -40 61 -73 -60 62 72 34 -34 -91 -49 11 4 79 -68 48 78 -46 -80 -45 -76 -26 -38 21 -39 35 97 42 76 
29 85 -65 -10 -73 98 60 40 -9 33 -91 26 -67 -77 -25 61 75 48 39 -59 37 57 28 43 57 -90 19 -64 2 68 51 -62 -30 92 -9 -73 -47 95 -22 94 
47 -47 38 -83 -14 -34 -56 55 21 14 -67 0 -63 82 -12 67 -27 87 67 -52 -34 -77 20 -93 -62 -3 46 0 -28 65 -65 -59 -39 70 66 -39 60 -15 63 -26 
57 -29 -89 14 -1 0 36 -85 54 -98 -50 81 -43 1 98 -16 -4 76 -15 58 -62 -34 -48 -99 48 49 97 -94 -48 36 22 22 22 78 -1 -45 84 -25 -62 63 
-6 -52 -13 21 -25 -1 -38 18 92 13 -60 84 -48 32 -99 -80 -6 -3 -79 82 24 -3 68 -21 -78 81 -74 -74 64 -99 -57 -16 89 -84 -24 64 44 -73 -75 -74 
-52 -20 83 23 -48 -100 -23 33 61 -78 68 45 -26 42 78 -9 73 -48 1 -7 -81 -55 94 -8 69 0 85 -42 -9 59 -88 94 54 80 51 8 98 -88 -70 -86 
2 11 9 -5 14 90 27 -8 -90 45 -93 -22 -45 -47 -38 14 -2 -86 -36 -5 -61 -70 -96 -14 -32 70 15 -13 -50 -52 -50 -99 52 -44 -93 87 7 55 40 -93 
-62 53 76 -92 -76 -75 -97 100 -29 -17 99 95 30 97 -81 93 -61 69 -70 -53 -75 -10 -48 -57 -72 57 60 -53 99 19 75 -54 -72 55 -10 37 -24 -77 -32 -16 
59 58 76 -26 2 -18 -11 27 75 -59 -75 -12 62 -26 -41 -25 -51 66 23 2 81 -94 39 -82 12 -44 -46 14 2 24 83 -77 -77 49 -96 -79 5 86 89 -87 
31 -99 -26 44 80 -86 53 76 73 7 49 -49 35 86 44 42 81 -44 92 26 13 63 96 -68 -80 38 42 -53 17 26 -47 -19 7 11 16 -47 58 -35 55 -8 
95 -9 46 56 -45 -33 -16 29 -29 -67 -37 93 12 34 -17 -2 68 -48 -76 -57 95 7 -53 -14 2 -12 -55 81 31 10 -65 -49 -77 54 -3 -78 -90 78 -85 7 
-39 -13 21 -23 99 64 83 0 -39 -29 57 71 35 59 34 97 84 -40 60 -71 -17 40 -54 40 60 89 -40 -100 80 88 -52 72 54 55 20 3 68 1 -77 55 
99 -3 50 51 -35 1 -27 62 -90 -69 -79 -37 87 49 90 18 55 8 -23 -72 -68 -39 41 24 -88 -13 22 40 -9 -17 39 -47 -100 55 81 -11 -61 87 92 -67 
76 -60 27 20 1 29 53 50 76 44 -47 33 -27 5 66 38 -54 -56 -47 -56 46 5 -68 46 2 -46 80 3 70 -83 77 27 -2 -13 98 24 -33 -70 -71 76 
-9 -77 -100 -3 90 -55 67 67 -11 61 63 -37 17 -19 17 53 73 -63 58 -25 16 87 -19 84 88 46 -31 -53 50 -84 17 97 -25 -7 64 11 11 55 96 72 
80 61 77 97 -92 52 -42 -73 -81 -18 -39 -79 1 43 13 -77 5 47 59 -25 42 -15 38 -5 75 67 96 98 -30 54 -17 100 90 13 -50 -72 -80 -76 -50 47 
