11 -67 75 -15 70 -33 -21 -11 85 1 -98 -58 -37 11 82 -9 -7 39 42 -14 -91 58 69 -80 -94 28 96 -67 -57 93 -9 -77 80 -61 84 65 -26 86 -52 64 -61 -65 73 41 68 -90 62 74 -87 44 -71 21 47 -97 
24 -57 -47 -30 -63 44 -55 -51 -77 -92 49 -75 4 54 34 26 8 14 35 53 65 15 -98 -4 63 22 65 -51 -86 63 -74 16 76 35 36 86 15 -76 -36 62 -42 31 -87 -74 -52 84 -16 -83 62 2 21 40 -50 65 
100 -87 78 -42 -27 38 95 -12 82 -60 83 99 -12 26 -74 37 -10 -39 -55 74 -14 26 -21 -2 75 -30 63 -14 42 36 39 -49 59 5 -78 -97 -99 -6 42 -100 -42 8 -36 70 -77 -61 -76 84 -69 60 -34 -31 69 72 
-72 -47 31 11 -66 -28 4 -59 42 41 -4 -13 45 85 -1 -11 49 45 -96 -67 9 -7 -89 15 -18 -60 -39 -9 -94 -51 -29 93 -6 55 -53 -93 -17 -92 37 43 78 -18 8 -40 -10 -60 82 88 51 25 -29 -26 71 48 
1 96 76 48 96 -46 10 -88 24 95 -79 57 23 59 -26 54 -88 73 -84 -33 -46 39 23 49 -51 47 12 -46 -58 3 99 -41 21 -7 -83 -14 -52 88 -10 73 90 74 -25 18 30 -81 -55 86 63 39 73 -22 -37 81 
12 -90 -68 41 48 -2 -9 -66 -31 -89 40 -20 -6 -86 -22 50 23 -23 65 -47 93 1 20 29 84 31 52 36 -22 69 -52 21 -91 -46 -22 23 5 -93 -43 -21 -9 -52 41 38 -47 -63 -54 77 -53 60 41 -67 -27 -21 
19 -62 -10 84 49 -71 61 81 -53 63 -45 44 -91 18 80 -49 -53 -16 10 -78 -83 27 -45 -64 32 -3 -5 53 95 26 -96 -95 -92 37 -92 51 -39 22 50 -9 80 21 19 56 -14 -49 -58 -81 18 9 94 38 -25 -42 
-85 33 -3 26 86 -53 39 -10 -29 17 42 21 -6 -63 -95 -61 38 -100 -79 23 -31 65 -22 -45 56 43 -29 48 -89 -16 -47 -57 -37 66 15 64 -4 -1 -89 -91 5 10 -50 -73 96 96 97 51 69 0 44 -89 -71 -51 
-9 16 -10 -72 36 68 -48 65 18 -51 98 44 97 -26 -12 43 -84 -27 -91 -42 -16 -8 -80 33 -25 6 -64 28 -19 -98 -39 96 -37 93 -11 59 -86 5 -76 72 -99 -27 98 -80 78 -32 -27 -50 -99 33 -17 -14 38 80 
-78 17 4 -87 0 54 -98 57 88 37 5 84 -69 65 61 80 -51 -46 -19 76 40 91 -92 -82 -70 39 -3 37 -36 -52 -77 46 21 98 -53 -70 70 -95 -34 38 -61 25 -38 64 91 97 -25 -36 47 26 -97 85 -83 59 
4 27 -45 37 86 72 -72 -90 10 60 -66 30 24 -59 -93 76 -75 -55 37 49 -23 61 97 85 -15 66 100 -27 -17 -93 64 -21 -7 -30 -29 -11 29 39 -2 -16 29 -86 7 -49 -9 1 37 -88 -25 -64 -41 34 -84 -41 
-15 94 -64 67 67 6 12 -37 -68 68 -21 -42 -33 21 86 89 64 12 33 97 -8 24 51 21 37 97 40 -32 -11 -71 -99 -52 -92 -40 72 86 72 -56 94 -27 76 -11 -98 15 -2 -53 -22 82 65 -90 -75 -54 29 73 
-59 67 -68 9 54 26 -8 40 50 -61 -69 -19 73 -65 1 14 21 22 -15 -88 -91 62 11 -65 54 -25 30 -84 -4 -30 84 -63 -52 89 -33 64 -58 76 29 35 80 -76 86 -16 -66 -44 62 18 1 73 28 -12 -69 43 
87 16 91 -86 -18 29 -31 -100 -78 78 54 -17 81 -47 35 55 -52 4 -35 68 -90 44 61 -2 9 70 59 -84 45 -100 58 44 57 96 7 -34 43 -85 -85 55 3 86 95 -79 67 -51 -21 33 -85 -6 6 76 9 -14 
35 -75 86 -44 89 -44 44 43 34 -59 -21 16 8 -100 14 14 78 -57 -92 6 73 16 -72 65 97 -38 -84 -58 -94 -95 -74 92 11 -80 15 7 -5 -15 12 -43 -9 -32 49 19 34 -90 -98 -8 -99 -22 -66 11 -31 -48 
70 -19 81 98 5 83 6 -100 -45 -81 41 -88 -19 91 18 -41 -41 -44 55 92 -36 -95 55 92 68 4 -64 -78 -29 81 -44 9 91 -32 -15 -42 17 8 -69 67 65 -100 -95 100 -11 30 59 -60 -58 -40 -60 -36 24 -47 
-45 52 -76 10 -58 0 51 -57 -81 43 -93 -63 64 -44 84 55 42 -28 -60 45 98 -46 -76 -21 -69 57 -30 60 -31 -62 -70 -26 -71 75 -96 91 -41 42 80 67 -30 63 -73 83 -57 18 -37 -67 100 88 18 60 -51 18 
46 30 -78 -25 -23 -54 27 47 -15 80 -99 -72 80 68 -5 94 82 -35 79 70 -93 98 97 23 -86 45 83 60 -82 42 63 -76 -90 80 -34 -70 -5 -79 -62 12 23 -8 67 -81 -98 -21 61 -95 -62 52 -61 28 13 37 
57 -15 41 35 22 8 -77 30 39 -80 53 68 93 -14 84 -82 43 -48 100 11 55 -15 -6 -93 -10 92 -68 -45 -96 70 55 6 74 -48 89 80 -69 71 -94 -26 54 7 -15 -11 28 89 5 -90 -75 -25 -31 74 -42 47 
52 60 95 -32 89 88 63 -40 34 -11 -88 43 -56 26 -35 66 -41 -79 88 -62 -97 -34 -30 56 -84 74 -47 -21 52 20 -4 90 -36 -100 54 52 -77 -75 23 -43 -39 -44 2 10 2 -4 17 100 -87 -32 2 82 -91 97 
27 -40 -94 -13 23 -79 62 -46 82 7 90 91 -49 -96 -69 40 -55 34 -12 64 16 39 -21 3 87 -50 -40 78 65 -12 0 -33 -84 47 -62 42 -97 -45 -41 -35 26 22 -14 -71 -16 24 41 -12 -63 -59 -45 27 7 -34 
37 -18 -47 88 -22 61 28 79 -85 -62 33 95 -54 38 -2 89 64 -20 100 -31 66 -57 -26 -14 -46 57 86 -22 -95 95 77 -64 25 31 -41 23 38 -74 -99 30 52 47 -16 -89 95 -66 96 50 -98 90 82 16 -7 -7 
-52 -62 51 21 55 -36 -78 88 44 88 55 19 -100 100 -20 -3 -74 -60 -10 -72 34 -23 -28 -10 94 38 -91 -96 65 77 -41 62 -21 78 -71 95 -71 -87 -27 -9 -50 -88 -87 100 -72 -98 -32 39 -97 -67 -18 52 -85 12 
65 -41 -33 66 -84 78 89 25 57 -79 86 -98 -33 -96 67 3 75 -86 20 -47 5 -2 2 -35 -94 -44 -92 -53 12 -60 -89 2 -92 25 -2 47 -64 -91 95 8 -34 30 96 -66 13 -44 89 9 -23 55 -4 -21 69 45 
-33 1 43 -95 -23 -38 4 -63 -57 -1 -33 -8 -51 -22 -3 74 -49 41 -94 52 -75 12 98 19 -54 -76 13 -80 -62 -70 -56 42 -29 22 -70 75 64 57 -92 -37 -18 18 97 -88 68 -44 -84 75 0 -38 42 11 -37 -80 
24 51 65 100 59 16 99 -86 2 -30 56 -14 78 -28 -26 16 48 -74 15 -85 28 21 -34 98 -82 68 25 25 1 19 71 24 87 1 11 14 -80 -59 -51 -43 -79 -15 -53 -16 54 42 79 54 -83 61 -58 -78 93 -45 
80 -62 -46 -30 -65 43 -91 37 -6 92 64 -50 -55 -35 -23 -66 99 -96 36 -4 -37 99 38 35 -61 92 14 -23 21 46 -89 -10 16 41 -94 -66 -13 13 73 56 89 -13 33 -82 -57 -95 4 -3 7 -8 -27 -19 -84 -39 
-35 -45 -77 12 66 -8 -13 80 32 96 24 -26 1 -94 -98 -87 -16 71 100 -67 19 23 53 -76 -8 -97 -14 50 70 6 97 80 -24 60 30 1 -19 14 88 -59 19 -34 52 -40 -8 -52 32 -84 -23 11 16 99 10 100 
-78 38 -41 100 -98 30 -75 5 38 -47 6 -11 -1 25 12 -43 -20 -50 -95 -19 28 40 74 49 -78 -33 -97 -25 -77 -36 -39 -28 -89 35 2 -73 62 30 -23 23 -35 73 29 48 89 -50 -24 -79 39 -48 41 66 -68 -3 
3 -54 -33 49 57 70 -19 -45 -93 86 75 61 -62 89 51 -27 21 -20 -64 -54 99 70 -10 -12 -2 -11 -7 23 -54 -47 -15 -34 -55 42 -80 49 74 98 46 -97 -79 39 -22 68 98 0 -45 41 -48 83 -99 -80 31 27 
-10 38 58 47 60 72 -73 39 -20 36 41 -83 -16 -91 -78 2 -71 -70 -72 85 35 -43 90 -83 90 67 50 14 61 24 95 76 -8 54 63 -81 -42 23 -18 -17 -10 -5 -62 2 -32 -54 30 -36 42 53 -35 -83 -20 -20 
82 10 -47 80 -73 -75 97 -7 88 49 -66 61 17 76 80 -5 74 -81 -43 -26 -96 91 76 31 -11 -94 -29 12 -100 -55 12 32 -49 -41 94 3 -10 -4 -54 95 24 35 -5 -57 24 3 -22 -30 -3 -63 54 -35 92 12 
-54 -1 5 -60 56 -18 -8 84 -31 62 45 46 -100 8 47 2 -98 -90 60 51 -80 84 83 -97 -82 -9 10 -7 96 59 -64 47 -63 85 -72 -71 85 -56 -95 92 -21 12 -87 72 -98 -73 -76 55 50 79 70 0 -74 23 
15 -45 52 -38 -44 39 58 -6 -75 -57 -90 60 -85 97 -59 89 35 32 -10 39 -95 -83 -98 -36 -96 92 -61 43 18 81 71 -29 44 89 40 -71 -41 20 50 -69 24 39 -93 -40 -14 41 34 90 -88 18 71 2 89 -23 
58 -84 -50 -63 89 9 39 -28 62 -59 -9 -52 64 -43 98 -47 44 -64 -16 75 26 -80 -96 -51 -92 58 -66 -16 4 -60 69 -7 49 -4 1 -72 -78 -37 49 29 -80 -18 -64 0 24 35 10 -31 7 -13 17 70 -10 -9 
56 -77 2 5 -73 99 39 -87 100 3 -48 13 20 -9 -54 -8 17 -54 -5 -68 42 30 -19 32 79 -18 -2 -55 84 35 15 -91 52 50 35 49 69 49 -15 -72 88 97 42 4 -49 -55 97 18 31 85 -81 79 -14 91 
-8 -14 93 26 -43 46 -90 95 -24 -91 -77 77 32 75 60 10 77 -56 27 -17 -52 77 -69 11 -12 -66 12 -33 25 78 -30 91 -79 -61 -9 -80 -39 -97 -31 -47 13 -12 46 96 -7 -17 46 -48 70 -59 94 16 46 -2 
14 79 -17 -92 73 39 51 91 -78 78 -39 -56 30 49 30 -66 -18 20 -63 -50 -90 26 84 5 -57 65 56 85 -36 -72 -52 96 40 -99 -2 80 30 -5 -49 80 -15 -42 -27 -61 88 22 91 57 90 23 88 -30 -36 1 
-16 46 -41 -22 -78 -53 -12 -23 -13 -40 -19 34 46 -69 -91 -33 -95 55 46 82 40 79 39 98 -57 -64 49 -68 24 -25 52 -93 -99 41 -26 -96 19 -77 46 51 88 57 -26 -100 -89 57 -97 -12 78 53 1 -60 -66 37 
68 -63 91 75 -65 78 27 49 75 -20 41 -96 9 -30 68 -91 49 -23 -16 -17 -23 -37 -91 92 -83 -93 72 4 13 -61 3 68 2 -79 13 -6 -15 -77 -67 -44 -91 51 46 83 13 -34 42 22 81 7 84 91 71 64 
28 -53 -70 41 91 -74 -96 42 66 -17 81 -99 -44 58 85 -19 80 88 -15 93 -13 -9 -19 -52 28 -78 39 -16 -81 -95 -75 -37 -49 64 -15 65 -59 76 37 19 -26 1 -50 -92 -76 -12 -50 89 30 76 -29 34 84 -76 
94 47 -94 100 99 -99 49 12 -30 13 -26 55 -63 46 -10 -47 35 37 -51 41 88 -53 -25 72 -37 24 -86 -25 76 -98 11 -13 40 -17 76 -54 -58 -8 -10 -26 -27 -28 -8 -23 -50 71 72 -68 92 48 16 -44 5 -100 
-29 -86 83 84 -6 29 -100 -2 98 1 -98 91 34 87 -91 -48 67 -63 73 -2 35 -4 -12 -96 86 88 20 8 19 10 -65 68 -57 31 22 45 -57 36 21 46 57 -67 38 42 -46 67 55 -50 -33 -94 79 42 -83 63 
-99 5 -88 -7 -14 -40 89 -21 89 -36 -1 -17 -48 96 65 55 -50 74 5 -2 -89 35 -70 -71 -70 20 -18 -43 61 16 -4 0 -79 -89 5 -75 34 92 90 -86 49 -48 49 5 -33 0 -47 65 -6 20 -81 91 30 85 
51 -40 81 92 7 -26 -83 -86 92 51 38 -13 -51 -72 -1 52 -83 25 90 35 21 27 -22 75 59 12 -10 -30 -18 -74 30 21 1 -83 -38 -2 52 73 -71 3 -48 -80 -61 -4 66 50 -41 -53 19 -90 78 30 -43 -17 
-35 -45 -52 -38 -77 -77 8 75 -92 87 -9 -25 -90 33 -59 96 41 16 50 48 -59 72 6 -83 25 -52 -23 25 -3 11 -65 -28 10 -24 100 34 96 29 14 2 18 -40 17 -84 -53 -32 7 -55 82 26 -84 -39 -85 -23 
-91 -99 -85 24 -91 43 -90 26 72 100 -6 -64 12 43 9 17 -28 45 45 -91 41 23 -12 35 71 42 57 10 -3 15 68 9 -46 15 -69 -65 -68 98 44 -77 13 -77 -83 76 49 -70 2 87 99 -99 -92 -75 55 -80 
-78 13 80 59 -62 -3 58 -36 -39 -69 -100 -2 -49 -95 41 -74 2 -72 -4 27 -21 94 79 -5 11 -56 37 57 -6 96 -79 31 -90 74 69 -49 -84 62 -87 12 41 71 -3 89 34 3 -52 -63 14 5 48 -95 45 79 
-85 -36 71 -49 -37 -35 -2 94 -10 -38 44 97 -61 44 57 46 -59 56 55 74 -72 -22 45 -47 -47 34 9 26 -87 -27 -34 -24 10 -36 96 -36 -49 -21 -33 -31 -60 -35 26 77 -46 -33 66 -76 85 -100 69 -15 59 -92 
31 3 -96 -92 -36 82 -87 30 -69 14 -32 35 60 -57 46 -75 -56 3 -93 -68 20 59 -1 12 -39 55 32 -84 38 -4 -66 -3 -78 -78 1 -3 94 45 -19 -97 -22 -26 -3 92 -10 48 3 78 60 -97 -71 4 -45 69 
-79 -79 8 72 -15 -81 -86 41 32 7 -56 -39 33 53 2 -27 87 -44 -64 19 11 26 20 100 40 -13 78 28 25 -81 -87 -88 -77 58 94 -93 -38 -1 -84 -70 46 -57 -16 -15 63 -27 84 -38 -19 -39 -75 -36 -33 -86 
-95 87 94 99 -6 -6 -51 84 -84 -70 88 0 84 -89 77 10 33 38 48 -3 35 68 54 8 -68 -48 86 36 -65 -47 73 -40 -54 83 -52 -72 -21 62 -75 -40 46 14 59 22 15 49 -88 -31 -16 -93 19 13 95 -32 
19 66 99 70 -9 12 22 81 53 88 -79 60 -81 -21 -70 6 57 -48 17 -24 1 53 -42 46 69 -38 -78 -29 4 56 -77 -38 39 96 -88 27 -86 100 72 -83 -42 80 -63 -38 -49 61 66 -37 8 95 -25 -9 19 -39 
81 60 -96 56 -6 94 0 100 -15 3 -63 22 -9 59 59 94 32 85 -77 9 -70 -26 27 -42 -71 -31 30 88 9 -69 4 28 22 53 96 -79 -68 -36 -99 -82 -79 94 -22 60 -25 20 -24 21 -77 82 -35 -29 -19 -47 
40 99 -11 16 43 -5 -73 -70 37 -12 -80 -61 4 13 13 -21 95 44 -28 -65 -25 -24 -57 13 97 33 8 -43 86 58 45 -47 24 -89 89 1 63 26 -46 -65 -78 66 -46 79 49 -93 43 14 98 -68 -19 -12 -89 32 
56 -22 -56 88 -14 38 61 -29 36 66 6 50 -49 -50 46 -54 44 -62 30 71 -68 5 41 96 -85 -64 4 45 -66 55 39 -79 -19 -84 -16 22 59 -51 -63 0 23 -1 52 -60 -68 78 -34 -96 -97 -51 9 -1 51 -7 
-74 -58 43 -41 -26 -67 -99 30 71 46 42 78 47 30 12 -1 16 69 39 -76 -1 -43 77 24 64 -49 95 99 73 40 95 -94 36 44 -42 36 73 -8 -1 -74 13 -71 3 22 -64 -41 18 -55 -62 5 47 63 24 73 
19 78 33 18 38 28 48 79 63 -49 -3 -100 -60 -2 12 20 55 -95 90 -28 26 54 -32 -26 64 28 -37 -69 -83 -61 46 16 100 25 -80 88 48 9 90 21 32 -58 -52 -61 -90 -74 91 -54 0 -6 99 44 13 -70 
-67 98 -16 90 47 -28 -80 77 74 -68 61 -66 -31 82 -80 57 -25 100 -54 -19 71 -93 -88 -73 -19 -95 -35 -95 -80 15 75 88 56 -2 -15 11 59 88 -32 -48 79 -11 -84 -26 -25 -70 -46 -35 -48 63 -1 51 72 -40 
-6 -21 71 -55 -58 42 7 -69 27 41 -91 -33 -85 26 10 72 -20 51 19 -29 53 -98 -17 64 -84 44 66 43 -70 -33 35 17 89 -8 97 69 11 -100 -85 -32 15 -94 94 49 27 -41 59 -75 -4 -68 -69 -3 -55 0 
48 -61 -51 -31 -6 -56 -22 53 -87 -36 -10 90 -68 66 -22 -83 29 93 -22 51 59 -5 -9 -5 79 -2 -89 83 -16 4 17 81 38 31 -31 -62 -82 -18 39 -91 56 -16 81 95 80 -23 80 -36 -78 88 24 99 -10 82 
-8 63 -41 -49 65 44 -58 14 3 75 1 -90 -94 43 38 80 -68 -31 14 19 -45 -3 45 49 -53 -29 -92 44 3 -21 1 -1 37 55 -32 -63 -13 -28 90 -33 -39 10 20 -4 91 43 76 -94 31 -59 -14 -35 88 -80 
-64 -31 -60 71 -61 20 40 -17 73 53 -63 -88 -4 -41 15 -27 -77 29 41 -94 -13 82 17 8 -68 47 -19 40 -5 6 -95 -32 38 -61 84 -95 80 54 -31 -53 63 90 8 50 -97 40 -41 14 48 -19 -7 -31 64 -60 
19 8 -70 43 54 -46 93 -80 -49 -25 -51 -56 81 53 86 4 75 -44 -49 -70 92 83 -88 71 88 68 43 -32 -56 -52 -90 10 -82 -73 54 -78 -72 -94 -38 -68 -45 -67 -29 87 27 -17 15 -7 -68 73 -84 34 91 55 
-47 -81 69 35 80 85 -45 43 98 -57 31 22 72 5 6 95 39 -15 -63 -21 31 -73 100 66 82 -27 -94 84 -11 -37 -64 -79 36 -74 -32 89 -85 78 -2 75 -54 54 46 -45 71 -68 59 69 -75 7 -24 -4 -29 4 
1 -41 -7 51 49 -75 -13 -66 -41 -27 -55 99 -82 -94 84 -77 67 -98 -8 -81 -29 24 -34 95 -39 -88 -15 50 63 -17 33 84 -80 -83 -8 29 -88 71 -63 67 97 67 62 -52 85 -78 -91 77 -94 12 28 77 -59 -91 
-33 63 48 -64 75 24 -89 -53 28 53 58 11 20 11 49 50 -33 69 -99 -48 87 -72 4 15 -74 -99 79 91 78 -19 -4 26 76 24 -39 -16 -100 -48 -45 93 -71 50 -90 -32 -14 -28 34 -19 -64 -82 -56 7 -89 11 
23 64 15 11 -14 -17 93 -45 -24 94 -14 -68 -21 -43 -76 -31 8 50 47 72 -24 -58 67 -9 -74 -10 -5 89 -45 -41 -10 -85 10 95 -7 1 -5 29 76 -100 77 49 21 45 -33 90 85 -61 56 50 8 30 14 83 
-48 50 -6 80 -77 -37 19 22 45 77 -43 -3 27 33 -39 23 40 52 -66 -59 -78 -66 78 52 -80 -24 -40 29 31 -68 79 -57 23 -6 -12 -7 100 92 -45 70 81 14 -31 24 -54 -37 53 28 -15 40 -89 15 68 89 
68 2 58 79 49 -64 -35 -94 -98 95 82 62 76 -19 5 -59 -98 71 36 -9 87 58 -18 -71 -73 -8 -43 -49 -87 71 -53 30 7 -89 3 -43 -88 -26 -96 55 11 -84 57 22 -82 -43 -100 -59 93 67 -8 -73 -64 -70 
-99 74 63 21 -13 -6 -92 66 69 24 12 -6 -99 -6 -5 84 -72 -46 31 97 13 83 20 11 96 -35 -84 -97 13 -56 -64 -12 72 25 -22 -34 51 -91 31 48 -27 63 -27 57 92 86 31 -86 16 -22 81 -87 90 4 
57 6 31 -90 -58 60 -4 -78 14 18 -85 22 21 -48 14 97 29 26 -79 -22 98 5 82 -39 84 47 82 -78 10 -25 88 91 -67 86 -89 20 22 31 9 -61 -23 71 4 90 -60 -19 46 69 -50 -33 -51 -65 -50 66 
24 -51 80 40 -57 50 62 -15 37 82 80 19 -94 87 96 56 30 -37 -94 -58 -16 63 73 -24 73 36 32 43 40 -38 -84 -81 -40 60 -10 -62 -96 -66 -58 71 18 19 -96 -3 35 20 -12 -97 -22 -68 -3 62 41 -40 
-27 -59 -6 -80 -37 -8 12 43 -45 -48 -90 -88 -34 -50 -81 -70 59 -10 5 -34 -44 25 80 -19 58 50 47 95 -77 -35 -46 1 47 27 41 -66 54 -65 -15 -86 76 60 89 -59 -44 84 75 -9 66 96 -80 59 -64 -37 
85 31 -26 -38 74 -77 46 100 -16 81 35 94 97 -48 88 -91 -54 20 -97 73 -44 38 -5 -93 -42 -96 84 27 -93 48 -38 -41 -68 8 -88 -73 -81 -50 3 55 -100 30 -53 94 13 -8 74 99 59 10 71 -61 -94 67 
67 -76 85 -11 -84 -86 12 -19 94 -59 -99 4 -33 -61 -70 -30 -66 67 -62 93 -98 -45 88 -9 29 -58 -38 -41 -45 -72 -14 80 -13 -95 12 -47 -100 -37 -63 75 52 85 0 27 41 26 -38 -85 44 61 59 -67 59 66 
77 -9 65 81 -36 -74 75 -69 98 -54 -39 -3 -32 -92 -52 88 -92 -29 56 -46 45 -82 -8 -65 -23 58 48 63 -77 -47 11 -30 33 -85 1 -69 -17 32 -56 94 38 81 -90 96 -32 -100 75 -60 -46 -59 48 68 100 -56 
62 64 16 -89 3 47 29 4 -32 26 79 -39 -59 63 22 24 -62 44 -32 43 -16 -29 -61 51 17 79 -99 -29 38 -22 10 47 -30 -55 40 34 -72 -99 -92 -49 -95 -92 -60 -23 -36 -22 -51 -29 -93 100 71 83 72 86 
-68 -45 38 34 -61 41 -9 31 -34 -75 -75 77 91 -76 3 -13 35 26 -57 -75 -72 10 81 63 56 -62 -93 19 33 -2 16 94 49 100 -25 19 -61 -60 -76 42 41 -82 10 -43 -73 56 -91 -44 -48 46 50 -7 -21 90 
-34 -58 78 30 30 -67 28 54 71 -61 -48 30 -30 -72 3 28 56 -99 -87 74 29 68 -24 -30 -48 71 -52 9 26 7 -60 -81 -3 -59 -65 87 -54 -21 12 -44 -44 100 95 -10 -11 -9 13 74 -89 41 -27 -90 89 9 
65 51 70 78 12 -87 -96 -67 -84 -26 62 -87 -59 84 -48 -52 21 -21 19 49 71 15 -14 55 62 48 -75 -64 -52 24 34 -23 11 -45 -72 80 -21 49 -9 44 -43 94 -15 23 32 -64 26 -1 -9 -37 26 92 51 -60 
0 -25 -25 88 -88 -87 29 38 -37 -43 0 -67 100 -30 -38 -42 63 -30 63 -74 -25 38 -44 60 -60 -66 -81 -96 73 -90 -70 69 -9 41 28 -29 -75 -50 49 89 7 -100 16 -99 -74 13 -29 88 -89 48 25 -19 -76 -17 
43 -16 -71 -16 -51 20 -26 74 -40 -54 17 49 98 10 82 25 77 -35 35 -88 12 98 25 -19 -82 -65 -52 -14 85 80 -7 6 31 -77 70 -91 5 -97 71 70 100 13 -5 70 -94 49 -70 -38 -95 28 68 -67 -12 96 
17 42 15 -51 -7 -72 -17 -97 -7 -55 70 51 63 11 -59 54 9 -54 36 40 -93 -41 60 -8 -59 24 56 29 80 29 45 57 2 -96 -59 -68 -17 27 73 -100 7 64 84 77 -78 62 43 -51 95 26 -52 -46 39 -90 
62 78 75 51 -22 -79 -3 70 12 -68 -38 -40 -76 28 -35 -76 -29 95 -50 40 -87 35 81 -66 -3 95 -25 25 -78 54 -40 -96 90 -19 31 -50 64 -85 -61 -31 -8 -44 11 91 -18 24 56 36 81 85 -23 20 -86 71 
38 -87 8 56 84 -50 6 2 -61 50 39 73 28 -75 -90 -35 -39 67 -21 -63 -42 60 71 40 37 44 -6 11 -76 78 35 33 79 -1 35 76 -37 57 28 62 -45 -27 -78 97 60 -38 -53 65 79 67 0 -5 -68 -20 
-43 -26 -86 98 70 -38 51 33 98 77 -11 -7 -22 77 -36 67 -93 -87 -63 44 53 -42 -18 3 -92 20 100 -80 -81 -8 -29 62 -14 -58 69 15 96 -57 67 -67 20 -85 91 -74 -17 87 -38 12 15 -85 52 5 18 82 
78 -75 -81 25 46 15 -70 -40 13 88 26 -83 -87 100 67 32 -99 45 -21 -71 -35 -79 -9 65 97 -61 -23 -61 -32 -16 41 71 -47 -91 35 24 -80 -44 -2 -25 -97 -36 68 65 0 -97 55 -99 21 -5 -34 -73 -43 -52 
16 90 90 -70 -53 -45 -73 -92 -9 -95 9 62 -19 -28 63 -93 41 -77 62 5 -64 86 77 6 -9 -14 -76 89 42 70 -87 -41 59 1 26 37 -49 -61 83 63 21 -28 -5 30 -89 -24 -88 -75 -28 -83 60 46 14 95 
44 -9 89 52 -52 -81 25 36 -52 -81 -96 -96 24 -16 60 -20 -6 37 9 -11 -57 -86 4 -53 -45 -53 -80 -99 53 72 28 11 -80 87 -66 -84 96 54 -68 -91 99 18 -49 30 4 -59 83 59 97 19 23 74 -74 -19 
-66 -29 70 76 65 -38 -66 -6 -51 -15 95 60 -35 25 20 11 -42 -97 -98 -73 25 1 -92 0 87 28 70 38 95 87 97 19 31 50 67 18 -56 75 -14 -10 1 -64 -6 16 -88 -78 45 -35 -2 6 22 34 -68 -90 
-84 -67 -56 15 -15 -15 18 -70 63 -7 7 -97 -76 21 93 -49 54 -20 82 73 94 -96 -16 -68 23 0 -39 -34 -69 -25 86 -95 -43 99 -2 -78 55 -45 48 76 77 98 -67 -2 70 -38 -14 78 -83 -24 49 -68 30 34 
-33 85 -8 74 -63 -52 -43 0 25 -72 -75 -68 56 51 -97 99 29 -12 -77 -48 -73 83 100 34 18 -43 -14 13 -88 -50 -86 -11 16 -4 23 95 93 28 80 -77 61 -31 -15 -12 54 76 92 -100 76 75 67 -97 88 100 
-51 -17 45 -61 -55 56 -51 41 52 12 -50 -99 -54 -93 -33 6 41 18 17 -79 29 4 59 43 -85 26 -67 99 -56 59 -54 61 -38 -54 -99 -5 -36 -60 61 -33 -98 -71 -94 -9 -56 38 -83 65 6 -6 -12 -49 87 30 
21 65 -90 81 -65 54 71 38 -39 35 -59 -6 -14 47 17 32 -81 -83 -47 -5 96 89 -91 44 95 -59 35 -91 50 -33 -76 -25 -75 -65 -22 50 -54 100 -3 97 82 -31 58 -88 24 81 16 74 99 -76 32 -18 46 48 
13 82 70 95 15 -65 -66 -42 45 14 48 56 11 -6 -56 -27 -82 -77 -46 4 41 47 -8 -34 43 -44 38 -9 -68 40 -26 -65 55 -19 -94 85 -8 -15 -43 30 90 -33 54 -80 -100 74 -48 99 -63 61 97 -22 -66 -65 
-28 -38 -39 20 -48 -1 77 98 -11 25 10 -29 67 -46 -32 -95 -36 -44 -67 -61 -95 -94 41 -14 46 -73 -65 -7 66 33 -84 -94 25 -74 -32 28 20 40 -5 32 4 -15 -90 34 22 -82 -56 84 -79 30 -72 -67 -48 -57 
-92 26 11 79 -55 60 -56 -48 49 7 -20 -88 -28 -21 -35 67 -61 -15 3 -69 -67 -58 96 48 -12 10 -19 -65 47 68 42 17 -54 64 -10 54 -24 -10 16 -1 -10 -99 57 67 69 -64 -84 24 64 100 -36 16 -44 36 
-43 -23 90 66 -11 -89 -77 -79 62 65 20 92 -86 -92 97 -87 -31 -63 -25 55 92 -74 -59 48 70 -4 -6 92 -80 77 -68 29 55 -53 92 -93 19 -59 -64 84 -5 2 79 34 -68 99 -33 -69 -20 -40 -71 79 -44 -53 
53 31 66 -66 -45 -98 -59 -60 -68 55 96 -36 -40 -19 51 -66 3 -16 -40 -13 -63 43 68 24 -18 -72 26 43 -73 13 -23 95 -83 98 77 3 46 -12 -49 19 -2 -9 -38 -88 28 -20 -87 -77 55 -32 -30 23 66 -61 
86 -93 63 -17 -14 4 -98 -76 -8 -84 -81 97 -89 3 -84 -72 16 -32 67 23 82 -32 -68 -63 -64 73 -25 13 17 -58 -1 -55 73 -86 -49 -24 -93 -53 -4 92 68 24 51 -51 -78 -33 -55 -71 -86 -14 11 43 -23 -78 
75 7 -35 -14 -78 84 -69 -17 -51 69 40 13 68 46 -25 5 48 98 -54 53 46 44 -13 -75 23 -1 29 -73 -99 77 -78 55 -33 84 20 -22 -84 31 18 93 97 -33 80 -27 -42 -61 36 14 -6 69 53 85 49 78 
35 -93 -77 63 -74 -45 -32 -96 -71 67 -42 -40 33 -43 -49 -23 6 82 -22 -26 -5 -1 -85 61 77 -4 -4 -30 40 -46 67 11 -96 97 -55 -4 50 53 -100 -42 -56 66 100 15 -69 -46 -69 -54 -7 45 4 -98 99 14 
80 68 -84 17 -78 42 86 8 -98 63 -50 -20 -17 -42 -44 91 0 -90 -83 53 -72 56 82 25 29 -14 -7 -12 71 2 -43 -34 -34 67 -9 -47 70 43 -24 52 34 -25 -85 6 -81 39 -86 83 3 38 30 77 2 -74 
-7 -55 -34 -29 22 -26 -89 59 78 -4 -17 -2 57 -68 -62 -60 54 56 -86 64 61 25 -97 -100 -6 -94 -79 -18 10 23 -5 75 -12 -73 69 15 48 70 84 -63 38 -83 -39 -72 90 -62 86 56 -62 -16 27 -14 71 100 
-12 39 -30 68 98 -66 45 -22 -1 -10 -39 33 41 -48 32 -87 -11 -89 -60 -86 -75 -18 46 -13 -5 -98 15 -54 -50 -99 -47 -11 64 -11 -79 -25 -72 -37 25 83 -19 91 -79 -43 -80 25 -30 38 -3 6 -71 -48 -9 25 
73 -37 70 30 55 73 -17 49 63 -95 98 -99 85 52 -44 64 48 55 53 -61 75 -46 94 -91 -70 57 -59 -92 31 51 -58 -62 39 -20 -12 65 91 -3 39 -44 -71 -50 -31 5 60 -85 20 14 1 -51 38 9 -24 87 
47 -24 -47 -42 -87 -1 37 -75 32 49 -3 -95 89 -46 -72 29 -65 80 -43 14 -39 -48 21 49 85 37 49 -8 59 -32 -68 -79 -68 -2 -21 -82 93 -100 -68 38 21 0 -77 -47 -86 -91 72 76 55 -80 75 -39 -54 90 
