-37 -28 -24 -10 -22 46 -37 77 -9 39 -20 -42 97 67 -3 96 64 -65 -23 -31 14 51 59 -65 74 50 -62 20 -23 -63 85 0 39 -15 60 9 63 27 
41 41 -29 -13 -65 -62 14 41 80 33 -55 -40 -74 93 -30 71 -57 92 -55 -71 64 -86 66 52 62 100 -38 49 50 -12 -91 -40 81 -82 70 22 -22 -23 
23 -25 88 87 27 91 50 -86 -7 48 44 53 -57 5 11 32 -72 -49 33 -3 -45 53 -42 96 -44 13 -31 66 -79 71 -90 -48 68 6 -27 30 -6 27 
-19 35 -84 -44 -18 -67 -26 17 89 -63 2 -8 47 87 68 -47 -79 -63 4 66 57 -21 -92 -9 21 -78 -71 88 90 -16 -41 -93 -98 14 -4 -89 43 -84 
27 -26 33 -61 22 44 -5 -55 -50 58 -23 80 78 -73 62 -21 21 -18 67 -11 72 -84 94 -93 46 -24 -70 67 -18 8 92 -78 -78 -5 -8 -47 38 -12 
-76 90 -16 -73 92 -33 -97 100 -14 -37 17 -27 -64 -31 -26 62 -71 -94 13 80 100 70 75 -89 -44 -15 -28 98 28 -13 -5 36 -18 35 -23 23 -15 -28 
-84 -37 -55 71 -35 -37 -63 97 -14 -22 71 78 -72 -29 -80 -41 -24 100 -55 33 30 -7 -62 21 -6 -65 88 -71 8 -19 -100 -48 -10 -88 -91 -25 -13 80 
66 89 -78 -86 -98 -88 92 99 -63 -51 66 -49 -11 82 -93 29 -5 -39 -49 100 41 44 38 -81 -76 -69 91 18 16 -59 -20 -94 8 94 -75 14 97 45 
96 5 51 84 -72 81 -98 74 33 89 42 -59 51 24 7 72 27 -22 -43 -19 54 33 29 99 -12 -30 61 -47 28 58 78 -94 -59 4 100 -43 51 74 
81 35 -77 84 -79 -3 -12 71 -51 3 11 50 -74 -61 -58 26 84 92 55 -13 -4 -60 -78 -3 98 -31 -3 -29 -44 -18 -77 -27 66 -23 -9 -40 -96 33 
57 -99 67 94 -17 -22 -2 74 69 -93 24 -10 76 -11 38 67 -16 -61 90 9 51 11 22 59 -33 14 41 -31 -26 47 1 16 -67 20 46 -84 -7 -95 
-8 -73 100 41 -30 25 29 45 -66 67 7 57 -75 -6 -35 -10 -49 -100 -48 96 -49 52 -96 60 71 15 97 62 -84 9 95 -60 -11 71 -68 -13 -12 -13 
-92 -40 98 100 83 -41 -86 -6 -32 44 15 -34 -51 26 -1 -31 86 -47 21 -91 -100 46 -92 48 58 -29 -13 -29 -55 -12 30 53 -63 38 26 23 1 91 
0 80 58 51 93 34 -77 35 -83 99 -34 86 -4 -98 26 29 -66 69 41 48 -43 82 -29 -11 78 -29 -72 -54 9 92 -62 -68 45 -24 26 -68 8 -4 
11 17 66 97 76 67 11 97 47 67 -50 19 -83 -42 -5 43 -100 33 70 -24 -72 -91 -96 -71 -82 92 -28 12 15 64 46 86 -65 -8 -41 -12 -46 79 
-27 -78 14 71 -44 -94 -85 33 72 -3 52 -85 -33 -44 9 -87 -49 -87 69 -69 35 74 -20 19 -98 -20 -42 -5 -90 27 41 32 100 -62 5 38 77 71 
9 -16 85 80 -26 -1 1 66 -62 14 -91 100 87 -6 49 -42 -17 74 -78 -15 -82 35 66 49 56 29 24 -72 -50 11 -87 -40 32 -25 48 -39 -88 35 
23 -75 57 -27 74 -7 53 74 -99 27 -39 37 29 -56 57 80 -4 45 51 35 -59 -32 66 73 5 32 83 78 -7 -82 17 9 -70 19 27 1 -23 -29 
-82 68 76 -49 -2 -56 24 -73 80 -85 36 25 41 39 4 -58 -83 63 33 51 53 56 54 61 1 -72 89 -10 -14 69 -89 -99 79 36 44 79 42 -64 
36 -2 -92 74 -21 -96 -38 -24 98 82 36 32 -1 63 -44 -9 -85 -69 -52 -11 -16 -82 -21 -25 39 -100 -37 -62 87 72 25 41 99 62 -85 96 64 36 
-43 -98 18 97 71 71 -99 23 72 -73 -61 -81 26 93 79 -42 -58 -60 -30 -46 27 75 -28 23 13 90 18 -65 -52 50 75 1 37 8 -65 88 -57 -29 
-85 96 -64 -29 13 -64 36 29 -66 4 67 3 34 18 2 11 -85 52 -28 92 67 4 -11 -56 -22 8 -23 -48 -51 -54 -17 -83 43 51 63 -5 -82 12 
-75 66 43 65 -44 -10 -83 -22 -1 -95 -100 -89 68 -56 -24 -52 51 -5 28 -100 -21 -69 -11 31 70 53 -95 49 -55 53 79 -91 93 6 34 -84 25 -57 
38 50 70 -86 71 40 12 46 100 57 15 -15 -51 -87 73 62 51 41 55 89 7 -96 44 58 21 41 -8 2 -21 -34 91 -83 44 -70 -30 7 49 -30 
60 98 -22 -42 96 -23 -48 -6 -69 56 -20 64 38 -78 91 -50 13 56 18 -79 38 30 -24 91 42 -65 -53 95 -66 -99 -35 -74 -44 -43 71 -58 -43 -31 
61 23 -66 -41 -2 11 -71 59 70 28 -2 20 -99 -83 -88 -25 80 -8 66 -36 80 -10 -3 -30 -87 36 66 82 39 -51 -2 10 31 50 -17 -73 6 -10 
61 -9 95 -79 -15 -55 -57 27 -84 36 9 -79 -49 -50 34 25 -67 61 -80 79 14 -27 -95 48 -6 48 37 -29 -82 65 5 -40 -70 78 0 -19 -88 5 
17 13 -27 -74 16 -29 90 73 -73 60 90 80 44 49 61 60 7 -73 56 44 30 88 96 60 31 -80 -45 88 87 -23 -13 -40 77 17 -68 3 -40 88 
-43 -44 -96 -63 84 -100 -23 -50 -13 -65 65 86 94 -82 87 -14 50 25 -95 -67 2 33 83 99 21 39 -88 -79 -78 -60 6 54 50 -44 -95 -27 0 -63 
87 62 -42 83 18 78 51 -39 -83 -87 -67 -65 -45 -65 71 -27 -10 -66 -43 -49 21 -57 -2 29 80 -61 47 45 -23 -25 97 83 -37 -15 0 51 15 61 
95 -24 13 -76 -66 -28 -7 30 -32 12 -92 50 -25 -56 16 -18 48 -26 -67 -87 -28 79 -96 -23 17 66 -61 -42 -39 68 61 -4 19 88 7 15 65 -85 
-72 -35 -25 9 -49 -63 -64 79 87 42 -62 18 92 45 -63 16 73 9 56 78 35 -98 -23 -87 -17 -95 62 -17 -73 82 91 91 74 -54 54 86 -73 -78 
58 -54 -45 64 -30 -96 -69 96 88 -94 -90 17 -71 -87 66 37 78 -76 -48 -72 -18 -86 7 -80 -82 -36 92 -69 56 -2 -75 91 -27 -27 36 79 68 30 
61 -92 71 -12 61 -69 59 -70 74 -71 93 -48 -36 79 48 42 85 51 38 46 -67 68 -37 1 -40 -87 25 92 31 19 91 30 -71 40 -84 10 -19 -16 
-53 27 29 56 100 -40 80 69 -11 82 -73 21 -93 35 70 51 -15 -17 -82 58 -6 66 90 5 -31 49 -27 -12 -70 54 25 -37 -77 -64 -3 -96 -25 -73 
87 68 11 -56 -77 -47 52 -72 65 -69 81 37 25 -66 -44 80 -100 -60 11 48 62 12 60 37 96 83 86 -66 -19 -12 86 -68 -100 -70 72 -70 -90 -45 
-89 18 86 -2 -6 -44 -3 -74 31 74 44 -25 42 1 18 -10 -36 -39 40 -26 -98 29 29 92 29 0 -49 64 63 -32 -27 80 -18 -96 -88 98 -81 69 
-73 -76 -42 -46 -20 -15 8 79 -8 -59 59 -55 8 -97 67 93 67 43 -82 -76 7 -35 -85 -42 -83 52 27 100 -21 88 15 -63 -94 -26 -38 -54 -2 23 
-88 53 -98 -88 71 2 -95 60 -88 89 91 7 -81 59 -74 94 57 51 75 91 75 90 22 83 2 6 14 -14 46 -35 53 17 -27 65 -6 -15 -91 -52 
-34 63 -23 42 94 52 -81 79 -94 -39 -64 -5 26 -55 -23 -9 96 16 -76 -92 -43 -90 73 -15 53 62 -97 -48 6 -91 -46 -38 -96 44 78 100 -55 54 
-35 12 55 -34 -42 61 59 -66 -83 -78 -40 -90 82 -23 -71 71 26 -70 97 -53 -32 -71 52 92 51 -79 98 1 40 84 8 -43 22 -56 8 88 -72 -64 
-58 -59 -73 59 -20 11 68 12 63 18 65 62 -90 -20 -33 48 -84 -83 33 39 55 -74 -68 -15 -41 -20 -100 -61 24 78 -86 -5 90 -30 44 -92 92 20 
96 93 -1 -65 -55 -26 71 100 37 92 -86 31 50 76 -51 48 -46 -93 -9 -76 -38 87 -76 63 16 -58 30 -97 82 76 40 1 -26 -36 -43 71 -6 -41 
45 -81 -15 13 -85 -9 15 11 48 59 37 -9 -23 -15 89 -41 -48 -62 -56 30 75 -34 97 30 -79 -14 -84 -44 18 13 -49 -86 -91 -15 -14 -49 -76 40 
-35 34 -1 -3 -62 42 10 -40 31 -44 40 -70 -28 -2 43 -50 -84 -18 -37 94 3 29 -94 -97 -42 -79 82 -4 22 85 35 0 90 37 -25 73 -41 -59 
-45 3 15 54 84 -52 -65 90 28 -57 -94 5 96 -44 -73 -100 46 36 18 24 90 -11 73 31 -58 28 -85 36 -32 -59 -6 -40 85 94 -12 -21 34 0 
-48 35 27 14 -49 -92 -41 12 93 -96 47 45 -98 66 44 -3 53 -36 -30 -2 -78 -3 -13 -75 -36 -98 -87 -15 -28 -89 44 51 -44 -29 6 -52 83 -79 
71 47 49 -22 -72 32 -20 95 -47 -86 -94 -13 5 -55 7 37 -37 -21 -73 54 -79 -26 42 48 24 -52 35 -83 84 59 13 -38 5 -43 -78 -27 -24 -79 
89 -43 0 36 92 -22 8 -11 73 17 3 6 70 62 39 -46 -25 -16 66 85 84 -58 -2 -24 68 80 94 -43 38 -86 71 -76 -68 74 -8 52 -82 28 
75 -87 -20 84 60 21 83 -35 1 79 -69 84 66 -19 -24 -12 43 -80 -74 -24 100 65 40 13 15 63 23 99 -62 -81 40 60 -81 74 -85 -14 -14 56 
-38 -37 -81 -82 31 95 70 57 36 -12 -17 -88 -95 48 89 -68 -7 82 76 -45 -59 6 49 -5 -15 43 67 -31 67 -55 -84 69 45 81 84 28 -65 59 
67 -84 -68 33 50 -100 58 67 -58 92 -2 -31 75 -74 -51 -26 -53 -21 97 -19 -90 40 -21 1 33 46 -76 16 70 98 -82 -29 59 -73 75 35 0 -13 
12 -76 64 -42 -76 76 45 10 -82 86 -24 33 -32 0 -19 21 58 59 95 53 -4 -4 -72 73 -66 30 68 68 -14 98 -33 -78 74 -87 -82 0 10 98 
-61 -15 56 -28 -48 59 -73 -93 -13 31 100 -33 72 -72 31 56 -15 -42 -13 -64 81 54 67 73 27 -62 23 25 78 4 -65 -93 96 -41 -45 -17 -87 96 
21 53 52 -36 -67 88 33 -68 -62 -69 20 -63 36 86 78 48 93 -73 89 7 18 -62 42 16 7 5 64 24 90 -50 27 -72 -1 10 -14 -83 -72 -91 
-21 -14 98 -79 -48 -28 -38 10 -5 -3 6 0 74 39 97 -32 -84 80 69 61 34 -35 25 19 25 -33 50 -41 -98 68 11 91 -51 9 33 16 64 -23 
14 6 -22 88 85 -87 7 -46 -10 -92 68 -7 71 71 28 98 37 29 -91 -7 -73 92 -88 87 -91 4 -95 -95 3 -54 71 72 69 -27 -40 -52 -46 78 
93 -9 27 -67 -65 65 -85 -38 -56 -53 90 62 92 -41 -8 64 71 -39 -3 -93 -4 49 94 -11 -63 100 -35 -18 -61 -93 -12 -48 59 -59 -1 96 -83 42 
-34 12 10 -41 -32 89 32 -72 -17 75 45 91 19 15 58 -42 -36 11 38 -67 -39 1 77 4 89 46 41 74 -27 -72 65 -13 29 -93 -57 12 -22 -17 
30 48 -41 -8 92 46 61 -50 -23 77 -100 -48 8 46 -36 -95 45 57 8 21 -28 -70 -36 50 -94 -79 -55 27 68 94 43 85 -88 -79 17 -98 50 57 
-38 44 -45 -6 79 -43 -1 -39 73 99 -5 71 -89 -2 -83 13 -100 68 73 -27 -38 -93 41 45 20 -73 14 69 -15 60 44 -41 12 -87 -20 71 -29 95 
15 33 -48 -91 -19 71 -34 57 -75 -58 -2 -14 1 -10 -39 89 82 63 21 -30 64 26 -10 -97 -92 -33 -61 -4 94 99 -21 16 -41 41 70 6 91 -85 
-20 32 -47 56 34 67 -53 -43 -38 -60 67 64 42 93 61 -65 -5 -64 -39 9 -5 97 75 78 96 -78 9 -32 14 -68 -58 -68 62 13 -74 -15 31 -17 
-28 -24 -58 -38 17 -81 50 -14 -93 30 21 14 -40 -9 19 58 66 13 -100 48 53 -48 -27 -86 -7 41 -62 -58 17 -38 76 42 -14 54 -75 -76 -38 -12 
-16 -29 80 57 -19 -14 -99 66 -1 83 14 89 -14 62 -44 -89 92 38 -5 -54 36 62 100 9 14 -10 -31 -98 -17 -23 41 80 -45 6 -45 -63 98 -32 
-97 -64 25 34 54 -89 60 42 84 -53 -56 -6 -17 -33 70 99 -64 8 29 -65 -51 -58 18 47 28 64 -80 -87 84 77 -9 -96 -19 15 -77 37 -94 -74 
87 60 -42 -36 38 50 51 85 4 -81 -17 58 30 58 -96 79 -7 -90 54 58 94 57 -46 56 -56 3 -40 -88 40 51 -74 -47 -4 87 -80 -16 26 -66 
53 -21 8 14 27 -100 93 88 77 66 -93 3 41 61 -6 -62 65 22 -65 -20 24 -17 -41 61 -50 47 94 63 -22 9 52 100 10 -67 -53 86 93 -7 
58 -83 -47 56 60 93 90 -85 -79 -14 -11 -91 7 14 -44 -46 64 69 56 -69 -25 -8 -43 86 55 48 77 -20 10 -7 86 3 65 84 -84 -65 -91 57 
-21 -78 -82 70 32 -36 97 -38 -31 -39 -14 68 -77 100 -54 44 -14 -80 -39 -15 65 -91 -79 35 47 32 -35 83 -90 -9 79 13 -83 22 74 54 -50 -51 
-98 -64 -37 59 -56 -89 93 97 5 -18 90 96 -71 36 41 -80 97 -67 100 82 -43 -94 -82 12 -4 -45 60 -15 90 29 4 95 -38 -57 -9 51 -74 -37 
92 -43 69 -98 -39 35 -70 41 61 88 25 78 -96 -12 53 61 67 78 38 -52 17 -76 -41 82 -34 -13 -78 83 95 37 57 100 50 88 19 -54 97 12 
-58 14 44 72 99 -7 -90 51 23 55 -16 32 -42 15 -57 7 -97 -9 78 -45 62 -96 -12 -77 -87 -63 31 98 -14 -78 -92 29 -30 -73 76 90 24 38 
63 -19 13 -26 -10 -16 -31 47 8 40 12 15 -3 88 9 -10 29 -80 -85 61 -43 -75 12 -45 94 19 80 -92 2 31 -31 -81 -50 -58 -2 73 36 9 
-51 55 45 60 99 3 50 47 69 -28 -75 -16 26 79 -96 -39 43 -58 -9 -78 -85 -28 58 -63 52 85 72 63 -99 99 25 -40 15 -20 95 -54 12 -51 
84 -27 -14 40 83 -5 25 -15 -74 70 50 -63 -11 43 -25 -97 -77 -78 11 88 82 36 56 -9 -58 94 -82 11 -37 -68 -96 -33 -98 82 69 86 -6 52 
