94 -56 -87 48 56 13 68 -33 -45 -88 -4 42 12 -39 1 -72 -28 82 44 6 72 -100 8 40 -71 42 -57 -88 -67 -59 4 52 3 17 -87 36 11 -89 -52 35 71 -75 9 59 -12 66 74 -46 -27 -99 15 62 80 -82 -10 -72 -66 -76 4 -33 -5 -80 -30 9 83 
-70 15 -69 67 58 -51 72 46 51 -6 -10 -100 5 63 60 -65 -32 -94 -10 -19 -34 -97 82 -91 -39 18 -93 30 64 26 -18 87 8 -16 15 62 -83 78 16 25 25 22 51 -46 37 -37 -49 97 -75 21 13 59 -36 -22 94 -6 33 -8 60 -4 57 64 -89 -66 -23 
85 -81 100 -96 34 -3 91 -47 88 38 -96 -39 100 3 -89 11 4 68 46 9 -83 -47 57 98 -51 -76 80 8 6 -25 -27 -72 20 -55 61 -98 -26 14 23 14 -9 17 -95 49 76 61 -16 -99 -80 88 -82 -42 -82 5 -51 46 21 -68 11 -74 -77 -77 68 -71 88 
-2 11 -74 -96 19 -55 14 57 63 -28 64 -58 -32 -18 -61 -53 17 44 28 37 81 93 12 67 -40 64 0 79 3 -22 94 -59 1 20 61 -41 60 67 -86 -97 -97 -56 10 -40 33 -26 51 -43 -35 -46 75 35 -19 -7 13 75 -27 -91 73 -55 -74 70 -5 -84 82 
-32 -13 -54 -84 -35 46 47 13 -84 -66 41 71 40 18 9 -57 18 76 -71 -7 31 -40 1 -29 -98 74 46 -64 -82 98 73 77 -81 -19 -73 39 56 8 6 76 60 -50 26 -63 46 -29 22 86 37 -53 69 -52 38 -10 -78 -81 76 -62 -92 -25 -12 -23 -62 75 -23 
52 -75 93 -88 8 44 82 -29 63 -60 -12 -44 41 -79 70 4 -32 14 65 44 -27 95 -71 -32 -52 -50 27 -100 3 -74 61 -93 55 53 -96 -82 -79 6 -96 58 -34 47 26 -43 -66 -37 100 -77 -20 -62 -9 -38 -63 -39 -28 5 48 74 -12 41 -80 57 6 -47 -5 
80 -96 -31 58 -98 -95 -50 47 64 78 56 22 -76 -51 89 52 43 21 -5 65 76 46 -83 -19 97 -99 49 -11 -57 68 -43 49 -37 -26 -90 -17 82 -34 -95 -91 83 -42 -45 -9 -21 78 -63 70 -8 19 25 21 -28 -27 63 63 -11 -44 39 71 89 68 74 -68 -27 
-99 19 59 -56 64 -72 99 -89 -91 49 -36 34 84 7 -16 -53 62 83 89 -5 3 81 -84 -6 -25 -34 -78 -2 -59 47 87 26 -27 -23 85 -90 54 43 -97 56 -65 -60 37 59 45 -90 -56 90 93 -58 39 35 96 8 -6 61 -100 16 44 -3 17 -23 9 -87 -63 
-14 4 -88 -96 77 -93 76 6 -17 78 -33 51 -27 -21 38 93 49 67 -82 -98 20 64 5 -28 44 -23 70 -41 -54 -51 -7 47 -78 16 5 99 -52 15 -58 -94 -54 -56 45 60 34 66 91 -88 -76 49 6 -7 32 -20 -12 -45 -70 10 46 -5 -12 -96 -26 79 90 
0 -8 70 15 26 -41 56 -97 18 83 -96 -92 -42 -71 72 49 27 -8 -31 -11 23 65 -91 -8 31 70 8 -35 81 -40 32 99 -100 -31 -87 -27 39 -68 75 -13 52 -49 -80 -78 -13 -2 -30 78 -89 -86 -79 3 -30 6 58 14 90 58 58 42 97 -59 -7 -91 -85 
-58 -62 -25 -97 65 24 -22 -65 35 -22 94 26 23 16 -20 -47 -86 30 25 -16 -52 -5 -23 62 -62 21 -85 -90 93 96 -55 2 5 85 39 -3 -59 -72 -93 -76 -99 -20 47 31 28 -87 66 -52 12 9 29 -67 -53 -99 -95 -39 39 63 -65 -13 68 85 16 -13 -58 
34 30 50 -7 -61 87 87 37 -40 23 44 92 -27 -71 0 71 90 -24 83 -27 -13 -77 -86 -53 21 -12 -12 56 -69 -38 90 -55 -62 91 0 45 73 55 67 18 64 -31 -28 -68 -27 86 64 91 0 31 15 -41 50 -28 -20 19 -23 74 48 -70 2 -88 99 50 -9 
-19 -7 3 -14 63 -93 -9 -85 -22 -73 -51 -99 77 63 -19 -18 18 71 39 -88 82 29 -32 -66 39 -71 -37 23 -82 -83 38 64 72 -85 -82 -67 -94 -96 -10 67 -50 -6 37 -2 -92 -79 64 7 -23 -31 37 -32 63 -33 -53 40 -50 -34 71 -45 86 59 15 -13 -44 
-35 38 60 -39 -49 -27 91 14 4 -92 -80 -81 -77 -90 27 13 100 -1 8 1 -23 57 10 -13 -24 38 -86 -4 62 46 -1 -97 -39 93 20 63 -72 -13 50 63 -4 40 -36 -74 43 -96 75 -65 42 -78 11 -34 99 -95 46 67 -83 25 96 -76 3 -82 -66 82 41 
59 -13 -18 33 -5 16 2 26 19 13 -1 -7 -7 1 96 11 34 61 -26 69 -8 10 -18 -34 -15 49 87 32 -34 -18 30 97 19 46 -95 -3 -3 5 18 -33 -75 32 -83 60 54 -42 76 26 -41 -74 -74 -84 -66 35 -15 -13 34 -42 97 2 -85 -14 99 44 43 
-94 -96 48 -93 74 94 57 -43 49 50 -68 66 -77 59 2 43 21 35 -41 83 51 24 70 22 -34 -54 78 50 11 29 -65 7 72 -38 -43 71 -72 10 79 41 76 -28 -62 34 -88 -45 -27 -87 -28 -68 -49 18 94 28 64 6 63 43 -67 41 55 11 -40 -1 64 
88 89 88 -65 38 -92 38 -83 53 71 69 -53 64 -64 -57 23 -26 36 38 -80 1 32 29 -89 -27 -24 -55 70 79 -28 -94 -46 -13 -28 -68 -90 -86 78 -16 -27 -21 9 28 96 -7 -28 59 -57 12 -98 -67 74 2 -59 -53 39 78 -32 30 90 30 -27 86 14 -71 
86 25 51 17 -45 28 -78 5 47 -98 25 -97 35 39 -30 20 99 45 45 43 35 -89 -86 42 16 -54 11 41 -87 20 -96 6 63 -1 -61 10 -98 49 6 -20 -93 -77 -19 24 -67 -30 13 -11 86 14 75 -76 -65 -50 97 -92 -86 100 76 44 0 -47 94 95 -46 
24 58 96 -6 -71 -10 5 61 5 23 34 -86 -11 32 -77 16 65 -24 -18 72 -36 -32 100 55 -45 -88 -91 -25 -33 67 20 -83 68 9 -4 58 -4 -24 76 85 14 37 -89 96 -69 36 -96 42 26 -73 -78 -93 -49 27 -39 84 -55 -67 40 -53 -16 4 -99 58 -81 
-48 -24 33 -24 -61 -8 -18 -20 59 64 -52 9 53 62 93 -13 -9 75 -26 63 -17 76 34 63 32 63 48 64 58 72 -96 -96 49 47 51 -80 77 -90 -73 70 -82 -38 34 -43 -36 -48 -47 -52 56 80 -39 89 50 -74 -96 100 90 44 83 -85 50 -85 80 4 -81 
-78 78 37 -35 9 82 -45 99 12 87 -40 -28 -95 41 46 -1 42 14 60 -55 -46 58 -18 85 -11 18 17 -88 29 56 14 62 -99 38 45 90 -49 36 9 -85 75 93 -72 -27 23 85 -72 86 68 -12 92 86 -45 67 -56 -93 -25 -43 -49 99 15 59 19 78 -5 
42 -64 83 -87 -85 -18 -39 -24 -15 74 -36 42 71 -45 68 21 11 42 -59 -89 35 -99 80 66 100 81 47 -22 -93 -50 21 -63 -56 -85 -72 48 -29 -49 -29 -26 17 81 7 -39 72 94 -69 -35 -60 11 -16 83 61 4 -71 -44 100 6 -50 67 94 56 -62 45 14 
36 35 71 25 -84 95 -96 -44 21 29 -82 -54 -53 3 72 -99 -48 -7 -37 79 -50 -80 5 40 67 37 23 6 -92 91 -2 -20 -31 -90 87 8 60 -96 -67 9 -32 -24 -9 33 -77 34 -91 2 80 -87 5 92 30 33 91 -27 -47 14 -41 -55 73 20 78 89 77 
17 -14 51 100 -98 96 -81 7 5 93 48 33 -46 7 -71 79 -42 69 -21 -30 12 61 -28 82 -46 9 -24 66 -57 78 -15 56 -73 73 60 65 -93 40 40 36 77 -5 -61 -13 62 48 -68 -76 -79 69 -100 -85 -51 -47 -9 -70 9 53 -79 71 38 17 10 39 54 
21 -41 9 0 1 -21 70 91 -55 -5 66 -84 -72 -67 97 87 61 76 -41 -59 54 44 18 13 54 50 95 7 -21 -78 25 -64 66 -94 44 93 37 77 -56 18 -39 -1 93 -69 60 -31 48 95 75 -100 -40 -10 -11 43 -31 -37 -10 -97 34 42 50 28 -93 -51 60 
-21 66 -88 -60 -51 97 28 63 45 25 61 -75 -35 80 51 -22 1 66 -89 -3 -50 -44 38 34 61 -71 58 81 94 81 13 -71 -62 56 -94 -84 -32 23 -38 94 -49 1 -63 35 -57 -36 47 -53 70 -43 -53 -70 42 80 90 23 -50 -17 27 63 65 55 90 -13 -98 
12 -45 -68 54 49 51 22 85 -43 13 -13 -96 -76 -75 12 -65 -89 89 -54 -66 -16 -15 -5 -54 7 -62 9 13 40 -86 -54 63 6 63 -17 2 -24 80 -20 -24 98 89 71 4 60 -47 10 -32 84 -58 21 -26 -52 11 49 60 40 -48 -43 -3 37 70 -9 -53 -62 
-40 86 -69 -98 44 43 -98 -66 55 -71 -55 -68 -61 -35 -80 -43 -84 -45 -7 76 -19 -29 -33 53 -18 84 -4 -42 -47 -4 -22 2 -74 -73 -39 -98 10 -71 -88 -68 68 -79 15 -51 61 -73 2 -41 97 54 19 -2 -43 -96 39 -95 73 -79 -48 97 73 -90 -16 -7 77 
-46 7 -2 -89 7 12 22 -66 31 43 -44 86 79 -61 99 -10 -4 57 -14 -27 -90 40 2 -48 -34 4 -29 -7 36 -52 41 69 60 -93 -73 98 64 -54 16 -59 77 -99 66 -48 -40 17 18 63 -24 76 66 -29 -16 -55 -1 35 11 -41 -67 13 -38 71 -19 -73 8 
24 -42 -31 -20 -58 5 86 -69 -78 -37 -5 -38 -93 -34 93 42 18 3 92 -81 75 -40 -8 81 -36 -61 -7 8 52 -5 33 62 -86 -99 -76 28 1 -14 -54 -68 17 -60 28 -20 -63 -62 -84 0 -42 35 77 -39 84 62 -70 99 -81 -14 -100 -33 -95 -5 82 -47 -64 
14 -18 -94 41 87 -82 98 -99 -47 73 94 -73 34 44 16 37 68 25 21 -66 44 -14 -61 -14 66 -75 52 -13 72 -90 94 21 -44 -83 63 -1 25 27 -8 -25 -87 98 0 82 -13 63 32 47 34 12 24 -85 70 72 -70 -62 -72 -46 0 -58 46 -13 84 -78 40 
31 -46 -66 -7 -39 -55 -30 -3 46 30 -100 -47 -36 -60 95 -99 58 -81 48 73 -8 -21 -94 -82 5 27 40 -75 79 -82 -55 -76 -84 35 32 53 -12 -32 -16 -54 32 -87 33 81 -96 8 -93 -99 -32 25 35 -86 17 -48 69 -81 -61 -59 10 -86 -32 -69 97 -41 81 
-61 62 -61 -24 77 44 31 -27 -72 -91 34 -6 15 -79 -98 18 -20 46 -68 72 74 32 -83 73 3 -31 38 -41 41 62 25 97 88 -58 -24 -37 4 -47 2 -64 0 -29 0 19 99 17 57 4 42 5 43 -28 39 13 28 61 99 5 -41 -70 34 -100 61 66 44 
8 -90 78 -69 17 -35 -27 -19 11 0 -13 47 30 -57 -5 -74 -50 -8 47 -62 -95 39 48 -91 -54 63 -75 -99 86 57 -87 -9 -28 98 96 2 5 -66 -26 -61 -24 -23 -42 19 11 -66 6 54 -94 7 -9 45 -52 15 -27 -60 91 39 -12 12 41 -80 -13 -90 60 
58 19 1 36 -89 55 -36 -67 -100 -97 -6 14 99 -41 91 -23 -8 61 17 -70 24 -53 100 -33 -75 -13 -62 31 -91 -98 75 -81 -60 25 -79 57 -6 62 -8 84 -13 -53 -41 33 -62 -75 79 99 -19 100 61 1 20 97 88 -90 51 92 17 -100 -7 -27 46 -83 1 
-59 48 -63 -90 -82 97 48 89 -23 26 -90 -86 2 -17 -90 -16 -46 -85 -44 4 -92 28 66 92 75 -87 17 28 -50 -1 -94 38 46 26 10 -62 -75 -8 6 -45 6 -77 3 -53 70 16 44 89 -75 38 44 -72 -44 -29 -40 25 27 -73 59 64 -54 -69 75 -3 -68 
97 86 36 -83 13 96 7 -65 -61 -83 -91 -64 74 76 -1 -46 -89 31 93 26 33 50 -52 -6 95 -99 -96 -85 -41 70 31 69 15 0 19 15 -53 -30 30 -21 -26 -52 43 10 -86 -6 -7 96 68 -51 30 -30 2 83 39 24 -75 -81 -38 -85 3 -95 24 -100 87 
41 49 -70 -51 76 -61 88 46 -12 74 -42 36 -64 9 -25 14 -93 -70 10 93 -7 -59 -9 -96 64 15 78 94 -2 80 56 93 -37 -87 83 -93 -34 11 -21 58 43 -57 -52 -4 -13 -51 -12 -67 -87 -42 -85 5 11 -14 -23 -84 64 43 66 89 -82 70 -44 77 26 
22 -53 -12 56 77 -24 -84 -80 40 22 -54 48 -82 79 94 -23 -98 -7 87 -56 -66 81 85 -42 -67 33 48 46 -10 59 69 -82 86 -20 -59 53 97 -59 19 65 -99 51 -11 -87 21 8 18 78 80 -60 -93 86 -87 30 82 99 67 72 13 -30 40 -84 -24 63 -27 
20 22 29 -11 -17 -16 23 12 -21 -92 77 5 6 25 99 61 62 21 -59 72 32 14 -72 52 64 -86 -98 48 -29 -89 52 46 -39 82 -20 -9 -57 -51 -93 -81 -9 29 -66 -45 15 75 -70 3 53 -98 -71 -80 18 -28 -65 -41 69 64 -60 -23 -93 -69 -87 15 -83 
-27 -48 19 -38 -81 -14 -95 -76 -68 -24 -17 -41 -14 -99 11 44 -84 51 58 27 -1 84 57 -34 -71 -75 72 47 -31 -81 35 96 -26 29 -78 -69 82 -83 18 4 -81 21 24 68 -40 -90 47 -37 -37 -16 68 -67 -16 15 75 -14 -39 -77 -61 -56 -26 49 63 -92 -21 
29 -72 -33 13 -82 -93 -86 -79 86 72 9 26 -52 -33 60 8 53 2 -81 -82 34 87 41 -24 86 72 81 47 -32 11 55 -1 -95 78 -80 -91 -23 -73 57 -43 4 78 -64 36 -79 -30 94 -71 -38 99 -10 83 -43 -81 97 6 33 -4 -90 -17 -90 -44 89 42 17 
-88 9 65 44 -62 -63 -62 -21 -69 -99 -7 59 9 88 -40 58 69 19 38 48 -73 -3 -41 78 25 97 6 -41 3 99 44 98 -5 93 60 -83 80 -68 -29 -17 8 66 -78 71 70 -2 -53 9 -71 -41 -51 17 -57 -78 80 61 31 -92 12 0 45 84 -65 -6 -21 
11 -49 -36 -14 53 62 39 -96 39 74 -54 63 -10 -56 16 48 -77 -73 -41 -58 -87 -64 -65 -86 3 62 60 30 84 -99 -46 -29 19 -68 28 -72 69 13 -97 -72 -90 23 -46 -18 -8 -70 80 92 70 -69 -46 91 -39 -98 -43 -40 21 24 -76 -67 -91 81 86 85 -64 
86 78 -3 42 -76 -20 -16 -87 48 -30 82 50 70 6 31 77 53 0 49 75 66 -77 26 11 13 44 -76 -72 -34 -86 -16 -60 -47 -10 -87 -83 -70 37 62 -22 9 69 -93 5 77 23 -3 -90 -89 -83 15 66 74 22 -83 -72 -8 -44 45 -4 29 8 -67 -75 -42 
-29 29 20 2 -3 -76 -87 52 42 6 28 -60 -24 -97 -69 73 83 70 -47 -35 25 -91 -93 -38 10 -72 45 56 -94 22 58 -63 -83 -47 64 -70 -62 44 -62 14 -74 -13 -20 100 -12 58 -47 88 35 9 95 97 50 42 -48 -37 -49 -11 22 -92 -84 46 -57 -74 13 
-78 -39 71 67 -17 34 -43 -42 -85 -29 -31 2 50 27 48 6 36 71 -69 -46 -92 6 -33 58 -57 -20 90 59 -22 -8 63 -38 -7 -47 -77 -51 -13 93 97 89 99 -50 -25 32 72 -11 -86 -72 -64 69 93 -47 -65 -6 -19 -13 -50 -35 38 80 -19 94 27 -36 -22 
-16 -26 -83 -89 -51 13 81 11 93 -55 3 -31 -20 -87 67 60 -94 23 27 -10 91 -8 29 96 -83 -73 71 -89 -55 -37 -23 -39 -57 -32 80 11 -48 59 -93 64 -82 -53 97 73 74 -44 -74 40 -52 58 -64 83 4 -26 -41 -68 -90 96 -100 25 -12 91 -44 -2 -43 
-99 9 69 9 97 -61 -97 -41 34 -20 -94 34 -31 37 -82 -20 -43 -58 52 92 -70 -91 -32 52 -26 -52 -88 40 -70 2 -2 -100 87 -64 31 88 81 81 66 -46 -54 99 89 -69 58 -47 55 12 -4 -70 -68 -54 -44 86 -83 78 55 -89 -57 -9 -68 -29 45 4 86 
-28 89 -19 -22 -6 57 95 16 2 -58 29 74 0 98 42 -30 -71 25 -94 31 95 39 61 48 -48 39 -98 -29 -1 -59 28 32 28 60 83 20 -26 -19 -100 -27 -73 -36 34 19 18 34 -47 -45 51 85 39 37 -17 42 -97 34 27 -53 -39 37 -61 4 36 -98 70 
17 -30 2 -91 7 -7 9 20 -54 74 -45 -93 52 -79 -16 7 9 -54 -2 -31 -67 1 6 -97 -93 -21 -9 -41 23 90 85 -77 24 -95 -32 -3 25 -54 42 61 100 -73 -58 76 37 46 29 10 4 -51 0 49 -24 42 53 9 62 18 24 56 -31 -67 95 -42 -95 
41 -23 -9 -63 93 88 -20 95 39 -61 35 24 51 95 -51 -1 89 89 92 94 -35 -63 -37 -48 -6 79 -27 30 -93 41 -25 90 -10 73 2 55 4 -64 85 -7 -18 -17 -53 -15 -39 75 -56 -68 56 -13 8 27 75 9 -53 -79 -87 17 -51 30 49 44 -79 22 -92 
75 -13 63 -29 -24 60 1 9 -72 67 27 -12 -86 27 92 94 92 56 53 45 18 10 -4 -14 -39 -45 -19 -82 85 -92 -45 -19 -27 85 95 13 32 40 -93 0 68 98 70 -48 -13 3 74 -31 -52 73 93 -65 10 99 21 -29 24 -33 -22 -31 75 63 -31 -65 50 
96 82 90 -5 59 -45 97 57 78 -10 7 31 -5 -5 -19 -1 -2 -70 -40 -77 -9 80 0 -87 85 11 41 -48 -81 2 42 97 5 -43 -10 -26 -86 -62 -14 -26 -12 -13 2 -9 53 33 -30 57 -87 87 -5 71 92 72 -17 -18 -26 -73 -8 99 59 -78 0 15 98 
-12 15 29 9 -70 70 43 38 -31 53 81 -94 54 27 57 80 32 -94 12 -18 -39 93 -61 -85 -83 59 -75 -17 11 70 15 -30 51 -97 27 60 50 32 24 -24 19 86 42 87 77 3 81 -9 -28 62 76 -9 39 -77 -31 -33 41 8 -11 -72 -24 -30 35 -15 -52 
-11 -6 -11 -3 94 -77 76 -85 7 29 31 84 61 -85 -75 -35 7 13 -42 66 -3 57 -9 -24 61 -23 -19 -62 -65 -30 -28 23 -95 -75 19 -74 13 34 43 -57 -14 39 59 -53 -12 -27 -42 -40 37 100 -73 69 73 -30 92 -78 59 -38 64 -4 -61 75 -33 -10 22 
-12 -88 -48 -22 79 5 -42 -85 -83 -63 73 -11 -96 -23 -79 26 81 80 15 11 1 69 12 3 -65 87 56 -30 -41 -50 38 -23 98 10 -21 44 38 -82 -60 85 -94 -85 96 98 71 62 20 47 45 -9 -2 -100 -40 31 -74 -59 62 68 -2 80 20 29 -55 94 -21 
-36 65 0 87 60 51 29 24 42 45 -32 59 -92 -87 6 61 40 -50 31 -13 -80 -16 73 -45 -87 -44 -22 74 57 -95 36 47 -74 -31 -48 12 -69 25 2 81 6 22 85 -46 72 45 21 33 30 -38 -27 -98 -45 -31 92 76 68 -21 6 52 58 -76 64 27 -35 
24 24 85 2 -73 7 -70 15 -19 49 -88 -46 79 4 -30 22 -16 15 38 79 39 70 56 -73 14 53 17 86 -25 -43 94 -96 46 -36 20 65 33 14 -90 -61 -15 -65 -73 59 98 -5 -26 -81 -24 6 53 28 66 14 44 25 64 50 38 -71 -20 55 54 86 63 
45 89 79 -23 -67 9 -100 10 80 59 46 49 99 89 -26 53 -4 74 8 -85 -94 -29 70 -33 11 73 69 42 7 -14 -4 91 -4 66 -24 76 -30 -73 66 21 29 -49 -55 47 20 -20 -59 18 44 82 -66 -38 86 -5 -31 12 99 -16 -92 -97 -12 37 -72 78 91 
-69 4 23 42 -83 0 53 75 64 -79 73 57 61 -4 -60 -36 12 -67 -25 -46 10 -5 55 -64 39 -19 65 -15 -84 4 -68 -35 -41 32 52 77 -34 -35 66 56 94 -41 84 87 -95 -80 -18 -4 57 -38 4 20 36 -10 41 -2 -97 -39 69 -17 -97 75 83 -63 -91 
43 71 -38 -45 -28 92 -12 2 35 63 14 63 -19 -94 10 81 -68 84 -30 79 -84 20 -62 -25 -41 51 -16 54 89 66 12 51 97 -77 95 61 -53 -39 -91 45 63 -10 61 45 -65 -56 87 36 -96 -60 87 9 -7 60 10 44 77 51 75 52 40 1 35 47 66 
15 -33 -62 -15 85 -88 98 -64 95 -83 -70 -20 -65 -70 -55 -62 10 76 22 -27 74 -83 10 -69 47 -87 88 75 89 -17 68 49 -40 3 -8 71 99 -19 -11 32 77 -67 -63 -23 -15 62 -22 66 -88 -45 -41 -85 -32 47 -78 8 97 -62 -35 90 -10 100 14 10 -41 
43 29 91 -86 -75 -72 13 -78 -24 54 72 91 93 -50 -91 -10 51 67 -53 -75 1 67 -88 98 -74 -64 30 -2 24 21 93 86 65 -47 -87 -5 -83 93 1 -73 77 96 -66 81 21 -88 37 -6 -7 -37 -91 -93 52 -15 19 -87 -70 65 79 70 -89 18 9 -99 -86 
-15 -44 -73 -87 -50 -10 12 -64 26 0 35 -28 66 -97 98 37 39 5 23 39 -57 -41 12 70 -32 -48 -94 45 -76 -2 -57 65 30 20 70 47 56 -72 -42 26 -62 79 2 100 18 -69 96 75 25 29 -10 54 -79 51 -28 89 -4 -14 -42 -13 48 -74 77 38 -84 
-87 52 44 -27 48 -74 -98 14 -34 -38 -12 -94 27 -16 13 34 95 -99 -44 63 36 50 87 -24 21 -94 85 70 -61 26 -94 87 46 -60 -37 -79 11 -57 7 -63 72 -21 -33 24 84 31 10 27 -57 81 31 90 42 -84 -54 2 -69 -68 100 -15 63 -32 -97 -95 10 
-31 -90 -45 49 -19 -15 -66 -4 -6 -85 -96 -69 71 -31 53 -44 2 -24 -71 -99 8 -56 -68 -91 -88 98 -77 56 11 -82 -31 78 -74 -26 55 -78 96 40 78 30 -25 -58 13 -42 -53 34 54 47 91 -66 -43 14 -11 -90 -7 -15 94 71 81 64 76 99 41 -11 -46 
37 -88 76 -38 4 98 4 -62 98 49 -64 69 -95 -45 99 -54 1 -99 -54 84 -38 -65 -93 6 -98 -22 22 66 -18 -78 57 17 -90 26 -42 -83 48 -71 4 82 -86 95 -28 -80 -100 17 -8 -61 -72 -42 79 -29 47 -61 6 94 -23 -15 -48 98 41 65 64 -29 -57 
-17 90 -50 5 -44 37 -48 -21 39 56 95 36 -33 -70 81 8 78 2 42 -45 -14 66 45 36 -81 -23 -91 -92 14 21 55 100 -89 96 -46 -68 -66 70 -91 -68 -14 85 9 -99 -50 -14 73 91 54 -56 -20 -12 -32 -17 -72 11 3 -39 81 -86 -68 -29 87 22 62 
-61 -84 -60 77 63 -19 100 -4 91 -40 9 56 -84 24 2 39 9 -55 99 67 -62 39 -26 8 -75 40 -6 75 6 77 51 -91 15 -74 7 -45 79 62 -98 -44 -60 -84 -15 -86 -10 0 26 -89 41 -66 -59 77 -57 -57 -45 100 -11 24 24 77 74 -4 -15 92 -7 
72 61 17 -65 -98 -1 -10 34 25 86 -82 -19 38 43 -87 -3 98 41 -64 -96 36 21 -30 -13 -75 22 -48 57 18 -99 -41 81 3 49 29 31 -47 52 -63 83 -22 -50 -85 87 42 40 99 -43 28 69 12 -80 98 81 -77 -39 -50 -36 -99 84 -43 -39 -31 -23 33 
71 -34 -33 81 -68 30 -66 -53 -12 78 40 50 -32 95 30 4 -9 -13 -65 14 -49 -50 -25 -46 38 -23 -39 36 -22 34 95 -44 -46 -55 96 52 99 -59 26 -48 -7 86 66 81 29 31 45 16 25 4 34 94 -6 97 59 92 94 -83 -55 94 70 -33 -21 5 93 
-52 -91 88 6 16 82 68 -50 -53 29 95 48 75 58 -14 -37 -37 88 98 -33 83 72 99 35 84 83 34 -28 87 98 21 20 32 8 80 -5 43 -8 18 69 -75 14 -9 34 -60 -26 20 60 70 -10 -29 1 -41 -99 32 74 -42 -18 54 93 11 -86 68 -48 41 
-95 35 -85 -2 41 92 44 -47 8 19 32 -4 -59 -86 85 -56 -98 80 -25 -34 -24 -57 50 56 -35 61 -31 -37 96 -91 72 -2 -30 -75 20 78 -43 -45 -83 8 -33 20 48 -46 13 36 83 -25 81 9 -64 -70 -92 15 -72 -4 51 85 20 24 100 30 66 -49 -53 
20 53 8 15 -13 -99 -30 -78 -7 26 -45 -23 55 -88 -12 -84 55 63 10 63 -77 70 -22 51 -88 -49 -20 -58 8 67 46 -82 22 48 -4 -86 62 -47 -53 31 -67 96 -18 -90 -40 35 -91 -93 -9 6 -66 -99 18 57 80 19 73 -47 -15 100 48 -4 8 47 -16 
78 99 -96 -54 -84 23 -79 -58 72 -74 43 21 75 -10 92 -32 0 87 -51 -72 60 -51 1 0 -94 -42 36 -39 55 -55 -100 33 66 37 93 5 -88 81 -37 74 -79 74 1 31 -13 -24 12 -11 -16 84 -10 34 -43 -23 40 40 72 -5 23 -51 72 -33 -28 -23 42 
39 -60 -90 47 97 2 34 -61 99 7 -53 5 -3 -3 -25 46 47 32 64 -9 9 38 -66 48 -77 -22 42 -51 17 -31 57 15 58 48 21 67 -42 -39 83 -63 -21 -36 -78 -69 92 70 100 32 -24 54 12 26 85 -93 6 59 60 45 30 -86 -25 -53 -56 -12 -67 
77 56 -16 -92 4 81 89 67 -9 -32 -39 -2 -33 66 -81 4 -76 78 -56 28 49 -86 -46 -29 96 -84 -84 79 -70 -15 -11 -20 7 37 -52 2 20 85 93 30 -3 -86 -46 -3 -53 53 -79 -90 97 -28 -98 -51 57 -35 -51 -18 78 -49 84 51 8 22 100 100 -60 
90 -14 50 20 -45 -13 -3 5 12 88 59 57 2 -16 -29 -76 4 13 62 0 -62 -34 39 75 -16 -79 -92 -83 84 94 97 -72 46 38 71 -100 -64 -9 -20 -43 -38 -95 -62 23 26 81 7 -90 -25 91 1 -62 -30 -74 68 -34 -41 -74 -26 74 41 -26 52 4 66 
67 -71 22 70 -11 -6 87 6 1 -65 -79 -92 -56 21 75 -90 -72 63 -91 -87 93 94 6 -29 -12 -85 -39 -71 -25 -54 81 5 62 -61 6 28 -62 -43 -95 86 43 100 13 -78 43 41 -99 -1 34 98 -99 86 46 -54 -12 13 -98 41 37 -53 -48 -95 13 -95 59 
90 46 -35 -16 36 -37 3 87 44 54 -10 -99 95 53 63 95 11 44 49 37 34 -6 41 -22 73 89 -39 -49 39 21 -17 -40 47 -19 11 -65 -73 74 21 -70 -93 -26 66 -92 -7 26 42 -93 36 -10 43 -94 0 21 75 57 28 -42 88 8 43 -76 33 -74 78 
-58 -87 -49 74 -37 -49 -96 86 85 53 -23 -8 61 -95 35 -51 13 -14 -68 -1 -17 17 20 -81 70 92 18 -43 -5 35 7 -55 -91 -69 -55 77 86 32 6 42 -98 -99 -20 -36 -3 78 22 20 -53 75 -52 -93 16 -38 65 74 73 51 6 -15 64 -23 -1 82 -14 
32 -16 88 -46 -52 -88 -52 45 88 49 4 -66 -4 48 -9 -11 14 -62 -53 -16 68 62 67 -11 -13 4 -39 1 28 -1 -77 -62 74 19 98 48 88 -99 61 -43 -34 -5 40 92 26 35 -53 -57 -58 3 2 -55 -33 37 20 -31 -76 73 -66 -5 -71 -83 84 -49 61 
63 -92 80 42 -7 -39 -57 -81 -59 -27 66 11 -14 27 -18 -18 1 41 -75 -49 -69 -77 19 53 49 7 -39 86 57 33 3 71 -17 -5 94 -57 -59 43 -59 -36 81 33 -66 -16 -14 53 -100 -60 13 37 47 -69 37 -37 -82 -31 -29 25 45 71 37 -84 48 -95 -92 
56 -31 50 -93 63 -100 67 -11 7 -21 -42 -17 -38 30 -16 -74 -55 -37 78 60 79 16 -16 -61 -67 -96 -10 -64 -19 -27 -26 -8 51 3 2 35 84 45 -40 71 31 -71 -74 81 16 -53 -91 56 70 47 -11 -41 -28 74 97 -51 -64 44 -96 -6 -60 -33 -13 87 81 
5 44 46 -67 1 67 -95 12 -15 -48 -93 -3 0 -52 16 45 47 -68 16 -1 -78 33 -42 57 17 -46 -45 -9 -44 -10 87 100 19 -85 96 -41 3 83 81 -45 65 -92 100 -14 -31 -93 -8 4 32 70 -27 -35 -70 -36 -61 19 37 57 95 30 -50 59 -77 -25 4 
-7 52 41 11 -93 -82 80 79 -93 16 35 -48 47 -89 -87 -39 -96 59 -58 29 -21 -53 73 5 47 -71 64 -84 77 -73 -27 -58 67 -82 5 -35 42 -54 34 -24 89 -42 11 84 -52 -88 45 -58 12 78 -96 -2 -13 -17 -65 97 -62 -47 71 54 -68 -5 97 -40 -34 
-97 -54 96 -21 12 -2 -83 -13 29 -6 71 -90 -40 -44 66 -10 42 26 -40 76 78 -17 64 -13 -80 -40 1 -3 77 50 76 8 -34 50 -27 11 32 40 24 63 40 -12 -78 100 -39 -30 -26 -54 15 -3 -65 52 -92 -91 -51 -84 -3 -76 42 18 65 -99 -48 6 -40 
-78 12 -69 -8 -90 -2 -84 14 -13 -3 62 83 6 -91 -99 -56 -88 59 40 -7 77 -36 -50 -95 -3 91 -4 -48 -26 -12 55 70 20 -38 10 87 -63 -73 -93 35 15 79 47 9 -41 46 -68 -43 13 -2 -47 21 -8 -76 54 -8 -50 83 29 -56 -62 59 60 70 89 
10 -50 -99 -96 -97 -36 -66 -92 -64 5 61 36 -2 34 -49 -90 43 29 -98 23 -96 -67 44 99 -56 84 40 28 -61 55 -3 0 -39 21 31 -58 74 42 -10 72 60 20 98 87 -79 -88 92 62 95 -13 -38 37 1 52 67 41 11 44 -37 61 41 68 39 2 -60 
86 56 -55 -89 -74 3 -63 -29 -14 85 -63 30 -95 55 -20 72 55 -55 81 64 88 70 -36 78 29 20 -20 -32 -89 78 59 15 -57 39 -52 -28 41 -69 -8 67 -78 -7 -20 58 -70 -21 -12 -84 7 26 87 -20 -30 60 75 2 -13 100 -50 89 30 64 -35 -64 11 
39 -65 -38 -17 63 -47 88 -90 13 54 -58 -46 64 60 24 -71 19 -33 -17 58 41 -98 -16 -30 -96 -20 -62 71 -62 -61 -85 -68 -5 -92 41 -22 -62 68 19 -12 -47 -64 1 -95 -29 18 15 -54 -57 -20 -89 92 76 -75 -46 -33 -25 44 72 14 -69 -2 -51 -28 -84 
-68 -56 -41 65 12 16 -33 47 -19 21 95 -21 -2 87 15 -95 -58 -56 89 1 70 83 86 91 -70 -44 22 62 -93 46 -16 -93 40 36 63 83 -94 58 -7 53 56 55 -72 -61 -68 3 -2 -84 -90 -14 14 -45 -16 96 80 64 91 11 -55 -30 -85 -54 -32 97 -28 
84 -49 16 87 -69 84 -40 -67 22 91 78 -49 -88 -65 -18 -95 -26 -57 -44 -21 71 78 -82 63 40 9 -57 -86 88 -5 -14 74 -42 -99 -16 -54 47 -28 32 -17 10 -40 -35 44 64 10 -67 7 41 -51 -49 1 36 -80 57 51 -92 45 -76 26 -74 -18 -77 -32 -41 
-80 91 19 -80 69 56 -37 -49 43 -37 97 -15 -97 -24 47 -51 -68 -92 66 94 -78 55 -25 12 -42 -28 26 40 25 -17 93 66 -28 77 -54 -51 -32 -59 13 -20 100 -51 -14 -27 45 32 67 76 -72 80 79 0 17 52 -25 -58 -59 39 36 -55 -68 20 13 -35 -60 
-49 33 55 -59 -83 1 -30 -18 23 1 -6 -92 43 24 73 4 -38 17 24 21 74 39 94 -83 19 6 48 -75 -59 54 -50 98 -15 30 -42 -31 18 63 9 13 77 -83 85 -55 28 -35 80 82 -78 39 6 17 -60 85 -32 86 -50 -32 3 -71 94 95 98 12 -68 
65 -68 54 -13 6 -55 81 -43 -93 80 -81 98 94 9 4 -71 -83 -99 -73 -39 -87 20 48 88 72 4 -14 -34 44 -27 53 16 -57 -60 -21 -44 -1 -20 -77 44 -9 27 21 15 -39 -71 23 -6 -7 -31 -10 70 -80 -5 -67 44 48 44 -46 13 -23 -50 44 89 -100 
83 -9 99 -24 25 26 10 34 86 96 72 51 -19 38 12 2 -6 31 -19 -77 65 -1 -20 3 -53 35 -54 -60 -78 13 -39 -26 100 38 3 83 52 -37 5 80 -39 -10 63 80 -14 48 -74 -71 11 -7 10 1 -92 41 81 92 -80 86 37 -9 70 36 55 28 76 
72 26 -24 -78 2 20 81 24 66 18 97 -67 5 -17 -24 60 -49 46 -1 -74 -27 -78 -31 -64 4 97 -19 70 -70 -35 -10 95 -90 -38 -23 -57 44 -26 -33 9 -64 39 -51 -83 93 61 64 86 -3 -12 -57 19 69 25 -81 70 55 -38 91 23 -13 63 3 -48 -83 
94 22 62 -62 32 6 -45 -86 89 99 -50 -11 -9 44 80 -2 5 28 -71 20 -99 -31 31 13 -89 3 53 64 -53 -70 -80 -15 10 -37 -14 -72 44 6 -20 33 -11 -50 75 -37 -45 100 -39 -20 82 100 66 -46 40 -29 -54 -96 33 71 37 -95 85 76 -37 -14 99 
-70 38 -30 -82 -92 30 33 71 30 -52 -89 -80 -50 50 91 51 74 -18 -68 23 -71 35 9 -23 -63 -41 -73 52 65 -94 -15 72 -76 -59 79 65 28 76 70 80 82 -65 17 -48 -99 26 26 73 1 -64 -60 46 89 -70 61 61 42 -62 -65 -29 -70 19 12 47 -15 
37 59 68 -25 -13 -66 -63 -90 18 53 -32 -60 87 95 29 -47 -42 64 -83 17 4 67 -99 -25 81 -54 -8 68 77 -5 70 37 -20 4 -64 -22 95 0 3 -61 8 -38 -38 85 -58 94 25 71 97 -32 95 59 -16 -84 60 27 -90 100 -34 -62 8 12 -3 57 22 
-72 82 43 29 78 4 19 -63 29 28 -77 45 -82 11 75 28 -51 23 -82 16 61 -47 -15 -76 -24 -79 -2 -85 45 -32 -74 -81 78 15 -97 57 0 -53 -100 46 -29 52 60 76 41 -94 42 85 -11 96 -26 -20 -66 39 -35 18 99 27 20 -78 6 79 -55 26 62 
34 -32 -59 -41 -90 -93 96 85 -4 3 -2 18 40 93 10 -6 22 24 -53 44 -89 -96 -7 91 -91 -4 -95 13 50 -61 -26 -32 26 -94 -10 -16 -28 -23 -18 2 -92 -51 28 16 44 93 -33 28 66 51 39 3 17 -72 -16 -76 59 -24 -5 95 56 -75 -84 8 -51 
-83 -62 -90 3 -9 -23 -100 77 24 27 21 74 -79 85 -74 93 -69 25 -67 87 85 68 -29 34 94 -82 86 86 21 -22 28 -53 61 -28 42 59 -69 -35 85 -98 -93 92 -39 71 -55 55 67 -13 -92 80 60 37 -51 -62 91 62 -76 54 -45 18 11 -89 60 -16 -45 
69 -38 -17 -66 61 8 65 -27 -68 63 3 -33 -84 8 25 -43 27 72 -9 0 16 21 84 -68 79 81 -69 9 -42 45 3 -58 98 -20 9 0 -31 72 -31 -42 -99 26 -48 -77 39 -10 -77 -84 84 81 -95 -36 -77 -83 -59 2 -14 -4 -24 -21 -33 -68 27 -84 27 
74 -29 -34 31 69 -74 -51 -4 79 26 13 -7 -92 93 62 -97 91 -16 -74 -2 -19 71 0 -68 38 -19 -57 -28 -88 -87 20 -58 79 17 -17 56 -54 -92 46 68 -3 -84 -78 79 40 60 -1 16 22 35 19 16 38 27 83 65 -27 -27 -42 -28 -85 -40 67 -19 67 
30 -2 -54 -81 -97 -57 -37 65 -13 -23 -25 46 -1 -10 -90 40 72 72 2 -85 -34 25 78 -85 -17 29 -32 55 15 -42 7 -35 49 48 56 -50 -16 45 -41 36 -51 48 11 -67 90 8 20 87 -97 -13 59 59 12 51 -11 75 -93 -71 10 -71 33 46 71 79 52 
-95 -67 78 -26 83 -64 -2 75 -75 -96 -16 -28 -30 -100 28 -28 -72 74 55 83 -18 -38 52 -84 23 -57 -81 92 84 -94 43 -15 40 12 16 -57 33 49 82 -3 57 68 -53 32 -100 -39 -7 78 -58 2 88 95 -8 -64 60 14 -65 24 -2 48 14 -95 78 -93 -27 
77 -97 -20 82 -72 -28 41 -52 -65 -1 85 -75 32 80 -6 -69 73 57 -19 70 -4 -57 -12 75 25 30 -39 63 -16 -65 78 60 30 -34 -47 -19 -18 -81 45 -78 57 -88 93 38 45 -39 -59 62 69 25 -59 47 23 -80 19 -93 -41 -65 -95 -44 -21 -15 -92 -46 33 
-15 -91 -36 -69 -5 19 -96 16 0 25 -46 89 100 -24 82 -14 77 40 38 14 -73 30 -70 60 0 -62 -54 33 98 67 -95 49 78 92 -51 44 -97 40 -98 6 -86 3 -12 89 -38 99 -31 17 -88 -43 -24 89 40 94 -49 -95 -60 23 -89 -45 19 -69 40 -44 -20 
-97 -5 97 41 71 -78 -60 -31 40 13 -94 -49 -64 -66 54 49 27 35 -34 35 -78 57 18 16 -54 -81 -19 34 9 69 -30 -49 -1 -100 99 -51 90 -26 16 19 14 98 -38 28 -22 -40 75 2 72 33 -73 36 -70 0 4 -44 99 -95 -100 37 -98 90 -70 -81 63 
15 28 -22 30 -87 11 13 37 73 -24 -99 94 -6 -96 -68 92 69 57 -50 17 -82 7 -26 97 72 -64 -23 -23 3 97 -98 -94 -27 89 88 -28 -71 -66 2 -98 74 -13 -79 -46 77 -61 -77 -17 7 -2 92 27 -78 22 46 57 -53 43 11 99 -19 -85 -26 -75 -46 
84 -47 69 -45 -88 -27 -7 -27 42 73 88 77 -36 -31 72 -23 -40 37 -69 -80 -49 -66 -67 -29 -49 -62 8 -2 39 53 9 -33 96 -23 0 -13 80 89 -55 -24 100 -73 82 -97 79 -63 72 28 -69 70 85 2 -14 73 39 40 37 -58 12 13 64 -14 -94 -52 -53 
-17 -26 76 100 52 -12 61 -26 58 24 35 61 -94 7 57 -13 -78 -98 -31 78 39 -63 -38 90 10 -75 68 -19 -49 -88 -4 -37 -68 -44 -36 -58 -31 -5 80 -74 95 92 69 -99 23 -34 76 -89 30 68 21 29 -51 18 -49 93 -43 -82 29 40 -39 -57 -35 9 16 
35 12 47 52 -9 -87 -48 54 -26 -10 59 77 -36 -35 67 51 -96 -65 -74 -64 93 -90 14 -11 19 -96 -35 38 -60 96 -64 16 85 -42 84 8 -15 84 21 -99 0 62 46 3 35 -90 65 53 -23 -40 -53 -52 -28 -98 63 -93 69 -52 5 -75 -88 51 54 52 -6 
-78 58 73 -91 4 -94 49 -8 -17 -9 47 34 25 95 44 -78 -60 8 -73 68 77 -64 7 37 -60 73 -14 -98 98 6 38 53 -5 8 -18 79 -94 18 25 -71 66 -81 64 27 -90 -42 41 36 -35 -24 72 -29 -85 54 -23 87 -40 -84 -13 0 -66 71 -22 -92 64 
46 79 -94 -98 26 -20 -61 85 65 23 -72 98 -7 -77 2 -4 -64 -86 57 -57 71 -23 93 27 -11 2 -77 20 22 -76 -82 -64 -56 -79 -6 -32 41 -74 42 -4 5 49 34 78 -79 22 33 16 -33 39 -30 -84 84 20 28 35 -60 72 95 46 -35 17 81 36 -86 
-31 -24 59 -22 99 27 -30 -78 22 -51 14 28 1 -5 -89 17 69 -68 -46 -38 -55 -68 17 16 -21 91 -39 21 -7 -90 -96 85 68 87 -96 82 53 -14 -95 -63 8 13 -2 -36 -85 41 19 -7 81 29 66 68 -64 61 -60 21 -35 85 -56 47 -22 -59 -71 12 -82 
-67 38 -13 -54 -82 51 -29 6 67 -26 91 24 -67 -87 51 -94 18 -82 -85 -29 -87 -23 99 -72 -41 67 -94 -9 25 17 -3 -58 -7 37 37 94 53 4 79 65 -31 73 76 15 81 4 -51 0 77 -59 -46 33 -5 -25 18 62 -81 15 -33 36 -97 -53 -9 27 65 
20 35 -47 -60 -24 -85 -75 8 -48 -100 -9 2 26 48 88 -89 30 -52 48 -48 91 -26 -37 -82 -1 52 54 -18 28 -10 -24 -59 46 -42 -47 52 34 -83 87 -97 -46 -32 -21 12 -63 -71 96 56 -67 31 30 40 -33 56 92 -13 -80 -78 -88 75 -76 -16 32 -7 -85 
60 -65 64 -54 67 -70 64 -31 -93 27 84 63 -42 -93 -67 -58 -1 5 -76 90 69 46 76 -25 10 13 -54 92 -8 -43 -31 -22 -33 92 40 -84 75 -16 74 -47 97 -9 -21 46 -90 -57 14 -44 40 -7 7 27 81 91 0 -30 79 73 -67 79 -9 86 -96 92 82 
18 -5 28 100 -12 48 -26 16 -36 -89 -63 -44 73 -74 61 -54 -34 -14 -4 69 -51 -51 18 90 -20 -43 87 48 84 -95 -9 -75 15 20 -97 -76 53 61 96 -17 25 -79 -95 97 -3 19 72 -94 18 91 71 39 -100 97 1 -56 83 17 4 29 -13 35 56 31 6 
-26 -3 -19 -34 -16 94 -86 48 38 27 -48 -27 26 49 47 11 -47 15 -1 -67 75 -85 -65 33 -25 -9 -27 36 72 -69 81 93 49 -6 27 -55 -89 10 -92 -25 -53 93 -24 -54 81 73 -68 -70 -98 -48 -44 69 2 22 -33 -19 -78 93 41 42 -74 60 -7 -64 -57 
36 -88 82 -12 40 -76 98 8 7 99 -22 39 -60 -68 66 96 9 65 -22 24 -6 87 -83 -12 92 -27 -95 -68 61 -91 76 59 -84 70 -8 -22 -93 64 -99 15 -7 100 -13 39 30 43 -46 21 6 44 -30 5 -87 -12 -86 -29 -42 -23 15 -14 -36 -84 22 -81 -8 
-26 -96 28 -75 58 -75 -92 94 74 32 84 73 -82 -55 41 65 -95 83 -13 9 -21 68 29 -70 -26 90 70 -45 34 -67 -8 69 32 -54 32 91 -40 83 37 79 -91 -92 -94 5 -38 -67 4 9 -50 84 45 1 10 -15 -69 32 26 -89 67 -89 31 25 -9 1 -5 
-20 34 -93 88 -67 65 48 70 31 51 -26 28 9 -5 -61 64 29 -37 89 -77 -72 13 -14 -35 -51 66 -42 -1 -47 43 22 -53 81 34 14 66 38 -16 -57 -15 39 -61 21 84 -27 10 98 91 35 9 -65 24 -47 -92 -41 -85 -34 54 14 -24 -65 -84 76 23 -36 
-70 -27 31 -98 -37 99 -4 40 -88 20 25 32 19 -44 -41 -48 22 -100 -56 -54 -74 53 7 27 48 51 57 -2 23 91 90 -44 19 -35 85 4 -39 -44 -93 58 -50 -5 -35 -61 91 0 80 -97 -49 -21 -42 -35 -1 -30 -20 37 -83 -96 -47 7 -13 -49 70 -85 26 
55 45 12 -25 -81 95 92 10 -54 13 -15 74 -26 -11 79 17 23 24 -75 -13 40 45 -74 -55 -14 -35 -70 -25 59 21 -57 -7 52 -86 -68 -6 70 75 15 3 -8 -68 21 -17 35 -70 88 -40 22 -74 -15 48 56 76 -78 -72 2 -76 -79 7 97 10 4 13 -53 
-14 -91 -49 -77 -82 -63 90 -18 -8 84 80 -40 24 -75 -81 -71 -37 89 -37 -21 48 -89 62 -20 8 -1 -86 25 44 -31 94 2 -88 41 -77 -2 -11 66 -45 78 94 -40 -24 65 16 -63 -99 38 53 91 80 57 -24 -62 80 37 -16 94 -64 90 -8 84 41 45 78 
