-40 -80 3 82 -15 86 -30 -86 -65 11 -3 78 79 76 -24 1 -43 -41 1 -11 93 55 -43 -50 -48 -95 -21 -99 76 61 14 61 -80 -42 -19 -31 -61 -57 -90 37 50 -49 -71 31 -35 -6 88 -91 3 -70 90 -97 14 68 -90 24 71 93 38 -82 -73 -73 -35 67 -68 75 89 57 6 53 70 66 80 64 50 40 72 
-70 45 -73 20 98 -78 2 -4 -49 30 -89 3 -77 -75 -50 55 72 -84 83 -22 70 -65 -38 -41 4 52 53 31 -99 67 -10 16 37 -87 63 -48 -56 83 -70 3 -32 -89 19 -41 62 44 70 64 -30 57 99 44 21 26 79 1 -100 5 4 51 40 -53 91 94 26 -66 -58 -66 96 -15 88 -19 42 91 -2 -15 -71 
45 -7 20 -1 -42 75 -86 59 3 93 92 15 -85 72 -56 -73 72 30 -10 -21 36 50 85 13 -78 83 83 -36 -35 -33 76 -46 89 -31 -10 -19 33 -99 71 -12 -37 90 -97 -92 -49 -86 -33 51 21 7 81 -24 12 20 84 -45 67 -69 25 -23 -70 9 32 -1 -59 -34 96 48 -77 45 -91 -55 29 -48 15 22 -36 
-16 31 -19 -29 81 68 -38 52 80 -29 40 -94 -29 1 93 -56 -49 -58 -3 2 -70 51 69 -95 -72 -83 -81 -61 -58 21 -57 -59 11 90 -6 -24 92 4 -66 -2 -61 71 -82 -39 -87 21 97 92 21 -45 99 67 39 -90 53 -26 92 12 -60 10 78 34 -4 75 -23 -22 67 -47 -49 -4 -36 0 72 44 -1 -22 -44 
8 45 -18 88 72 -69 -79 -78 -92 47 -49 54 100 35 49 -6 56 -3 72 91 -58 40 -94 -94 0 -11 44 12 -86 33 90 -60 -32 -77 11 -77 82 -75 -73 -18 44 -73 68 45 -7 -89 98 50 34 37 82 93 16 -24 -91 -31 -54 95 -19 -73 -25 -48 73 71 -76 21 92 -89 25 97 -74 -68 -81 -72 17 83 -58 
-54 27 66 -11 36 -75 -38 -62 -32 -82 -80 -94 10 -72 -34 63 -83 -35 -78 -34 61 -56 66 -59 -100 -51 87 -73 12 92 -15 32 -42 8 60 -63 71 -21 -40 -74 96 97 -67 -65 0 77 25 71 22 22 -35 18 86 -80 91 -6 -12 -64 -96 -78 37 32 16 87 37 90 62 -79 -85 12 -78 25 -17 21 -82 -35 -34 
-39 -6 -80 -51 39 -73 -75 -88 31 71 35 87 -90 -95 -37 -52 -88 -82 1 49 -3 -69 90 74 88 -17 -29 -38 -50 -18 61 42 -59 23 29 -61 66 -85 -52 -61 52 36 -60 -73 -29 -74 -20 -15 -63 36 16 57 -58 -100 -15 -45 -91 -44 -65 80 27 -30 -61 53 51 -38 33 10 86 -10 89 -88 40 60 -56 -94 -69 
2 -94 -47 81 13 -26 16 -99 -33 87 -46 86 -58 -78 -1 79 -33 45 21 -2 -73 -95 -62 -68 -65 15 -95 28 -64 -10 85 78 -10 99 -92 -24 47 -68 29 -99 66 5 74 81 95 -94 75 -31 72 -13 80 88 -16 -13 -5 22 86 19 -91 -30 -12 -28 77 -71 63 -92 15 56 53 -62 27 85 93 82 45 48 -89 
17 -55 -53 97 -58 82 -50 68 99 30 -21 -44 -21 -74 -20 -48 -45 -74 -87 -43 99 11 -7 -63 65 -34 -79 -93 92 45 91 86 61 -94 79 85 -45 -26 35 -43 -74 -18 73 -85 97 81 11 45 -17 63 -61 73 -33 98 -63 46 -29 -1 -47 -73 -52 61 -98 85 58 -38 44 41 -35 63 10 94 89 72 -54 24 91 
27 76 -34 -43 14 96 -56 1 34 54 48 -85 -46 40 17 -76 -45 45 29 96 40 -83 0 -22 -57 85 5 72 -80 -40 58 -25 87 -30 -85 14 82 -60 54 50 59 62 8 86 96 -20 -95 4 19 -4 63 100 -54 -53 94 -88 23 -20 22 46 13 25 -50 79 -22 -27 57 66 -73 -37 66 -23 22 -80 100 93 -58 
87 -93 -34 -68 38 68 37 -66 -64 60 -8 56 78 46 60 -26 99 23 8 61 -39 52 93 -20 99 -90 -27 81 -37 43 79 -32 92 18 -1 -34 -79 -38 -77 -45 -40 52 -34 -28 59 -39 51 -4 29 79 -46 -59 43 -23 -52 -9 1 -65 59 65 90 43 87 3 50 11 82 83 12 -45 -39 -72 89 90 67 -75 32 
-93 45 81 -48 35 -67 91 57 17 -31 69 75 50 -8 8 -7 -52 -2 -27 71 -35 66 -70 -37 26 91 95 54 58 -47 -81 97 84 73 -77 92 -31 -20 62 48 -55 89 -87 -78 -7 -36 -7 50 63 23 -6 -93 -65 64 41 30 18 19 35 55 -2 -60 -34 -62 -83 62 -77 12 -90 -30 -72 99 75 -85 21 89 -51 
-92 -89 -98 27 72 -5 17 -84 -16 20 -2 100 5 74 -24 1 62 -24 23 70 -87 -70 69 -15 47 25 92 2 60 45 74 29 -64 -58 43 50 -83 -52 75 34 -66 -66 -88 43 32 48 -69 85 23 10 14 99 -5 -34 -75 -39 27 3 -22 -89 -23 -71 50 49 -60 -3 93 14 46 34 72 -8 59 48 14 74 -69 
13 -75 82 -71 -16 -65 12 66 -17 -48 -50 -37 37 -25 -19 12 94 90 31 -15 24 -9 -20 -2 59 56 -9 100 5 84 76 -56 -38 88 60 64 -73 -80 80 -28 100 49 -97 29 -49 -79 -49 100 -14 -100 49 48 -9 -81 64 -9 5 -41 1 -100 61 -62 -65 35 -72 -72 -5 -15 41 -55 33 -21 -27 -51 17 -37 -50 
12 -15 -72 54 22 91 -44 -85 41 62 -58 -11 -83 -37 -33 4 34 -25 40 58 21 85 -75 19 48 70 -37 99 100 -18 96 8 90 100 6 64 -27 -77 79 -69 19 52 15 -1 -18 39 33 -66 -21 -16 -24 -39 -9 -35 59 54 -59 8 44 41 22 -6 -31 18 -35 -18 -65 100 22 -79 -98 3 -89 42 70 41 17 
-11 -21 -16 -9 88 -26 -10 45 -38 -27 -80 3 38 88 98 38 -44 -53 -94 97 -14 -6 63 51 46 74 -78 -13 -62 -10 -89 -62 -94 -96 -20 79 -93 -23 36 -48 2 -46 -60 15 67 32 96 -7 92 -27 50 -8 -43 -21 -13 40 -9 70 -49 -87 -78 -95 35 97 -87 8 19 55 -24 -86 55 17 -50 -20 16 -80 70 
95 68 -59 49 59 -48 -70 -67 -55 -26 3 -24 -16 -47 -22 42 98 25 -6 34 -87 -35 -68 -27 89 -80 56 -34 -70 -46 -5 87 -47 61 -37 21 -74 -14 -1 36 -83 -76 -62 62 -54 70 74 50 49 55 -57 -87 12 75 -52 -76 43 100 -48 32 42 -90 -24 -31 0 73 -91 4 33 93 -4 28 43 2 -22 8 -50 
-22 -86 79 77 -90 21 71 45 -61 -83 -23 31 55 -15 98 47 -34 -49 18 -23 -75 -18 -32 -57 -68 63 62 -33 95 64 53 -26 53 76 -49 -93 100 -97 49 53 -100 -25 86 78 -36 -24 51 99 -73 71 -15 84 -31 22 -33 -64 64 -37 -47 -46 100 -95 -13 -2 6 6 -33 -59 41 49 88 72 88 -17 -85 89 36 
-44 55 -76 12 52 -43 11 61 -53 69 -33 -94 -90 -12 22 7 32 -47 24 79 -36 -3 -53 9 -84 -85 83 -73 -8 14 -52 -30 60 -93 30 3 21 99 2 83 56 14 -52 -8 80 98 -21 16 -36 -69 -59 -89 -16 86 -42 -36 76 40 70 29 -45 55 73 75 -72 -30 67 46 39 -10 43 93 -46 52 -50 47 -82 
-15 26 -7 -21 -44 84 -31 -93 -31 -2 -13 -41 72 -67 -69 -52 -11 92 80 -46 20 -94 -45 -33 -34 16 -7 26 -98 68 11 51 7 -47 -41 12 70 -51 -4 -50 1 41 41 -3 -55 -6 40 2 26 45 3 73 65 -62 -82 -82 47 51 51 12 -55 -54 39 69 -93 63 -73 24 -98 -49 -34 -72 42 26 -1 2 -33 
75 -90 79 68 53 -83 -4 92 -47 10 -57 31 -75 78 31 85 89 39 75 15 -27 65 30 -57 -21 23 -19 58 44 45 36 -31 61 -66 17 76 51 -93 -96 -27 -83 -98 57 17 -82 13 22 -8 11 -5 12 -72 -91 6 35 87 2 -37 -59 -22 71 80 26 -64 -14 -32 -83 -60 -47 49 19 53 77 -11 51 -52 -82 
-31 11 -73 -67 -80 44 -73 -26 88 -25 -83 -30 -43 -96 -75 -63 -79 -97 34 -96 60 5 -69 22 -90 -68 92 49 -4 92 -70 -31 -26 -33 31 -30 -45 -38 74 -53 39 -77 76 12 -39 55 87 39 47 57 -37 86 -79 -30 -47 23 -69 -70 -50 -97 -85 58 20 -13 83 -31 51 0 -69 -90 -28 -73 95 0 7 -8 -28 
-71 17 -21 -81 -98 24 -10 -99 -8 29 84 -74 13 -27 -81 74 -39 -6 57 -73 69 88 -54 -55 29 -13 42 4 92 41 -58 -77 40 -62 63 -17 10 94 77 -45 -3 -59 39 65 54 62 -63 -28 5 -13 50 97 11 -74 24 92 61 12 50 78 -20 11 -30 16 93 -41 -91 71 58 -82 86 -96 -62 -98 -73 74 -79 
49 -63 12 87 3 22 47 52 -69 5 0 33 94 -25 -36 88 49 90 52 -96 -49 76 33 -8 -27 3 -96 65 76 -20 68 -73 15 -33 -63 71 -1 88 46 36 35 -1 -5 53 -86 -80 -74 10 -82 -86 -7 -80 -13 100 94 -46 29 53 -100 67 -16 51 53 38 3 83 -80 -78 -100 -87 -3 19 -63 2 48 72 28 
-93 -55 86 74 96 77 84 88 -5 7 24 92 -32 38 54 -32 -3 -45 19 -76 -100 -35 -99 -22 -2 39 -1 -55 12 -46 -81 -4 65 65 -99 14 -44 -94 48 -12 72 5 -18 50 96 -91 -92 25 53 -20 -61 -85 11 -10 20 -90 67 -7 96 75 56 -92 5 -16 81 -72 -29 8 75 -1 -5 -46 15 -4 -77 -9 -81 
-39 82 50 41 -64 5 86 -2 44 60 -41 -98 -29 -65 -4 93 -52 84 14 -49 -3 -39 61 -36 -90 1 -80 74 -5 5 25 26 89 4 66 -57 -4 9 15 28 -4 53 28 47 -17 -67 -10 21 1 97 64 51 8 -63 53 -100 8 -100 28 71 10 43 33 90 -71 -60 97 -49 71 -44 -62 -19 -93 -76 36 -24 64 
-59 96 20 -7 -23 -18 -4 -30 10 30 -49 31 98 -64 21 63 34 -81 40 -94 19 31 21 -28 58 -9 -81 -24 -52 23 -92 -13 75 18 35 67 -28 -52 28 53 97 -97 -1 -51 -15 -66 9 -36 85 -13 6 -82 -59 -70 67 89 44 -68 -12 -86 -39 21 -69 -92 73 33 100 -35 -64 -5 -13 98 83 -94 -88 97 -49 
22 98 -82 -87 66 -50 -27 -24 80 55 94 56 -21 1 56 43 7 -91 -4 80 -4 65 58 -59 29 21 -62 5 11 67 -83 98 -55 21 89 -89 20 -91 21 -70 27 -64 75 0 20 -87 86 5 21 -32 -73 5 -99 -6 50 -98 64 13 41 79 -51 64 28 97 48 75 41 -27 -93 93 -66 48 21 -67 42 80 -56 
77 -48 42 64 -2 -58 19 45 -71 29 -73 49 8 -61 49 100 43 99 55 -19 90 46 -16 -40 -67 39 -48 86 5 9 96 -5 -65 -43 50 16 90 -55 -93 -15 -28 -61 79 15 -41 61 34 68 -50 96 21 -21 39 9 -62 72 -61 79 54 -59 77 0 19 88 -48 -75 94 35 98 -77 -22 62 27 50 12 -91 -89 
84 94 95 95 -62 -100 -13 48 12 -49 12 3 100 98 66 -51 81 82 8 -74 46 -44 -35 72 -31 -79 57 -80 99 67 -97 18 81 -4 55 62 34 10 -42 27 -17 59 -62 -83 57 85 -56 -89 -35 -54 -36 82 -48 27 -17 -77 49 20 71 -25 -72 96 39 -15 -85 -56 -26 17 -91 40 -42 -97 -30 -40 -59 39 -66 
-61 27 39 1 -62 -15 14 23 21 10 -44 -8 64 87 -87 -1 -56 38 -95 3 -82 96 13 -74 60 -14 -15 57 46 -17 58 -40 80 -97 -50 76 4 -94 0 -39 99 50 -9 -19 17 -53 -87 95 63 -32 -35 82 -32 16 -57 52 78 -9 20 67 72 72 26 12 1 -54 -56 -57 -60 -87 60 56 4 100 -54 96 86 
72 -1 3 -26 63 -55 1 68 -81 -61 -54 45 -74 -68 70 -33 -72 -15 22 14 76 96 96 -56 -82 91 23 -91 39 58 -87 -11 -9 24 -55 69 -17 38 -83 -18 -25 -79 -80 67 34 15 -73 43 91 -52 38 -73 -18 -22 81 -15 89 -52 63 26 79 -81 -25 40 -35 -52 -28 64 11 66 61 87 86 -53 -93 53 -81 
-62 31 70 -42 -11 16 -93 79 -49 -77 93 25 -99 65 25 7 -45 -9 10 22 -95 -40 82 -80 -38 2 2 58 -99 98 -22 11 20 40 -77 -79 -69 23 19 -40 -24 98 29 -77 38 -28 21 82 -45 22 -80 79 -89 31 -57 19 54 -52 -72 62 90 -60 83 6 62 57 44 41 -5 30 92 86 -11 48 15 -56 -18 
89 65 -32 55 -50 -33 34 17 67 -62 41 -41 81 -98 -31 -73 -86 28 -97 -1 51 58 53 -2 6 30 73 9 61 93 18 79 -48 55 -9 -30 72 9 93 -5 -3 -98 -57 81 -71 47 29 85 64 -50 68 8 -28 -81 -25 5 -50 85 20 -6 -69 -50 -93 -23 -48 50 59 30 -73 50 62 82 -18 -81 -41 -84 86 
-8 70 60 92 15 92 88 -36 -41 -60 -9 -12 79 33 -55 -54 -27 -51 -14 -48 58 -34 16 -39 83 -21 -57 72 42 -97 -75 3 100 -6 73 33 64 77 41 -33 11 35 -54 98 -14 -23 3 43 60 58 34 67 -32 69 -58 -33 -71 -38 -49 55 -74 -64 99 -15 -2 -58 -11 -69 -26 -34 -66 16 -63 -43 52 41 72 
96 85 93 20 -38 85 99 -84 26 47 2 -14 -61 -64 -60 -12 80 83 5 -80 -39 9 -8 54 7 -40 30 -66 36 38 92 -69 -5 -77 62 -69 -3 -74 -92 -57 79 -21 55 71 -46 89 -74 78 -65 -26 31 65 26 -70 -63 -56 -54 66 -99 43 20 -33 62 -10 -5 -55 49 -73 -68 6 67 -72 -59 -10 -36 -31 51 
2 46 -83 -79 -93 13 -5 -76 -62 -56 71 16 97 -74 -71 -34 9 67 -44 -99 -100 42 -49 -96 -13 83 -24 21 68 -96 -57 -74 5 7 -82 91 -43 83 -33 -96 67 -19 42 -42 53 -78 76 -82 25 54 -68 -10 24 4 -16 88 -95 55 -28 56 -66 20 -70 -24 -14 -92 -3 27 -6 -78 -97 -35 77 -73 -55 -74 -91 
-98 -54 19 48 55 -23 -38 9 -13 -62 65 -99 -88 -56 -62 84 64 -98 -100 15 -98 -14 -17 5 -17 83 21 -34 -58 -48 -66 -53 87 -47 -88 -68 12 30 68 8 -88 36 92 41 21 40 48 -19 5 78 -57 -60 74 84 28 57 -68 29 -87 46 -37 -92 80 5 -99 -49 96 -59 27 -16 -55 46 89 89 58 -30 -70 
12 69 -6 -23 -72 63 53 71 -53 43 86 -1 26 -62 -2 -43 35 18 -70 85 -61 -61 1 75 19 -78 8 92 -33 -59 9 -12 -77 -78 -96 94 -48 -77 14 -89 37 -14 -27 -7 70 -77 40 -96 24 4 -86 78 84 -27 47 -98 -58 -51 94 -70 -69 -88 -25 91 54 -67 -61 -35 -18 -40 2 -74 90 -5 -49 -73 51 
76 -70 -21 -15 -64 -82 13 94 -65 -63 37 75 83 -3 -71 36 27 -51 -42 -72 -94 -71 -25 62 35 -27 -65 -52 59 43 14 25 66 33 -89 -12 -21 -17 -57 33 -20 62 20 10 97 95 -54 54 -77 18 89 -55 -58 -53 12 65 99 -63 63 28 33 -22 62 -89 -100 67 4 12 25 87 -78 23 64 -45 72 9 -40 
-32 4 28 54 -90 -11 36 10 -34 -44 26 -48 13 79 27 21 -44 -57 33 20 66 24 85 86 -75 65 -21 30 16 14 19 80 -66 55 33 -24 63 -9 10 61 -2 74 57 -87 76 38 -22 -2 -81 22 82 -65 -81 53 81 31 -47 -28 52 19 36 76 82 60 53 -83 -80 24 74 83 89 49 10 -82 90 30 1 
-62 51 3 81 -55 76 -57 -65 9 -90 -50 -12 75 -62 -18 -30 -36 13 81 -7 -61 77 -11 44 85 -71 -12 -92 -13 98 51 45 -26 -14 22 67 -55 -55 -24 -76 27 -35 16 26 -2 5 -25 22 11 73 -3 43 -64 -43 -14 97 90 29 -24 -94 37 -59 89 19 -77 -68 90 -96 -94 51 -60 -97 14 -95 -89 29 -5 
-70 -53 -22 -4 6 48 -47 -96 88 21 41 37 23 47 -82 -99 47 -46 -41 -86 -78 83 -71 42 43 24 -17 12 -42 -77 -89 -56 54 12 -100 76 72 -65 -10 57 42 47 -88 -81 -41 -12 73 -80 2 14 -73 -22 -58 83 -10 40 47 56 62 36 0 -8 -92 -24 -100 -81 66 -43 -4 82 -26 -62 33 29 57 -90 79 
42 -92 -82 46 77 -34 -6 -58 74 -82 61 -15 -21 59 -91 55 17 -13 -94 -36 -2 -33 74 17 -69 60 66 36 37 95 24 -43 -26 -62 1 18 -86 84 -96 -2 -29 100 11 87 73 61 -3 -24 90 42 99 -43 13 -85 -4 94 45 -73 -10 -29 52 -31 2 -92 -79 -95 44 -51 -6 95 80 53 80 56 -33 73 46 
-9 16 -59 -31 -17 -12 75 -17 45 -45 64 91 44 82 -77 51 -13 -21 7 50 93 50 22 -99 82 5 67 26 27 74 -15 -28 58 45 -65 -70 -37 -20 26 65 20 -98 67 -82 -4 -46 -92 1 35 33 6 9 -74 -47 -38 -17 25 -86 -3 -73 -71 -60 37 -99 -83 -74 -6 21 -16 -85 75 -45 9 -32 7 -9 -6 
43 -9 -61 -9 95 -8 -67 47 93 -43 -82 -5 -60 -71 -61 91 -33 13 -88 17 52 -16 -74 -94 5 58 98 -57 19 -9 88 86 29 46 59 -88 13 22 -56 11 -29 -1 -84 65 -75 -53 84 26 71 -65 32 9 46 48 1 -67 76 -53 -34 44 17 -92 20 11 19 -37 -77 17 73 -48 99 -89 -3 -92 -58 -10 -11 
-49 97 -58 -22 81 14 -69 33 82 -95 -57 6 6 -51 -54 -40 21 25 -54 -28 7 -50 44 9 -98 -63 -15 -43 -60 -84 45 1 12 28 -31 -19 64 19 -77 58 25 59 -44 -98 77 -39 -64 -7 7 13 52 80 -43 -86 2 -13 -97 84 82 19 -47 -55 -5 -22 -74 -58 -14 -91 24 -90 0 79 -55 0 38 71 66 
-94 27 -59 -86 -55 9 -15 -83 19 -97 -75 38 34 26 -85 -27 -77 -35 21 -92 81 67 56 79 -50 -87 18 -79 -93 -4 37 -84 -78 -95 -89 -83 18 98 -75 -4 -4 86 25 62 -89 -14 -90 69 -83 -61 -23 79 22 -35 24 69 -39 73 -55 76 93 -39 50 71 -37 -31 75 28 -78 -18 -5 -97 65 -94 2 -78 -3 
43 53 21 -27 69 -95 -59 -2 -72 31 36 -11 -100 -100 61 83 -41 44 74 29 -72 -93 -89 65 27 -13 -67 -77 47 -18 -54 81 3 -6 -48 2 -50 0 18 27 51 -67 -11 -74 3 12 -62 -63 -82 -71 -40 79 -45 -27 17 14 67 -41 -53 -49 -76 76 34 -57 74 -39 -47 -59 -33 -24 2 -24 -7 -50 -11 51 65 
-95 -89 -92 -27 94 99 80 -62 -46 -2 100 -86 -23 -3 35 11 -13 -25 56 82 -60 -89 -4 -42 -33 -73 -89 6 -85 -58 5 69 -54 59 28 42 25 1 8 -6 25 -44 -50 75 29 -93 -31 25 96 -86 -46 -60 7 -51 -2 -18 27 -32 -80 14 -21 49 -97 -61 88 12 -64 61 56 46 -29 29 86 -25 -23 -16 67 
-12 -31 -87 -82 -9 86 30 -77 -44 7 -26 93 -9 15 51 -16 62 82 -48 -13 86 43 -9 74 25 90 7 22 20 -58 19 -75 -95 15 66 7 -24 86 -87 -17 -22 23 -53 -41 85 22 12 90 58 -83 -23 41 -40 82 76 -48 91 -4 -26 86 -64 27 24 -89 -6 54 -78 -97 88 -32 -84 73 60 83 -25 66 3 
-56 -50 26 59 45 82 -68 -93 40 -78 1 -18 -3 30 2 16 39 59 76 -84 82 52 52 56 51 98 -76 -64 86 80 81 -16 58 -9 95 -25 91 21 -3 20 87 -58 -69 59 1 -38 38 -1 -84 16 -50 -31 -3 -17 12 -95 -9 81 98 -68 -59 48 61 -75 32 -49 98 -8 -43 -64 1 39 24 9 45 -100 -46 
26 -92 -100 12 -90 20 82 -38 6 -28 -2 -40 -76 -13 -44 42 -98 60 41 40 63 -90 -72 -77 -60 -12 32 -63 22 41 -25 -97 -63 89 -69 89 -18 62 -30 4 20 26 87 27 -91 21 55 73 -50 -49 19 -62 -49 88 46 45 -86 -56 67 -80 43 42 -85 -92 9 11 85 -61 74 18 77 -85 -44 -66 34 27 8 
-16 15 83 -61 57 -28 -14 -67 -34 -79 -83 -16 -31 -58 97 -16 81 -34 -69 57 74 11 10 31 -66 62 45 -1 -36 91 45 -77 -24 -27 100 -13 90 28 33 58 90 25 -53 16 -71 -42 -35 -74 -75 -51 26 87 32 -29 12 -87 83 -6 92 -73 -42 36 -69 -88 -4 -31 -46 -81 -100 -38 0 -39 -62 11 29 38 6 
-5 49 -67 50 -69 -40 -38 53 -25 26 -15 -50 -73 88 -44 74 -20 33 -75 -35 64 50 -12 44 32 78 29 -66 -40 81 -19 82 34 56 45 -57 73 -65 6 96 -59 97 62 -88 -61 78 0 -84 -72 -48 34 -22 44 -11 90 40 -9 15 -86 90 41 -11 -1 71 84 -96 68 21 74 -20 63 63 51 -20 100 -75 -3 
98 -14 81 -90 -70 67 -19 0 95 64 -93 12 78 13 92 20 -39 -50 -12 100 10 45 75 7 -50 -82 -20 -88 14 -74 46 40 -54 85 -59 62 4 -6 -57 85 -57 48 -98 83 49 50 -24 -61 86 -34 -92 -38 25 27 -81 -8 57 -78 -68 -65 -46 15 -76 39 -2 47 -98 85 32 -83 -8 41 92 -91 63 -28 43 
-89 32 -4 46 29 68 -58 100 -32 -75 6 39 -43 -58 -48 80 13 -25 67 -77 -98 96 49 48 100 0 23 58 32 68 -91 70 -97 -91 86 3 34 57 -72 -2 21 64 92 -29 -26 3 -51 61 -98 73 58 -62 71 -19 -75 -61 58 36 76 -96 -70 57 -17 -41 95 95 -4 26 -83 50 93 82 11 -80 94 -84 -78 
-4 58 -48 -35 22 64 67 81 6 65 0 3 57 -42 22 -78 -100 -37 32 -12 -58 -73 -15 -92 -17 -37 90 11 -23 -51 -89 39 70 -8 -52 37 -3 11 31 -54 -85 52 -6 76 -70 84 -33 -76 -4 29 -18 35 -72 -56 49 7 15 42 3 -62 -80 58 -2 85 5 50 5 9 24 47 -45 -87 9 10 67 41 -13 
-5 -98 60 -50 86 63 -38 -95 70 -2 -71 35 -73 -6 9 -47 -54 34 1 32 -84 -70 73 -37 -64 99 53 67 -24 -98 -22 -2 8 79 -67 99 23 29 56 -16 -98 85 -19 5 78 63 61 -5 -80 -93 96 -59 -76 47 64 92 8 95 81 60 -67 -17 75 -97 -3 -13 -76 8 -34 -26 2 -38 75 -86 -96 -100 84 
8 -16 85 -37 78 -41 -98 66 62 90 -63 89 30 -82 26 -43 -9 70 95 -62 -7 99 10 82 44 34 32 -53 19 38 36 82 88 23 11 -90 11 -36 -43 19 16 -82 -86 42 -23 -67 -1 -80 -33 48 5 5 -10 78 -71 50 -75 -59 -19 23 -94 14 33 72 11 35 9 35 -46 -68 -11 69 89 -6 -94 -56 -92 
-24 -15 68 13 37 -42 -40 -13 -12 83 -35 -78 75 -20 66 0 66 29 -15 -79 -37 -72 -50 52 97 12 -56 31 65 -55 72 70 -12 -7 91 38 -48 -78 -88 18 64 -76 51 6 -25 57 -68 53 68 -67 -2 62 -75 -35 -78 -60 -24 29 3 56 -14 -94 -36 -11 3 -72 -72 20 -3 -80 -88 -20 78 -33 -20 -53 -9 
60 57 -47 -11 8 45 -75 69 69 -44 -99 -55 -32 -74 6 95 32 -48 -56 85 74 64 43 61 41 -41 100 -73 47 41 -21 -29 9 1 57 80 -43 37 0 80 -90 -63 83 -84 88 -34 79 93 -26 20 -48 48 -63 -2 -98 -85 22 10 73 -1 -38 -62 -62 -51 78 53 -94 22 46 -28 -11 -35 -68 -49 77 21 -50 
5 79 -86 -28 72 -14 -40 -2 77 -53 21 -30 83 -20 41 -41 43 88 48 -20 -100 -73 -93 -34 100 75 -7 52 -3 -28 45 75 -40 -74 -95 -3 35 -43 -9 -47 -18 81 -75 54 28 90 -47 -63 -64 -87 -21 -79 95 -27 -63 90 82 12 -1 -56 92 -37 -29 -42 -43 -51 -83 27 -26 -38 -21 -79 -20 95 -87 91 -67 
-29 -51 4 37 -83 -38 -91 -59 -75 98 -89 58 18 53 -61 70 76 24 -82 -58 19 -64 -9 84 68 -94 -49 -55 21 17 50 -50 50 79 -96 -9 65 41 -14 80 60 99 88 1 -16 -57 -5 6 7 -34 58 72 82 -85 -53 -55 44 -17 -22 29 -85 -36 -97 6 -25 -81 39 30 -14 12 -42 -7 -35 -50 63 -65 93 
-80 74 51 -19 -94 3 -17 -17 88 26 11 -65 40 87 52 54 89 -55 30 -70 38 63 -5 92 59 8 -41 71 -52 -67 -60 -55 -89 -42 -12 -35 1 -85 44 23 92 -41 54 -53 -8 28 1 12 82 -2 28 -94 10 81 38 -23 -53 1 -27 -64 42 -90 63 3 33 -31 43 5 20 71 -11 25 -74 -26 50 -53 98 
-10 -52 -89 57 100 -93 61 67 -45 -24 53 -82 66 66 91 -33 -33 26 92 39 -36 21 70 -93 13 27 25 12 -29 -37 43 -64 16 67 97 99 75 -38 -7 -3 22 32 54 1 -69 -56 38 -40 28 39 -42 -42 43 -2 -35 -93 -18 41 -33 32 -32 -78 83 98 -15 -74 -25 -67 31 100 65 -19 -25 26 30 -29 -66 
83 -85 -11 98 100 -96 -31 -14 -9 -45 -71 -89 52 38 92 -19 50 -84 29 39 -20 -54 78 43 27 -27 20 -5 -53 20 -74 29 76 -35 -43 -9 -41 -41 -33 51 -75 58 -64 -5 -63 -61 -4 69 31 -61 -62 -34 38 86 -89 -89 42 -25 3 5 36 -53 -93 -83 95 -94 85 -18 73 -63 11 42 -16 -56 -87 -16 -97 
-89 -59 60 -15 96 -32 85 -75 -80 30 15 -32 16 -22 -85 -54 55 -6 89 -85 -78 -43 -80 59 88 21 98 -91 -39 -32 48 -40 90 -9 -100 -21 -37 71 86 78 65 65 -73 -97 6 -7 52 3 11 -13 -26 -63 1 51 -35 53 -82 -100 -99 30 -94 -94 -88 -88 61 -45 -18 36 97 47 73 -72 90 95 31 7 -47 
3 -29 -93 -96 -36 -89 30 89 -69 -73 -87 -80 13 -97 94 36 39 66 -57 6 2 -9 46 1 -58 -92 74 53 12 51 56 -60 48 -47 86 10 -16 -26 -81 -60 -31 38 -26 65 -20 69 70 -36 -81 42 -87 -58 -71 34 17 -29 -34 -36 -65 -78 -64 28 88 66 -64 38 -82 -61 55 -40 51 -3 -63 74 -49 -5 33 
87 71 100 -45 18 -92 0 -35 37 76 -47 -3 23 97 3 89 20 -42 74 -38 -60 87 -28 98 53 -2 -49 72 -97 43 -48 91 62 -72 -76 6 -53 54 46 -71 23 14 -75 -24 -66 -6 -52 -100 -15 -5 46 -31 -50 -68 17 86 27 86 -65 64 48 35 -10 36 -95 44 8 51 97 -84 100 -26 14 80 51 89 -27 
75 -57 39 -7 6 -17 50 -82 -61 46 19 38 -27 -46 -30 -94 -50 13 -28 67 1 -34 46 -78 -18 -8 82 7 -32 48 -30 53 59 -35 27 -24 86 -94 -5 -17 -14 71 -73 -43 -8 -57 46 -100 52 -27 -24 13 -9 52 -47 -46 24 14 48 70 -48 37 -88 43 77 -98 11 0 -64 42 28 -89 -92 33 -86 84 95 
-83 53 -21 91 -73 80 -2 -42 -7 0 -34 -67 6 -33 29 69 100 41 32 99 -77 87 31 75 -31 81 -46 -13 44 68 51 13 -60 -63 -6 11 -94 4 80 -99 13 -30 -47 7 49 7 60 92 17 91 61 2 39 72 17 6 -37 -33 -42 2 36 73 69 -26 -60 35 -9 95 -57 -37 25 54 47 71 96 86 35 
84 74 -38 18 -97 -16 72 -84 -26 69 41 -51 91 -68 -46 -97 86 -93 28 50 -4 -87 -36 -84 27 70 -37 36 -20 31 -51 -7 21 10 49 -38 -75 -36 91 43 30 53 -29 -57 -52 34 52 74 60 59 73 84 -69 -77 -21 -51 -45 6 -49 82 -23 -40 -26 94 71 -75 75 80 27 -10 16 34 12 -64 -6 14 -22 
6 -25 2 -61 49 -90 -54 37 90 83 -24 31 86 25 11 -8 70 -15 13 8 -14 20 -60 16 -74 91 46 -75 -58 -11 -76 39 78 -3 54 -58 -25 -64 -26 84 93 -48 65 77 -58 -86 9 97 77 -75 -31 -8 -100 -59 85 -68 -12 45 -72 71 58 50 -51 94 72 80 61 73 96 -94 11 -61 -12 -56 -51 13 28 
14 -83 13 -57 66 67 -47 23 -33 40 33 46 33 91 -20 -97 -30 19 24 31 -63 10 -83 37 -47 -85 2 -3 -12 -64 51 34 -47 42 12 -79 -7 -23 38 -70 -94 -61 52 63 60 96 48 -98 75 40 45 -67 18 -37 -77 61 67 -99 -28 53 -13 -51 -72 9 -84 83 -20 10 -73 65 -10 -75 92 27 10 48 85 
-79 -94 15 -39 45 -95 46 -2 -50 58 2 74 -36 -25 71 8 8 -71 63 91 67 -75 90 -83 48 -17 66 -74 68 -54 58 27 12 -36 66 -64 62 82 6 -94 -43 2 54 45 -18 84 75 78 54 50 -17 21 56 5 27 -23 -37 -9 -82 -25 47 -55 -100 95 -22 -65 97 -32 72 14 -4 53 -79 -78 -67 87 -36 
-16 52 27 93 38 -79 -65 13 86 -41 -62 -39 -40 90 47 -81 -9 46 -39 -5 -29 3 -30 33 -68 -6 38 -72 -18 45 13 -34 -5 59 -16 -6 -60 -5 78 85 -19 -19 45 57 -30 -75 30 0 66 -12 -81 -44 51 -47 62 38 27 61 -84 -73 -26 19 -88 -48 -68 -40 -86 10 23 18 69 -54 74 -19 -26 3 -4 
-5 -74 -97 21 -39 80 64 13 -63 9 39 -40 -30 96 28 -2 -1 32 27 -83 15 18 -7 39 84 15 66 -96 -80 39 -16 55 -58 -84 26 -48 -94 99 -19 44 -9 86 -85 -40 10 39 -25 -89 -42 61 66 93 -5 65 -11 -76 37 -52 70 -94 13 -33 -76 -40 70 -9 -23 -10 96 -94 -30 64 71 -28 -48 -23 -21 
-58 63 14 -38 87 11 73 55 89 -24 51 -54 -80 98 3 55 21 56 -40 89 64 49 -63 59 -48 -58 -80 32 -28 -95 -44 63 79 -87 68 61 44 -32 8 -67 79 31 -6 13 -82 -63 48 -14 -67 -28 -23 3 39 -54 91 58 -93 -59 -80 -34 19 -15 26 -6 10 55 -55 73 89 73 -21 54 -34 90 -87 78 -12 
7 -68 24 -58 31 -64 -89 -83 -61 47 24 -66 -8 -20 -50 89 -21 5 -100 -31 5 65 56 11 42 61 55 -36 -15 98 70 -66 -72 33 -33 -16 83 97 -57 -91 -64 90 -10 67 -18 57 37 -33 -65 -80 -63 58 60 50 -80 -67 68 5 76 -42 -68 -83 -45 71 -72 81 20 40 68 -32 -42 -17 33 72 33 -51 -45 
-49 71 72 -59 -94 -3 -37 -8 34 -83 -13 81 -95 16 41 37 6 69 3 -58 -40 43 -3 -74 -19 -69 -33 -82 -29 -41 93 -8 -58 96 -83 59 -53 69 45 -6 30 82 27 59 26 -95 53 -99 35 -100 3 -3 -58 -28 49 -70 44 -43 -55 69 -7 -42 -63 1 40 76 97 -95 -37 -40 -67 -62 -50 97 79 -42 -43 
-55 -85 60 70 69 -20 -6 -61 -36 -31 -21 3 -18 0 97 -54 94 -21 46 24 -77 48 98 85 -70 60 31 -56 8 20 -16 49 5 21 50 -25 95 -70 13 45 5 74 -39 37 -39 97 -18 -80 -37 64 81 -55 28 44 79 -28 -19 -67 -23 79 -80 43 -53 2 99 -88 -25 95 7 -64 -69 3 54 -41 95 8 -10 
-27 66 26 -53 -22 80 -81 -4 65 -30 78 58 -86 -49 88 84 57 -10 53 66 77 -48 -65 61 3 56 -52 -57 73 -86 -5 -40 69 -83 -4 72 -75 71 -69 -99 -63 -94 -10 -93 -25 -80 -24 58 16 -86 -41 -74 -30 -66 -23 80 80 13 88 71 63 49 85 -8 -99 -26 1 69 88 -47 77 -22 69 -68 35 -49 -95 
19 -24 -13 -12 75 33 42 -40 -60 -72 8 82 -31 48 -59 -40 49 -5 44 92 -52 -39 42 -29 37 68 -66 39 -8 51 -35 17 39 -33 85 -96 -34 18 -46 -47 -100 -86 45 43 95 -35 0 90 41 4 44 34 -96 -10 -66 -51 -92 -15 67 86 86 -74 -88 80 7 1 28 -8 -9 67 -22 79 -51 -87 84 12 58 
-6 -79 -38 43 -37 -8 7 62 -73 -96 -72 -42 -24 31 8 -40 -96 -97 -34 -59 26 25 -6 -41 23 23 -81 53 17 -16 88 -21 -100 -12 51 -46 -85 56 -3 -39 99 -6 14 -47 63 -34 -46 -34 -45 -60 70 39 40 -69 -36 19 -16 -86 -49 -81 46 98 98 95 28 23 -9 -92 -1 -87 -8 7 -29 -83 52 -43 95 
37 77 -48 13 -53 -60 32 -82 95 -38 80 35 49 9 100 36 78 62 87 6 8 -32 42 57 -100 -47 -74 88 81 -85 1 49 -38 81 80 82 -12 87 46 -64 -55 -88 99 56 -4 32 70 33 -4 -99 -63 -30 -34 -18 -68 74 56 -100 -97 -64 -71 24 51 0 -27 -19 17 -91 -37 96 65 -87 -33 -36 29 -2 -65 
-68 54 54 -60 31 -73 78 21 -60 58 81 69 -78 -25 10 77 3 -25 -41 9 -95 -91 19 -57 -74 -11 -61 -89 20 18 43 -57 -66 -21 -43 -87 -52 -31 -66 25 90 15 -20 -24 64 11 -4 -94 -25 -39 100 83 9 -24 72 89 -87 -78 -1 45 66 -27 69 58 41 -29 37 -77 58 -62 23 63 69 -86 -13 3 -84 
-50 55 55 96 -25 54 -61 30 84 -19 -46 94 34 51 -63 -83 -76 -93 -55 22 32 -88 70 94 -15 88 71 50 84 0 71 6 -31 -19 -78 -84 85 -72 88 61 47 57 22 -49 -49 -31 -61 61 -43 -43 -97 -65 -99 53 -28 -37 92 69 87 -49 47 -76 31 -71 9 -97 16 -56 -93 -32 -78 -91 55 55 -18 30 -57 
-8 94 -79 -58 87 4 59 20 47 -56 7 9 -6 16 48 -37 -63 75 23 39 19 10 29 32 -39 13 -27 28 -99 28 9 -89 -82 -71 -23 79 88 -22 -90 2 49 58 78 1 -79 -80 88 90 49 -32 50 71 57 -48 -50 72 9 -4 55 -8 -74 60 -41 89 79 -87 -16 -100 -20 -55 -72 21 76 -44 68 -45 -3 
-70 -37 -44 -45 -87 -35 15 89 -74 -76 24 38 -30 -3 -5 -24 -50 1 -11 -5 -38 -37 -74 -40 23 -6 62 87 7 75 -46 44 -17 94 -86 96 -67 34 -65 -89 -34 12 -78 -90 -45 -2 -67 -78 -37 -2 13 -88 67 48 -67 48 95 -42 -79 -99 4 15 -33 -16 -31 7 -6 87 30 96 -3 -69 28 -44 -1 -51 -99 
2 69 12 93 49 16 -24 -18 80 27 35 96 11 -10 -46 -95 7 -51 -9 -28 31 39 -81 74 -21 -39 -89 -96 64 79 -2 6 73 -92 12 48 21 -86 -21 -70 -22 80 -77 -87 -90 19 -4 27 22 61 57 -95 89 -6 -58 -91 -48 -76 82 11 -91 -61 92 91 -66 -71 -14 62 -22 -35 -100 64 53 14 24 9 100 
-78 23 64 2 97 -88 -50 -50 -68 40 0 32 5 -46 -47 -54 56 24 -71 3 63 -73 46 -3 -14 66 90 42 58 -13 47 86 74 -98 21 -21 83 -96 35 -62 -23 2 -20 25 -78 54 -83 -65 5 73 -63 85 12 17 -34 35 92 -43 -88 42 97 -3 -6 52 26 -69 -69 -20 -16 -85 -40 95 -47 -100 97 35 27 
-40 48 76 -93 -89 -38 7 -49 -11 72 -69 74 -16 84 -90 92 -50 36 -63 -70 -61 -83 80 -69 7 -66 41 -95 -55 -83 -57 14 -2 -8 -39 -19 -58 86 77 97 74 36 61 -2 -97 -30 19 0 -3 9 -50 -20 22 45 79 -47 43 87 64 -70 47 24 5 -99 -42 89 -66 29 58 81 65 48 -3 -98 -77 44 11 
-72 19 58 60 -59 98 -99 -76 80 88 -14 -11 44 -67 28 -86 -34 29 86 9 -85 12 -11 -24 74 15 24 -47 -100 -18 -91 -25 -4 -87 16 -77 25 39 -85 -53 72 38 -65 -96 42 98 20 -42 -95 -39 -97 -19 33 -83 -78 -96 -88 43 56 88 -45 38 -37 40 -7 -8 91 -46 81 -30 7 10 -43 -4 -41 39 -3 
16 37 26 23 11 31 -42 42 82 -42 76 -6 93 -82 -93 77 -42 -92 26 93 -33 14 76 16 33 -41 -17 75 53 -91 35 -91 -87 70 47 -92 -75 41 -74 82 -55 -71 17 -6 -60 -11 -55 88 36 43 -5 -57 28 1 -60 -27 34 89 -23 56 16 48 -62 79 26 92 4 -24 -45 89 84 -53 -15 13 -17 -40 62 
24 -50 79 0 -65 18 14 97 17 -98 16 61 7 6 84 34 -40 -47 51 15 97 -81 -51 26 -39 -81 -7 91 -34 -70 -98 88 69 -13 58 69 -7 56 95 47 -91 -70 -92 -99 25 49 16 -85 6 -38 32 24 -50 -81 -27 46 8 -11 53 11 -84 -47 98 23 49 61 -74 41 100 85 18 -72 40 -74 35 -95 40 
-63 -65 35 8 40 -26 -96 -77 -47 -45 69 21 9 -98 11 -15 57 -56 -37 75 -52 -4 37 -8 98 31 55 -15 39 -37 -97 63 -46 59 -69 80 -19 -64 87 -32 -52 29 -6 68 60 41 39 84 -57 83 -83 35 -43 82 80 -45 45 44 -8 86 -27 90 -83 -30 93 -76 42 -54 -27 65 -37 88 -77 -7 74 58 -49 
55 -47 35 -53 60 -25 10 -61 41 62 -87 96 -71 -35 -41 -53 -59 28 -87 -26 -9 -17 -1 81 -54 -28 -99 -69 -81 1 -38 -59 5 21 7 62 10 90 71 -68 -17 -25 34 -58 -4 -33 65 -92 47 -18 87 47 -39 -35 45 30 -17 -5 49 10 54 16 82 -24 -100 -39 43 30 -14 -2 -62 -90 -18 -89 -25 -69 60 
-66 -13 -25 -78 67 -91 -74 21 6 39 47 -60 94 36 -86 68 84 97 78 94 24 -15 -21 -95 -92 -12 3 -98 -30 0 82 44 -87 13 1 -74 8 -29 -34 -50 -85 14 1 -33 78 -77 57 -41 -12 -68 4 5 2 5 52 38 28 18 82 -22 -48 39 78 31 13 -67 17 -28 -60 78 -69 -56 98 -12 -43 -15 0 
-87 30 -44 13 -51 -38 79 87 75 55 17 -98 -49 -85 61 56 -43 48 -69 88 84 87 20 66 -27 45 -27 -35 77 -33 4 -68 -32 38 70 68 -6 33 -84 54 -59 33 -7 -1 11 35 70 -99 -69 -20 13 -46 -36 95 -82 -84 -88 -66 -67 70 -71 38 -43 28 -68 -43 97 -33 38 7 83 39 100 24 57 55 24 
74 57 -33 -25 -36 48 96 46 49 24 58 -2 10 -6 47 16 -69 11 51 87 -95 67 -100 18 31 -49 4 -39 87 -99 -40 0 -85 -27 51 75 -35 -36 -10 5 -86 -17 56 -21 -64 95 -78 42 35 39 -42 -96 -59 58 97 12 64 -34 -21 -25 -52 63 -84 -10 70 58 -14 26 -15 69 91 -53 -90 -23 79 60 37 
19 -4 -33 -74 30 -13 92 -74 86 97 -79 -55 -8 -40 -7 99 -55 69 68 50 -30 45 -72 99 24 -84 58 -57 37 -39 18 93 87 72 -49 -3 -92 94 27 -35 69 1 -58 -81 -67 -30 -11 27 -30 75 -8 -18 1 95 -66 84 -1 -3 40 -7 -30 57 90 -26 -83 20 -9 25 34 62 -15 51 -80 -11 85 -74 91 
79 -27 -77 69 91 -61 -28 -78 -70 -4 66 -83 90 -17 47 5 97 -90 -80 -48 -6 -96 14 -37 93 16 -2 -33 64 -15 45 40 -58 -95 -79 -8 -59 -76 39 66 65 86 66 36 -16 68 30 8 -4 19 -10 -87 -31 43 -85 -53 -21 47 31 -13 -95 69 7 93 96 -45 -9 -82 17 85 70 -58 -94 -57 -42 19 42 
45 -66 47 -90 69 24 -89 86 2 81 87 13 -100 -1 -22 13 -99 9 29 -85 69 93 -78 97 -48 -64 -56 85 56 35 92 -86 64 99 97 38 -90 -80 -64 -26 -85 40 74 8 84 10 50 99 44 -50 19 83 21 -30 -54 -55 -9 -18 29 55 75 -25 88 1 -87 26 87 28 -28 -76 14 78 93 -89 -9 -22 -14 
83 39 -75 94 60 63 26 81 -47 88 -51 77 25 39 68 95 -23 29 -8 -85 -86 -18 30 -87 85 -22 51 -59 94 47 70 2 19 6 93 -70 -91 64 -46 -89 -46 -76 -84 -63 22 61 11 84 -60 52 -20 87 -79 16 4 -71 -89 -86 -81 -69 26 18 49 -31 -52 99 -89 0 -40 28 23 -17 -24 -77 62 -72 -41 
62 -89 75 58 60 85 -8 85 -47 64 -24 -34 22 8 53 -59 30 45 27 -14 96 91 52 -55 99 -56 70 5 -77 70 88 49 64 66 52 72 72 74 24 89 54 87 -3 -53 -4 -26 0 -61 -54 -98 79 -28 74 -1 58 -9 -48 72 8 74 -43 -70 -40 -46 -47 78 4 25 -95 -46 -24 28 66 13 21 -47 -72 
74 -37 -8 40 38 47 -87 5 48 -53 -36 99 41 -7 6 -49 10 -50 -34 26 -77 70 -71 -52 -81 -16 15 22 48 61 -56 -80 -78 -9 74 75 93 -86 14 -81 -10 -32 18 -22 -78 -15 82 -46 37 -90 -89 60 -73 51 -15 68 97 68 -51 -35 55 -17 -64 83 -64 -95 -17 -73 9 -35 -91 -98 -49 57 10 -81 39 
-100 83 -44 -17 -10 -82 -15 15 -33 -39 -43 21 -14 66 -73 -33 -70 -59 -72 82 50 74 -44 97 61 -67 -89 71 91 16 51 93 -84 -41 27 -46 77 -99 -26 -28 30 31 70 -4 -54 -57 85 -22 13 31 12 -60 -21 86 -80 -87 65 40 -30 19 -97 -77 51 -49 -89 32 -4 71 -43 -88 -21 36 6 17 40 -14 27 
-42 -83 44 49 8 61 40 35 39 -54 -2 57 -34 39 -11 81 11 76 58 12 -46 57 20 53 -39 42 91 -99 -62 -4 -4 97 -63 48 -73 -66 50 54 -48 -81 68 83 58 -15 37 8 -46 5 66 17 82 -15 -82 -90 40 35 -55 0 -9 36 -75 58 -23 -91 -99 -15 -48 6 51 -60 100 -60 21 -81 67 -24 70 
-84 -53 -46 -69 -20 -42 33 -26 79 23 -28 7 72 51 35 76 -87 27 -9 68 -12 93 -72 -53 0 85 22 64 82 -86 -87 -78 98 68 -68 98 52 63 -21 31 -87 10 -9 -56 72 -1 -88 86 57 64 44 92 -5 -75 -21 -15 11 -71 74 -72 -57 -90 -70 28 49 -50 59 22 37 69 60 -72 25 98 -23 -47 -82 
2 -73 -29 -16 47 -51 -91 -76 -28 -36 20 -10 83 82 -78 -32 1 84 94 79 12 -59 81 -19 -97 -39 -55 -53 -67 -7 -30 -22 -37 -25 64 -98 59 95 -74 24 46 20 -83 0 39 -95 -56 -84 -19 73 -34 -31 70 -94 21 62 26 57 -80 -64 84 35 100 -24 -77 50 97 8 51 -10 62 -39 92 -98 24 -23 -23 
-5 48 77 -76 -53 -27 85 75 -36 -72 20 -45 41 12 -53 -17 94 -14 69 -47 -4 62 -85 -7 8 78 3 -60 16 97 -71 -92 -77 -88 19 3 -32 82 -72 25 -77 -99 7 -75 63 -80 87 52 76 79 -75 -13 36 -36 66 -16 16 -35 -65 -60 -87 1 1 96 24 -81 -76 31 95 19 -50 39 -92 -13 76 35 60 
98 -34 -43 -84 -16 64 52 -71 -9 -22 72 87 27 -69 57 59 69 -96 80 7 79 -75 -100 81 -16 56 -84 -44 24 -19 -25 -64 80 -40 -16 46 -36 5 38 -97 31 85 -75 -57 58 42 62 -55 -80 -23 -65 -77 13 -64 -21 -52 47 17 52 28 -92 77 -43 -4 40 -79 -3 -85 -24 76 -38 33 -90 5 -19 37 68 
-98 81 26 0 50 69 8 -3 82 6 -33 53 80 84 -53 -52 24 -38 -33 -75 3 22 62 -3 -15 78 72 73 -41 -73 57 -87 57 73 -36 80 -58 7 -24 -7 74 -41 -86 -84 68 -93 -1 -47 -53 -60 -69 -33 90 61 90 51 -55 -27 47 -19 -84 16 24 -86 90 83 -23 64 70 28 -6 53 -62 -90 -13 5 55 
65 65 13 98 38 -1 9 -69 79 -62 16 -36 -83 0 -37 -66 -80 70 -70 -66 -78 60 -77 -27 28 52 -41 80 -3 -2 -71 -41 -5 -92 -1 -89 67 30 -22 -70 20 -36 35 91 97 39 27 -66 -38 42 -24 91 17 -93 -18 66 33 62 -60 6 94 23 17 -34 -26 53 73 37 -44 11 64 50 -93 71 -43 -30 94 
-60 -29 59 84 52 -61 61 37 5 -79 -97 -59 64 -36 36 97 -70 -59 76 55 -90 -95 95 2 76 -12 -94 9 34 78 64 61 -43 -86 83 -3 94 46 97 90 73 -9 67 73 -100 61 18 4 -36 79 -74 45 -58 3 13 35 23 38 42 90 88 16 23 41 -8 -32 -10 -28 -39 20 -29 -43 80 -47 -82 -13 -50 
-18 32 -87 -41 34 -58 -53 40 54 47 -59 35 35 79 -60 62 -63 76 -33 2 36 -90 -49 -67 -4 59 -67 -86 -93 -27 10 81 -23 52 -88 -96 -64 -45 27 -82 17 65 -35 48 -77 -42 30 -90 15 20 -20 -15 -2 72 9 53 -21 -68 56 -35 -33 -52 90 -89 -94 94 -15 -2 -99 -97 -60 42 92 -23 100 64 -7 
-43 -13 6 88 80 59 100 20 14 32 28 95 29 -52 13 -86 14 -3 -4 -68 -80 -33 -4 18 -46 2 59 -66 -17 -96 69 13 -15 -86 75 96 71 -27 8 -92 -84 -57 -68 49 -20 0 39 46 -66 -89 12 41 34 15 -53 -1 -95 2 12 -61 49 30 -58 60 18 -80 41 -69 -30 -94 4 35 -65 -44 -81 75 7 
-94 -14 10 61 -43 74 -15 73 69 28 58 6 13 -24 -71 -85 -93 -27 -94 57 -13 -84 -44 4 -65 -85 100 7 13 87 86 -69 -56 91 80 52 -88 -4 20 53 -16 -35 52 -94 7 -1 11 -66 -6 -35 -53 -74 63 -47 -68 -62 -53 -55 23 -39 56 11 -28 3 64 14 -86 -88 82 91 -50 -45 -93 3 42 31 50 
34 -19 81 -11 51 92 -55 -20 26 74 -17 57 -68 78 52 -70 -29 -55 46 17 -52 10 -1 -21 9 -21 61 -85 -90 -19 31 -39 -78 -49 43 -98 95 39 -15 57 -53 57 -49 50 -49 -62 43 -69 8 28 -40 -8 -81 42 91 83 -88 59 86 -43 88 -90 6 -46 -86 33 -5 -57 -97 -74 -45 -36 1 65 -16 -54 -17 
-72 65 70 57 -97 59 -11 17 34 93 -96 95 99 -92 -48 48 -13 -45 -66 47 78 -55 -38 -73 56 -22 90 -90 -27 31 78 77 93 25 -68 26 -5 -7 -89 -36 36 90 66 -68 25 47 91 19 -26 -50 -68 -99 29 -88 -33 18 -60 -67 -44 -74 80 -62 33 77 -2 -57 74 -4 -90 24 -63 26 -84 -15 0 -62 -53 
32 99 -43 1 38 50 25 90 79 -63 -25 -11 95 -11 -56 -78 3 -76 47 -75 87 -61 59 -33 33 4 1 16 49 59 36 -71 31 98 -73 -53 -36 81 -20 -56 76 -39 2 100 -10 92 55 -57 82 -28 -44 88 -25 73 -7 86 -83 84 -2 69 38 47 90 54 9 -23 63 42 76 100 54 -8 47 -23 -99 96 -51 
-82 -95 -7 9 57 14 -21 97 12 60 -92 -59 -83 51 -66 -67 -45 -36 -89 55 -28 -30 36 -6 -22 -2 -56 83 32 29 77 -70 -92 -40 21 -23 83 -89 -87 -60 12 -2 -9 7 88 -31 42 55 28 -20 23 29 -57 76 41 67 -37 -66 -24 45 -1 83 3 27 -46 -37 -83 -25 -76 -79 36 81 55 87 -37 37 -50 
-72 -49 -23 75 -99 -71 87 63 -77 44 -55 -64 32 -56 9 10 3 45 7 97 98 -15 -12 25 50 25 40 -5 3 13 31 -92 -17 -23 -14 -34 -31 31 -79 13 96 80 -14 87 -97 -86 43 -58 17 -76 -15 2 -40 -81 0 77 -60 -31 98 86 -45 -45 26 -9 89 19 36 -22 -31 30 82 80 -52 41 72 62 77 
92 -96 81 28 68 73 -44 -27 56 -79 -42 -62 37 -21 91 -97 -50 89 -26 -14 20 -61 -82 93 25 6 59 -79 -14 73 -68 -76 74 81 77 8 -5 66 49 2 -13 -99 -2 -44 11 -13 26 -91 22 5 -35 38 -77 -38 100 84 73 85 -83 4 40 14 -63 -12 -49 -62 -20 93 75 55 -30 -68 -6 81 52 49 78 
67 47 -74 -28 52 68 -6 53 -97 95 79 34 -7 60 -17 -56 86 -13 40 -70 74 -24 -42 64 28 -44 -10 -5 73 51 -70 75 -83 47 6 -6 -29 10 -54 -51 80 93 78 -63 -9 95 90 -58 11 7 47 -42 68 -6 71 23 -59 -63 -38 -36 -17 63 -30 -6 26 22 -86 -15 -75 18 -33 81 -64 81 -81 -6 7 
19 -18 22 11 -70 -16 -91 40 61 65 49 87 -16 82 -47 -39 -69 13 -56 57 82 3 -50 98 -9 -64 1 -22 -16 80 -83 25 -55 -68 -61 -30 82 -21 -64 -37 -15 80 94 -26 -81 46 54 -13 -28 -15 -79 -37 79 33 -35 82 -83 49 -63 -85 -74 -81 91 16 46 90 1 46 -83 -82 26 -75 -9 94 -95 -88 15 
56 51 -3 44 -24 -21 1 48 -82 -77 -35 -48 -79 82 75 -53 15 -1 72 37 52 -71 -55 0 88 70 -1 -83 -46 40 -94 5 -60 62 -66 87 -46 68 -38 90 21 -2 -49 -16 -34 0 46 -5 88 5 -23 93 -86 -19 -71 28 -86 45 58 -69 6 59 -1 95 -7 -19 45 -72 7 -77 -34 35 -100 -70 19 -90 -82 
-52 25 -75 58 -63 -64 -64 29 -50 89 -94 -49 -52 -95 1 -72 94 31 25 9 47 0 55 67 61 23 -51 -23 -13 -71 -98 -9 15 -58 76 -95 -22 -58 -87 -19 34 -1 -30 12 -97 48 -73 51 -4 -6 -63 -32 68 -90 -43 13 -15 43 5 55 51 22 -23 -34 -88 -95 -14 -95 5 -1 49 -62 -81 1 -8 -63 15 
-20 -53 -61 -100 -92 44 75 31 -35 38 -99 -1 28 -91 93 -31 43 -85 -28 93 9 10 -43 -61 -71 -22 65 -15 3 54 -68 44 14 -63 65 -74 34 44 2 4 16 44 37 25 -91 -53 -56 -64 -18 82 54 -82 62 69 -91 46 95 16 98 36 -91 95 -83 83 71 -10 -19 47 -36 -48 -72 -72 -11 -96 53 -22 -37 
21 49 45 31 87 16 -44 43 82 -87 -61 49 1 52 -9 27 23 -42 -94 16 38 43 93 -100 -28 -15 58 -67 -41 -56 -44 -81 -89 38 -38 93 -89 -82 23 10 8 -28 95 50 25 -75 -97 42 12 -44 -38 59 -39 30 -33 52 77 -100 -71 -48 27 63 -78 -95 37 87 -77 85 -83 92 59 46 60 -68 -44 56 -65 
96 93 29 -50 -78 93 46 -69 -35 -93 -68 86 50 -61 29 18 8 12 34 -67 -12 -42 -76 -32 -98 -54 5 -84 -98 -89 33 31 59 -46 -23 -68 58 -100 15 40 -17 52 19 5 -51 46 -36 -54 -72 79 -32 30 -76 -75 8 -13 44 13 -52 -29 29 -45 -1 -77 -98 -73 48 -52 13 -15 43 -29 94 99 -42 55 -83 
78 80 -80 -78 -33 -66 -58 54 -9 89 -72 -28 28 -75 -75 -60 74 -82 -55 41 95 -99 -31 -79 33 -88 3 51 -75 95 68 62 71 -77 -3 55 -77 65 73 -1 -47 30 40 19 -22 -53 -84 100 -36 95 -32 -35 45 -41 84 39 -24 11 -100 65 -94 34 -29 2 -88 -62 -91 -37 30 33 67 50 68 65 26 -50 -2 
62 -58 -68 -68 9 -71 -34 8 78 -32 -30 100 -45 96 -33 -19 -65 -12 -42 -45 97 1 85 34 -74 -19 -84 -81 36 -45 -99 67 -94 65 57 -36 57 -42 -32 -97 59 -31 54 21 -50 1 -33 -85 94 77 27 100 75 44 -27 -57 5 -89 -50 42 -66 -66 -91 -84 76 70 -64 34 -72 60 38 -79 29 67 -22 -81 -85 
-88 -83 82 -15 -64 73 39 -36 -40 -66 -29 -4 -29 63 40 65 59 68 -93 -36 -52 39 -62 -9 11 2 59 -55 -50 55 90 -96 -48 66 72 18 -46 55 -26 68 -74 54 48 31 92 -91 -6 27 -70 -68 -88 -32 89 22 53 -33 -3 -60 37 30 -28 -76 -66 -13 -60 20 73 -58 -40 82 98 22 -23 93 -23 -33 70 
-21 -62 8 13 -3 73 16 -69 -84 34 53 26 -59 -70 75 -82 -73 94 73 61 94 37 61 -18 30 -67 68 51 -79 -39 -50 82 93 -91 -62 -52 -25 1 -41 -51 -58 -70 98 22 73 -78 72 54 -4 -93 -49 12 22 6 -50 61 -91 58 -7 -73 -20 26 -97 -50 -48 17 -22 9 -53 -28 44 30 -77 -9 -35 53 -18 
73 23 33 -84 -86 -27 44 -45 -62 40 51 -16 24 -31 9 22 -41 -74 78 -85 89 48 14 8 50 -67 -69 -28 37 -99 36 45 -35 -78 41 64 39 -51 -72 -35 80 91 -5 -13 -86 -87 -2 -72 0 -46 -74 -42 -15 -57 -70 94 -48 -30 -99 95 -22 -1 -78 -51 62 -36 -54 53 54 -68 -22 -6 92 39 87 51 -52 
-55 10 68 90 81 71 60 48 -93 -65 52 13 -60 -91 -53 92 -46 -82 -17 -8 -31 -12 -85 -6 -75 -65 -47 -69 41 -64 -28 17 17 -59 -36 -77 -5 -52 84 1 -33 19 33 16 -31 -3 68 45 22 31 -96 44 55 62 43 39 -24 15 -80 -73 -27 47 -54 -22 -8 14 -78 23 79 81 -68 51 -59 -52 -60 83 -28 
-12 -79 39 -75 -100 -42 95 5 55 4 -7 31 -30 90 -39 48 -61 -12 19 -58 35 7 -1 21 33 -8 -21 12 -86 91 -7 -59 -29 -2 83 100 -46 32 94 41 -22 25 -6 -58 55 -43 92 -82 24 16 -64 95 75 16 38 -63 9 -48 91 -44 42 -13 -6 35 91 -7 -3 45 53 12 -24 -9 -10 -47 61 -68 15 
-76 -55 -89 -15 -25 -65 -2 11 83 78 -87 81 -33 55 -93 43 -98 -8 -50 -93 -66 1 -82 56 -80 -9 66 -79 -21 75 -50 28 -15 -9 -53 -93 32 -12 -7 98 -47 59 45 -54 93 93 -35 -25 70 -53 0 71 -15 17 -23 29 57 -48 -24 -11 -14 -5 95 -36 16 81 82 -82 -55 18 -8 42 99 68 10 79 -39 
-31 86 -64 -3 -59 -26 -41 56 69 16 -29 70 55 2 -30 -37 -37 -69 1 68 25 89 -85 -85 -8 70 -39 1 52 85 49 -63 73 -24 -74 22 -56 -97 -20 -13 -54 6 -20 34 19 75 -46 -49 91 -83 -91 -48 -15 -34 64 61 38 -31 45 -22 -76 37 98 -93 -93 66 -7 -48 12 13 46 80 -90 76 -54 -95 42 
36 57 -55 -71 -74 -62 -24 -96 36 83 -85 -82 0 98 -22 -5 27 73 -50 65 35 -11 94 -68 -31 -1 16 -36 41 -74 85 84 -80 -79 -22 83 86 78 -66 52 -96 -6 -35 33 -80 90 -38 -58 -86 66 45 59 -86 -31 -93 46 21 -82 -82 71 83 46 56 -93 -81 72 65 -55 -3 20 83 4 -71 -34 48 -74 6 
86 13 -47 90 -28 -95 1 -55 42 17 17 88 -21 -10 -74 74 40 85 56 64 53 -20 42 90 -8 80 36 97 18 -12 -30 96 30 71 -36 10 -56 -43 80 13 71 34 -60 36 -16 11 42 45 65 92 78 86 84 -59 78 92 -12 11 63 -55 64 -95 58 -17 -87 7 65 0 -36 33 -79 -15 23 40 -20 58 54 
-46 71 -92 -3 87 0 -49 -14 79 0 95 33 -75 81 -93 -25 -98 67 81 92 -28 50 16 -80 -31 -24 33 66 82 57 34 -8 10 -1 -80 -90 27 88 25 -73 7 -76 82 -63 -95 7 -2 -16 73 38 -69 93 23 -57 23 47 -29 74 47 -80 -26 67 -53 -97 81 36 -53 36 35 58 -100 -2 89 16 89 -72 5 
-75 18 -55 -53 -77 -9 -30 30 -39 34 -85 -85 -52 -13 -98 23 -15 40 -63 34 -96 19 -55 89 -22 -31 -7 97 31 54 34 63 -73 6 -55 3 95 -43 95 -30 96 59 -9 -11 -4 -15 -73 -54 -23 -42 -62 -74 -4 42 79 -71 -29 -51 -66 65 -28 77 -63 86 63 -97 -78 65 26 -75 -54 -10 52 -27 98 -41 -8 
-75 -3 20 -30 52 -80 -18 -33 -100 -12 38 55 -49 -10 -3 5 -77 35 -84 -73 -80 -74 65 -16 -69 93 13 43 91 36 -31 99 -72 -97 72 -64 7 44 -1 53 57 -80 -83 -20 -89 96 -42 -24 -51 -88 11 17 12 98 99 51 30 -37 55 -66 59 -34 -67 21 11 -78 99 -99 79 -27 7 -81 99 -19 -86 16 9 
-37 -30 -95 3 -71 -2 22 11 -69 94 -63 -92 -81 43 62 56 0 96 16 4 -93 -66 -47 -81 84 48 92 41 23 -68 24 48 -58 95 74 60 17 -89 -21 -85 59 9 92 -22 -87 97 90 60 92 40 -7 -7 29 39 -79 -10 49 -89 7 6 72 -63 34 -79 -22 23 35 -67 86 -54 66 -23 69 62 5 -35 -10 
-49 -63 -27 55 15 -34 -30 79 -16 64 -14 -27 50 -96 73 80 -44 -43 -1 57 51 26 -89 51 -68 -43 64 -56 -64 92 -37 -11 -100 -93 -82 19 62 -45 -96 -47 -29 -19 -72 68 91 -13 58 54 -31 55 39 -36 -95 98 81 -89 -7 25 4 92 -95 -18 -3 29 80 25 87 -37 -46 -73 -78 1 89 24 -19 58 26 
-83 -48 -69 92 -16 77 70 -40 99 64 100 -35 -10 11 -26 98 -60 97 -2 64 78 56 91 90 -1 -36 11 -4 30 -18 -14 5 -58 50 67 46 11 39 77 -92 -27 48 -17 52 -73 -54 2 -81 -16 27 21 68 26 68 -22 -51 72 -53 8 -40 69 43 58 -95 40 -27 62 40 96 28 2 -86 67 -11 -12 94 71 
-51 26 -72 88 31 -13 -98 -50 75 -80 -95 28 48 -62 -44 98 -77 16 51 58 51 18 -36 -59 -11 15 -19 99 -9 -22 20 -85 17 -81 -40 87 79 -40 30 80 -66 99 95 -85 -51 -35 -20 86 -33 -78 -89 67 90 -15 -96 -25 -53 65 -10 -71 -40 99 -41 -68 -51 -14 99 -88 33 -15 84 -97 -13 89 -61 -64 12 
4 -26 -100 62 -36 -49 -44 -12 12 -67 -70 24 -95 -40 -88 53 78 -4 -34 -11 -99 -37 80 -89 31 -20 62 -74 -1 -8 -20 41 63 1 -50 -36 57 6 50 59 -37 -53 18 -33 73 31 -69 -71 -51 79 2 -22 63 30 8 77 -5 -47 77 100 -2 -27 -45 -5 -73 4 -45 -1 36 60 3 -13 -64 -5 3 30 -53 
60 -83 -89 -74 -87 -80 -88 42 -79 -64 -83 79 76 51 -97 65 -73 -32 85 -92 -3 67 -77 93 -52 82 -8 -23 5 -40 -55 -78 98 -91 90 -7 -69 12 64 99 87 -18 -100 70 45 68 -90 -11 76 56 -36 17 97 60 -39 -8 19 -85 -69 21 44 -10 -47 70 74 97 38 -93 24 -19 42 73 -67 89 29 63 -78 
53 94 -12 45 0 -40 -94 37 -17 51 91 -88 -15 -37 62 29 67 28 35 21 94 32 -33 -93 70 -18 14 72 -36 65 77 -18 88 22 72 -19 -35 -60 9 73 81 -22 -19 45 -12 34 -96 -78 95 -44 5 -57 52 15 -19 -42 -90 73 -23 0 69 -54 9 -53 -61 -37 -20 -5 58 -17 22 -33 -37 56 43 -26 -74 
41 -98 -22 41 17 -52 -18 15 -75 -36 68 -49 3 2 43 -20 -12 93 -91 -67 -42 -84 44 -98 -28 87 63 -42 -9 -83 -90 86 63 62 -29 84 51 69 -17 -5 21 82 -64 -40 52 21 47 -34 -33 34 22 -48 96 -53 -10 3 -53 30 -99 14 -90 -59 -95 80 -82 -53 79 38 -99 92 -8 -6 -92 14 67 -100 0 
