82 -71 -39 -15 -78 -8 -19 -76 3 45 -98 -75 -62 53 -57 28 -1 -26 -64 -62 -1 28 98 13 -72 -30 -96 -65 55 33 63 12 -18 -97 -31 61 82 21 -80 -97 -9 -60 94 46 
-19 67 -22 -29 -12 95 -49 58 7 -78 28 91 40 -21 15 96 -61 -95 77 42 -21 20 14 -84 91 -81 95 -58 99 -68 23 -64 -61 -21 23 48 -24 43 79 -100 -89 3 -52 73 
-57 83 -58 -10 -85 53 -10 -43 36 85 -73 -94 75 47 49 -50 -9 -26 -39 -80 -9 -31 -60 33 -43 -6 -43 57 33 -46 -53 25 15 -78 -75 -33 -76 46 68 -67 -33 5 100 -70 
-75 -8 3 74 -67 59 64 30 -48 -20 -50 94 -95 -86 -75 65 -13 72 -42 -80 -23 50 -11 30 -33 -42 -16 -75 -96 3 0 -27 13 25 81 31 91 -27 -80 -6 -53 51 -57 31 
-58 -95 34 31 48 -80 -29 52 56 46 -100 74 -47 40 -70 -4 -48 -22 9 80 -79 17 -17 -6 70 -67 -10 -25 -35 24 -75 92 75 -52 -29 -93 25 13 55 -97 32 -90 -36 -30 
62 53 -79 -92 -71 -96 20 21 -85 -67 -72 -90 11 97 -56 -94 -7 41 -96 51 12 -96 79 69 14 -60 52 15 58 58 -6 61 25 -71 3 67 6 31 96 95 34 -48 -7 74 
-84 -16 -4 -39 54 -56 14 -77 57 81 -71 31 57 -33 -20 -80 -74 -19 78 -86 90 -56 55 89 67 -33 5 -71 -80 3 59 -75 35 1 -12 86 -48 88 -31 -6 -24 -66 53 -58 
73 -21 -80 -27 52 75 -84 -62 50 -55 52 -34 77 75 -40 4 71 72 -38 64 75 -91 -95 -92 33 -54 11 -76 -61 6 -85 -97 -92 -100 -45 -15 -49 70 60 43 97 -85 59 -39 
-76 89 -67 -69 22 -58 10 28 82 96 13 -89 57 27 48 32 -5 40 -51 10 -59 63 90 -29 -56 37 -45 28 -99 32 -52 -13 -40 94 19 14 -96 -61 85 -8 40 0 62 -65 
-32 39 -92 -7 9 -75 93 27 72 -65 -74 95 93 -3 -45 -92 62 7 90 -26 69 -13 -16 99 46 67 74 36 -10 -25 -35 41 100 63 16 72 44 80 -82 -16 59 66 -24 -80 
-31 -8 -61 -32 -23 33 13 -18 84 -8 63 10 33 -5 -67 -29 -32 -77 51 -49 -95 23 70 -36 -49 -46 85 -44 -10 -64 15 -29 11 80 79 -98 41 -98 -46 -71 -13 -91 -67 41 
-87 -6 -17 -1 17 -96 25 5 89 -86 79 -67 -52 33 12 -40 -92 62 -19 91 -50 -73 81 -16 -82 89 -37 28 52 18 45 -92 -28 -39 -20 -30 -41 19 23 45 59 -10 -71 95 
-85 96 45 -11 -92 -78 -75 10 -63 31 27 -74 75 -9 48 43 16 63 71 -76 -58 -100 71 77 -50 -80 -88 6 -79 30 -10 -4 -76 82 -17 61 46 78 38 -84 31 -66 24 -35 
4 -51 83 -59 -44 94 21 81 91 -52 82 98 -55 -50 -65 -52 65 -56 48 -43 -14 -31 44 59 -74 23 -19 89 84 23 -86 -16 53 -22 -51 26 34 -57 73 -54 31 91 -69 -75 
-68 -53 8 36 -86 49 44 46 -15 50 -96 86 -62 -30 -88 -34 56 71 -99 65 -7 51 96 60 -2 -96 -91 34 72 -65 -71 -52 -54 83 -49 9 96 -80 -23 59 -26 67 64 -98 
78 -84 -48 97 60 -95 66 -71 -55 -28 -74 -82 -39 -7 39 74 42 76 -47 -95 41 -28 -63 5 3 38 70 -52 -88 -44 44 87 68 -44 -16 18 -17 -13 13 3 92 -54 8 89 
-76 62 -43 -92 -15 56 58 60 -62 -91 8 22 38 32 93 -46 -37 2 -42 -73 -88 -88 66 -85 -44 95 -87 27 48 25 -90 -8 -70 58 -54 -54 54 75 -90 -10 -58 -19 65 31 
-3 -60 -51 73 -16 -70 -89 -62 1 66 -34 10 -12 27 10 -16 -78 59 -89 7 -82 -33 -28 -16 -91 49 17 89 31 50 87 29 -71 16 -14 -63 -76 -64 -73 -47 95 11 62 -25 
43 -80 77 -71 34 32 32 64 5 64 -42 -61 75 -87 -86 97 -97 -34 4 -56 -98 -19 -61 -65 -82 90 55 -10 15 -1 -42 -61 45 22 -56 81 -37 41 46 -62 -36 -7 18 2 
-61 73 -90 -63 -38 -95 -89 -23 17 52 73 -14 -62 66 -52 6 -39 -34 76 -91 -79 85 30 15 23 9 -38 21 33 54 -47 42 -30 -52 35 28 8 -17 36 50 -96 -61 5 4 
-17 -73 -19 -89 88 -3 -97 84 17 -86 27 -74 98 -50 80 -69 19 -23 19 44 -70 -24 -60 56 51 32 -8 -62 -39 -64 9 -26 36 -38 -74 81 -3 -34 73 34 -100 40 -97 -13 
-38 14 25 60 87 89 -94 -58 -55 -3 22 -80 49 -21 42 11 15 28 -77 -86 -41 72 -69 16 -95 79 52 -70 1 -15 57 22 74 -68 -2 55 91 79 82 -17 -23 95 71 -3 
12 20 -6 100 -23 25 -28 44 -53 33 -99 15 -32 74 -51 32 -25 68 34 -64 -28 95 -84 -64 -12 -96 50 86 -100 83 -43 13 75 37 2 84 82 43 -3 -4 -23 44 -74 89 
26 -63 -1 -80 52 -5 2 55 29 25 5 -94 95 -54 -26 88 -61 -9 98 -60 42 38 -38 -47 61 -17 4 37 63 -54 72 -24 69 27 -1 3 22 35 -16 -84 43 41 91 31 
81 -5 -26 -18 95 40 49 19 0 -83 51 -24 53 21 -30 70 7 -60 -89 25 59 1 30 54 98 40 1 -70 79 -36 92 78 53 -51 -81 -8 -59 25 35 -26 -46 -55 13 11 
-100 -53 66 -50 -92 -87 -74 56 33 62 86 -23 60 -4 -28 -68 61 -95 -43 71 24 -8 11 -64 67 36 54 -27 -23 81 47 -41 -79 -91 -73 -6 -36 72 34 94 6 55 -26 7 
-13 -83 74 -38 12 10 60 43 -27 -80 5 82 -26 79 15 39 88 -93 -68 -77 -64 9 -91 39 83 -18 46 37 57 34 -16 84 67 22 12 -64 -63 -21 34 -30 43 67 -29 -13 
-72 -2 7 81 86 5 60 -53 -91 -100 32 -60 32 66 10 -56 -85 -76 -74 13 36 54 -5 -14 -43 37 14 -53 29 64 -1 36 -83 91 -4 -7 -77 29 -54 -34 92 -2 54 -9 
-92 -99 -40 -91 31 -37 -70 96 63 -17 -28 -53 96 -10 -76 35 98 -53 -62 -93 -90 -36 7 29 28 84 62 90 -65 76 96 64 38 33 74 -54 97 26 -22 -46 95 -99 29 -30 
-98 -24 -85 68 59 68 -18 -63 22 57 -65 26 12 -48 88 36 59 -14 83 17 43 -62 21 -34 43 88 -67 -28 -42 49 -61 70 -65 -49 0 69 -93 83 -12 -80 80 -67 -70 -31 
-61 72 87 -32 -71 -34 -2 -52 50 -56 -23 -27 1 -79 64 -78 22 -63 82 -49 -17 79 45 -19 24 95 94 -8 2 -53 77 -1 19 -39 98 -41 53 -95 47 -59 -96 13 -16 -59 
82 -23 -45 -77 -93 -2 -98 84 42 -64 -4 5 -7 40 12 72 -86 88 -63 -93 -86 -52 52 23 -79 -81 79 62 33 19 7 -88 -36 -3 70 80 -27 33 -93 30 -18 -57 -71 -3 
-71 66 85 13 43 -70 -55 86 -74 50 67 17 78 20 -68 -87 59 -53 9 78 65 -86 -4 37 83 89 41 96 73 -48 70 40 -72 100 -47 26 38 27 -41 -99 40 45 93 -81 
33 39 -19 -79 -35 33 -89 -70 57 93 -53 -57 6 83 -12 73 -59 -50 87 2 -89 22 92 12 71 -95 12 33 -50 -91 -95 -26 -50 66 -5 -15 68 72 -81 99 -29 35 -5 10 
-97 0 31 -51 96 87 21 38 58 -32 59 -91 -77 -45 35 -20 -4 -64 52 49 -13 23 -83 19 -78 -73 -8 53 -99 -49 -98 -22 -10 97 -36 -70 33 57 23 68 30 -9 11 -39 
37 -88 13 -16 73 73 72 -19 44 -43 -51 43 5 49 72 -6 37 -19 98 100 34 -76 15 -48 -1 -90 -21 45 26 -48 -11 34 -42 -55 19 -80 62 88 -7 74 -69 78 95 70 
-31 42 8 -92 -48 30 38 3 34 -96 85 -25 0 66 -99 67 32 -32 2 15 56 -64 -64 7 31 -35 -47 -20 38 49 -25 -98 27 53 44 -84 20 -34 -23 -63 37 -19 30 64 
-95 -2 -51 58 -91 -5 48 -36 66 54 46 -17 97 71 23 98 -82 -14 97 11 64 -49 93 -21 37 20 9 -96 27 -30 -79 91 53 -8 69 8 -30 61 -66 87 68 -13 -33 97 
72 86 27 -17 -69 -41 89 -24 64 74 -71 48 -32 55 -75 3 -48 39 -2 40 53 56 16 73 -67 -19 19 63 45 55 58 -78 17 -13 -34 43 2 92 40 19 -19 71 27 24 
58 -17 94 24 37 27 -61 25 -18 -96 43 84 88 -60 -87 -50 8 37 -94 81 -78 28 20 -5 -26 68 19 89 67 -82 -53 -85 -44 56 -47 57 20 52 86 55 -61 62 -81 -74 
74 41 -40 90 71 81 1 -57 -99 12 69 -60 99 -57 -20 -61 91 71 86 -49 -89 -51 29 -6 -73 -90 83 68 32 -79 70 20 17 18 10 93 -17 20 33 39 15 33 87 72 
54 -91 -45 66 -29 -63 17 -14 84 22 -43 -55 -19 -44 -34 68 -24 -72 -61 66 -57 82 78 68 -42 82 -75 36 100 93 54 84 -46 56 89 78 49 -49 -60 19 65 23 -3 -100 
32 74 -75 73 -65 -26 -15 1 87 68 -47 89 -29 -53 97 -10 -67 -57 98 74 -54 94 0 32 71 57 -62 7 33 -83 39 8 34 -16 -45 15 -41 -88 -11 21 -71 19 -11 -45 
90 -3 53 -41 4 10 41 -6 82 -24 41 4 60 39 22 -68 -51 62 -57 95 -8 -6 85 -43 17 -71 -56 51 -7 -77 -12 -17 -72 -23 -88 -64 14 -76 -9 -10 36 29 87 -31 
56 -75 95 -29 45 -1 -52 54 53 -20 49 59 -59 49 25 -5 99 33 70 43 -3 -69 -44 98 -13 7 29 -52 54 -27 64 -31 89 82 52 15 -41 -96 89 77 -38 9 87 -94 
-49 -73 -39 77 -63 38 43 32 -96 -39 22 22 -87 -53 -61 -79 87 65 13 -58 65 74 -97 91 1 -49 -13 -2 -27 -4 28 -1 37 94 -33 12 -91 -74 -52 46 18 54 -46 -77 
-2 -20 95 19 62 -23 -3 -66 -53 73 -20 -62 74 23 -87 -62 20 56 60 94 87 78 60 -26 69 96 64 -33 -23 -65 -84 5 41 -21 -25 -24 -14 -8 32 -71 -57 35 1 -69 
-79 98 63 -40 -13 -19 31 -100 -85 27 -65 85 42 -52 23 -76 8 -51 8 -23 -23 -25 -3 -69 -11 92 -79 9 -15 -80 -8 61 34 -20 -48 70 46 -27 -67 7 35 -78 92 -47 
98 95 -95 -90 98 -58 25 -9 -3 100 -23 -15 -4 -44 -40 26 -80 81 -36 10 -73 -92 -73 -21 -54 45 28 29 -73 23 -54 -12 90 -17 34 61 65 -6 -55 -48 -26 -95 50 74 
-9 13 -59 -39 95 -57 75 89 83 53 3 73 60 75 -57 0 67 63 12 -38 61 94 91 10 95 49 -46 -71 79 61 -24 -84 -84 -62 -10 -51 96 65 16 61 -40 -62 55 -70 
-63 86 16 100 -17 -71 16 97 -91 -98 1 95 -84 -66 -15 -46 -11 73 55 -21 46 -36 88 28 -17 -79 39 86 -82 -33 -6 -52 -78 23 10 -6 -23 91 -81 -10 -35 66 -23 -16 
-55 89 -93 69 49 -24 19 -35 12 -10 -20 13 40 83 -16 -100 -83 59 49 -28 63 -35 -26 -59 40 57 38 86 39 -28 78 -77 22 -22 -68 9 17 63 -4 -86 -46 -10 -73 98 
-49 -88 -84 -90 -36 93 -81 83 50 72 -75 97 -44 -61 -40 67 25 65 -62 82 -42 12 55 -66 12 66 94 -55 -93 89 -12 16 -94 48 67 -26 3 17 -48 -63 36 -83 -71 25 
-33 41 65 -54 75 81 59 74 -13 55 79 -54 -42 43 -100 36 23 17 90 0 -14 -24 -88 -98 -57 58 -20 -41 91 -28 49 -67 26 47 -58 37 27 -90 -90 -3 16 45 -84 6 
61 10 -32 56 -69 50 -67 -65 58 19 78 -56 83 50 78 48 38 3 39 -6 55 -48 4 -40 -39 -74 -92 -28 -15 87 73 -66 -54 24 -47 49 -15 -81 -1 -89 -80 -29 -81 40 
-29 16 44 -29 16 -63 -81 -57 -58 28 11 92 1 28 -4 -40 82 72 63 -84 27 70 44 98 -13 -94 -35 -65 -100 -50 84 -42 -39 14 92 -61 38 -14 -20 -30 50 82 -23 -63 
-54 -88 -1 -16 -100 64 -53 -65 -22 39 89 -55 56 10 34 70 98 0 -4 -44 11 -64 -36 5 -36 78 -72 33 -98 -42 44 60 -47 -95 86 -25 21 -35 -28 11 -2 -78 -31 -42 
-22 -54 -13 -3 36 1 20 69 -86 -74 -84 98 -23 15 -43 13 96 81 90 19 -56 -83 -93 70 -26 96 -91 -81 -33 34 -73 -65 88 -72 77 56 -44 32 58 -80 -63 46 -37 33 
-84 32 58 -3 25 80 -2 20 -37 -37 -64 34 31 45 8 67 1 56 19 60 -55 -35 -94 -52 -26 3 -91 -79 86 -86 97 -43 16 24 -35 48 90 68 -83 36 -87 -40 83 -57 
-78 60 50 -8 -100 -37 90 56 38 -46 48 -71 -29 -26 -69 -21 68 -58 75 -82 -40 82 79 -51 -74 -46 80 18 -58 -17 -83 -18 -13 83 53 -22 -9 72 -23 21 -27 82 90 -90 
56 51 50 -100 0 -11 21 -86 -16 -55 28 48 -100 -56 4 -8 -50 47 68 53 55 80 -50 -65 13 60 -34 -16 -43 -25 -63 92 -91 -34 -78 59 52 16 -97 83 39 -86 61 13 
-17 -8 -82 -54 8 54 -33 54 -52 -18 52 0 5 -38 -5 74 -96 11 -23 14 -56 42 59 45 83 67 15 -49 -92 78 -20 42 -4 -23 -37 96 -11 12 37 -83 22 -49 75 -95 
76 4 99 -83 -16 -28 -95 -57 -99 -68 38 -12 76 85 44 -11 -5 0 97 85 82 40 -42 -58 -86 23 12 17 -74 -84 -22 -39 -69 -64 -46 -99 -39 61 65 -85 -83 42 83 15 
-2 64 39 -30 -6 -75 -70 -31 -60 -60 57 63 67 86 50 -19 57 -13 -99 -44 41 -30 -75 12 -48 14 -4 69 20 -7 32 23 76 88 -37 -20 92 39 -63 95 50 24 12 -7 
54 -29 95 -19 20 -22 6 -71 -9 -82 -59 86 42 -24 -100 36 -9 -50 -28 -14 -10 49 52 45 64 -4 -25 62 -5 17 -74 85 4 -84 61 -26 95 -27 82 58 53 -26 -60 -63 
11 -84 -38 25 73 49 60 40 -75 53 45 41 83 60 -6 -8 -11 67 23 -41 -40 -63 -26 69 5 92 43 2 23 55 -11 62 -30 59 -14 -93 -18 -12 -37 -10 3 10 87 35 
76 -93 -23 -25 41 21 90 -56 -4 -90 -57 -7 44 93 -47 41 75 85 -35 93 -39 60 47 -3 63 -33 40 -6 -85 -39 -54 9 54 41 -56 93 -23 -44 47 -52 -63 -33 -24 -6 
-3 -60 -71 -55 45 33 26 -3 10 -58 -54 35 -96 94 79 31 -57 -68 -5 5 84 68 -39 43 5 -22 48 64 60 76 83 -66 29 -100 -26 -1 21 -48 -72 -70 100 -72 89 -86 
-99 -16 85 83 17 86 20 -90 -24 38 62 78 -74 -62 88 -82 36 15 -83 -35 66 2 48 -93 -33 -84 43 -31 43 33 12 -33 -83 81 -21 -95 71 90 38 14 77 53 -80 88 
-96 -87 8 -100 -44 -7 20 -47 -64 -27 9 53 56 1 66 5 26 50 34 -71 -5 -80 40 -27 92 40 -6 -49 -33 76 97 -35 12 58 52 -18 -95 -37 -67 36 -31 100 99 -61 
-25 85 -28 19 56 -93 10 -70 82 -88 -52 43 -54 99 -92 16 70 13 76 98 52 62 68 63 -87 31 71 72 -18 -40 -62 78 5 23 75 19 68 -93 54 -44 85 -87 -10 52 
-78 84 17 -80 -33 3 27 -5 -100 79 15 72 -47 56 23 28 -54 -82 32 -76 17 -2 -32 -97 98 -66 -80 82 45 -70 14 97 -13 82 -98 67 -35 -75 64 -41 -27 -21 -87 -68 
-79 92 -4 8 -19 -91 -79 44 -68 -53 -66 41 10 9 93 -69 52 51 25 -26 -44 -51 -83 -88 -69 60 21 -81 11 -100 -2 80 -87 87 -95 66 -74 -24 -52 81 14 -90 71 73 
-11 47 96 -38 -32 -42 -46 65 94 -2 8 56 -81 -78 78 66 -10 81 72 55 -70 -46 91 15 95 46 26 66 67 12 -7 35 -8 21 6 -27 -59 -22 13 81 8 72 70 -44 
27 -47 9 57 -36 -2 5 -55 33 61 40 -81 100 13 -43 16 69 -45 9 2 -96 81 89 -74 -16 54 56 -47 -66 38 9 35 80 76 -81 71 -41 79 -62 -57 71 40 36 -18 
71 -37 22 74 9 58 9 50 -82 64 -19 -36 -62 -91 -54 32 -28 42 -19 -45 -99 -44 69 18 16 -80 -19 67 18 11 -43 14 -60 94 -98 -2 7 93 86 41 7 30 50 22 
-96 -15 31 -28 -9 -81 -5 25 -27 94 -31 -32 80 -64 10 -14 78 -65 -41 1 -35 -17 -17 -16 91 77 12 24 26 72 56 43 -38 -39 96 -5 6 -37 -17 -5 6 55 -24 80 
88 2 -27 -82 -6 26 3 100 -85 -35 -58 91 -93 -88 61 -33 -45 9 80 40 98 63 -43 25 20 59 91 -29 70 -66 -87 32 -92 88 -71 -24 84 32 14 -64 63 28 -43 -57 
-59 -76 22 97 71 -92 60 -44 -74 -61 -79 2 22 -78 38 65 84 69 -32 -68 20 -65 58 34 75 47 -57 82 27 -61 -95 -2 -86 -96 -41 -33 -37 -19 97 76 -26 87 75 -25 
-27 50 41 -28 2 -27 -59 -91 46 20 44 0 69 74 -92 24 -83 95 -62 -21 36 47 -69 -7 -28 -92 11 27 -49 -60 -95 -34 -65 27 63 82 25 30 -40 -14 30 -40 -66 -50 
-50 73 85 -28 92 -23 93 -75 1 -55 -70 12 -70 -53 21 -52 37 55 43 68 36 100 67 -87 96 -3 95 -60 72 61 -23 -67 -71 -83 -82 63 3 -96 -82 -85 30 24 -49 58 
-30 -85 28 -17 -49 -82 -61 -39 -14 1 -93 -12 -74 25 -62 -60 -60 -93 -77 -34 81 28 -45 -59 -83 -13 57 48 51 -60 76 62 33 98 -85 92 -55 86 -38 -83 -76 40 72 -81 
14 44 90 26 57 88 65 13 -93 -87 -12 89 74 -40 -19 -50 31 -37 -26 -35 -50 -56 -94 -54 24 -37 31 -35 17 47 -99 -97 73 -51 -96 -40 -41 -33 -64 -93 -93 -6 -48 -59 
-49 92 -17 96 48 29 -60 -32 23 78 -9 44 87 -98 64 -49 -9 -15 24 64 70 18 -7 -28 27 -56 -100 -97 -27 36 -38 -8 94 -41 26 -4 65 -81 86 -22 23 51 -97 -59 
57 -57 70 -39 62 65 -89 98 21 21 41 78 88 -44 100 -34 24 -98 41 89 -17 51 42 -50 34 11 -37 1 93 -38 -23 17 19 27 51 79 -49 69 -57 -59 41 63 -81 -12 
-57 -32 41 -56 -14 87 75 13 -79 34 46 28 16 -35 -96 81 71 -85 40 -43 -1 0 1 61 -49 40 59 68 54 17 29 44 -78 59 95 -62 8 -8 80 9 16 -49 45 -50 
73 72 -10 -19 56 -3 -51 -89 -38 40 -90 5 -81 78 -99 11 -45 95 79 -5 48 -61 -20 93 -92 -44 92 -9 14 -13 -86 -94 24 -64 76 -32 -43 -11 -41 79 -61 -78 -29 28 
-20 90 56 -20 93 -44 -59 -54 -63 -27 -87 85 -27 73 52 96 0 -45 -32 -82 31 82 4 -72 -17 53 26 -44 22 57 88 -23 -98 -41 -66 39 -64 3 -47 -45 -35 78 -14 -59 
