25 79 50 -55 -36 -74 79 -46 12 -51 45 22 -62 38 14 30 79 -94 90 79 -32 -10 -99 9 -5 -22 38 -46 95 -10 23 
-76 -12 87 -61 48 -44 52 -88 48 -66 35 38 51 -91 31 83 -80 -59 -79 -20 89 -23 99 -5 -56 -60 -20 21 18 -41 -51 
12 11 -51 -39 -53 73 -39 33 -78 -42 72 47 50 60 10 73 100 -9 -9 86 57 -90 -68 -60 55 56 19 54 56 -50 78 
56 24 -83 -69 -15 -24 -21 50 82 98 97 68 -53 -68 75 -67 65 32 -28 -41 -51 100 -33 -10 -73 43 -64 -70 55 -24 99 
-91 80 -8 45 -98 -66 25 -85 30 49 45 18 -77 9 54 -10 25 -16 -93 -54 -74 47 0 16 14 -20 88 -67 -6 64 -55 
34 82 -2 -33 -34 53 30 20 32 70 55 -36 -91 -100 65 41 -26 -25 53 50 100 -55 83 73 -20 -59 -9 3 61 74 82 
-72 14 -13 37 -18 -67 -4 62 84 47 -47 84 -66 -55 -58 48 -39 34 -74 74 0 -55 -89 64 27 -32 98 -96 -81 -99 76 
74 54 -30 70 4 -28 22 38 32 41 -87 -76 -94 87 -4 39 6 53 -57 -2 -95 -80 93 6 97 -73 -65 -38 -57 -66 72 
-93 94 -57 -34 -65 25 29 36 71 20 11 42 14 -23 41 -12 -100 -14 -72 30 -22 -86 -18 -1 -71 86 -95 31 -67 -82 21 
53 -97 56 -17 -19 -58 2 14 57 86 67 29 23 -87 0 -15 80 -26 52 -6 -35 -11 -92 -21 67 -36 -99 -35 99 95 30 
-1 94 -88 40 -41 62 33 87 1 46 -38 82 12 -90 72 74 -85 37 79 28 -12 -72 -87 45 36 -84 27 94 100 -52 -80 
39 -22 -19 6 90 -9 97 76 76 28 -53 -86 66 -50 46 44 9 13 64 21 66 -17 59 45 24 -20 10 -6 71 32 -8 
-53 -100 4 83 -58 -5 20 64 -34 -82 78 39 -70 13 -55 3 -41 62 36 0 90 -53 -46 -7 -51 -39 18 -100 28 31 -69 
48 80 54 75 -97 10 73 4 54 28 46 -31 -17 -91 -82 19 14 50 -43 48 -92 -77 95 66 87 9 -62 -80 -68 -83 13 
-96 6 58 -23 -85 -36 16 -74 18 -97 -31 -90 31 31 -56 -70 -74 -77 -13 -34 -31 37 60 -64 77 69 -87 33 63 12 68 
87 -52 -37 -92 -49 -23 -51 -85 53 46 -29 4 -95 -70 -77 51 -60 32 22 34 -77 48 70 -35 17 -45 -18 -11 -15 -72 -15 
-85 -78 -7 -78 -81 36 -20 71 26 -18 100 8 -85 -64 88 97 39 28 95 57 10 9 -84 3 -70 -34 -81 -42 -68 -72 -43 
87 83 98 -50 60 34 -43 94 -44 -64 -86 -32 29 39 -25 38 80 92 -3 14 -32 13 -44 70 -94 8 -37 -15 29 -31 24 
-82 90 -94 -18 100 -98 -76 -99 57 0 56 84 -11 -68 84 -84 -8 54 -25 5 -14 9 11 -15 63 -89 -87 -91 -60 -35 81 
-52 21 29 15 61 -67 -21 -61 34 -16 38 48 -72 -92 -38 84 67 89 99 8 -3 24 -8 34 6 100 91 71 -54 -75 -39 
45 -17 51 29 74 34 92 82 -84 6 -86 85 -87 -69 -35 19 -23 -63 89 4 -82 -30 28 8 -9 -53 82 53 -36 78 -60 
44 48 74 50 -47 80 -92 48 95 -60 -52 41 2 -49 69 52 -31 -35 63 20 67 54 49 -70 38 92 -39 48 -12 42 50 
-89 -77 -34 -83 62 53 -77 -40 -58 -63 1 -46 -9 21 24 -72 -90 -98 -91 84 -90 98 79 95 -13 -80 30 -1 -78 -23 69 
70 26 -79 11 -67 -72 47 0 44 -37 29 93 -9 80 -5 -2 -62 -47 -20 -1 1 77 -77 -69 -81 92 24 26 -91 -43 -52 
-10 39 87 -8 99 -80 0 45 91 24 -25 7 -73 60 -83 64 -13 -38 -86 -61 56 -12 -62 46 -89 -13 36 24 -55 12 86 
97 -12 29 -72 71 -73 76 -4 -4 42 96 99 81 -13 23 -9 45 -74 58 -21 -64 69 35 -99 38 -23 -33 51 25 -90 47 
-35 -94 97 20 54 11 38 14 29 -52 -87 82 -21 -73 80 40 48 32 45 0 94 45 -92 39 -37 -43 -70 -22 31 -100 -14 
-8 81 87 -82 75 39 53 29 51 -71 -83 24 25 -83 75 86 -32 56 77 -35 18 5 -10 20 40 -19 -56 54 -68 99 -31 
-28 -89 -60 -100 42 80 95 86 98 -19 39 15 -31 -4 82 83 24 19 -90 26 13 47 -75 94 53 -53 69 -17 89 -84 -50 
-10 -37 69 34 -35 65 -71 -41 75 95 -32 42 5 84 3 -18 8 -59 32 -25 37 -58 43 -68 55 62 -1 5 -51 12 -64 
-11 -53 62 -77 -25 -53 64 -83 45 50 0 82 -74 -99 25 -30 32 -84 28 -49 14 -42 -73 -34 40 -17 -48 86 21 -77 63 
30 97 -50 14 -59 67 21 -26 -27 -92 0 -33 1 -65 47 -44 -48 -31 -24 -45 25 -42 -69 15 -82 61 -22 -63 -64 94 39 
58 3 79 -72 -57 39 -59 -19 16 -43 -13 -21 -67 -39 -67 42 46 41 -94 -95 89 -99 -81 52 -3 10 -71 6 -55 -69 -25 
47 9 93 -37 36 -85 90 81 -87 82 2 98 78 99 65 77 -6 -82 90 54 -4 29 -48 -22 21 100 77 -72 -27 -55 -28 
-21 -39 -13 -66 -84 51 -8 -84 8 -88 -93 -39 -44 35 25 -63 -5 -76 -28 86 66 44 -30 -9 27 89 77 -30 66 -56 -93 
27 -56 75 25 -33 59 90 -82 97 57 78 74 -98 -37 88 49 52 25 -55 96 44 -99 53 -10 15 35 91 33 -96 61 -38 
93 88 -92 9 -20 99 6 11 -95 -53 72 87 82 -39 -98 -47 21 -9 -44 85 3 90 78 -54 -44 1 -32 83 46 -71 -17 
13 -27 100 22 25 -74 -56 -49 -10 38 -69 -29 -99 -95 -13 -86 92 99 -68 79 47 -28 -23 20 -47 71 -31 34 -84 -77 -49 
88 33 88 -47 -50 -25 -39 37 -74 26 -69 -58 54 65 28 -49 -77 -40 -71 73 97 60 -56 -21 9 4 -32 -2 -29 10 -48 
-64 71 27 -81 -55 81 -83 -11 6 62 -29 -39 -48 66 -93 41 44 -4 47 26 -34 -15 5 79 27 81 -55 62 -91 28 10 
35 -91 -90 10 -87 65 -81 -35 -31 28 13 2 100 44 -45 -36 -7 -62 53 -58 33 67 22 52 -27 15 -81 -85 40 10 -23 
-98 -79 87 32 -25 68 -73 76 100 98 -3 -9 -3 -86 11 91 -5 95 -57 8 -60 44 -27 58 5 82 54 -100 -54 -38 -51 
18 12 -28 2 -98 -19 -93 -99 -88 74 -11 66 9 19 -73 34 71 11 64 -84 -36 -18 2 79 62 -36 9 -4 27 -85 -93 
-24 76 1 73 -82 -46 10 -59 -21 -91 -78 -40 -92 86 0 -6 -73 96 -93 94 -81 -10 74 4 -74 60 -1 -12 52 77 -16 
61 27 -78 -43 -73 -16 -53 -1 -53 -65 7 -30 49 51 -36 -75 -23 18 26 -96 -98 -11 -60 -98 -67 21 -12 -65 -51 -70 80 
29 -35 0 -46 -21 -99 21 -11 -55 -12 83 63 90 38 76 34 34 8 -71 55 -54 -99 48 73 -29 57 -4 1 -95 13 77 
-46 -42 -91 -33 -53 0 -3 -91 -39 32 60 14 -77 7 75 -7 -32 49 81 16 -81 -3 -46 19 49 -68 91 76 88 -99 21 
-31 -9 31 27 -80 5 18 75 -46 -54 -79 69 -4 -65 64 81 -12 -33 -61 -65 -57 -72 59 49 -51 -17 -57 31 -37 -58 -86 
-92 -19 32 -100 -22 57 38 100 7 1 -38 -15 38 -5 -5 -76 67 -72 -27 -90 80 -86 74 80 -88 25 83 23 -89 6 -49 
56 41 45 44 -82 -45 96 96 -46 35 -70 1 -19 1 -97 53 -14 -18 -43 24 -81 -7 -94 -41 -16 85 -2 -79 -82 69 45 
70 -31 -41 -80 0 9 -42 -67 -29 -79 49 -1 14 83 -33 2 -44 86 -23 43 45 -32 73 35 14 42 -56 5 -82 85 -69 
-10 79 82 86 -69 -3 51 -49 93 -94 34 -28 -87 15 2 -76 22 -16 61 -8 8 26 -20 -88 -7 -29 -88 -67 98 -57 -73 
-22 -71 -26 -8 84 -46 -20 40 -62 38 27 96 -71 3 21 -39 -33 -11 89 58 -91 71 74 -98 76 -88 38 -70 87 15 -73 
89 62 14 39 46 -67 63 11 47 -90 0 25 31 53 -28 -34 57 -84 -27 16 -5 -8 -31 69 83 91 -3 75 57 -33 -86 
57 67 -52 -74 46 -58 5 -68 83 -37 -19 -28 68 -2 35 45 -53 -73 0 -84 35 -82 -26 -10 -63 -19 1 -66 68 81 -56 
-94 10 19 -15 -73 47 -53 8 -40 -14 44 -20 -54 -94 29 65 -48 -5 -84 -63 18 100 14 -11 -14 -26 55 -63 -73 -47 -16 
-10 -21 -65 -46 -28 -72 36 -32 78 -23 22 29 -20 84 21 32 56 58 35 27 32 -57 -31 -34 9 -57 42 -23 -11 50 -49 
56 -42 -11 -72 52 -84 -92 -46 91 44 84 9 -76 44 -22 45 64 73 13 -90 -69 -82 49 56 74 62 42 58 24 -50 -26 
90 -33 -63 -58 -13 -33 -62 87 -27 -15 84 -68 -53 100 6 -5 91 79 -23 -80 51 23 -36 -75 36 -100 15 -87 -35 3 64 
-70 -66 50 -65 90 22 -67 17 -100 -98 -88 -44 80 67 52 -39 -92 57 -70 90 -84 -93 68 79 55 -62 -3 -19 -58 49 -1 
-9 76 -78 -62 -16 -44 44 -24 80 94 -53 60 31 31 -62 -12 92 60 -31 -38 -29 -94 29 -53 77 -13 -5 54 98 15 -85 
-43 -14 -48 89 4 -64 -10 12 85 32 -53 80 22 31 58 -31 -31 65 -28 27 99 7 37 53 -42 97 -65 66 19 79 62 
