-38 -57 -36 27 56 -12 77 63 -47 -95 -67 -28 44 -74 -76 -70 -65 92 64 -40 -25 60 72 -57 -89 42 -53 55 -47 -30 10 -16 -99 -55 75 58 59 31 -79 -72 -46 94 -17 63 -21 55 57 -42 -34 54 42 -17 -15 -18 -91 -24 -19 52 35 -52 13 1 -8 -25 81 -18 -66 -92 55 -2 83 32 -92 -81 -16 -57 71 77 -98 67 -91 -90 
-62 -94 -61 -9 -68 -79 -73 24 97 46 -24 71 45 33 2 -43 -65 -51 -87 92 -36 86 72 -75 -65 40 53 16 -10 69 -12 33 97 5 -73 79 -42 -84 96 -68 -75 26 44 83 66 -1 -68 -72 -31 25 7 -45 -47 38 76 90 38 45 -79 -51 75 97 46 -28 98 19 93 0 74 -17 62 80 -24 12 -90 -100 -10 -98 4 -18 -46 -75 
40 31 -72 -79 -87 -32 -46 -43 36 -67 -24 9 -45 -14 -72 37 80 -50 -41 -86 82 -87 -40 -88 57 -49 56 -17 -78 -68 -68 -11 55 -91 47 40 -13 37 -18 -77 78 91 -99 -18 38 -35 46 -79 -14 -45 27 -33 80 -72 -34 -99 57 99 -99 58 19 -38 76 10 -55 -85 -97 67 60 -81 3 69 -54 -26 50 -32 48 58 46 -97 15 -98 
32 -35 -20 -5 30 -22 90 -89 27 28 -49 -52 -45 76 -58 38 33 75 -39 9 -56 -8 9 96 57 -6 8 -68 33 -78 -71 30 -8 -36 32 -28 65 -18 -87 -99 -65 -20 -91 -24 79 15 9 94 74 -79 49 87 71 3 -61 80 -26 -71 -26 11 86 -65 -39 -85 -17 78 30 41 -9 75 -57 -95 -7 -80 -84 79 -63 22 4 85 -23 35 
-20 -22 -70 -43 10 35 29 -59 46 -72 28 18 72 -35 -10 -48 -28 -69 -11 -74 96 -7 13 -42 29 34 13 -58 58 42 -14 -13 -18 -98 91 2 -79 -2 73 -35 -100 3 4 -15 -38 10 -9 72 -79 -38 -9 76 -69 -84 -88 -76 90 -31 61 -65 17 61 -55 69 86 14 21 57 42 46 -80 20 80 -96 46 7 40 49 -16 -6 43 31 
94 96 23 -71 -58 86 77 -16 91 50 97 73 -13 18 -97 -10 68 -39 -75 -18 65 -67 -55 66 0 -57 93 91 8 -72 8 15 -81 -76 -94 53 90 -59 51 -24 73 23 61 60 -41 -69 -22 -97 31 -92 -7 35 -70 -84 -6 99 46 -31 46 60 53 -57 67 63 42 -98 21 65 -95 -28 61 -66 100 -12 51 4 12 -63 26 98 -78 91 
49 -5 68 95 -66 5 -21 -76 100 88 -37 59 34 -86 62 -10 -70 -72 98 72 -19 -10 71 73 -54 84 34 -94 -61 -56 -64 81 49 -55 27 86 22 -62 -70 53 -5 -28 -16 -26 54 48 46 72 -73 -52 59 -81 75 -69 -74 88 -27 -56 47 -38 -60 50 95 82 -40 -11 -34 40 -33 13 -1 -36 -52 -28 -58 -20 71 -41 21 99 75 66 
4 -52 -26 76 60 -40 47 81 -97 -62 3 49 -43 61 74 -69 0 -24 41 59 74 84 -75 -28 -20 59 -25 20 -29 -29 -79 30 -57 52 -59 7 34 19 -88 -67 40 -14 -85 100 58 42 6 35 34 -22 52 -14 -33 28 -20 79 68 8 -82 17 -100 9 70 9 66 -71 55 -78 66 -43 9 48 -20 75 -43 -95 56 49 7 -99 -30 34 
-66 -19 93 -78 -63 89 -29 69 -59 -32 98 -44 55 79 -93 -26 -89 -64 -33 -91 -3 -46 -55 -62 -72 51 55 -10 -3 19 25 -9 -5 -34 -52 33 84 -59 -54 11 22 -26 -48 21 77 -1 34 2 -34 55 -88 4 -97 49 -35 75 89 6 -1 7 -28 75 3 3 21 -49 98 99 56 -65 95 84 -53 -7 95 -82 53 -85 48 -77 -18 -98 
-46 25 26 -96 5 89 45 96 -66 61 88 4 -72 -58 -43 85 49 29 -67 -11 -17 -27 43 48 26 78 64 57 72 1 -84 -86 -35 2 60 34 -77 -22 -46 40 84 24 -2 90 -1 52 -15 -50 95 98 90 -38 38 -36 33 -29 15 9 -74 -48 -47 52 22 36 84 13 29 -76 64 27 72 -42 57 26 -13 -49 -18 -88 -76 22 44 1 
34 14 -50 -75 -48 -89 -53 43 3 -9 37 -62 -18 92 -19 -92 -2 33 -28 -16 63 -7 65 91 100 -13 -62 -97 -18 54 7 -85 -85 80 -7 -14 99 92 -10 -35 94 -44 71 -45 61 53 85 6 81 -53 -12 -100 64 51 64 31 -35 4 46 -20 85 -18 35 -78 -22 86 -79 39 -72 -73 49 -65 69 -46 -29 -3 35 -20 -76 51 -17 -94 
-20 1 -92 63 -89 40 74 51 37 34 97 65 -47 -28 14 30 18 -62 92 -7 0 100 18 11 -74 -73 -55 -86 28 96 39 -49 -58 65 47 1 4 -67 36 35 96 -20 25 -22 -93 -72 -76 -4 24 -28 -80 -51 13 -72 -40 69 -43 -17 -76 -10 98 -99 -16 -89 84 -3 83 85 67 -56 8 -44 -32 26 17 -96 95 93 78 -63 20 -19 
48 22 46 -92 56 52 13 -81 51 -2 82 7 80 -13 -11 -54 6 -21 29 -86 42 57 76 -36 -15 28 -41 5 -74 -100 -7 43 28 -14 -19 7 82 70 35 -4 -77 23 78 16 3 -78 -88 -27 -12 78 -87 -14 3 -57 -1 -4 -75 -84 -66 -60 20 7 -3 19 49 -97 38 37 68 59 -60 -89 62 27 84 -52 -39 7 95 65 -70 98 
45 49 10 -61 -89 -19 24 -84 -15 -76 31 -17 0 -96 86 -29 73 45 32 -53 -65 -40 87 10 23 -73 60 79 -78 -6 -83 -61 23 -73 1 90 -17 21 95 -18 97 -20 64 95 -64 39 -55 66 -49 58 -9 13 -5 4 60 16 -23 -89 92 -43 97 28 26 -31 -71 -67 13 2 -14 -87 -95 -33 27 -35 -9 -21 -17 35 -36 -48 19 -11 
-91 -85 -81 -37 -79 -35 -14 68 -7 78 2 -18 44 -86 40 52 -63 51 -82 -60 49 52 97 34 21 37 -61 -48 85 89 -64 65 -72 15 -36 -36 -25 80 -44 94 7 -7 -64 -75 37 79 -36 -12 47 -47 82 -19 36 79 89 -72 -67 62 45 96 89 -9 61 6 -17 -19 87 -35 -76 43 -8 32 23 -56 -16 -77 -72 74 -98 15 43 -34 
-28 -41 93 -69 43 -87 5 -10 91 8 -90 3 48 76 -3 67 -25 35 57 -3 -24 78 -83 -58 -95 -57 81 15 -26 -90 -79 54 -18 57 -75 -32 7 -27 -3 -64 16 91 -93 21 -1 -57 19 -12 41 -89 -73 72 81 25 77 -42 70 -62 34 48 -39 9 -33 74 61 -29 93 44 37 -90 41 -9 57 14 -37 -84 28 -50 34 66 91 62 
-6 -48 74 23 66 -58 -100 95 48 -31 32 -57 11 88 -65 38 49 -61 -56 -40 28 -91 -77 -47 39 -72 -29 54 -28 -86 -81 69 1 -14 -94 4 -21 -62 68 -37 -96 89 -33 38 13 -63 -4 42 -18 -12 48 -2 -53 -33 36 23 60 -61 18 -33 29 -92 74 79 60 -30 1 26 93 -17 -59 -51 61 91 78 -90 18 97 -67 95 -14 -3 
-70 -84 88 -47 -70 -21 -38 82 -16 30 46 83 91 -86 -68 29 -91 -56 96 -1 44 42 -41 -25 -82 8 78 -62 97 5 -81 -78 -63 48 -76 24 -23 26 65 -24 61 -30 1 -38 -41 57 -87 -21 -24 -64 -81 18 -43 41 97 -41 45 11 -99 -73 -51 -37 -45 -63 35 1 30 50 -74 -15 -57 -12 52 -48 54 -14 -47 -10 -93 -80 84 -37 
-99 59 36 35 -56 99 71 24 -84 -72 -46 18 63 5 10 53 12 -21 -44 -31 -6 34 -15 18 5 -53 -9 -35 -85 -72 -13 -65 95 79 -23 24 -76 73 -94 -24 66 92 94 -34 -75 44 -17 93 -20 -17 97 -27 -52 -52 -86 52 5 -19 -91 -76 5 -78 81 -93 -94 25 31 88 -52 97 63 61 9 97 73 -13 -94 98 -40 76 -4 -77 
-83 68 -84 42 44 -47 -63 -23 -27 46 -48 -29 -84 -67 46 66 88 57 0 -64 -24 -61 62 -16 -79 -63 34 48 48 -66 -64 3 86 -41 41 36 48 78 -8 81 -58 -94 -43 -12 -51 -100 -11 24 -54 -84 87 -93 50 83 93 93 59 -4 87 82 3 44 0 -65 -70 -51 -73 77 60 32 64 67 -72 0 32 -41 -24 73 -97 86 -46 31 
-20 -75 -25 -31 -48 -76 -83 12 -88 -48 -49 46 -23 49 39 -34 31 -69 53 -60 98 -83 -92 34 20 -94 10 60 -1 -90 -63 43 -64 37 -96 35 -39 -25 83 -96 33 -61 43 -29 -87 61 -99 -57 28 11 -5 -35 53 53 -77 -67 81 -3 -49 49 -21 17 -100 -70 93 -94 66 65 -64 -4 83 26 -65 63 71 -12 -18 -65 96 22 87 73 
-3 -47 -37 24 94 -85 8 -31 32 65 71 -24 -91 -91 97 84 25 96 20 -92 -100 58 2 90 76 30 4 -93 -43 -4 74 63 -23 -77 -26 20 57 75 -87 17 64 -62 -41 23 55 -64 -79 -30 -61 11 -7 -90 86 -15 24 -8 69 -45 21 99 53 84 62 -32 26 97 68 17 32 91 93 42 68 -99 -3 79 91 -54 -99 27 -41 38 
56 -69 85 53 -91 51 91 -5 78 95 83 -58 75 -30 86 -47 -37 -48 -95 93 58 55 40 45 -35 40 56 -42 -43 -75 21 100 -21 -72 -23 -10 14 -86 81 -32 97 62 -66 59 -18 -35 -72 -10 -32 -56 36 -46 5 -95 62 -45 17 81 22 2 99 36 91 -93 24 34 74 27 80 -2 42 96 62 78 75 -14 -75 69 -47 6 92 82 
-61 36 94 -99 97 -46 -32 70 -29 -31 -44 -87 91 65 94 43 -30 -77 -15 91 -89 81 5 -47 29 -50 -99 -54 25 -22 -41 -45 -12 59 63 10 16 27 68 51 -94 -13 45 -25 37 -39 -60 100 -76 47 10 99 -74 31 -9 -81 -89 -46 -73 83 -67 80 -98 64 43 -69 60 -97 37 0 -78 -61 -18 7 -39 -78 7 -77 -42 -73 77 55 
-41 53 -1 4 11 -52 86 -91 59 19 6 78 86 -33 47 -92 3 31 -86 -94 46 -21 -75 81 -45 -58 -89 65 -11 -42 -8 75 96 50 82 95 68 92 -72 3 90 83 73 -74 14 -97 52 -55 -86 -14 -90 -100 -40 71 -26 89 -59 25 55 -66 -98 47 60 -97 98 -47 -59 41 79 -38 74 1 -91 83 96 40 -24 59 63 -13 78 51 
16 61 -69 -48 -40 -96 -25 -1 -55 14 46 -2 -46 35 -89 -15 85 -28 18 -29 9 -62 87 3 1 65 -25 -99 -46 -42 17 -14 -64 -4 -3 61 99 -70 35 76 46 71 -82 23 -49 68 -22 -27 -70 -19 70 -36 -95 -17 62 4 70 73 -16 68 -37 -70 -39 -55 -95 -68 -71 92 34 98 55 28 -27 3 11 1 63 -5 17 90 81 86 
28 12 -8 3 72 26 -15 -39 44 61 51 -53 -36 -59 35 -42 50 84 -13 95 15 16 -64 -54 24 79 -75 -89 -79 46 54 -39 -45 -100 -78 -2 76 -100 -12 25 41 54 40 -28 -27 -18 11 -50 -34 9 -42 -85 -57 -3 81 68 -100 77 -48 15 -83 80 55 66 -67 -75 35 27 16 16 40 -27 70 -96 -23 -8 45 -45 75 -43 -30 91 
36 30 -92 -5 9 -32 -63 26 92 -32 84 -7 58 -64 -16 -69 44 73 -69 89 39 -15 77 24 9 -51 13 -10 -66 -91 5 16 -98 -68 41 -64 69 86 59 -33 -44 -44 -67 -59 -69 -76 71 67 -59 -70 1 84 54 -99 -6 59 95 29 -45 62 -18 94 -10 -65 -98 45 82 8 -38 -10 -79 81 95 6 63 69 -29 -90 -79 25 21 -9 
-50 -100 49 -54 99 21 76 -31 57 78 83 -98 70 -97 -91 -34 68 -71 -28 -10 -71 68 45 99 47 -60 -73 -52 43 49 -44 2 26 52 -17 6 12 -58 85 81 -24 57 14 42 72 56 -45 -27 92 40 -35 31 -69 -18 29 1 69 26 42 41 94 26 66 -85 88 56 -49 72 82 -31 -36 -10 -39 79 -67 22 82 80 -4 57 95 -89 
-50 -55 -68 -52 -29 -23 -10 -68 23 0 1 -50 -31 -22 76 31 97 91 -6 80 65 -62 -39 44 94 53 33 19 -98 69 -58 -80 27 10 80 29 -82 -71 51 83 88 -63 -4 21 -66 -15 81 96 -82 37 27 -56 14 -90 41 -54 39 73 13 73 -8 -42 -73 41 -69 -12 -84 45 -23 -77 -34 -55 -10 -65 32 -97 -75 -53 -46 -30 -5 88 
-25 -37 -41 63 94 -55 -50 -72 79 -21 68 -46 -41 -48 73 -9 -86 -76 4 23 -5 -39 62 44 -30 -68 73 -38 -38 -63 -91 -79 -23 41 -69 82 0 21 62 -55 97 -56 -38 99 -29 71 24 23 65 68 -35 80 18 -30 41 77 62 30 60 -98 -69 -94 35 -84 1 89 87 -4 -3 15 -14 97 38 -51 -65 -20 -74 -62 40 -10 -93 -12 
-5 -74 26 35 70 64 -67 -41 -23 55 40 -69 -76 77 -55 15 61 17 28 -46 -39 55 -49 -87 -75 -50 -63 -59 93 -6 -86 14 -69 67 -81 65 75 60 -25 -2 -11 -80 -1 -65 16 -98 40 97 -40 -18 15 73 47 57 81 30 -93 -43 31 82 79 95 -43 -26 88 29 -24 88 64 12 -71 94 -80 -63 31 -12 -72 -5 60 -68 62 77 
8 -2 99 40 73 -98 -52 -93 -70 -18 -9 -96 39 -58 -88 65 -79 -80 59 -20 89 -9 -42 91 38 -9 -64 51 5 81 -2 58 2 -99 49 -11 77 11 76 -10 78 -58 71 97 -99 -90 87 54 -32 89 93 20 -64 42 -22 -99 -36 14 -20 -7 -81 31 53 -90 -11 6 52 22 -21 30 41 85 84 -73 -88 8 -3 22 46 -89 15 42 
-52 12 97 -65 -83 -85 -47 40 3 93 94 -45 -54 50 -27 54 88 -33 -15 -77 -1 -23 8 60 60 39 -56 42 -99 -94 7 -27 -93 -89 -12 -38 38 -47 46 11 80 -34 57 97 -81 11 -30 43 92 -14 -21 -67 -75 -33 -32 -8 49 -40 -62 -23 -14 -87 57 -16 -13 37 71 45 -10 20 20 85 -88 -15 36 -64 -31 -66 -27 -34 -15 -57 
93 -38 53 -25 -64 -14 92 18 48 -10 -57 46 84 97 -7 35 -40 -41 -50 -22 83 -11 76 93 22 -100 28 -68 99 -33 -24 -38 -8 -11 -47 39 7 -86 64 -68 73 8 93 61 4 -86 -90 -70 27 20 -28 74 -63 -15 32 -16 50 38 94 13 -49 0 71 88 -26 -27 -19 -76 1 80 22 -92 -19 78 92 3 48 39 -46 57 67 1 
-45 26 -80 37 86 60 -25 -3 -93 -29 -78 13 -50 78 -12 4 5 -92 53 -98 81 -64 7 -33 21 15 -33 72 -85 -32 -45 -26 -70 -75 100 -17 -39 71 75 -27 25 -52 -50 78 59 51 -91 -12 -32 -64 21 20 77 47 -15 61 -81 80 84 -20 13 77 71 87 65 -5 48 65 27 -50 -10 -59 -6 -45 68 95 -39 69 90 -31 29 53 
84 -42 80 66 -13 1 88 0 -32 48 40 88 -41 55 74 2 30 54 37 -60 48 -73 69 -37 13 45 1 -77 -36 94 -28 45 69 -80 42 20 -99 26 40 92 58 86 72 -57 -45 -13 64 -10 -91 48 -35 40 71 -92 -16 -95 22 -32 40 56 81 -32 -37 -75 -46 -55 6 -58 60 3 35 67 -34 -20 -40 -30 59 -11 78 -87 -77 -47 
-86 61 -40 91 66 -48 -57 88 92 -23 37 45 -35 68 -91 -80 -56 -22 -92 51 -2 -11 -79 53 -9 -9 -93 -10 17 -64 -23 -59 -32 54 32 -15 -98 47 78 59 -13 80 -63 11 -95 29 62 86 -1 88 36 -24 -82 -40 -3 -46 90 80 58 93 -74 -17 54 -9 8 38 -88 97 46 5 88 67 90 -52 62 -48 -4 -16 -55 -25 -85 55 
27 26 45 82 29 22 74 -13 16 13 94 -90 -6 -46 80 -53 43 -83 -16 92 43 -2 81 53 -43 19 -94 -60 -23 -92 -78 91 35 -83 52 -49 19 -29 -43 -37 21 30 70 75 46 -91 35 95 44 -18 -15 44 72 10 -95 -100 31 -78 -49 -31 -74 67 -48 94 81 -14 -42 -23 -79 -1 -36 39 33 25 -49 -24 -75 -65 0 -64 84 76 
15 83 11 -75 -13 68 -29 -75 16 -40 39 -33 -86 52 -82 -49 13 86 26 -24 30 -83 -84 -5 -66 94 -95 -74 37 -87 14 -94 81 19 -47 -29 45 40 74 -82 98 -53 75 77 51 51 75 -39 86 -14 -85 92 65 -83 92 -14 -68 95 -35 -77 80 96 6 78 90 -54 97 -1 41 28 -56 93 47 15 100 -35 50 33 -94 -60 -31 39 
24 98 -39 -30 -83 -91 58 97 -86 -9 4 -60 -48 79 -60 26 91 -54 -80 98 -100 34 16 -94 -79 65 -5 49 -14 -67 45 82 15 -48 7 88 -4 90 -23 -12 -77 -42 82 71 -30 -26 -23 63 -17 77 -63 -22 -41 -14 4 -19 -100 -2 14 -80 -3 44 58 44 65 7 45 66 -83 23 -75 -37 90 54 13 -98 -28 8 27 -26 67 62 
22 22 -38 -32 -85 69 -52 72 -85 96 14 63 93 33 -80 97 90 11 65 -19 -6 15 -97 56 -3 51 36 6 -99 -6 26 -2 -69 59 50 16 68 65 46 -100 -17 3 -58 51 31 -88 49 -72 86 17 -38 78 26 -19 50 41 -73 34 92 -98 25 -25 30 -38 100 -64 -85 -22 -48 -68 55 -76 -51 68 43 64 -56 -62 71 68 -21 -52 
-60 24 -57 -35 -39 -7 -71 4 62 -93 -14 76 29 92 -42 16 -96 37 49 93 -2 70 -72 9 -95 19 -82 -58 -66 -79 -22 77 37 46 -82 -6 52 56 66 -76 69 96 -90 -58 -2 72 14 4 -95 -67 4 -80 79 -95 -71 -43 -27 -90 -30 81 76 27 -26 -15 -36 43 39 62 -37 -92 92 -74 33 40 -94 77 78 33 -97 78 76 -38 
-2 -75 -73 35 27 56 8 76 -6 -79 -38 -25 54 61 -30 14 10 8 82 78 -77 -34 55 -80 89 -49 73 -38 -58 -89 -88 85 77 -55 -70 -11 -33 -74 6 -8 -4 44 79 50 75 -86 58 -85 -97 -22 -33 -34 -41 52 81 -28 12 11 -16 -77 4 -11 -93 43 -67 -30 -66 -99 28 19 58 39 13 44 -55 -47 80 88 53 -58 -54 20 
-88 33 -87 26 -50 -92 -55 15 65 86 1 -36 -46 53 100 81 -58 -63 -88 80 50 -14 -84 35 75 -65 24 84 -76 -12 46 15 7 26 97 -78 32 -65 2 71 46 76 -9 -86 23 1 -71 16 -77 -98 49 -47 77 -58 -46 -98 66 -30 89 36 -39 81 68 97 -73 -76 -31 22 33 -7 6 16 89 20 -19 -63 57 16 -48 55 27 58 
72 -5 -70 -60 23 75 -65 32 60 -47 -49 -54 -8 -56 95 32 -66 -19 -41 84 70 -79 67 19 13 -5 23 -61 -35 78 -53 13 -36 -17 52 74 -20 -74 -65 65 -2 4 -46 -52 -26 75 -2 26 -44 67 91 80 -41 -88 11 -29 93 98 -64 -24 -58 96 -48 -25 81 21 19 -79 -58 54 58 66 20 -32 -59 55 84 7 86 -87 17 12 
-97 20 61 -98 43 10 -93 31 50 99 39 2 -89 28 73 -96 89 82 10 -57 -75 94 13 42 -79 -23 2 71 30 -14 99 71 21 -22 47 -58 19 51 78 33 96 72 -47 -3 -71 65 -97 -71 -77 78 42 -56 -31 -52 -77 -6 -62 99 90 88 -99 43 58 -95 50 81 37 95 -91 -95 -2 -90 63 -13 -56 -15 -10 -48 17 99 83 91 
49 -1 99 -17 -24 -61 -50 13 19 2 73 48 71 61 95 92 -92 3 -5 -50 -25 48 -27 -35 -1 -7 -98 0 -15 -11 -12 4 41 24 -6 78 -43 9 31 4 78 85 23 65 -84 -20 -81 92 7 55 95 -42 -9 14 28 70 7 9 -97 4 72 57 5 -73 38 -8 -41 98 -9 30 7 89 -23 -76 86 26 95 57 75 -20 98 -17 
-42 42 -85 65 -31 -13 42 -4 -34 -94 -33 -100 -43 33 -60 22 -17 65 -27 -85 11 -48 -3 -95 87 -73 -79 19 29 74 -77 -44 -55 -40 -54 -73 63 -81 -13 29 14 76 -9 -79 -5 -36 -40 -83 -33 17 49 -45 75 -53 -75 24 24 5 8 14 -92 74 53 -86 68 81 -44 49 -24 -56 -21 48 88 91 18 -15 56 25 -90 -35 62 -79 
1 -85 90 74 -69 -78 100 -62 -77 16 -47 -26 -17 -8 -89 10 -99 -36 -47 31 -9 38 -74 65 -83 -67 -80 70 -88 -23 64 -17 77 -5 -44 90 -8 34 -19 91 88 32 -29 -45 -17 83 -65 -23 99 -67 -31 88 84 31 -61 66 74 -54 23 -65 -54 -54 -70 -46 26 -63 43 -60 -98 34 18 -81 99 -62 59 100 -54 -57 -61 38 14 -50 
-70 99 -4 -21 55 -85 59 -99 -54 -74 -13 -53 2 94 37 2 -6 -75 28 -50 -55 79 -12 65 -71 -45 72 -2 -43 79 58 -85 -34 100 10 97 -1 3 -5 90 -80 32 -74 99 -15 23 -27 -63 98 80 -52 -7 83 -14 69 50 44 68 -82 -37 -68 45 13 30 -47 -98 42 31 55 16 71 73 19 6 21 67 -48 -72 -95 -88 44 -7 
-99 23 73 87 47 4 -87 58 84 -12 0 14 46 -38 -57 -63 -83 -52 -93 89 36 52 92 28 -5 37 -1 -31 8 -93 -1 -53 -96 -96 -80 -19 37 -57 94 -79 -6 -36 -30 50 16 -76 12 63 28 -50 61 -32 -93 75 -40 15 -97 -23 -87 24 -58 -96 69 -12 27 -53 -84 -54 -7 -80 56 -82 90 -58 4 -2 -32 79 21 -12 -99 -1 
-4 95 65 -99 90 -19 -48 10 -36 99 -100 95 79 15 2 23 10 76 -68 -59 100 99 7 76 -4 59 9 -45 92 -96 -23 -69 -5 60 82 -85 -73 -8 -8 86 86 66 44 80 -59 5 83 -73 -78 9 -21 19 90 -54 6 -28 -49 58 -16 39 -47 94 -67 -23 17 64 16 -10 19 -44 -47 62 47 -25 -2 -60 41 14 -20 69 -45 32 
13 9 -13 -73 -48 13 63 -63 80 -68 45 82 -36 -31 -20 60 -64 -52 -66 79 56 33 -43 41 93 -48 -92 -56 -92 98 88 -36 -34 51 55 -51 -10 39 -10 -44 79 79 39 30 -79 -95 -4 -98 40 79 84 -60 -27 64 58 -61 62 70 -91 3 -46 -89 -76 -28 41 -79 8 -29 -32 53 -64 48 31 -42 -70 17 50 50 19 -31 81 97 
-18 -57 -90 78 -46 56 81 2 73 25 7 58 28 -33 76 51 31 36 -95 87 -76 42 45 -97 37 -45 -18 90 -12 -5 21 -36 -44 83 87 -51 -20 73 20 -42 -14 86 -93 -45 2 74 65 55 49 41 -28 83 -27 52 -15 -68 15 -96 -66 35 -11 33 -56 45 5 76 -15 -58 -45 -36 -13 -61 -20 71 -89 68 -88 38 -97 -78 64 -13 
93 94 -79 -93 -16 -48 98 16 15 17 56 -32 -95 78 98 87 6 18 17 -63 -71 -53 25 49 -72 -5 -46 -90 -38 -72 43 71 -27 49 -48 24 -79 32 35 -76 70 -72 -57 19 28 85 -21 -12 38 72 11 -88 26 35 -26 -4 13 13 58 -40 99 94 -29 -59 -44 83 -29 54 61 86 -90 69 -47 21 47 -19 96 42 -45 -75 -68 51 
-8 -27 -54 81 -35 14 -67 84 -2 18 100 -78 -45 10 -13 -19 71 -23 60 -56 19 -35 34 37 -20 -88 -65 -14 -56 -21 -7 -50 -14 39 -56 -96 -86 -85 52 -30 83 54 51 -12 -51 -20 17 -56 66 -73 -21 72 -44 59 -81 -47 2 67 53 90 -44 -40 -77 86 20 8 19 -99 -22 93 -23 -41 -3 -29 100 -53 73 16 -85 -84 -98 0 
-82 -29 -19 20 -78 -44 -84 -90 5 68 -66 67 -15 93 -95 89 53 20 -50 58 23 46 -18 -97 88 99 51 91 70 -25 92 -91 -39 97 -70 74 -57 78 -44 -8 18 -1 -72 -28 17 8 -61 -20 -67 -40 -22 -86 97 -67 -39 15 78 -24 57 22 90 96 20 -90 -23 40 -34 -19 -55 15 39 93 58 -13 26 -76 -84 31 -34 100 -6 -33 
-84 98 -61 -75 57 -48 99 83 17 33 -42 73 29 29 49 -18 -30 -58 -57 -86 68 -19 34 33 -78 -84 -76 52 52 -29 -20 88 -4 -42 -98 2 -45 65 87 51 -84 -93 -23 -84 28 64 54 73 -34 -43 92 31 -2 47 -39 94 44 -15 -19 29 15 -10 -4 78 -67 -2 65 -22 -93 58 -1 -87 -22 -32 -86 3 -30 30 12 -85 -100 61 
-76 -95 -51 94 47 -96 55 74 30 -84 -20 60 74 -25 8 7 45 -98 -70 -28 19 -16 84 42 98 -46 63 -15 -1 -17 43 -47 -44 -73 82 -94 -1 -60 -19 -39 -55 -100 31 10 -78 18 23 -39 -99 84 -6 -94 -21 51 -34 9 54 -82 -57 -50 -31 -5 -58 -77 31 94 -80 -73 52 89 6 -23 -45 38 -13 -25 -5 78 89 -45 -71 1 
-89 -53 34 -62 -95 81 3 36 -56 53 96 -33 -35 -98 -74 22 43 -91 -40 61 87 -83 -6 94 29 -90 45 -58 90 3 95 -38 -43 52 100 20 86 18 90 98 -93 21 -30 -19 79 18 -83 -46 -37 -26 67 -88 -10 46 40 87 -97 -78 39 -34 -30 -70 8 -24 47 42 -12 59 -97 27 -77 91 -47 -100 24 20 64 -25 -67 -39 37 -96 
34 9 -46 -89 42 -65 -31 76 -30 -42 -92 25 0 78 -57 -3 9 99 51 -16 -44 93 49 -80 -53 -78 -64 35 -68 98 -50 -62 -44 94 -28 32 78 -38 25 -79 75 3 -41 82 -77 77 71 5 76 -27 -14 59 -32 98 -86 32 -57 -91 -12 35 -85 38 -16 -13 -75 -94 -13 52 0 92 82 -93 90 5 29 -89 -88 45 -93 12 68 -74 
-64 -2 44 42 51 46 -79 -22 -17 -64 -40 35 74 24 30 -49 21 -24 -31 -38 -86 -1 75 25 -74 31 -81 87 84 -61 46 49 83 -84 -1 10 91 -5 -22 -86 -15 75 42 -50 -23 83 -29 63 64 61 14 -16 5 85 28 -10 -7 33 5 49 -85 -9 37 -30 35 -52 -49 44 -29 94 -78 -31 -20 38 28 52 -52 30 -59 77 -3 -63 
-61 57 72 -51 50 -10 54 27 -88 -97 87 79 -38 -80 83 52 -99 -71 93 21 -25 -30 37 97 -97 -10 17 -99 -68 45 22 50 -94 30 -66 -75 -84 49 10 -37 86 -16 67 90 -68 3 -66 28 95 40 -70 55 28 79 -45 58 -73 -7 21 -42 7 -90 -73 19 -90 80 15 11 98 36 92 26 29 -19 -17 73 44 -26 93 41 91 2 
100 -75 16 -62 -92 22 -37 85 1 -45 41 20 57 17 -65 81 -18 71 -75 3 -99 59 12 0 74 -35 37 -4 -48 53 81 70 -87 -27 5 -28 78 70 94 -80 -58 -65 88 97 -75 23 -3 -19 -79 51 19 52 -20 -30 54 -72 -55 38 -45 -7 -50 60 53 -27 -55 72 95 22 15 99 -35 -96 -21 83 -92 56 26 -7 -32 -15 -44 24 
54 -8 -99 -48 19 61 11 -16 -26 -27 83 -6 98 76 89 11 -26 -20 62 -21 53 -83 52 46 28 30 36 -47 -50 -63 -63 -94 39 14 39 95 -16 33 36 -81 68 20 63 -28 23 54 -86 45 61 -38 -8 81 17 -71 -81 -13 -100 -67 -80 -39 12 -92 -57 2 -64 -37 -78 57 -38 -83 -35 -14 -97 -21 12 68 -41 -67 32 -63 28 -13 
-87 0 -74 -30 -73 80 61 35 31 41 33 -15 -8 56 45 -73 -42 83 -92 82 -50 62 -74 31 88 26 -87 -47 97 -9 -29 -70 -14 68 -79 36 -14 -5 74 25 -100 -66 63 15 11 5 15 -27 -64 30 -27 94 65 71 -85 54 88 -2 -30 -18 67 -34 14 93 56 -45 0 -97 96 37 -73 92 -69 -72 37 5 -70 81 39 -58 -89 40 
90 -43 -34 52 -66 20 -53 -28 0 -84 -38 22 -47 -56 5 56 -68 -66 -66 64 73 -68 -63 -4 -43 66 -32 97 67 -45 -37 61 19 83 -48 -67 50 -18 -91 -21 49 -23 20 68 87 78 60 -21 -41 -19 -99 55 -47 84 74 -84 -22 76 55 -43 97 69 -72 -70 -39 -60 -44 12 49 -3 -9 -66 89 37 98 22 -12 92 79 -49 -36 -67 
-38 16 -10 85 -27 -97 5 -25 89 -60 98 -57 -77 54 -63 -46 -65 -22 20 -9 21 10 11 -99 -66 -14 12 84 36 44 29 21 -1 -14 94 -95 -39 -80 50 -11 -67 -98 -55 -36 -73 -21 -13 -26 -36 -85 36 51 -24 49 72 67 97 -73 45 18 -62 50 18 -48 76 74 -58 9 -59 51 -91 -20 1 -41 -49 -32 -93 -61 -72 34 45 80 
-49 20 -70 92 25 -15 95 23 90 8 42 -61 -65 15 -56 -52 -66 32 56 -51 33 77 -32 -16 49 80 63 77 -62 -55 95 60 95 16 62 -87 -83 -99 23 -84 39 -77 -3 -31 -28 6 73 -37 53 100 -98 -47 -78 -71 36 46 -26 53 -50 89 50 30 98 -84 35 50 75 73 18 -52 72 -70 -10 -91 -50 16 -29 75 60 31 11 -99 
97 -70 -74 99 -29 45 -93 -31 37 -93 -81 -77 15 3 87 17 -36 -48 -44 -29 -72 4 -56 -70 -40 10 31 49 80 -20 54 -90 33 30 -49 -29 -63 48 -50 36 26 -6 -54 -15 -15 64 -11 95 -89 -70 -99 -3 -26 70 -1 27 -16 99 -71 -26 55 -83 40 -92 -71 17 -66 97 -38 -68 23 8 19 -19 27 -85 -34 14 31 -91 -30 -12 
-9 -55 -60 -37 22 -49 -73 12 -14 83 -91 17 -60 6 39 -85 -25 18 91 -43 -8 -58 -53 -38 -85 36 -32 0 -12 -44 69 45 -91 82 -41 -73 -75 -91 -95 -49 -54 -30 10 -31 57 16 -11 -62 72 59 -26 -44 70 82 -17 -13 -99 30 -10 -67 -85 44 71 83 62 -99 -42 -57 62 -17 -24 -66 47 21 26 -98 -47 -26 -23 18 83 -87 
-45 -39 -4 78 -17 -86 -42 -66 31 -80 -51 39 -51 -5 96 25 15 -97 -74 61 -23 -88 -90 -29 -21 69 -78 -32 7 -23 28 94 -30 38 -65 81 -98 52 3 7 -83 99 -37 88 -97 32 76 -45 -44 -85 84 51 -56 -56 74 -22 -78 52 -95 -97 -68 -99 -31 18 66 61 65 -71 39 -89 -23 -67 52 25 35 33 11 63 -54 -44 51 -50 
42 -5 -74 91 -68 29 97 34 43 82 75 2 91 -28 73 -8 -81 -94 -41 11 -6 12 71 79 -85 62 -94 86 -97 50 -89 -84 -45 -78 -66 -82 -68 6 67 -63 87 -79 -82 78 -9 53 -5 -47 35 -66 95 -74 97 34 86 -47 -35 51 -49 6 -97 -86 95 82 -15 -48 33 23 -27 -11 49 82 -57 33 -82 16 39 -18 61 56 -7 -3 
-31 -53 -9 84 75 75 -20 38 -15 -34 -20 -33 -14 17 18 34 72 8 5 58 1 -91 73 -7 -15 53 88 61 30 -33 71 -49 -93 90 -62 -8 60 -2 97 -61 55 86 -49 -100 63 -7 8 86 -36 -9 92 0 -36 -30 -34 19 -10 12 -3 -13 -28 -61 80 59 -37 -58 70 4 -14 -15 35 100 92 9 28 40 72 96 -73 75 -15 -39 
15 1 -88 91 -56 -9 -13 -99 -32 -29 -99 22 23 -42 83 -56 14 48 -18 -34 -39 88 -47 -89 -34 -40 88 -57 23 -53 40 11 -51 96 -43 88 71 -21 -33 1 -58 -43 -78 36 37 -87 -13 -70 42 -74 79 23 -49 66 21 -38 -21 84 -51 -23 -43 -10 40 -80 -82 -98 -91 76 -68 15 -33 -59 -97 -8 92 -62 95 49 46 -38 80 3 
56 63 -85 13 54 -2 -73 -32 56 50 33 -100 48 72 83 -26 -9 -36 52 72 70 -61 -8 59 88 42 -93 -42 10 -72 37 14 96 -42 76 74 11 50 -21 41 10 35 -36 89 -60 64 2 -28 65 49 -95 -16 -96 -80 86 48 -7 -26 -26 -47 89 -76 51 -78 67 35 -95 50 -80 35 94 -79 -91 -8 -69 -66 -75 -51 -19 59 -51 45 
-29 -23 38 -67 33 52 -5 98 36 37 -56 16 51 99 -86 16 -28 80 15 46 -19 -16 -10 100 -81 -77 -59 29 -5 -81 -83 9 -11 38 -31 -25 51 -9 83 -38 28 -39 -81 63 -68 43 -73 -27 -7 -95 -76 -37 83 -40 16 38 9 -4 2 -79 36 1 20 67 -53 47 15 92 82 -38 29 78 -63 70 -15 -10 7 -61 20 84 36 21 
26 -40 72 -66 -31 43 -9 -27 -25 -68 0 23 -57 -39 -17 99 -6 -6 61 74 59 -37 55 65 29 -34 9 -5 -68 85 46 -26 -94 -73 -19 33 -9 -83 -21 36 -41 4 -57 12 48 -87 60 31 6 51 94 1 52 -41 88 9 54 -77 28 10 97 -56 58 35 76 -56 -52 42 -78 58 -46 95 40 -38 25 -91 -18 -34 -48 49 60 96 
-2 29 40 33 -92 -40 71 45 48 40 -72 22 37 72 100 73 96 -63 -10 77 -93 -93 -3 -5 75 99 -60 -81 -82 -45 91 -91 -55 -90 -70 -63 75 -62 7 -15 -32 -68 -74 -97 9 98 31 -55 62 -22 -2 14 -95 85 95 80 40 54 79 -90 -79 21 87 20 78 68 -71 5 -24 -85 51 -39 -32 12 100 73 -90 21 -37 72 34 19 
13 -24 64 -56 65 84 10 14 92 90 91 -82 47 75 20 -90 -16 -86 -93 -51 -88 80 -84 84 -98 -53 38 69 -79 41 22 90 -50 20 -62 -45 28 30 -19 -71 -63 79 -14 94 98 -19 65 88 -64 -24 -29 43 80 -74 -33 -65 -95 -32 8 -40 -13 50 -13 82 -34 -35 27 -16 59 -81 81 -28 -80 -15 -5 -1 94 73 -40 -34 -64 -3 
45 28 81 48 -49 12 -42 47 -26 -43 60 18 65 -84 34 -51 85 70 82 74 -10 31 -63 -5 39 -37 81 85 10 -60 -84 15 -8 97 92 -52 -90 -11 99 54 -46 -39 -54 32 33 -39 -59 -86 -43 14 24 44 79 18 -36 -30 6 -74 90 67 86 15 -66 56 -71 -5 -39 -79 -84 65 53 37 -97 -9 -9 -73 -15 26 -87 79 19 -7 
-13 -26 88 -45 -34 -23 51 13 84 -100 -55 -80 -83 -26 -12 -32 19 -48 91 -51 -18 14 -87 54 30 99 -58 14 -95 56 -16 80 78 91 -30 74 -7 -81 18 -88 -100 -52 67 55 -69 -51 38 68 -94 -98 5 81 72 -49 97 -100 94 -54 26 -1 -16 -61 -78 -48 15 97 84 96 6 50 -76 -45 -2 12 -10 -44 96 -26 44 -44 -63 -38 
88 30 55 -31 0 -28 25 4 60 -89 -94 -5 98 0 38 -63 87 -70 -70 -11 -21 95 77 -73 17 48 78 -45 -4 33 -11 44 -96 -61 -6 23 -46 -77 -1 53 38 91 -43 27 11 15 -9 75 38 -52 -8 -28 -49 -18 24 61 -74 -81 34 93 -31 -5 -85 88 51 -4 44 -72 -96 5 -37 9 81 -96 -69 81 63 -54 17 30 60 -31 
88 1 81 -52 36 -55 94 31 26 -75 -100 81 -60 54 62 35 -86 -55 -82 58 -29 -90 94 42 -42 -16 -23 -78 -31 -13 -65 33 -23 79 35 -71 -59 18 -72 98 35 16 57 41 31 35 90 -65 -79 11 35 -33 88 -80 63 0 90 -70 -12 42 82 -36 -66 -20 15 -60 -39 -100 -28 97 -89 100 52 -63 -92 -53 95 -47 -99 -54 86 94 
90 40 -54 -25 -32 -84 -73 83 42 -9 -32 96 23 20 -91 -72 80 52 86 60 -91 -75 -32 -42 -48 -72 53 -79 30 95 18 76 69 77 70 -96 25 41 -97 -19 9 -86 -82 -69 38 3 -40 59 -74 -31 -82 63 24 -61 86 -25 -14 81 100 49 12 -67 -88 -82 -42 28 -57 100 -65 41 -47 -75 -32 75 -75 98 12 82 -22 76 -64 14 
4 9 82 -68 -18 93 -67 -19 28 3 -27 22 60 -90 11 95 -48 49 31 -91 5 -3 89 12 66 76 57 -21 40 -97 -25 2 21 59 -92 -64 -1 -42 20 55 -60 -30 95 90 77 38 55 -48 25 -85 -82 5 45 65 95 -61 -44 -10 -60 93 64 -59 -37 87 -97 40 -72 -54 77 87 3 -54 -65 20 -18 -66 -41 42 -23 -18 -60 -54 
-30 88 -94 35 74 -61 -40 -84 36 -41 79 95 -56 -13 31 45 70 84 -32 93 -5 -92 -30 18 -80 -43 -100 -98 52 -79 -67 66 62 -62 -14 22 69 -1 30 -54 52 52 -42 5 -49 -32 -22 38 -69 -78 95 -38 99 81 -46 0 -29 83 -76 -97 -69 -33 72 93 61 82 -73 26 66 47 41 -74 -14 -65 -98 -27 -88 74 54 43 57 -86 
-63 31 30 -59 -88 -72 -93 -44 94 73 90 -99 29 58 -41 83 -10 -24 -94 19 10 -48 -24 -86 -62 -39 -42 -47 -62 37 24 -83 -84 6 -44 53 40 76 4 40 80 64 -68 -78 -19 -64 -93 55 -18 -75 9 -12 -83 84 50 -24 -96 -39 15 0 -84 29 -13 86 -98 42 -75 71 17 -12 51 26 -98 100 52 -55 -5 76 -53 88 75 20 
4 -80 50 -86 37 -65 67 29 -95 76 -41 1 44 -7 -26 55 -3 -91 -83 -86 -30 -100 96 68 53 -42 43 -51 -70 33 84 17 33 89 -46 -27 84 -76 -37 82 -23 -4 45 23 -61 87 -99 1 -20 -94 82 29 -28 79 -28 -25 70 47 59 -49 -92 -84 -11 -80 65 -35 11 17 64 76 -15 -22 94 59 87 34 9 69 78 34 -85 -47 
-21 11 -97 -65 -66 48 -45 -74 -31 -39 44 59 -91 -72 15 -74 66 -39 6 64 30 -58 -98 82 -54 -49 53 -100 -77 83 -87 30 89 -28 -69 64 23 -1 71 -4 18 59 -57 -87 71 91 44 35 -16 -98 -36 74 39 -74 20 79 -43 -60 97 45 48 -41 -12 -13 60 92 -70 69 -91 -62 29 39 -84 -98 16 70 -21 -78 0 -25 66 77 
1 93 74 -71 -68 -54 -78 19 -8 78 74 -75 -99 -53 -99 -9 -4 -3 -62 50 4 -45 -67 60 49 31 -8 -14 48 -17 -74 -90 66 22 -95 37 70 92 -15 61 43 36 20 -95 -57 57 -46 -70 -81 -93 -99 -43 -9 -59 -87 -45 20 36 -59 32 86 -89 -7 -43 -63 -88 -50 23 -96 73 22 94 28 -17 -94 -50 31 93 76 -18 -20 -44 
69 -83 74 -56 -64 -34 10 78 -56 48 -50 100 67 -22 13 69 -70 82 -41 22 -48 1 99 17 3 89 -10 77 70 30 52 -5 95 -54 54 -86 -2 -70 -85 55 82 -27 16 -20 44 6 -47 79 -87 9 -6 88 -24 52 73 -60 -85 99 -44 -48 -72 53 -65 -23 -9 62 31 -12 -7 66 56 18 60 71 23 -69 -37 5 -67 -33 -13 72 
53 11 72 97 -99 78 4 1 -89 -47 68 -84 96 18 18 -70 98 19 -38 93 31 -88 34 -37 99 -23 7 13 99 -38 60 72 -6 67 83 40 -16 1 94 29 -70 -2 74 -81 71 -76 -11 -85 33 29 38 -88 -23 45 67 -23 21 -77 30 81 65 100 43 99 78 -13 -96 -27 -92 51 68 70 -26 73 -11 39 -1 77 54 84 -40 18 
15 -44 66 63 -43 2 66 46 83 89 -9 -23 71 -17 79 -95 -88 -58 -69 -80 50 27 -63 35 -30 22 14 -80 -62 13 -89 -6 -88 -28 -42 -45 43 7 42 -84 77 71 37 57 86 32 -33 -66 44 73 43 -64 -27 19 -58 10 -23 40 -4 -28 -41 10 -59 55 58 -58 99 60 29 68 18 -23 40 56 89 -36 -25 -35 65 -98 17 23 
-81 47 -65 -20 43 -92 -18 -12 6 82 -93 77 -41 91 72 -12 68 46 92 65 -64 57 -94 70 -73 84 16 89 -43 -64 60 51 55 -44 -4 -45 -37 -12 70 36 69 -97 -4 -13 13 95 18 98 -34 5 -2 24 15 -69 -94 10 -83 99 23 61 -55 0 63 14 -17 -76 -4 8 -91 78 98 80 -8 -71 76 15 -76 95 3 -48 -85 -34 
-82 89 -13 27 -19 20 -25 -66 -46 -95 -55 -25 9 -78 85 5 86 -96 58 -41 3 55 30 78 -75 -80 -54 -70 -52 72 -8 65 94 36 36 20 -93 -7 71 -5 -29 14 -22 -51 -84 81 -18 55 18 68 -83 -1 -82 86 -14 -52 -48 37 -88 -84 -96 -1 70 39 38 -30 -98 27 -57 -20 -97 44 -46 86 64 47 -44 -18 58 -75 -2 15 
-24 -56 -70 49 62 81 -32 64 -47 -55 90 -33 -4 37 -91 59 53 45 -74 19 12 -62 -23 -29 45 -79 -54 92 -25 -71 3 5 7 71 53 32 40 73 22 -30 -37 -27 -24 51 -14 38 -81 49 -86 26 6 -30 -92 -45 -18 97 69 86 4 -19 -31 -61 -100 26 -80 -65 43 52 -81 13 -80 45 -66 49 -7 -7 -55 93 -7 27 66 9 
-30 76 45 -81 -36 38 -91 -51 -63 -47 -12 -37 -55 36 -27 -57 76 -90 -70 -30 -59 57 -18 24 79 81 54 29 -27 57 0 -21 -97 20 60 -30 61 34 35 55 40 18 -50 96 26 99 -79 -39 -33 69 51 89 40 -35 97 11 -45 82 -13 -78 -7 -88 -6 -16 -49 -74 98 -14 43 -53 61 -87 20 7 -91 100 -22 25 -19 -56 4 -91 
-94 0 3 -56 83 -83 -54 -62 97 31 -80 -64 51 -59 2 87 -35 100 72 4 17 44 44 -58 85 -77 -43 53 -17 -34 18 61 -29 40 -62 100 26 -25 -30 72 79 49 -20 -4 -59 37 35 -13 64 -93 -55 -3 91 6 5 39 -59 28 -74 87 -11 57 -23 -86 99 -73 64 2 -4 -97 -28 -62 45 27 -1 -86 75 16 -21 76 -53 36 
72 -93 76 -11 11 -83 -55 -89 -96 24 -8 47 -89 53 -45 -53 -63 67 -73 17 87 53 92 0 -27 -2 -84 -22 -59 6 63 45 -76 -6 -41 49 -9 49 -37 2 -25 45 38 -82 -42 70 -10 -48 31 95 -60 -94 93 -41 64 48 -33 91 38 48 3 37 76 85 -26 47 -91 93 32 -96 38 82 -90 -20 81 10 -56 51 44 17 43 -90 
-71 78 86 -80 -81 47 78 -26 12 -35 -82 6 -43 46 62 -37 -45 -78 -76 -9 -41 -62 -47 3 -100 -68 -63 0 5 -48 64 17 5 -92 3 -44 -6 65 80 40 -13 38 95 -40 74 -92 -63 88 8 66 -60 46 -41 94 -38 -54 14 34 35 -29 7 -18 -27 -9 43 -44 14 -4 56 49 89 -32 -90 -28 71 -51 -67 -10 -6 -81 -70 -32 
-74 14 -93 -87 74 85 43 84 -37 99 -44 -70 89 97 94 99 -36 -14 13 -57 -37 21 78 16 -21 -58 81 33 -28 40 55 28 -30 26 21 46 13 4 -72 -3 27 34 23 -88 -46 -8 43 -37 -18 8 24 -83 8 90 35 -30 3 1 100 4 -1 0 87 -62 -65 -76 84 -19 -62 78 50 -20 68 -75 50 -60 23 53 34 -63 40 97 
-54 62 -25 60 58 -22 19 -85 73 18 -94 42 -39 22 25 80 -70 -100 -29 -64 40 20 58 -87 21 86 80 89 -50 -66 -71 32 -14 -6 -81 -64 -75 -80 -70 66 -61 -14 -64 -88 -65 -78 -44 58 -73 -56 -39 -7 61 -8 70 -36 -38 6 14 73 46 23 -13 -79 1 -8 49 81 28 41 47 -69 59 85 64 -80 -58 -61 64 76 36 66 
-53 -48 14 -85 -70 -87 87 72 77 24 -7 17 43 -46 45 -72 -21 99 -79 82 44 83 -18 -55 66 -11 12 -26 -77 -88 -88 -98 43 91 23 -32 -66 -97 -74 18 91 96 -23 33 10 -50 -40 38 -73 61 -95 -4 -81 -32 74 17 -93 98 71 10 94 -95 89 92 -80 -41 -6 57 -91 37 72 -67 43 -91 -90 -46 -1 34 23 83 -80 -93 
-90 -26 -9 -17 87 51 -83 -35 55 10 83 98 44 46 19 63 0 0 39 -35 -75 -65 80 64 -8 -84 -22 47 85 -2 -63 43 0 42 -23 39 -4 61 42 -24 88 0 -70 -16 60 -24 58 -42 -54 54 75 -62 29 80 -13 -76 -65 94 -96 87 -99 -8 -34 61 -65 -32 -75 59 83 45 27 5 -53 -35 -26 93 59 75 -37 83 -100 11 
-83 -43 54 2 -26 87 40 11 5 -60 -18 -24 42 62 5 64 -28 -27 -79 48 -18 -28 23 82 18 -79 -73 -59 -95 -53 -84 -9 85 -30 4 -54 -13 86 -67 55 -83 31 62 -61 7 -99 -35 -81 -43 -1 79 20 -18 -47 75 -86 40 -35 35 25 -96 14 63 -49 -2 33 43 76 -21 -90 63 63 43 25 90 65 -5 81 -50 91 -46 6 
3 26 -19 72 84 3 -91 44 -80 9 -65 -12 -53 87 -45 5 81 74 -88 79 -1 56 11 -9 3 87 42 -85 84 -70 24 -19 84 52 -66 92 -59 -96 -66 64 -72 -43 -39 85 -97 -94 -81 -85 39 19 62 8 -12 59 -62 -29 -88 37 -32 -56 69 -46 -29 25 49 54 -29 45 -1 -19 -83 41 -75 -96 -40 -19 61 -100 51 14 -40 -93 
53 51 75 57 67 -36 16 32 -67 33 -20 16 74 34 35 58 74 10 45 -54 -99 6 3 -39 31 -29 -15 -79 -52 84 60 50 59 78 -32 33 95 53 34 2 -74 42 -24 -89 -19 88 -11 -44 18 23 37 1 -83 14 12 9 1 15 1 -33 -12 -94 -23 -42 -83 66 -74 12 -28 -42 -33 64 16 6 15 -14 60 -48 -54 -48 60 42 
74 -22 17 -8 90 65 50 96 85 79 19 71 49 64 -38 -48 91 -32 6 -67 -71 -27 -66 30 54 84 29 99 96 -54 89 39 -30 31 20 44 12 32 86 -39 -61 -67 -96 41 50 23 85 74 -19 41 -23 -70 -1 88 -71 -16 -14 -11 -59 84 63 -74 75 5 11 -21 37 -20 -54 -32 -46 -65 36 3 26 -28 -2 -95 99 80 -53 25 
-99 64 98 48 -46 74 -37 9 87 47 29 -99 -68 -74 -31 -3 -45 69 -81 -55 -14 100 -55 -88 30 -66 -72 21 83 -64 -73 -45 73 -57 91 65 60 -90 -35 14 59 22 -21 -66 -21 -81 100 58 62 -89 90 -73 -79 -49 -23 -87 -66 76 84 -33 -64 1 -34 25 -7 1 -95 -54 -71 -51 0 -1 96 9 -21 66 -85 -8 96 -26 17 -75 
43 30 39 -61 -34 49 33 0 16 -62 -90 29 -67 -1 27 39 83 -94 -16 83 -4 -35 -86 67 76 -56 -61 -31 -28 42 68 -84 -19 -41 3 15 13 -2 -95 -10 -35 -65 46 -41 -91 51 2 77 -60 75 -44 3 31 -83 37 -38 37 99 35 -66 63 -17 70 1 35 -21 15 -85 20 47 -26 -17 -7 -7 92 37 69 5 81 -88 17 -61 
-56 -84 1 37 -40 43 -93 3 6 -10 -57 39 90 20 80 -95 86 62 39 -2 -24 -52 43 12 78 3 -23 52 81 38 -19 86 39 -20 -23 -84 -46 62 13 49 -75 -11 -87 -90 -29 -99 17 -23 10 41 54 8 20 -82 -90 51 -25 79 45 62 -40 -88 28 -76 21 33 -97 13 15 -19 -34 56 22 -31 65 56 -21 -36 59 -91 -39 0 
-19 -47 12 -83 83 -63 -50 65 32 25 -40 -3 76 60 -7 10 -26 -67 -59 -23 -68 85 -54 30 1 -72 7 76 31 25 -59 24 -41 -14 71 98 95 67 -40 -65 69 -8 -48 44 -39 1 -27 -3 -86 17 -78 69 46 93 -28 97 -6 -22 -86 -59 81 56 -100 81 -55 12 59 21 100 -12 49 98 -73 42 53 -6 85 54 23 -89 32 -41 
91 0 -71 39 -82 -17 -9 88 30 -43 -3 -11 -91 95 8 -45 53 49 10 26 -26 44 -46 96 -12 -12 96 77 41 -68 25 84 -60 2 26 91 -86 -8 -82 22 78 -59 89 -28 3 -13 28 2 25 77 -46 78 -57 23 5 56 72 72 88 -2 -4 -96 64 -95 -40 -49 -34 -36 31 -44 20 -33 24 23 -19 13 77 1 -9 82 72 29 
94 8 -79 -99 98 -99 93 -68 79 98 -38 -64 -29 91 81 -91 66 82 -40 34 -48 83 -3 -35 58 45 1 32 -59 -34 6 -6 67 69 60 -5 54 54 -93 -87 -100 -84 -49 82 30 100 -58 62 -99 -96 -94 27 68 -62 -26 -50 82 32 48 57 26 18 -70 -24 -60 8 88 -14 71 -11 98 -84 -74 -86 99 61 48 -3 18 -16 11 -72 
76 -39 -59 14 46 -10 -42 -57 26 13 -99 5 -62 84 -65 59 -27 20 -23 -15 76 41 -46 60 96 55 -13 27 60 -90 85 -28 -20 -7 98 91 96 -99 -75 61 -74 15 78 55 51 32 60 -29 -40 32 -83 61 -88 -62 34 -26 -25 -91 53 -94 58 29 67 -91 39 76 -74 -48 -44 60 -13 11 -60 41 79 89 9 -15 -28 -35 -95 100 
-74 -5 -36 79 41 -3 37 98 5 98 60 -24 -95 49 -57 95 50 72 83 -39 75 86 -29 -60 -13 -63 22 16 93 38 10 80 72 -59 62 20 1 -34 36 95 24 -19 -34 -36 -30 69 17 70 75 -34 -50 76 53 20 81 -79 58 -19 -29 -2 53 -18 39 -76 -2 -27 -93 32 66 -84 -93 14 96 70 -72 -98 5 36 -5 32 4 -15 
68 -58 48 77 -28 -46 -35 90 -50 -81 89 60 -12 -75 82 77 -66 42 71 35 -45 -95 -96 22 -82 50 48 -17 96 54 -76 64 24 63 -71 -19 13 -45 66 -32 -65 -67 74 95 -56 -12 -62 66 15 -82 -34 -53 69 -38 51 38 -35 -30 -99 -73 -91 63 55 60 -11 97 55 -43 -60 -62 -100 -40 -75 -86 -53 14 34 42 98 3 44 86 
-29 3 -33 -59 14 14 50 -87 10 36 -18 -94 -18 -40 3 38 -77 23 55 -54 -43 58 66 24 -23 -40 19 14 17 -7 62 -28 -7 -59 -87 95 100 79 -77 -6 32 -60 16 1 -56 -80 74 51 92 85 -47 -49 -75 19 -1 15 -77 46 -62 59 77 -24 3 41 85 10 56 6 -70 -18 80 -98 29 -100 65 -69 100 -86 -45 -7 -3 -17 
97 26 64 40 -63 48 -66 -56 -15 -12 -94 -6 -7 5 -96 61 93 -46 -81 -31 -43 66 48 -91 93 -67 11 -71 -64 -61 48 -53 -32 54 -100 79 -26 58 -58 -41 84 -95 94 -88 60 -77 -31 55 60 -35 -12 9 40 87 15 -51 34 -71 96 -33 67 -6 62 55 -93 -12 -42 -98 58 -36 93 81 -43 -93 -22 -85 -55 33 16 -14 96 95 
-85 -95 37 26 81 -57 64 96 52 88 35 12 -20 -73 49 -42 55 67 -90 -2 -23 31 36 68 21 46 -57 -43 94 -84 -70 63 87 16 -82 29 -34 -42 -83 82 -99 -93 -16 -58 78 8 -71 -16 78 -76 -44 63 -62 34 -34 98 12 -22 23 -41 -27 35 97 -49 -37 96 73 85 70 44 -27 64 98 98 90 -1 95 14 99 23 43 70 
93 63 -8 -68 0 -100 -90 -62 81 -85 -62 20 -33 60 64 -94 -31 -27 -79 -13 -18 -54 64 84 -37 92 -32 64 -98 36 -37 -88 26 -79 67 -24 -54 33 -36 -52 -10 32 33 87 17 30 58 -47 -99 -87 96 -61 -38 3 -9 41 -80 -12 -10 -58 -36 78 -35 84 -100 14 99 -90 -8 68 -44 19 65 33 5 77 6 -79 -23 -77 78 -16 
29 -84 40 -86 -87 44 34 -13 -100 -69 93 -40 -43 -31 -15 -65 16 32 89 -29 50 23 -21 48 0 -16 -8 9 34 -86 91 48 35 75 7 -61 94 -85 -62 -84 72 -66 92 -55 48 -18 -42 36 -36 92 19 -25 -54 15 -4 -83 -57 32 16 -71 -45 -37 -7 5 -17 -53 72 37 -7 -76 -71 -43 72 63 37 100 17 -93 1 48 19 -21 
-94 60 91 -22 5 87 -62 29 -93 -48 -13 60 47 47 -79 22 -73 29 -57 -14 58 73 17 -37 -91 -13 -66 -11 -66 -80 98 -63 -24 -65 47 67 74 86 38 27 72 49 -49 -37 -76 33 -36 16 66 52 2 61 72 29 -89 -33 -53 22 88 88 73 1 -92 17 -96 -10 70 -19 47 -10 -63 -93 46 35 -26 -46 -7 26 21 48 3 4 
-26 2 60 -86 -37 20 56 -44 -4 -24 8 75 -60 -85 -95 78 -9 -65 67 8 -99 -77 79 62 71 -11 44 99 97 65 61 34 48 8 -73 98 -51 88 29 -68 -7 -36 -23 -3 -6 43 -77 76 -46 59 90 67 42 -35 -57 82 55 42 -93 -7 73 99 -50 -28 -93 -82 86 -58 1 -54 -15 -86 -4 58 -54 89 -87 88 -92 -67 -26 -63 
78 -89 -57 87 12 11 99 -6 10 -90 69 -12 -39 -47 -87 -31 70 7 89 90 13 42 -66 -6 31 -29 -6 -55 41 39 -24 -10 -72 4 -58 52 65 -82 -34 -87 -80 48 -14 87 -36 -17 49 38 -78 -53 32 -19 28 8 25 64 -55 -36 44 5 39 78 -76 86 -65 48 -59 90 69 8 2 37 -8 64 17 23 7 96 91 -3 -97 -96 
0 66 48 7 1 60 -36 -23 -68 54 80 9 -73 -53 88 -7 36 76 -67 83 -55 30 32 -51 -45 -45 76 -96 97 11 -34 -94 93 73 15 15 -60 -39 -14 59 84 -28 37 36 77 44 94 -21 -74 -81 36 100 39 -89 -76 64 64 22 -92 97 67 -57 -91 93 17 45 4 27 -4 99 49 -62 3 61 39 -14 -81 63 0 -37 -61 -27 
-21 4 24 5 -18 91 -13 44 65 13 -34 -50 45 -96 36 -58 14 42 -76 48 -54 -15 8 11 -56 48 -39 90 -64 -30 -16 53 15 -45 -74 -57 52 -47 81 71 98 86 32 88 -58 5 -90 77 -4 -1 23 57 51 -98 37 95 -18 -90 -48 -53 98 39 -30 -66 -52 -62 77 61 -59 -8 -15 -29 40 97 -22 -44 42 59 -24 24 28 99 
4 -45 34 87 15 -47 -81 -45 4 -49 -93 41 -37 46 13 7 77 -61 -94 12 -93 29 -65 100 -53 62 -6 -9 56 -37 9 97 89 92 -59 -76 43 -38 36 -94 45 -22 20 95 -58 -99 -77 -81 -59 -64 61 44 4 -23 33 68 54 -94 55 11 50 -97 10 19 -70 60 -79 10 95 -64 74 -14 44 93 46 92 54 -73 97 8 46 15 
-63 -87 -22 -17 35 48 72 50 76 12 29 -82 45 -98 -39 -5 -39 -57 47 57 4 -75 -65 45 28 -16 -82 -29 57 -73 -7 64 35 30 61 81 50 42 25 4 -59 82 88 35 89 58 21 67 -43 -51 56 -42 12 70 -44 -30 -18 -22 -78 -86 4 3 90 17 53 43 -29 -97 -51 -51 -94 94 51 48 -93 77 -74 -94 -1 -68 -37 36 
-87 -32 96 61 84 -87 -63 -71 -73 -40 19 -96 -63 5 -26 0 59 2 88 30 -38 48 -2 -70 -9 5 48 -58 -30 98 -79 -95 -33 58 42 -4 -59 -48 50 10 -93 32 78 -91 37 -30 78 -15 66 -73 -34 81 99 -37 -58 25 -66 22 -85 -85 36 -18 7 77 57 62 11 -79 97 -52 -42 -34 48 39 5 3 -40 -98 97 57 -70 -61 
-84 -64 5 -100 -12 94 -63 -82 -16 -9 -88 91 -34 47 -87 -8 -5 -49 80 44 -38 4 36 -96 46 -87 25 87 22 -36 -92 39 72 80 -95 -60 94 -6 -55 30 96 27 29 46 17 -39 -67 -76 44 -31 3 -7 -100 -39 0 -79 -92 31 97 -63 -72 13 34 17 17 -73 -85 84 -59 15 -70 94 17 -12 9 -32 45 -10 8 38 7 -41 
92 32 45 6 -55 53 87 23 -7 79 65 -93 97 27 -30 -29 81 60 -55 34 7 13 -89 14 -24 75 55 92 -65 65 -5 67 10 78 -7 31 -3 23 -47 18 -41 61 -40 0 -84 88 -11 4 32 -75 60 -46 78 70 57 31 37 68 -26 -3 -24 51 12 89 15 -14 -65 67 71 53 -18 44 -4 40 44 -91 -77 -58 -30 96 -91 -28 
-73 -46 73 45 31 -30 -14 -50 -94 27 54 27 -52 91 -52 -30 -88 -13 -33 26 -61 -12 22 75 81 -2 -7 -94 15 -2 -99 -74 87 5 69 33 -47 78 -54 76 95 -24 -58 -13 3 -84 97 -69 47 93 -8 -88 53 -96 73 94 68 -81 -16 -24 -15 62 66 59 -42 -79 -54 -74 -97 26 -31 -22 -23 -11 48 26 9 6 52 -45 24 -18 
-65 11 55 100 -66 -15 -93 74 -19 12 -62 -29 57 -16 94 16 76 -11 -67 71 -69 86 3 -3 85 89 98 66 -61 -80 -62 -52 47 57 -3 8 80 -4 79 -16 -6 -3 91 49 82 19 59 -8 5 -14 53 15 -65 -96 100 -56 -67 31 -45 -100 37 68 90 21 -42 97 44 100 -25 -87 93 82 54 -34 60 -72 20 -16 -28 89 58 71 
72 59 -92 -42 89 78 -46 -69 24 -10 -80 -68 52 -26 55 78 88 83 -9 -99 91 9 -77 52 -3 34 -28 -90 33 -39 -6 -27 -91 -38 6 -21 61 32 -73 24 -50 -15 -3 -8 33 38 -9 51 42 -20 -11 71 -69 30 -49 14 -14 97 63 -4 -4 -27 -66 89 -91 -58 -40 56 -57 -82 0 31 64 -12 65 72 -87 20 57 -56 48 -45 
-94 50 76 -28 40 28 89 19 -18 60 -49 17 30 -24 73 -68 90 96 -68 16 -41 64 -31 -91 61 70 -79 -17 44 -99 23 -91 22 -5 -9 56 -44 -95 -48 18 -22 46 -13 93 67 53 46 27 -56 -22 -33 12 -89 -28 58 64 84 -13 -10 -12 57 28 17 33 20 -47 77 65 14 -70 -33 -68 -63 -18 9 -80 6 50 79 -62 70 -66 
-82 97 -58 17 88 -70 11 -73 -46 -23 -30 -80 -44 70 -73 53 -55 -37 35 72 -58 47 67 -17 2 -37 -44 -90 85 -60 -93 15 60 9 74 -13 -20 -39 30 -99 69 -11 -61 -62 50 45 9 7 75 33 43 67 -85 85 -38 -40 -65 -19 -67 -46 26 -84 -44 -76 -83 83 -40 94 -66 -99 71 -94 -25 -87 -45 16 -20 3 -20 -4 -74 -24 
34 74 93 -33 -66 25 -77 -59 53 86 -55 -43 -28 63 99 98 -68 -45 -84 -43 -94 -47 38 -38 -6 -31 13 -47 -72 -45 70 -17 77 -1 -31 -9 11 -54 22 13 18 58 -76 -44 -9 64 92 -73 67 -42 2 -77 97 -82 -70 -56 24 -13 -16 -67 -47 -6 87 5 95 54 -66 22 -95 -44 -24 -28 74 -59 -59 49 -75 -98 52 -3 -29 64 
-91 -36 -52 -50 87 -95 -52 67 5 -28 69 -27 -27 7 -82 -40 -50 4 -42 -39 14 86 71 -3 -51 -44 -67 0 54 -21 -12 -62 25 -99 34 -52 -95 -37 58 41 -46 33 -38 -36 25 68 -19 -89 68 -3 43 -57 38 7 38 -1 -37 77 26 40 38 -41 56 -21 -31 52 -43 -62 -30 -33 -32 -4 -20 -54 -71 -90 69 -39 -73 -77 19 -39 
-48 73 -42 1 68 12 59 77 87 -66 -37 -13 3 61 -35 27 40 -69 17 2 23 25 -14 -31 64 -75 26 -67 65 82 91 82 -63 60 -71 32 62 73 -19 70 -75 -43 -42 41 -12 82 88 -74 5 26 28 -42 -28 -69 -61 -2 -94 -56 -23 -86 -63 -7 81 -59 -64 71 23 -23 82 78 24 16 -95 74 -16 32 76 35 -32 5 -33 -61 
-36 -99 18 15 52 -51 -27 59 -45 -28 -22 -73 84 76 -98 26 -93 8 -31 64 -96 44 -3 -20 35 28 -83 65 27 -28 96 34 25 65 99 5 85 -13 -70 54 39 -46 44 -93 60 -14 73 67 -34 45 -83 -41 73 -4 55 -45 11 6 2 62 21 13 -44 -24 -1 79 24 77 -16 36 -57 83 77 -80 76 48 75 74 37 7 -79 -26 
-40 -30 -44 -51 79 5 -32 -69 24 91 9 57 -6 -59 -57 -19 3 -33 -19 76 33 -57 -90 9 92 -55 -64 38 -10 -51 -14 -96 -34 30 46 -42 -64 -70 100 -36 19 98 -17 -95 -6 92 4 -32 -23 -23 -23 -27 53 40 -23 -97 -41 -50 96 -1 -2 84 88 15 97 -46 -87 -28 -69 -14 95 -9 11 -35 25 -96 17 -92 4 -92 45 -88 
40 10 68 -56 67 77 89 59 -8 -71 85 56 12 -46 -29 -58 -33 76 -25 61 68 -65 -69 34 22 41 84 -51 -13 72 -7 -82 -61 25 62 99 -48 -18 -31 78 -82 -40 37 -30 18 -66 -4 32 -48 3 6 -5 -24 93 -99 26 -44 -31 25 3 -21 -96 -90 11 99 -30 42 -37 -76 77 70 -43 -26 -3 -64 -47 -24 16 -49 19 -80 74 
68 78 -48 -56 -61 -12 -87 19 -21 70 88 71 18 -18 20 -24 75 -91 7 -54 -18 55 -58 -87 48 59 -80 49 41 12 -89 11 -75 -21 -70 -3 -35 33 55 -17 0 94 36 3 -22 15 87 75 15 -96 -30 52 -19 -43 61 50 43 -68 -64 92 -54 58 -56 -83 49 -46 81 -51 -5 4 9 -21 78 -29 88 -100 75 27 90 -58 19 89 
-28 84 -26 43 52 43 28 18 53 -6 51 8 19 -58 -22 43 -58 34 87 -17 -63 -43 60 54 85 -50 61 -39 79 46 -45 52 6 -59 -77 47 -43 -45 -93 -81 69 14 64 -5 -63 6 61 36 10 91 6 -26 7 -87 81 -16 -53 -60 -13 -36 -64 -98 -63 47 72 7 99 -37 -20 -55 100 -42 44 -66 -36 -92 -75 17 72 38 74 -44 
-37 31 46 56 -47 -24 -66 45 -100 55 -72 50 -84 57 -97 -87 10 -39 -68 81 -6 -61 -35 24 96 29 -21 -62 -53 -57 66 -53 10 -88 -4 -13 60 -26 99 58 -90 -15 28 -19 -11 44 70 -10 -79 76 -61 -61 50 57 -20 45 34 10 57 -48 57 15 -53 -97 -94 75 -37 -78 10 -43 22 43 -65 -4 -90 -66 67 -49 80 -39 -13 70 
41 59 -53 57 4 -97 -3 -85 56 -21 -5 -26 -38 69 -42 -2 -98 82 95 -24 -58 80 17 -47 -20 -99 -36 99 -35 22 76 -29 -87 24 75 48 -54 -99 89 12 -76 -65 3 -60 84 -61 -91 50 -50 -78 -95 -17 -52 -19 16 86 -36 39 40 13 19 -41 -87 -23 -16 53 18 -88 17 -28 75 -86 -91 100 56 -18 -34 53 17 79 54 -12 
-90 44 -24 -41 -88 8 -10 -51 -35 -35 -45 67 20 34 61 -89 91 20 88 82 100 -72 50 -82 44 23 -96 -14 25 -5 -14 0 86 -60 74 -46 -100 -66 71 14 -59 94 75 85 56 -14 5 -8 -92 -64 -9 -2 87 57 39 72 12 -97 86 99 -78 87 -42 71 47 -90 15 -82 43 -16 -14 48 44 -81 -90 -53 -84 -46 -20 63 -39 -64 
28 34 -82 -49 -1 -78 -14 -48 -99 84 5 -82 77 -51 56 26 -20 -90 -1 -16 -31 3 -30 -34 -79 -99 -6 -77 -19 72 26 67 59 -35 -88 22 69 81 -81 -41 -37 16 8 17 90 -5 66 -42 40 46 83 -56 -68 47 57 -93 15 30 71 -35 43 42 -21 5 52 -45 -80 44 -9 53 23 -43 12 6 8 88 27 -11 35 -69 48 -43 
85 -51 5 -13 -44 80 -25 -48 95 75 -65 56 98 -72 70 66 25 -24 -17 -3 -92 -88 92 -50 -14 69 -11 -41 43 11 49 -90 -27 -34 4 74 -20 61 -37 -76 -21 34 31 -19 65 20 -96 28 -38 -73 48 -24 71 15 62 -60 -38 -28 -81 -93 -84 -67 -63 32 -82 -37 -73 93 -98 -74 -75 18 88 41 61 100 4 -65 64 -61 34 -24 
-85 -41 -61 -64 80 -84 96 50 -19 -6 59 24 -22 36 -19 -98 69 94 35 67 26 -99 -57 -30 95 8 79 -88 96 -23 -45 95 -23 18 -42 82 -84 31 97 57 -37 71 -5 49 90 -22 38 -12 -42 7 -1 75 31 -59 16 45 -94 87 -83 -10 -87 -64 36 -21 5 77 -14 6 92 51 -86 90 96 -22 9 -98 -21 90 14 44 -18 41 
-17 8 -27 -82 97 93 67 86 -53 -35 20 85 98 79 57 -92 34 -17 -52 80 81 -37 45 -12 58 -53 90 97 53 91 68 -82 -9 -39 70 -46 89 61 71 -27 61 11 72 40 -21 28 17 85 -34 -14 92 -35 -70 20 -39 -39 22 69 -40 -72 50 -97 -50 -99 25 65 12 58 91 66 91 12 91 -13 45 -33 71 37 -18 58 87 67 
16 70 78 -18 -43 95 83 39 87 97 -40 28 63 -98 64 48 65 -22 0 1 16 -7 -84 9 41 -52 -58 32 -30 -81 45 -2 3 81 -76 19 100 46 -59 51 46 18 84 60 48 -30 -32 22 89 79 -51 -64 -84 92 28 4 51 18 98 46 82 -74 74 17 3 90 13 75 -78 -60 -45 57 -19 65 -34 47 94 34 41 -64 15 76 
66 -34 92 -64 -82 35 96 -76 -27 24 34 -46 -55 -66 -67 54 -78 8 -2 96 25 28 -61 1 29 55 -49 7 5 48 0 32 -76 0 50 -45 -62 -44 91 -42 13 62 42 73 -85 -16 -79 -22 2 -69 -7 -51 -57 17 26 99 21 -55 15 -96 93 -44 -68 -72 -39 60 -33 76 -69 88 -76 54 39 -77 -20 96 26 -2 5 81 51 -27 
26 -62 -53 -5 -44 90 38 -28 90 19 1 -74 68 37 -68 11 74 55 78 -32 -38 -95 -53 -64 -12 54 54 21 31 79 39 91 6 87 -15 -64 84 49 23 45 -32 6 6 52 -41 -34 86 -92 -19 16 -36 83 29 -86 -55 -36 53 -7 -35 -4 -94 -44 63 43 80 -55 -25 34 -35 63 31 8 -2 93 -51 64 79 -33 81 -31 -77 64 
-80 -82 42 47 -78 -93 40 95 -34 92 -89 6 5 -74 -45 -11 -57 7 -96 77 26 -20 64 -25 -27 91 27 -41 22 59 51 54 82 -64 92 -33 10 -17 -50 -86 -89 50 -51 -52 21 75 83 67 -55 46 92 -20 -61 69 94 1 37 -54 -18 -92 -21 63 -20 -7 -93 32 -26 37 64 -13 -27 -38 52 81 11 27 32 -51 -30 58 -34 43 
9 -29 -87 -8 -6 -3 83 32 -6 -67 -70 19 -4 -4 89 7 -48 96 3 -28 -34 -21 -52 -33 -60 33 95 17 -53 -19 12 -44 38 58 9 -26 -44 -86 -27 14 -44 -34 -6 -74 74 68 -46 81 -14 -6 -37 25 -62 14 -79 75 -57 52 30 -41 15 -37 -33 29 37 84 89 47 -11 -69 -16 -93 -13 -67 -69 -74 -73 -55 -83 59 43 20 
50 -56 -52 -47 -85 -78 16 44 72 66 -49 -43 -95 69 -38 -49 -28 78 75 23 -74 -1 30 -4 -70 -44 1 68 25 -53 58 20 -31 -73 7 -6 54 52 5 -60 81 20 42 16 -90 -56 62 15 -31 53 100 37 -44 16 -91 -91 20 23 36 47 87 24 94 -83 48 -93 60 -33 1 -40 -59 31 -20 52 -74 -24 -100 42 69 -87 -25 91 
9 82 -20 -71 -80 42 -34 99 -44 -23 70 51 -52 -74 -18 -10 11 -93 -83 34 7 66 -57 98 -37 92 -86 36 60 31 -98 -49 37 74 92 -26 -92 -38 85 -9 -89 -57 15 94 -2 8 88 -45 -29 -20 -67 -53 70 -12 72 25 -90 -27 -1 -27 -33 99 22 33 -92 4 100 84 -63 38 -97 -65 -31 -95 -79 -13 52 -23 10 96 -88 93 
99 -47 62 -3 14 -95 82 -69 14 -85 2 73 38 -87 -30 -47 -55 -6 -44 -49 -67 6 14 -51 2 55 87 100 99 -77 92 -30 -96 48 -38 35 -78 -89 9 -19 -73 -50 -15 -5 28 -20 45 81 57 21 -58 73 -67 -50 61 -93 -44 26 46 -60 -60 -30 74 -85 -6 -24 -13 44 10 -90 -63 -60 -62 9 -6 93 -89 -98 1 -88 -58 54 
47 11 -5 98 56 -14 -81 -97 67 49 -51 -3 -68 81 34 7 -26 -33 40 79 -26 96 -60 5 53 -94 89 -61 13 53 -29 -83 -27 -37 -38 40 9 29 -31 31 18 52 -75 -47 -3 -76 -79 -100 -75 5 -38 13 -84 10 -98 -24 49 49 50 -2 81 -6 99 50 -1 -59 -27 78 -98 24 17 63 25 -70 12 -58 75 31 63 -53 -49 -32 
-63 65 -60 49 -54 -55 42 -44 -88 21 35 2 16 -38 -15 50 -5 -51 -69 -45 -94 80 -54 100 77 -15 -78 66 84 -50 67 40 -89 -26 65 -53 0 40 -51 59 -73 -21 8 -57 -42 47 29 95 -85 23 81 -7 41 63 -58 77 39 -55 45 89 -96 77 -59 -69 -82 69 25 46 -65 82 71 -53 9 -63 -15 48 30 26 -100 -10 -10 -84 
