92 -23 22 -75 -52 -53 62 -95 12 82 90 -44 -16 100 95 92 -69 -34 -84 94 68 48 26 33 29 -66 -65 4 -96 47 -63 44 39 -11 4 58 -50 -84 -51 60 -86 -61 64 7 -92 24 93 -22 91 -79 -58 83 -7 -60 -68 23 -80 -20 15 -56 80 -90 90 -1 -80 -20 33 38 -16 6 -94 41 32 3 -51 67 41 -48 79 71 31 -70 -77 75 44 29 -17 -93 -7 43 
-64 15 -6 -8 -28 -57 56 -58 -97 67 20 46 -9 -13 -73 -32 -45 60 -30 -62 -87 86 47 -35 28 -39 3 38 -96 -68 86 -88 38 -64 -32 -6 -30 -1 -56 99 75 -19 68 76 38 91 -9 44 78 -50 -76 -67 51 -2 -22 -96 96 58 26 18 -74 55 -59 63 2 -95 -11 -62 90 -94 60 66 -47 -98 -74 97 -49 60 7 -57 26 -38 63 -53 100 79 5 20 58 -28 
-83 38 44 -13 -90 -9 -56 47 -2 -33 -87 73 -56 -74 87 -83 71 -83 -36 -88 -40 61 -35 84 -5 -44 -87 -39 -77 45 -80 95 -83 -11 1 -63 -12 29 1 21 -27 68 71 -79 36 -56 -90 45 -35 62 -25 -88 48 -65 -32 -27 61 -61 -44 26 -42 98 74 58 -79 -32 -86 -89 -61 21 -80 -58 -21 -22 -76 6 1 -45 58 -9 20 -10 99 99 91 -53 90 -45 -76 -31 
-47 60 43 -16 62 87 -98 -31 83 14 -38 45 100 2 50 14 -31 -70 -51 88 18 95 -82 71 3 -46 41 11 -11 13 83 -26 -87 -18 51 -95 -14 -99 -22 63 29 51 38 -72 33 -53 -55 -22 -94 33 -2 -40 61 -43 97 12 3 17 39 87 -66 74 96 58 90 0 -18 97 -89 23 -69 26 -19 -62 70 -84 -5 -91 37 92 -77 75 25 22 -85 -35 87 10 -8 -74 
-24 96 -96 -13 20 93 7 -69 55 -83 56 -75 58 62 -12 -30 48 -56 45 -40 23 -43 5 -6 -24 100 49 88 -42 37 -12 68 98 -39 -34 -52 69 64 37 -100 -92 26 -6 -15 -15 -25 -85 -80 -80 92 -92 -6 68 -10 40 -92 -54 -99 -84 -16 -12 9 53 55 61 90 -99 -34 30 91 26 5 52 -44 -17 42 20 -77 36 75 -69 -94 36 -4 19 90 -80 -5 -79 77 
57 74 -35 42 -64 -52 -8 34 71 -29 -47 -46 -67 9 30 -75 50 1 -55 44 -57 -9 12 -90 -61 91 7 74 81 -87 55 -28 -51 -86 -77 30 98 28 -7 50 -43 -24 -4 95 17 4 -16 43 13 83 22 40 -31 -17 97 -85 -4 -77 -85 -100 -73 95 93 -89 -73 55 23 -77 33 88 42 81 -39 -31 -54 66 -24 41 -24 57 10 -68 -76 50 61 91 -67 26 -12 71 
82 6 -83 41 81 4 55 32 -56 73 52 86 54 86 24 60 -56 -87 53 39 62 -1 -97 73 82 -74 21 -84 25 8 -35 83 -21 33 14 -14 81 -67 -6 -49 91 68 -99 -18 -21 46 93 16 85 -46 25 -36 82 62 -49 7 -37 -9 8 59 -81 84 83 -42 -31 22 -49 7 65 -69 4 -36 46 49 -70 14 10 16 77 92 -27 91 -82 80 90 77 54 80 -47 -36 
-6 -99 67 97 9 50 -14 91 25 -43 16 -27 22 -86 -56 -83 -33 -91 33 -98 88 56 56 -90 -89 66 2 33 59 23 88 -100 91 0 36 59 75 -97 -50 78 38 -51 -90 -89 73 -52 -95 58 75 56 -71 -12 -28 -92 -98 -20 -99 68 -54 85 -2 -80 67 -85 19 -65 -5 -39 31 75 -97 -20 -76 -96 50 -70 -32 -14 61 -86 -28 -62 -73 81 28 -58 -78 -18 -33 -88 
-81 57 -61 -92 32 -39 -87 -50 56 65 46 30 29 -52 79 55 87 -9 29 100 -43 83 -5 -11 56 61 -82 4 -25 -73 -51 44 41 88 -93 82 -72 -9 -89 -38 -77 -39 -83 77 39 26 16 -39 -11 45 51 70 6 49 54 -38 89 -97 9 -13 13 -29 63 88 29 67 -80 -48 -32 -19 77 9 66 64 -76 -19 -45 -51 -22 -11 -100 88 88 -65 -47 98 91 -38 52 98 
13 85 78 -40 -59 -19 65 15 -92 -49 38 -15 9 -38 -61 -90 -13 54 49 -8 81 -10 -3 -16 -67 71 93 20 39 96 -33 90 -97 20 19 27 6 33 77 6 -63 39 -95 91 37 -64 27 54 -31 38 22 67 -94 98 -73 -69 22 19 57 86 70 88 54 -74 87 -63 73 -95 -33 43 20 -69 64 -88 -34 -78 -99 5 45 -38 98 55 -90 20 25 -68 61 43 -80 40 
98 -37 0 19 -28 17 -11 69 -90 -36 56 8 -84 -94 51 -94 -55 -61 20 -35 47 -46 -39 -51 -87 44 79 64 -42 22 93 17 92 18 86 62 79 -97 -38 62 -56 51 76 88 52 -79 12 -45 -63 -29 90 -87 -38 -99 -21 -41 -44 23 35 32 63 55 10 87 91 -62 73 57 65 96 -59 -10 9 43 -1 4 -76 28 16 -51 -48 15 -34 65 19 -90 -92 -83 -77 -5 
-2 -69 -46 -54 -20 14 -54 -49 88 -69 -91 54 79 12 49 -18 77 -50 50 83 73 92 91 9 -4 89 5 -86 -37 -18 -28 -47 -96 -45 23 -33 20 1 -24 24 -67 -48 -79 -43 -66 -77 76 50 -63 -17 28 -89 73 54 39 21 65 -71 70 11 19 5 31 -37 61 -10 68 6 -53 39 -95 34 -21 84 85 8 26 55 89 -72 -88 -73 55 -11 16 -10 36 63 -5 -49 
55 2 39 24 -42 69 -30 38 -53 26 -81 -10 2 -61 47 13 2 11 56 4 13 -93 39 -86 100 42 40 34 9 -84 -30 -80 -77 -31 28 -55 -52 59 -35 23 -27 -83 -59 14 33 -80 47 95 44 -37 -64 -17 96 20 93 79 -68 8 -13 -79 -14 100 -49 97 59 71 -40 -2 -53 -24 56 -14 42 -25 -32 76 72 61 -84 -39 -16 -1 89 84 -74 -69 -100 89 60 -74 
77 -68 19 22 -31 -22 24 60 41 -24 -86 -6 -52 13 65 -41 78 -49 20 -94 96 -60 51 -98 49 -96 -34 55 -18 -60 -39 85 -96 -85 94 -57 -81 -98 32 79 77 -88 -8 23 -67 -6 40 -27 -15 -95 29 -87 -92 -45 -89 77 97 18 99 -36 -78 -70 92 38 9 -17 -56 -71 17 -59 75 -74 95 -73 -31 -58 -24 -79 64 -5 -21 75 96 -78 -58 71 -32 -74 32 78 
-20 89 -85 47 -74 42 60 -70 4 -58 65 -89 25 -55 15 -83 11 -89 -4 71 40 -90 -94 73 -53 72 73 22 -1 -99 -69 21 80 -93 50 -16 24 -39 -39 39 65 -12 -20 -72 -66 45 70 -79 76 -46 -10 -33 -18 -97 -29 98 -97 39 35 -54 -3 98 60 22 58 73 -40 76 85 -66 -65 -64 19 3 -67 -31 -91 77 -69 64 50 -27 94 -18 -96 -50 -22 9 85 -81 
47 -58 59 80 -54 24 85 -20 -80 -44 22 -37 -42 9 61 89 97 -16 84 -44 -73 -60 -33 -63 -15 -24 12 20 -49 -86 -14 -15 -77 36 -22 -52 -80 85 -50 69 2 41 34 19 87 -40 23 -12 -2 23 66 -56 -75 24 51 -47 31 6 -72 -22 -6 -76 54 -22 2 14 -70 86 73 -52 -91 -74 27 25 -63 -85 -17 66 20 19 -53 92 -8 -94 99 58 -8 100 77 92 
-82 -57 -85 6 -69 -68 -55 -73 -39 -3 -86 -78 28 -37 87 -41 -52 -56 -69 91 -26 -21 -43 43 -57 93 -89 -72 -9 -43 73 -6 -90 60 9 -28 100 -61 66 -89 27 -19 64 95 -97 -54 47 -98 -71 39 1 -53 7 30 -61 -13 16 -52 -59 -28 41 -51 -50 96 -55 -46 44 57 39 84 -74 -93 29 88 34 -55 41 -47 -21 28 -20 43 55 3 5 43 -52 92 23 -62 
61 -93 -24 -32 75 -47 -7 -30 55 74 -59 22 -47 74 -2 61 -55 96 7 34 -75 77 45 -96 98 -56 -50 -34 100 -2 87 -41 11 12 -38 -80 61 45 -15 -8 -47 80 -11 -65 40 90 87 -25 42 -31 85 -8 -66 -42 66 37 28 37 -65 -82 -21 21 -94 4 94 57 -100 -89 -41 90 14 80 -23 51 -20 27 -47 43 47 -54 -19 72 -96 78 83 -55 -97 46 24 34 
84 -1 37 84 81 -77 -60 -97 -34 94 -99 -83 -89 -46 64 16 -70 -60 84 18 69 -61 -77 -10 -17 46 -78 26 50 -33 85 44 3 -34 -86 17 100 -57 -98 -98 -78 0 21 -95 -78 -52 74 -79 -37 20 -56 17 -86 -97 53 -89 84 77 67 -69 59 -12 -92 -68 5 -12 -91 100 89 18 -19 98 -34 47 -19 21 -25 46 22 32 81 -55 17 28 -100 -99 -59 -41 34 66 
-17 89 23 -31 68 44 -2 -79 28 -81 -25 96 -34 40 44 25 -20 -29 48 -7 62 18 -33 -88 -49 25 -72 17 -3 3 -35 17 42 -55 12 92 32 -44 0 94 -88 -85 7 21 -36 -94 -97 -48 -86 -84 63 -100 -61 40 -16 80 54 71 26 7 -92 29 -89 -84 22 9 66 -27 -71 -3 20 24 70 47 91 94 -57 27 -88 -80 -39 48 45 -90 39 -96 38 66 -16 -52 
-88 -71 -87 -10 -67 6 -86 -80 -9 -3 -90 52 -80 -49 -81 46 -66 -27 -36 -88 21 -50 29 6 -92 61 48 77 -11 14 84 -4 -52 21 75 -39 -60 29 -62 -11 -87 12 99 82 38 45 -10 -14 -37 -16 -77 47 78 -63 23 -65 -56 12 72 -37 46 -49 25 -81 52 -8 -25 -19 -4 -17 -55 7 -59 -4 -5 81 -16 -80 43 50 33 64 -66 28 -46 22 -73 -76 -61 -80 
-90 45 82 77 36 -43 -14 82 19 93 23 -100 -99 28 76 -8 65 45 -83 41 83 46 19 19 -69 74 -36 29 58 -78 11 -75 38 -8 -47 29 39 75 84 25 -42 -29 38 25 -49 -72 33 -43 -16 -73 31 80 -94 -14 -44 -33 -3 -75 -63 -61 71 -48 7 31 47 -81 -67 40 -76 -34 -70 -74 14 63 85 -30 50 28 72 -73 -36 -43 -36 -43 34 67 98 -5 -87 -37 
-95 96 3 -1 -75 56 -64 -80 46 -22 87 -77 89 100 35 86 -48 27 -10 98 -26 -88 93 -48 -59 47 -75 40 83 47 0 -72 19 16 -35 39 54 -81 26 -41 67 60 91 71 -71 -34 94 -86 -68 50 -57 -27 -69 -64 91 32 21 53 89 -45 -32 73 -36 -4 93 54 62 44 -29 -43 -95 -26 -26 7 57 -77 55 20 22 73 -76 -59 94 -45 92 17 -7 -22 -26 -44 
-43 -5 18 -78 38 13 35 21 18 86 -22 16 -87 44 -77 31 21 93 78 -12 38 47 -80 -81 35 -32 -47 -3 54 58 -17 35 76 67 12 -59 84 -65 -65 0 -63 6 -16 -75 -45 -33 9 -94 11 -18 -7 28 52 71 -64 -72 69 -94 23 -96 -92 74 -93 100 2 -59 -96 2 31 74 -95 17 5 92 -81 -47 90 58 57 62 -88 -27 -87 -45 72 -71 -17 86 -97 -14 
76 72 -30 96 28 56 54 10 -87 -92 85 51 27 -94 84 14 16 90 -85 -52 57 -21 35 52 -73 15 -58 30 75 -28 63 -16 -30 -25 80 -94 51 79 -66 27 97 -82 -33 -98 38 -6 -53 70 -99 65 22 -48 22 -1 -79 33 90 31 23 41 81 3 46 35 68 -59 -56 85 -50 19 -46 65 -32 47 -28 -99 90 11 -39 -9 14 -68 -61 58 -9 -21 -39 -94 83 -52 
99 53 -90 -48 -61 13 15 76 30 -96 -88 -31 -74 -23 -1 37 13 -26 -11 80 2 60 -62 58 56 -95 98 75 -52 -99 100 8 -58 -95 -48 2 37 27 71 48 31 -38 18 8 54 4 -47 -46 78 -67 -39 33 -36 83 55 -44 -22 8 -55 7 -58 15 55 -41 -97 -12 34 41 -39 44 1 58 -93 85 -17 5 50 35 65 17 -73 7 -4 -97 -31 23 58 42 17 56 
100 12 -87 1 -84 -43 92 -98 90 -58 43 -25 64 -95 47 -3 -17 -38 -2 -17 -1 27 -42 87 -88 96 2 -1 47 -25 10 -89 70 -74 -97 -64 20 -5 43 -100 -96 46 -53 -53 72 92 -67 40 -67 60 35 49 56 48 -54 71 16 79 -45 -69 -20 -78 -28 -7 -27 -5 -31 92 45 -22 36 35 -39 -87 63 35 -66 -79 5 -66 -91 83 90 -53 96 -8 -37 -30 -36 13 
47 15 47 64 -64 -65 -8 35 -62 -24 79 -22 -20 88 -35 -18 -17 22 -21 43 60 95 70 -91 86 86 -28 37 24 -32 -70 94 -99 -68 14 -44 11 -40 93 -1 -6 40 90 -24 7 -93 -34 58 -88 75 12 -70 2 51 -36 -66 95 -58 -15 -90 -46 -60 76 -16 97 43 -19 -36 41 57 -96 57 82 52 45 89 44 -26 17 94 97 -92 -4 11 93 60 -45 -59 -32 51 
33 -90 39 -25 -37 14 28 -81 -85 71 79 25 -35 -18 -62 36 -71 38 73 -26 31 -93 89 46 -80 -14 -72 27 17 21 -44 -61 -60 -19 95 5 39 62 95 4 -62 19 -92 89 -97 -9 -8 -75 60 -54 35 -44 -41 94 -5 28 97 87 82 -32 45 -66 -93 20 -69 -16 15 -8 -48 -44 37 -35 4 -11 -18 57 -38 98 -63 -67 58 29 21 -9 -66 71 88 73 35 79 
27 -19 54 -30 18 -19 -12 -81 -51 -25 89 17 -36 -77 -32 -2 57 -35 95 21 -64 -9 -91 -36 -59 16 84 -83 17 -27 0 9 65 -42 -22 -99 -8 -64 -7 43 1 -90 47 -40 -76 23 0 -68 50 -34 3 -45 -15 48 89 -97 -94 35 39 -52 32 -46 -96 -54 -67 -90 58 -20 17 27 -92 -12 50 40 27 84 -40 -17 -5 -93 -66 -11 -91 92 6 -62 63 65 -86 46 
-58 -16 -55 -37 -29 2 -21 -23 38 -62 -4 20 -49 28 12 -9 -91 35 65 34 65 -34 62 62 53 -92 -32 68 -34 -81 -89 -16 32 100 70 23 -9 -86 -93 1 -57 -25 88 -29 -64 -4 -38 3 4 0 74 88 -57 -57 25 -56 -65 -100 -26 62 61 -100 -90 87 -77 -24 -15 -85 93 6 88 -58 72 -55 65 83 -67 -5 91 -50 81 16 -100 -2 59 -26 -61 -81 83 -5 
71 -22 50 -31 68 66 34 -73 -18 27 63 43 -54 -2 -88 -65 -78 -31 30 11 81 -25 71 -77 -91 -7 28 -30 -29 64 -40 -58 85 96 36 -57 -58 -27 -65 78 -4 -74 -66 -65 -40 -81 -73 49 -92 -80 -38 76 -30 20 57 -22 42 61 65 -14 90 -43 -3 45 -20 -1 94 -19 89 56 -85 -80 -1 -41 59 -70 95 -66 -84 -78 -49 27 -96 77 27 83 29 3 68 99 
6 57 -96 -27 75 -28 -12 5 -28 89 47 -46 58 -77 -53 16 8 -59 28 -90 92 -1 -90 1 18 63 -90 -95 -69 -36 41 -88 -85 -78 -71 77 -84 48 -37 29 -39 73 -84 51 -67 -37 -68 18 9 36 -20 82 32 85 80 54 -78 56 58 -7 -84 -84 -9 -54 -13 26 -60 82 42 -66 -47 92 48 -83 13 -93 -93 66 -69 84 -41 -60 35 59 -47 67 1 -24 -90 -52 
-12 -32 -50 -17 -89 -56 41 -51 -48 73 27 87 -45 -86 31 -84 32 99 69 9 -28 -90 70 17 -50 55 4 9 44 74 -51 19 -56 48 29 65 79 -56 -39 -34 -62 46 -26 -52 -20 11 -75 -82 21 -14 -90 -100 38 80 42 4 73 -47 26 12 38 -48 -33 -24 3 14 -73 62 78 20 -24 94 24 -3 43 -74 4 -34 -73 30 -24 -8 39 -94 92 -66 74 73 -18 -71 
-56 -52 22 -42 75 14 -40 -96 76 90 54 38 -64 -47 20 93 -69 55 -69 -97 -34 33 45 11 90 6 91 82 46 8 6 -35 -78 -37 2 -78 32 -40 -1 -4 19 -42 23 66 -72 -20 30 35 -21 -72 37 50 -35 -37 -63 72 63 -50 16 13 39 50 95 -22 46 53 65 60 -61 81 -23 4 -63 40 54 55 92 -7 1 55 -84 -65 28 84 46 49 18 37 68 45 
100 47 -67 -46 27 81 -89 -45 -91 13 29 66 44 31 18 -51 -91 65 13 17 -8 3 -64 10 81 -17 42 10 -59 -50 93 38 7 97 -10 -80 -70 -86 12 69 -69 -33 82 -60 30 -67 33 65 -80 60 88 14 -60 69 -46 -69 100 -49 45 19 -86 26 78 -23 25 -90 -47 91 -34 55 16 35 -22 93 38 -55 71 -74 9 -34 5 -87 46 58 94 99 53 -66 100 -52 
15 -25 -85 -13 61 36 -95 76 -52 59 47 49 -7 -2 -53 -31 -9 -7 92 66 64 56 -30 -83 97 33 42 -64 61 -16 58 53 -65 85 34 -15 -63 -61 -47 -90 -3 -95 -91 -28 40 -74 65 89 25 -53 -12 -32 -70 52 74 -49 49 -86 67 69 12 48 96 17 -82 -92 12 -65 -18 71 87 -44 24 -59 22 61 -59 -84 -90 -18 -24 -74 -40 -96 1 -89 6 71 -13 -72 
-19 -57 94 -65 23 -35 2 66 -40 67 41 29 31 67 -15 -22 -56 -24 -3 57 -92 28 -52 -19 -5 -20 -96 -22 -68 -11 -25 41 48 89 -31 -10 18 -69 11 -2 -66 48 78 65 84 -54 -68 5 -27 80 22 -36 -74 -62 -52 -9 -43 -57 -48 -91 -90 -15 76 78 33 -47 -49 39 17 -63 -48 57 23 77 4 63 -81 -74 -96 -55 47 -45 -39 -52 -61 76 71 44 16 32 
-23 -24 14 59 -64 -76 38 55 87 9 38 61 -77 29 96 -57 -48 54 -85 -94 -41 -83 80 82 41 -63 -5 -61 -90 -70 43 88 80 45 38 -49 -57 -95 -33 98 -55 -65 -81 46 58 -52 26 -95 32 84 -92 -30 17 77 1 100 21 -25 -49 -3 26 -84 -10 -80 -27 78 -1 24 99 44 29 89 30 -53 87 -94 28 -2 -85 40 -11 49 -16 18 -94 11 -18 -57 -14 50 
-38 -80 69 36 39 86 37 23 79 98 7 -4 -40 -11 27 -58 -14 12 46 44 40 60 -60 -7 -61 32 72 -83 -33 5 49 -77 -66 27 -33 12 -21 -40 13 68 -96 -100 -8 -69 97 -97 -67 -16 -99 -72 12 -96 -99 47 9 74 -70 50 -71 30 85 15 -73 5 34 24 -59 100 15 -19 -85 -72 -73 25 -37 -32 11 50 30 -52 -21 -68 -38 7 -97 -86 95 -64 44 -23 
-15 -65 21 -92 -61 72 -82 4 6 99 -62 86 -65 -93 -12 44 77 -88 97 82 -80 87 42 -67 -30 -65 -73 -79 87 -91 -49 3 -97 -64 71 -46 -71 81 -94 46 -48 -6 -9 -34 -48 41 -78 -59 35 59 -76 -64 27 34 -41 72 -61 4 -62 25 11 7 -57 -96 86 94 50 74 100 83 -65 16 -69 -28 -56 17 -56 -42 -34 44 80 -11 84 72 -7 -12 59 70 -43 29 
34 85 -19 -47 -14 -91 -53 -68 34 -33 83 75 54 81 11 52 -49 56 -94 -73 91 20 86 -22 9 -53 96 39 91 16 -17 23 80 -49 -31 9 17 44 65 -80 -38 -62 -38 -95 91 -92 30 1 89 85 -39 77 -9 34 86 -47 34 37 74 -40 -17 -58 -99 -9 -15 58 35 -66 -43 -59 -95 -52 -32 68 89 16 -22 -60 78 -35 11 22 90 -64 57 -37 -2 65 32 80 
50 -96 -92 -59 14 47 -37 46 -66 -15 71 -69 -57 54 66 86 -52 -61 40 -98 -24 -20 88 76 89 -82 41 -32 45 50 -16 -75 -73 -38 -74 -68 36 -21 40 -51 -26 -47 -21 -58 -53 -69 75 -1 65 -67 -71 80 -71 49 -38 90 64 -40 67 33 61 65 39 54 -19 22 52 -2 34 93 -68 3 1 53 -69 -11 4 -8 98 -37 -89 -33 43 34 30 98 -4 30 -61 57 
27 -100 96 9 37 49 24 96 41 -10 31 -54 40 -85 -17 24 27 -37 26 9 30 -89 57 -55 -73 37 -14 56 -78 -5 -98 10 -26 -63 -33 -34 -11 46 -38 45 -97 46 -61 13 100 -82 -64 8 -58 -31 -21 60 77 76 72 40 17 -57 48 9 43 12 78 -40 8 -15 -57 -11 70 -26 -69 73 -9 -24 8 96 -99 26 32 -20 68 10 55 59 -91 -37 65 -49 6 -68 
9 21 41 -41 -86 -53 89 41 -16 -50 -99 -63 69 -35 48 65 61 -94 26 70 100 93 32 -39 -92 84 -37 -15 82 -17 61 37 60 -12 -29 -18 -27 37 67 86 -92 -67 -35 79 -86 50 -54 81 -57 -45 -71 47 -78 48 55 9 92 -7 -14 26 -65 -6 12 38 -94 55 80 -29 -28 -11 -71 -24 73 -1 6 30 55 -100 -64 69 6 -1 -37 -53 -38 14 81 -89 53 35 
80 -25 45 13 -65 -43 4 71 96 -8 -32 89 -45 -3 -72 -16 48 64 -60 -34 24 90 -98 55 -65 -67 -8 28 -64 83 -68 2 -68 1 -38 32 20 2 -52 52 0 32 -36 -36 -46 -78 -18 75 70 -89 -4 -59 19 90 72 76 4 8 -3 -11 72 -49 -77 77 -99 26 -2 13 13 -34 79 -21 -28 -66 -100 -75 49 -69 36 -31 -14 -60 58 -93 -45 27 -69 -25 22 -67 
-13 -59 75 37 27 -83 87 7 48 72 -88 -14 49 66 -40 66 56 -13 -56 48 93 5 29 97 49 70 88 -82 11 86 -49 36 -70 -5 79 49 77 87 51 -45 -44 -25 83 41 -99 -54 -22 11 50 -49 -95 -85 -69 38 -45 63 -18 18 -94 -50 -50 -100 -17 11 -8 37 26 61 51 79 -68 -29 85 -84 67 -79 62 -56 28 -5 -46 44 -2 -88 -60 -21 -18 74 61 -73 
80 -42 23 5 89 17 2 -17 38 57 14 27 59 15 22 54 23 -18 35 -92 54 -45 91 100 -98 97 36 75 15 92 43 -65 -34 14 -19 -59 -91 71 23 -88 -14 -9 -62 19 44 40 -9 -24 7 20 30 77 -42 68 -100 95 -57 86 32 63 49 62 58 -42 99 94 40 62 -18 77 95 3 -31 88 3 37 -60 62 -44 31 -17 -68 -76 10 -87 81 53 43 26 22 
43 9 0 -97 -6 -66 -4 -8 -36 -85 -89 59 -16 -6 -54 -13 33 -90 84 46 16 35 72 -97 12 4 78 -93 64 -22 -92 73 -60 -78 -12 -59 -19 -44 92 73 -2 -76 -28 -20 13 98 17 -57 -98 -10 79 -23 -91 -8 83 -35 47 -80 -42 -76 9 7 19 67 93 -49 69 -26 -9 -69 91 66 -45 94 -96 -39 37 -12 66 16 -6 -22 28 -58 -50 43 -63 93 7 -59 
34 -26 -50 92 -91 8 -96 -40 -16 82 44 79 93 -4 98 -47 -54 91 47 -52 -52 60 7 99 -79 -92 -80 -78 69 -76 71 -92 63 -79 -45 3 7 35 -51 35 67 20 -26 -45 -50 -82 -77 -48 -97 28 84 83 49 9 75 9 -9 -52 -46 6 63 8 100 15 62 -20 76 19 99 -46 -9 15 42 -4 -100 -79 -20 24 95 14 -37 1 21 42 -81 13 98 -100 96 72 
-79 54 -68 86 -65 -58 15 25 -77 -31 -82 69 2 -82 55 100 67 -22 22 -96 21 1 -64 1 -93 71 -56 -32 -44 99 -32 54 50 -51 84 37 14 6 55 -19 -99 -12 17 -74 -28 -76 89 97 -76 -97 -7 45 -8 51 -54 -36 30 0 45 -60 63 96 81 12 -42 -66 51 77 32 34 22 51 -10 -78 31 -30 14 -92 49 35 40 -94 94 -85 -43 -44 -93 7 -67 -67 
-52 -55 -9 -10 -61 -10 -82 -12 -63 -94 36 -87 2 -84 30 78 79 -39 -39 95 -50 -30 50 24 60 51 3 78 -67 -54 -81 63 96 17 -24 99 -12 33 -23 5 24 -89 59 64 32 -20 -90 -69 72 -12 2 -11 -32 -11 83 43 -41 21 39 43 94 17 43 -66 -25 80 68 33 -11 68 67 -88 81 76 -61 -71 41 74 64 -12 44 64 19 -5 85 -86 80 -85 -56 -62 
-32 30 46 -12 92 95 -61 -42 87 1 67 -16 -34 -59 -60 34 29 4 63 71 -96 91 -62 10 -91 11 -47 56 89 -2 -9 66 -75 -55 -21 -38 -40 79 91 -53 36 -92 83 -37 -96 34 -15 40 33 -32 70 55 81 -70 -75 13 11 -1 -82 -66 100 -72 -51 -96 44 -76 -87 -70 63 95 61 -32 -27 -48 13 60 -34 -94 43 79 47 -38 45 -9 66 16 73 80 7 50 
-11 -34 -93 80 76 -18 91 32 73 64 41 83 -47 26 -17 -92 62 82 85 96 89 90 64 19 17 -36 66 -23 -57 -31 90 4 17 55 63 61 -67 -28 -9 87 16 -51 -6 -22 -67 14 -89 51 38 69 -60 -36 -34 88 42 -65 -70 7 -82 -2 4 -89 50 -23 44 54 -48 80 66 65 -96 85 27 78 -19 54 26 -34 44 84 -4 -24 -50 41 -92 42 35 -96 -66 -47 
-93 -32 1 -89 28 48 93 90 74 -88 -56 15 -5 -59 -65 9 75 -40 61 -45 5 91 59 3 -95 -88 -70 0 -24 78 -42 33 8 21 55 -17 -8 -65 24 40 77 -66 89 -49 -34 -8 -28 -99 -61 94 -63 36 50 -98 100 -23 -96 4 -81 79 -61 51 98 -70 62 -62 18 75 -28 51 46 34 5 -53 -42 52 -74 -93 23 -82 -26 64 -76 -61 73 -18 48 83 31 -32 
99 41 46 24 -11 -51 80 90 53 76 25 -15 -16 64 -42 -61 -79 -19 17 11 -37 42 13 96 -75 -86 -40 -28 15 93 84 1 92 -54 100 -72 -90 83 19 -52 -24 -96 -94 -36 -45 -96 3 -82 89 -48 -69 -80 79 -36 54 77 97 8 -42 -26 39 -97 95 -27 1 34 -87 40 96 33 -59 -26 -86 -12 70 -45 5 -52 -2 37 -21 97 44 -67 -63 -56 -66 -24 -81 -41 
-8 73 -50 -38 -1 -8 -4 76 75 47 -11 -94 43 40 85 70 -23 79 90 -94 -75 -99 51 5 -26 98 -16 39 94 33 -30 67 -58 -51 3 -98 -48 -37 -34 -30 92 67 69 -59 23 -35 83 -93 34 19 83 63 84 -45 61 25 66 17 -10 89 -72 48 5 30 -78 100 86 -74 37 -47 70 -98 -20 -88 -5 -89 15 94 98 98 -17 4 -27 -47 -68 -47 94 44 -50 87 
-33 46 -69 51 41 13 73 24 -15 84 75 39 16 43 -59 -54 90 21 -41 36 -19 46 32 19 -18 48 -41 -36 14 -41 22 32 -46 -5 -70 22 -57 27 95 -71 92 -39 25 -40 86 -37 66 55 -15 21 44 0 0 -42 -75 50 -76 -47 -61 -36 94 96 -98 59 -44 14 -43 34 64 -63 -42 60 51 7 -61 63 -73 -8 -13 -7 7 -33 28 -20 33 -67 66 -91 45 -34 
17 49 58 10 19 -83 52 -12 16 10 -5 92 46 83 6 -28 4 -14 -49 92 -89 10 -27 -51 -60 -52 -92 -79 -81 82 -58 -43 86 43 -93 34 11 -75 -35 -88 82 86 12 74 20 49 -4 37 -11 7 50 14 -59 -11 32 8 56 47 -64 -16 -78 -86 -79 -1 88 85 67 -34 -45 52 48 85 -51 -50 78 19 -65 -85 -21 52 26 61 58 87 -19 20 58 34 -52 -74 
-74 -27 -75 26 -75 21 -87 97 -57 -57 81 64 31 -1 -40 37 3 -29 62 -5 -76 62 55 76 -8 28 87 88 -55 -9 -72 -51 57 13 -18 -53 58 -84 -38 -14 -75 -84 -11 -67 79 -19 35 89 -41 -66 53 -41 -75 50 46 40 40 38 -9 91 57 32 -55 78 -29 -57 33 99 31 -77 -88 -16 -12 3 12 5 -32 -37 29 -19 40 -24 92 -78 -72 -36 -14 76 -35 17 
30 -71 -86 86 -21 31 33 22 -69 -64 -53 -94 56 -90 -65 41 -14 26 -22 63 41 -31 37 -23 -83 -68 41 -95 95 -5 -88 16 -8 16 7 -71 0 -22 56 -6 62 -10 -85 10 75 80 51 79 -90 36 -16 41 5 -68 59 -75 25 -63 43 13 -1 -36 -59 -85 -35 -81 -74 49 -82 -54 -10 52 2 22 94 -33 100 78 90 -44 17 67 -20 71 -23 51 14 59 -91 -38 
-15 44 -1 5 -100 -25 61 14 30 63 44 69 -64 -70 -71 16 25 33 58 -7 20 -73 29 -42 4 87 -98 34 92 4 -73 58 -53 -87 -18 47 28 23 -60 74 -71 -97 -5 -1 19 85 -35 -42 -61 10 90 2 63 -24 -24 82 -22 34 90 20 -53 68 -50 65 71 -21 27 19 -1 64 8 -79 -97 54 -42 8 -24 7 -77 28 57 -35 -31 14 -71 -86 -92 22 67 -88 
-46 -64 96 14 -12 -1 -49 22 -33 45 -54 -78 -44 -34 39 83 8 -97 70 -28 -15 -64 3 -72 -57 -68 -95 38 7 -76 -7 63 20 27 53 -50 55 46 18 -62 -16 26 32 8 42 -45 99 -97 -31 82 -37 67 40 86 77 -22 -91 8 38 97 -58 56 74 40 100 89 87 -47 100 -67 -83 -80 65 75 32 15 4 53 9 72 -62 -53 55 -35 -9 -39 81 -27 -73 -85 
60 -13 -59 -35 60 -100 -29 -70 -78 -4 -63 -93 75 -55 84 -9 -16 95 -94 90 84 -98 -43 74 47 73 87 100 -49 16 -30 -22 -75 58 -59 -78 -46 -43 38 -63 -6 -34 -58 -4 -31 -92 -95 37 91 65 86 94 -39 -66 86 -29 -39 17 11 45 59 -100 -56 -43 31 28 56 100 -26 51 -61 58 62 -61 37 68 41 11 15 52 38 29 -84 34 31 6 82 -47 88 -83 
-2 74 -4 -45 12 42 -5 24 75 -19 -53 -2 -12 -57 -29 94 97 -28 -2 48 -97 -30 -81 5 33 99 77 -64 77 -38 -66 90 -87 -38 -6 -80 -72 59 24 33 82 -31 -99 -1 10 19 -71 73 -47 -55 -84 -7 -6 -23 25 -56 -82 -65 -3 -38 63 -22 -87 -64 -46 71 30 9 34 -30 92 -78 -93 14 -63 75 -86 53 71 46 -44 -22 87 86 22 68 -61 15 100 -21 
-94 -17 74 9 -81 75 66 20 -100 17 7 -92 45 -32 -11 93 48 -40 13 49 45 -82 -58 7 52 -82 4 91 45 83 -91 89 -44 62 -21 -2 -4 -62 27 -14 -52 3 24 -16 -68 -35 -30 -38 62 -18 67 -55 -65 -67 7 69 95 -28 8 53 -56 -55 6 -83 -14 -72 -37 -32 58 32 6 87 100 77 -23 39 -91 80 18 -90 46 -63 -10 -8 -41 74 -70 75 -86 9 
67 52 -13 80 62 -96 -49 98 80 34 -17 46 -21 -66 54 -93 8 20 53 -7 -81 31 73 -41 26 26 97 11 18 51 57 -97 -60 21 -92 -29 53 91 -79 84 -14 -6 65 -67 73 35 36 -70 -11 -5 19 39 92 -7 -1 -15 -21 72 39 4 -67 -3 23 85 -81 57 -75 -27 73 52 58 83 2 -42 -55 46 22 49 0 38 73 1 55 78 -20 -55 -85 -91 -78 98 
-64 35 -2 12 -55 23 34 -54 54 -5 -53 69 -77 -51 -1 -18 48 26 -51 99 51 59 -55 16 47 11 -29 -94 95 -9 59 0 3 -92 -58 -67 -66 17 99 -56 17 -87 -32 -49 -95 -10 -39 -49 -10 12 -98 -8 -46 -82 -60 30 -20 92 -14 -64 -28 42 -93 82 -33 32 11 -94 -59 -67 12 92 -63 20 37 11 27 -46 -65 -78 4 -49 75 90 27 5 13 -20 -64 72 
41 -49 72 -77 100 17 38 -51 25 51 50 -3 -54 -27 -33 39 -81 -16 70 93 94 6 80 -74 -70 33 -38 99 -84 -64 -58 -12 -7 -80 62 72 91 -91 66 -72 -47 13 -28 -76 -10 90 -3 -18 12 -9 96 59 37 -34 -79 32 59 27 -68 -39 97 -43 -86 -3 -54 -50 -44 34 38 -16 64 84 33 -22 -16 -29 -75 -100 60 -80 -76 18 68 29 17 3 -29 26 88 -72 
33 -57 -12 -63 62 91 47 -97 -96 -72 94 -75 -24 -100 -51 -53 9 -39 71 -66 -92 -2 -34 68 67 -31 43 -44 97 70 19 -16 -8 2 74 -70 -36 -88 -8 60 -90 74 -92 93 14 -35 74 35 92 -65 -7 29 -7 59 53 -60 -78 19 55 96 -95 -48 36 80 -15 31 98 16 28 -46 -80 99 -46 84 -41 -4 23 25 -48 37 76 -17 50 81 -95 -31 70 31 32 17 
-8 -78 -88 -50 -79 -10 8 -53 -5 30 -90 -97 16 -63 89 -69 31 84 -18 -39 51 58 62 -59 -59 22 33 51 50 -43 -62 -100 18 -87 -20 -30 -2 -13 -98 -91 70 -94 16 -74 55 92 -66 88 78 -57 84 -100 -89 65 77 23 -10 15 -84 8 9 5 3 46 -57 81 79 -76 90 100 -100 22 95 71 72 -60 -43 -25 -91 69 -23 -72 31 25 -95 -50 -29 18 -2 21 
80 -83 -47 3 -13 -23 -96 16 -92 -55 43 -21 57 -73 55 -4 -35 -70 -24 -61 95 -34 27 -20 -18 -20 -47 -30 78 77 55 31 -43 -35 -66 16 -26 20 -2 4 -12 -16 -25 73 -39 -11 14 -87 -81 61 -97 -56 -57 -19 80 81 57 82 -17 41 -100 3 -57 -20 -8 42 -72 -88 -43 -76 -42 72 -86 -65 36 47 -13 -90 31 36 -28 -89 -42 16 74 39 18 61 -65 65 
-30 -87 -42 97 -53 18 -60 -68 -79 66 -41 -67 -4 2 -20 -36 39 -81 -36 42 89 33 52 -75 -11 -1 -45 -86 71 -74 -26 -66 -48 4 67 -61 -13 13 31 73 58 -42 70 -86 -11 90 24 94 -94 96 97 -32 77 17 48 33 -37 78 -23 -64 -37 47 67 60 28 54 20 -59 -75 68 98 -57 -2 32 -74 -8 -34 60 73 -48 95 -97 -4 54 -56 45 34 -78 -87 -48 
15 -3 -79 9 -39 -79 90 45 -38 80 -98 -44 7 -15 97 94 49 96 60 -78 -71 -16 -31 -49 62 48 -54 9 34 2 33 -14 -29 95 98 -16 -16 -56 -71 -60 9 39 72 89 62 -1 -72 -88 66 2 42 48 100 60 70 -38 88 2 -38 -93 41 48 -84 -100 -80 -17 -98 61 -86 -5 -69 41 -40 -93 84 -65 48 65 44 -81 10 45 -68 -25 59 -90 -83 42 -50 -90 
14 -95 32 98 -48 -52 -69 49 67 91 15 4 -6 60 56 14 -81 84 -38 0 15 -49 46 -78 92 -13 -84 7 21 33 77 -57 -1 70 26 86 18 26 33 -46 50 49 18 59 -69 -92 33 74 9 54 -24 -61 20 -99 14 72 -71 -73 13 -90 20 31 -97 -84 -21 44 50 62 -34 -30 12 99 80 9 10 -78 -98 -92 -81 27 -41 92 -14 -7 -91 9 57 -18 9 -24 
-82 -78 21 -48 60 54 27 -53 40 -90 -77 97 -33 47 -54 -68 79 -84 -18 -35 -21 35 -34 -65 -53 36 63 -93 23 91 -97 21 -88 54 86 64 85 74 83 -77 -46 -96 19 65 -79 32 -82 -30 -96 -10 97 14 -51 -29 87 40 45 75 35 60 93 -94 -87 -64 -84 47 -1 -44 27 -64 -75 -52 -32 100 -15 -60 58 73 69 -16 17 39 -95 72 -31 -85 -8 -61 -99 93 
-69 -45 81 -40 -27 -93 -44 62 92 -66 32 -2 -61 -3 88 22 -59 82 -37 -37 68 -79 -58 -28 -1 -23 61 -6 80 -89 13 -30 28 43 16 -45 -79 -84 78 -36 50 51 -51 86 -47 -81 -17 2 -15 -25 80 72 -60 70 74 83 45 -79 97 77 -26 29 -69 -12 74 23 47 -27 69 -37 45 -14 20 6 34 84 27 -30 -99 -20 -28 95 89 -21 -5 -90 19 -56 -8 75 
-32 66 28 69 20 8 -67 31 -29 82 -31 -92 34 29 55 42 26 -78 -40 -48 -99 31 -84 -45 -21 -90 -97 -1 34 -14 80 2 95 46 16 55 -45 29 -40 72 97 66 45 54 17 -54 -93 -100 8 45 -58 63 100 1 17 50 13 -42 -89 46 -73 -69 -43 24 -17 -28 31 1 -92 74 -83 5 20 91 -42 29 -7 -34 -38 79 -98 76 -69 2 -90 10 48 75 23 55 
49 29 -98 63 97 18 -80 -33 66 3 12 53 24 28 -64 -56 -1 80 -3 90 63 -4 97 -93 -79 86 88 -78 -9 35 -4 -14 -77 52 -78 -86 31 60 -23 66 -96 72 60 11 45 -98 79 -80 -94 -91 70 33 83 59 98 46 36 20 -45 83 77 -58 -94 -100 -42 35 -96 20 74 19 -59 6 100 8 -46 -7 -83 -13 74 17 10 -31 51 -51 -11 40 77 -26 -85 -73 
47 -86 -40 -53 -75 -98 -84 51 49 -96 -29 26 -94 -22 51 37 21 98 -88 -87 -67 -67 -38 4 -74 38 -3 -53 -62 19 31 93 86 89 -36 59 -23 63 -85 -55 -12 -71 32 53 -5 -33 -72 -32 76 53 32 18 10 36 82 -58 -88 -69 -77 -81 78 -56 -66 -48 -86 -43 -46 91 77 -58 88 51 -25 -28 39 -77 41 97 44 23 -92 -75 -1 -45 48 16 -63 -98 30 79 
25 -47 64 93 -8 -45 -80 0 26 63 -84 -12 72 86 44 -82 42 71 100 80 -38 35 -24 -100 76 -62 36 65 3 31 20 49 -11 -95 -86 -98 -46 68 19 -11 83 69 26 -98 50 47 -51 39 -18 -18 -31 55 72 -83 -44 100 29 44 56 -3 -56 -38 -39 -65 -41 -20 40 -26 100 4 -31 -31 -24 -59 39 70 -24 87 -60 70 48 47 92 92 35 -42 59 -85 -29 0 
45 42 74 17 9 -72 60 44 85 -86 31 -6 98 -96 76 -48 -22 -34 -10 -15 58 -14 -99 82 -41 29 99 73 -51 41 -52 40 -56 24 100 54 -51 -14 -42 74 85 -21 -17 -19 69 91 -45 -55 50 27 25 -96 14 82 55 14 10 -73 44 -6 -70 -94 -94 86 -90 -81 33 -19 -25 77 -20 -26 24 -61 -67 -95 -48 80 -29 -96 -95 90 -51 -59 2 27 56 -6 -25 -42 
82 -32 45 -86 5 1 68 -48 -58 59 14 -28 -97 -56 5 -49 34 68 35 -75 -55 20 -34 -100 63 -45 -71 -1 -77 -40 57 -43 -49 -19 66 37 55 -30 21 8 -87 -37 -55 58 11 49 -75 -51 -66 29 38 -5 35 69 -45 -1 -93 -95 39 83 99 -63 -31 66 6 -5 -24 -45 5 -50 -40 99 10 -58 -39 -9 -28 97 54 41 82 -61 22 38 -31 6 4 59 3 56 
98 -5 -66 -64 -91 30 -50 -31 -16 -35 -93 -8 79 -64 -7 86 -36 86 29 22 76 -79 -36 -44 51 -68 -80 -80 -90 8 34 37 -72 -19 -85 -12 -20 -51 79 -10 -39 71 23 0 74 10 -19 -68 -39 -64 66 -78 -12 -53 -23 87 -55 40 87 43 21 15 -90 -65 -94 -73 -43 -23 55 -31 43 23 -11 98 64 41 16 24 26 40 -57 75 -16 -50 100 -21 82 72 -13 -71 
12 -23 -31 -61 -1 -20 98 60 -18 -40 -10 33 -11 -8 67 -7 74 -49 62 -65 -73 57 16 62 6 -44 98 73 42 44 22 -39 -35 35 30 59 98 -92 -84 -54 -13 86 -23 -73 -77 -26 -28 99 40 50 17 10 -32 35 -37 -90 -16 50 -88 -44 -100 -16 -92 -53 15 31 38 -90 53 87 18 -62 28 45 -51 -71 -21 10 -52 54 -98 -61 98 70 -21 57 59 -99 -57 44 
-5 -10 81 87 16 14 -47 92 -83 50 23 -100 -83 23 95 -71 17 8 86 -1 79 -76 85 -87 4 -92 -19 -45 -42 -26 -72 27 97 -80 -17 -16 -78 98 -82 79 -70 -14 12 -94 -9 -100 -86 63 -36 18 -76 -53 95 -85 82 -93 82 -44 -44 -5 2 8 28 20 15 69 54 33 53 -65 -29 -86 79 24 -82 -50 51 -14 -16 -54 -19 1 -13 0 -21 57 -39 -46 -8 -41 
41 -59 -61 -65 -40 -92 83 -93 -54 -51 -23 42 -87 29 -66 39 56 -9 52 84 82 78 44 33 -19 91 -15 19 -25 -70 -71 52 56 95 9 94 -14 -94 31 73 -88 -85 42 -67 -34 8 -35 -42 -32 61 33 -77 16 72 -68 -28 73 -96 -86 -93 39 -40 -4 3 54 18 51 -95 -22 98 -58 -31 -72 27 64 -12 32 -88 -58 -26 -7 6 29 39 -53 24 -92 -39 -58 70 
60 88 -89 -42 -86 -48 57 -28 -82 48 72 -37 79 9 51 15 -89 0 24 99 94 59 -99 -74 12 -6 -5 -35 -29 74 -85 -80 49 33 -99 -68 60 -34 52 47 -77 54 -34 30 98 36 67 -86 39 -83 -67 -41 88 68 -12 5 -28 3 25 51 -82 13 63 -81 -43 55 22 21 72 38 38 99 86 3 69 8 -55 -53 63 -52 -38 -66 100 -84 -34 47 -51 14 -38 55 
15 -39 97 65 21 -86 27 -90 66 -5 -10 56 -72 37 -47 -64 29 50 -10 -12 44 -37 47 -94 77 36 1 -34 -5 26 -12 24 4 19 54 92 -64 -45 -98 91 -62 -6 -32 -31 -99 65 91 22 15 -3 -26 -1 20 -21 -25 27 -45 -60 -43 19 64 -98 63 -5 73 -74 74 -10 -66 40 12 -72 7 70 8 19 -43 18 82 -64 -58 -52 -35 91 42 -9 24 24 -71 -52 
75 -5 -91 35 48 -40 94 69 69 85 -3 -30 -75 0 -45 -25 32 61 20 -90 -1 98 81 18 -76 -41 55 -14 86 -36 -36 -95 58 65 51 51 74 -10 85 81 -43 81 -23 -61 15 88 -93 6 -38 -85 58 -24 95 19 -29 -39 -82 43 -45 7 92 35 60 -100 89 90 33 94 -61 -68 -81 -56 95 -34 -77 82 -76 85 7 32 -52 51 35 19 96 -42 -83 46 52 -89 
-91 -60 -27 32 -77 19 -13 -54 12 -92 85 66 -68 -18 -61 -92 -71 -1 -46 -83 -89 86 -99 -2 85 54 -67 45 90 -18 -3 41 27 46 33 -31 -22 -73 55 27 96 90 -98 -52 -3 39 -27 9 9 -49 -48 57 -100 47 68 46 23 -34 22 -57 8 -42 91 41 -51 57 6 48 85 -51 12 -5 -97 5 19 -82 -1 69 -97 54 84 -26 -84 -1 92 -23 15 66 -28 6 
17 -50 -25 -68 -74 -54 88 25 -79 51 50 76 -33 28 -56 -32 -88 32 62 -57 83 -89 99 -39 11 79 19 44 -84 73 78 -54 -70 -16 98 72 -85 71 84 92 58 91 -57 64 -18 -89 3 -8 -48 58 88 -76 -11 92 8 22 -65 58 -71 -89 -71 65 -7 32 75 41 56 -45 93 75 -89 -52 -42 89 12 62 -33 69 -55 40 30 -35 -98 11 -59 37 80 -95 -87 -98 
31 -92 -15 -5 -2 -57 4 -43 -36 27 95 -4 -95 70 -23 -98 -60 -61 -75 -9 -9 4 99 6 43 -58 -28 85 76 0 82 68 11 66 22 -32 35 -98 98 90 25 8 -70 44 -18 -60 87 -64 -37 -21 75 -44 -5 -61 17 -53 24 -15 -81 -89 45 -6 -51 -65 -86 -66 -79 87 40 -20 -19 91 71 -98 23 -4 -66 -92 -75 -49 -73 -69 -88 99 -2 73 -51 57 34 66 
-44 -8 -99 22 12 -91 -69 15 98 3 -20 -36 -56 -93 16 -22 -8 31 24 26 51 -95 2 -72 74 -86 94 9 -37 -34 -40 93 59 -6 59 15 -26 -95 -53 76 -17 79 87 68 48 -16 -78 -74 61 44 36 -84 79 50 -7 6 -30 -83 6 -31 87 8 -47 28 80 -12 -54 -15 -11 3 61 -16 73 -100 54 49 -82 21 -57 56 -44 2 44 -66 -67 -53 -5 51 71 -15 
-63 30 69 -25 4 91 10 46 92 18 -49 96 -97 65 9 5 -78 25 44 -52 31 60 -70 40 87 98 34 48 -93 -15 73 0 -78 -11 94 96 -73 -36 -68 -5 29 -1 -46 -5 80 79 27 56 36 46 -1 -41 -97 21 70 -10 40 -88 93 96 -11 -65 57 87 -87 -69 -1 91 47 35 81 74 68 -1 60 39 15 37 -53 25 -72 -40 76 -1 52 39 -66 54 -34 -30 
-60 79 -81 50 -15 -61 -41 -80 98 42 -10 -16 31 80 -98 -12 20 -92 18 -83 -34 95 34 90 -11 -85 -14 43 86 -100 -90 -55 -78 72 53 -21 -16 45 -82 -1 100 -55 -64 58 -53 29 -80 -90 20 -69 -1 79 -47 -6 -69 58 -54 -31 -72 -18 -68 25 6 -50 -24 19 -24 -33 22 -100 -25 -95 -97 -28 70 -51 15 7 99 96 71 63 62 77 47 -86 11 -42 29 -96 
-49 42 -23 -85 42 50 -33 -48 17 9 62 -77 79 -97 17 63 91 -47 27 -28 -88 20 -78 -54 -8 -25 95 9 71 -10 48 79 -2 4 -23 35 95 -10 -41 -36 98 64 21 60 87 28 8 39 -69 78 2 13 73 -41 77 -3 -26 -43 -90 24 90 -69 -36 -1 67 14 -98 -80 50 -29 -48 50 -12 -21 3 -22 90 -9 90 86 77 88 65 -51 -78 -58 75 -28 -99 -18 
-35 60 80 -72 16 22 62 -48 -34 84 -93 -58 -2 15 -84 79 29 -33 33 8 69 -91 -58 48 52 -61 22 -6 -26 -92 -79 0 90 59 -39 -81 -68 -36 -88 65 93 39 -73 45 29 52 66 63 -54 -83 68 83 -53 68 56 5 -19 -69 -13 31 63 -97 -84 -50 -79 -9 23 78 -59 -36 -34 94 -41 81 -58 21 23 -24 85 -87 92 -42 -92 60 80 -33 95 68 -53 -78 
63 -9 53 7 21 26 -87 -53 -98 -57 63 15 40 -86 40 31 -26 22 77 83 -69 -80 -75 27 -39 90 -75 37 34 64 31 -89 -91 26 17 -95 -19 -31 -75 -64 -50 15 53 48 -50 -74 -100 0 -85 88 69 17 -67 -44 20 41 9 62 73 23 -12 -37 -65 56 -84 22 -94 79 -57 32 89 98 -35 -63 -18 -69 2 -97 -39 -97 -36 -39 -26 -36 -64 25 71 57 -25 -59 
43 8 -72 -82 31 25 -68 -23 1 32 -15 -80 49 -96 -35 46 -91 -28 53 42 59 -1 -78 -6 77 97 5 11 61 84 85 88 22 94 -70 -29 84 59 -34 18 -98 13 82 -99 -18 -57 -27 8 -8 -64 39 -80 68 -69 98 -28 -73 -100 -28 -50 -99 23 -39 -31 83 68 1 -73 -9 -30 68 68 4 5 60 -4 42 82 -51 -79 99 21 78 59 -19 95 17 88 53 0 
-10 46 -26 -26 64 57 63 34 -6 -51 98 6 -33 0 4 42 34 79 73 -47 -21 59 50 39 -22 -12 -55 99 -1 83 13 -32 -70 -82 98 -86 -35 -84 50 19 -56 -85 17 100 96 4 -1 -35 -10 73 -86 -3 -93 69 10 -87 81 -34 -46 8 89 -69 97 -16 82 44 93 -12 -24 -64 -28 96 -56 47 45 28 74 25 -87 94 94 -2 -36 3 38 25 67 -17 53 13 
-1 -11 -10 60 33 -77 -5 -81 -22 -25 94 95 -67 -13 -9 3 -83 -29 19 -79 67 81 93 -91 32 56 -32 -68 -94 -87 64 79 81 67 21 -16 -20 -5 38 -70 67 69 -92 65 -33 32 23 89 57 15 -19 -53 -78 -48 -44 -9 59 56 93 -26 -79 -80 72 -56 -85 3 67 2 84 17 -17 -67 -14 85 35 14 -71 36 -23 -8 28 -89 -62 -51 -75 -87 -1 96 71 -80 
99 -23 -28 2 31 51 20 24 -54 -54 -93 36 13 -1 98 71 100 -66 59 -72 -59 -29 73 -14 -24 -10 26 -58 89 -12 -4 -85 -30 63 -23 -67 -37 -47 78 77 -60 -12 -13 -73 -92 67 -3 -39 -52 -28 -20 57 -80 -25 100 -8 29 38 -19 -44 -95 -27 32 22 -13 -39 -39 -89 7 -35 88 -17 -29 63 66 -94 -3 58 -36 -83 -34 -64 -80 39 98 19 14 -76 49 -71 
-47 60 11 95 52 29 -10 -34 -27 28 73 17 50 -30 -54 -65 -69 2 -52 7 -67 23 -34 6 -76 -97 -34 -8 -6 -31 41 51 32 25 87 -40 79 17 81 -42 -83 -76 -25 -84 -28 -53 -89 -57 -44 -99 -34 40 -76 65 -16 -82 -77 36 48 -89 -40 -30 75 92 3 -17 84 -71 100 11 90 -42 13 38 77 -84 -76 14 8 -70 27 61 -68 -66 -10 -37 54 -95 -38 9 
87 16 45 31 8 17 -9 71 72 46 -22 -77 38 -46 -99 79 -38 -24 -42 16 45 -53 78 -28 49 17 -28 90 -71 -94 29 26 86 -91 -6 -71 -2 -87 48 -21 71 -33 -14 -22 56 64 -14 41 -90 50 76 -79 20 63 23 -86 -19 98 -73 -64 89 -63 -19 -5 -47 86 83 -32 -86 48 19 0 75 -58 6 8 48 4 31 -2 58 -48 16 6 -34 -28 28 -50 -48 -63 
-92 76 87 -67 94 -82 -100 -44 53 93 -61 60 -51 86 -98 99 70 -5 -28 18 30 36 -95 58 -66 7 -63 -73 92 100 26 -48 -79 -91 91 92 90 60 -93 -38 -31 94 -71 11 -29 4 100 54 16 -15 56 44 -13 19 -28 -25 56 81 -83 12 62 -69 6 64 -72 -26 -34 42 -7 74 -22 -15 -4 69 56 -85 84 50 11 8 -80 33 81 41 72 -14 -11 8 -83 30 
82 36 -84 13 19 -37 33 -27 -67 -27 -79 71 13 -7 -55 -66 55 79 -93 59 3 3 -81 -63 56 72 79 92 -20 89 -13 -60 -31 28 71 81 60 88 -36 -80 -11 34 -1 44 80 -11 88 80 68 -25 85 27 68 -44 -70 42 -96 -28 22 69 -49 47 23 85 60 42 52 24 -25 -87 85 15 -55 -74 -100 -79 -51 -61 43 -68 -70 -77 57 30 -86 -28 82 41 -57 -7 
-28 90 -45 -44 -50 28 20 75 -90 86 -97 96 49 -35 -73 46 -22 41 24 58 35 -34 52 -94 39 -49 -5 75 90 -65 27 72 88 47 67 -41 -60 -85 93 -71 37 -15 14 -64 -54 8 -56 3 -38 98 36 16 -90 59 -46 38 -40 -50 26 -39 -21 56 -71 -26 -68 -68 85 77 51 46 -40 -49 12 89 -59 -51 84 19 14 -16 46 11 38 -83 -57 -42 90 72 11 -95 
-20 -68 -78 84 96 26 -59 92 -11 -8 -82 89 6 60 -73 20 -79 -2 -2 13 69 -44 -6 -85 -40 -59 -8 -62 -81 -39 -93 92 90 49 -39 30 23 6 -25 70 84 70 64 -68 -7 0 -69 66 -19 -17 -26 4 -93 11 86 23 14 -52 37 12 -19 -90 60 -32 -93 -98 91 76 -24 -72 61 -71 43 46 -53 28 40 90 -10 -39 18 -48 35 36 83 -59 -66 -92 64 -92 
-69 -9 6 72 -48 21 83 -76 38 -88 69 40 36 77 33 13 -56 9 -29 33 -68 -20 92 10 79 80 80 -88 84 17 -63 -54 -68 48 76 39 -15 -92 51 51 51 43 30 59 -29 41 -52 -34 -93 13 -40 -60 -45 -46 48 -49 2 56 35 27 -11 91 56 5 34 -72 -11 89 79 -96 79 -71 -28 35 100 74 -3 -31 -81 51 9 80 -54 -45 18 -58 62 92 14 -34 
2 -87 -81 20 64 66 37 -38 7 -92 -21 55 81 83 -66 87 94 36 -41 -21 -13 -86 -28 -10 45 39 88 -70 16 -77 -18 8 -63 -74 53 -30 -81 8 -69 -26 12 -65 -62 77 88 61 85 45 57 -39 -22 19 -6 -36 73 50 82 65 33 -66 34 -81 29 -59 -43 63 78 20 -22 -42 49 98 48 -76 -11 -29 -16 3 -69 -70 -20 27 -8 46 -3 -16 83 -55 -79 -83 
14 31 -41 -40 0 -60 -50 -65 52 85 100 -65 30 -16 19 -76 -56 -72 52 -63 -28 -32 -87 -74 43 46 95 47 -5 56 71 -95 72 44 -61 -40 40 49 -91 76 12 -49 -56 35 -26 71 23 -63 -5 -54 -63 91 -60 78 36 21 -95 37 -28 93 78 -12 -78 -25 -34 4 56 18 37 21 -67 -20 -61 -6 -11 -41 97 38 -4 91 -22 47 -38 -70 39 -85 70 -55 62 -41 
24 -99 5 -94 79 -12 58 -83 -47 -36 75 -88 -19 43 31 -99 36 88 -90 24 -15 33 49 -54 -89 79 -67 80 -88 -85 -98 -7 25 -21 88 51 7 -97 90 58 67 -69 58 -39 8 -15 15 89 -14 -65 79 -10 -65 48 -36 79 -73 0 -9 -86 53 88 93 -30 97 42 66 89 38 -29 22 18 -42 80 86 17 49 -45 -61 17 16 -31 35 -21 -43 -55 79 26 16 -91 
-22 -24 -96 -85 7 -37 63 -87 -3 -98 36 -75 7 80 -69 88 -96 -94 34 49 -8 -97 9 93 -28 -17 54 7 -49 -53 15 -93 -55 -50 84 69 22 -36 98 -85 -79 -71 -89 -100 -38 99 -77 43 15 -45 -48 30 48 -17 40 -55 59 -44 82 -22 4 -38 -75 39 78 85 -6 -9 -58 91 -25 -23 -40 -34 66 -60 0 12 22 65 -54 -64 -53 -68 46 59 75 -18 -40 75 
-29 50 -43 -11 -50 -27 40 -84 -93 -28 71 87 49 -18 95 -67 -86 -76 -5 -6 -55 -85 38 33 -40 -41 -58 11 -88 -51 -2 -92 84 -11 -93 -63 5 10 -32 67 -91 7 -85 46 89 -8 -66 -42 5 95 -96 -98 -82 -63 96 23 -43 12 -96 -6 44 49 10 26 -85 70 -70 97 -73 11 -28 82 32 25 54 -15 45 -96 -97 66 53 3 -64 14 48 96 -50 -68 52 70 
-37 88 -90 53 99 67 53 -14 -70 -58 -42 43 -18 43 1 52 -38 85 26 78 -22 -14 30 -1 13 51 94 33 88 -93 12 42 -81 85 -29 -49 -17 0 -80 29 18 -21 -68 -33 -8 -33 -70 -60 -34 28 -55 56 -15 15 -81 96 -16 -96 -1 -14 34 52 14 37 -98 -10 -29 -49 -68 46 -24 39 25 -54 -21 77 -78 81 -28 -9 -92 64 -15 -45 -96 6 -34 21 92 34 
56 62 18 40 25 33 36 -48 -77 -93 61 82 4 22 -99 80 -16 77 5 85 -39 -23 -78 -32 -68 -60 -15 -48 -94 52 21 -74 -13 27 -73 41 -57 27 7 7 37 9 49 16 -54 97 11 68 -30 -20 -49 -60 78 -23 42 -81 77 28 56 52 -21 -18 15 30 60 6 0 -28 9 -63 -65 52 -41 44 -73 48 -54 51 92 -36 30 77 93 -5 42 1 -45 32 32 69 
61 66 -72 70 -79 -61 64 90 -42 -40 70 83 -97 33 -32 19 -8 -66 -80 28 -34 -87 -23 79 -10 -67 -66 72 -52 -95 74 14 33 -37 -70 23 4 64 27 15 -24 29 -22 -93 -68 -36 -78 -89 -29 59 -61 -78 35 -39 -92 39 92 17 -7 65 41 -32 45 -95 94 52 -91 13 31 -3 -58 36 41 -100 35 -10 -76 -88 -35 23 -17 -9 49 13 3 -14 78 38 81 45 
42 -17 11 52 78 -2 -59 42 -8 26 86 63 -70 -23 -4 24 63 -98 -8 -46 40 14 -7 -91 42 -5 -61 74 77 -95 -60 -92 91 -95 -82 54 91 70 -86 65 -68 93 99 -34 -83 -18 85 -89 86 42 8 -44 -99 -5 -91 -36 17 -95 80 -54 -11 -44 -41 15 18 15 63 -22 93 -57 -53 55 -15 56 -94 -78 -57 -63 -89 -46 81 -81 49 -15 96 47 81 -7 -50 -53 
-98 99 -58 -99 86 6 -20 -54 89 -81 18 59 -4 41 99 -88 78 -7 40 -61 -82 48 34 73 -50 19 -74 -10 -71 92 -57 4 -41 -15 -63 -16 -5 91 -4 -77 71 71 65 -89 -46 -89 10 -96 -85 -61 41 93 23 -6 -23 -19 54 -92 -46 -3 -7 77 -16 -44 64 -90 69 43 -55 -72 59 10 62 -70 71 -74 -100 -76 -99 72 -65 44 -95 1 22 70 73 -44 -74 -18 
-79 -54 92 56 -56 87 42 22 -65 39 42 29 -18 -53 9 -24 84 57 -74 -1 -39 8 -43 -52 -22 -14 53 61 -24 38 -34 49 58 -86 61 42 -72 -63 53 -43 -18 -30 46 91 -37 7 -71 -11 -27 -27 -54 -94 63 36 81 3 12 -98 -26 -81 -93 12 -76 5 74 -85 -39 23 65 7 51 49 30 -6 -4 -80 82 38 65 -47 93 18 -9 -71 40 23 -75 86 -27 26 
-88 88 -9 82 -77 20 -26 -68 47 81 45 -51 74 70 98 39 -37 -67 23 -31 39 93 -77 -45 33 -66 33 72 100 -16 -81 42 -89 94 -47 -28 86 43 14 -12 16 6 12 -44 -16 -51 -97 -25 -74 28 29 61 44 41 71 35 -7 -49 -66 -42 -17 -1 -50 -93 57 13 100 23 -38 -65 -81 61 -32 18 40 55 -74 -73 8 -77 80 10 79 10 -65 -48 100 -100 -21 75 
50 84 -50 -47 -69 -90 2 -5 -12 71 67 68 11 45 -3 -68 -38 80 84 24 -6 -28 -92 26 -11 6 -54 -66 -85 -80 64 -81 -37 80 -60 -68 1 54 74 -25 85 -72 -40 -4 33 42 33 29 -1 -94 -41 -51 -19 84 51 -56 -93 90 -82 33 33 -6 78 96 -85 26 -21 -32 84 89 23 31 -28 -65 -99 6 -15 -38 77 74 22 18 -43 -70 77 -90 -27 -89 -86 -89 
49 -21 97 99 -43 -63 -67 -29 -2 -34 54 67 -42 -18 31 -77 85 32 -31 -45 36 -67 -70 -71 -72 33 71 -56 -63 41 69 -55 4 46 -64 61 55 -44 -71 -81 -55 -28 96 50 -32 -64 81 -56 -7 -7 -71 -14 41 97 55 99 -28 -64 -45 -66 -77 80 -83 -1 -48 70 -80 3 -55 -2 -51 11 5 -26 -40 86 -13 -72 41 -92 54 10 57 -44 -76 95 -24 -68 62 -34 
-55 84 -50 -34 48 34 7 66 1 -19 51 13 -13 81 -47 59 -14 -65 -4 54 50 49 48 82 94 65 78 17 -77 -2 6 29 71 -90 55 -96 -46 24 45 73 -97 -11 70 -52 51 55 -27 -10 42 -79 -90 39 -93 32 -83 0 -95 -41 17 -66 82 16 100 98 -30 93 58 -13 86 84 31 -58 -96 6 -44 86 -5 -79 -45 98 2 31 -40 24 -74 -96 89 -81 87 -59 
83 -32 89 63 9 51 -37 30 46 84 -26 32 -29 99 12 59 -32 62 53 -57 -92 39 44 37 -97 -87 52 -19 90 63 47 94 42 58 78 -95 38 -82 62 36 -53 25 43 18 -81 95 78 33 -36 34 -60 48 10 16 9 -34 88 -54 -57 -82 -25 -13 83 -30 -22 87 74 -56 -64 -70 63 90 -44 3 -71 -61 -33 46 64 -6 56 74 -51 57 56 25 -39 52 34 -59 
-74 84 4 -64 18 -36 -16 -6 -24 41 -64 10 93 -66 -36 71 -97 -23 78 55 -59 -44 83 6 -73 37 -91 51 42 18 80 -4 1 -95 -72 -52 -6 -71 -61 5 -6 96 -67 90 -79 21 -10 -48 95 63 12 57 43 -38 -82 30 -68 -3 2 46 23 6 -12 76 -75 23 24 -100 -32 82 96 94 78 27 -11 2 -25 -45 3 -41 -33 17 47 -25 -3 67 -36 36 79 10 
-84 -41 70 82 69 52 55 -90 -15 14 -39 60 40 61 93 81 39 -44 28 90 -32 -88 -98 -29 -18 30 20 -28 22 -3 -81 -30 -7 -100 35 84 -88 -28 -92 -40 18 -10 -76 -95 -29 48 -55 4 60 39 40 -84 -89 -33 24 60 96 57 85 73 -56 64 47 83 8 44 75 54 -61 -8 81 -64 -5 13 45 -89 -97 66 46 -3 2 -8 20 8 70 -99 41 -55 79 -53 
-53 51 -70 83 50 -12 68 26 -9 3 65 -17 43 -19 51 79 -77 90 81 -40 83 -77 -24 -29 90 53 -89 -94 76 -87 -73 -72 56 80 -63 15 -18 -33 -8 -66 43 -77 -34 51 -14 98 -2 -62 91 49 72 88 -76 -92 -95 -19 -31 -48 30 35 14 2 -40 -29 59 30 41 -22 -65 82 -1 -14 43 68 -18 -72 100 90 -69 24 100 -48 21 37 -66 37 88 94 62 46 
28 99 84 -100 43 -54 -49 33 10 42 -24 -56 -69 -56 14 -16 -44 -65 47 70 0 -12 -50 25 -65 98 21 -7 -90 83 -80 -45 2 42 62 81 39 95 77 47 -70 99 -68 77 -54 30 -65 -24 10 11 -31 26 -25 -28 -58 50 24 38 -9 1 90 7 1 62 -66 45 64 -100 -81 -96 -49 75 -2 78 55 43 28 25 0 -49 12 58 98 65 73 88 66 -39 -77 24 
-9 -98 54 46 -99 97 32 7 48 91 44 4 -51 1 7 -52 67 77 77 57 5 54 -65 12 85 46 34 31 11 21 -20 92 9 -6 -47 -11 -4 62 11 21 -38 6 4 6 -76 61 -48 -46 -6 82 -28 92 61 92 -100 -23 -8 13 -44 -93 -30 0 62 24 53 -64 -86 -66 89 -81 -4 -88 54 71 42 -85 28 -15 86 -7 -69 71 -3 -52 82 36 -99 85 -91 -97 
-71 -56 -37 87 27 -81 98 -58 23 77 29 -88 -44 -21 24 35 -32 -52 59 -11 -65 -71 -61 -69 -45 65 -8 -80 -13 -92 69 58 -71 -45 97 56 -67 -31 -46 73 43 18 -13 -52 2 -4 89 68 21 -92 76 -82 -79 95 -16 38 -10 7 -84 -31 -39 69 -10 -92 -43 46 -51 -88 44 27 60 62 76 12 40 18 25 13 -60 -32 -83 -79 -67 99 90 -20 46 -23 -57 62 
34 -89 36 35 -68 -87 -6 26 99 -7 68 -15 44 -86 48 -23 -25 -74 100 25 -36 67 -9 -17 -23 -5 -2 10 76 27 76 -31 65 31 -87 -85 -35 -66 -52 7 -37 93 14 50 -96 -89 90 52 -2 10 70 -67 -49 35 28 64 20 -82 11 9 24 -97 -34 10 -21 61 -35 -53 -99 88 -83 62 -59 -45 -78 -88 -81 4 -52 62 -40 -37 57 -21 76 93 41 -75 17 97 
-5 -99 -83 -55 28 64 80 47 -61 -26 -4 3 -57 12 -87 33 50 -75 -86 -41 31 -66 92 3 -4 64 -41 -80 -65 92 -64 39 -64 -43 2 -63 -90 75 -44 20 20 -71 -40 -42 -13 32 43 -88 -55 77 20 -8 -8 72 -51 -56 47 48 -98 21 64 -63 -84 68 49 61 -66 -96 3 -53 -27 32 58 -57 46 15 35 -14 45 -43 76 -88 29 -93 47 -31 -26 -40 82 87 
9 84 -67 -74 70 93 -50 86 99 -46 -14 93 -34 45 -92 69 82 -22 85 -31 91 -80 -63 67 -53 70 -21 -53 21 6 -54 39 15 -100 90 -27 84 52 92 92 -38 87 83 -52 -65 -56 40 28 91 -40 -36 -58 91 21 77 -18 42 36 24 26 31 -27 56 65 -74 -15 51 47 -45 46 -56 -83 -40 47 -100 18 87 -50 97 -77 -44 -77 67 18 10 92 -65 -14 -62 -82 
-49 -34 -18 -35 -100 -50 -52 -60 33 -50 -19 40 -7 10 71 14 -68 18 71 98 85 22 -78 74 35 -14 66 -10 62 -81 -42 7 -38 98 -4 -1 97 65 25 -68 18 97 -26 -45 -7 42 -39 7 43 -59 85 76 -34 -97 -64 22 -46 -51 -100 28 -100 7 8 -79 -3 65 10 75 46 52 85 -42 -95 58 97 -17 71 58 40 -5 -85 -2 96 -69 -36 38 31 67 -59 87 
-59 -74 37 88 -37 -73 -95 -82 100 23 36 99 72 79 18 -42 59 -64 -3 79 62 70 34 5 98 76 -61 15 -6 80 -4 -64 87 70 27 39 -3 80 67 -89 81 -24 -100 87 -97 -62 85 -8 -64 18 7 19 53 -32 -26 5 91 59 -77 -39 37 16 53 55 -78 48 -65 2 -41 28 88 -1 7 -85 -26 27 11 99 84 -63 63 40 -17 -87 -17 17 87 45 -78 -95 
-36 -89 40 31 -64 42 24 -52 53 -87 -58 2 44 45 -7 -21 57 -26 92 -89 54 -59 -77 50 37 -39 -47 -35 76 -80 -22 -92 -5 61 -3 -87 -82 93 -66 34 73 -78 -93 -96 93 21 -12 -33 -34 -25 60 -40 19 57 93 2 -37 -69 93 48 -68 38 17 35 -96 21 1 41 -58 69 -26 -35 -2 -72 44 -54 -9 -22 -83 -9 5 89 59 34 -59 94 -40 54 -15 -69 
9 88 64 -56 6 -57 -20 64 -89 82 27 -55 -67 63 -44 -1 -63 -28 -24 -4 -13 -22 -87 -93 -90 72 -76 -77 55 44 18 -70 56 14 9 -37 -35 64 56 68 -79 -68 -97 73 -8 19 -52 56 -34 86 51 -37 -3 68 47 -14 83 91 93 -99 -42 91 -19 65 -54 -58 -24 64 -60 85 36 93 54 51 32 23 -29 93 3 93 68 -74 -56 -66 14 -88 -81 -27 -55 -16 
38 -58 13 -9 -70 -20 -7 -94 -48 26 -46 -44 -35 -30 -87 66 -12 -11 70 55 -85 -39 -20 77 9 67 67 24 90 56 96 54 -70 10 24 -77 -73 -88 -62 -53 29 88 -74 -99 -18 16 56 -6 -6 31 -27 -31 35 45 92 -21 -95 -68 90 65 -92 2 66 10 -58 60 -47 -44 -9 -44 -43 -34 16 -5 18 -15 15 50 27 -70 11 -32 52 73 0 87 83 42 -79 -39 
-63 2 97 -25 -49 8 -2 0 8 -90 -70 22 -89 -16 58 31 -92 -93 63 -43 -42 87 -22 -85 80 -61 -84 71 16 -59 -26 64 -91 39 -45 28 31 -48 -23 53 21 80 -92 31 68 -47 -8 -1 85 -62 -82 -58 -67 11 14 -74 51 98 76 46 71 19 -96 26 -15 -86 42 87 94 -15 53 87 75 2 96 -60 15 -68 -31 -74 -34 32 -75 25 -77 -89 16 -31 -48 79 
25 -92 -25 81 96 -10 -31 -63 -18 -91 -85 -4 72 -6 66 86 -61 25 58 -27 48 39 -4 37 81 35 71 -51 65 -87 -7 -35 26 30 34 -27 -61 -41 7 -67 47 -72 -57 14 -71 43 22 0 -12 -30 -53 -97 64 91 -89 86 -87 95 -39 92 -65 2 -61 29 67 -17 -99 -64 -75 32 -51 -29 65 -77 74 16 83 23 -55 -48 24 -72 90 -21 75 -35 84 72 -30 -46 
-57 33 60 -19 -44 14 -97 28 -98 64 -68 62 -57 -42 -95 79 -7 78 -93 21 22 39 -50 45 0 -12 -85 0 -59 10 17 61 -31 -23 -6 -32 3 6 68 84 -97 -53 -20 51 18 19 45 19 -36 -62 99 -70 -52 -64 90 80 -75 19 -52 -91 -44 43 52 79 -52 38 -6 -25 -14 50 95 64 15 81 -3 68 -97 83 -57 -29 68 -6 3 98 -77 -87 34 -86 -36 76 
-90 42 66 -82 -12 -1 26 -53 85 -32 66 -43 70 52 -85 93 42 46 39 -90 18 -23 -5 25 59 -97 -77 -75 -88 -98 -38 63 6 -65 58 70 -64 50 4 38 97 87 -32 61 99 34 93 -7 -61 -95 63 32 -76 10 98 44 -40 77 -34 -63 49 -6 -55 -79 7 -91 -61 -35 21 41 60 -25 95 -53 10 -53 40 -21 -94 -56 30 63 -2 -83 76 -3 28 67 -21 92 
28 34 47 66 34 77 -67 0 77 -40 -64 61 94 22 71 -91 63 -96 -81 70 80 -45 15 5 16 12 30 -93 -49 -76 -36 -46 51 -53 66 -79 96 90 52 80 -93 70 40 -40 74 1 -19 -30 -4 91 -3 -21 -53 -65 35 -90 92 -44 -91 81 40 -17 94 21 -16 -73 64 -3 73 -29 58 -21 79 -8 39 -8 22 83 -99 73 -49 6 73 7 -6 33 86 -22 46 -83 
-58 80 36 9 12 -51 34 31 92 -16 55 51 -40 -15 -36 -46 -96 75 81 -23 -36 1 -7 -93 45 5 95 -68 65 -99 -77 -44 -69 -15 -46 -57 -90 37 95 51 50 -86 77 56 -35 -52 -7 9 -59 23 -16 -46 28 26 -52 11 53 -86 44 83 58 59 -95 56 97 -45 -50 -30 100 -8 29 64 48 4 55 46 58 -90 24 -53 -76 3 -97 -87 72 -53 -83 -61 73 93 
-61 34 -45 41 67 -63 2 90 30 46 -24 45 33 -79 74 -34 4 -92 75 -60 -83 24 -4 -53 -1 79 -29 87 25 -38 -43 -55 4 5 62 1 -92 -68 -57 49 -84 -34 -30 -19 63 57 17 83 -61 -40 -12 -3 57 92 35 -53 -59 -53 5 67 -59 24 -87 -89 -89 17 34 38 -59 0 79 26 -83 -43 -97 -76 79 -15 -41 -64 -35 8 -79 49 -20 45 22 6 0 -32 
33 -44 45 78 -16 -60 2 98 -90 50 -61 47 22 -10 55 40 69 -56 -91 21 53 65 42 63 29 62 -14 -23 42 23 -59 15 -85 -63 5 -62 -31 28 0 6 14 -74 98 34 71 -37 -76 -28 -85 -100 -67 -15 80 12 -61 73 58 -46 -29 100 24 79 -55 -57 49 -4 -93 54 -64 48 23 -20 -90 11 -86 3 -49 -73 -13 -74 20 -29 -24 -64 -54 -40 -23 -99 72 73 
41 73 -30 13 -13 94 91 -14 -3 46 95 -19 41 -100 -20 48 19 -21 53 66 -61 78 -51 25 84 39 54 -41 -7 75 -87 -85 32 38 27 -8 84 -24 8 13 64 -84 -65 57 25 80 93 -2 -78 87 -28 81 -3 84 -88 56 3 46 -90 81 -50 74 68 49 -67 -69 84 78 51 -47 -94 39 49 19 48 -27 -44 -34 54 98 79 -42 -49 2 78 32 -83 -20 39 -16 
-87 -29 -79 2 -28 10 5 -68 26 -66 -14 99 89 12 -12 50 -47 43 63 77 49 -73 -93 94 -29 66 -55 -30 -5 95 -74 99 -23 86 -31 -7 29 7 -58 -49 -91 81 4 -33 -10 -30 85 9 -100 -84 -31 -63 10 -20 -28 17 89 81 85 58 -58 35 -28 37 -72 16 -57 43 58 -98 52 -100 92 90 44 -76 47 -43 -39 73 53 -25 79 -39 -66 87 -69 -18 -57 -22 
11 49 35 -44 -92 13 -100 -4 -71 -68 -99 -62 -94 -47 -20 -75 -58 -56 -7 78 42 -60 11 4 66 31 -35 -14 96 28 -65 86 -2 -2 47 -35 28 53 -56 -93 -87 79 -71 63 78 88 93 82 -32 27 30 0 71 40 95 86 3 -88 -65 -89 -8 32 38 40 88 47 -4 62 -79 7 -18 -88 -51 72 88 -70 -65 68 -65 -45 -24 -35 35 11 48 62 9 -72 89 30 
-82 18 -100 -93 81 -22 80 -18 -99 -8 45 13 37 84 45 -59 -3 -41 -24 61 33 77 17 -8 90 -38 68 -2 -96 -48 -30 74 -8 -77 -52 -36 -44 -93 -60 78 -35 69 0 -27 100 -42 36 -39 -1 -86 79 36 39 -34 78 -69 48 -83 12 -89 44 76 22 -84 -38 93 -94 -55 13 -35 -47 -95 -48 80 35 -85 -77 98 98 31 46 100 -74 13 44 4 20 -31 -82 -7 
45 -92 48 45 98 -92 93 -15 -81 83 -40 95 79 -71 -91 -66 -43 -62 3 -31 41 -54 -48 -81 63 25 -92 79 -54 -67 93 99 -21 44 -2 -26 57 34 4 45 72 -8 -86 -75 61 -28 -63 42 78 -19 39 -77 -72 -53 21 -100 -37 -61 48 87 75 -5 40 26 -30 -21 -74 -21 -83 53 -28 -92 -62 17 55 6 -7 -38 -20 73 -44 72 75 10 -3 56 -7 39 88 -51 
100 77 -18 76 86 29 99 -79 -93 -41 -89 -56 99 100 -68 71 19 50 79 51 -13 -36 32 -82 -73 23 -56 -65 75 -46 -99 12 77 -15 -95 -74 -81 58 -19 -87 -67 -61 36 -60 28 91 20 33 16 -18 51 68 86 91 -97 59 46 -55 -39 -1 -24 -87 -20 -88 -35 -90 23 66 84 -65 -48 -88 100 -51 7 61 -7 -44 -50 35 -26 -56 -9 -12 23 -57 0 61 94 -78 
-62 -63 85 70 76 -72 7 0 80 35 84 -15 99 -35 -33 -37 -55 -13 -52 -55 92 56 100 -91 -47 43 -73 23 -4 -14 81 -25 -84 84 2 69 21 -40 -81 -47 98 66 -62 98 96 -37 90 -66 -76 -61 89 -16 -22 -47 -71 -4 -14 -59 27 32 15 -99 -89 6 -37 -35 68 19 -4 20 -42 -3 38 -86 99 -95 -48 -39 12 -19 50 38 -99 -42 85 7 -54 96 64 31 
-52 -11 -13 -3 24 34 -61 -65 -18 27 78 88 -87 80 -14 7 56 98 62 68 42 -75 52 -24 -43 -73 33 99 27 51 59 -27 68 -6 32 -43 -44 -26 -61 -17 29 0 60 68 50 -19 -7 -47 -33 -69 -43 39 33 28 -45 23 86 -46 -56 -50 -38 46 -14 -38 41 -92 -91 96 54 0 -19 89 -3 -32 49 -81 -73 -1 45 -33 -27 44 -23 63 95 -77 -38 32 80 -68 
-72 53 -93 50 -77 -100 -58 -13 -65 -71 44 53 61 -4 48 10 82 -13 -27 94 31 -37 -16 61 74 -15 23 62 20 -14 98 20 96 52 -47 -84 15 21 -28 30 -32 26 7 71 -90 36 -67 65 -76 -2 -76 -40 -54 56 100 0 45 -22 -57 -61 -8 -99 -13 23 -70 73 29 40 -55 -34 -68 87 -88 88 -75 -72 22 -39 -98 33 -68 -81 79 -84 86 81 58 73 6 51 
-70 -6 -29 12 6 43 24 4 74 -80 45 -85 -84 -79 -11 -43 -42 -6 70 -61 23 -28 -45 -70 -36 -89 -23 -28 -88 32 81 53 -8 -14 -59 62 -79 -96 -82 71 97 -19 -72 -83 67 40 -69 -87 -92 88 -48 -96 -18 -67 -60 -6 -32 -55 -88 69 -11 21 -16 -31 -20 -61 83 -20 -55 18 -33 11 43 -2 -56 67 -98 23 83 -15 -84 70 -64 -41 1 85 -61 -42 -69 23 
3 -87 -27 -39 73 -90 62 -20 78 -31 8 -35 3 -49 -40 -21 -77 -55 54 -77 -13 -45 -19 -27 -87 50 -68 -23 -40 -5 7 -90 -58 41 70 100 94 -59 -81 71 59 68 14 -90 -27 83 -35 -95 85 -98 27 -84 70 -12 -20 62 10 85 -79 53 70 27 78 -25 -58 -96 3 -62 94 -48 63 -47 57 79 35 50 -76 23 -85 -76 38 -55 -30 16 61 43 50 47 65 -31 
99 96 47 -59 95 81 -22 -7 85 -79 -23 -72 -30 -64 -9 -25 40 -72 -32 49 -27 -45 -57 76 -27 -51 69 58 65 -34 3 42 88 -36 36 80 -27 -88 53 -14 -31 -82 -69 -96 85 -19 -40 -30 55 44 40 -94 -23 -6 71 31 -36 84 -14 26 40 25 -17 -20 -59 28 -4 34 -99 -86 -29 -1 -16 -100 -8 -84 -51 97 -78 11 -39 70 -15 -68 -82 -69 -38 79 47 79 
1 85 25 1 40 50 -53 33 3 -47 -79 -1 36 17 40 -88 -18 -60 41 -80 85 -9 35 -32 -5 -81 6 19 47 12 -75 -74 86 -43 14 -87 100 75 -92 18 0 -37 61 26 100 -32 16 4 87 -18 -6 67 72 -63 -39 -83 -39 31 96 56 -35 89 77 -76 100 -98 9 -47 -66 -99 45 61 -7 45 -61 -52 45 88 -62 89 2 50 -71 59 -95 58 89 35 -8 -85 
7 61 78 40 10 87 62 -93 94 -81 -100 41 -79 -24 9 27 -70 73 13 -34 -33 -82 -21 -23 9 -75 23 28 -78 -42 39 17 57 25 99 -42 70 85 -62 6 61 87 -40 45 42 99 -70 87 96 5 -36 -53 32 94 -73 34 -91 33 -6 73 49 -26 82 -12 28 -1 67 61 -68 26 -45 -24 100 61 86 -37 26 -46 -41 -87 -82 42 88 99 -74 -77 66 30 -84 84 
-19 94 -57 8 86 -52 4 6 26 81 88 15 70 -79 -59 -80 0 -12 -4 80 -50 -67 -34 52 92 42 57 -16 -53 -41 35 0 -99 -50 -81 10 -92 89 39 41 -49 -67 72 -46 67 76 -45 -50 45 -24 -48 -73 67 -55 58 61 -4 -98 94 76 20 97 24 18 29 16 -88 -49 -23 88 92 -54 -63 -88 -20 69 -27 -5 -38 9 -55 -91 4 63 71 67 -53 -84 97 -85 
77 -29 55 -83 -100 29 3 9 -14 -87 75 -96 -98 -71 31 59 86 -69 -13 -77 99 -13 92 84 39 -100 24 39 65 -37 -9 8 75 17 24 85 57 -34 64 -60 -52 45 88 -58 -71 95 71 -90 -69 2 -26 -58 -67 -55 19 85 -95 -15 -23 1 84 46 75 29 -55 27 -59 54 7 1 -92 27 -22 55 15 -53 -25 -25 -72 73 38 25 -9 49 -93 7 -88 41 -79 11 
21 68 88 -29 -5 -40 -87 30 49 40 -53 32 -75 40 4 -22 -5 -40 70 32 -1 26 23 88 14 9 -37 67 -50 70 4 -18 71 -81 11 -52 79 80 -21 54 70 11 84 24 -67 3 61 77 -68 14 8 -55 -48 48 -57 -17 -1 -44 -58 -95 80 -55 -22 -89 19 4 36 40 -89 97 -43 68 -94 -10 -11 -44 -90 35 83 57 3 88 -17 -75 76 23 54 94 -6 -4 
-15 -69 73 -42 -54 16 -30 -97 -93 88 -48 -5 98 64 -47 -21 -81 8 79 88 79 -72 100 97 71 68 78 -84 21 -31 -59 14 44 64 -28 99 96 99 -10 -46 -41 -93 -61 98 24 41 -94 -100 -94 -46 25 -21 -93 -15 17 45 -83 80 93 -7 -25 -21 -78 -55 -10 -48 72 37 -87 20 40 88 8 -52 35 -17 -29 -22 -59 8 16 -45 28 -76 -38 -39 69 64 77 44 
34 -57 -45 11 -5 -11 -51 39 -85 19 90 66 -76 -79 -51 23 60 39 -20 67 30 53 -18 2 69 55 70 73 -8 -40 3 12 57 1 91 -9 29 -62 19 47 -42 -37 78 1 -28 -27 -65 59 69 -53 -12 -22 -70 38 0 -43 55 49 100 -17 46 3 84 -20 13 -25 81 6 -74 -94 18 21 -23 -74 42 15 39 -77 -5 -83 73 18 -10 -65 -33 -30 -50 0 71 -16 
28 48 35 69 34 90 71 -26 13 85 93 13 21 94 98 7 -82 -92 -18 -48 38 82 -20 -40 -70 28 -72 91 88 -85 -4 60 72 -14 -70 24 40 -28 -74 89 -78 97 -3 70 19 -1 79 -14 2 77 11 -76 55 -44 -90 35 -28 -21 -38 -81 -50 -8 -56 -3 72 -67 73 -80 -100 67 -70 -31 -10 -49 -22 31 74 11 100 -57 -44 -33 -33 48 -6 -94 -88 58 56 -96 
83 -33 33 11 81 -5 47 -28 63 74 66 66 -4 -38 -56 8 88 86 36 91 -31 64 46 52 65 81 93 38 -96 83 -34 19 26 -34 -7 95 -1 73 -1 -12 -64 5 -60 -47 -63 -7 -13 -94 -13 -32 17 91 75 -80 -59 66 78 14 -73 72 29 -65 -96 -7 72 -34 14 -54 30 -30 -13 -94 -15 19 -28 15 -17 5 75 -11 -75 -38 -24 33 -38 -56 -50 -93 -77 -53 
-27 66 -35 -86 -35 57 8 -1 44 -54 -84 29 6 -43 0 -63 3 32 17 42 34 0 74 -85 100 42 53 81 63 64 2 47 84 -21 -28 -86 -39 -7 62 -89 -48 -3 -39 -66 75 -81 -31 -19 13 13 -51 -55 -25 -23 35 -91 -47 -62 37 15 32 -63 28 45 -28 30 -74 5 13 -58 -70 10 -40 64 -7 87 -9 -62 92 51 21 94 -93 43 38 74 17 -66 31 -93 
-39 -48 64 -43 15 16 -27 91 95 -78 -71 88 71 88 82 24 61 35 -60 30 100 50 36 -67 69 93 -61 -83 36 13 18 -39 41 8 93 -63 -90 -2 98 -4 -96 89 -93 1 -11 -56 -2 -41 40 -61 17 5 3 -86 -98 81 -47 75 53 99 -35 -10 6 34 -84 -52 -79 64 30 97 72 70 -6 -75 70 76 98 50 36 0 17 46 10 -21 27 -61 5 81 9 -4 
-58 -49 -25 62 -81 -27 76 -96 -65 -8 87 23 -78 -33 -36 -47 -29 66 12 -96 -19 76 95 89 -10 2 -18 100 73 -99 -35 -18 -81 -92 28 -71 91 8 -17 -75 43 61 -74 73 -11 -52 -40 35 50 -36 67 81 47 1 14 8 17 -74 27 -76 -72 8 -31 -17 -40 7 -2 -11 59 13 72 -44 -66 -78 -92 39 85 0 51 49 35 33 -70 24 -24 -19 4 -59 98 42 
-86 18 98 -3 46 -81 -47 58 -50 88 -94 -96 -64 -88 17 -10 33 -45 -9 0 -8 67 -41 27 29 25 53 -100 -7 33 68 54 26 -71 -44 -60 -13 -5 96 69 -50 -20 73 -17 45 19 23 99 -72 -64 44 -18 -64 55 80 -30 -31 4 89 76 -43 -82 65 22 37 70 -3 78 69 43 -33 -64 80 45 -98 -52 -4 0 -15 31 71 -53 49 -21 73 76 -13 22 79 -27 
-74 43 -80 -81 -20 94 -15 -69 -72 22 99 94 20 90 81 93 73 -80 3 -60 95 -88 -24 -41 -48 -20 -78 69 -6 99 89 3 16 -88 43 75 -39 1 4 52 91 -82 -69 -76 83 99 59 -48 12 83 67 -64 70 23 15 -57 33 65 -45 35 3 -22 86 -82 56 11 20 27 -75 55 59 79 56 62 -25 -20 -71 35 65 -68 -61 -75 -77 -80 -89 66 52 -50 94 -6 
-37 95 46 73 -49 51 63 -21 -91 -61 36 91 -85 -17 46 70 11 26 72 -46 -22 -31 95 63 42 -62 17 14 64 23 -16 82 63 47 14 30 -68 19 97 -30 -29 -26 89 -28 -6 69 -12 -45 56 73 -93 73 84 50 94 3 36 -20 -71 -86 75 -45 23 25 -56 58 60 -11 -61 -34 24 94 -58 56 4 -99 -88 -65 -65 75 -14 -16 51 -30 -14 63 -24 -55 75 74 
2 13 -76 19 -8 66 -97 -50 -23 -67 -77 -23 -70 67 -34 35 40 -84 65 -13 68 -94 -94 -49 58 -64 23 42 71 -83 -29 90 37 38 52 -53 -17 7 76 -31 67 -58 -58 -56 -26 10 7 -5 -51 -35 85 38 18 -91 25 -93 -6 41 -34 69 60 -45 5 -57 -52 10 11 -12 -20 -91 -56 -50 23 31 -53 26 89 94 -22 -93 16 61 -96 -83 -21 22 -68 -43 -8 -1 
73 25 -42 -90 -24 -33 0 -45 -97 -97 -79 100 53 -38 -43 -46 6 -3 -78 -61 -54 78 87 -93 -15 30 75 -24 80 92 52 62 25 64 43 -94 52 31 -42 -100 -3 -48 64 5 48 -94 -6 -66 7 38 -13 -35 99 -58 -80 67 -45 52 -78 -38 -91 -82 -66 -98 8 -37 98 -74 -67 30 -72 -85 53 56 -25 46 71 -64 51 -39 -59 -81 -19 -65 46 57 -57 -64 -39 39 
6 10 45 87 -60 24 -5 -42 4 -13 -80 -31 -47 37 43 -48 15 10 -75 -65 46 67 -86 -69 -73 -93 -71 -18 -26 -23 82 -78 90 -92 72 -30 -10 -89 10 -41 0 58 -52 68 46 46 -70 -59 -32 -65 7 -35 81 64 -54 -47 -58 -17 64 -85 46 97 2 -37 -55 -46 34 91 35 -34 -54 -11 -58 -92 17 -89 82 -26 79 5 -61 21 -3 -27 11 -80 40 -43 6 6 
92 17 47 -21 97 94 -86 -14 -81 6 21 -30 68 -88 71 -49 100 71 -73 63 -13 77 71 94 -82 69 -66 -59 45 -26 -26 -89 -85 78 -79 34 87 -80 -64 -57 -40 41 -68 -59 -36 -17 -61 66 -68 -80 -67 97 48 84 66 11 17 5 -27 30 -67 81 -63 75 97 -56 81 73 93 -36 70 12 28 -25 38 -28 36 86 98 -81 48 -26 51 -53 25 90 73 -33 44 91 
15 -26 -19 91 72 12 30 -24 -33 -80 61 -42 -83 -52 -66 29 72 -55 37 37 80 -89 -20 19 25 40 -32 -45 0 30 -36 99 -93 -3 51 88 89 78 32 -94 92 1 97 86 -54 90 83 -46 -94 99 -2 90 -45 73 -38 66 6 -23 84 9 15 85 -26 -48 -44 -64 83 98 24 -32 61 93 21 97 -38 26 21 88 76 -77 -29 -42 55 -55 -69 38 54 -49 38 -62 
