58 79 69 -22 88 -34 82 58 12 53 -33 60 -83 -74 5 -56 64 33 -40 24 -4 3 -12 51 35 66 26 32 58 -17 68 -88 83 13 -23 -13 29 4 -16 83 14 -100 23 -14 8 -70 39 -22 -67 
11 21 -78 -43 -77 42 -98 -94 52 -21 69 -13 -63 -61 -87 -91 -67 82 -60 26 -96 57 -49 0 -83 24 96 -30 -83 -93 -19 16 -58 -27 -56 -93 7 -23 -37 -32 -92 34 -76 -15 54 -46 -19 -10 -80 
-75 -43 73 -55 30 60 -21 61 -22 18 -35 -69 11 77 34 85 -41 59 64 7 25 84 83 14 -95 100 -36 17 -60 -81 96 -26 -76 71 -65 22 30 -90 -7 48 99 63 77 64 74 -75 -82 -46 -14 
-54 0 -55 39 -7 -83 -22 -30 -68 -26 6 -16 18 9 98 -65 -82 -24 -51 51 -6 100 68 -20 -95 -30 46 39 -3 22 -47 76 -63 -30 55 84 1 -9 80 -6 89 32 65 -51 84 -7 -64 30 -66 
-64 -31 95 48 63 -40 -78 41 45 52 -52 -24 82 80 -49 11 32 -99 -8 -84 3 -13 -68 18 62 96 43 -72 33 52 -91 -35 -47 -15 -20 13 98 24 73 48 82 48 28 -20 7 63 9 -17 16 
-52 -87 57 -42 -86 -55 3 -5 10 57 -83 98 -64 -72 82 -43 -91 5 27 -32 91 61 -21 -17 -6 11 56 13 -73 74 3 62 -64 19 -81 33 63 30 -24 74 -52 -51 72 -23 70 -46 18 -31 39 
87 9 -10 -73 52 -39 16 87 -39 33 -68 -15 100 -16 36 9 63 -10 86 -3 80 79 -87 -97 54 -66 96 19 -54 7 81 87 -96 27 40 52 43 18 -17 -79 -53 14 13 -44 -2 3 65 -91 38 
79 -52 52 -56 -65 21 -85 -22 86 37 -29 10 37 67 95 -25 12 -43 81 -26 57 -90 31 54 -27 -47 21 -87 -72 61 20 -61 70 28 -19 -17 76 77 -78 80 79 -44 -30 -76 -86 3 5 20 57 
-79 39 43 -28 8 97 -56 32 -28 -59 21 -38 4 66 -14 -83 -71 -16 58 -82 9 -22 87 -79 -98 -72 -2 -56 -48 64 22 8 60 -46 -29 -24 -57 39 23 -100 -37 -77 28 66 20 -80 77 -51 -14 
-81 18 48 -3 83 33 25 -76 44 44 57 9 -76 71 -59 -20 -41 31 28 48 -22 86 -4 -12 -54 1 -96 -83 77 71 -89 73 2 89 14 57 23 56 0 41 46 82 -84 58 41 5 -67 -12 27 
78 -100 23 -22 25 -77 97 -20 -16 -84 -88 7 57 -19 13 94 87 -82 -93 26 -6 -23 38 -58 -85 -27 -99 -88 35 -34 -75 -31 -19 -1 -61 56 73 84 44 20 0 -46 -80 -97 -74 -38 -75 6 47 
-30 78 -73 -50 -83 -11 100 35 35 97 63 -90 -74 53 -30 26 -42 33 -79 98 99 82 -39 -5 5 -65 51 57 100 73 18 -80 81 -72 -98 -38 -55 -3 -81 -65 50 -98 -81 31 -65 39 75 48 50 
-59 -55 43 -42 -55 41 -85 22 19 -80 87 35 31 -50 94 -14 79 -41 30 -24 8 99 -74 -54 99 34 40 -14 -46 15 -52 10 44 94 68 -14 15 22 23 100 82 20 51 -36 26 96 -81 97 92 
86 56 -81 -98 -10 -4 -11 8 51 15 93 -31 -55 -5 -69 31 46 -81 -70 -77 -63 43 -2 -22 -7 69 -45 40 15 20 -22 -87 -68 -65 18 2 97 19 41 46 64 -10 6 -46 -38 -7 31 -62 35 
24 15 42 82 -37 17 39 29 -25 10 21 40 61 68 29 79 71 18 57 7 18 -9 -35 -30 32 51 90 -65 100 -28 -96 -41 54 -24 2 12 -56 -33 16 29 71 26 82 33 85 5 -43 88 26 
76 -2 -25 -26 -9 -70 -83 38 -90 -82 -31 5 -32 94 -22 1 58 -95 -52 98 -12 -83 81 6 18 -60 10 21 -84 27 51 -94 93 -78 -60 87 49 100 46 -59 94 -82 -72 11 -60 -4 -27 -56 28 
-30 -19 24 26 3 -14 -17 89 -49 78 -38 2 36 20 -64 37 39 -65 -73 -52 -35 74 -59 3 62 -7 -31 -96 -66 41 -31 75 -95 -77 5 -61 23 42 1 -5 79 -38 -95 -23 -63 -24 52 47 -53 
-14 -95 56 -83 26 -61 -74 -2 -18 73 -86 8 7 66 -86 -72 -21 76 -75 -82 -8 8 -28 -92 24 -38 -72 21 85 -5 -32 86 4 19 -87 14 -44 1 85 68 98 -92 86 89 -81 -2 19 63 1 
-66 28 -95 64 -47 -88 10 3 -7 54 -43 91 -70 -31 -98 -81 64 72 65 -84 65 -49 43 44 -94 -83 1 15 -100 75 -19 68 -62 10 -69 33 -4 34 80 -95 100 35 -9 -50 53 50 44 50 91 
-96 33 -86 -62 29 57 19 6 -93 13 -40 78 -4 -87 -55 -7 5 63 -76 9 -84 -64 17 47 37 61 -47 68 22 -21 -29 -90 -89 -55 -77 44 -2 -57 76 65 -41 2 -87 -52 78 14 -30 -37 -13 
-63 -7 43 24 -8 52 38 -15 49 -23 -26 -18 33 -85 -3 -97 -79 27 33 -79 80 5 35 -25 31 -22 45 -3 44 -30 -56 -26 -40 -67 -11 92 -12 97 -21 32 -89 -16 60 -95 -48 68 -54 -17 -93 
13 -84 -80 -65 93 -14 52 14 57 88 -42 59 55 44 92 -45 -78 -54 -95 -2 22 -13 89 -98 1 97 -60 -63 6 25 -1 -12 -88 68 -40 18 50 94 -91 27 -47 86 -13 7 -12 -28 74 -89 96 
-63 -60 93 96 38 5 -35 -53 61 -31 -97 75 77 49 92 27 -33 -47 -15 12 20 24 -94 35 -99 64 41 -61 -91 -25 -9 50 84 94 30 63 17 8 66 -69 -8 -42 58 51 -25 -45 31 5 48 
-28 96 -40 16 -68 9 78 -59 -90 89 13 -94 -82 74 36 72 -74 -99 -18 50 -60 -47 -90 -18 47 -94 9 26 93 -13 -88 -34 -66 -71 -83 14 59 -3 -19 -32 63 -20 -95 -18 -97 -36 22 -60 -49 
-95 -27 -64 -87 -40 -38 -98 -93 -71 -36 -86 35 -26 -60 -26 -62 -98 67 37 -100 84 -32 78 52 -56 89 54 -98 98 -3 -2 -20 -70 -32 -25 3 72 -88 7 -100 -21 67 64 -97 -96 -82 78 83 38 
-65 -42 38 -38 -8 11 16 4 26 -55 -84 -57 -51 -87 57 -46 83 29 11 40 -7 29 -48 -96 80 28 -11 25 6 30 -70 -12 10 70 11 -11 -56 -32 -29 -57 15 3 -33 -94 34 91 -36 67 88 
-17 -78 -74 39 5 -25 -7 -94 -1 -79 -88 100 78 -99 74 68 50 -96 52 -40 -85 -86 25 -47 -78 -99 95 -87 -87 -35 50 -56 54 -23 -79 70 36 -38 -59 43 -54 9 87 -96 30 -32 -93 -17 -2 
15 -56 70 -8 89 76 -4 -63 79 17 -64 -70 -96 82 -2 -22 36 -97 -84 79 69 97 97 28 -62 -70 -15 88 29 -13 51 -38 -25 -80 66 -94 -78 -71 -27 -79 25 49 42 96 -94 -44 34 -89 61 
28 -24 -28 33 65 15 76 -66 -15 -25 -13 79 -15 -60 32 -54 -90 48 -11 90 -23 -98 52 18 39 51 -38 33 13 -62 51 94 -6 15 54 13 -46 32 53 -23 92 -40 16 -38 99 -90 -69 -17 17 
-60 -18 89 33 18 -62 -64 22 -14 86 78 -7 -28 68 43 -99 49 48 -71 79 38 94 87 65 83 -66 24 -57 62 -78 -39 -34 90 82 42 60 -65 1 -10 -22 24 -40 38 3 -98 -74 -26 32 19 
-53 -32 94 52 -43 -36 -38 9 68 -61 63 42 6 21 -57 81 -79 18 95 -58 -20 72 53 26 83 -45 3 98 -5 59 69 -51 77 -16 -1 71 -88 51 86 -80 13 -8 36 -59 41 37 37 87 -92 
-79 -44 65 -12 85 -41 -95 -100 -11 53 23 97 -80 94 -50 36 26 18 30 -54 -68 -25 -29 10 -15 88 96 5 -55 -37 85 47 -44 39 -36 -10 -17 6 72 19 -83 88 11 -33 42 74 -51 84 -44 
98 -72 96 80 -59 16 -76 -54 4 25 -78 -6 -1 54 69 -95 -16 -30 -67 58 52 -90 9 9 -9 20 90 -24 17 68 96 -16 81 -28 -49 -29 -70 -93 -96 -32 -90 80 -59 6 -6 46 0 87 1 
20 46 -83 31 39 -75 -68 -42 -73 -68 -86 -73 -21 -81 60 4 86 -57 -94 -13 62 92 -59 -15 23 19 17 42 -72 33 -27 -40 -45 96 -27 16 52 12 23 -50 -93 -26 -2 -26 -36 99 -28 69 -72 
92 -100 -100 -64 4 -78 49 22 9 72 87 60 -68 -60 -71 -28 -89 18 -61 85 77 5 41 -57 30 -45 10 39 94 -98 28 -54 41 -80 -17 46 84 49 -61 74 -87 47 -18 33 -94 -76 39 16 12 
-94 -90 -73 2 7 -93 72 -40 18 -41 -63 -76 98 7 -34 6 -99 -47 71 -45 80 5 93 28 -19 38 -55 55 -86 94 42 -44 85 -60 -1 28 89 -46 65 34 -29 -4 18 11 83 36 -74 -87 56 
-10 -92 6 -5 40 79 55 34 62 51 24 -98 56 -30 95 11 58 73 66 9 -59 49 -76 27 -56 69 -16 53 -85 -93 -60 12 88 -22 21 -88 -15 -2 -93 50 -97 -24 -96 -37 22 47 -62 43 -60 
66 -18 -42 -60 48 5 -15 -20 -63 -64 54 -56 41 -48 -58 92 52 98 14 72 -54 -58 52 36 71 -17 -7 35 7 -58 98 -72 26 75 29 46 28 -63 -33 40 65 6 34 -66 25 99 30 -72 49 
-41 45 30 26 -32 -59 82 27 73 -12 -70 -50 -56 -65 59 -64 -94 47 13 4 51 -15 -68 -60 1 -54 78 -88 -56 -84 -82 61 47 -86 94 99 88 76 40 80 -90 -31 14 48 -82 73 -68 -90 90 
-44 -93 -93 14 -62 -30 -39 37 18 -88 -92 -38 -61 36 25 -83 -26 -38 9 75 -47 100 78 -62 -99 -67 -68 96 -38 -2 -37 73 95 20 13 3 86 45 10 -10 -39 84 40 70 52 -8 -6 -86 -100 
-83 -13 -76 -78 9 -67 -19 -89 23 -40 -66 -1 -25 68 79 83 51 -81 62 -38 17 42 100 65 -97 34 -35 -64 78 -54 42 49 42 -45 -62 57 -77 -11 -75 -3 2 9 -31 49 -15 42 -51 6 -37 
3 56 53 -91 -64 34 -34 13 -27 -88 -57 24 86 21 15 -58 -18 41 49 68 27 96 86 85 47 -49 -45 29 -84 39 60 -9 -87 -88 -81 -85 63 18 14 31 -48 -68 -74 -84 52 93 19 33 81 
-26 15 -78 -71 -84 35 -3 -21 -25 12 -31 78 -88 80 84 -55 -32 39 -51 6 -40 -94 66 64 81 -42 85 -99 50 40 9 7 -28 75 -75 89 86 -68 -84 -64 -9 -32 61 -39 94 -11 -4 -45 44 
-65 23 -99 3 12 -41 38 87 -67 -1 -45 -74 -62 -9 59 -77 -56 -52 73 78 -13 -96 -30 53 -52 -17 50 -80 39 62 -49 76 -17 -39 47 -36 -17 -57 12 -63 55 29 -32 -43 -39 -91 -45 52 52 
-14 -71 12 22 -89 -3 -91 -96 77 -22 -6 55 70 32 80 43 -8 5 -47 88 -20 50 -40 65 -79 -83 -7 92 -97 39 93 57 -23 56 -52 -50 -12 -94 -26 -68 72 -50 46 -18 23 93 -82 26 76 
-58 86 40 67 92 3 -49 38 -91 98 -8 14 -100 -19 59 -24 -96 93 -34 -90 5 87 -27 30 -100 34 85 -6 -18 49 44 -91 10 -88 -2 -85 7 -78 48 -100 -52 38 -77 46 -31 97 49 -34 98 
-58 -89 7 35 62 -25 -75 28 -28 95 -35 81 28 -72 25 -47 -46 12 -41 75 -92 16 -30 43 64 -32 11 -16 -93 -48 25 -60 31 3 -44 76 -77 -7 -64 21 79 65 76 -77 -2 -57 1 -29 48 
-65 -25 -30 -27 19 -94 56 25 82 4 31 -26 -86 71 -17 15 41 39 65 73 -1 32 0 56 -29 -10 52 -73 -38 -22 -100 96 91 -65 26 21 -29 -71 48 -66 44 -95 -94 -36 -19 68 -22 65 30 
-100 11 3 -27 -91 -42 55 20 -77 -47 81 92 -60 53 -18 -55 31 48 41 -62 -41 68 65 -69 57 97 57 -84 -31 -46 -61 31 74 -80 88 -32 39 69 99 2 1 80 99 9 -63 19 -8 46 11 
59 -26 5 44 34 39 57 -69 37 26 65 3 -83 22 14 -30 -90 -31 -52 0 86 -44 -94 -35 59 50 -9 82 35 -7 59 7 51 -99 -99 -63 13 11 69 15 85 4 65 -91 -76 91 -40 -37 -98 
21 95 -22 62 -73 -27 -35 33 -97 -32 -11 -89 20 67 16 -47 66 44 -100 -67 -19 -40 -19 -74 -74 -16 18 -14 -59 -99 56 37 9 -8 -97 20 10 14 99 -12 -86 -40 90 26 78 -18 -26 -31 -46 
29 3 -89 14 58 84 -60 6 -80 14 -9 54 65 -15 -29 83 -12 2 -75 -4 72 85 -40 -22 -63 -19 27 -61 -43 81 -18 -32 -3 4 -3 -23 54 89 -3 -12 29 -29 11 58 -100 7 54 -45 -25 
31 75 50 -62 -12 -64 60 -80 53 99 -78 61 66 -89 -40 4 -68 -64 -7 -76 -22 -28 -62 100 -6 73 37 21 74 78 -32 -11 -14 -18 -54 18 80 -23 -22 46 3 -7 48 -96 -30 -40 -2 2 41 
58 -93 42 -15 -17 -42 71 45 12 -56 70 39 67 47 99 -63 26 62 54 37 -10 -22 82 -65 -77 90 -60 49 48 -51 -66 -85 -26 -83 -34 -41 -49 -63 -56 -20 -48 96 95 6 75 -59 96 38 55 
-78 44 40 71 -5 -48 81 18 -1 -52 -2 -58 49 40 6 -45 -74 42 59 35 73 -68 55 2 24 70 3 87 54 -16 15 -10 89 64 -39 -8 67 6 62 33 -32 -49 10 -25 30 -81 13 15 99 
68 74 78 -63 -93 -37 86 -78 100 5 -26 -2 16 -75 -1 64 -55 84 67 -67 9 34 -6 82 -78 -60 48 41 62 -57 75 -58 18 30 -9 -38 33 72 97 38 -16 -77 49 62 -22 -98 11 -62 -2 
83 -93 -66 -82 -46 79 36 7 -41 -62 72 84 -72 -63 -3 91 65 49 14 -1 2 -80 -97 67 56 -23 -18 -73 12 -99 -2 -58 26 7 97 36 46 -20 -86 -98 16 85 -24 78 51 -9 -53 62 43 
-40 -61 38 8 -6 -72 91 41 -57 79 69 0 -81 -27 -16 -66 66 -83 -9 79 -33 -74 50 -14 -79 93 -80 44 -31 92 -89 -11 -43 0 -56 -61 79 -77 85 -20 65 13 47 -95 -13 -98 -48 -81 93 
89 6 -1 78 -3 -30 29 -4 -87 3 94 40 79 3 -37 -36 -15 -75 -35 66 35 -91 19 14 -63 -86 54 92 -60 27 74 1 16 -13 69 100 74 -21 86 40 -40 51 -86 -45 -88 88 49 -19 -46 
56 -23 -97 -96 -10 -20 -56 -18 -80 -26 93 73 -24 -53 32 -20 -4 -34 -62 -18 -13 -24 -87 -1 29 -68 -18 -30 16 41 -5 58 -88 98 2 -48 -51 71 -86 -23 -17 97 30 -18 -53 65 16 39 -89 
41 77 55 -21 -3 59 -89 38 31 37 -68 -31 -63 -44 99 15 -76 -38 33 81 -14 -27 10 -82 68 -4 63 -2 38 65 -69 -1 -28 66 51 84 13 76 14 91 66 51 -65 100 89 86 -95 -55 32 
31 3 -73 37 -66 -73 -89 -96 4 48 -7 -34 -97 59 35 -58 63 -96 -87 -51 61 -24 -23 88 47 -24 -62 46 94 63 22 50 23 -27 90 73 76 -90 -5 -93 21 -73 -8 82 -16 31 94 -91 95 
10 -95 -17 59 35 -87 82 94 51 67 -83 36 46 53 -94 -11 -33 97 -67 -78 -44 66 -32 52 -24 -51 36 -18 31 22 -3 71 37 -22 -24 36 -33 84 68 -85 -64 -99 -70 -78 -47 -2 -53 81 71 
-39 -62 -8 73 -89 85 37 -17 -98 -27 -70 99 -62 27 -27 90 83 65 -85 2 -94 -29 88 -40 45 39 -34 61 -92 17 67 80 -65 12 42 86 24 21 -4 -19 -75 50 39 82 -79 -27 -2 -67 77 
38 80 37 -48 93 36 -91 -52 98 40 -35 -35 16 56 -62 58 -58 -28 -43 23 22 89 83 24 49 95 100 14 -34 64 -29 -3 73 37 55 -20 11 -36 -68 91 -23 -85 48 10 27 56 37 2 -23 
25 66 67 82 -78 -39 40 -23 98 -58 25 57 34 40 -55 7 -96 38 28 -22 -2 -67 -78 -54 70 -24 72 -95 -50 -12 -87 -94 -55 -52 74 -99 -76 -4 -99 9 84 66 41 30 -99 -44 26 76 -37 
-71 -29 49 98 92 -83 -6 -86 36 -29 95 -89 20 -100 24 91 57 -70 -85 -34 -43 -20 23 -18 -31 -64 -9 -22 -72 50 -29 -87 52 -14 -44 -67 99 1 -76 -56 40 43 13 -31 90 -92 84 -55 -28 
-91 100 -5 9 -6 29 -50 89 -1 93 -34 17 -62 30 -32 -86 -70 -89 49 -99 -20 -70 -83 -33 -81 54 -19 25 -94 -19 -15 34 -25 -3 -79 92 -82 -67 57 55 98 -70 16 -81 92 92 -13 82 -22 
12 -84 -32 97 1 40 -54 39 -40 52 -21 -100 -20 -100 81 -1 86 -36 85 -56 -49 83 -29 68 -61 23 -4 60 72 -100 26 25 16 37 17 -66 53 -5 -60 -35 17 -5 11 -41 -82 -30 -51 -37 -54 
0 -53 91 10 -77 12 -14 52 64 -79 -23 26 -21 51 90 27 36 -45 8 44 24 48 -25 -85 65 -12 -77 51 -64 42 -30 -62 25 32 -33 -67 -40 35 71 -43 65 29 -3 -33 -62 39 48 99 -47 
-55 -7 68 -8 57 -76 33 12 57 18 -78 36 50 -53 69 -37 -19 41 -12 79 -82 -85 -20 -32 -72 -55 -30 -65 22 -44 92 -25 -82 45 19 22 44 -42 -12 15 -66 -100 43 -14 96 -95 18 -9 -6 
-52 -100 -85 5 -6 47 -25 -31 -78 37 -42 83 0 8 -41 74 -43 50 -3 -54 -36 -91 89 -71 72 24 70 -76 82 -89 -40 -17 -79 -20 89 -23 -41 82 -18 -74 -83 -49 -92 -29 -2 75 -93 21 -41 
-7 92 24 -74 83 64 72 -41 73 -25 75 -97 52 -14 93 -99 -24 -85 -10 7 -62 -98 83 -70 85 65 3 -78 -45 -73 -42 4 26 -80 -10 3 -47 100 -78 -29 -50 91 44 -70 -15 -68 59 67 -20 
70 -69 -71 60 33 26 100 45 -100 -71 -83 59 -4 -54 42 -46 11 -66 -84 68 12 -97 72 -60 3 -19 55 -11 10 88 49 -36 56 -10 46 -24 95 54 93 86 81 -19 1 -21 -93 68 89 30 -5 
67 22 14 -17 96 -30 76 -57 -21 52 42 27 -33 -83 25 -8 -49 66 -76 -76 -11 -49 -6 -91 -64 -50 84 -29 -71 -72 -4 -22 99 -74 52 -4 63 -55 -73 99 85 72 59 3 2 -1 96 -43 5 
-30 -35 46 -50 -10 -3 -93 -33 28 -73 51 -98 -41 -88 77 -98 -4 46 39 -12 24 -48 10 72 -12 69 27 -22 14 -23 -64 -75 96 -86 -66 -65 -83 -52 42 53 89 -87 3 -45 22 -42 -25 -98 7 
30 43 48 -10 99 -13 -77 -11 -53 -65 3 52 -62 89 14 69 -75 -40 -94 95 -25 38 79 -22 43 -3 -31 -71 68 -34 42 36 84 90 36 61 34 -76 75 20 -53 37 31 5 69 -87 -31 50 -63 
-67 98 -77 14 36 42 -88 49 99 -41 -28 -13 44 92 -49 35 42 78 -65 -88 64 -26 25 -16 1 2 -44 71 89 13 35 -34 71 63 -28 -47 88 -94 -52 71 -25 66 -26 73 92 23 85 26 -91 
4 8 79 14 49 82 -83 93 -27 -90 96 3 46 48 73 -85 100 80 -87 -55 -95 86 -32 61 2 -74 3 -29 -18 -43 -46 77 -47 -36 -48 -19 -15 -51 42 78 13 -66 -84 -37 64 6 66 80 71 
96 -65 -11 -60 -44 21 11 -18 -26 -14 -100 71 -64 83 16 -14 -70 -97 88 75 -58 64 -80 91 50 -4 0 -3 -70 -17 89 91 -99 -41 -5 -12 8 21 51 -54 82 82 92 -16 -2 63 -80 -15 -39 
-88 -93 16 -75 50 49 73 18 44 -63 -39 10 -85 2 -37 69 -97 -4 -2 -44 97 -91 16 88 -38 19 -98 64 38 65 9 86 -42 99 30 -57 4 -33 19 91 69 23 -63 -24 -6 -21 -58 91 -57 
34 94 43 87 -30 3 -93 -1 52 -11 53 11 -9 34 25 54 38 94 -96 17 35 30 98 -31 67 56 29 -68 79 -18 12 84 0 24 -38 -14 35 -56 19 27 -31 -57 -46 -75 19 54 90 -44 -87 
23 -92 -2 -59 -96 49 71 -12 14 -35 -71 0 14 26 -68 67 11 -10 -1 -41 -12 -17 -61 83 -38 -92 -69 26 -39 -66 -31 -32 84 -17 22 -5 89 -21 91 74 45 20 75 -49 70 68 -26 12 49 
87 14 14 63 -87 15 100 -47 -31 57 -81 -60 -5 73 -54 45 4 17 -36 -14 -96 68 94 74 -95 15 -74 23 26 33 85 54 -10 -70 -1 -9 -18 16 89 -43 65 57 -91 -7 38 -96 42 68 30 
61 81 68 66 -40 82 22 58 25 -56 -73 6 -56 -45 60 -55 10 -3 87 8 -27 -66 -77 -50 27 81 22 -19 52 -97 81 -29 -28 88 33 -12 3 67 48 35 91 44 31 -40 -87 -84 -85 73 84 
27 -96 92 96 50 90 -46 -54 21 99 -55 5 -6 -61 20 8 -40 77 85 -8 73 -10 -72 89 62 -72 7 -17 68 33 -35 80 -67 13 -9 17 74 -24 -44 -26 88 -58 7 -23 -6 -19 -33 60 17 
2 15 -26 72 95 18 89 96 45 86 40 -9 -18 -19 6 76 -78 26 -46 30 -31 -72 32 91 78 94 -84 72 7 31 -4 2 -4 42 15 52 40 -57 98 -46 -48 -8 74 21 34 13 -45 58 44 
36 -84 -33 83 44 -3 -41 58 29 -45 96 -45 19 68 8 97 45 -26 -13 -94 19 24 -46 76 41 -22 -43 10 4 12 -92 -7 63 -27 59 0 53 -31 71 65 -85 -7 8 64 5 49 22 26 -20 
1 -74 36 -86 34 -12 75 27 65 -96 -29 -66 89 92 -22 86 -78 -6 95 26 -50 76 -28 -76 13 44 15 -61 93 13 -45 48 98 -15 33 81 -62 -1 -86 -1 3 -25 68 16 60 -21 -62 -15 16 
-34 89 -34 -95 69 41 -80 -64 -88 69 21 31 91 -2 -46 96 -2 68 90 -91 28 -29 34 -25 -89 73 -100 -27 -100 -93 -46 -71 -42 -69 35 -67 67 76 -11 57 24 88 -93 -27 -98 32 -16 3 -18 
10 -82 76 -41 -84 -14 -29 14 -64 -9 60 -100 -64 -9 -45 81 21 51 -39 -63 -90 0 24 -26 -12 30 14 7 -57 66 67 62 66 2 12 -58 89 -32 -63 -51 -34 -72 72 -74 34 43 28 94 90 
-50 -42 67 -41 84 -10 30 94 -95 32 88 57 98 97 98 4 75 -53 -33 50 -83 -38 -41 -23 -31 -28 -26 68 -33 72 46 -7 17 70 91 44 29 -82 22 -46 51 99 32 -19 -37 67 -71 -25 83 
65 -43 72 -100 -27 52 76 -1 1 -83 40 -35 -63 -65 55 36 68 70 -65 3 -1 36 -71 31 -70 63 -52 16 -81 -24 23 38 -22 74 59 -12 -78 41 57 -65 87 -65 -85 66 -43 45 13 100 31 
-35 26 -9 -22 59 -20 82 1 -18 -37 99 2 1 44 35 -56 -68 -95 -25 -77 66 -17 53 41 32 -22 88 91 98 -18 -2 -74 64 65 -96 98 -21 21 -46 -9 -92 -56 -75 52 -77 32 20 -46 -18 
-66 -74 -19 69 -13 -82 52 -96 40 -47 -15 -13 58 13 -17 -42 20 64 89 -57 43 -24 56 -59 84 58 -31 -40 76 69 -37 -3 -27 -36 84 -60 97 85 -1 -1 25 -21 35 24 41 94 14 -34 58 
-3 88 -95 -18 54 26 8 -60 -57 -18 -98 -61 56 -10 34 5 -30 -79 31 -69 -3 77 64 60 19 -6 -90 1 -71 -74 20 -52 15 -52 98 74 -27 76 35 3 -60 4 77 -56 -99 -33 -52 20 98 
21 -71 85 -40 -14 -6 88 -23 -54 -13 -87 64 38 77 -68 97 -23 -71 90 4 -71 70 94 13 -68 -58 -62 -99 -48 -30 -70 -10 -33 5 65 18 -65 28 -10 -59 -20 -7 90 55 -30 13 77 -41 -79 
69 68 47 28 -93 -70 -89 -12 72 15 74 91 8 -63 -99 31 66 76 -59 8 -25 83 -86 7 64 -82 19 59 -63 31 87 -83 100 -77 -18 -62 -75 91 -38 51 -36 -35 -43 98 92 -85 39 -16 33 
