-66 -40 -55 -7 55 -82 60 -15 -71 -12 -22 -35 -21 -48 33 -4 64 16 -79 51 8 6 5 -76 -22 23 -73 54 1 -20 -4 -28 82 -2 42 -56 -33 -15 -39 -3 53 36 55 -98 48 -32 68 17 -42 -6 -68 -64 -42 16 -98 -46 -7 2 -64 89 -57 64 96 -33 62 54 4 21 -12 -25 -83 41 56 70 7 66 -91 60 -81 -96 -88 45 75 64 
-74 75 -62 66 85 6 -76 61 -63 -33 95 89 77 48 -29 63 -51 91 -78 -96 -48 -28 -95 -30 16 86 -73 31 38 -2 -78 71 -45 22 13 -61 93 9 97 -86 76 -83 -54 73 40 -46 55 -2 -34 63 6 -60 13 27 -80 73 -7 -14 -14 83 -69 37 69 69 2 25 73 -75 -64 25 43 -91 65 -16 -39 9 -27 76 45 -100 17 -83 39 73 
-84 66 65 -100 71 -70 61 -82 62 -51 76 18 -48 -48 -1 -2 15 -85 -60 -45 -70 -48 -27 -99 66 -28 43 68 -27 0 89 6 62 -17 -10 -3 -75 25 -53 83 89 -62 20 -30 32 49 70 27 3 15 19 -13 34 22 19 -57 -64 -42 92 49 28 -85 -78 -42 -6 80 -50 29 -86 -52 -3 -8 88 -84 -61 -74 46 13 29 -76 98 97 -78 53 
8 -4 -5 -21 -94 10 22 -61 16 88 -34 -7 43 -93 -63 61 -66 -42 -60 40 16 -77 -88 26 4 -73 70 65 70 -90 -71 38 12 -4 74 92 26 36 51 70 42 -16 -46 20 30 55 -28 41 62 22 27 -31 -27 69 51 -50 86 -6 28 -68 62 64 62 8 -6 -27 98 77 64 -42 -56 67 95 55 84 -50 27 -70 16 56 66 10 -96 1 
0 43 22 -56 -66 76 -61 -66 -56 69 -33 -9 -17 92 -71 -14 -57 -39 -16 64 72 -65 -82 24 -4 -66 99 39 -40 30 18 -48 87 -78 -15 13 42 80 -45 49 11 39 33 69 85 -90 -65 18 51 96 -98 -28 39 71 41 84 -28 30 -98 -40 -77 -93 8 50 -39 -75 -44 -60 69 -90 -26 -17 -14 -2 -29 14 54 -15 67 12 -14 56 -40 11 
-98 -47 51 76 29 -99 79 -37 -89 15 -80 22 32 11 33 -81 -8 -37 -66 -31 -71 -8 -10 36 79 16 35 1 33 58 -50 -57 -90 -31 -79 -7 44 -31 56 -72 81 55 -43 -92 -33 -2 -94 -87 -49 78 -34 -29 41 59 29 -79 -70 -28 78 -78 72 90 -56 -29 -27 79 -56 3 -66 29 -16 -11 13 20 -96 -68 -69 6 -72 30 65 -11 -92 23 
12 1 -9 -18 34 58 17 23 -28 17 -34 90 -38 -65 -66 -38 54 -94 -68 28 46 26 96 -56 -51 24 -37 -76 -3 -10 -63 -61 -60 72 82 -50 0 56 68 83 -33 60 -47 -55 20 1 -76 -88 -98 89 -95 -80 5 22 47 32 80 -42 100 -91 -54 91 -99 50 83 59 93 81 29 64 27 -74 -48 23 -3 -91 11 1 -33 72 -99 -38 23 56 
-4 59 35 42 -75 -56 44 -100 -16 82 31 -99 67 86 -2 95 29 55 22 12 -16 96 75 1 77 13 -71 1 34 -18 -82 61 38 -51 89 -65 -5 99 -77 -28 58 3 -60 -3 -52 57 96 95 -3 -68 83 52 -7 -42 55 -75 28 60 -55 -85 89 100 -5 2 -81 -75 -15 -64 100 -18 77 -62 -45 -33 67 -62 -24 -31 -42 -96 -25 14 27 4 
-10 -88 -54 -39 48 -22 7 -73 34 21 -94 85 41 -4 -51 -30 -96 52 -5 -48 32 -18 44 67 99 -77 73 37 -37 -97 -25 -40 49 -45 -76 -80 84 42 67 81 -64 -31 95 -65 76 -100 -93 57 -87 71 -93 -72 -15 78 62 -95 85 99 2 -5 8 -10 -87 -4 25 39 96 0 -61 13 77 58 11 -69 -2 29 -80 5 -95 75 69 -88 -35 31 
62 89 70 39 28 -24 85 86 49 -56 -2 -38 -47 22 -9 4 -87 -4 90 46 21 62 71 -51 64 3 71 41 64 77 -86 -61 -99 -9 -43 -90 21 75 90 25 -57 85 -96 -47 -16 52 50 -38 -55 24 -3 61 99 -36 71 46 51 -41 87 62 -13 -15 -19 -74 10 -67 31 45 -86 -12 80 -90 -60 44 -80 -43 39 91 27 -78 89 42 -69 -64 
-28 32 7 -82 -98 -53 24 -1 -20 -99 -18 -34 -70 -11 -34 -5 -61 38 -30 -24 94 -47 80 -75 16 74 49 -69 -92 -79 -100 73 -27 70 10 12 -57 91 -26 -99 -93 -19 -51 -1 31 87 15 11 17 -34 44 19 -85 28 37 43 9 15 -13 95 53 80 39 45 -69 73 9 21 77 -99 87 -45 -82 37 -10 -65 -3 -79 -24 -66 -62 56 70 7 
-26 20 0 -99 77 -66 79 -28 39 -72 -58 -26 7 -65 -15 -38 -81 53 -80 -45 -53 -11 -99 -88 48 45 26 -87 24 -13 67 10 -16 -75 -74 -19 -22 92 -79 5 -76 67 14 -89 21 66 21 17 -59 -30 -10 -64 -84 34 -30 34 -61 -19 17 47 -96 -31 35 -39 -20 -95 -1 88 3 91 61 78 -10 -34 5 29 -90 -14 -61 -26 -100 -55 -21 82 
-19 -5 31 -82 57 21 29 45 83 58 20 41 -5 -91 -35 84 25 38 50 -91 55 48 -97 -29 -17 82 85 -100 96 -26 44 86 62 38 -39 85 -64 46 44 -34 -38 51 -3 92 -33 -81 34 -7 94 69 -42 34 -97 96 -26 -70 53 93 -63 19 -93 -36 -56 0 37 -76 85 -60 -72 33 68 -12 -31 -27 47 -44 -1 -11 -86 -5 -46 84 98 -96 
-98 13 51 60 -78 0 -22 -99 60 -91 5 -18 -35 29 49 -97 -5 -72 30 29 -20 -22 90 97 -49 -90 46 80 -98 -96 45 43 -84 -79 20 21 42 53 -20 -22 73 -47 57 -30 61 93 76 84 -15 67 32 -83 41 -52 -32 33 -19 72 -34 -93 73 -73 92 -42 -27 -50 13 -71 -31 -57 56 59 -26 2 13 -28 -41 -14 -10 100 58 -57 69 68 
1 -38 -63 19 69 39 -12 -26 51 -91 -68 13 26 61 42 15 8 -28 79 -32 -82 29 70 -24 -15 68 2 -55 28 45 -50 92 -64 7 -51 32 -5 -65 -4 -24 -19 -2 -23 -45 64 24 -63 90 95 14 -43 3 53 39 -59 70 -99 0 -20 -48 12 -20 48 -76 80 -97 0 -97 -2 -53 64 -61 -57 92 64 4 21 -26 82 86 -38 -83 92 35 
93 -41 77 -12 -30 49 -22 -5 39 -90 -11 -20 -1 36 22 16 -22 -86 36 96 72 42 36 -50 29 63 -100 93 -46 8 25 -99 -48 -47 -46 14 40 -91 -47 95 21 -55 -23 -25 30 42 -68 -73 95 8 -72 67 52 42 70 -3 76 4 42 18 -38 -73 -73 44 -79 -44 -44 67 -3 54 -18 67 85 74 -39 85 54 -2 82 30 5 43 54 -50 
47 -44 75 -12 52 -96 -87 46 76 26 -16 -34 -93 27 -70 37 -58 99 19 -39 -90 17 -71 -90 37 -69 59 79 90 -27 -99 19 63 82 84 -88 55 -14 -32 21 -63 38 -45 -94 71 -66 -78 51 -70 17 -89 -43 90 19 52 35 -45 -87 -61 -5 76 71 52 -88 -60 52 75 -61 81 -93 35 80 -27 61 92 -25 -28 1 -100 -100 -61 -51 -4 -7 
-25 -97 50 -14 35 79 54 9 -52 -8 -56 47 -19 25 -25 51 -72 62 51 5 80 -31 -20 51 -79 -18 96 89 -56 -90 -92 -1 18 24 8 -10 -64 44 -14 60 -97 80 24 -85 59 63 51 -64 81 79 48 -70 19 -65 -64 -49 -71 -96 -8 -58 -21 12 18 -33 -14 25 -28 84 -8 -17 -5 44 95 40 98 61 -45 47 -65 -7 57 -41 -22 -32 
-3 26 82 -92 61 -61 28 45 53 13 -13 81 21 -2 -66 59 -12 -97 72 -31 -82 21 -81 -68 35 -20 -22 86 43 -93 52 -16 -75 12 -36 65 -46 -12 -7 -67 46 42 -56 -27 -73 52 1 -21 61 -54 65 6 -56 -93 31 19 -98 77 -7 -88 -18 91 12 -51 -20 6 -34 74 29 -56 47 -86 -36 -98 -66 -55 48 -78 -94 72 -71 17 -55 46 
34 -85 32 -32 37 43 -75 -16 -42 63 -33 85 94 9 -45 -67 -44 26 72 -51 -16 92 -62 67 -73 -47 53 85 41 99 -69 2 -48 8 60 -24 -87 39 20 -100 -20 -49 -82 88 -69 32 74 60 84 -63 -43 -99 37 7 -86 37 -92 -39 -53 -69 -42 -49 -40 -23 75 8 -8 -83 100 -11 -47 100 7 -42 -7 0 20 -17 -32 -52 -37 84 63 55 
-4 -84 -42 24 -84 -32 14 42 -46 -70 -25 -83 -25 38 18 -55 1 -33 19 51 -69 -12 -85 4 -2 31 -91 29 -22 85 62 -96 -96 67 40 -81 -82 -18 10 58 -97 -46 -9 78 -30 44 -76 82 11 -72 -71 18 -47 -77 -8 61 -29 -79 100 -46 34 86 68 -50 96 100 -44 -84 38 79 58 82 -70 -15 -59 -66 90 -42 0 73 76 78 65 -34 
-47 84 83 34 -13 -12 27 83 45 58 -63 -75 13 -88 57 -45 84 90 -68 -38 -53 59 56 51 6 -51 -35 46 63 19 -53 45 12 40 30 -53 69 -51 -50 -4 79 8 -88 -74 22 29 94 -6 -21 -3 -76 -1 59 -24 100 47 34 40 59 73 -72 -47 57 -88 36 47 -69 -69 19 9 32 -39 51 76 -73 78 -33 -97 37 -56 67 70 45 -80 
-48 -3 13 19 93 85 51 -21 15 -44 -82 -20 -82 -58 -79 -98 -70 96 57 26 -15 80 20 -8 22 96 -31 33 58 -28 -35 -63 52 50 60 5 96 9 69 -73 73 43 -62 53 -43 -35 88 32 64 -7 42 -92 -93 63 46 71 41 -74 90 -72 4 -100 -55 -83 -91 80 -36 -33 92 -50 2 34 74 81 -89 -57 -34 -72 -98 -2 -15 -25 38 74 
18 90 -1 52 -7 51 -44 -5 -76 52 48 87 65 -25 17 -94 -17 70 6 3 4 -29 75 27 91 -25 -59 -73 -74 21 -36 -50 -54 -28 43 -7 -47 14 30 7 -59 -32 -61 -50 -63 33 -83 99 -93 -41 -6 -85 -70 45 76 21 -42 -68 57 -82 -6 86 99 82 -75 70 88 -45 -18 75 57 -53 81 10 -73 93 38 -62 88 12 38 -23 84 67 
-81 63 -2 56 94 -5 2 -95 55 55 -68 29 60 -90 -64 19 -48 16 -90 64 -72 7 87 96 11 3 17 -1 94 -28 -33 65 -40 -60 -47 72 66 14 -98 -95 -21 7 49 96 6 -21 18 55 -39 62 64 -49 51 -13 -30 81 -3 -97 78 67 26 -66 -99 29 51 76 13 54 -5 11 -77 100 -100 -100 -95 -42 -51 -63 1 -28 -89 -9 -29 -43 
26 -11 -38 35 -18 -75 83 70 15 96 12 -2 -62 -58 23 -4 2 -99 97 12 80 75 -63 -75 -59 53 36 77 51 -41 38 55 -73 42 6 -9 10 29 100 38 85 -7 -36 41 12 -50 59 -97 -46 88 -66 4 -2 30 -69 -60 -62 -33 26 3 45 -93 -57 -21 -19 86 35 -98 81 -54 16 17 31 -9 63 66 65 -89 -3 68 13 -39 -99 -73 
-100 59 -54 -82 -58 68 37 57 13 -16 -51 54 -31 12 -25 74 67 9 10 -91 -72 67 53 54 -100 74 -6 -10 77 -67 -65 96 -92 -80 23 86 51 45 -23 30 -21 -94 -79 -38 57 88 -51 -68 -84 16 -84 10 -17 48 -42 69 6 -87 -21 -77 -29 -86 -39 -47 -57 -92 -59 87 55 -84 66 31 -44 85 -23 15 -34 -51 -97 -46 -34 16 5 -50 
76 66 -83 -52 74 -4 91 58 -57 -21 -40 76 18 -44 48 -44 -55 23 79 87 -65 -22 98 64 -22 88 82 -69 -100 -59 4 94 100 -84 7 36 93 -6 42 -23 -59 27 90 5 -16 -46 -2 55 -74 -54 76 2 -96 -24 -27 59 20 50 -22 -50 -86 58 30 -22 -17 83 -29 -81 -70 -29 30 -85 -43 -24 -5 -78 55 -14 -79 -33 -30 4 -45 46 
-69 -48 -45 -96 -57 -73 42 -48 -26 3 -84 -80 14 9 74 25 -13 77 -38 31 -98 58 -73 62 -26 84 32 -81 44 9 100 2 23 39 -8 7 -70 65 45 -90 87 3 -98 6 -58 48 15 -79 -100 -46 33 -82 45 44 61 -1 70 -48 -23 1 73 55 85 -62 44 -6 -73 23 92 56 11 -62 -95 -23 11 -3 41 -97 -29 -81 -42 62 -81 -90 
84 -30 54 -60 48 14 36 -35 -27 -77 90 85 -86 71 77 43 -53 -43 61 12 4 13 -53 -69 90 -54 -49 86 -37 8 28 0 78 45 -87 -17 -78 -28 -11 -20 -75 17 67 -3 26 -74 -32 -13 90 46 -85 -23 -11 -16 -22 81 68 74 -83 52 -82 96 5 -42 66 -44 -87 -73 42 40 -52 54 17 53 -90 -36 20 57 -37 -71 -11 -16 -88 19 
71 -61 91 53 78 -55 31 41 -95 83 2 75 97 -41 100 -45 -62 -5 9 -37 -83 94 47 -92 -3 -2 -63 30 76 35 35 -33 75 84 -28 3 -89 17 59 33 -21 -100 0 -61 -59 20 10 70 35 -8 -40 -88 36 -62 -46 -73 -63 58 44 -100 -35 -15 -100 -42 71 82 23 -59 13 -13 -48 2 -87 95 100 1 64 -70 30 46 -79 -40 66 -60 
-99 -7 -33 -22 -7 -74 -60 83 -34 -36 -38 94 -63 47 0 98 -20 5 -52 -6 -39 -85 8 -90 37 83 8 88 -62 -50 -45 -1 28 6 60 56 -98 -100 -8 1 -30 -70 -22 -1 -65 -39 -28 -22 -96 -63 -77 -81 -88 32 -5 -97 8 69 -89 -95 -18 71 33 49 -93 35 11 -43 22 -52 92 -18 32 -60 77 -24 30 -23 -24 90 -43 94 -59 94 
-28 51 54 -49 -96 -63 -57 -9 11 -76 49 -85 26 -77 -52 -46 79 -16 6 50 -18 -58 8 -92 -36 1 32 49 66 -91 39 -60 -72 -93 69 65 -51 21 44 -78 31 31 95 -46 71 67 25 34 40 -67 36 -15 26 55 31 -35 33 6 -59 57 -65 -6 6 36 -54 56 -53 -91 15 26 -44 -90 -23 -98 98 -55 -99 -21 75 -46 -39 -45 57 62 
-21 -85 84 -96 -38 -22 15 -89 -51 86 -84 80 -46 87 53 -27 -71 97 -20 -31 28 1 -5 -68 -84 -48 49 -69 -12 10 24 -3 85 -83 51 -84 -22 -57 83 -61 -71 9 -12 47 98 45 5 3 75 78 -19 93 61 5 67 -3 35 19 -16 69 48 35 -98 -20 -33 -38 5 33 93 77 -88 62 -80 -39 -98 -86 38 72 -69 34 -3 -84 -54 47 
-52 -48 -70 27 65 -43 2 -20 -11 -95 16 -88 29 -46 -1 -88 -75 94 83 77 -16 30 -52 25 27 -55 -15 93 -54 -97 44 61 -15 99 11 14 -1 47 86 61 -87 -84 -81 -24 19 -91 -23 -100 39 65 11 78 -38 -51 -19 75 -82 1 -88 -55 -25 61 75 1 -37 -5 14 -93 90 65 -8 89 -93 -57 -63 18 -55 10 97 59 61 31 70 44 
-93 93 53 -11 -44 -55 -10 14 85 -89 -18 30 30 -66 -29 90 51 39 -60 82 7 23 86 -93 -26 -84 -39 -26 25 -26 -19 60 -69 44 -47 -88 46 -45 -43 90 67 -56 53 -52 -20 -83 -50 53 -55 87 32 36 -25 64 98 9 -91 27 -37 36 -5 -5 -17 -41 13 -93 32 -99 63 15 24 -32 -60 76 -78 88 -99 86 -23 -42 -59 65 -44 -35 
53 27 -63 -14 -41 50 -5 91 -43 -1 -74 -2 -16 -49 -77 -80 -61 -63 -80 -22 -6 -61 -71 64 41 80 -74 -13 -42 0 66 -76 -25 -58 -77 -36 -12 20 63 18 44 -63 -98 -99 20 -63 52 46 33 84 69 29 66 80 18 -55 -79 -44 71 -18 83 -68 49 36 17 33 -19 72 -91 -75 24 -72 -24 56 89 -58 8 30 100 -78 29 54 -95 64 
-65 -27 -12 -18 -58 84 58 29 23 -10 -89 95 93 84 57 -57 48 30 71 -54 -54 93 87 -61 -79 98 -56 22 -77 -17 69 -36 45 -93 2 41 69 -52 85 -33 31 -19 -35 31 -60 -81 19 9 -40 9 93 -5 -90 -100 71 41 -80 92 11 69 95 12 35 71 86 -19 -20 9 12 -10 -46 -41 16 -43 68 1 -31 -79 -39 -68 70 76 -10 -21 
-32 1 -19 74 -38 16 -99 100 -8 2 -21 -89 22 13 -96 -95 44 -6 -65 -74 79 0 72 84 -22 -97 43 43 -100 28 4 -80 10 -81 75 34 -70 -77 -71 3 79 -67 -23 80 -30 25 19 52 -100 63 -56 -4 76 -67 -73 -95 -13 82 -9 65 40 -22 100 -13 -48 -48 -71 40 -68 -45 -64 39 83 49 -20 30 -89 87 28 54 -68 49 84 17 
-35 51 -5 20 -97 3 -19 -61 39 5 -20 74 81 -82 96 -28 -91 10 -39 -16 53 25 -11 75 76 74 -7 52 81 12 -40 -66 34 70 -94 -27 -7 -41 -22 47 -7 -58 -8 -23 91 -12 5 81 68 98 98 -34 -24 39 96 48 99 -54 87 20 -99 -6 0 -16 -56 -44 39 -86 -72 -78 15 69 24 91 -96 -21 33 -61 31 32 25 -23 -54 -81 
-100 -34 24 12 46 -8 -66 -61 -82 61 94 -3 -27 74 -61 46 -46 -93 -27 0 20 -95 45 -85 53 -37 -51 -31 -31 -11 7 24 -40 77 -14 -61 21 -16 -87 20 84 -88 97 70 16 1 -95 17 -22 51 -44 -97 42 -32 -47 6 44 25 6 -91 -58 49 -79 72 15 -45 95 39 -18 -47 -49 96 -54 -33 -97 -51 85 73 -71 -88 -82 86 9 14 
38 -61 -62 22 -67 30 -21 58 30 -44 -50 20 -54 -30 -62 100 51 -71 -30 -31 95 -90 24 33 -30 -6 30 30 39 -86 85 -21 65 22 9 64 36 6 55 -38 -71 -93 49 -37 -46 23 -43 -15 17 49 -71 79 -95 -86 43 -74 46 -73 16 51 85 29 13 -41 27 30 -2 -76 -50 -76 45 -23 -75 -80 86 -52 69 90 -13 -8 48 71 -74 -35 
53 -30 -27 -21 94 96 78 -92 -93 -4 2 -90 -84 -43 25 -36 60 -52 69 74 35 24 -48 55 -37 -51 52 62 -11 -27 85 12 48 -95 -52 -31 60 -34 -94 -16 40 -31 1 -29 74 51 -10 -26 -25 19 70 -44 -80 -60 15 20 -21 0 -21 54 67 95 52 83 63 -2 51 -37 -58 -100 5 69 60 74 45 35 -2 43 -92 94 -5 61 -94 -74 
-32 52 -33 -70 55 -92 -44 74 90 -35 90 86 3 82 37 -19 4 80 14 -60 7 26 -38 85 79 69 34 -77 52 38 30 -47 32 -98 14 5 -37 5 15 -87 -64 -70 18 30 12 -53 -99 39 -32 -54 34 -43 83 -39 60 -49 79 15 -39 -6 -34 -32 -32 -12 99 -21 -92 98 55 8 -94 45 -36 -37 -96 -84 59 91 23 -13 -7 -73 -35 80 
-42 -93 24 90 -19 94 79 -79 0 -12 66 -7 -90 35 -73 90 65 46 -1 26 -62 68 10 -34 80 -1 13 -66 -81 -82 38 38 -37 14 98 -17 49 41 -62 70 13 41 74 -93 -83 -59 -58 100 -88 -96 24 57 85 -27 -27 -70 43 -70 -10 64 -93 -97 65 90 -16 -76 -28 -50 -11 -47 -12 62 15 96 -8 79 81 29 -22 40 79 24 -57 9 
-84 24 58 -10 11 51 -88 34 -58 81 -16 32 94 -96 10 51 -17 -58 64 -12 29 49 17 81 -42 -94 26 36 -83 76 -92 45 -22 49 -15 93 35 43 29 -24 78 -25 -27 34 34 -34 28 -23 76 77 42 -44 -10 -40 -18 52 -58 -76 -16 -61 98 -22 -52 -41 -72 85 78 -24 98 30 92 -78 -48 61 -100 85 40 100 66 -46 -81 42 -38 -93 
14 -87 20 68 31 60 9 56 33 5 -5 67 69 31 -7 -83 79 -71 40 -69 -62 69 53 66 -40 -60 54 -28 90 -10 -4 -43 -5 -82 -98 29 -8 -47 94 24 31 25 -63 -88 27 -99 -32 -62 79 58 38 95 18 52 -54 29 -31 -43 -71 -79 -4 -43 -100 62 -68 -67 60 87 -27 61 0 1 -7 -19 -82 22 -68 60 -52 73 -91 -76 95 -58 
-61 35 68 58 81 20 0 78 -27 21 -94 -97 -77 26 23 -12 -53 57 28 96 -74 14 54 80 -8 -97 82 46 -55 29 -75 25 -49 -74 -4 76 95 -65 -53 18 -42 -79 47 7 42 -84 99 54 -45 8 85 -29 -93 -43 96 -7 16 85 99 63 94 85 59 1 71 61 3 -57 -47 -36 -15 -2 50 -24 70 -79 -9 45 -77 -74 89 100 38 -67 
-89 96 22 39 -67 -29 -50 7 18 8 74 48 -80 7 40 -46 27 10 53 65 -34 58 -12 83 -72 -22 35 51 -42 70 72 97 -65 77 17 94 -82 -51 44 -90 -15 33 34 -26 4 -96 43 65 59 -62 -79 72 -85 -33 69 95 -34 45 34 -23 16 59 -23 -22 96 -51 -26 -7 99 -80 25 65 -77 -16 -35 9 10 12 40 -76 -58 60 -23 -70 
78 -82 56 84 -45 99 -90 45 -96 -30 93 -24 14 54 0 32 31 83 61 -36 88 79 -93 -3 40 -60 12 42 -48 -96 -84 -83 49 14 86 -63 -62 72 14 89 -39 -76 -70 74 81 -74 -17 -63 -99 7 27 -52 98 -61 80 17 -35 99 -41 -3 14 -44 28 -30 38 90 28 47 29 -5 82 -23 56 49 -91 26 56 25 61 -65 46 4 85 -42 
-67 35 -90 46 -79 -86 -71 -5 73 25 78 -68 35 46 -72 -6 -29 -27 65 -82 72 52 63 -76 -7 -97 62 -9 52 -19 -34 52 44 30 84 16 -77 -22 -59 65 -48 -21 30 -60 -22 -50 -25 45 -81 58 8 7 -24 75 -99 91 57 -38 39 -10 -29 -9 5 87 25 -89 99 57 -38 12 -74 -9 64 -78 -18 11 -7 -24 64 -16 -47 -60 89 -67 
94 -10 -81 59 65 51 26 -58 64 -32 17 7 -98 29 -8 22 -70 -54 13 -47 -93 -22 -76 -32 -18 -43 -13 -98 53 42 46 30 2 -29 42 -81 16 -60 93 35 -89 10 -73 -4 -13 -40 86 -81 -19 94 -73 -58 -36 -41 64 22 30 -65 73 28 -30 10 23 -66 87 62 57 16 -6 -43 67 51 8 -1 -94 -65 85 -66 -67 -37 -93 -36 -10 -22 
42 10 -67 37 -86 -74 -53 14 -44 -71 58 43 -74 12 58 -1 -84 -74 -96 -67 -87 9 -59 83 31 -61 48 79 8 -67 -16 -82 -97 25 4 50 39 -33 -47 67 -17 -71 76 -22 -71 -85 -88 -67 -100 -71 86 73 -57 12 -79 -50 -27 33 -18 38 28 60 56 12 4 -66 -11 -18 9 91 -70 -70 22 54 -12 88 99 22 -12 59 24 -23 98 40 
-33 70 8 7 36 88 83 -6 38 -17 -9 82 -39 85 -56 -3 82 -68 57 -90 -78 -65 -65 74 -95 -66 -41 7 -43 -61 -4 86 -53 -35 70 -22 28 -13 54 40 22 96 38 -77 -25 69 -80 -48 20 11 6 58 85 -73 -56 -56 -65 95 65 -74 -9 47 -87 -8 78 28 -50 20 -15 -39 -13 -77 -82 -16 41 69 -6 50 -97 -49 -89 88 -87 89 
-54 92 27 -61 93 4 -43 5 30 -56 -69 87 21 -95 -93 92 -93 -27 10 -63 72 -9 68 20 21 6 -43 81 40 56 -45 -84 -45 43 -56 -56 88 70 -4 6 31 -34 -92 10 43 57 21 -48 -27 86 44 8 -73 -47 -89 -53 19 47 -38 -90 26 60 39 -31 -44 47 53 -35 66 -48 -73 -100 -28 67 22 97 45 -38 -17 -47 57 40 80 -32 
40 8 80 -92 -93 -46 43 -33 23 89 -44 15 -29 31 79 -57 32 -75 20 64 -54 -79 9 -42 -4 52 14 61 69 62 72 73 -21 76 -47 31 61 -91 -94 -75 75 0 -5 -68 -19 94 -79 93 -37 -5 -21 -85 -4 34 79 -19 59 -9 -62 -30 50 -74 88 -52 97 7 92 66 36 77 60 27 79 22 -78 32 12 -71 80 9 64 29 -31 -22 
-24 59 -78 -28 -36 -7 56 99 92 50 -13 43 -63 -37 47 6 -85 31 90 -44 -75 36 63 -80 -82 51 -90 62 -35 -5 -90 -76 -3 85 -9 27 -9 -15 69 20 -48 94 -51 95 67 -96 -14 -29 -22 -3 -77 53 -29 -70 -90 70 21 -77 -92 65 -40 58 44 -52 -45 -62 -77 92 33 -44 98 34 -43 98 -68 19 -11 19 16 69 75 -25 -50 32 
-98 44 30 -18 -60 -98 -75 63 -12 36 -39 72 91 -65 -8 -7 -33 -99 58 -25 -59 67 -70 4 -66 -99 -89 -45 -12 27 -72 -68 84 76 -11 8 -8 84 -100 58 -50 73 -97 73 -69 63 46 -83 -24 100 77 -55 -24 45 13 71 -67 -24 -42 -16 4 55 46 82 33 -16 -11 99 -85 0 -67 -49 -67 -95 -66 6 -86 -93 79 -91 -39 46 -85 -98 
39 -10 62 -100 -88 71 -11 4 -41 -60 69 -15 -2 -98 68 30 24 -16 75 25 -47 -89 -34 -15 49 -91 -66 17 -97 -97 -15 -84 -81 -65 -7 29 31 -66 39 43 50 70 -53 -23 -49 -4 3 4 36 79 0 -67 -41 -5 -23 -32 95 71 -2 53 -22 22 75 -29 -89 50 72 95 -23 57 -10 -14 -33 24 57 7 84 -17 93 10 -74 16 -42 37 
-81 -54 -80 -100 -55 82 15 56 61 22 8 -48 50 90 64 -91 -31 25 -9 -54 -53 6 48 81 23 2 -22 83 63 35 -3 -98 -96 -96 28 2 -81 -100 98 -28 35 -7 18 -33 -23 100 33 -52 -40 41 65 81 49 82 23 -67 -3 -14 0 57 -99 -24 -83 -12 0 90 56 80 58 -36 72 -71 49 -92 12 5 -42 -6 -83 36 -11 -29 35 91 
-60 4 35 67 26 -14 98 70 33 14 61 47 32 73 -77 68 -72 39 -12 -65 -37 56 43 31 27 56 -86 -34 4 -39 97 77 -35 -94 57 -40 51 3 85 -78 -74 -88 -41 -36 10 -67 -3 3 -8 -98 -58 17 57 88 15 12 21 -100 -67 75 18 -74 -95 72 21 -70 20 -53 -1 19 75 -80 26 19 -19 67 -17 -47 15 75 -34 28 61 36 
18 27 -40 96 61 -43 6 83 -65 9 -40 31 15 -37 -21 -76 -13 88 32 -18 3 84 -63 -88 -82 -16 6 58 -43 -65 -76 93 -100 53 46 98 11 34 78 96 -76 66 99 0 -22 69 -12 -89 -50 12 -84 -15 -53 -81 -18 -47 -58 -82 -97 -25 44 1 80 60 55 -11 -57 2 84 -73 95 77 46 20 -56 90 66 79 -36 -46 71 5 -91 -36 
25 -71 -25 80 -2 20 99 36 63 41 -14 -99 -68 20 38 -18 78 26 21 -73 32 43 67 28 57 21 -47 -20 -24 -33 -10 6 -30 -68 83 83 -32 -34 37 16 -85 -13 81 70 -87 59 -56 13 63 -40 61 -64 83 -4 -65 72 -56 8 -17 -69 89 -99 -24 97 97 54 -50 57 77 2 -34 -2 69 -100 52 44 6 97 19 -35 -11 93 55 -11 
-58 61 93 40 -71 20 28 22 -5 4 72 65 92 -37 7 66 -68 43 62 -38 -81 75 76 94 69 53 -79 -5 -48 -42 -16 -55 -41 23 -81 -88 -57 96 -100 -44 -35 29 93 23 -75 -24 93 46 69 56 66 44 -37 71 46 -69 6 7 24 7 82 -10 90 78 24 49 68 -49 -64 -93 -90 30 -57 41 -16 57 -48 -94 18 74 -77 -72 97 -25 
27 47 84 39 40 -71 27 66 -22 -54 64 -23 -74 63 -11 -72 37 12 46 -62 -62 -18 -87 69 19 -16 95 -23 -44 16 72 -46 -6 69 90 42 45 43 -37 83 80 75 48 -30 -88 65 -71 -19 81 -78 76 14 -14 -63 -33 62 -83 13 5 -41 66 -16 -88 2 8 67 -36 3 68 -14 -86 -51 -21 31 50 3 98 55 -33 -69 60 -99 30 -13 
5 -97 19 -70 -54 -92 -19 52 -13 -78 92 35 -90 -80 -71 3 63 10 -39 -55 -34 28 -21 -63 76 -57 -81 71 39 -2 37 3 -15 9 -3 -9 -82 -33 -64 53 -5 59 80 36 -93 39 -34 9 -49 -30 -1 -4 72 -10 -14 -87 49 -27 94 -35 -51 34 47 29 -86 98 28 22 -83 -90 -55 84 34 -9 -15 34 74 73 57 22 -49 -97 44 -99 
-66 -57 -66 -29 -11 71 -50 -21 -63 84 14 12 -66 -5 78 90 -88 -26 29 -80 1 -32 76 -16 32 69 -13 -98 42 -96 40 -85 -28 -41 17 47 25 61 -29 -95 -99 -75 -36 24 -10 6 -84 36 -85 69 -56 65 -84 -57 -41 61 75 11 58 -10 29 32 60 -1 -21 78 6 21 20 14 -18 34 34 -87 67 -35 -45 89 -64 2 -3 -81 -78 -25 
83 73 -2 -56 4 -3 52 49 60 70 -28 20 -77 -59 -45 92 -93 58 -72 -39 40 -74 46 -50 -97 50 92 -35 99 -2 63 -13 -11 -9 -82 76 -81 -97 -87 -5 86 13 39 29 20 -92 25 -100 -18 66 15 96 20 99 -8 -55 3 -65 -64 54 -55 -23 74 -43 -90 28 -42 -98 -76 -9 91 -90 -83 -91 22 33 -47 24 -34 -62 96 11 -60 -99 
88 62 73 -98 -37 29 -9 37 14 67 -21 30 -12 -51 24 -10 -25 -8 -79 -58 -11 -22 87 89 -22 -34 77 -54 100 -99 -5 36 -21 -72 31 39 93 -5 -46 -63 97 -59 -42 -18 -89 -55 -35 83 1 45 -3 75 -45 35 -92 -96 22 -40 -38 2 -46 -20 -87 35 67 37 -13 -47 70 -11 -62 -36 -80 82 -44 -46 -14 -7 -27 -77 72 -45 72 -52 
52 -10 73 6 -88 -86 -26 -2 29 -1 -71 -22 61 -17 37 -95 -23 -45 63 24 63 -84 -15 -60 52 12 -10 -79 31 -48 84 99 90 -45 -20 1 -98 -37 -97 -44 68 -34 -13 11 -49 14 -10 20 31 96 59 -98 76 31 35 -29 -76 -6 40 -65 78 -68 41 88 -41 24 -4 -22 -73 53 -5 -14 -51 -34 -36 46 -86 -39 64 6 -55 -30 -66 73 
99 69 -72 -87 51 -21 82 46 13 84 -44 62 25 -42 -97 -58 60 62 73 77 9 -1 -60 72 -68 38 61 -47 33 -76 -40 73 89 -50 93 -94 -63 5 72 54 84 8 -52 3 68 -95 -100 77 88 79 35 -67 -89 -58 -71 -66 42 18 -43 93 83 2 0 -36 32 43 -35 -40 -63 -97 52 -37 50 75 50 -8 -71 63 60 12 51 -35 7 100 
25 -63 15 -69 99 35 25 84 -14 68 -23 -50 -22 -12 -81 96 -42 -83 -97 32 40 -40 -29 -16 5 -26 -85 -46 -56 -38 18 -29 55 48 41 32 5 64 -87 63 38 34 -76 90 -95 -13 80 -99 -15 15 -82 -80 -18 -15 80 90 -78 80 -30 28 -69 49 -66 94 27 33 -96 -48 -23 69 -94 77 -73 92 -74 -42 2 92 99 75 74 -24 -63 4 
-76 -79 27 6 -61 93 42 25 75 -17 -80 -90 78 -93 66 -38 -50 34 -99 -79 -90 -12 -56 6 -13 -52 81 30 -98 -20 12 23 78 -37 50 75 -83 -68 64 22 -22 98 42 -62 -1 -96 -3 45 91 -89 -34 63 -22 18 27 -23 92 55 58 45 1 58 -73 13 4 -48 64 -76 -90 32 -76 -99 41 80 -37 -61 81 -19 -45 -63 94 8 -3 16 
95 59 67 -98 -17 19 77 -76 -15 -54 -52 12 -75 -74 29 94 91 -1 74 -64 -25 -93 33 -24 69 -24 -60 76 75 -24 25 -38 -69 64 -73 73 -100 77 -25 98 -31 14 82 -4 -78 -76 -35 93 -75 -88 -90 44 -5 13 7 17 63 -43 -17 -29 -83 -97 -78 20 -65 7 -20 -21 25 8 -29 32 33 -69 58 57 -93 2 85 -63 52 8 36 -69 
-94 58 17 -36 87 77 -38 -11 52 -42 40 -8 82 89 -99 -22 -29 -71 53 -56 67 -81 77 35 43 -30 -30 -18 6 9 -8 -73 70 -12 -81 -10 -61 -90 -99 59 -64 -25 -90 39 6 -76 32 36 59 -86 63 9 27 37 -70 65 -78 -68 32 -30 82 98 -92 -100 71 91 -51 -53 -27 -43 -46 -11 -21 0 87 -34 -66 -84 52 -11 55 99 -100 73 
56 46 -18 17 8 97 51 -24 13 69 98 63 -41 -7 -3 24 -40 22 -93 -86 14 79 75 80 34 97 11 33 -99 -81 60 -76 25 -30 -74 97 24 -8 48 -22 30 43 46 -41 48 -95 40 92 24 10 25 -11 53 -97 -31 74 16 -45 31 30 54 77 85 -96 -61 -67 -49 7 7 53 54 16 -73 93 55 -59 26 52 -97 -66 -92 6 70 -77 
5 47 -13 -27 53 -8 -48 100 -37 39 64 31 61 30 -9 -2 71 64 -9 24 -74 -9 -12 -16 35 -89 -29 28 -73 -90 5 14 21 -85 -69 10 -45 94 69 -30 -83 -31 39 -85 -1 -65 -80 -60 63 -82 9 -38 -64 -27 7 79 14 -70 -78 -55 -10 62 75 -90 -1 81 -21 65 8 -48 95 18 75 90 56 40 14 -51 92 -61 -56 -13 -11 12 
-43 11 18 22 96 52 -72 -39 52 -32 72 -20 -33 77 33 -24 -82 -55 -81 -86 5 21 -71 -75 -7 72 22 -35 -81 3 -7 73 45 7 54 -18 -69 -84 -33 47 5 -77 -24 -87 -69 -56 -51 -27 -23 57 57 64 31 -37 -100 -33 -14 -87 59 76 -27 -45 -62 24 53 53 -29 10 -35 -21 47 -60 -16 35 87 71 -51 73 -11 -66 17 -30 -36 98 
-87 -3 0 -52 -36 44 61 8 -39 2 13 39 -58 56 -63 -24 -15 1 -44 -22 -82 -68 66 -26 61 88 31 53 -97 -60 -78 59 0 74 15 87 42 73 95 -89 20 -13 -84 11 30 74 19 -94 75 -99 -86 -8 41 37 -61 -63 -94 -95 -29 -64 65 47 80 -55 -39 -69 -41 48 -86 -36 4 48 -30 -23 -5 -65 -69 -20 64 -10 89 -65 53 -86 
52 -81 50 -58 -51 65 76 -82 95 -26 97 -11 -11 -49 -58 -3 -34 -64 -56 34 37 -96 -100 -50 60 -26 0 -12 -15 88 -5 63 -65 59 -37 56 78 -71 74 100 12 15 71 49 -61 -16 47 66 -61 97 83 2 -81 33 41 -16 -81 31 13 -40 -25 -62 -84 16 31 -3 -59 39 16 77 53 44 30 -35 57 -67 -73 17 48 -48 76 -88 -74 -47 
-74 24 9 14 42 94 -65 1 -68 39 -44 -21 61 -57 3 49 -26 -56 42 63 -17 77 12 96 76 -35 -99 -98 -27 -39 -48 -24 -40 -76 47 28 -71 55 -20 39 -26 -29 9 -6 2 68 -37 34 44 -79 -98 -43 -73 62 -63 -48 9 52 18 -47 -98 22 27 10 -82 12 -3 51 37 28 -70 -61 -10 -39 14 -29 82 -44 -48 20 32 -51 55 -12 
-73 58 53 23 57 14 -50 -78 -47 48 71 25 37 10 -18 19 62 12 -83 78 6 75 28 -11 2 -7 -33 -64 54 59 -42 11 32 -71 -40 -3 -53 93 28 55 32 21 -40 94 -90 -48 71 77 69 -3 11 68 88 -82 92 100 -5 -89 -97 -4 6 -30 83 -13 -16 92 -62 -28 16 -48 -100 -89 90 46 -15 -72 51 28 80 -34 77 -44 -3 -42 
82 23 -12 -93 -45 -28 14 48 -7 -66 82 -91 -39 25 36 -29 -3 -17 -29 77 -45 31 84 -82 -33 -78 56 -63 -17 35 -37 75 -4 34 -14 55 49 -42 5 93 95 85 -99 -96 -39 50 87 68 36 87 -99 99 -1 89 87 25 -55 -18 96 -47 -61 -75 78 98 68 80 77 -26 -86 43 -93 -26 -70 22 -96 -1 11 51 27 62 33 -10 -52 -8 
-59 -7 -65 -76 37 -63 -60 21 -25 88 -72 -78 -77 -95 0 -89 -29 -18 35 78 15 -29 17 65 74 4 36 -4 -44 37 -31 -7 -44 1 -31 66 -97 -60 -29 -42 -78 2 -56 -90 18 27 11 -53 82 -70 -40 55 -33 69 -8 22 -23 10 -77 81 93 -73 71 63 -90 -26 -25 76 -76 57 18 -59 -24 -76 -70 -29 -24 95 -13 -97 17 -82 -11 60 
-2 16 -46 -71 -55 -69 97 -43 4 64 66 88 50 20 10 72 1 -9 -32 -57 -27 -26 -54 35 -91 -2 -30 -6 -72 72 -51 -95 -87 67 55 -71 42 27 74 -31 -14 3 -22 -3 26 88 42 -19 -68 -54 -99 36 -3 -37 -60 -91 31 62 -93 55 -27 -23 -26 35 41 -68 -40 75 76 -52 71 -25 -74 -81 53 62 59 22 4 61 31 -78 58 -95 
47 -31 -33 -30 0 -67 24 28 89 -4 3 -85 71 -78 -57 65 -85 -21 -60 -88 11 66 -35 -34 -99 81 26 -74 -87 -40 -55 16 46 -98 27 -53 -34 77 96 -29 81 -72 -77 92 23 45 19 18 -36 -57 -16 -84 -9 53 43 -39 -66 61 -81 -67 83 -95 -75 38 50 49 -16 80 -10 39 94 16 -45 -32 -12 -84 81 49 33 -52 -3 -4 -89 72 
86 -79 74 35 63 -70 -51 65 31 -17 -17 -64 -100 -23 2 -74 62 -65 -57 -45 -87 9 16 35 40 29 29 24 53 87 -23 82 -48 -14 -18 79 98 -72 56 23 39 90 -62 6 39 60 62 -51 -100 8 -96 -14 95 -54 -33 -45 -13 16 -13 87 46 65 -31 20 42 -84 45 -47 -69 8 60 23 -61 35 27 31 44 12 -59 -11 4 -58 47 -80 
-75 29 63 67 -59 78 88 -95 77 91 -36 47 21 47 -26 8 -48 -38 -77 4 34 66 -70 -15 96 51 -59 21 -83 66 18 8 -26 -49 13 -60 -39 -36 81 -68 -36 -48 -64 -46 -70 70 35 59 9 91 -9 22 20 -67 -24 4 64 54 8 -43 63 -47 5 -74 6 -100 -47 88 36 -38 99 0 -73 -16 -5 -20 56 10 -16 53 55 -18 -17 -28 
-28 40 -64 57 6 58 5 23 90 -89 -31 -19 97 -5 37 -60 -70 82 -77 -34 -59 -62 66 -96 -59 -69 -55 0 -60 -93 -71 1 34 -70 -7 84 63 0 93 29 -76 78 -55 75 -2 25 -28 99 -39 19 -66 54 -16 9 -5 58 11 66 99 -53 99 75 45 -22 -89 17 3 29 -2 44 93 25 100 36 -39 -14 5 -69 -16 -3 34 -58 -82 -13 
67 -39 -40 66 -66 -6 -38 -41 -30 83 99 -81 85 -2 -64 97 -15 -47 -81 -11 -67 -96 -95 68 -67 94 -37 -21 10 -53 -88 -82 50 -35 -51 4 100 -68 -9 45 65 -50 -70 -76 -41 51 -46 3 2 3 41 -97 -16 93 84 0 93 -95 86 56 82 -96 -42 12 -5 -74 92 91 -70 -26 59 99 28 -59 3 -96 46 -16 -36 -6 55 -70 -93 -27 
-43 -25 -30 -77 23 1 -79 15 -25 11 85 -42 54 29 13 -63 66 -55 -37 -31 31 59 53 81 -22 54 20 66 -82 28 21 64 35 -62 -63 -81 29 78 -78 7 -78 -19 3 47 -65 24 92 91 72 2 -36 -36 69 -11 -16 23 -48 -67 41 48 -84 -16 53 0 59 85 89 68 -81 68 88 -53 -99 60 38 76 -31 29 -68 -20 -24 -48 91 19 
91 17 -98 57 59 -83 31 39 46 -5 -41 -24 -9 78 70 56 50 54 9 -67 40 -92 10 63 -7 19 -51 -45 -64 -30 89 -97 -26 -9 -7 12 94 -90 65 7 56 45 60 -29 23 80 33 -31 -73 -67 -41 -19 -97 -85 -39 95 36 36 67 84 69 73 31 -3 93 -48 -53 -61 -50 -46 24 -9 -27 0 -3 -66 -39 32 -24 -21 -44 -71 -15 -72 
-61 40 82 34 29 -61 72 30 -27 3 -33 -6 71 72 -80 -30 40 -54 1 -33 20 -34 57 75 64 83 -14 7 -53 -99 14 56 98 65 23 5 56 66 40 58 -37 -81 45 -59 35 -100 100 92 -95 -11 5 -88 39 -33 83 64 52 7 62 41 -73 46 64 75 68 45 -29 -6 83 -61 -88 -96 93 -15 -39 -13 57 75 44 -35 -44 -12 31 -53 
-96 -65 48 -48 75 72 84 33 8 -44 -2 29 -10 13 -47 75 87 90 -7 -23 -63 30 -15 -72 -21 31 -12 -35 41 24 -67 5 96 -33 -37 96 -49 37 19 -8 48 62 -45 -22 -70 -76 54 -100 2 18 54 -26 73 -52 23 -38 -53 -66 -72 -99 0 22 -35 41 52 99 -51 38 6 20 72 -41 -69 -15 16 74 84 -38 -43 21 -32 -32 -98 -18 
-38 69 40 83 -33 66 -48 22 4 9 14 78 -10 94 -4 -39 -61 78 14 79 94 -20 91 29 83 -15 62 64 -5 -47 -90 48 -20 -76 79 -8 23 -39 -42 47 68 -51 -85 17 12 -2 79 96 -55 -93 74 -98 -99 -27 49 -66 96 -65 -33 -6 -63 -66 -91 61 -44 -20 -58 -3 -87 77 84 76 7 30 0 -39 9 11 68 37 -99 -77 -13 41 
86 99 69 -93 -27 81 -74 87 29 48 -61 -17 -51 14 -86 -26 -49 40 6 -68 -38 26 -20 90 -81 -81 -50 -20 -82 88 23 41 40 42 75 49 -66 26 79 -75 26 99 67 -75 -7 -87 96 72 -58 37 -49 -65 -27 -46 62 38 -19 4 82 -90 5 29 -36 75 -50 61 -46 -80 57 8 -10 -32 63 -63 -88 -76 76 12 32 76 12 35 -13 -48 
-34 21 -5 -50 -20 -46 2 57 95 -36 8 -13 7 -27 -47 37 96 55 -66 -13 62 -37 41 16 31 -44 -45 -36 -39 87 -83 -77 -58 -57 -35 71 -1 2 -53 -94 -11 -51 33 64 -5 -22 1 -17 69 79 -26 -80 20 59 8 9 -26 49 -86 83 -63 -30 11 -66 -68 -19 -4 -39 -87 23 62 32 -41 40 26 -85 -43 31 24 -12 -37 -11 81 10 
81 49 31 59 -5 81 76 -54 -30 -87 -18 -6 -6 26 -33 -41 42 -48 50 26 70 -16 32 16 49 62 -25 -24 -42 38 62 93 42 -11 -94 -18 -56 -60 4 21 71 -43 -44 70 86 11 86 -38 76 63 95 -2 51 -31 6 66 -94 -55 -85 -74 77 27 -26 -25 5 -16 52 37 31 -98 72 31 5 -59 84 -27 27 30 17 -50 80 -34 -41 92 
54 -52 99 -37 -39 65 50 -91 90 7 95 18 -6 -15 53 -23 56 57 95 87 78 -55 47 -94 36 -86 -73 -62 -79 23 -49 93 53 79 -64 -7 -86 71 21 80 -37 -63 18 -46 33 8 -25 81 16 -98 42 -97 85 -64 9 59 55 85 -73 -36 67 -76 -76 -30 71 -63 -16 -74 14 92 -40 50 51 84 -70 -39 -66 -5 34 54 -12 99 -18 83 
79 82 3 -95 54 100 39 -47 50 -18 -63 63 -42 -4 -40 93 82 -9 -16 -87 28 -75 -5 -28 -8 -16 34 8 -67 -88 98 -73 65 -31 -77 -23 -84 -69 1 -72 -33 95 -38 -61 55 -78 27 47 1 66 -85 -42 -74 -44 66 88 -51 79 -90 8 -63 -63 83 82 -12 -68 -56 8 -88 -5 -43 39 98 -34 88 -96 -12 -5 -67 82 -47 50 41 -76 
57 45 -79 -72 55 76 95 44 -89 -43 -35 -100 67 -54 55 -85 -6 44 -74 -16 -65 -42 -78 -67 9 45 -60 -82 -89 9 35 -52 35 -21 -85 -11 1 91 23 -68 88 -82 11 -62 17 69 -40 -37 -15 28 -42 8 -44 38 -95 -49 75 2 92 -6 89 -13 37 -45 -12 34 9 -69 -40 40 84 -17 -79 67 -54 28 -89 -97 -50 50 -56 66 -23 42 
51 -91 3 89 10 80 -35 41 85 -58 -66 43 26 -87 10 -73 -17 -75 98 -2 39 -74 20 -82 -7 14 43 -22 -37 20 -53 -84 38 96 -81 -67 -38 -91 -69 -10 -54 90 -2 59 -13 63 -54 96 60 75 -16 -17 41 0 84 59 65 54 -66 -47 98 6 -12 13 -15 53 91 9 94 -89 -70 -63 71 85 -68 -40 94 23 53 36 92 28 23 -54 
1 -87 -46 94 -64 52 82 -84 29 87 5 -52 -78 -17 -6 -2 -88 -35 -43 -25 25 -46 65 -15 -8 -64 -17 52 69 -64 90 -93 77 -76 2 -11 99 7 39 -51 62 4 26 42 -91 -72 48 -8 91 -80 -23 30 -95 -23 -86 97 -4 -54 93 -68 12 9 39 -8 -98 86 -32 95 -100 49 -27 -31 46 7 -52 -90 -55 67 -38 -10 -23 8 -66 81 
21 61 -60 -70 67 -86 37 15 75 -85 71 -62 56 14 4 66 -88 -1 40 92 94 1 39 9 -69 -14 34 -83 -66 -17 -100 74 -98 64 -33 83 94 65 4 4 -42 87 -67 90 -95 -37 -50 -71 -71 -6 -15 -14 -39 -47 -96 37 -80 16 -43 -1 -66 -73 62 66 0 -85 1 -10 66 49 -47 76 -25 27 61 -1 74 -40 78 -86 -80 -22 57 49 
83 -29 -94 -58 34 -70 -36 98 -79 -19 -4 17 100 35 14 98 -5 97 36 -59 40 74 55 14 -60 89 69 63 19 39 -7 -83 18 31 -1 -96 -46 60 27 -89 83 32 -3 18 26 46 -79 82 -81 76 -67 40 -43 12 95 -15 -95 90 19 23 100 67 -30 54 -53 28 -89 -6 -66 -24 53 88 42 32 75 -43 23 -16 -76 -55 -79 -55 17 -57 
27 -59 89 -53 47 8 -79 -93 52 12 -25 -80 -17 -66 -47 -79 -11 -10 37 -13 3 -72 -40 28 58 15 56 81 -30 -31 -24 -7 -94 -50 -86 -80 -18 -47 -31 -7 -7 -83 -6 -83 87 27 17 74 -1 -35 -47 19 -80 20 -13 23 65 -72 -22 -53 77 -85 -24 38 35 38 92 40 -71 11 52 82 30 -10 18 -26 -65 -86 45 68 98 -6 -44 84 
-25 -82 30 71 5 -49 -10 67 80 -81 -23 -80 -33 93 42 -93 -75 -33 9 0 44 52 67 -53 7 44 -93 5 24 -2 72 -71 69 -1 61 10 69 -61 -58 40 86 37 -71 3 -80 -78 42 -30 -20 33 30 -79 90 -67 -64 -84 -84 5 -68 47 -51 83 -4 9 21 -51 -81 52 97 -70 -1 77 97 58 93 -9 -26 -57 -97 -91 -98 -22 18 64 
18 43 51 43 53 -43 99 83 -20 -28 85 -82 49 -45 2 -15 84 -15 -82 -55 40 56 -81 -41 -59 -40 2 -73 -95 71 41 14 57 -20 -96 29 95 16 -61 14 30 -6 -94 -79 91 -62 -94 15 -86 -71 23 85 34 -45 -81 6 -62 68 80 28 33 28 100 -63 -89 -77 -55 -13 -100 -100 -51 99 66 -56 -74 -40 -95 30 58 49 -77 -60 41 44 
60 32 -20 77 -25 83 -55 52 -30 -39 -12 -58 83 62 4 51 43 -59 7 99 30 -46 -98 -47 -21 -1 26 12 -64 -14 -55 -23 -87 -71 -70 58 0 54 5 55 68 -7 14 4 -97 1 -85 -38 17 -85 -54 -17 27 -59 -21 -72 -48 8 -11 -37 94 3 -51 -33 19 8 2 38 -45 -47 -14 -11 -43 68 62 -67 34 69 -19 -11 29 -30 -99 -98 
95 -49 30 42 -53 -65 -23 87 95 31 53 55 19 14 81 -52 46 91 89 82 -25 79 -77 94 85 -14 -22 23 -22 -67 44 -100 86 94 92 35 -22 68 12 -12 32 -70 60 99 -23 -19 17 64 15 -92 86 57 -69 90 -87 -20 95 -8 -91 55 9 -81 41 6 -66 68 64 25 3 -48 42 18 94 17 -17 -62 12 94 -33 31 -68 57 -3 -30 
-62 28 6 45 88 -15 2 34 5 -43 -33 14 34 -73 -10 81 61 90 -52 -63 -95 -75 67 -61 -68 43 -5 10 -5 -54 -88 -27 25 71 -49 21 -17 15 -16 3 4 25 -22 37 98 -13 56 -56 0 17 -32 79 -9 -22 57 41 65 -58 -42 100 -71 -77 -57 42 -28 -5 74 2 86 99 26 -83 8 57 35 -93 37 70 -81 -30 -7 88 32 39 
-75 51 -13 -65 -22 82 -49 -36 18 -62 16 47 -22 31 40 28 31 26 -96 91 -36 -3 -99 -53 -39 98 -46 -79 -5 -55 12 10 47 -65 58 -99 99 91 33 53 20 19 97 73 44 -25 60 -92 -96 -5 -71 -83 -60 -16 85 -21 -46 -85 86 85 79 -61 -58 -88 24 95 84 -82 78 46 -85 -85 69 100 -37 -65 45 6 16 -83 -25 -10 -10 -10 
66 33 97 -85 -76 70 -73 34 24 -60 96 98 -26 -24 35 -69 93 -13 -68 -86 -87 -47 48 53 -87 58 -35 70 94 83 74 -78 -27 -57 -34 88 -81 10 17 -80 30 -60 -64 -40 89 4 94 -46 2 -31 18 -19 -10 -79 -62 -94 -85 100 21 15 10 -68 -55 77 58 54 -32 -54 -24 45 -96 62 -70 -45 -75 21 62 -59 59 21 44 -16 -78 -32 
28 -91 -59 -90 83 28 -34 74 -41 -96 3 -50 79 -72 49 63 81 36 -17 -4 -15 -36 52 67 -82 -74 15 65 -75 -89 -68 48 44 69 -44 20 -7 -1 -63 82 6 89 96 14 -20 39 77 41 14 -71 81 48 18 53 -28 62 7 25 -4 12 57 -64 -26 4 25 -52 67 98 -45 -57 40 -71 -84 -60 -40 -47 -83 70 85 85 -43 -74 -17 57 
-13 88 -32 -36 -68 -33 -34 98 87 -95 34 25 -68 37 35 69 39 -46 -7 -90 36 -37 -21 67 87 33 39 -22 83 57 -72 62 4 96 19 70 8 40 -54 -16 -25 -51 -51 80 -37 68 -33 -14 -36 17 46 -36 44 23 56 73 59 -54 94 -82 -43 -75 84 -44 -25 -22 -15 -44 46 13 -48 -79 -86 -73 -28 58 -75 71 -16 -18 -20 -37 30 81 
-84 50 -46 -88 34 67 -65 -90 75 -35 -20 -63 48 32 63 3 -80 -13 88 46 44 -92 -45 -63 65 83 -93 -20 -92 12 -24 -11 11 17 13 -82 38 -45 -99 -84 9 22 89 91 33 -6 3 13 -89 7 -59 26 61 67 4 11 -36 -47 -46 44 -75 -17 28 -78 65 68 -28 -24 -14 -71 -11 -83 40 -18 -90 11 -23 5 38 15 80 -48 -11 97 
22 57 -93 46 40 -35 51 87 54 -47 12 63 61 -39 -31 -47 99 3 -54 79 2 42 -100 -46 9 -57 84 -85 67 -52 7 -12 -51 -32 85 53 -86 -5 47 -31 -51 37 51 0 -40 -38 -44 -29 -24 -34 -53 -24 -41 19 -51 -65 -10 -28 -5 -80 29 48 -68 47 65 -58 -95 -10 -21 43 -45 -98 94 -3 97 -13 -45 -83 82 -6 -19 99 98 29 
95 2 -39 -49 92 64 53 74 48 -57 -15 -52 88 -68 -70 65 -9 47 -59 46 -17 47 96 52 -22 -41 47 57 -19 -73 -69 43 84 41 -64 47 -85 84 -56 59 -33 33 46 3 13 -29 -25 86 4 19 -19 60 24 17 73 52 41 -6 -35 -31 87 -85 -67 54 80 80 44 67 -48 -45 32 -95 17 -19 37 52 -58 80 40 -99 -63 18 81 -8 
-29 73 -92 94 -23 38 -39 -48 14 -9 0 -57 81 83 -45 44 30 -23 -35 31 -96 33 -94 60 2 34 -82 98 -70 -7 -95 87 -20 46 -75 -58 66 -34 69 49 -10 67 84 48 15 41 66 -87 -55 32 26 20 98 -38 29 -53 -32 76 -79 73 26 -89 -79 -83 -8 -36 17 41 -97 -80 -90 -77 -75 90 -31 36 -52 39 -26 36 95 85 -78 -56 
29 82 47 65 -79 -18 -74 27 100 -93 -47 85 -10 93 44 -29 -34 -25 36 79 -69 38 -13 -67 -32 35 5 76 -74 84 17 24 29 -60 28 -42 -38 22 44 83 -37 -82 46 -44 37 79 67 32 10 -84 34 19 -88 -51 -47 -78 -13 63 -59 49 3 -2 98 -80 94 71 -73 34 4 -73 -40 -94 15 93 -6 -94 32 6 95 -45 -33 -25 12 -73 
-50 87 -95 -72 70 97 -10 -25 79 51 85 -69 -75 32 1 4 76 53 44 82 -38 -73 -16 -94 -97 4 -74 78 -18 -21 -58 -68 52 -52 59 -16 87 27 11 -55 -62 1 36 -38 -94 59 -24 -13 -92 -54 -65 11 -57 -65 -6 -92 -87 13 54 20 88 54 25 -99 -98 53 -93 89 -18 -35 -62 -53 -47 -89 79 -55 3 -13 33 -8 79 56 -56 86 
-26 42 -45 35 -96 -45 -96 -92 79 36 -25 65 33 -18 49 -23 -23 -53 -41 -95 45 17 100 44 92 -97 -69 -52 81 -48 79 79 34 -45 -66 61 56 -86 5 -42 17 6 71 -32 28 -67 -96 -44 81 -82 25 -20 22 -68 -45 45 -30 17 58 25 -42 41 -62 52 87 70 64 94 -18 21 76 -3 90 -86 -78 -93 14 -58 14 35 39 21 34 -27 
15 -93 -11 -53 1 -54 -43 -2 19 78 38 95 -60 -6 -55 -35 -56 95 -100 -46 48 81 64 -8 31 13 -85 -28 44 -92 44 11 -6 -24 -72 -16 25 -9 98 55 -95 84 87 -32 84 13 61 -1 95 -65 -25 -13 -3 96 -96 -64 -68 -91 -89 86 -75 71 -50 63 -68 46 -77 80 58 -40 12 46 51 -85 -90 89 16 -32 -4 -52 -7 90 31 -81 
73 -68 -46 -15 -24 17 74 2 10 -28 100 96 -4 34 32 60 -81 91 -31 71 34 76 23 -41 59 -72 -78 -80 -96 -1 -5 82 -91 -29 -83 16 34 57 -36 -61 3 -40 -89 25 35 -54 -66 85 39 17 35 68 78 -67 35 95 59 80 -100 -97 66 -74 -88 93 -52 83 50 19 -1 22 14 -27 -4 44 -52 -69 56 55 46 -64 37 -68 -51 84 
-53 -13 25 0 -40 -51 -68 40 -13 -26 -39 5 -4 -83 -58 65 60 -82 66 -21 -53 20 -68 -64 33 -42 -79 31 40 60 47 50 31 -13 39 -25 35 -100 -11 -48 -32 17 82 -55 13 -93 -42 45 -78 -25 -87 -28 79 -59 -39 -6 11 -1 35 -65 77 99 2 -69 -19 44 100 -55 76 17 35 -88 -100 86 -52 62 100 28 -39 -57 -2 -36 -36 14 
57 27 30 37 95 -31 -26 -44 94 -7 57 -56 -65 57 55 -99 -53 54 34 67 -9 -35 -45 14 24 70 35 -12 -10 34 96 14 34 -95 -9 91 -26 4 -54 -13 60 28 25 40 -54 -33 76 -31 48 -72 95 -51 -36 37 85 25 93 14 -6 -62 -52 49 38 54 -25 -91 -72 41 45 -71 52 75 45 32 -14 -3 41 91 -1 0 -19 23 48 -44 
-69 -59 55 -72 55 78 -3 39 15 -91 -3 9 95 53 62 22 9 -1 -76 95 -16 25 99 2 -60 21 16 70 -8 41 71 7 -98 35 -7 71 14 9 40 -27 -53 60 52 -15 78 -45 21 55 22 -75 78 -2 -44 65 56 -76 -38 63 -43 -83 -96 -90 36 -86 8 -35 -63 -87 59 50 -48 -78 -19 -68 99 -94 67 -51 -44 59 -30 2 -17 -89 
61 83 7 -28 -26 -18 -70 -16 32 -52 -44 -7 55 87 -85 38 -93 99 -16 28 -90 -13 14 -32 23 -62 -99 11 49 -72 -6 16 5 -70 31 -87 -13 43 -10 39 -17 69 14 -72 5 -48 -3 -50 -68 -56 -66 -85 -30 -26 68 92 -88 -16 87 -70 60 -36 -1 77 -59 7 -86 11 -47 60 70 -86 -6 58 76 -19 38 44 87 93 -75 98 -79 64 
30 -48 53 -8 12 50 -100 -90 -80 99 -68 97 8 3 -15 80 -7 79 45 21 56 89 43 -47 73 74 -29 -1 -90 -54 -46 -62 40 79 15 100 40 16 -46 26 89 -65 -45 -77 76 17 -93 -94 81 -62 10 -29 65 -7 -54 -59 -17 -74 -24 -90 44 53 86 -79 40 -50 51 45 62 55 -10 83 48 -97 96 -12 51 95 70 -12 21 43 82 -10 
-75 -52 -83 -54 -19 -23 14 -15 -44 -23 67 -98 19 68 57 40 11 28 92 -97 57 34 -40 -14 24 -54 -52 46 64 28 -32 -73 66 46 5 -22 -24 94 -58 -83 42 50 -7 -79 42 -97 93 41 95 -54 -3 100 17 -51 3 -6 -15 70 -100 88 24 -15 -84 56 -88 -66 24 -87 -93 -31 29 -52 -23 -93 93 20 -32 95 -51 -15 8 95 4 24 
44 37 -82 31 30 18 -57 -90 90 27 -29 81 83 -51 44 -60 -37 -63 -100 -8 46 -63 -46 89 47 30 30 20 85 -78 33 66 13 74 42 -47 83 17 -43 -97 -30 -91 70 76 70 -89 -92 71 -88 -34 70 -50 92 85 -92 84 48 -29 83 -84 -88 -91 82 -19 12 -17 -81 -6 61 -27 73 -73 9 50 -13 34 13 63 8 32 -78 86 45 39 
-22 -90 39 79 22 -31 -99 2 72 -75 34 -95 -96 -97 41 -13 5 39 -8 3 -92 1 -20 -55 55 -31 60 -31 47 49 -52 55 71 -75 -1 -54 50 -98 78 -6 -99 -66 68 -93 69 -72 90 84 -44 64 -71 -71 -13 -85 72 -15 26 16 -90 94 93 17 -6 61 -72 10 -38 -30 60 77 70 -98 -67 86 -89 24 -65 -32 53 56 38 4 52 -42 
-2 -27 -15 -60 -75 -84 97 -24 10 35 56 -94 77 70 72 78 -54 36 -86 25 0 97 -53 -14 100 76 -47 94 44 -37 -25 91 -36 46 26 32 -20 -35 -93 -56 66 -65 -4 -92 -72 -23 -73 -79 -100 31 22 -33 71 -17 69 -24 -11 89 -9 -69 33 -45 -34 -12 -100 25 56 -69 -9 52 -21 -76 -22 -84 48 -66 -16 -55 -24 20 43 -83 -98 54 
-50 -87 85 -74 55 -94 -93 -72 -85 32 5 -42 -23 85 69 -17 -89 70 80 85 -3 67 -10 80 -6 85 82 42 -79 44 -22 -35 62 -24 77 -52 -90 63 98 25 -86 -60 -7 -3 36 -39 53 -97 72 38 24 75 -61 53 41 60 92 -52 -100 15 3 -78 -21 13 92 -83 -6 3 55 -12 -38 47 60 -100 -70 10 46 69 -34 -6 75 18 -64 -37 
70 -44 -64 89 -18 -88 -60 -34 41 -5 -32 45 69 -15 -33 4 -64 77 -50 40 1 49 31 89 0 -25 88 -12 35 -9 88 33 93 28 75 -78 64 84 20 41 -22 -68 -39 85 -48 51 -50 -95 -97 -19 88 -43 -82 -36 -84 -33 -30 70 32 50 53 -70 -22 7 29 -66 -94 -4 2 51 14 3 29 22 66 -47 -88 88 32 -13 -55 -30 -98 23 
-12 -92 -60 -15 40 91 100 -38 25 36 6 42 -87 -73 -70 -36 79 15 -45 61 52 -59 16 -74 -93 -29 -71 -46 17 -38 30 -11 49 -60 -10 24 45 94 -69 73 32 12 69 59 -77 50 89 100 -1 58 -41 85 -62 -25 -65 -83 63 88 92 48 64 70 -78 37 -14 53 -72 9 100 76 48 11 74 -37 4 26 -75 -80 -81 30 32 -62 9 86 
1 -40 36 56 -56 -32 51 72 66 18 84 -88 47 -17 54 -18 -22 -4 -48 37 -22 -75 -28 88 -39 -48 4 42 92 83 -23 42 -15 82 99 -65 -18 -18 20 -32 43 31 54 -3 85 44 0 -67 -75 -95 -90 94 -41 -34 -89 -1 -59 -48 -23 24 65 3 -7 -5 14 93 -62 -44 93 96 -60 24 -75 87 -70 -69 37 23 65 12 -69 58 92 47 
-59 25 -48 99 -69 1 30 -77 -23 51 -56 -20 62 -69 -98 -12 -58 51 -16 63 -64 -8 -19 11 70 62 66 39 -20 -1 -52 81 38 -78 94 41 6 10 23 -60 49 -44 -63 81 -29 -30 -39 -68 -30 -92 47 74 -8 26 41 -65 21 2 -21 -93 -86 74 46 -23 -97 52 -63 -34 32 25 96 88 49 58 85 23 -61 11 10 -98 -55 -45 -50 -70 
4 99 -89 37 2 -96 -87 82 23 14 36 -47 30 98 95 31 -31 -62 85 93 31 -1 -51 -12 -5 1 -62 -57 -65 -23 -69 -12 13 -65 -65 -41 -6 90 -47 23 -3 51 -76 27 12 -11 -60 24 64 6 86 -93 -27 -65 -29 -83 52 -38 46 -65 -91 -51 -5 77 -85 -74 -28 9 -85 51 -2 82 -97 2 45 -44 23 65 -56 -55 100 -23 81 -85 
-5 48 -57 -17 53 -70 -74 32 -45 -4 -44 -82 74 96 -92 -84 71 94 14 -95 -66 -71 66 86 1 40 0 -31 39 -33 -47 -6 -70 67 -71 54 84 -99 -92 70 22 -47 -14 -54 -27 33 12 67 24 87 85 16 66 -19 52 -22 39 -75 78 69 -21 56 20 -75 -18 63 76 25 31 -40 98 -70 -12 19 -97 89 4 -88 70 85 67 47 81 -49 
49 -49 72 -43 -55 -49 27 -72 97 -27 -50 -88 -79 -22 -40 95 17 -57 43 -34 -53 -9 71 -86 -51 6 -25 -51 -62 89 -36 79 62 -84 -2 -22 -93 -1 10 -85 53 -96 -95 -57 -21 44 47 53 -86 -58 93 21 73 51 -64 42 42 88 94 55 -94 50 -33 -30 -17 3 -45 -42 -82 70 69 39 -13 48 16 -39 81 31 -82 68 50 97 29 83 
-49 36 78 49 79 37 30 54 -1 33 -32 -99 -63 -33 68 -61 60 -70 -65 -34 -16 -76 -84 82 16 82 17 -65 -16 -82 -8 12 38 52 -10 -40 -91 -66 -23 -1 -65 -72 -74 63 7 16 97 64 -93 -9 30 -66 63 1 -67 67 -42 -67 -88 -27 -78 -86 -70 60 -60 27 33 26 72 51 -39 61 -78 -51 -35 -63 69 -61 79 -27 -23 51 32 -88 
41 70 82 43 -81 -30 79 32 21 -15 -57 -79 17 -95 -86 -16 9 -77 22 -2 42 50 -28 -93 42 -20 62 -23 53 -65 13 -43 -16 -27 96 33 -45 64 -46 0 -46 -83 0 -89 -43 -12 38 13 -67 -4 -68 9 5 2 -53 -42 19 -87 -19 44 -44 2 28 73 -79 100 35 -23 46 -58 -52 -31 84 -84 53 -66 -72 -100 36 -93 -81 -25 -33 27 
-52 -91 -41 69 -2 -80 91 -93 -58 -20 18 68 92 -72 -72 66 -13 -96 -11 55 -5 69 14 -71 -4 68 61 -88 -53 -44 49 -4 44 77 1 59 -44 70 -73 2 40 33 -68 -92 13 -69 23 -88 -94 -46 16 22 82 -51 44 -92 21 -32 75 72 69 -75 -7 6 -91 70 19 -93 21 -14 -62 -41 69 -44 52 26 -67 80 -63 -4 -11 -13 -83 -90 
92 -35 -54 58 24 -14 86 -77 76 16 -9 -14 20 -71 21 -15 31 -14 90 -67 2 45 -19 14 99 15 22 84 -79 93 8 -29 -22 31 -80 -49 -74 96 -16 33 -98 -50 81 70 -72 -78 -81 -91 52 -52 85 88 -100 2 53 -16 9 -88 -91 -25 53 8 47 -95 -89 -6 -74 68 -84 -3 -70 56 -35 89 -39 76 -60 2 2 -39 71 -3 -90 14 
-99 -91 -10 12 -65 -83 -68 -15 76 -60 -87 58 94 30 -100 -89 -71 -65 -61 38 -14 53 -59 -9 83 52 -19 -75 -46 21 -45 10 68 42 -19 89 -21 23 -22 -69 15 -6 49 -35 -18 -1 -5 56 -39 -88 -29 12 19 -86 -64 84 -5 -7 34 90 -68 -90 -5 38 100 -5 73 -86 -60 -32 -35 -20 -55 -45 74 11 76 11 57 -27 -54 -60 6 -40 
-53 -40 97 17 -44 71 4 -27 -4 -21 53 -60 -45 -40 -86 48 -21 -24 1 34 -39 -60 73 -68 -5 -91 32 -2 -85 36 38 -63 84 -86 88 40 -71 53 11 8 -31 -56 31 -55 -18 -44 -76 -3 39 18 60 76 -71 -43 -66 -66 35 16 -81 73 18 -45 -49 55 -3 -59 90 -23 98 -37 9 -47 -1 53 -44 73 -39 -43 -39 62 -96 -85 -99 -29 
-59 -90 34 -92 16 -68 39 -80 -20 -33 -90 -77 -8 8 14 99 72 27 58 -39 -88 65 -38 -74 4 -64 -38 79 -19 -89 1 57 48 40 -95 6 90 66 49 -31 67 -29 -15 -86 9 -25 -63 92 30 42 -55 26 50 -24 75 -8 -29 48 -64 59 -98 -6 23 49 99 41 8 62 -37 6 89 30 90 57 90 75 -73 -4 87 -96 32 -79 -35 86 
12 -48 82 75 39 29 -19 -23 12 72 -43 37 54 -23 -60 87 -82 73 11 88 13 -56 -45 5 -97 -56 -39 -50 -27 -86 4 52 26 -48 19 -67 -12 38 46 -93 77 -36 -54 92 -88 -83 36 94 -53 70 89 -46 -43 -16 -30 -52 -60 2 -100 78 5 -68 32 -99 -61 15 -72 -39 -8 -90 -26 13 -36 94 76 -85 -46 61 -79 49 -14 -93 -80 -84 
4 -25 52 96 -44 79 77 -48 41 21 98 91 75 -72 88 -88 -21 -44 39 76 9 -70 -89 -94 -50 -45 -56 -84 70 -64 -48 6 -10 45 83 -9 -65 81 -2 -42 92 -22 -69 78 -92 -27 -42 -80 84 -26 11 -15 -51 55 41 7 94 -16 -35 62 25 -59 -52 -32 11 2 -17 13 63 -29 37 57 81 -30 54 -78 68 -14 -42 -82 86 51 18 64 
39 -87 -35 21 36 53 -23 -96 -59 -56 -15 44 61 96 -3 -50 15 31 -99 -85 -19 -50 -16 97 52 56 11 46 82 -15 33 55 -18 91 100 -29 5 0 -69 -12 29 -13 36 -94 81 4 -91 -45 -35 52 -50 -3 95 56 68 19 12 39 50 -38 -8 -6 -88 -56 -95 31 64 17 76 -2 93 -10 54 52 -65 -42 -57 -31 36 -7 97 -15 -51 -83 
94 -70 -61 94 -86 -45 -38 47 -43 -6 -43 45 44 72 -6 15 17 -65 3 100 61 17 78 33 -98 -30 37 -84 -8 -76 7 59 -89 -84 -83 -13 -35 52 -61 99 -39 60 -81 17 8 -18 85 -60 1 89 21 38 21 -40 -47 64 16 -56 54 38 74 95 65 -39 -61 -36 -24 48 8 50 13 77 51 -36 95 99 -24 -45 58 2 -72 -81 -79 -2 
-27 33 12 -59 -57 -68 78 76 -35 -83 63 -86 -23 23 -53 70 -16 -38 -4 47 -21 48 -51 -76 -82 -92 -92 67 -77 71 29 -27 31 41 -34 -45 -31 -12 -74 -51 58 -10 -88 -76 37 -55 11 45 -74 85 -37 -40 -55 -39 -67 53 -68 43 -23 78 42 27 92 -45 -59 48 -75 71 -12 -48 20 -52 -93 -8 91 -68 -48 71 -96 12 60 21 80 90 
-88 90 -12 83 -81 2 8 32 48 84 7 -25 8 28 14 -73 -20 98 53 46 -28 99 89 -84 -56 73 -26 -4 -22 18 32 98 12 55 -21 -26 -19 -1 -35 -47 -40 27 39 60 -90 -58 -78 -61 -59 32 14 96 31 24 -7 34 30 -12 -2 37 -62 44 45 19 -68 -2 25 68 -58 -64 -48 24 -45 -79 65 -68 93 -78 97 7 -99 69 70 -34 
-40 75 61 -98 -97 7 -5 71 -74 -25 -48 67 3 34 61 53 94 -8 90 57 -50 -44 -9 81 48 -83 54 -20 51 75 19 58 70 84 80 23 -47 -100 62 -63 89 -76 -88 56 -4 -58 -65 28 75 57 -75 35 -10 4 -16 -38 23 -94 38 92 58 64 -69 58 -91 -5 -74 -64 -1 -100 95 -4 -58 25 -32 0 -22 82 51 -31 -82 83 -24 -11 
-38 -10 -84 38 17 -29 8 36 37 74 7 34 36 -61 3 26 -35 -80 34 25 91 61 56 -73 -9 32 -15 42 -19 -68 48 35 66 -88 41 87 -53 -71 57 -36 10 51 0 -36 87 -91 81 -46 27 83 51 -36 -24 -45 -47 -83 -79 -34 47 11 42 40 69 55 -36 -62 72 -55 -88 35 -81 80 80 50 -11 -59 33 70 -41 -8 48 -17 52 51 
-67 -5 -59 8 -53 58 -66 -48 83 22 -27 -6 32 37 91 33 77 -60 56 53 -74 53 96 87 29 18 -53 -16 -25 62 73 51 -68 -28 -16 -26 -64 46 -41 -90 -8 -43 95 92 -57 98 -84 -47 47 -30 -17 33 31 5 -1 -29 -63 -14 0 59 -58 -40 -99 26 -77 -90 40 -79 -93 -94 -77 -94 99 53 -9 -71 -99 -67 -46 82 -31 2 18 21 
-80 58 -38 -98 59 93 -75 -84 19 -12 -19 -99 -35 -94 -69 -34 -52 -23 23 -7 71 40 -95 22 11 17 42 -33 20 -23 34 57 -70 93 -13 70 -65 -78 8 24 -79 -77 -11 -84 -38 53 46 9 -44 -22 49 10 7 6 41 -39 42 -99 37 -61 -33 0 -32 -97 -49 -57 -55 -3 55 76 -8 -68 -74 -24 60 -73 -19 -17 -41 8 17 47 62 -14 
86 0 -77 -37 -70 -73 6 -35 28 74 42 -49 -66 50 -20 -79 29 -67 87 94 -19 30 67 -57 28 99 -36 3 72 -32 69 43 8 -23 91 -78 -19 -36 40 -33 -56 -24 -4 69 34 -36 -67 -91 -69 -63 -75 -93 31 49 -37 14 -95 56 94 15 -36 -90 22 94 52 17 -51 -48 48 -69 -65 -11 53 74 -33 68 8 35 52 57 -51 5 7 73 
-14 15 -26 -1 77 -52 48 -29 -71 -36 -35 -60 11 35 78 48 -30 17 45 -76 25 -81 45 -19 -39 47 8 36 94 -60 33 62 -91 -70 94 92 -86 -54 -2 47 -87 -9 63 -74 56 8 84 30 -60 -41 41 -57 55 42 -78 84 -66 86 -92 -90 -66 84 -26 91 39 100 44 23 -48 77 -88 -29 -73 58 16 -71 23 -99 -36 -90 -83 89 8 -26 
-41 21 -40 40 -4 -43 -88 56 88 70 46 34 81 17 82 -81 -25 61 -92 -29 44 49 -86 58 77 60 -35 -9 79 31 -10 53 -18 -51 -92 42 79 -13 87 -3 -78 -92 0 68 49 -94 -32 43 59 47 8 -38 16 9 83 91 -95 -57 -50 29 72 -38 -30 -48 10 -63 95 69 14 19 -75 -95 29 -19 -22 64 -92 96 89 83 -51 -49 40 -16 
-99 6 46 -74 -21 -19 -36 -8 97 -13 1 -56 -12 99 5 46 69 99 -95 54 -99 14 -60 -90 -75 -2 -20 -73 46 -15 43 35 97 85 9 17 47 73 -96 81 -14 -90 73 -57 5 -23 -8 20 -30 3 53 -68 83 -45 -7 37 72 -15 13 -3 64 3 51 45 82 34 -57 -37 55 56 -57 81 -23 -17 35 76 -82 10 75 -20 -9 -98 -5 -65 
-24 -9 -2 -88 28 -37 -63 -1 -91 73 42 -97 28 50 36 -4 40 -36 -48 39 -76 -56 -57 -69 53 85 14 50 -80 25 -69 -57 -87 62 -66 94 100 -12 68 -13 36 -22 17 -79 -88 8 -45 -76 -55 -33 -69 -25 0 -14 -80 -8 -51 -82 -70 -73 -58 1 78 -18 -53 -88 -16 64 -23 -19 -62 62 52 41 43 -45 99 81 22 5 75 83 -16 -43 
97 68 -62 48 -33 99 -56 -58 7 -93 -59 29 93 98 23 98 61 99 59 63 -81 73 -28 -47 -87 -79 99 -59 -43 -18 -95 -33 -96 -54 -31 -19 52 86 -85 61 1 43 -87 -57 99 -31 -9 85 81 -66 -73 -55 -47 94 -75 -29 58 -17 -66 6 -51 -81 63 29 -52 -92 -50 -6 5 -29 98 -42 62 55 88 45 69 -77 60 72 -74 85 -58 -31 
-94 -63 -91 -33 2 12 78 79 55 -54 39 81 55 -26 -79 52 10 19 47 -8 -49 96 60 68 -46 -29 35 -39 -26 -56 82 52 -91 25 39 1 -85 -26 -56 -80 -68 -48 63 -47 64 95 -21 -80 -29 92 45 -61 -37 35 -64 7 56 24 50 -11 82 19 -24 -5 -56 10 47 70 32 -99 10 8 -89 45 -38 -3 33 -22 -55 70 -98 -86 -79 36 
-14 -7 -59 50 92 6 51 96 19 64 -52 -26 78 -37 1 -47 -52 80 45 5 -50 -96 51 -36 -18 -44 64 -30 -20 33 -2 -72 63 -15 19 95 26 25 76 33 67 87 99 -57 68 61 55 -63 -80 -1 78 95 65 -78 33 90 -70 76 49 -44 47 98 79 -18 51 -62 -64 0 18 -30 61 -29 -86 -66 2 20 41 21 -45 -100 -29 -56 15 44 
-74 -75 47 -75 26 -15 25 -17 -19 1 -92 100 22 17 -4 -23 -79 74 -48 -29 13 42 61 16 -12 -54 41 79 -39 62 -76 -61 -52 -81 73 74 -88 0 -43 1 61 88 -66 88 70 23 24 -87 65 -1 -56 81 -22 57 -91 -94 -22 -93 39 -57 -81 99 71 50 38 -70 35 -21 45 -95 -24 17 -100 9 81 50 -41 46 -13 39 -75 -66 -78 82 
55 -14 77 -95 99 36 56 57 82 78 -20 -52 78 -36 63 14 37 -12 0 84 -21 20 75 -81 75 4 87 -86 37 -79 78 64 -21 -83 58 -40 -48 -43 20 -60 -55 -55 1 -16 -14 -97 -5 22 -85 -39 -60 23 -10 1 43 12 -86 72 11 -73 -6 -11 83 -47 -1 57 83 62 42 -62 -92 -78 75 49 -12 97 -2 36 -48 -96 -6 64 65 -85 
