-69 -61 -88 -42 -61 91 -30 -24 17 83 31 63 14 78 -92 -2 76 61 -98 -50 -99 -47 -73 -2 12 14 -78 -59 -95 77 55 -21 12 -93 -79 90 -18 -30 -42 
64 82 -91 -63 -79 10 61 -97 -58 74 -15 -86 95 27 2 -86 0 -3 81 54 61 35 -70 -65 58 -62 -80 45 -3 -18 -69 8 -29 -60 18 56 -57 -47 -16 
13 -41 -12 -3 13 73 -24 -23 -31 -4 -16 79 95 96 59 -47 -25 28 -86 -56 50 92 -28 -72 33 44 -44 -8 95 88 36 -50 -77 -37 -44 -65 5 65 62 
-45 -58 0 -73 -53 67 64 67 37 -24 -1 -30 67 51 21 92 19 89 34 81 -78 11 83 82 -56 -9 41 96 -18 39 64 -38 61 29 26 -83 59 -98 -12 
-5 -75 -26 -55 25 46 -38 19 41 -44 95 11 54 -89 -28 -40 -96 98 86 0 82 16 28 -2 -78 58 22 -25 -92 -9 -74 -9 97 -20 69 54 48 -24 24 
60 -25 78 47 -15 -59 -78 28 -32 26 61 73 -25 86 -41 -44 27 22 55 59 54 46 -3 36 73 -95 19 9 -43 9 -89 16 4 -32 -63 88 68 -16 -74 
97 14 -96 66 64 38 4 30 -16 88 63 4 -7 32 -90 43 78 31 2 -46 -94 -32 75 -35 -7 93 -86 -74 6 -4 -79 38 -1 -17 -20 -55 42 -30 -43 
43 91 -98 -23 -34 -92 -62 -33 -54 -72 24 23 -46 53 -50 -20 -89 -97 -11 60 -61 44 47 -14 -93 -25 -14 -22 93 -80 33 -83 -84 -43 49 -52 19 100 -50 
24 29 -83 -22 32 -97 96 -56 -94 60 32 70 11 -20 -12 9 -82 -1 -66 -15 -76 29 -81 -46 -32 -23 43 -59 -46 -18 -51 55 -56 21 -3 -80 -75 86 49 
-79 -65 34 34 -42 -72 -36 16 96 57 -30 -6 1 26 -92 -27 -87 -15 19 -40 -92 -22 -14 34 18 82 30 -87 77 -100 -83 -65 -1 8 -19 27 8 0 -93 
-24 -30 93 39 -1 -6 9 86 14 -64 97 -89 -78 -48 -16 -44 54 -24 54 61 28 -69 63 -49 77 86 -94 -22 89 -18 -14 14 -24 7 -100 -90 79 -25 -31 
14 28 -52 80 -87 8 -5 66 42 58 -29 -3 -49 26 -89 -11 -66 -33 82 -8 14 8 84 -34 51 -2 -29 92 32 -58 96 93 14 -13 78 14 85 94 -98 
10 9 41 -25 -92 -95 38 27 37 85 82 -41 -79 -74 -14 23 43 -32 -22 -24 -16 -41 6 68 -80 -81 67 22 39 53 -55 3 33 -70 -23 100 64 -1 -57 
28 7 68 -17 55 -40 -83 -54 -2 91 12 -86 -87 -56 -92 -42 -95 -100 91 -77 22 14 -75 -61 -19 23 -12 -14 37 34 29 88 -60 99 96 59 89 32 14 
100 56 -72 -27 32 -89 -93 3 51 5 -77 -45 14 -20 28 -34 -65 14 -31 23 -21 59 -37 -19 82 98 -27 -20 -51 -12 -89 -87 -92 -43 86 -56 -72 -81 -42 
76 95 -56 -56 -25 -77 100 66 -41 -20 -17 41 95 40 -75 -90 -4 63 55 -92 -97 13 -46 52 -78 6 -54 -78 96 84 -37 40 -97 -81 -86 50 31 94 73 
-28 -15 14 -68 -51 -6 34 58 41 6 -55 60 8 -14 -13 -35 -91 81 -75 -97 -36 -83 -56 24 35 1 35 79 49 85 49 -22 23 89 -40 46 -84 -34 9 
76 -18 -33 20 -58 -44 40 -28 33 -49 -21 -74 52 90 -65 70 -43 -89 -4 -34 -34 -85 -32 21 -21 -57 -36 -41 -21 69 72 -39 -7 -60 9 -97 19 -21 -48 
-26 -52 -37 12 78 17 62 33 8 -88 -51 -40 -66 -74 100 -18 86 40 91 -28 -54 55 47 29 -45 -65 -31 82 -13 -34 -6 13 -86 70 -71 24 -4 -80 -10 
3 28 -97 25 36 -90 -64 0 42 -13 82 68 29 -84 -92 85 36 -97 -94 -45 -23 27 56 -28 -80 -51 12 -25 87 -64 83 -32 59 89 31 -65 98 -78 -86 
46 -81 -78 -37 15 -23 -15 -92 2 62 -51 83 2 38 -63 6 -14 82 7 69 29 -70 87 -36 -56 -86 -88 53 -77 -79 23 77 39 -67 -79 3 35 29 -10 
72 75 -60 66 54 -63 -4 31 -99 18 -60 36 39 42 99 71 -37 78 -19 -9 58 41 -58 -80 61 -83 98 -67 20 -70 -61 -21 -1 62 15 -4 45 12 -53 
61 30 63 45 64 -60 32 3 97 44 -89 37 43 -21 -27 -86 -82 94 -33 98 -44 -34 87 -46 50 -90 59 43 -82 80 -78 -44 -3 -75 -70 -91 -73 71 -21 
-92 70 -66 -52 -95 -33 81 -60 3 15 -87 -40 94 80 -16 16 87 69 2 -34 -50 -42 -18 34 98 -82 -8 47 44 7 -38 -95 21 99 54 30 8 -61 13 
63 89 -34 48 -62 -58 12 3 97 17 94 -53 -22 -3 -90 64 -85 72 -13 -71 -91 -13 32 -71 49 46 -30 -8 -24 30 0 100 -90 -46 -99 99 76 -6 -77 
-97 19 25 30 27 -68 -59 64 43 29 73 37 -14 -66 70 46 9 18 -95 -42 -62 76 9 -7 46 8 -24 -89 -86 40 -84 34 -15 -18 -8 30 -52 -9 -41 
44 20 88 -39 -13 -34 -42 60 84 98 54 82 6 -93 33 32 -8 26 -27 53 33 91 76 89 -49 -65 -59 38 37 91 76 -70 -99 66 60 98 32 65 -10 
-2 -82 -17 11 0 51 -95 -26 -40 83 93 -79 87 -43 -52 -62 70 -42 14 15 -27 -34 -53 33 -94 16 -81 42 90 1 -44 -92 -78 13 -37 97 12 -90 8 
-44 63 73 -90 -6 6 -65 87 54 -12 60 -62 -16 94 -69 -62 -47 59 -51 -92 -66 34 -60 -86 10 70 44 68 38 -97 -90 -38 -69 -29 -84 70 -50 -65 -40 
22 -24 -37 -81 23 3 -63 64 25 81 -87 18 -84 -18 30 -82 29 -90 -25 80 21 97 52 37 -37 68 -98 64 69 97 9 88 -56 -33 -11 -91 -15 -93 75 
-89 89 12 51 5 -19 13 -8 -45 -44 90 -6 36 -8 -34 -78 -80 -97 -23 2 25 -71 -33 83 -58 67 32 53 43 94 -22 27 2 63 -9 -48 1 90 1 
-24 80 -81 -12 79 74 -2 71 -6 -7 86 94 -11 59 30 93 39 -42 36 -78 15 -17 -14 -95 59 22 37 1 12 80 97 -79 -43 -8 -58 -43 -33 -15 48 
-62 40 34 73 -33 45 -76 -83 -71 -12 -44 -14 -5 -73 -73 34 -46 94 -39 -50 -9 -59 52 48 30 -73 -77 -20 2 29 -30 -22 30 -20 32 -6 -52 -57 65 
44 17 16 -93 -88 -10 10 64 -32 -63 19 76 70 -48 92 -94 -75 -14 30 96 -18 75 37 -5 34 -54 39 -56 83 49 65 -9 -20 51 77 -75 75 57 -35 
60 -87 85 -1 12 -96 36 -33 -21 -4 50 -18 -76 57 76 -21 -48 -52 -16 -71 63 -14 -16 71 -42 -100 -17 -74 5 -70 16 -98 71 24 -25 36 -87 46 -36 
-42 10 78 -28 71 28 15 -60 -99 -11 53 72 -11 -22 -58 44 98 94 97 -14 -36 -16 99 -96 100 79 -24 -48 85 -83 58 31 14 -80 16 62 93 67 -31 
-61 -56 48 -46 10 41 -87 83 -50 18 -46 -87 96 53 53 42 -93 -24 -93 -28 67 19 -1 -65 -96 -15 -60 -21 40 17 -43 -94 66 56 -28 -76 84 -45 42 
-45 -14 18 96 63 -80 0 89 44 -15 48 9 45 49 1 1 57 -38 -94 -100 57 78 86 -94 68 82 4 22 19 85 -5 -78 70 17 -56 -22 -89 76 24 
-20 97 -28 -48 -72 75 53 -56 -40 -28 26 50 20 -72 -87 -47 -34 -97 56 -94 61 -93 4 54 -15 -79 80 -33 64 95 34 -78 39 77 -68 0 0 6 -64 
-2 -26 19 40 66 13 40 65 43 17 88 -90 20 -9 -77 -69 77 23 70 -37 -44 66 52 4 -23 -9 -98 -23 95 -41 27 -44 -97 54 -76 39 -3 45 0 
-41 56 -33 -98 -95 44 -26 39 -70 84 -20 63 12 -11 91 -8 21 70 -91 -91 50 80 -60 48 -42 84 -71 3 -41 78 -99 -74 11 -5 -68 -21 -15 74 -60 
100 -81 -91 -94 11 68 3 -35 -67 70 74 -20 -89 15 11 -62 -53 26 -90 -17 69 -100 -41 -90 -79 -23 -63 83 -25 62 34 36 36 74 65 -95 -49 -17 39 
-69 16 68 -89 -1 38 64 -98 66 -88 72 -61 -8 -100 17 -80 -78 -57 -5 77 -37 89 58 -45 -41 38 89 100 -58 18 -75 -17 53 -64 34 89 63 -2 85 
35 -37 -56 -3 82 -12 -69 68 50 95 58 60 10 -60 -83 -59 71 39 53 -89 90 0 2 -49 41 -98 -78 7 39 -15 -68 33 10 52 63 -66 -3 89 29 
-4 64 47 -69 -25 -4 68 -40 69 24 -60 -49 -69 90 -48 -88 71 68 -87 61 11 53 -90 72 -16 -48 54 30 15 16 89 -3 -89 4 49 -40 -96 62 26 
-49 15 -16 76 61 98 37 74 -19 -18 23 94 -79 68 65 48 -48 -78 10 97 60 -88 -65 23 89 -92 -33 -5 43 -14 19 39 98 18 77 36 -87 83 -63 
66 -77 -45 87 -69 88 -48 18 -45 84 69 55 -71 -92 17 -4 47 -81 37 -100 -41 -23 50 -6 -47 -59 7 -30 26 80 -63 -1 -67 78 70 51 -62 83 51 
-5 0 -87 44 -70 -66 50 -61 32 72 -57 3 3 75 -88 -49 58 5 34 -58 -20 -71 -55 -71 -7 17 -34 -92 19 -53 -1 3 76 56 57 69 -51 94 -27 
33 50 88 49 -22 -74 13 -77 -42 -29 43 27 100 29 -37 -17 -22 69 -27 81 12 83 -100 -81 -41 -97 -13 -81 2 -15 -99 -27 -96 -18 -19 -4 87 -65 77 
36 -96 31 -10 -26 -47 16 -77 -26 -73 45 -30 -70 -16 -45 26 57 63 -60 72 -73 15 26 84 -88 42 -28 86 80 -52 -80 87 -27 34 83 15 64 -92 -39 
67 9 -94 -5 -77 27 55 -66 -27 20 -54 21 -55 -91 -44 55 66 -76 -17 28 40 -8 -97 63 95 61 29 32 -64 92 89 38 83 -99 36 27 49 -25 -56 
69 80 -47 13 98 54 41 92 -99 87 -15 -56 -38 15 100 98 67 86 -50 -73 19 95 80 -87 -61 -50 30 64 94 12 54 44 -43 -60 54 22 41 68 -81 
49 -76 -27 32 48 0 -44 27 -15 -26 -100 -7 -45 -94 -55 -65 -18 38 -7 35 58 44 -18 -2 88 -2 -84 13 9 16 -52 -76 32 9 10 -1 50 -78 52 
54 49 63 -44 44 -77 10 81 -8 -95 -26 5 -2 69 24 -56 -27 -6 75 98 84 22 -66 -58 -2 37 -57 5 -52 80 -76 98 -82 -1 -82 32 10 -28 -97 
-29 -91 87 35 -14 81 0 98 -40 -43 52 -9 44 19 29 15 12 57 43 -36 -80 15 -80 66 -97 30 -24 -60 -48 -71 33 -30 77 39 98 63 49 -63 6 
-20 88 -99 19 -10 92 93 45 79 99 -61 98 -15 90 -47 0 -65 -6 93 80 -21 93 95 49 -77 38 -43 15 63 -26 47 90 -14 3 11 -80 -80 84 38 
88 -48 -67 -37 -17 -16 -55 49 32 96 93 42 13 0 -28 -95 95 -81 32 -33 94 31 97 -40 28 92 24 1 16 -55 15 -81 -7 98 12 85 -18 -19 91 
19 8 59 -42 81 0 -23 71 -28 22 95 -91 60 -4 82 -10 69 -45 62 -56 67 51 -54 -99 71 17 17 -71 64 -92 74 -68 97 47 -65 -98 -12 62 67 
-54 41 95 0 97 -5 -28 51 30 41 15 88 -88 39 32 -95 18 16 -14 14 -73 -75 -100 10 99 88 -62 -95 10 -24 74 -84 61 -30 47 99 77 -2 -65 
-55 4 31 -76 -53 -25 -55 51 -96 53 8 51 -56 96 39 -75 74 -73 -82 -52 -70 -13 -84 73 -56 -44 -15 -6 69 -10 -27 -14 67 50 3 -96 21 -37 -41 
-83 92 84 -97 26 -83 -7 -23 -52 -98 86 -91 -80 22 19 -87 8 -42 -97 -20 -46 67 59 -74 -6 85 94 70 -25 -74 99 57 38 -45 -71 0 -19 -15 69 
-43 -92 21 -41 34 35 9 -3 -47 -70 45 93 44 76 46 -67 18 67 -68 -33 67 -29 63 30 -92 15 -13 -40 -43 33 -62 55 59 -88 7 75 -99 -87 -40 
60 -5 -23 -51 -10 40 -72 -14 13 10 -70 -98 73 72 10 30 -48 35 39 -14 38 -10 19 -12 -44 -86 -65 22 90 -18 -15 -96 -42 41 54 -77 -53 60 -3 
78 38 -97 -51 -88 76 -34 89 48 -95 -65 46 2 14 37 90 95 65 -58 -17 71 -30 56 -56 58 26 -56 51 -85 -78 74 -60 18 58 70 3 77 -53 -5 
84 53 -9 91 -29 -16 17 6 -79 -52 -77 -64 76 84 -22 -58 25 -57 -73 -3 14 28 -48 14 -46 -39 -35 67 5 -57 31 -83 30 -5 38 -58 17 0 86 
-7 1 -11 55 -41 75 -75 3 72 -39 77 62 -87 -7 18 -59 100 -54 -19 63 -100 -69 37 66 53 98 -33 26 -73 72 24 41 -76 34 -30 50 90 98 69 
54 20 -35 -11 46 -72 5 -89 -58 39 67 -67 92 -25 86 15 83 -37 -49 28 -44 60 -14 90 -35 29 -85 -72 -84 -79 -85 -50 -12 -5 -2 -88 -50 -95 66 
68 66 91 2 40 94 89 -23 89 -3 50 -41 9 86 -40 51 -90 14 83 -61 -67 89 15 39 -53 -45 -61 -52 -90 15 -44 -13 53 72 86 69 -84 39 8 
-14 2 36 -35 29 -83 57 -74 -10 -28 -71 29 -46 -100 -2 5 45 -20 -64 -80 -94 11 19 10 51 12 93 62 33 19 78 1 87 66 61 -4 -52 -28 37 
59 -2 -14 45 -82 -79 81 100 11 -17 28 -21 55 5 -53 79 11 85 51 -54 -86 -88 38 19 95 -37 -81 65 71 54 34 56 30 90 -36 88 92 10 65 
66 96 29 89 -7 -42 -57 44 -46 -50 80 21 64 55 -79 15 -75 85 -65 31 -23 72 98 18 -40 47 -45 7 72 60 96 -35 33 -12 58 -14 41 26 -69 
-47 25 -15 0 15 73 -62 37 49 37 -24 19 34 -63 36 -51 57 -99 -84 -30 -83 -57 -61 -47 -43 70 -53 -70 29 29 8 25 55 -18 42 32 0 -11 96 
-94 81 -34 -24 51 99 -76 -44 -9 -59 51 11 -94 71 58 85 -6 -94 38 36 -64 -35 54 95 -81 39 -9 99 -10 33 12 89 96 -86 -39 68 0 41 8 
-86 -3 -93 49 13 60 13 69 74 -96 -99 -68 -50 -50 88 45 -45 -6 63 -40 -86 -8 -100 36 -87 47 19 51 79 88 -34 -91 -26 15 -41 -27 -67 70 -84 
43 -59 21 -82 19 97 -44 37 -88 87 -94 36 -9 78 -45 -57 53 86 -47 -86 2 -10 53 -49 -27 53 -79 35 0 -98 -92 63 -11 59 16 -6 -59 -80 73 
-100 -8 -83 97 30 -21 -48 14 56 33 -85 -63 -11 61 -58 -33 -40 5 1 33 -97 -71 76 13 -68 11 28 -36 36 74 -98 -47 21 44 -31 -16 19 -53 98 
41 -79 92 22 -64 4 55 -34 -52 -5 79 60 42 -84 -97 22 -68 -77 -70 -46 -32 88 -43 38 -68 34 52 -34 25 -9 80 -17 60 72 -19 33 -47 75 81 
72 -72 39 44 -70 -41 27 -9 -73 -27 -74 -78 93 -28 -30 -28 -15 -100 76 71 -80 20 -6 -63 81 100 -70 28 -84 -96 42 -96 68 -37 -21 59 -28 -17 -27 
