-99 -73 16 -31 -96 -13 66 -59 12 -56 30 86 -26 -83 44 56 37 -85 -5 17 -97 68 -14 -77 36 -68 -98 -60 41 -31 37 -79 45 48 -71 -94 -35 -72 -72 20 -99 23 -26 -92 54 -34 51 -49 61 5 38 -50 91 -53 83 94 -7 -60 -92 41 -34 26 -57 51 40 91 -76 -41 97 72 -91 78 44 65 3 -87 0 32 76 -43 -37 0 100 -81 20 -38 -27 -67 74 -54 68 31 -27 -67 -22 26 4 97 -45 -49 -28 -17 -80 -23 -6 74 -67 -61 90 
-54 -92 -2 42 23 54 80 85 -15 -77 66 -31 -21 62 68 -84 22 -59 82 54 -19 -89 -2 -10 -96 27 -60 66 24 -44 73 -90 -9 -74 47 77 27 41 90 -41 87 63 -85 -100 2 16 61 66 26 89 -44 1 -76 -68 -86 6 83 70 61 92 0 -66 -4 11 -100 15 94 -27 6 -52 90 16 9 28 32 60 51 45 100 -15 -89 -8 -67 -74 -11 -62 -33 -35 89 11 53 -12 -26 75 -48 31 -82 3 59 -49 -67 -68 90 43 -63 37 65 -17 2 
-39 57 84 -47 -26 -28 -45 -99 26 -90 40 -55 -84 -3 9 -57 -31 -18 73 -91 17 2 -64 -15 61 -1 -4 40 20 -2 -88 -62 94 76 -6 48 13 62 -47 -95 81 -34 67 95 -84 22 -2 8 56 -69 98 -34 -21 -16 -7 -9 -14 -75 -3 -90 -25 -75 26 96 -86 40 69 -80 72 85 -19 34 50 -11 -47 62 97 90 33 -92 56 29 -81 -15 -5 -23 -23 15 90 53 73 79 -7 54 69 48 -28 -18 52 16 60 39 -82 0 88 -24 -87 21 20 
59 -81 -95 72 84 -75 74 -30 -35 -29 80 17 -57 -69 -83 46 -62 -54 36 39 59 26 42 -93 -76 44 -100 57 6 85 -45 -19 56 70 17 -27 -44 -14 -15 -28 8 32 -98 -27 -25 38 -26 93 37 -82 -80 -44 -64 24 -58 -23 -13 -65 -45 8 83 76 -38 -65 -79 40 -3 36 43 -5 35 -27 -59 -17 34 11 37 -23 -100 -87 -36 12 -55 57 27 -25 67 33 -26 -69 42 -47 -98 36 -37 20 71 -4 27 66 -59 -93 40 -19 -70 13 -93 -13 -21 
54 100 -52 52 23 -94 74 40 12 29 53 10 -48 -29 -70 73 15 94 42 -29 -8 41 -13 -72 -4 89 -87 -77 18 40 -100 9 96 -76 12 -88 47 96 -73 -16 61 10 54 13 -58 68 59 57 40 68 -43 32 -74 -81 56 -42 5 41 94 -50 -43 -54 57 -10 -16 96 78 -40 -55 -3 -42 38 45 46 -57 0 66 75 30 -74 -68 60 24 78 7 -36 88 -12 35 -44 -94 -31 93 2 59 52 -9 -83 74 -66 -61 -51 29 65 -26 60 46 75 -23 
-75 -55 86 43 4 46 -31 -5 -58 70 -81 16 -6 -86 -26 -57 21 26 32 -58 19 1 -20 -5 25 21 97 88 35 -96 50 47 -60 34 92 31 33 -20 57 -33 -40 -72 -46 -41 56 35 27 37 -74 47 -56 40 86 -77 -22 -76 14 9 25 -6 81 8 -36 53 82 76 69 1 66 -56 90 96 63 -70 89 4 35 36 65 -39 48 45 26 -46 -33 15 44 90 28 76 91 -93 -71 -62 23 -64 37 96 -99 -5 -14 36 4 -59 -45 -51 -97 88 -81 
83 35 -89 2 89 -97 83 83 40 59 -32 61 98 -7 83 -59 -3 -59 71 -35 -86 80 -65 85 -47 18 35 96 -44 -99 -32 52 -41 -6 2 54 -36 49 -22 99 -17 30 21 16 84 100 52 83 54 -99 44 67 -70 69 -76 -28 23 -100 -93 -70 76 89 60 -71 -64 -59 14 61 90 -1 81 -3 21 -66 -79 -2 78 -81 -1 -47 68 -81 -99 70 45 33 0 69 -67 55 -46 -72 -25 51 75 -72 72 -82 59 -10 96 -88 39 78 86 -10 38 11 -91 
27 -4 59 -64 -72 -37 35 21 -64 -12 -85 24 24 10 -84 -40 -22 88 -90 -53 86 72 -13 -63 -60 24 -5 -81 -45 -19 73 -28 1 -28 15 -32 65 85 -21 -2 90 -82 -100 77 -99 54 -30 -46 -18 -57 99 43 68 36 -52 86 93 29 -72 32 -92 45 -6 36 69 -5 -6 -19 75 -46 71 24 39 36 -29 -77 79 -81 -58 42 -89 37 43 -97 84 -75 1 -55 -40 -82 37 -64 64 -80 -35 -5 58 -64 -77 -84 72 84 -9 2 -20 74 -98 91 40 
-11 8 -64 56 0 -97 -72 87 -73 -3 -53 83 65 100 -10 -95 -95 -87 -54 -45 1 7 93 66 -72 -83 -99 84 -28 -53 75 -63 50 -4 69 -41 0 76 69 -63 42 97 -24 76 76 43 26 -85 77 -38 -92 29 84 3 -33 -7 -91 67 34 36 -35 9 -4 -70 -78 -23 44 -87 -57 -25 -63 97 -98 29 -39 2 63 -57 -78 -34 67 64 66 100 47 83 89 -31 6 27 -100 -12 -1 -20 32 -11 -97 -97 27 -41 -52 70 82 96 29 -8 -85 53 10 
31 -80 59 1 34 -99 -21 -78 -62 -92 36 -94 -69 92 -67 -68 9 38 -80 -10 95 -9 -80 20 -77 67 22 -97 19 81 21 21 -42 36 76 -12 13 16 60 -15 68 -23 -58 79 29 -86 29 -38 84 38 8 11 -30 92 51 41 -16 19 40 -80 -3 -83 37 -85 67 -93 -22 73 -75 -29 17 52 71 -39 14 46 -4 -26 53 -19 91 -92 16 -15 100 -38 -45 66 86 91 74 -37 -54 -43 96 -83 -13 100 -31 38 61 31 15 -3 -33 86 -49 88 -2 
-16 9 -35 -49 -69 76 -53 -74 29 80 40 -60 18 72 13 44 0 46 -66 68 -70 50 26 63 74 -23 -100 -34 47 -75 -62 -62 24 -48 84 62 -65 15 -55 -32 1 73 57 -54 -33 -58 24 -24 -78 18 23 -8 -85 -6 2 -11 44 -47 58 -79 -92 -6 -33 -1 31 -17 -2 31 -38 -72 -48 -55 -27 -85 100 -59 14 -85 -18 21 -28 -80 6 -20 -64 10 91 -31 87 -90 -78 33 -88 76 -97 42 38 -56 -70 17 -78 51 9 -23 62 76 -77 -89 -41 
17 -70 -39 -63 73 -30 -27 -87 -70 -47 -8 -31 18 -84 -20 -82 37 -6 29 94 -3 -30 -47 -31 -46 19 -35 2 28 -39 4 39 87 40 32 1 100 -35 -91 -92 83 40 93 80 98 -38 11 21 -19 -97 59 32 -55 52 82 -84 57 -66 88 23 49 -70 46 10 -51 -75 -5 53 18 39 19 -57 35 33 -42 67 77 42 -51 85 18 -47 -67 -77 90 -84 -25 -75 -93 90 84 89 -22 -91 6 -65 23 74 4 60 -59 13 -77 -14 78 -92 -2 4 60 
76 -30 -94 -82 43 -76 -77 33 -49 61 80 -70 -75 -55 67 56 14 -72 93 95 -37 -63 79 14 -45 -48 -51 -17 99 -79 54 91 -76 -59 7 9 -81 31 3 -44 7 -63 -62 41 -34 56 -42 -28 44 95 32 -29 89 24 30 21 93 58 -82 42 66 77 90 95 -83 -28 86 -2 -25 87 -22 -37 -4 49 -79 -26 78 81 -86 -51 84 -85 -90 -44 87 -3 -80 76 -46 52 -14 84 79 67 36 -96 47 -55 15 93 43 50 19 -74 22 -14 20 -60 -13 
56 -94 -23 65 -47 75 46 11 24 -85 -17 80 89 16 79 5 -95 5 -31 93 94 40 98 24 2 -38 10 29 -40 -1 35 30 -19 -68 40 -10 68 17 -52 -39 28 -26 -68 -57 25 13 -94 46 9 -50 97 -88 61 73 50 -44 -75 -51 100 -6 -100 -87 -71 8 56 -16 -55 -34 -58 32 -11 -92 -68 -28 61 -10 69 75 29 -53 -69 32 77 -86 64 98 -50 21 -60 67 -98 84 66 -74 -84 81 -74 44 -64 48 40 -52 -83 26 39 -10 2 98 -95 
96 64 -53 -74 74 -9 -62 -17 5 11 38 68 65 3 -96 -60 86 -15 -45 17 43 -88 45 -63 -94 8 -80 43 -3 -47 -8 24 -96 -87 53 -39 3 -97 30 61 -2 60 -1 55 -70 41 -33 -11 99 -49 22 32 -96 87 -20 -67 64 25 -42 -35 -60 -74 50 4 -88 -41 -51 56 -69 -66 12 14 27 -83 -61 29 89 100 -52 49 -20 15 -17 35 43 94 -77 92 3 -39 53 91 -66 -81 -62 14 29 -10 -3 -33 -100 63 58 24 -55 -34 52 10 46 
60 -42 25 -22 -71 27 -47 46 -10 -33 -43 -45 -49 -55 -47 -43 -29 6 71 -58 6 49 57 -65 28 58 78 41 -99 79 99 -74 -83 -90 -74 -64 -57 47 -42 22 -98 82 -95 77 12 86 -58 42 -17 5 54 -16 67 -88 -49 -37 -13 86 32 -8 26 7 -22 -97 -35 -95 -89 -12 51 56 12 -77 -31 11 12 58 -1 73 54 79 -68 -37 82 41 -4 -61 34 74 86 -84 99 -52 20 -61 96 53 -11 2 -90 -32 -29 42 -40 -68 -21 52 -90 -80 96 
36 0 14 47 45 99 100 -10 90 -71 -86 34 33 -68 -69 -91 12 -56 -31 -21 -42 -81 -73 31 75 -78 32 -46 66 -29 -58 19 -25 -67 -95 68 100 72 -50 36 45 -79 -35 -61 -59 -51 18 -42 92 -65 6 53 14 -32 -47 -18 -1 -17 -68 -70 -70 14 36 -98 -56 -35 -23 28 57 -8 70 80 -14 -34 -52 -96 24 -5 91 8 25 -29 -87 -53 40 -48 44 -30 82 40 -67 30 -26 -9 -54 99 -53 100 -71 -26 -86 -57 -93 1 67 -68 27 20 -100 
-1 -30 93 -39 53 61 16 -23 3 90 79 96 37 46 -16 -5 -41 2 13 68 -32 95 44 12 23 6 92 -41 38 26 29 -76 -28 -92 -49 29 88 -46 -93 -55 -41 -88 91 -98 -33 -56 95 -80 -32 -63 -47 71 -23 61 92 -2 -70 25 93 -11 -81 -97 40 95 -11 -75 -85 -18 -11 93 84 -62 -21 60 -86 81 10 -17 -100 92 42 -83 -94 84 55 -73 -29 -56 -97 -57 30 51 92 87 4 42 73 -49 -58 -96 -26 64 -73 -4 11 96 81 -57 -25 
41 -70 -3 21 82 39 100 -90 33 13 45 29 -76 64 2 45 12 96 39 5 60 25 -13 44 25 -6 -49 46 -87 -49 59 99 -74 8 78 0 -5 -78 60 45 -84 62 8 -53 -96 -19 42 -72 25 4 36 46 11 -51 7 -27 -13 -7 -87 36 -10 -97 -44 -15 -31 94 30 79 68 27 9 22 -98 57 94 84 91 57 78 22 44 -70 -93 -26 80 75 82 -19 22 73 24 36 -95 -78 -62 -53 69 -65 31 -97 76 -54 -67 -8 -80 -78 -60 -29 -62 
-45 -88 -4 -77 -2 -8 -14 -47 -85 74 -94 -74 25 46 72 -40 -81 -28 11 74 -47 17 -71 -94 39 62 29 34 -97 -74 -53 -65 52 76 7 35 60 33 20 4 -11 21 -37 -43 -1 32 -27 54 -39 95 -4 -73 73 73 -85 -96 -3 -92 -36 -78 59 91 54 63 -6 -27 38 -99 -71 10 -12 86 -76 -28 57 -19 -60 -33 -19 -83 -32 41 73 -62 -93 -17 92 -14 90 -21 -65 21 46 -78 -56 -80 30 91 14 93 5 29 -21 59 85 45 80 86 -23 
48 -14 -98 -63 -61 -54 -34 -19 -52 -88 -86 80 -89 -66 -55 -26 63 -43 -79 84 -51 -83 80 64 -100 73 33 -12 31 -90 58 41 -19 -28 -79 67 -16 -90 -64 52 96 -67 37 5 -19 -80 93 44 -15 -54 51 43 28 36 -7 -50 22 80 90 -38 -64 -50 -20 -71 74 -52 -48 -36 -89 -15 70 24 24 18 80 -47 4 -19 -74 -4 72 -87 -47 42 -16 94 50 -60 50 -73 -73 -14 17 -39 37 57 -60 -11 38 64 16 -82 -7 65 36 70 64 38 34 
5 22 -93 28 18 -79 7 87 81 28 -53 37 -61 -19 9 -13 -62 87 46 -3 13 54 12 -81 -23 -49 -43 -54 99 -77 13 71 57 62 -2 -99 21 75 55 -95 11 -88 97 41 49 -87 25 38 85 -46 5 -19 -37 -85 -32 22 95 -83 4 -56 -93 -58 -94 64 17 -59 75 -31 -33 82 97 2 70 -18 -52 -91 13 39 -43 22 23 32 1 1 -71 -92 -68 -41 15 49 -20 15 69 -5 -24 -89 -87 61 -5 -58 1 76 39 95 -94 27 -7 -10 -42 
60 8 48 12 -53 -40 -36 -75 -37 -75 -3 42 -14 69 72 -36 -84 -8 -20 28 -62 -37 93 64 14 58 5 -2 4 87 53 -32 -60 64 42 -12 -50 25 39 3 -10 52 -21 30 -46 -94 9 -32 -43 91 -5 -59 -92 -52 30 78 -22 -98 -15 -24 20 12 100 -78 91 17 -82 27 -42 84 36 78 61 17 5 89 0 15 43 -6 78 49 -35 51 92 -68 70 -85 70 33 -10 -92 -45 81 -66 9 39 -3 -76 72 74 -50 -24 -17 66 -78 -79 -30 -59 
86 -9 -13 -16 -4 30 -23 96 83 43 5 0 31 -93 -46 62 11 -85 45 70 7 78 75 57 -25 -60 90 -45 -31 -8 26 -5 99 -17 -74 88 77 -26 97 -12 -46 96 -38 -81 98 51 -76 -40 -55 21 -29 39 -64 93 -75 -22 -94 -62 5 49 88 -79 93 -35 0 10 71 -78 -41 93 -87 -92 15 81 -82 94 -74 5 55 -99 -6 -99 58 12 64 -50 74 19 -25 12 -60 45 -26 -81 0 -31 -35 9 -30 24 -46 45 49 -9 -99 -11 -26 -30 9 
26 100 79 19 -65 78 28 -10 93 95 -100 37 73 48 42 -42 14 -42 17 13 77 19 -31 63 75 80 -16 48 -20 44 89 18 59 26 -87 -59 -20 -59 -11 70 -77 2 71 -62 -41 -65 -43 -77 -48 -84 25 -89 -19 24 35 -8 74 -8 -22 -4 -6 76 -62 69 51 -69 -69 -5 -78 -95 -29 65 31 50 -90 79 -21 100 -40 5 -92 51 -5 -63 -58 63 -95 -44 40 82 -73 75 66 19 -52 -28 30 68 13 1 -75 41 13 -57 64 36 -53 65 28 
-18 -98 -99 -82 67 18 13 -83 9 10 -65 -47 67 -65 67 -86 16 -12 47 34 80 -7 82 28 -83 -25 60 -70 40 -2 96 42 -54 -39 6 77 48 -9 63 -1 -4 99 26 86 -96 -17 93 -52 -19 -11 83 7 -42 -75 -99 31 -94 77 77 -48 -88 60 47 -80 -73 81 0 18 54 -29 -54 73 -47 8 -56 -27 -30 67 -22 -63 -86 -66 17 38 55 1 -96 -4 0 -96 14 -7 3 -72 35 37 58 -20 69 99 16 81 -54 -65 -79 -39 25 31 -22 
33 40 95 -42 -34 -46 -26 -49 78 14 79 92 -51 46 84 90 -24 76 22 -93 -97 -68 -87 -58 5 -2 -26 96 53 74 -20 33 -30 12 -12 -34 57 -94 24 -88 -33 -13 -81 76 67 -80 32 42 -1 -14 -64 -98 40 50 23 8 87 -84 -42 -95 -72 -90 9 -95 48 31 -47 -13 -39 17 -16 75 -62 -64 -73 -87 3 30 -77 -14 69 -37 4 -89 -66 -26 61 13 -28 -83 80 3 37 -78 6 51 -32 -83 37 3 -79 62 -92 -30 -87 40 -88 -86 -89 
2 -43 60 -83 -35 -55 60 67 51 94 26 96 -12 25 -94 -10 2 -29 99 -48 -86 47 28 49 37 -53 -50 91 -12 -87 -72 -72 -7 -72 67 16 72 22 7 81 -47 -78 85 -36 -58 34 -57 -11 -55 2 -18 -45 73 74 -77 -77 -84 -66 27 60 -45 84 17 35 1 -67 63 -60 45 29 56 -32 -33 -19 -2 93 40 92 49 50 -58 -94 40 3 -9 -73 -95 60 -50 -14 74 -6 -36 10 -32 -67 31 85 3 -24 14 92 76 -41 -89 -21 46 -28 -72 
-94 74 -41 72 -11 -93 60 7 41 -64 -61 32 -95 96 -20 -76 -11 56 -45 -72 92 67 71 -86 20 -95 -77 -95 -14 22 -45 -96 -78 78 -75 -67 -79 -12 -21 -8 90 -49 -35 -44 -5 4 79 -94 51 35 -9 72 51 91 -85 -94 16 19 -34 27 13 98 -87 50 -29 -51 57 -54 23 -51 -34 89 -69 -36 -68 -53 -22 -92 23 -93 78 32 -56 26 8 -21 24 -12 81 -78 -9 9 43 8 -36 -23 54 60 32 74 37 63 38 70 -97 -84 -80 23 22 
20 -57 -68 20 70 8 55 71 -21 53 -8 34 65 -38 -58 -54 16 -26 -40 15 33 8 -29 -35 59 96 72 0 4 -9 -64 -78 21 -13 28 65 -59 73 -3 -54 30 51 -67 -73 32 74 -1 2 0 74 74 -62 -42 64 -89 -7 -19 81 -94 52 -7 25 -49 -1 -13 61 82 -53 70 -1 -97 89 68 -34 25 -26 -53 73 -32 -51 17 9 -90 -1 -30 77 -79 24 -43 57 6 -15 14 56 -11 39 38 15 18 13 -94 22 89 -92 -26 24 -89 69 -90 
45 24 57 45 -8 -87 -20 -35 -4 -38 -86 -88 -74 -20 -15 0 39 -37 -95 -66 57 69 23 -22 78 29 -57 60 63 62 -76 -7 -4 38 55 41 3 36 -61 36 -60 13 52 -98 -94 -35 42 98 27 41 -4 -51 1 31 69 -85 -97 47 1 54 43 -23 -45 73 -4 -19 -53 38 79 -92 1 98 -4 41 -5 -57 -43 91 -10 27 -82 -13 20 -53 47 54 -31 32 -89 -22 -45 -21 -90 -30 -34 22 27 -23 -62 50 -46 0 -7 -22 -62 41 -42 4 -84 
27 -7 -40 76 -72 68 -72 -97 18 -23 83 -58 78 64 -78 -9 94 -55 35 -14 86 -78 -29 -49 18 7 -98 1 98 -8 -48 -28 -94 -35 100 -42 16 54 -74 -19 -73 78 -26 84 -91 -59 -97 31 -48 67 -89 -7 -60 60 32 -93 -41 -89 -62 24 -75 34 -91 13 -75 -64 -75 -28 -3 -50 -11 -70 -35 -60 -90 -75 75 -92 32 68 10 31 78 9 67 5 96 -41 -90 -75 85 98 -74 80 -94 -50 68 13 47 48 30 -59 97 -43 -53 -91 78 -26 -77 
-14 -90 -45 -74 -15 17 1 6 -81 19 10 -69 7 26 -68 -77 -10 -48 73 61 -81 64 72 -24 75 -36 -23 44 -96 74 58 56 75 -68 66 -3 -80 32 -75 -33 -11 48 12 48 -3 81 78 -74 -82 57 80 3 96 88 -4 -31 -17 -58 -55 100 -95 -22 -6 7 -76 27 -56 -81 -56 -32 -1 -65 76 -74 74 -21 27 -92 -85 52 -42 10 -18 23 22 30 -85 17 -56 89 33 -28 99 -90 -13 16 -8 -14 85 -46 45 22 -50 9 -23 -57 -20 20 -64 
-36 51 -63 36 61 99 -40 -1 81 -92 -68 -32 97 -78 68 -40 30 47 -12 89 -98 70 -73 64 -39 -52 43 -31 -7 51 8 47 -86 -20 18 -50 22 -93 28 -96 -77 98 -60 -74 96 50 -59 -7 78 35 -14 10 -63 -69 19 20 22 12 -80 -51 21 49 -49 54 97 -39 78 -79 4 0 98 -39 30 -67 28 -53 -2 -29 59 -90 -40 -16 -89 -33 -62 -90 -63 48 -75 7 -19 -29 -63 78 29 -81 -6 -1 -25 -15 -70 84 -34 -30 -53 37 -49 14 80 
71 -47 -85 18 -8 -84 -62 4 54 45 -30 74 14 27 -19 62 90 -84 37 1 36 47 -16 94 96 -10 -85 -90 -79 -3 22 -98 43 5 -19 -54 -61 64 -22 83 -97 6 99 -49 -68 87 36 -68 21 75 -60 53 -29 75 24 -77 -92 11 85 43 69 -43 -8 -31 22 -83 80 92 -68 6 -1 -25 -77 -8 -83 -78 -34 3 -17 -90 96 17 -54 97 73 43 15 61 -4 44 96 49 42 42 -57 70 -71 -38 1 -46 -32 72 -46 -69 68 -42 35 24 -63 
86 67 34 -52 -11 -23 34 -37 -54 -26 92 1 -2 11 26 95 64 72 12 -81 -31 83 18 29 -88 -55 77 90 -73 82 -45 -22 -15 -3 20 -27 -77 -23 -58 11 96 24 -74 100 78 46 -24 -82 -34 -18 -2 99 -14 23 -68 95 -39 -66 55 -14 -5 -81 -27 -87 -29 -4 27 46 69 57 -75 42 27 -53 -98 -22 5 -90 43 44 65 87 23 85 -61 5 29 -11 -93 -19 -9 -12 90 -6 -36 10 52 6 -51 5 -23 -24 -6 51 1 33 26 -51 -83 
5 -15 -79 -17 -51 33 97 57 11 78 -65 -28 -22 21 -58 60 8 -9 -80 31 27 -67 20 -72 67 22 -63 -89 -63 -15 -65 -47 -52 -64 -96 -91 48 97 78 95 35 -12 4 -42 14 45 -79 13 26 -40 -8 62 -40 76 -34 -42 -72 -70 94 -19 -71 5 -59 97 100 -100 -76 -14 87 -66 4 77 93 -46 19 -6 -13 -58 -11 -22 -45 56 28 46 -62 32 37 -80 75 -47 10 14 56 75 -56 -82 -80 24 57 78 -83 -25 -18 37 -11 -76 -98 -90 97 
63 92 -78 69 -94 -98 60 10 23 -42 -91 -49 -71 39 95 -64 66 -86 76 -12 17 -72 -77 -80 -47 -35 -75 -83 36 82 57 -67 -68 5 46 -17 -86 -18 -51 -45 -59 96 -85 0 23 -24 36 -69 -28 -35 4 -15 -61 -24 13 39 92 -79 -34 68 18 -73 96 49 -73 -47 -23 -7 14 9 -13 58 -98 -43 33 2 21 -4 22 -58 -11 30 23 -60 -56 39 -4 -77 76 -81 -71 -20 -48 -34 95 -34 -28 85 -57 62 93 -76 -53 -30 62 -51 -94 -93 61 
-93 8 -75 68 -86 -23 61 -67 99 -79 -19 61 -35 -45 -2 11 -35 -10 -67 52 -76 -57 -42 98 72 -92 15 60 -31 -13 -48 89 63 -96 47 6 32 3 -46 19 -37 -42 -11 74 52 -57 -90 98 -10 -94 11 93 78 1 58 99 77 -47 93 39 -51 63 58 -63 35 81 2 -81 -46 -83 -11 46 -57 -62 -50 44 -85 89 -91 70 -6 -10 98 -82 64 64 38 42 63 -43 26 -59 0 7 -33 95 6 -5 68 42 60 -64 -45 25 -32 92 26 -73 55 
91 -28 -42 -79 -2 -2 17 -51 85 -13 4 -7 -19 -99 -24 -8 53 71 40 -35 -8 71 58 -64 -74 -46 -73 3 -51 56 -80 -1 -43 -36 71 -6 55 -26 32 10 0 8 90 -55 -15 -43 18 93 30 57 -38 -83 81 -47 18 -20 -36 95 80 99 33 -97 2 51 76 20 48 68 68 -7 69 46 -10 -15 -70 67 59 -89 -28 -11 -70 -94 62 12 33 -18 -64 -39 -99 18 -15 -4 -26 95 75 20 81 -58 -9 16 -99 0 75 -25 -15 98 -72 60 24 
42 -73 -82 88 -75 -79 -79 56 -30 68 73 27 71 -69 61 65 71 -13 -19 -53 79 56 -18 -32 -3 35 77 51 -59 -1 -98 94 -99 17 -65 32 2 -42 -59 -63 -8 61 -47 26 69 -16 -23 -76 -3 93 78 -28 9 10 -34 73 -59 -12 -86 33 -48 5 37 16 -9 -26 36 9 -95 -36 -51 67 96 61 -61 58 -46 -85 -34 -77 -21 -46 48 -68 77 -41 -26 -25 2 55 11 61 91 -54 -44 13 61 45 10 81 -27 -44 25 78 85 -83 93 -39 34 
-86 -34 -45 -67 73 -3 83 -80 84 -46 -90 35 53 -51 -29 63 37 -95 -43 70 41 -36 -67 28 73 -20 -35 21 0 63 -12 -21 84 -11 18 -78 23 -15 30 -53 97 43 20 -36 6 81 51 71 -7 28 3 36 -45 67 17 32 -17 -92 -74 -88 73 14 62 -5 70 85 -3 35 51 -29 48 13 -83 -51 -54 -10 96 -46 78 45 100 -22 93 80 -35 -89 -6 -74 94 87 -75 -28 18 -6 64 100 -68 37 8 -61 -61 -27 67 -62 5 8 83 -60 -36 
-98 94 44 92 -24 -28 58 49 -94 -26 -39 -93 45 78 -54 29 16 -3 -20 -63 60 -62 -24 -68 69 -98 -60 -86 -46 -2 7 -2 -44 -71 -52 18 -12 -65 -42 34 -24 54 -55 39 -53 70 90 44 -66 25 53 53 32 -1 76 -31 80 66 -11 -35 -25 -99 -20 -29 -93 -48 -76 -83 -62 -28 64 -30 -1 84 5 -63 -66 84 85 -49 81 90 57 54 82 -23 19 42 95 -46 -17 28 -63 40 -96 -82 -49 20 -82 76 99 45 -60 -24 99 9 5 -4 -77 
66 -27 86 -5 49 -9 41 55 47 -36 1 10 79 -40 -30 -12 38 -60 -35 -66 -94 -72 -11 -34 27 93 13 26 27 -79 40 -19 -100 81 -2 13 -92 96 -83 -64 83 -78 -63 -74 73 14 -20 -22 -81 -46 36 -75 -65 -85 -72 -36 -38 -67 33 -11 -91 41 43 -7 74 -10 -37 -41 -96 -30 19 56 -74 56 15 12 -71 44 -59 14 -85 53 -75 -61 -17 -23 89 -24 -15 87 -55 -71 12 49 16 -87 99 78 66 85 89 89 69 92 -85 62 27 5 36 
27 40 80 -44 95 93 44 -58 -37 -6 63 -31 -54 -22 52 -69 -52 36 -97 20 -13 68 64 -82 -97 -29 19 59 -68 -43 55 69 13 -81 -66 8 59 74 62 -48 -85 -49 57 -74 13 87 -71 7 -73 -63 11 -61 63 3 -58 -6 90 -65 -53 22 10 60 -62 46 -15 70 -14 -17 -66 61 -97 -9 -11 -59 88 -4 45 -87 38 -29 90 -99 81 70 28 70 36 55 -19 -9 -100 -89 -91 90 -85 -7 5 63 -11 0 -41 51 -44 -15 98 -82 -58 30 -62 
56 -52 37 45 -48 -48 55 -76 28 85 -86 4 79 -52 -24 -65 19 70 56 -81 76 -83 -35 91 -85 -7 29 -5 -4 0 -44 12 -33 -99 45 -86 -51 -47 22 -65 5 3 12 45 38 69 -54 70 87 -76 -69 -98 -93 4 6 -30 -62 39 25 78 44 -100 -90 76 -72 -100 91 37 48 67 -52 32 -37 93 55 9 -36 -37 96 -94 38 -94 -48 53 81 -82 -26 22 -27 -33 -23 -22 -37 46 -21 -36 4 -31 -40 97 91 94 12 -4 -90 -52 20 31 -85 
12 -59 -49 -44 27 81 -64 -57 -94 -99 96 61 -59 66 20 -22 27 15 -15 -95 -56 -52 -100 28 53 -45 -31 84 -73 1 66 -60 -29 -86 -34 21 15 -92 -74 100 -87 -24 37 88 89 -83 -27 7 -14 -33 -55 -45 -78 38 27 -81 13 30 29 76 -48 13 76 -49 -38 21 -56 -32 61 68 -7 -54 24 19 13 34 -21 56 16 99 -41 -70 42 99 47 -41 73 3 63 -38 86 -76 -8 43 -90 -25 -89 21 10 76 -27 97 -7 34 -69 -66 -44 69 -26 
100 -52 46 40 -41 22 -40 -4 -92 72 -90 -26 -55 67 60 21 -92 -21 96 72 -1 -40 -54 88 -33 45 -17 82 55 -83 38 87 -3 -84 -85 -6 -46 -83 -81 -88 46 -33 41 -8 -53 10 -97 1 60 -97 -83 -100 5 83 68 90 -37 73 28 38 -82 91 -1 61 49 -76 58 33 -41 -7 10 -16 -40 46 30 19 5 1 -28 -52 -55 -67 -18 -36 -67 -94 -78 94 -21 77 -34 71 87 -14 -3 60 -80 76 -19 82 -21 20 45 17 6 -68 -17 35 25 
-78 -48 -33 67 32 54 -46 -78 -62 25 82 -87 -29 -16 -71 36 84 -21 28 -54 42 2 -81 22 -37 -32 9 58 45 -50 2 80 89 59 27 46 17 0 84 46 -75 -97 2 30 -52 35 -76 -44 -10 71 59 68 60 17 64 -10 -2 80 14 90 -91 19 56 -45 -55 69 98 -69 89 -54 -70 68 -43 -36 -79 -33 -39 97 -53 -35 -37 71 36 68 60 97 -89 62 -19 -60 -41 20 90 -61 -10 38 -85 -47 80 -76 -2 29 -76 99 -7 -50 95 -30 93 
34 7 -31 -8 -36 32 -64 -84 -99 -60 -82 61 44 49 32 66 27 67 -32 -60 69 1 -61 -94 16 77 10 80 26 85 15 73 38 -5 10 -95 12 29 -16 46 -32 16 11 36 -30 80 60 89 0 -74 69 -68 99 98 27 -4 83 4 -7 -62 -32 48 -48 -51 18 -81 44 30 -6 47 -13 -96 -80 -58 70 4 15 34 -100 79 79 -77 99 22 -87 16 -61 -47 0 -56 -8 -48 23 -27 -1 50 -28 -28 61 -33 -59 95 27 48 -47 -8 4 16 87 
-65 38 54 35 6 77 100 21 98 -37 66 77 14 21 -85 67 35 -47 -4 -38 -90 36 -66 18 79 66 -11 -20 14 2 -95 38 88 -98 -6 -51 -72 34 -70 -60 -12 -17 -7 -32 15 48 84 -52 -5 -54 17 15 24 -79 21 -14 39 15 -87 -30 20 11 -63 -84 -77 -71 -61 -36 -94 -66 38 -83 82 -82 -62 -59 -76 33 -58 20 82 75 -99 82 -90 70 -1 30 -74 86 49 33 -88 74 77 42 37 -89 -68 98 50 -26 -28 11 74 92 -92 0 90 
-83 68 -98 4 20 -88 -82 -55 98 63 -92 -73 91 33 1 -25 -57 -76 62 18 100 -67 57 94 51 -49 -84 -29 18 69 -85 -45 -29 -94 49 46 -4 -68 75 -39 -17 63 -34 72 -30 -4 -37 -83 -47 -20 26 -18 -5 -23 -46 -46 55 71 -81 96 -23 36 27 -10 -59 -40 78 -96 -67 -73 -38 -93 47 -76 23 32 -77 -14 85 73 -82 63 -8 -97 -5 -83 -22 -18 46 -45 35 -54 7 63 -64 -94 -90 75 64 49 -56 34 18 82 -19 58 -27 -33 14 
7 90 -95 -61 62 53 -75 -30 -97 -78 97 83 -80 65 -85 -20 -35 33 21 -94 -17 -98 73 24 -85 -42 -12 44 2 -35 -54 -23 7 -26 -28 -13 -97 90 -59 -99 40 -99 59 -2 23 10 -2 -5 -56 54 6 65 -81 -82 76 77 -44 26 71 -38 -33 -12 -73 4 69 81 -64 -5 -61 -47 -96 -46 -62 47 29 31 -76 -16 69 64 94 -74 46 57 23 7 33 89 -94 -81 -33 53 49 86 -41 -19 -90 57 43 74 46 68 -61 2 -55 73 -81 93 -58 
40 94 -45 -95 51 -86 -45 62 23 89 70 67 79 42 93 -50 -17 -63 -1 -17 74 46 -9 59 3 100 -58 20 34 -33 -99 70 49 13 -18 57 63 76 -28 6 94 0 -11 -12 40 40 -83 75 93 92 -28 28 -69 92 75 -37 93 -73 61 26 -2 -82 43 -72 35 -92 -1 -96 -70 -55 88 -83 -19 46 83 100 6 64 59 -78 -79 -81 -23 37 -32 -90 21 12 -52 97 -61 80 50 -79 0 -15 23 38 -55 55 39 73 49 32 -77 -12 59 -100 -16 
-16 -35 -87 69 -50 46 -89 10 -41 -69 58 -23 66 -38 -29 -65 83 -35 -90 -67 -87 -52 37 8 97 -98 -84 -26 45 -81 -13 37 -42 17 -44 23 15 92 36 -75 -79 -37 64 4 64 -92 28 -36 89 66 -51 -10 85 14 -93 -5 59 -95 66 -87 -78 81 89 99 45 15 -50 95 -64 22 -57 -83 -81 100 -30 -20 40 -39 51 -42 -68 73 76 -19 -22 -15 10 29 98 -78 75 69 11 -36 43 61 19 -32 36 -50 -19 95 46 27 -84 -75 98 -39 -61 
-70 7 -31 61 -27 19 -21 -68 -60 -92 33 -53 90 -53 100 -75 77 -27 23 33 6 16 35 -24 -84 63 65 98 94 -99 18 -9 4 -64 -76 -27 -22 21 67 -60 -50 -65 -17 17 -25 -16 87 -29 -26 -87 52 -14 89 35 47 -7 19 4 7 80 81 67 7 -66 -79 -92 56 43 42 -37 17 -6 33 -98 -8 -23 -47 -41 4 4 -47 -21 -77 81 -13 82 -9 50 -63 6 29 -49 88 50 -9 -57 -96 -96 -95 -11 63 -25 -69 30 -37 -65 -57 27 23 
-84 78 -35 85 -13 56 -9 -29 -7 -4 -33 -31 31 87 0 -69 -38 -43 -2 -25 47 3 -21 -95 14 36 -21 -20 -33 -8 -86 42 -37 30 6 -82 27 86 -34 -88 -18 -43 -97 31 5 -52 9 -70 7 79 53 82 46 37 -38 100 -73 -72 -36 53 -96 66 -9 -45 84 -33 91 80 72 -15 -47 39 69 39 -10 -13 -78 73 -3 -19 95 48 -4 53 -99 81 -99 3 -70 -8 -39 -14 -40 -13 -31 91 -56 50 40 51 -58 -32 -55 64 -11 -97 -100 -54 -51 
-22 78 74 23 -19 -87 -84 79 24 -62 3 -27 -47 98 -55 44 43 -92 95 -32 -95 -51 22 24 -13 51 10 98 -96 62 66 -66 -27 7 -37 -68 0 -7 -55 19 61 -66 23 -29 56 -33 66 33 79 67 -11 -86 -27 52 45 -30 72 47 -85 -95 -95 5 68 16 12 -94 62 -76 -60 78 16 -60 -83 71 -26 -79 -16 -62 -24 -3 82 69 15 -42 40 55 99 60 -39 -6 80 -89 5 5 -16 -5 -78 75 -7 59 32 12 46 75 -50 -40 -38 -15 -49 
-29 63 50 -54 41 -99 88 16 -32 -94 -45 19 86 -67 -36 98 65 96 53 -42 67 -20 6 -90 -59 93 -70 37 18 26 58 -16 29 -1 -94 33 23 70 -99 -59 -40 74 -46 -1 67 17 -26 -63 83 -46 -24 69 70 -76 -11 -4 96 33 55 75 52 -99 -46 22 -96 -36 23 -59 -69 9 -39 38 54 15 -12 -6 80 -83 48 -15 65 4 -67 93 45 -72 24 53 87 -97 -83 -74 55 -46 -70 67 35 -27 81 -5 -86 90 -84 45 -5 -41 73 -68 30 
-80 80 -42 78 28 17 -76 10 -83 99 -27 83 69 -58 -18 67 90 17 47 30 97 13 86 -2 -97 10 40 -76 -51 57 -96 85 -31 -37 18 37 -50 17 6 -56 40 -93 -67 94 -96 12 -92 -4 34 94 75 -53 -50 -29 -30 27 -17 -78 -44 10 -50 58 95 85 39 -41 9 -9 14 -24 -21 39 -24 -34 80 47 58 70 62 -99 -9 32 27 23 15 85 90 -1 52 95 24 32 -25 -85 -59 -57 17 84 -72 38 -43 75 80 56 25 36 36 57 67 
-52 3 -64 -79 62 16 -98 81 13 -65 91 -43 -22 -82 40 11 -28 -55 -47 52 -98 61 44 -82 37 77 36 -6 -22 -64 -51 -34 -14 65 59 46 -79 32 24 -81 -16 83 -23 -78 -20 -81 -98 50 -83 -37 -10 -97 -50 32 36 -4 80 -36 30 74 19 39 -79 -50 82 16 -3 73 -72 24 56 -18 -68 -71 -3 48 27 -10 -21 37 -84 -47 -85 -35 96 75 -49 -69 -76 98 -86 -89 95 54 4 13 -19 -55 82 94 -78 -92 40 27 -30 100 -90 -32 -78 
13 93 74 4 91 -74 -62 40 34 10 44 -45 -75 -22 70 -50 -93 76 53 -52 79 -62 68 -53 -85 77 18 9 49 92 62 -79 -12 16 -78 52 -49 -37 20 13 14 -54 -58 -12 -82 54 -13 -70 75 55 -41 78 66 -57 -93 -58 -47 -74 -92 -38 91 29 -75 -41 -100 9 -24 13 58 -49 7 -57 64 13 43 -11 -51 -83 -82 65 -61 12 -96 33 61 -14 -41 77 -78 49 -60 -45 63 -94 85 39 42 80 89 -66 -59 14 -95 81 26 85 5 99 -84 
29 83 47 -70 -91 -28 82 -91 54 92 93 -7 63 34 -47 -20 -14 30 -29 0 -15 100 -55 79 59 -97 1 53 -2 -71 60 -37 -7 -63 -39 33 48 39 4 -61 15 69 38 -69 37 -8 -91 75 -23 94 -72 -90 -94 84 -34 24 91 -99 -4 -10 -10 73 -49 -51 -88 -92 4 -84 51 46 -2 -96 30 91 -83 88 -95 90 -21 54 -47 89 49 19 75 -5 -57 33 48 63 61 39 -93 23 73 14 58 -96 43 -92 56 70 -92 32 -98 60 27 87 -84 
30 41 18 -43 96 7 60 9 82 -95 80 11 -37 -39 -80 81 44 -63 -8 82 -71 32 68 -59 86 56 70 -78 -83 -100 -18 48 -57 -97 91 62 -36 -71 95 -92 43 -62 56 -7 14 -57 28 -32 -73 -37 18 57 -70 -90 -97 61 81 84 43 -63 -38 -99 -46 -37 98 9 -52 3 12 78 -92 13 9 92 -79 40 34 -68 32 -1 69 -74 38 -55 93 56 -42 -43 -95 54 -90 -86 -69 73 -17 35 40 -82 -78 -72 -70 -65 37 -92 71 51 -60 -74 -6 
-83 18 -42 96 -92 -39 -7 79 -25 20 47 31 -78 -28 -6 66 -76 -98 -95 21 0 -99 -83 93 -98 -72 -92 -31 -66 -45 -47 63 -23 78 -96 -28 -91 -39 22 -97 -58 -93 73 -63 4 -14 22 40 91 91 9 -60 -49 99 -31 -24 92 46 23 -6 -38 58 -12 -78 91 -14 -17 -95 -99 23 -18 60 -17 37 -69 -34 -87 83 23 -77 -33 -13 -57 -85 -84 22 56 26 93 13 8 40 6 1 -84 -13 -5 35 81 -19 5 -60 99 -23 -50 50 -34 -50 -96 
-63 -87 -42 21 96 47 90 40 64 -54 -14 35 -69 60 -33 94 -10 30 41 16 -10 -40 98 94 6 -10 -18 -1 -12 43 -97 32 90 97 -31 80 11 -77 50 -76 -9 -51 -76 11 7 23 79 -41 34 -24 -73 -44 -84 3 28 -68 1 80 -56 -51 19 82 -59 61 -76 -6 -17 -9 -12 26 -64 65 -50 -82 24 -95 -5 54 44 97 -83 -58 -87 3 76 20 32 41 -19 -30 18 55 4 72 66 99 0 -28 -7 20 -67 33 -27 -69 -72 -16 16 85 -52 
48 92 -51 -19 60 -5 94 -64 -26 -100 -12 62 69 -76 -50 -63 -96 25 28 81 -6 74 3 80 93 72 -53 79 47 33 37 87 22 53 13 -74 34 38 -53 -92 -30 45 18 -7 -30 -21 62 -43 25 -63 -46 -76 68 -11 -100 -50 1 15 -97 -50 -4 1 31 73 8 -84 71 31 44 -43 -37 -58 63 -83 96 -2 -52 59 96 33 -45 98 13 74 -74 56 56 38 -51 74 13 -71 -17 49 -34 6 52 37 90 -72 28 -74 23 -46 71 -19 97 -68 -53 
-42 35 31 46 83 -10 -53 -3 -99 45 -15 -37 35 65 42 -69 66 -52 77 -75 61 -96 -41 -21 78 -83 -93 65 -41 59 20 82 3 17 100 -63 58 -9 88 56 -24 37 30 51 74 -41 15 47 -81 -47 32 41 -1 -93 85 -25 89 -68 83 -32 -69 80 61 96 32 23 -61 -99 -81 -58 60 -28 100 0 41 45 -12 46 43 -89 -80 66 4 36 67 -19 66 81 -48 -60 -11 70 64 31 -43 -80 44 45 -65 2 -10 78 58 81 79 -36 -67 12 -26 
43 -25 -17 -1 -38 5 -49 21 -21 -93 -29 85 23 28 2 -17 -44 14 43 22 63 -76 74 -40 -95 -45 -92 99 25 -34 47 -39 -96 -5 -30 34 -92 81 33 -28 6 22 83 22 89 93 -59 85 50 -89 -22 -39 0 36 28 14 22 -25 -30 -12 -91 62 84 91 27 80 74 40 10 29 28 83 -51 6 -10 -59 17 14 -38 -64 61 52 -51 26 40 2 -80 19 49 90 -90 57 -70 -71 -100 -92 -49 49 -55 -3 23 75 -44 -4 96 -17 51 40 -94 
-45 65 -89 79 -31 -83 17 -77 2 -95 42 11 -50 -22 -92 -38 -9 -17 -6 -6 -57 -36 59 -81 -76 -74 -48 15 -38 85 -27 -52 42 -85 -74 50 -21 77 59 -95 25 44 -25 -48 -54 -4 77 -64 16 86 9 -59 -9 86 85 -85 -92 -85 -69 73 12 -88 4 -53 -8 0 -100 -34 -74 -56 -48 39 9 -5 99 -20 -10 -96 -67 -76 62 97 77 62 56 -99 60 95 -39 -92 -64 55 -96 41 -79 20 -11 -4 70 93 -71 -32 0 -81 -90 -26 48 52 79 
5 -77 -11 -27 -45 -15 -71 25 74 89 -95 41 52 -99 -68 16 96 -47 -49 -54 -47 25 -87 75 74 -59 -85 -60 86 -88 42 -12 31 -83 -41 -64 30 -28 -26 23 -66 -79 -1 86 48 -8 26 54 3 59 -85 70 -99 -93 69 6 -12 64 -4 -68 17 45 -54 97 9 -100 -8 83 81 -70 -66 70 5 61 88 -42 82 79 66 -8 30 20 3 61 7 -73 6 58 -3 -83 -99 83 23 55 25 -24 -40 -86 48 -32 -7 -55 96 -84 80 46 2 -25 91 
2 11 28 55 50 28 -36 -91 28 81 -59 28 70 -87 -34 59 -94 -79 81 84 -4 -47 33 -100 3 -30 -30 -16 -81 10 80 -55 15 95 46 -37 6 30 -90 -37 -8 10 27 71 -99 -89 -71 -48 4 -21 89 26 -31 24 -59 73 85 74 -53 -6 70 -11 -6 43 -37 -7 10 -35 25 3 -100 51 86 -16 16 72 -59 -63 -93 88 -72 -20 -50 -3 81 -64 62 -11 -73 86 19 -68 64 11 71 -38 39 21 -93 40 -42 81 -10 -98 -17 28 -29 64 -46 
-64 -42 16 16 -14 38 -94 -14 -49 13 -14 71 -42 86 18 -9 -72 69 12 83 -14 25 -99 75 39 -43 46 -5 -30 36 25 -97 -41 94 -21 86 92 -2 -92 82 84 9 -65 -32 -84 42 -44 -91 -78 28 -90 56 -62 -28 91 70 57 78 -49 -22 67 -46 68 29 -48 -44 69 -92 91 -42 9 94 81 72 -8 93 92 61 22 52 4 -27 55 98 71 89 96 44 2 -72 9 82 -79 -66 58 95 -58 99 -11 76 48 -65 83 54 -7 83 32 -48 6 
92 32 -74 31 16 62 72 -43 -1 -16 -70 -39 99 62 -63 23 -86 -82 -2 62 -32 -94 59 36 53 -41 -15 -93 -89 56 91 -53 -94 71 -61 65 -73 56 -8 57 -45 -70 -52 -93 -11 -93 -58 -79 22 7 2 -19 -20 11 21 -67 1 61 -24 67 33 -72 65 81 -35 98 0 -93 73 -72 -25 43 -79 -58 -49 56 5 -40 69 -26 -21 -66 -68 -27 -96 -47 -37 -79 -89 -39 14 -49 15 40 99 52 34 -47 2 -24 58 -54 91 50 94 87 -99 -44 -8 
88 -72 30 -92 -4 -57 -21 -7 0 82 11 -72 51 -96 -91 49 50 -44 -60 67 61 44 -53 -19 75 -74 -42 72 68 44 -18 -27 49 -38 36 -65 11 -1 -86 -40 -35 -95 -40 -64 -35 -46 89 0 -100 -92 96 -98 -84 -34 -54 68 -95 56 -22 -92 -51 -99 -8 64 -36 -70 25 85 -90 -26 80 -34 5 91 67 36 -26 -62 -92 -97 72 -95 -34 52 72 83 64 41 94 68 -68 15 -15 -83 50 -44 29 -67 -16 -24 35 71 49 -52 -7 -52 -38 -68 42 
-25 -46 78 -55 -7 25 -30 18 -73 -96 29 9 1 -12 90 -17 -71 63 16 -82 -21 50 -84 92 -99 70 45 60 -65 71 -85 -69 47 2 78 14 -1 34 67 -49 96 -37 -34 39 -9 32 -97 -8 82 28 5 -21 32 -17 93 4 -5 98 -9 -42 -27 -78 57 -64 -29 -44 77 -45 -57 -9 -9 -9 51 97 -27 52 -84 0 -87 12 19 0 20 63 -38 27 1 39 -38 -68 -65 -54 -30 41 45 20 16 -17 30 -58 -22 41 13 37 22 -39 -65 -25 67 
-53 81 -24 22 60 -3 -49 -85 84 41 -88 31 -60 85 -4 -8 -28 -13 -37 68 47 72 72 -39 -99 81 -81 77 -4 -43 24 54 75 -88 -34 -25 62 -56 15 100 35 -13 -21 -92 -19 75 66 -26 38 -43 -22 -54 -1 -9 84 91 52 -32 -58 -24 79 63 -59 -7 42 63 41 77 30 -19 -76 27 -74 70 -99 -58 67 -38 -97 25 -7 98 -18 -77 -87 -12 42 -70 51 0 -26 -46 -80 84 -47 -19 -8 6 -5 70 -19 -93 -66 83 95 -47 96 68 -65 
-100 65 34 -1 -25 32 -25 75 17 57 -45 52 72 -27 84 -12 26 72 96 -88 69 -5 33 0 34 27 94 13 4 18 -44 42 -21 -96 -28 -3 45 25 -93 23 3 77 -21 -97 91 -33 -32 -85 88 -36 -61 49 -12 84 35 -13 -65 -74 26 -78 -42 17 100 -26 -3 -12 -67 -95 55 6 51 90 -100 62 99 7 69 -36 69 -17 55 82 -47 16 -28 -41 -63 -93 24 -32 -66 -11 -55 36 -62 -63 9 79 24 64 24 91 34 -7 71 28 26 -10 -69 
67 -53 51 -15 -10 25 10 -10 -63 32 25 39 0 -69 -59 42 -27 81 -2 93 35 -46 -2 -53 49 -24 -24 4 -18 -10 0 77 -30 12 100 -61 -81 -27 -44 -86 -25 10 22 0 -21 27 86 39 45 71 22 -1 98 62 42 32 -50 59 -43 59 18 20 -83 -96 16 -31 -74 -18 58 -81 26 -8 32 -26 57 98 100 16 -95 -55 11 38 -2 22 -73 97 65 -37 -80 13 -82 48 54 -50 -30 49 23 -29 6 46 24 38 -22 22 -11 31 -83 -73 72 
98 80 -3 96 52 -32 -8 -20 35 -83 -6 14 -60 -42 -60 -12 -43 41 -27 -22 -63 95 -50 77 -56 -34 -45 17 -83 -96 -35 83 -4 -58 -1 -74 5 -5 -97 44 54 33 15 -59 99 31 -90 40 -32 11 -82 -45 -94 8 96 -99 -39 -66 51 -12 80 59 48 -95 58 -40 -66 -88 4 71 57 54 -60 88 -97 65 63 -1 -47 60 2 51 74 -62 69 91 9 44 73 -38 15 -8 10 72 -22 83 47 50 5 -49 -64 -66 32 18 3 -21 54 3 21 
-21 96 76 -20 -3 -62 -72 -72 -42 57 60 -94 8 32 -97 100 45 47 22 21 -38 74 -86 96 69 86 82 73 53 75 -1 -29 97 76 -43 24 22 66 -92 92 -22 -76 65 -45 7 -14 38 53 72 79 -40 60 -41 5 63 -15 52 -27 93 -41 2 84 96 -33 82 14 -32 -37 -99 -56 -69 98 -67 -51 -44 70 -1 -71 76 10 -78 85 -64 -85 -41 54 50 74 96 98 -46 -15 67 -44 32 16 20 -42 -63 -7 -85 -45 66 -42 -91 -25 29 53 79 
79 12 -68 12 4 87 72 15 94 96 39 92 83 -9 -59 3 29 41 20 60 -34 -37 -14 47 -22 -69 -51 76 -88 62 -32 22 70 -18 -5 -47 41 96 -79 72 -43 98 -93 -69 -86 90 -43 52 -93 -81 70 14 -34 92 98 -38 -35 -21 17 -8 -33 55 -5 -79 -69 -90 -49 54 89 26 -96 57 -48 -78 -20 97 -23 54 -51 83 20 97 -69 -38 -99 76 -17 -99 -82 4 -79 -6 80 -69 55 -32 75 30 93 1 66 96 15 39 99 -25 55 -32 38 
46 33 78 89 34 43 -91 -53 6 -40 89 82 19 4 73 -74 -5 34 31 49 -13 85 -75 -29 40 -34 -23 41 99 42 -46 80 -72 6 1 37 64 45 40 -72 28 -23 52 -67 -96 95 23 -22 45 -21 82 -89 4 -97 26 -94 16 78 -8 -26 -90 74 -60 -54 52 13 0 66 62 74 -71 95 78 -73 20 -95 66 36 -66 -10 -99 27 -80 14 37 41 -51 -28 -4 -86 76 7 -90 -6 56 17 -16 -91 -4 -30 13 41 47 -53 53 -24 -24 38 -80 
0 56 -24 -3 74 96 -46 85 -88 -54 -21 -92 12 -89 26 81 62 -34 -97 93 21 61 -30 -94 74 68 -15 -46 -30 87 -81 39 26 -50 -76 9 -83 28 99 -56 38 33 32 -2 35 46 -97 100 76 24 -19 -77 50 -30 87 73 -60 36 -12 13 -74 39 -36 -26 -9 -72 -47 71 -55 77 -93 -27 -82 11 21 -92 81 71 -87 -44 -97 54 27 -85 -80 57 -22 57 -11 24 -24 -18 -10 0 -85 -16 -91 10 95 -26 40 -96 48 40 92 -29 -95 19 -23 
2 -27 82 52 -56 59 77 -17 -17 -30 27 -29 41 62 -75 -71 -57 48 -54 17 -26 -21 -1 33 -58 94 -64 -20 30 -62 -47 100 66 -92 -35 -25 -81 -28 -60 100 -37 2 -81 -77 -47 -37 12 47 36 38 73 77 -8 47 31 -20 -48 72 -76 68 13 -17 54 8 -63 -61 -100 27 -83 -78 -14 -20 11 -40 -74 44 -56 28 56 73 48 29 5 -29 -15 -95 -42 -25 33 -53 -97 -27 -77 81 12 93 40 -63 -87 -86 -40 74 -13 69 77 -14 10 20 82 
-98 72 -10 80 83 -31 22 -78 14 -90 -51 83 100 -100 44 91 -95 -20 -71 -65 12 -29 23 17 -25 -28 -29 -81 14 67 -51 -19 71 -32 -79 -4 -94 3 42 -59 21 68 93 -2 -15 -14 -94 30 -31 79 -85 34 2 -31 61 7 59 18 23 -86 81 -38 15 -23 93 -46 13 -9 -81 53 10 -31 19 19 75 -17 49 18 -66 7 9 87 -2 -6 62 -48 -31 -38 -81 2 67 -6 26 71 6 88 -56 -7 -26 -95 -90 34 -64 -53 14 43 82 94 -29 
53 -39 -21 39 -68 -12 -11 -52 -86 -3 18 -39 87 -42 31 9 39 -8 89 -25 62 -39 -77 -35 -90 48 -29 2 29 49 96 4 87 30 91 70 61 19 -85 -2 -73 -99 -42 80 -33 -16 -60 -38 -7 33 -24 -85 -44 26 73 -58 51 58 34 -90 -73 19 -1 8 -81 -22 29 98 54 89 17 59 -47 57 3 -93 -49 61 93 -35 -77 58 -4 -10 -36 -97 -42 -24 -16 68 69 -96 -62 89 -37 62 94 1 59 18 33 -4 -46 13 -12 35 40 95 -10 
-62 35 5 75 73 61 39 19 -95 41 69 -51 47 72 -45 -74 -19 83 85 54 69 -47 -6 -45 63 33 -49 83 -50 100 61 -44 -51 -79 10 52 79 -25 -1 26 -30 -44 -95 35 -66 98 -81 33 -37 32 31 89 56 50 -37 97 48 -67 89 97 -69 33 68 20 -54 57 -88 -73 -14 -44 31 29 60 -74 -72 14 -10 50 27 -46 -71 49 -13 -63 84 -90 -55 29 -56 0 40 33 -57 18 78 66 40 45 -61 -23 26 -35 -82 -64 -96 -38 -86 -28 -51 
-54 -3 -80 -16 -78 -46 32 21 9 -19 81 -72 21 -31 -51 97 31 78 -88 -12 61 -15 11 -94 77 -43 -9 64 -40 12 26 -65 -37 -55 46 98 26 25 98 -55 13 33 49 -16 34 16 -40 56 -58 -20 20 15 -90 -92 -69 84 13 -33 -93 18 -17 -50 -62 -72 78 75 -29 51 -47 -10 0 75 46 -90 87 26 -38 -63 56 -20 27 7 -43 43 -21 -43 89 -95 -36 42 92 -15 -6 -11 77 79 -86 -43 83 53 -11 -89 -7 42 5 9 94 53 -26 
-71 13 70 49 36 48 -95 -87 -76 12 -22 23 25 -14 68 -31 -57 61 -61 -90 5 -29 -88 95 -50 -90 -97 46 -29 -62 55 -65 -87 29 40 -87 -67 28 22 -69 84 -12 69 10 -24 42 16 65 -40 -43 96 77 -25 -77 13 -76 72 -31 -14 21 14 76 41 19 -55 -54 -49 -13 5 -59 -57 35 -4 -81 59 -88 54 73 -61 -89 6 -33 49 18 -88 -57 49 -89 -92 3 -37 -51 -69 98 -76 66 57 93 -30 -7 26 -64 -75 -12 54 -76 95 -45 -100 
80 -36 21 -35 -99 -42 70 -16 61 76 -28 -6 21 81 -68 -43 35 34 -89 52 18 -17 21 -56 -50 66 -54 97 68 94 -6 -17 59 -51 -45 98 -90 -13 29 96 -75 4 -60 15 36 -100 -56 3 -64 -32 97 41 -4 93 -96 -38 -96 10 -39 -40 -62 -10 93 -57 35 -95 19 -95 91 99 2 54 -74 -83 72 64 23 -47 -21 11 48 -56 4 38 -24 -88 -70 33 -21 90 76 47 -51 -64 61 -47 -28 55 69 -92 -45 -33 3 -45 -90 -66 18 31 98 
0 17 -67 -75 27 -19 82 42 4 2 52 99 64 -52 33 44 45 -62 74 -90 -94 76 30 -25 -65 -32 75 -34 -57 78 91 -81 -96 98 17 44 6 27 -19 -24 -44 -16 99 53 96 28 47 17 42 34 27 -64 24 79 -5 -67 -21 -87 29 -94 -23 18 69 -75 -24 67 23 -14 55 30 82 -69 99 59 28 -78 95 -61 85 -58 -47 60 -33 -79 -1 -71 -19 6 -75 67 44 -74 -37 -74 -37 75 58 -79 -49 -13 83 14 99 -98 75 -37 17 -55 76 
32 36 77 -95 -74 13 96 24 -79 37 2 -18 90 -62 -50 -81 17 45 89 -8 -13 -53 1 -71 -73 86 -85 89 29 -1 29 41 -62 -33 99 10 -26 -16 47 -76 -76 -97 -70 -39 74 -79 4 66 -17 -92 40 84 89 -39 -78 -61 -96 -92 -47 7 -92 67 -34 -61 -60 100 -57 10 -81 -5 45 74 48 52 76 -30 26 -99 87 -62 -99 -47 -11 -66 -47 -54 -11 85 58 -95 62 48 13 58 -13 82 48 47 -29 -87 -54 57 -1 -61 53 71 51 94 81 
51 5 67 80 -83 79 -70 -88 3 -70 -29 47 -42 87 13 -79 1 15 92 -60 -98 63 86 -52 32 32 47 0 76 59 -55 -49 2 14 -48 6 -11 -86 -100 -23 -81 47 -8 -13 95 36 13 55 11 17 -36 14 32 69 -19 -82 98 49 31 51 -86 88 -40 51 32 -29 14 -13 -24 -90 -80 -31 1 45 56 -83 58 -17 -66 -69 -70 -6 10 -11 23 -17 -67 -100 -34 -87 -48 -6 49 -48 55 64 -69 40 -69 1 96 15 49 22 95 -7 -30 21 -3 
40 -1 -71 -30 -17 50 -16 24 -40 -70 30 9 -81 -52 26 -24 73 80 -72 18 64 -44 -71 -27 10 3 40 65 -13 54 53 33 69 66 28 -87 -16 -51 -56 9 60 7 -68 93 -73 64 17 27 -89 40 23 -71 -59 -27 -48 -83 -67 -86 79 -52 -63 93 15 100 70 26 -39 -2 56 61 -70 22 45 -34 70 -36 88 -6 25 -36 -68 57 16 65 63 -24 -22 3 25 -70 -25 21 -39 -18 96 -59 -49 39 50 -79 -13 44 -27 -7 -100 67 -60 -52 -19 
25 90 93 -24 -2 11 -100 3 -8 86 -80 52 -15 60 -58 52 -33 0 57 80 10 -58 76 81 0 81 -56 48 91 -74 -3 -52 -71 33 79 4 51 -86 -46 80 79 97 -7 -99 32 -38 -94 -47 -49 100 92 -87 15 40 -99 25 34 13 -37 -59 -67 49 52 -9 57 -14 33 -92 -93 99 -16 7 64 -83 -34 -47 86 -51 76 -93 -75 -30 20 11 -88 -78 -75 61 79 -36 13 10 -86 -89 -96 48 -61 -28 -7 -1 -47 27 20 -21 -45 4 -7 75 -83 
11 72 -42 -47 99 -65 -72 0 -85 -37 4 99 52 -39 73 14 -89 20 -48 -70 20 33 44 12 -17 -59 -65 97 -50 -87 -10 -18 72 46 30 -27 33 79 -13 61 55 -46 2 56 74 -51 -43 38 87 12 20 -36 23 6 41 87 -35 -13 -35 -54 49 -81 73 27 52 5 -91 72 92 68 -19 -41 -58 22 94 4 66 -74 86 -61 -76 -18 -47 -47 42 -72 52 -79 26 2 -10 48 -76 14 68 95 -37 -77 57 -45 -76 -80 -38 -31 5 -48 71 -7 81 
79 21 93 -39 2 -60 45 99 -5 -95 -97 83 30 32 25 94 16 -21 -97 -7 -43 -83 6 -16 -14 -97 4 33 7 -84 -42 70 16 -75 -43 -54 69 63 -28 2 73 -84 77 20 28 -79 67 -11 -62 -6 73 -28 -11 65 33 36 -99 -56 -68 -70 -95 -33 -84 -75 58 -73 -5 -58 -49 -55 71 -14 -7 80 -91 -87 -12 -26 91 18 33 -86 -74 93 -63 36 -99 45 -28 72 40 96 -69 -56 92 88 79 -41 93 -60 57 76 -73 -34 -37 73 -83 -100 -20 
-78 -58 31 0 35 -66 2 35 59 69 -5 -76 -31 -71 9 -28 5 2 -93 51 96 -37 12 39 -95 -48 5 25 -67 41 -32 -5 -42 -75 -74 -90 -28 51 95 72 -80 93 -72 76 16 22 4 74 -81 82 73 46 61 -76 -76 -72 -24 -69 -93 -64 5 75 -66 -88 -69 -33 -34 -100 -12 67 -66 22 20 36 75 -16 -56 -15 43 77 -40 -43 96 32 -2 -4 -1 -44 73 100 68 100 -2 -92 53 21 12 -87 -77 -25 74 -79 73 -32 -82 -37 -98 -36 -3 
-76 28 -25 27 8 -97 -66 49 20 -22 94 -95 0 100 -86 67 -33 11 -38 52 62 -3 85 15 -14 52 62 -30 -26 -47 -24 52 97 -84 -98 -74 -17 -49 38 -10 62 -70 -12 25 -39 -88 23 -87 -46 95 26 -30 21 -99 7 82 39 44 -4 -43 -81 48 -12 37 -20 -78 -58 -13 -44 32 57 45 -23 -27 -80 -50 -94 -71 -20 100 -88 -97 17 -71 -38 -71 58 -63 -79 32 -53 -3 22 -14 -89 67 28 -30 -37 36 83 9 92 -60 -93 32 -99 -58 -65 
-7 -30 -64 -82 -71 79 40 -9 -62 -43 -21 -60 83 85 5 -33 -91 56 71 23 34 -26 -47 -7 48 55 43 -7 -41 39 -63 90 -33 -52 28 5 -64 83 -51 -82 55 67 -2 44 -2 56 39 -47 -48 -45 -64 -90 -65 72 -6 43 -28 35 -14 -80 -50 100 -75 -17 81 21 -44 68 -98 -69 -32 -1 -90 39 -39 96 16 27 37 -90 -81 -80 4 95 68 38 32 99 -40 33 87 80 63 42 93 26 56 60 6 -53 -32 73 -68 -89 -60 89 -70 -77 87 
-40 90 80 46 12 20 -45 85 -14 74 -24 -76 76 -8 -41 -18 -65 -4 -44 35 53 33 94 -14 -81 86 71 -35 74 -16 -35 59 94 66 -90 -72 -18 40 72 -34 -33 -99 16 33 -87 -33 2 49 62 17 67 50 -15 83 6 -11 -48 -36 -27 -65 -57 92 -10 74 4 58 -35 -54 42 -6 -68 93 58 24 -32 0 92 -77 46 -30 42 -59 44 78 8 37 -88 2 -93 -52 -32 -43 -96 82 18 31 73 91 51 99 -51 6 43 3 20 -89 -94 -13 1 
75 -74 99 53 16 90 -63 -60 -24 67 75 -47 -86 27 -12 54 -89 61 15 -62 -55 0 39 -28 18 -37 -43 43 -60 52 13 -43 88 -83 -47 -81 -14 -26 -64 8 -93 37 -89 61 3 27 51 -82 42 65 27 -96 48 -72 -37 66 -86 9 -15 97 -26 -73 -81 -42 -83 -71 45 -12 2 -96 51 65 15 63 -39 47 -14 87 29 -71 49 26 50 73 79 45 -93 -18 66 -32 87 -70 97 -74 -92 -79 80 46 -5 -11 69 33 -51 -54 -25 5 -32 -26 8 
67 -73 -15 51 -48 49 42 -66 -10 -57 95 11 -10 -80 25 -63 -91 75 47 -95 -28 -80 -82 50 81 -91 -87 -11 11 74 23 -84 20 60 -41 -35 2 67 -68 19 26 31 48 -87 -15 97 -66 94 -93 -83 59 -56 65 4 12 -70 -57 -21 -72 -59 24 31 -37 22 10 61 1 40 71 4 69 87 99 -70 76 -45 -2 -51 -50 5 -39 -11 78 -61 -69 25 -57 71 29 67 -90 61 60 22 49 48 -77 63 16 -44 46 -67 -9 65 -94 1 49 -1 46 
74 89 -36 -29 31 72 4 -92 86 62 22 -43 43 36 -28 25 -11 -81 53 -41 -94 55 6 21 -87 29 -26 97 -70 -18 -99 -82 35 1 -69 -78 41 -72 21 -46 45 -53 -55 56 -36 13 92 54 11 -31 -95 7 15 74 49 -75 80 1 85 -94 91 83 84 63 45 16 44 -24 30 16 -59 73 -57 67 70 -38 53 -52 -40 33 4 -26 67 48 47 -98 86 1 86 73 60 -8 -78 -52 -49 59 66 100 69 -12 14 65 -36 61 -7 -58 -27 71 10 
-9 -69 53 9 36 89 0 70 -61 62 63 -88 -4 0 -4 -49 56 83 89 18 49 7 -11 35 82 -98 -26 -100 64 -1 -6 74 25 89 -8 -93 -67 12 -62 -45 49 45 47 -53 7 -86 55 27 8 -42 54 -22 1 -14 -6 28 88 87 -79 -41 79 -18 59 -37 72 -30 -75 -72 42 -21 57 1 -9 -76 36 69 -98 40 97 -95 -33 -91 23 26 25 9 76 -89 41 -94 33 -72 -87 80 -80 -19 7 -31 17 70 13 56 -51 70 50 -15 -10 -5 22 
50 -28 38 -56 -93 39 -20 -14 39 -88 76 29 41 43 -27 71 99 69 -21 -13 50 43 -75 19 6 -11 -44 41 -39 88 53 -35 49 -9 -35 25 -74 -3 -62 34 95 -46 93 -99 71 64 -56 75 29 35 98 76 -18 -60 21 0 85 80 -23 -77 -96 30 -51 -37 -36 -79 -85 -46 94 -64 98 -82 69 -88 75 -32 -22 -89 -76 24 33 10 20 -56 42 -59 3 -54 27 97 77 -6 -60 -46 -79 -67 -84 -94 -96 -43 12 -93 -63 31 71 -38 -40 -65 -4 
-21 -91 -100 26 56 -67 -29 86 -65 -7 64 -38 56 67 74 -21 12 -19 34 -54 -51 95 -81 74 96 27 15 -6 79 -65 11 -34 -42 5 86 -24 -82 27 54 -15 52 86 80 70 -29 -24 35 -72 -46 -10 62 63 -100 50 -1 42 73 -51 -87 40 -69 -56 -98 70 -94 -41 -66 40 -2 83 -20 -14 45 72 -63 57 89 -12 74 0 76 -60 43 -2 73 -95 1 28 6 51 -22 -68 -48 -16 26 -36 76 60 4 12 20 -94 -84 35 -20 -52 -72 87 9 
34 17 67 35 97 19 -62 -90 79 -66 -69 46 98 64 -60 -20 -69 57 -24 68 73 -17 -79 52 -99 -14 20 25 -43 -90 74 40 -75 22 26 -90 58 27 9 31 2 34 -20 -83 21 -8 -75 -30 -93 100 22 61 -8 46 35 -74 -20 -66 -69 -94 -38 63 -76 35 -2 19 1 94 -72 69 -63 -29 -14 55 -16 95 -40 44 10 -30 29 45 70 67 25 -13 -94 22 76 -27 -4 0 -54 -17 -95 57 87 96 -49 -28 53 33 -90 -41 -40 93 33 -77 -53 
-24 -76 -70 -3 -4 84 -96 96 88 39 -21 -64 -82 70 53 55 67 -99 38 -40 -88 -72 95 16 -50 -77 90 54 74 -87 -65 43 14 -44 16 -91 83 -37 -100 37 15 -66 -62 -81 3 -42 -18 -88 30 96 -40 50 78 -19 22 -96 6 -28 72 83 67 -82 5 56 -39 -4 -40 25 -9 -95 10 90 -47 -88 -89 64 76 44 4 -73 65 1 -23 -23 -8 -41 15 84 -18 20 35 95 66 23 95 68 -46 -66 17 47 -13 -75 69 100 -85 -31 -81 -26 -55 
49 -2 -32 -65 58 -41 -74 -53 -29 -87 85 -98 27 5 67 -52 -44 46 -1 -84 88 -97 60 -45 -63 -42 68 83 97 71 -74 93 -6 91 89 8 -73 87 20 -85 -15 91 -37 73 -48 39 2 -47 92 14 19 60 -52 47 30 -78 46 6 -51 -67 98 51 -71 -69 -3 85 69 -72 14 -89 35 73 83 -45 58 -46 -99 28 -60 -68 -74 -55 96 47 50 66 64 -92 -37 -3 60 95 -39 5 -82 43 -79 97 -50 20 -79 8 -24 -36 13 81 78 96 19 
62 11 20 84 37 -97 -13 7 -92 82 -95 60 73 69 -16 30 -20 -52 57 -41 -3 95 42 -6 60 86 -78 45 78 -12 -2 10 -89 2 30 -94 8 12 51 79 -76 -57 35 11 89 -91 -75 35 -89 -81 3 -86 63 34 61 43 72 17 -45 65 -5 25 77 -87 -32 -26 74 65 91 -23 -82 95 -55 95 32 -21 60 -18 50 66 -29 -42 61 27 72 41 -21 49 -76 -67 45 84 16 10 73 -41 9 -17 -56 -83 -14 -76 -61 16 -52 -88 60 70 -32 
-91 -75 8 -49 -80 -20 88 -34 93 94 -90 1 32 74 -69 -70 37 94 12 -87 52 -18 -72 94 28 88 2 26 24 -46 99 54 -63 25 72 -80 -92 55 49 -41 13 -60 -34 -41 -64 52 13 -45 -84 -78 18 -94 -92 -45 87 -6 82 70 65 -12 71 -12 -32 70 -100 -34 -67 14 57 55 -70 -45 42 -71 57 24 16 -82 99 24 -60 -62 -78 -99 -39 -84 89 -82 -27 -77 27 79 -3 29 -94 18 75 90 -28 -13 32 -27 61 68 46 18 -34 -80 -21 
-37 -66 85 1 67 51 -24 -10 -24 18 20 88 -63 -32 -85 -9 7 -31 -95 88 15 60 -38 -96 -71 24 -1 -96 -33 99 -56 -70 -98 28 62 -64 -10 51 -8 -62 58 -14 -81 74 44 -23 -2 -14 79 -97 79 79 30 5 87 28 -68 -17 69 -20 46 -7 49 14 77 -95 -78 -79 -70 -41 99 -90 -90 -22 18 -10 -62 -8 -62 76 -48 -75 -79 61 63 56 27 45 -98 -36 0 72 -92 14 87 -84 -30 53 11 43 54 23 82 -33 -87 -98 -76 7 -25 
93 60 40 7 100 -63 80 -68 37 -59 -100 4 -28 62 -52 -77 -69 -37 -46 84 -34 -9 68 -63 -9 96 -65 -70 -4 -49 91 85 -67 20 71 -70 -52 -51 33 30 13 69 32 40 -96 15 19 -21 85 41 -24 33 91 3 -56 12 23 -9 -87 -45 90 -69 -2 -77 -70 -51 -72 -64 -47 -71 -75 37 -63 -46 -88 98 50 61 -23 38 26 -37 41 10 -24 20 -3 68 57 -75 35 14 -79 -2 2 -11 33 -35 87 62 37 -63 94 -84 -43 -1 -71 -81 99 
98 -10 -34 54 -75 -32 8 -90 37 -92 33 -55 -32 -20 56 63 83 73 -82 -43 -99 5 49 41 -43 11 98 75 82 -96 -39 75 81 3 -88 71 6 63 -86 73 95 -16 -29 -90 91 58 97 -53 -21 41 -91 -50 -35 -4 35 -76 79 -85 -23 12 -31 60 -16 -75 42 -5 65 90 -38 -41 73 -82 42 -35 48 6 0 16 -47 -46 83 19 -88 12 5 -77 0 26 31 20 68 19 -18 -80 -65 46 -51 -53 5 56 29 95 -1 -70 31 -25 -94 99 8 
-67 84 -52 -66 -43 -94 -46 -40 -16 -35 81 -88 85 -91 -55 -32 -89 -93 55 -53 63 -61 20 69 -55 33 -96 3 -52 -65 17 -7 -7 13 -22 95 3 93 18 68 -75 -62 -99 22 -65 -15 5 66 -1 -16 4 20 -47 -72 -21 99 98 -17 44 56 -38 -74 10 94 -24 -28 75 -27 -53 14 -26 56 57 -75 30 -15 -15 94 -45 33 -86 -78 -59 -8 18 95 -83 1 80 -43 0 51 43 26 77 -94 97 -36 13 -11 -34 -93 78 42 83 -16 -15 -71 54 
25 63 64 -19 21 -44 4 43 -22 69 16 -72 42 64 -97 69 89 51 -97 -97 -54 67 83 16 -30 15 -86 -21 36 36 68 -3 2 -13 72 73 -37 -24 -30 -97 -34 15 -79 -85 63 -49 11 57 -90 17 8 23 -58 -61 -89 -88 10 57 -79 -44 29 31 61 -80 -35 -94 60 22 -38 54 15 75 -24 22 86 64 100 50 -32 94 -78 -28 45 68 71 25 98 -40 -35 -14 -3 4 -88 91 -51 -36 -73 52 -99 -39 18 -3 41 -61 -38 62 -31 14 75 
51 -34 -55 -86 -81 40 93 47 99 -93 77 53 100 -12 -80 -4 8 -32 -31 -31 -10 27 20 34 -59 -26 23 23 53 94 40 -1 90 80 21 -90 -86 49 4 6 45 -14 7 -7 -66 74 -68 88 21 26 13 11 64 46 -10 -6 -84 -11 67 81 11 -97 -91 -6 -16 -64 4 87 88 -10 -21 7 -95 -85 -57 -44 -51 -69 92 56 33 61 30 -82 25 40 -39 -5 -43 74 69 -33 -48 -93 97 18 -79 81 94 -68 67 48 -17 -63 68 41 22 30 52 
-53 -28 -21 60 -31 45 39 -16 43 23 -53 59 53 -74 -74 -90 -100 40 23 -9 12 -32 -50 35 35 94 -81 -72 -37 -14 80 75 -25 -20 13 -78 13 49 71 51 35 23 73 -86 16 -4 -71 63 26 -56 10 -74 22 98 67 -18 -25 -69 58 -61 46 73 -92 89 36 21 89 -28 42 -17 -95 83 75 12 76 -36 5 -9 1 7 -86 -59 66 -66 7 83 -89 38 40 38 -14 33 92 -37 67 25 69 -61 49 4 -52 -83 -79 84 -4 -66 10 20 -3 
-89 53 -88 -46 -16 52 83 -26 54 67 -40 -82 -34 -32 32 -62 -90 -32 -71 21 -49 46 -47 37 35 31 10 -52 50 -32 48 6 57 47 -88 5 -98 75 84 -75 -23 -64 46 -76 -84 27 33 -77 -72 -57 -71 -59 -51 84 89 -72 66 36 -32 -8 -39 -79 29 21 -33 99 -82 -71 95 55 28 91 -67 34 -6 96 -14 96 -69 2 -39 10 31 -43 64 -73 -20 75 69 46 -68 96 74 -26 81 68 3 -88 -65 -26 31 -24 -36 32 6 -11 56 86 11 
-57 61 -92 7 29 74 -37 38 -54 -38 -91 -79 -63 41 84 98 73 -50 -90 49 -32 42 -83 -66 -10 -13 95 27 -83 22 -15 79 -35 -66 -46 -70 -32 76 -60 -46 83 -19 -88 -50 90 76 36 93 32 -76 72 -39 24 -27 -34 -14 -6 -88 -10 53 -74 4 43 72 54 94 -26 78 -85 -21 31 34 -46 81 -44 -76 -92 10 91 -89 9 -89 -8 -69 -19 -32 -31 100 71 -85 -82 -72 -35 -50 -82 92 36 9 -40 -77 -58 -64 -1 37 -27 69 -82 91 -31 
-61 -3 71 -45 -17 -39 50 -34 -31 -70 20 -4 51 19 -5 -32 -89 -67 15 -64 96 -9 25 59 -49 -50 -24 -89 33 -27 -38 58 -55 -79 -77 -45 46 -63 88 17 -62 -62 -51 58 97 -31 -68 45 84 -6 -85 7 -83 -47 -33 -61 -46 -66 39 76 79 -97 12 77 -82 -47 -28 96 19 89 -30 -11 75 46 35 48 19 3 -65 -37 1 -21 37 -13 72 100 97 -27 37 -53 -72 -80 -82 42 -40 -52 -67 -34 -77 76 88 -81 -79 -80 48 15 -6 -36 -88 
88 42 76 68 42 -28 25 -50 15 -41 -63 73 34 -2 -7 82 25 -80 80 83 -77 27 -2 -76 75 8 11 33 -40 -53 -69 70 14 35 -16 20 67 -9 35 -14 -49 -72 -49 92 27 68 -4 -21 82 -12 87 95 48 20 46 76 78 97 65 -89 64 92 33 -33 41 -7 -84 -4 -91 -71 12 -73 -23 -29 49 -56 92 -21 88 -58 -61 -58 -36 29 -21 -2 90 -85 -12 10 45 22 -65 -26 22 -19 8 -78 -29 -24 -71 74 -71 -58 -93 -21 35 69 -45 
-70 -46 54 -41 31 -24 -45 96 -10 -62 26 55 -50 -63 34 39 62 -26 28 8 -14 31 -19 -94 64 54 56 78 -87 7 -5 -7 -47 -87 12 83 78 93 92 24 18 -38 -21 -21 66 34 8 18 18 87 -25 18 59 -53 44 5 78 -69 -33 -40 80 9 -91 0 -82 -98 37 22 18 -17 95 18 -52 67 -39 32 97 24 96 -56 -92 -90 -71 -7 86 -55 -15 14 48 -51 -49 79 66 60 49 -88 -16 76 -40 100 58 -23 -92 -77 88 -19 87 78 -51 
-100 -88 56 -22 33 51 -79 -37 -58 -30 95 -98 19 -73 4 45 51 -96 -70 20 55 -47 88 66 -87 99 -99 73 -49 9 -58 59 -29 3 -81 -45 92 36 -59 -24 -11 -38 0 40 -75 29 5 -32 78 16 -28 -19 38 88 -6 76 -36 11 7 88 -1 23 -43 -70 -48 42 -9 18 -18 34 66 -97 81 -94 46 81 -42 -66 79 -5 -59 -37 -62 -4 99 95 -1 37 1 68 60 -54 85 9 32 59 97 -48 -14 -52 -86 73 -77 86 -19 -84 10 -5 -43 
-55 -13 29 23 51 -89 -84 54 -6 90 -32 80 -29 -22 44 -65 73 -42 -59 -88 33 59 -7 -5 82 57 2 78 -12 -66 18 -15 31 -29 92 -7 -4 -90 74 76 -26 90 -44 -34 -93 -97 -86 -77 78 44 11 71 45 -5 -36 -85 63 29 -80 -61 19 4 32 -86 -37 22 90 -17 56 28 99 57 4 -51 68 -12 8 38 -79 18 70 -75 64 -2 -47 99 44 67 -92 56 -52 8 95 -27 92 99 79 -70 86 43 60 76 -97 33 -70 65 94 -25 58 
72 -4 -71 96 -88 49 -91 33 -96 85 -38 -71 25 60 98 -57 73 64 3 22 93 2 66 21 17 16 7 -35 15 67 67 61 21 15 33 -35 57 70 25 74 81 -46 -69 67 -100 -23 -77 -47 -30 -37 -32 -34 95 -20 -55 68 51 -65 26 58 88 57 -30 -46 69 67 -18 -48 14 38 29 61 -43 86 -78 15 -80 69 38 55 51 -54 -65 24 2 24 3 -100 -16 -14 64 -98 54 39 -17 26 -5 -86 98 0 -85 33 12 43 95 -84 80 42 -28 
-89 -54 -80 8 8 4 22 31 -49 44 10 12 -54 -3 -9 42 -55 61 -11 76 -3 -48 -100 40 75 58 32 -75 33 31 55 -93 -85 -68 72 53 -18 -100 -71 -29 -27 -22 -23 22 20 -97 -14 -35 30 -100 -99 68 -78 -18 -7 52 96 -42 -14 44 -90 -60 -84 42 -37 14 16 33 -53 84 -56 90 37 90 -15 -80 -61 47 -46 -11 75 75 94 -89 -94 -15 77 26 32 -26 28 -87 47 -70 -33 97 -42 -49 -71 -81 39 -96 -75 43 -57 -100 -86 -17 3 
-31 -40 -43 -45 -72 -53 -33 95 4 45 46 -45 -73 1 -83 -99 -82 87 -35 48 94 26 6 56 -96 46 -35 -19 88 -55 -37 53 -9 -76 4 -99 -76 -75 19 83 46 87 93 -23 -60 -52 34 -26 -82 10 -71 42 28 -33 74 -15 22 88 -41 -18 -95 93 -62 -19 13 -9 -70 12 52 -42 21 80 32 51 99 3 -4 -63 -44 41 -43 97 -52 16 -94 -88 68 -82 33 4 -24 98 45 -95 -93 28 -86 -93 63 -30 86 -75 -100 57 35 -7 -99 -4 -40 
-43 31 75 60 -59 -54 -94 -59 16 -7 32 -46 -77 91 -11 -40 -58 -70 63 -34 -32 76 -44 8 -2 -92 -11 -50 -77 -48 -9 15 -86 -55 -16 50 -12 -26 40 -84 -7 65 -91 -23 79 58 -57 -69 65 16 -54 -62 -31 99 -31 -17 78 27 -55 -46 -68 -72 31 49 -56 80 -78 60 -2 -81 -92 -87 -91 38 38 11 68 33 10 -16 -100 -52 88 -85 -27 85 89 89 -55 72 61 39 85 -93 43 -22 -28 63 -26 72 56 40 -80 75 24 36 81 -32 -58 
-42 -49 -41 87 -78 74 11 90 67 48 -49 -3 54 -44 45 -73 -14 -15 -95 99 40 -35 -49 39 -4 -43 -92 -47 55 -66 96 41 68 -34 32 22 8 99 -59 64 -28 -98 -4 56 -13 -2 -37 18 65 93 66 -28 93 -16 24 71 -42 49 90 53 -30 61 5 24 -91 -17 74 49 25 67 -3 27 -74 50 42 -90 -49 53 -64 -79 23 35 62 -55 -24 48 -9 93 -93 8 5 54 26 51 3 -75 -69 25 85 -95 -48 -13 -29 13 -88 -49 -36 82 -47 
-80 30 25 19 77 -15 67 -100 17 -63 -37 69 36 -7 -70 -36 -32 9 -95 -2 -13 -52 -53 -59 48 89 -17 26 5 -45 17 -54 -18 -48 -27 24 -96 30 48 87 -98 -24 -23 36 -74 -24 63 -56 15 -14 -49 -99 -5 14 88 13 88 -59 67 84 19 -54 59 90 -85 -51 62 -23 95 86 28 17 80 -60 -82 -82 4 36 87 -48 39 -54 -53 63 -80 -96 18 19 -65 -25 -47 66 85 -19 100 -25 -82 -64 -85 34 9 -24 -41 -100 -57 -88 75 -53 55 
-15 -14 -54 -45 80 39 -63 -20 -54 90 -24 53 29 63 81 -93 -95 52 -7 -33 -85 -83 80 77 80 -61 -5 63 91 88 -6 39 -70 -80 46 -89 55 -39 -58 -62 32 72 68 -57 -22 63 6 -26 -100 7 -44 -83 -68 -28 -15 52 -6 -42 -67 32 4 21 -60 50 35 0 -45 -79 -61 -36 -3 48 98 83 22 70 36 9 -60 -60 32 -36 -31 -8 -49 -28 -16 -85 30 54 -35 -72 -88 -43 28 -47 -34 44 33 32 -56 6 40 -60 -67 87 100 -18 -55 
-62 -49 -51 -100 -59 13 -23 38 44 -11 -59 52 -75 -98 -1 -49 62 97 76 96 -17 -59 19 91 -18 100 -44 -82 -32 -83 -94 94 30 71 20 56 -39 -39 -68 -45 -94 -29 -85 -4 -94 17 -30 -40 83 8 19 85 0 96 -38 -52 -62 1 -71 74 70 -22 -9 -90 -23 -10 -79 54 -35 20 23 -90 0 -56 -34 92 -53 12 81 63 63 -96 71 -23 -88 91 49 93 -42 67 100 1 -88 -20 -36 -20 -30 3 58 37 -47 52 -82 23 -20 0 -54 -3 50 
81 -69 79 -63 56 -97 -85 89 -19 -42 45 -17 -93 -10 -10 -76 41 61 60 38 -52 47 5 61 -41 98 39 -14 -48 83 -51 -25 -55 -81 -71 93 -10 10 77 -83 87 70 65 -31 13 60 100 -48 49 -11 -8 -39 1 -43 59 -5 -27 90 71 -81 -64 -34 30 -58 -19 32 -14 68 -87 26 77 51 -2 59 -61 -91 -77 70 22 85 74 86 -77 -14 -43 -11 30 69 -66 -41 30 -4 54 70 34 1 22 25 -43 9 -87 46 -64 51 -40 63 -79 61 57 
-27 -88 -94 65 0 -15 57 -69 65 -61 -7 32 -19 -18 -84 -63 -48 -88 -97 100 -88 -33 -82 96 71 35 19 -90 35 57 -28 -36 -23 -99 -89 -51 -81 -38 -92 32 57 -56 18 99 58 56 52 61 -61 18 42 -35 46 -77 62 -30 2 8 19 -8 -84 74 -76 43 -36 28 -97 21 79 -71 -28 -47 85 -48 -73 43 24 -41 47 53 46 -76 85 -52 42 28 -37 -48 65 -66 34 -90 -49 -50 20 -77 97 -51 0 -66 -1 32 -12 -41 43 -15 37 -98 3 
-88 99 23 66 93 -63 -64 -39 -21 -40 20 -68 33 -25 -65 18 47 82 -79 33 -72 -78 25 73 -78 40 64 100 -43 90 -20 -55 35 -9 86 -88 -29 95 -44 -68 -88 52 -7 -29 -21 16 36 47 20 7 10 -90 -7 99 54 -26 -99 -62 60 -70 -50 65 97 65 94 14 41 -78 -14 65 22 -76 32 49 9 45 91 79 -98 -87 48 -22 -100 -90 -84 93 14 -89 -88 -19 -95 -88 -97 77 34 -45 9 78 14 10 60 -56 25 20 34 -30 27 -62 36 
3 66 17 -9 25 56 80 39 -4 -32 -43 -13 -94 -55 15 52 84 44 70 -26 25 95 85 38 -41 -51 29 -76 -54 -27 36 2 62 -99 78 -41 -2 51 29 -9 -93 -55 -22 -55 -68 94 94 -18 -50 40 18 -68 -70 34 -30 29 53 83 60 18 -39 -34 -80 -5 -46 -80 21 -35 95 -26 -2 -85 13 -85 -72 -2 -18 -97 83 -70 -95 8 -27 -91 94 93 41 99 -100 -3 -71 89 -48 89 -68 -55 10 2 -11 -62 -63 26 47 -4 5 -63 54 -92 -7 
99 42 -99 63 -91 -92 -36 -68 -48 98 48 -89 18 -22 -96 -94 -17 47 96 9 72 86 -30 -31 -56 -97 -27 -89 64 -92 -55 -78 38 -47 82 81 39 -66 41 -92 -80 73 -24 64 -20 29 -45 58 45 -44 -8 61 53 86 -24 -64 -52 -55 -23 -98 86 21 -49 -73 45 64 -30 -62 32 18 -13 55 52 -77 32 -32 -39 95 -32 27 41 -76 12 -88 77 43 33 -100 95 44 96 -35 78 91 -42 -9 21 -61 -99 -96 29 8 -26 43 -87 95 -42 -73 -4 
30 -75 -76 -74 46 96 55 65 -40 30 30 5 -71 -49 -98 31 -79 9 -17 71 -43 -7 -81 -16 30 36 -7 -85 -72 -88 16 87 95 -50 -64 -69 -71 56 57 -88 -45 60 -80 9 73 28 97 -57 89 -24 56 12 -89 82 -91 83 0 -41 -74 -14 48 -61 1 -74 -6 -38 77 -46 34 0 7 55 -12 -44 -96 56 -55 91 4 -58 -7 -6 76 -50 -39 -69 31 4 52 39 67 12 75 69 99 25 84 97 69 -79 29 32 -74 -24 -21 32 -21 91 -11 
-86 -87 65 -5 36 100 -14 83 83 42 -57 -69 -61 -75 24 25 -88 -93 6 -86 -64 1 -52 55 58 39 4 54 12 27 -97 63 13 80 -31 100 -53 -24 -69 -28 74 47 -23 63 19 -13 -4 -52 -16 81 40 -19 67 57 75 10 73 66 -98 -84 61 3 91 54 55 -25 -89 51 84 -2 72 100 -45 -75 89 70 -39 -13 41 -64 76 33 -92 58 -14 14 95 93 60 24 -67 -51 -83 -77 -70 -36 47 -83 -5 -9 -50 -78 29 14 -80 -71 -15 -73 -35 
30 -81 -28 100 -25 -39 -55 47 30 18 14 16 1 -11 99 59 9 -7 -91 -43 -89 -63 -22 -4 -97 12 48 34 21 30 68 98 50 47 57 -6 90 38 57 -6 88 -26 12 82 88 28 79 33 33 42 -51 44 -80 -88 -88 8 -67 -13 78 -72 -27 64 64 -45 23 7 -28 90 -15 -9 54 -14 76 88 -5 -91 28 -65 70 -83 -18 -24 -31 -25 -99 58 28 63 97 -26 -76 -61 60 87 -33 -70 9 -26 -29 87 37 81 78 22 40 -38 86 84 -67 
-12 77 46 -38 74 55 16 70 -43 86 32 -9 56 22 -29 -85 83 30 50 51 -61 -91 99 62 -39 -11 36 8 25 85 23 15 -56 -11 -93 22 -33 -88 41 24 -10 39 -18 -53 32 66 44 -20 10 -82 1 -97 -71 -57 9 -80 84 -10 -40 89 -17 -4 -63 -27 37 44 21 16 69 81 -72 -45 6 -4 46 83 70 -67 14 60 -25 -27 96 68 -45 30 38 68 9 5 53 -100 -59 68 21 -37 -13 45 30 42 -71 96 -82 64 -41 56 71 38 -94 
-10 -54 -18 27 -95 15 -43 40 39 -33 -82 26 55 -11 15 -20 -8 -2 -35 -64 -12 14 -79 4 -65 -42 -89 82 95 100 8 49 -46 -9 8 -61 -63 92 -31 16 -34 -56 13 20 84 72 -13 -5 75 52 82 80 -70 -63 41 -57 -72 15 -18 -93 -34 -71 -97 71 -92 18 -55 49 88 -79 -64 26 -36 77 -97 -82 -26 53 43 -2 -40 -94 -70 -23 -69 -3 90 92 88 64 -28 -68 -35 -55 -50 11 17 -43 61 0 -62 17 35 -27 -87 -41 -12 -80 -77 
-20 -35 -22 -68 47 78 19 -22 17 -26 -35 56 -41 99 81 95 85 -72 65 88 49 -46 -17 57 -59 -78 -18 -29 -4 66 -92 -48 -4 -23 77 -39 37 62 16 31 44 -37 -15 84 -84 82 8 -1 -72 -2 -12 95 -4 24 30 46 24 81 -40 -93 -44 31 46 -23 -35 23 -31 -18 80 -97 -10 14 33 57 -11 60 -11 40 62 59 -74 -42 77 -64 20 -8 -87 -1 18 -59 -32 18 68 -50 100 69 10 -44 -40 74 21 -38 -8 63 36 99 51 30 -52 
73 15 87 38 -3 69 -35 38 -18 88 -68 -64 -34 -59 72 -53 -18 10 62 -84 -32 -8 58 97 73 76 72 84 -94 -25 68 -94 45 77 -54 21 27 30 96 -26 42 97 26 27 8 66 45 73 58 79 -84 100 20 12 -93 27 36 40 -91 70 -5 -97 82 54 -42 -32 69 -27 -97 43 34 -100 83 -84 85 -26 -74 19 26 -64 74 100 72 45 26 -51 24 99 -17 84 15 -78 67 -60 -74 -17 -15 14 93 -20 92 -57 -6 11 -98 -86 -35 -3 -14 
97 -33 45 -53 -84 0 -99 -67 54 -79 -100 96 26 -77 35 98 98 98 18 30 -82 -51 17 -100 -91 23 -22 -17 -100 24 23 -91 -36 55 47 -82 71 -39 10 0 -98 -70 -7 -97 38 -74 -16 87 -94 87 95 1 -54 -72 -5 -19 -8 21 38 69 -62 -33 48 -42 -100 -28 56 -27 -30 48 24 29 -97 -92 -74 32 -57 46 2 -47 43 10 92 -78 -16 -73 28 -71 53 -81 58 -37 97 -9 -70 25 -99 40 -45 -86 -91 -62 -32 92 -22 76 6 28 -72 
9 -63 56 -27 -96 -95 -57 -78 -59 -69 -40 40 3 37 -29 15 -86 31 -98 34 87 -50 -93 -100 36 -56 -91 -14 -5 -58 -58 -79 83 23 -62 -32 -100 90 -6 0 83 45 35 -75 -62 -66 -7 -38 47 11 9 4 8 -60 -37 10 -33 21 -18 80 39 -94 -67 26 -1 34 66 87 -100 -28 -14 76 -9 -61 -95 79 99 88 28 53 57 99 -5 -82 1 4 -1 6 -28 21 63 2 47 -80 80 -10 56 -6 38 63 96 99 11 23 28 -5 69 -2 47 
-1 70 9 -23 -93 2 61 -65 -56 98 61 -60 40 84 63 -34 -6 -39 -41 -56 -69 24 -15 -18 -97 -61 35 -51 -81 36 -16 57 -34 64 -70 2 -33 61 64 58 43 -72 -35 51 18 87 -91 42 62 4 -79 58 -21 -52 15 -82 96 54 60 27 77 -93 18 -48 34 13 11 72 -30 -16 -53 72 42 -23 96 -96 -61 -7 75 -73 48 -4 -49 86 -76 -18 100 -20 90 -57 -49 -60 -87 18 31 32 -11 86 62 -87 60 -52 -3 56 -83 86 45 8 88 
85 -81 6 -49 -45 -81 70 -98 -12 -75 -44 33 79 45 -83 97 -14 32 -46 71 -72 -20 -97 -98 -23 65 16 -68 95 5 6 -76 -32 55 -22 -60 -23 74 13 -61 28 68 97 40 -98 -55 -99 -7 28 -27 19 33 76 -73 -64 -53 -93 -95 11 -5 4 66 -99 76 -88 3 -43 28 33 28 44 -6 -83 -22 -58 -73 -6 -56 -95 69 89 73 53 -35 -76 -49 -22 -89 -90 88 -29 32 86 12 94 44 58 -55 89 -42 0 -88 79 -61 -59 64 -33 88 -99 
-47 -45 22 -78 32 -57 14 94 -33 17 -89 -60 -59 36 19 58 -12 -10 -24 99 7 -82 13 -62 2 -51 4 25 20 -55 77 -48 59 -37 86 54 54 76 76 -48 -69 46 71 -57 -73 -57 37 -34 10 -10 8 -2 73 37 93 51 -61 71 -4 59 -64 32 -5 -76 97 -60 76 -22 56 18 24 91 -20 50 67 49 -58 76 72 -73 -1 -8 -39 -33 44 83 -44 -14 -8 -73 -68 -73 13 74 71 -50 -1 -5 92 -55 85 -36 -34 -51 7 -30 -94 57 -48 
16 47 -76 60 71 71 75 81 -42 91 37 5 1 -33 -48 60 24 89 -68 9 -90 75 -11 81 -86 -14 -58 -50 -72 96 -84 -93 -39 -48 70 27 88 -88 -70 -72 57 -60 -82 -13 11 61 28 90 46 -71 42 -81 -83 70 -70 -13 76 -40 99 75 69 -19 -98 -69 84 50 69 -92 -45 -84 92 32 62 -88 -57 40 -44 97 74 -47 16 -57 69 78 41 81 -68 -88 -9 -33 -14 68 -36 -58 -20 -54 72 25 54 -47 -51 73 -8 -11 49 -53 88 -26 -42 
4 -12 -78 66 46 69 67 95 -2 25 -14 -58 64 55 20 -99 -49 17 -75 95 -80 6 -93 -86 24 -97 77 60 -90 -60 -32 -88 65 57 4 80 86 7 47 49 5 -12 -32 -64 -91 74 -24 -87 30 81 -21 -38 16 13 97 -26 -43 -91 37 83 45 -98 -92 -5 -73 -33 -90 69 44 45 84 93 63 48 4 51 53 74 -81 43 -18 97 -93 59 -19 -90 4 36 76 17 72 6 -89 63 32 -89 63 33 -92 63 -46 79 30 -23 26 81 -21 -72 20 
92 -24 17 -76 -80 7 -46 85 53 -41 38 75 -75 -3 20 74 -69 94 -79 69 66 -26 -27 48 64 40 45 34 -62 -78 -76 15 -35 2 93 -22 88 79 18 -28 75 -9 -43 -7 94 20 -49 73 45 -65 94 -29 64 26 -29 80 -48 -6 93 -21 74 -93 50 -81 84 -8 -92 24 28 -57 84 -99 27 -21 0 -82 -46 5 -59 -43 26 -18 -16 -76 40 65 -3 16 58 7 -22 -43 -60 5 -75 59 -6 -30 69 -31 -62 62 -20 -57 -41 69 -43 27 77 
-25 7 -60 72 -8 -97 -95 -72 42 -80 20 32 44 44 -4 -12 77 22 11 98 -48 26 -92 -55 5 -34 92 72 48 36 13 86 9 -55 19 -56 -72 -96 6 -29 34 -8 86 -23 -36 -49 5 -59 -71 69 -11 -36 89 51 70 -91 -6 -35 -55 -37 -81 62 -87 71 54 22 73 41 -11 54 73 -68 -4 -6 -32 -37 -19 -23 -85 -82 -92 46 60 85 -19 -56 94 -28 -81 -27 -64 55 48 -88 23 -49 -3 56 -37 57 -39 77 97 -48 70 80 -74 -70 -100 
-40 38 -70 42 94 40 92 -19 -7 -57 -48 -4 -43 -57 3 98 -39 92 90 7 -23 -21 90 19 -56 -59 -80 -77 -84 -95 -47 -85 77 -45 -74 34 9 -22 65 55 -86 58 -29 -58 23 -57 39 -58 -100 -70 -49 21 -4 -30 -10 17 22 80 -63 -9 -89 -32 -16 -10 -98 88 66 60 4 -34 8 40 94 28 -56 92 -70 94 -47 -26 40 34 -34 -88 84 23 -17 62 60 -82 6 -48 -8 37 -94 -6 58 -57 39 3 6 33 -91 65 16 -78 89 -65 -72 
21 51 -21 24 20 -58 99 21 97 5 -16 7 77 -100 5 79 26 27 27 -51 91 -92 49 -33 -39 72 -46 -68 81 -4 -57 -70 -27 5 -93 -29 36 73 78 -97 -23 -40 -59 -90 -98 -84 77 51 -24 17 95 25 15 -92 68 -83 -44 -72 -97 -73 5 -65 15 -35 -73 74 -84 -58 78 -5 -36 66 -48 26 62 81 -53 -93 83 -98 -2 100 -80 41 96 -41 -43 -25 20 -19 41 -33 30 58 -43 68 79 80 -90 21 -23 -47 -54 20 5 0 86 -47 -19 
-8 26 58 -2 -20 73 -59 72 38 -28 -98 79 -27 -49 -49 -24 85 52 95 -83 -60 47 83 53 -46 -58 -48 24 -68 -20 -88 -97 -46 37 -36 75 -20 -43 -12 23 20 64 20 28 -28 -5 94 42 -99 89 -23 92 -88 93 -34 33 74 -70 89 -60 99 9 -88 55 -93 8 -59 100 60 -15 67 -3 -31 57 -41 67 -94 34 6 80 -71 43 3 65 97 96 42 31 -32 -72 -85 21 18 -70 -96 -20 12 73 19 56 40 -83 35 -56 59 37 -18 57 -47 
-48 67 49 56 -81 36 -52 -8 -42 76 -93 -24 -54 -21 96 52 -56 71 72 48 16 -26 -72 -77 64 -1 49 -19 -76 -62 24 -74 39 82 20 46 40 56 -12 75 25 45 22 30 -66 -20 35 57 -34 -93 31 -10 -6 -43 -65 54 18 36 -77 43 59 31 -77 73 -40 -12 91 -44 -55 49 23 66 -80 -49 77 -45 63 50 19 59 2 -33 -38 51 -67 73 71 -65 -96 85 46 1 21 29 -92 61 96 -46 60 33 94 9 -5 -71 -45 -27 -96 81 42 
-33 -49 -11 -95 4 21 7 -24 89 -7 -21 -100 -4 13 -71 61 85 59 37 -35 5 66 -37 -27 92 -68 -41 -25 84 42 88 71 -31 -83 35 78 65 -95 11 -30 -91 7 68 24 90 -69 -69 22 -52 61 68 -32 14 -22 5 60 85 87 -10 92 95 -5 -81 29 94 -64 -90 -98 -99 -54 -75 99 29 7 -55 97 -75 77 -76 67 87 47 48 12 13 -98 83 86 -30 40 -46 40 -79 -52 29 52 -89 50 86 -69 -82 94 47 -1 -13 -35 71 74 83 
93 34 -6 99 -57 -48 -43 9 -6 48 -88 13 -30 13 -77 -79 14 -14 -5 1 -76 -67 -65 92 4 53 39 -89 19 -96 98 0 -42 48 -39 -9 -82 48 1 36 33 -91 60 39 32 81 -50 2 -34 26 74 5 71 44 -22 -27 16 -69 -91 69 58 -97 -82 30 -57 32 55 89 94 47 -78 -51 1 -62 -17 84 -55 67 28 13 -74 2 -42 -65 -18 -49 95 -32 -17 -1 -63 95 69 99 -61 43 29 -35 5 -84 -92 -71 18 9 34 -25 -88 -14 3 
24 26 42 -71 85 -15 2 -55 -27 -13 5 49 -19 69 -18 65 -69 -23 -94 22 -80 55 -39 -11 100 6 -33 65 78 -56 -46 -62 58 -13 -44 40 16 16 -2 68 73 -58 60 -85 100 -40 -98 -61 79 -51 -91 32 81 23 4 -19 -91 13 -76 88 62 -9 23 5 90 -53 94 -53 -97 32 54 24 -23 -3 -9 17 -39 53 -70 -63 -18 76 64 -56 40 19 88 -24 -73 -20 3 -71 -14 74 33 -86 -64 -28 -52 16 76 -42 51 20 16 -63 -78 -66 -97 
-8 -43 14 -94 57 -5 2 -6 53 96 11 -39 4 93 -65 30 91 52 3 87 88 -89 -86 -26 33 -49 80 -25 94 -69 -41 1 88 -93 59 70 -37 16 83 -84 -51 76 57 35 -52 96 98 -38 -35 67 -63 -47 -65 -52 -5 55 -96 39 -55 63 -86 97 -43 -83 -77 39 47 94 -40 -58 -10 20 54 -81 -19 65 36 14 18 56 26 -26 -94 -34 -33 -64 49 35 -83 79 55 -57 45 -11 66 77 -3 47 23 74 88 -16 -10 8 -7 36 48 -61 65 
79 7 -55 13 -63 -47 88 18 -13 -22 40 94 28 78 31 79 -20 -85 71 66 54 -56 -76 -80 28 55 -88 31 89 -58 60 -46 -85 60 -70 19 84 46 -22 65 84 -23 97 -72 -72 29 60 -92 -61 -85 99 72 57 72 -62 92 -96 -96 -84 -29 65 -61 65 -37 59 32 10 -96 -19 31 29 17 94 34 -16 48 46 45 3 -36 -45 13 -67 70 7 -89 79 -52 93 -88 -85 -34 -83 85 -72 41 -1 -74 -22 -52 -97 29 -60 43 2 -4 74 -20 -17 
-14 22 -9 36 -66 19 92 91 51 -72 -90 -99 0 66 67 87 27 93 49 33 -7 -53 -25 14 67 -73 70 -24 -49 75 -16 -3 -100 -30 -92 -13 32 4 -93 1 -44 -77 -30 -50 51 66 -77 42 -33 -31 65 95 87 77 -40 0 -5 -35 33 90 33 30 92 47 11 70 77 -21 -32 47 22 64 64 99 91 18 62 -66 35 -91 0 -73 55 88 79 33 25 -81 -51 -43 42 30 21 -43 5 31 68 -8 79 -22 -88 -92 23 40 -85 -39 47 99 11 
60 1 61 -77 -100 87 -56 93 -98 -56 50 -59 54 91 74 -16 41 -82 60 -21 -29 -34 66 63 -75 13 -5 58 81 -84 -34 68 57 -87 -4 46 29 56 -52 -20 40 -97 99 -6 87 41 90 16 -23 35 26 45 62 -29 37 90 -91 89 -58 -70 51 10 0 -80 -65 59 -17 -40 -30 -8 26 25 -78 18 21 -42 -99 52 56 -98 -38 -93 53 26 -22 79 -73 -96 29 -89 -50 58 -26 53 -22 -14 -15 -45 -7 -37 99 0 -2 -10 26 97 38 -22 66 
-21 61 -7 84 32 89 -29 39 -31 -37 43 27 -26 75 -54 -77 -93 18 -52 67 3 -59 39 -78 69 -42 -61 -82 26 -78 -24 14 -86 -86 -48 13 59 34 18 84 16 -48 31 10 96 55 70 -41 -3 87 29 67 69 74 -57 35 5 -95 -93 -76 39 -18 100 -74 -43 -100 6 43 7 62 11 95 10 39 62 79 33 40 69 86 65 -31 -28 17 83 14 51 -12 9 -44 -63 4 7 8 29 89 -30 26 78 -25 -49 -78 -58 49 -14 57 51 -26 -94 
18 41 -37 93 -51 -70 74 -29 47 4 0 5 14 -32 -98 -75 75 95 -9 -40 -28 -27 -86 5 -6 49 -34 -27 89 -34 73 -53 -15 -17 -92 -48 -58 -49 8 51 -83 71 30 -29 58 95 -83 11 -1 -29 56 58 -59 -14 -1 32 -93 2 94 99 -75 72 49 57 -84 -61 -5 12 -100 -29 -91 7 -28 51 46 74 50 -28 -67 -4 -41 64 100 -40 -99 72 -55 0 -72 -11 79 -30 -8 1 24 -12 20 -12 0 -23 70 15 2 87 54 -92 52 -49 -95 
-2 -77 90 -85 -28 -17 -76 -19 86 -22 66 9 36 -59 9 -90 98 -63 -58 46 41 93 43 10 34 -82 -76 96 85 8 3 84 85 26 78 44 -87 -59 85 -95 33 -79 -48 45 80 -77 58 -73 80 68 34 -11 38 -22 23 -28 -30 -6 -18 -29 -61 -81 -80 -6 -44 75 97 -80 6 96 -48 -59 43 -71 -100 -43 -17 88 -60 95 -18 -89 22 -72 35 -22 93 -2 -98 -91 -81 89 -66 57 -59 -36 45 19 40 75 65 57 52 -24 1 28 76 -77 -59 
4 -47 -47 4 58 -94 -29 -96 -88 -37 58 -38 -85 86 92 -18 99 24 34 58 -63 45 31 -33 -47 93 10 -49 -9 -10 85 -69 -29 -48 -32 -48 35 -97 -63 -22 29 -43 75 38 -6 37 -95 95 63 55 -45 -11 92 60 30 68 99 13 30 11 83 25 10 62 -60 71 -77 34 -100 -33 32 43 -77 83 -64 0 -44 -82 95 -55 100 -13 70 7 31 -14 35 42 93 71 -4 -93 33 -67 -73 57 12 -65 66 -12 43 -99 -19 -69 64 -55 -66 -90 -67 
39 4 -20 -73 -59 -60 86 80 -41 66 -73 3 5 68 -27 76 -16 60 -53 -59 65 6 -73 29 -29 -61 26 -51 61 0 2 93 -8 -78 -9 86 -2 -34 60 -20 -4 -26 -57 36 -56 27 -90 76 -71 90 92 -35 -88 69 15 78 97 -42 -8 -16 -83 -87 97 5 32 25 -60 -78 8 92 79 -89 -60 -15 3 -20 26 -47 -78 -84 -72 -27 0 85 90 59 94 13 97 44 -11 -29 -81 10 91 -18 -5 -13 1 50 -66 -42 29 -75 71 -8 11 -46 29 
-1 -41 -76 -16 -25 98 -22 98 -34 -39 99 69 -42 -1 -66 46 60 -18 -28 -36 34 38 -58 17 -4 -96 -51 48 -39 -45 59 -91 -2 80 5 91 -87 -11 10 -31 -16 -51 4 -30 -30 -62 53 84 -52 -39 18 93 -51 64 45 -83 -43 1 -47 -59 89 72 -2 91 97 -73 68 -59 24 53 -78 -20 31 -19 98 31 -58 42 22 -75 -29 92 75 -31 82 -65 23 -12 46 57 -3 -69 -25 67 99 74 -44 -75 -93 -55 26 -100 -24 -23 25 -49 29 -82 23 
-32 41 -2 86 -92 47 84 54 71 -69 71 -73 -36 31 98 -8 8 -8 89 -75 88 -67 -84 -32 53 23 10 60 81 27 -14 77 -9 3 -50 -17 62 76 92 69 -45 -84 68 -4 -72 74 -71 -78 71 14 24 -59 38 46 -98 -80 -11 29 -62 42 -68 50 24 56 -3 -68 20 -45 66 -98 -23 -23 75 90 -5 -83 0 8 75 -9 52 -60 -7 -50 -43 -88 -48 -4 -32 -82 98 22 -84 -10 -10 -21 -66 -28 -39 37 98 27 62 -21 -13 36 7 78 -48 
-9 -38 21 -7 61 26 -51 87 -1 66 -30 54 -15 -20 91 48 89 48 -8 -40 52 -92 -55 -43 -4 -28 -4 63 -59 4 59 -16 83 -98 29 75 -12 6 -45 3 -9 -70 29 27 15 81 72 -53 100 -19 34 83 25 -9 94 71 88 39 -77 -29 6 5 76 -35 100 -17 -57 6 37 30 -57 2 72 49 -82 57 -76 -94 -30 43 -86 -87 81 66 -66 -12 100 -91 -79 -88 -45 -64 80 -81 -22 -43 -76 -32 -87 -48 58 54 9 -41 47 -7 15 44 17 
-50 -73 -40 -60 14 61 -76 30 -15 -30 47 -84 63 -58 86 28 14 -77 79 99 -97 -2 -3 87 73 4 92 19 -91 -96 28 -3 -20 77 -74 86 -51 87 -30 84 -81 81 85 26 -10 12 -86 -28 39 67 49 15 -64 -65 90 40 85 94 -46 -41 90 -21 25 12 40 -95 98 -52 -80 -46 62 55 28 -67 -84 -80 -28 80 1 -38 54 -44 66 52 -81 -9 -7 34 30 -10 31 36 48 43 67 92 18 73 9 -36 -46 -32 4 -65 84 -99 14 -58 21 
27 -14 -31 -99 16 -79 -52 -7 -50 52 -53 29 -99 9 -70 -81 39 -22 -77 -24 -26 -100 -44 20 80 -7 69 -66 -38 42 15 32 10 96 -35 94 73 3 -77 53 -71 60 60 33 -87 -40 -87 57 -25 -43 -31 -2 22 54 91 -89 -100 -79 83 30 -39 -98 -76 83 -13 86 -28 32 68 23 43 -13 -73 13 82 -22 87 -11 -84 50 -67 38 -30 95 66 68 -6 -5 34 18 49 3 -86 -39 -52 -20 -67 80 94 -53 19 -12 71 -41 -96 -1 57 -47 79 
48 -49 96 -26 6 2 -68 -69 89 -86 76 -28 6 15 35 48 -6 -38 8 21 76 -79 -19 20 -98 71 50 -48 21 -36 19 -64 -80 79 -60 -84 -98 46 -35 50 27 -95 -66 -29 47 49 -71 64 -83 41 72 -18 -58 -78 22 30 55 0 49 81 20 87 96 -77 13 84 -29 -29 -21 -15 95 -43 -67 -55 -29 36 -9 20 72 -45 97 43 -56 42 -57 -55 -58 54 40 44 -38 52 -83 -20 90 -2 -28 -63 -68 52 35 3 30 -24 -90 81 35 85 -70 
-68 -61 93 32 83 -96 88 47 70 -61 -75 64 -9 -90 91 -84 -43 -97 39 -91 23 34 -67 -89 55 -27 -23 -66 -39 -4 -74 43 -51 51 -42 73 37 -18 -52 -40 -35 -77 15 36 64 -54 -77 -28 -20 82 73 49 98 46 37 -30 -96 59 -79 -95 -7 15 60 -54 21 -78 2 9 45 44 -86 53 42 15 90 -55 25 10 -44 -90 -94 -72 -60 -19 13 30 -84 24 68 -79 -28 67 34 -53 43 52 -3 -91 52 -58 -64 -64 29 -47 -81 33 -38 17 -10 
61 -19 -68 -100 -25 -27 -5 80 -51 25 99 86 9 53 55 59 94 -19 56 50 44 34 88 7 -85 -49 39 83 48 86 11 -71 92 13 -95 0 13 54 -35 88 79 -28 -95 45 -68 -34 51 65 50 -63 -3 -18 -24 -95 -4 -85 42 -52 40 0 -75 29 -1 -39 67 65 87 -59 73 89 13 16 -69 -30 -6 -19 55 -44 -18 49 81 -44 57 -62 -99 2 -85 -10 7 67 -5 41 30 -93 78 39 0 -3 51 97 29 -36 -26 -46 -4 -31 6 -69 71 
39 71 27 59 20 9 7 -9 29 71 96 70 24 -79 -3 -81 43 67 35 1 58 -68 12 96 15 -6 -38 -12 77 19 14 25 71 -29 70 75 -46 -30 -25 10 89 31 -90 -14 81 76 -100 58 28 98 11 60 97 78 67 42 28 -25 -65 -2 -24 40 63 18 -9 68 83 -39 -72 -44 -30 -10 43 94 26 -6 -16 -6 8 13 66 69 40 -42 21 65 79 -46 1 -43 67 77 17 35 90 -45 -57 7 -44 -65 51 -76 -39 90 54 11 -12 32 -57 
-35 -31 69 68 11 62 -35 70 83 32 73 -3 -57 -37 50 63 -91 -55 -70 -21 -12 -47 -95 -96 -61 92 2 -75 -21 -73 -20 74 -76 64 77 -68 -36 -9 -52 89 -25 -57 66 -100 61 53 -23 -42 -23 -36 53 -12 -12 -26 -46 -11 58 -29 17 -92 -76 72 22 28 2 31 -74 23 -96 59 -12 67 40 -87 32 -42 -29 -99 40 -96 -20 -96 -91 -93 -52 -46 77 89 -2 53 9 -88 47 -51 -68 -65 76 -92 97 23 44 -41 -50 -25 58 62 46 40 14 
70 70 53 43 20 -78 14 -59 -12 48 -94 -21 68 -55 91 -40 28 -61 -60 77 -35 30 -95 -20 -74 100 19 62 -59 -34 75 -6 -77 62 -95 30 -14 -65 -13 -95 94 -3 23 -18 -53 -33 -89 -54 -62 3 -8 60 -1 -12 -78 -42 -34 42 94 40 95 -43 51 10 -4 71 -9 -10 50 4 13 55 40 -41 -84 48 44 -69 70 -47 89 -65 -67 -76 -28 80 0 94 21 -56 95 -69 -69 -91 5 -27 47 5 86 -51 31 -91 4 -97 81 -66 17 -18 -2 
-60 79 50 -37 -33 98 96 16 19 -85 4 -15 -67 92 -92 -43 73 -87 -32 -84 87 -32 47 -42 -75 -90 -27 -10 24 61 10 -41 22 -1 -67 -88 -86 -8 -49 -34 -43 -75 100 7 -16 58 -55 18 -98 -25 -50 -10 18 -78 -87 51 65 100 15 -47 -27 -19 28 84 -2 58 -2 -32 3 2 -73 -69 -54 -22 36 -3 -82 47 -32 -9 -50 7 -11 1 -78 -37 -57 -73 20 27 4 -29 -55 13 -46 -97 62 41 37 -88 72 -76 -98 -73 69 -81 -84 -42 9 
-54 63 54 -21 64 -48 38 75 -35 -87 -25 -62 69 -41 58 -3 66 -61 23 -73 -14 73 18 -3 73 -36 -51 -90 -8 -27 -72 87 19 93 -60 -29 -18 -78 53 -86 24 -9 38 47 -94 34 7 88 -37 67 17 -93 -4 71 -62 -54 -33 -42 17 -5 75 -11 -94 0 -37 -71 -27 56 -99 -81 -34 -96 3 95 -41 -51 -36 27 2 37 -86 -45 32 0 -46 69 24 -3 36 20 -2 -46 63 38 -72 43 -25 -97 95 87 -58 -53 -31 12 76 87 -42 84 2 
-34 92 23 -8 -34 72 -44 -46 1 -18 -62 -43 85 58 67 -6 33 73 13 -26 -97 62 -64 -68 93 -67 -10 -50 70 50 98 65 67 11 76 -64 8 -12 61 89 -17 70 39 -81 80 41 37 -92 88 28 2 -27 -46 -53 -64 -20 12 10 82 -15 24 47 79 -72 -42 -75 4 77 38 -33 -65 99 -56 82 -8 -90 51 24 86 -91 78 -13 18 25 -5 99 -13 -61 59 35 23 -56 84 -33 19 11 -13 -95 -75 29 23 4 70 85 69 59 -18 76 -86 
-100 -21 56 74 98 -19 -47 78 58 -32 -62 -5 32 -30 88 -33 -88 -36 -76 -65 29 -67 -100 -13 -12 57 29 81 55 -70 -35 -99 -7 -76 -43 -26 44 -93 -35 74 -5 -89 -18 62 -35 -26 54 43 -48 59 -4 69 -22 -95 -74 -76 -82 -82 -33 -1 67 -95 45 -81 -10 55 -1 6 -21 -86 -3 99 -13 -22 78 -84 -63 -20 77 90 -61 -70 27 -47 100 59 -29 50 -22 33 -58 -78 28 65 -60 6 15 -25 70 74 -99 -36 -62 87 70 -53 -10 -69 -54 
25 -1 -90 -30 -46 74 91 -96 -59 0 6 98 -53 95 -6 60 16 1 -42 -36 4 73 -69 -31 28 -53 -48 36 60 4 71 -71 -42 10 -27 28 20 12 -67 48 -27 -85 22 -32 1 -17 -55 40 6 1 52 -13 -80 -18 -45 -42 91 84 -66 58 -78 30 67 19 -38 90 -87 79 76 -21 65 -60 23 -25 14 -51 80 -2 11 -22 76 0 -76 26 59 -11 -74 22 -26 92 -23 100 68 -88 -77 -13 46 -28 -33 -60 25 44 57 85 -69 68 46 -24 21 
1 36 55 -1 94 -35 -2 -38 96 78 -71 53 49 -38 -43 25 -72 82 97 37 -32 59 -89 -9 58 93 -47 -25 -86 38 4 -81 61 95 27 86 36 11 99 77 -15 -54 -36 -16 -91 -94 40 -59 -56 -44 97 -6 3 -81 19 -49 37 -79 80 -25 89 -84 63 72 -35 -98 33 -88 36 -10 29 62 -44 -12 46 86 -31 -31 -75 -71 58 -77 -76 -22 -30 66 -76 30 14 -28 4 44 -44 26 -56 -36 27 -56 81 -71 77 -7 11 -12 78 -52 19 -74 24 
82 -40 -6 -98 -55 47 86 -60 -43 -44 51 -16 7 74 25 -17 86 1 20 -41 41 71 -61 -27 74 70 -1 -2 95 -41 -38 0 73 -65 98 -15 -60 63 34 -4 8 -55 -30 14 77 47 -14 70 47 19 -29 12 88 6 91 91 -20 -4 12 42 -88 -54 -66 27 76 100 10 33 85 93 -24 -80 39 35 53 43 65 -91 83 91 48 -37 99 16 22 97 66 -50 -27 -4 35 48 50 12 -81 79 -67 5 82 83 -80 28 8 -52 23 -52 83 56 -9 
-62 -63 24 -73 -54 -4 -66 -29 -63 69 4 18 50 23 -5 -62 93 89 -38 78 -11 62 68 83 -79 -3 43 20 -21 71 -13 2 -75 -57 -21 74 12 -4 -67 83 -62 -97 90 17 67 96 -15 51 -81 59 77 -44 83 91 55 -59 -63 71 -29 23 -14 -11 -46 -36 9 25 65 -55 99 86 -99 -34 -26 -32 -42 -36 2 95 92 96 -97 -81 -86 42 -84 -70 -71 -37 38 64 53 -78 66 12 70 -52 -44 25 -42 64 -38 -38 -9 90 -58 -25 -66 38 -83 
-90 78 -6 15 45 85 -14 -57 -76 25 30 -68 -22 16 86 -73 80 -69 -80 -98 -96 -91 38 37 93 62 -73 -66 45 -11 73 52 -9 35 -8 -47 71 -23 -52 -41 -55 -48 36 14 55 26 72 99 62 97 -33 1 61 3 9 -1 -32 -63 8 65 73 -93 -90 34 -30 -78 5 61 77 100 29 0 18 29 -13 54 54 63 40 73 52 -74 -67 70 10 100 -80 -34 -5 -77 23 72 67 -89 -12 64 82 -52 -100 -70 -82 11 -27 -75 85 -96 -22 93 -50 
-74 -99 100 -88 -31 -59 -97 -4 -63 20 -90 93 -17 -18 67 20 78 -48 -74 92 -59 -85 59 69 -79 -20 31 96 -68 -25 30 -17 -52 -76 -86 -52 -87 -31 -68 -44 67 21 -3 79 -74 75 -40 -13 18 56 -70 -86 63 51 88 -39 -64 30 -44 -63 -58 23 13 30 -31 -87 -95 -75 -70 -34 -6 9 36 -87 -64 -45 9 33 -18 56 93 91 -26 100 61 -85 42 92 23 -83 -89 -59 4 -87 80 72 73 57 25 23 84 -70 54 11 67 74 -78 -15 37 
-44 83 77 96 44 -60 52 -36 34 60 -30 22 11 -51 29 55 -82 93 -9 48 -52 -67 87 -71 -92 90 81 -69 19 -77 74 40 70 -17 -76 -30 -57 -78 18 -74 12 -86 80 24 54 -86 31 50 42 -20 -89 99 -87 46 54 -62 -28 -27 33 -84 -76 -40 26 46 64 -8 27 -55 -73 -33 66 -2 -85 -14 97 -53 -98 83 5 -12 91 23 -82 -22 -23 4 88 -1 -31 15 -7 -62 32 -55 28 -75 -45 -72 77 6 -46 8 73 5 -100 -39 100 80 -95 
23 21 -87 -53 92 -82 30 25 -1 30 -51 81 58 -35 -100 -94 -49 -4 35 -14 -29 -47 -74 82 -37 56 51 -34 -51 -49 69 -42 10 -11 26 -71 -70 -20 48 -48 -21 -36 -9 75 32 78 -58 51 -11 42 -14 93 -98 88 93 -54 26 -36 -18 -99 15 76 -69 -82 52 63 37 45 48 -79 -8 26 -99 -54 77 6 60 -9 -10 -84 25 15 55 -49 25 76 96 47 -31 65 26 56 -73 90 -44 32 -84 -14 -25 -22 -54 -30 -18 14 15 -3 81 -89 -75 
79 -6 10 48 16 -76 -83 -16 -10 100 -59 33 40 -68 57 -61 -59 24 -34 -17 13 -14 30 -90 23 -68 -67 49 11 97 -38 -62 -89 -82 -37 -23 22 14 72 62 97 -68 45 90 22 -52 50 -91 -93 -68 75 33 -84 83 87 40 28 -75 21 71 27 -28 -59 -36 82 -29 -17 -72 -61 -8 62 -33 59 -85 35 89 95 45 88 -25 37 -22 98 19 -27 -61 -11 83 -33 -75 18 -91 17 -96 -4 0 -78 78 -76 8 -69 -21 -37 7 53 3 15 -27 -65 
20 83 66 58 -61 -100 -30 96 42 34 66 11 -74 -69 89 -19 -14 -37 65 -93 -46 -56 -25 -49 77 21 51 20 9 34 -19 -83 15 69 100 32 81 -43 -13 -74 28 25 36 73 97 -48 80 71 -38 59 -60 15 20 68 -25 63 -6 -30 -29 76 -47 61 -36 -94 -55 -21 91 72 49 -94 8 39 31 -97 76 35 97 -92 24 60 -16 100 -30 58 -41 47 -51 -33 -54 -64 -14 63 92 66 50 -85 52 66 -13 4 88 -36 -30 -2 -90 88 -99 28 7 
18 56 95 -76 91 10 -18 74 -72 -43 16 2 6 -26 -41 -91 -40 -42 2 65 53 -95 -3 -48 7 -49 -78 -100 29 -68 -26 -79 -19 57 -57 83 89 -59 -16 87 -40 78 -75 6 -58 -12 24 -47 38 77 87 -62 -23 -96 -17 87 4 -12 21 85 -18 -75 94 49 -29 -89 -22 67 30 -67 -59 28 -89 79 78 -60 -45 95 4 84 32 27 93 1 56 -85 97 2 33 96 -90 84 -53 1 72 -11 64 93 -100 -45 93 -87 16 -16 -74 -42 34 -27 75 
13 -24 54 -83 42 -81 -84 48 -6 56 -28 84 47 71 -18 72 27 31 -44 22 -57 2 33 17 -55 17 69 45 4 72 39 35 25 55 -91 27 50 96 73 -58 41 -89 -79 45 61 87 10 19 -60 22 34 52 -54 69 15 -87 -40 46 67 13 82 40 -44 -56 -8 31 -22 23 41 95 24 -61 -62 35 38 -56 -48 59 -37 55 -69 -27 -25 -17 -20 20 -61 -75 -9 88 -11 -52 -15 37 86 28 -13 20 -82 71 -86 44 -87 4 -95 31 74 -48 32 
-37 -64 54 -85 -98 85 14 -25 92 100 -70 73 -61 6 0 15 57 -44 -89 -67 6 8 76 -44 -2 -2 -32 26 36 74 -52 -70 -67 83 5 -89 31 48 -77 98 54 -56 48 34 -58 49 -81 -24 -41 -98 -35 15 -13 98 -79 -73 1 -43 4 36 -64 -7 1 13 86 -58 -91 -35 78 -14 -93 -18 72 22 37 5 41 -75 64 96 -95 -84 92 83 58 -50 15 -96 9 46 47 87 77 -66 -88 69 -93 6 -36 -17 -10 62 -18 -99 2 33 97 -22 -47 
14 76 64 71 -8 -18 96 -89 -3 94 -22 -95 -61 35 24 93 -66 -28 -5 -90 -68 40 92 12 18 -97 -75 -16 -15 5 -77 11 65 -71 42 68 5 -91 97 -34 31 -23 -11 -66 -31 51 -16 -23 13 -30 6 -18 -43 -96 77 87 -44 -42 -77 -90 -93 68 -43 13 -62 64 -99 4 -21 85 28 -36 9 -59 -65 63 1 83 -94 -83 -25 39 -65 -54 -43 -80 47 -54 -53 -26 48 1 59 48 25 7 47 -68 21 48 37 67 83 -55 53 83 14 -82 6 
35 73 80 -22 83 5 -57 6 57 -87 88 -56 46 -26 2 -1 -88 -22 -27 -24 79 16 22 -67 -79 -9 41 -99 5 34 -42 -33 7 -49 -51 -59 46 -49 -52 38 -80 -96 85 70 88 61 -14 -89 5 19 -59 -30 97 83 9 78 32 97 -98 -38 95 -88 58 -63 -77 71 -21 -19 70 66 -31 91 44 95 36 50 -56 17 -22 30 83 86 9 -56 -54 69 -7 94 75 69 36 -81 -80 -10 -68 -22 -18 57 38 36 -63 -23 34 18 51 -31 47 -18 -21 
96 89 68 36 14 -6 55 -78 -94 55 1 -70 -97 -25 -18 -23 38 -18 51 2 89 17 -87 55 -33 98 -69 -73 2 4 0 76 -59 70 -46 22 -69 -12 5 -31 -68 -52 -44 -35 53 -26 99 -59 22 16 37 46 -81 93 -16 64 75 -45 9 68 -82 29 -39 66 -34 -34 -31 -73 27 93 -98 -8 -92 -10 4 55 -95 -82 4 79 -82 47 18 32 25 -65 -62 -38 -83 -42 -24 -25 -82 21 -11 16 69 11 45 -12 -39 -95 5 32 33 31 81 -35 -61 
15 -12 -82 35 75 -28 75 -44 -8 96 -66 20 -9 65 -60 -56 34 -3 93 -55 -97 100 59 -54 46 -81 24 10 -19 -54 -64 25 -43 -57 -81 75 -66 40 -80 -24 47 77 43 -92 -87 93 -22 -50 -54 97 38 -54 -74 3 -80 64 26 84 72 -1 25 -47 -28 3 -45 -62 5 -83 -22 8 -47 -4 -87 79 -56 44 95 12 -69 66 55 53 -25 54 -44 22 -60 11 -95 -46 8 25 87 -54 78 -93 -96 62 -5 91 78 100 -47 -98 61 -41 -52 45 71 
-15 -59 69 -82 23 18 25 -35 32 -68 -21 -51 34 -35 26 87 11 55 74 -92 -49 -94 1 -36 -51 -80 79 -37 26 -90 -15 53 86 87 -4 -73 -72 66 5 2 31 -97 6 -29 45 -10 -48 99 86 -2 82 44 -6 42 -88 34 -76 48 14 -67 -61 -79 -70 45 -35 82 -85 65 -66 3 -12 -80 -41 -89 22 -25 41 -84 -45 94 -66 99 -66 -15 46 -93 34 34 31 22 69 -18 61 18 10 16 46 -54 83 -53 -63 77 -78 -100 15 -95 -39 -23 28 
25 84 -8 82 43 -17 -36 -7 -85 -1 29 19 9 -88 16 22 -47 14 -58 -11 -62 13 66 76 41 -5 -57 90 29 -31 -11 -36 19 61 100 1 -26 -28 93 75 57 -37 92 -25 -24 31 -48 -59 33 -61 -15 -16 -44 94 -60 -52 19 -35 77 -65 53 24 25 66 -63 76 47 74 51 93 -81 89 -23 37 -86 -43 -100 -52 78 53 -98 51 -94 8 -2 98 88 91 -21 -63 -72 -91 -29 -96 -89 0 -75 -47 14 47 13 -52 -54 -31 -41 86 12 68 -98 
-80 -77 -15 21 96 10 -38 -48 90 51 86 -53 14 -94 -43 -70 -20 39 -72 -100 -15 -32 65 -6 -15 39 -100 54 -81 -68 30 31 95 84 -87 19 -21 -80 -72 32 1 82 -96 13 -93 -44 5 -80 -18 52 -57 26 -57 28 -55 -3 31 -12 39 87 -50 61 90 14 85 -50 48 -10 53 -51 100 -50 -18 48 49 80 70 -34 6 47 -44 31 46 74 -43 -14 32 -34 44 64 -74 -4 37 93 20 5 75 -10 -55 -13 54 -21 -65 -61 66 88 -28 60 -67 
3 94 -37 -3 -71 21 0 -84 -82 -5 -88 35 79 27 -49 41 -68 -36 -34 -27 41 70 82 -92 2 -17 -97 27 -15 39 -86 -80 -50 30 91 -87 28 12 -93 91 -50 -52 96 -19 -66 80 -91 31 71 -78 -23 -42 99 67 -16 95 -81 -68 18 97 2 36 87 18 -87 -79 -4 21 -38 -70 -81 -74 -48 76 59 79 -13 42 90 50 95 72 -19 -84 -81 35 -15 9 42 -19 -32 65 -76 48 -76 64 -4 -26 0 -30 -88 69 49 -43 -100 -85 -36 -73 -58 
-53 -55 -88 10 42 25 21 22 18 -6 50 61 86 -20 47 15 100 -94 0 79 -83 -46 2 -40 48 68 -6 -39 59 34 -96 59 -6 4 83 6 16 18 -88 -53 90 60 48 -87 25 -64 -66 -20 12 51 44 24 19 -8 -68 -80 -71 76 -21 44 58 42 -71 -1 -90 -99 84 86 -58 -62 -40 20 9 85 -82 -32 -9 42 -42 100 13 80 70 35 13 -100 23 81 -8 25 -79 -75 -62 -34 6 82 43 -20 17 -68 -85 -33 31 66 -26 -80 12 -97 -97 
-27 -61 -87 -23 -83 -45 38 80 -38 -73 -36 -64 32 -66 -5 -66 81 64 69 74 90 -66 -59 68 64 32 -64 87 -95 -15 64 44 -27 6 73 14 -11 51 -29 -75 74 -26 56 -95 -39 21 -30 -33 71 24 -75 60 -100 -83 90 93 -92 -78 39 22 -14 61 57 -35 30 88 50 -21 -43 -48 -60 -28 85 69 -98 70 -20 4 -20 -44 76 63 -99 -43 -38 46 25 16 -89 -9 -90 -92 -65 -28 15 -24 57 26 -38 93 14 -3 -4 -49 53 42 21 -5 96 
52 -74 64 13 1 88 -95 33 33 -14 -5 -81 100 19 62 -9 -57 -81 40 -46 -21 4 30 47 -26 -91 90 86 -87 34 15 -38 -99 -48 -26 -70 -55 44 -43 -100 -98 -4 -18 -15 -49 -10 -69 4 47 -78 -42 -85 -21 -59 -88 -73 -55 78 22 83 -99 13 -12 14 25 -1 70 85 99 -96 -86 -75 -70 87 -44 -94 71 -80 -57 54 2 -63 16 -26 77 -82 -25 -42 37 -16 84 24 -53 49 59 -21 0 18 -30 -2 -27 54 -91 -78 -77 -6 -36 -92 5 
-36 -34 -81 49 30 -92 93 -98 -80 -10 -99 88 81 -24 -91 34 29 52 54 15 -42 84 -5 30 -26 96 17 -36 87 40 -51 -57 -95 -34 20 19 -82 -16 40 65 11 57 -33 -23 23 22 -65 73 44 -23 -74 32 29 18 -81 61 -25 -25 -7 51 66 26 78 -46 6 89 -90 -77 -10 66 9 -96 -42 100 -24 -50 32 39 -67 40 -53 15 -52 87 79 49 -29 -49 -62 -54 58 93 -3 31 2 -12 35 -75 -47 90 -42 -8 29 -57 96 91 85 -28 -39 
50 -11 -34 100 4 -48 -6 39 55 -64 -5 -62 -19 4 56 -90 -72 -81 -45 -21 -85 81 -29 50 30 17 35 75 -77 -62 -62 85 -82 -77 -64 -39 18 32 -13 4 -96 75 -79 87 -75 91 -34 91 -100 -44 -88 -72 -29 -51 50 28 64 -36 -33 -52 60 87 59 92 -86 58 -58 72 99 -41 -31 -38 64 60 32 54 -74 -35 56 30 20 -36 79 -98 47 -24 -40 42 57 -73 -41 -59 -69 -83 44 -46 -90 -12 -6 -25 -86 12 45 17 -50 -26 62 9 90 
55 73 69 75 -23 -47 -10 78 -38 -34 71 -20 43 10 56 65 -82 74 52 -97 -4 33 -62 37 -58 -40 58 -32 55 36 88 53 -95 86 2 89 30 25 -14 13 -89 98 -62 74 -52 -51 -31 59 -59 63 14 69 -84 54 12 38 54 84 -26 26 42 -52 -74 -54 37 46 -23 -78 -64 -77 93 24 -19 -54 21 20 -19 -69 58 -11 5 -45 -74 95 -60 -69 -77 5 22 -67 -33 94 85 -2 84 24 -10 -4 55 32 21 11 68 -57 -83 -81 77 -100 -71 
-12 69 -92 0 -24 -98 -62 -21 100 -66 81 -30 3 3 48 99 94 69 16 -3 91 51 1 -30 77 82 -57 -13 -99 74 66 -84 16 15 81 77 54 -89 -28 -40 45 16 -38 44 -20 19 -62 72 -42 9 -31 -6 55 -89 83 -66 62 -75 -62 -10 -68 33 -14 27 -19 -81 7 -65 98 41 47 -63 91 33 87 -67 -37 -38 -88 -18 -90 -23 52 -48 66 4 -84 -55 -64 82 -73 60 80 74 -29 76 61 -67 37 -45 7 42 99 80 9 -36 65 -52 81 
42 2 63 -6 6 -59 -50 61 -5 -50 88 68 39 10 60 -65 71 11 73 90 -99 -75 76 25 -29 -35 -27 12 -85 57 94 -9 -41 13 -77 29 -87 83 22 -21 -4 96 -13 81 74 47 -99 -44 -84 -6 -40 97 -47 -37 -95 80 -74 6 60 -28 -23 50 91 -53 -53 88 -30 -83 61 -68 93 -77 -5 27 -52 8 -26 -15 -80 32 -55 95 69 -39 -59 -33 97 64 50 24 -74 32 20 -33 -42 41 -8 -88 -13 -29 -71 -37 38 -99 -95 73 -33 44 32 
-65 21 -12 -90 85 -69 97 -100 35 93 -89 -47 44 -59 -69 -61 -14 83 -91 -34 -45 -40 88 -73 -92 31 -97 -53 52 -66 -73 -25 -85 -79 24 24 21 -24 96 -86 61 -12 6 -99 97 41 29 35 -57 44 72 -61 38 -81 52 8 80 -85 38 10 -12 64 83 73 -64 -68 85 -49 -54 -80 20 -54 -26 -36 33 56 -4 -98 42 39 -17 -6 -72 -97 98 16 -12 -73 -50 -80 -33 -74 -11 23 -13 21 9 -27 61 17 -23 -64 97 -27 -27 -64 -76 45 42 
83 -24 -17 57 79 40 -77 80 19 -19 -93 -19 39 57 94 -8 -77 99 -87 -46 70 34 -89 -1 92 -99 90 96 -19 -64 -17 50 -72 80 7 13 66 17 -46 69 56 9 95 9 58 -47 1 -29 -27 65 39 -86 -92 -57 18 -1 -63 -43 19 -22 -84 79 22 64 12 35 65 -70 22 -3 82 56 -91 83 -30 -34 4 94 2 74 39 31 53 -19 3 -4 -15 -90 29 16 39 -97 -81 67 95 -57 -11 -29 68 51 -65 -80 -69 -16 18 -49 100 28 -70 
