-36 -28 14 0 3 -41 27 -87 79 61 -35 99 41 15 47 85 88 -83 31 -94 41 14 44 -75 -82 88 57 65 1 -22 39 51 -43 81 73 53 66 61 -4 42 24 53 40 63 24 -48 -25 -21 -37 -48 36 -54 -17 -28 -40 -8 13 58 -86 57 -94 -78 84 1 80 54 -94 -2 21 57 57 51 -51 56 70 27 -15 59 74 -4 -84 -51 -73 58 -52 -22 -14 -38 69 39 -100 100 -11 -60 32 -97 65 15 43 -6 80 99 35 -43 -14 -83 
-93 94 62 -44 -27 100 68 -68 28 -15 -55 -48 -90 57 89 -18 -98 -26 29 69 47 -41 -38 11 -26 60 34 25 3 56 -23 -23 -74 10 80 7 -48 -30 69 93 -100 -4 77 -27 92 -63 -39 -65 34 -59 24 -18 -40 -26 74 -40 91 85 -4 -77 75 31 15 7 -41 -80 30 -69 -7 -33 -45 69 94 41 70 -24 -69 -91 96 -92 -87 27 -80 -47 -47 -76 -38 19 69 -53 -91 -81 40 -57 -99 15 94 -17 1 -89 71 -83 -32 46 38 38 
-37 -53 -91 49 -59 21 -34 -13 83 58 -18 -82 1 25 -52 23 87 -21 -76 57 67 90 61 37 -1 8 46 -9 -10 48 -5 56 58 -66 56 -71 -26 -10 -74 23 -51 13 69 -91 46 89 -47 -99 9 -60 4 22 -52 99 38 85 41 -79 87 -88 100 -9 -26 -69 -34 57 -75 -70 -84 -96 -84 -58 40 -90 37 -4 40 -28 -38 47 6 -94 -17 65 32 -76 82 -30 34 -93 -53 11 100 -59 49 20 37 -64 67 -100 68 -19 -25 7 38 -66 
59 80 -96 71 68 18 -98 -83 76 30 61 -30 86 73 -35 98 69 90 56 -22 -25 -58 -31 73 -2 42 76 63 -33 -68 -77 -28 -3 -86 -52 76 -64 -77 86 -65 -43 18 -57 86 21 48 40 -82 39 -49 -91 -97 90 62 -98 37 18 -42 19 47 -61 78 44 -89 -33 2 -74 86 -43 -5 -2 6 -84 93 -58 22 -13 89 -70 7 -65 39 2 75 -21 -99 50 12 -77 -78 23 -46 -100 -74 22 29 80 -13 56 -95 -56 46 -57 87 -24 20 
2 6 -43 75 -36 -7 -87 26 82 72 -2 -46 7 9 -79 1 92 -18 -91 -30 58 16 -36 -46 -15 98 70 -59 -73 98 -30 84 14 -59 -66 97 -22 14 -24 -22 55 -18 -44 -84 57 69 94 -91 76 -6 -16 -25 -86 48 -78 -95 -23 61 5 -45 -47 -11 -71 -17 -84 81 -54 -78 12 51 56 -39 81 38 40 32 -66 44 -52 -35 47 45 60 52 6 32 4 -93 85 17 -99 95 2 38 82 54 -67 73 -96 78 -29 -4 -87 -24 -84 54 
28 -6 -44 -82 -16 -78 -29 43 -23 -90 -95 -37 -27 -35 97 -24 66 -42 -23 -95 -41 -82 99 -16 50 -68 -77 95 -100 -18 88 -23 -35 19 -90 55 -12 61 81 -51 74 73 -30 47 -9 59 22 57 24 6 24 -32 -82 69 19 39 11 91 -88 15 44 -51 28 -15 -50 75 88 -71 -58 49 41 -43 94 -92 26 31 40 -86 -47 36 0 -29 64 -26 71 24 -74 -54 7 85 66 -58 -57 -92 -17 43 -26 23 -53 -4 73 -83 78 72 -98 -12 
-30 -88 13 -68 -42 4 -43 -69 -88 -35 67 64 -46 29 -42 -11 -40 -45 -14 -87 84 -37 -88 -69 -27 89 -4 54 -59 4 -70 61 -5 -56 -99 -44 -99 1 21 70 -97 -85 54 -3 -29 -51 35 20 -14 -83 -76 -85 42 70 91 -13 -58 46 -84 3 -72 75 14 88 -91 -32 -64 94 4 5 -87 95 47 55 -72 53 32 -10 -77 62 18 68 85 96 5 25 87 -17 6 86 69 48 1 34 -40 -86 98 6 88 -26 23 0 -95 -48 100 -8 
65 -46 31 -75 30 -16 31 -95 -84 56 93 -56 56 -91 -68 96 10 90 -46 83 21 41 -24 -33 63 74 70 6 -100 1 15 -68 -13 64 -70 -4 43 -24 -72 -13 -11 20 -68 -64 54 -37 42 -31 -40 -88 82 71 32 -26 -28 20 -37 -41 -94 -22 74 67 -47 -60 22 -85 84 -21 -9 -21 -84 -82 -22 -56 -16 32 -75 18 24 13 87 -56 47 -16 12 -52 -34 77 -4 59 -27 -30 92 74 -22 48 -63 -31 -61 13 -41 86 33 -1 88 -8 
-31 -73 -62 -93 -4 2 42 -50 -4 66 -65 -92 6 -7 82 -97 -58 -32 -57 50 -43 10 -83 48 -7 -89 -4 80 27 -75 -26 -94 72 -25 -64 19 79 -96 94 -23 75 31 51 67 17 85 -72 -11 -37 41 52 0 100 -48 73 46 -93 88 -15 53 -54 83 52 57 -94 39 95 -97 74 -6 8 82 -6 -45 84 29 -97 -1 47 -39 -27 11 41 75 -47 -31 84 -74 -8 64 -100 -93 -34 50 50 34 8 -7 32 45 -41 -100 -22 53 95 -87 
33 -16 -57 -33 -18 -78 57 82 -67 36 -19 -42 -14 84 -5 -56 -21 85 -11 -48 -1 -88 37 37 26 97 -13 33 -1 21 9 -10 99 -77 61 53 37 -87 65 -100 -32 -29 -46 -35 81 -100 -40 72 36 -22 -29 -34 -77 14 -99 4 49 75 92 -53 40 65 -71 -9 -42 15 -96 79 -35 -90 -16 -83 -73 -77 -82 -42 90 -35 -9 -54 32 27 -16 -77 -37 -10 52 -64 -56 -31 7 37 74 49 65 -77 -83 -39 51 55 47 2 27 -16 96 96 
-21 -40 -61 34 30 82 39 -55 43 -28 43 58 -62 54 -77 13 -60 -86 90 -83 60 34 67 -91 -87 -63 95 33 -48 96 31 81 -38 -35 36 -94 99 68 -35 75 -82 -16 82 -55 90 38 -90 -80 12 -81 13 10 -50 -41 57 -49 -26 -14 -15 -77 68 -23 -93 -27 -58 15 71 44 47 -23 22 -75 34 69 47 -100 -88 10 -49 31 -57 13 -28 -16 79 35 -68 68 -25 -7 24 55 -35 -42 -71 -58 -55 -47 63 54 74 -24 -3 -56 67 32 
94 58 99 77 -26 -80 61 9 64 16 -50 21 39 -34 76 27 88 -64 -15 92 -38 98 -83 -5 -12 63 93 76 25 -83 -44 48 0 -38 -31 -34 65 72 9 27 58 -92 -51 -73 26 19 -24 40 42 -68 60 -29 36 -36 -26 21 42 6 -18 37 14 -97 69 70 -6 -96 -37 -65 36 15 17 43 -36 -35 42 70 -14 -69 -39 84 96 27 -9 -24 15 -54 58 -13 38 -92 -27 76 66 -3 -54 -97 76 -83 -84 12 -28 17 -69 58 -14 -67 
40 15 34 72 -5 3 26 93 56 26 -55 1 -71 62 -56 84 70 66 -92 -26 34 22 -34 -19 -8 -85 64 -49 98 -37 25 -83 56 -99 21 26 -4 75 -10 98 -9 15 7 55 74 76 0 68 -84 31 -37 -31 89 -57 70 -68 -9 -41 -38 -37 11 79 -69 -10 -88 17 -8 16 -82 -68 12 -30 64 96 5 81 -72 -1 20 -25 90 -44 81 -15 0 -49 6 98 72 79 -71 -36 20 30 13 96 -54 40 81 -59 -52 35 47 53 -31 49 
-40 -42 34 -66 -11 92 89 -28 64 84 -39 -27 -43 -38 -7 42 -90 -80 -60 54 75 -60 -80 -20 -14 89 -28 -87 -21 58 -42 55 90 -96 56 33 -66 84 49 64 1 0 -51 -48 28 -21 26 41 -53 25 -74 96 -31 -70 23 4 99 -42 -48 26 46 14 99 -54 39 -63 73 -21 85 -99 63 53 41 9 -61 35 78 57 80 -86 14 -91 56 24 90 43 -71 -8 58 61 -31 82 -60 20 15 65 -53 3 99 0 21 -56 -38 -47 31 -5 
0 93 19 85 -54 90 -59 -4 12 -54 -35 -12 -49 -17 -56 -16 -66 -32 98 32 -43 98 75 -61 59 -15 56 -34 62 -99 43 -20 9 14 -25 -10 21 -76 24 -18 95 94 95 -77 94 -36 -75 -25 -40 -88 2 15 58 70 -48 -95 -98 -58 -1 -100 70 9 64 -91 -99 29 -34 -67 78 -47 -44 -37 -85 -2 -59 -8 -93 76 -29 -51 53 -22 34 -78 -96 -85 50 98 28 10 -38 -24 52 -10 -79 -7 -4 56 50 -12 -77 -59 -99 1 -77 92 
61 67 -6 -20 73 6 9 -90 83 90 17 5 -30 -26 33 -52 48 -6 -81 8 77 -96 42 28 89 -2 18 -9 46 -35 75 -42 45 71 -97 -61 -61 76 45 66 55 -41 -26 51 100 -76 31 93 -36 49 -89 -92 4 -22 6 -55 76 -70 -41 0 -72 30 71 90 91 58 92 1 41 -75 -81 -27 44 -28 5 -82 92 96 51 -8 46 -84 9 56 -14 -69 21 55 -16 54 -13 89 15 -8 96 5 89 61 -83 -98 -63 44 42 54 44 82 
-21 19 65 -90 -60 49 87 -21 97 13 43 20 -70 51 -72 -42 61 57 -64 90 -75 30 -54 52 -6 -69 -58 35 80 56 -16 -10 -97 54 -29 94 57 -52 -75 22 44 30 79 -29 -13 16 93 -49 -54 -75 81 -53 81 -77 -84 25 41 -4 -22 88 -57 2 -6 10 28 -8 -73 -61 -81 91 -42 14 -12 72 68 -47 -91 -26 79 48 31 -44 -56 72 -49 -75 11 -60 82 -92 -25 -40 22 -94 -52 94 55 98 82 -57 39 -89 -62 59 -1 -2 
-53 -76 -18 80 -34 -11 43 -4 39 71 21 52 -67 -67 -60 -16 -53 -13 -97 98 44 -66 2 46 34 -37 -41 4 -93 35 -18 -10 -42 -86 64 -25 -57 96 59 11 58 23 57 59 88 -58 -54 -10 -32 53 -12 13 47 -56 27 35 35 7 -64 82 27 -46 -90 -68 40 -72 100 89 54 -94 57 -7 -2 24 -97 -100 -49 -48 -25 20 -28 -15 -15 -96 -69 51 51 33 51 -7 -31 40 -82 55 -92 -18 21 -97 -20 94 -46 61 -94 49 39 -69 
-64 9 33 -99 49 65 -34 -35 12 59 85 -85 -62 76 -95 -19 21 61 -30 -83 -43 50 71 20 11 6 51 -9 65 15 -24 88 -25 72 -60 56 32 8 98 10 19 -70 54 -25 43 -48 26 -55 -9 -33 -99 22 -100 16 -13 -83 73 99 86 84 0 63 -77 37 -90 -25 -13 48 -72 21 47 -77 -85 -56 -42 5 -62 -67 -21 -51 31 -37 -16 59 25 -92 99 76 48 6 57 -61 70 -81 -45 25 -74 -1 51 -64 -27 -71 27 65 -71 -48 
-56 57 83 43 -43 -37 62 -65 81 -52 36 -33 -38 38 38 88 -7 100 88 33 71 92 -2 25 -72 -29 83 30 -9 -20 -39 68 10 -89 -42 24 53 52 -23 -67 -65 10 69 18 12 6 -3 39 -50 -65 35 3 -95 99 -19 48 -60 -10 43 -70 24 22 75 -48 62 -37 -57 38 -18 -15 -95 -41 -65 -16 -16 86 -96 -19 46 -94 -27 -70 -39 56 -43 44 80 100 30 -91 59 -62 -35 11 -23 25 -99 69 70 -77 -49 24 55 -12 19 66 
100 -38 78 65 -36 54 73 -54 37 -15 14 65 51 -73 18 57 42 -26 -19 -7 -7 -24 40 -27 -98 -24 73 -62 71 3 -91 22 67 21 46 17 69 -20 73 -74 88 87 43 -71 -10 83 89 -7 -44 -22 19 40 -71 62 -9 -98 60 90 62 -13 -30 55 -3 39 -79 -18 -94 -29 -4 36 -77 -76 -70 59 -69 -87 -95 16 -2 -24 -93 51 -3 46 71 91 99 -65 53 -72 -50 39 94 -14 -14 98 87 21 -58 98 -57 -50 -26 30 51 -53 
46 -79 -33 -68 -96 63 38 32 44 17 -73 -52 -18 -63 17 -4 71 54 -18 -63 54 -78 -58 -71 -24 -59 59 50 25 69 22 53 -19 -16 1 -51 71 5 62 -41 13 48 -38 64 75 -18 -87 93 6 -96 -31 2 -34 66 9 27 -24 -7 82 87 -18 -55 -86 90 -14 -96 58 22 40 -63 -39 -80 97 -90 70 -40 -73 -75 24 -25 -81 -96 -48 -66 -94 -86 39 70 17 90 93 9 92 61 -92 -98 28 87 21 67 -69 -52 -29 38 -81 -39 
30 -98 -46 -81 11 43 38 -18 78 -10 -34 -19 -33 -1 79 49 53 48 28 -24 -64 -68 31 100 96 -49 71 -47 -80 -58 82 -33 -81 75 48 -67 74 33 -26 63 58 26 -13 -87 -12 -41 66 -68 -34 91 -36 -1 31 -58 -41 87 -66 -19 -28 -52 -33 -77 -27 -43 46 6 28 63 -78 94 49 87 -10 -18 -72 -4 70 88 56 -4 -30 -33 -62 -82 -95 -53 14 -45 -62 11 -82 -37 42 34 100 79 -65 28 18 -7 91 12 -49 95 73 69 
-23 14 -40 30 -26 13 -47 79 11 -43 37 0 -16 56 -41 46 38 -4 -22 -43 -29 -60 3 79 -49 1 77 27 -95 99 67 -51 89 -36 -25 29 39 -15 50 90 -88 -74 -17 22 8 -46 -87 -34 31 98 -95 88 4 -91 -87 -64 56 -35 15 35 64 -35 52 8 15 75 26 -64 -13 35 -38 7 84 98 -47 10 37 -71 48 -3 94 -58 80 17 42 87 89 -96 -80 60 25 38 66 85 84 26 -37 19 33 -2 -70 -77 18 79 11 -21 
-40 71 65 79 -21 100 -64 -12 -29 35 78 -6 45 26 -15 -89 -49 91 72 58 -63 44 4 45 25 -85 -23 58 -62 74 94 2 -22 39 51 33 74 54 57 82 100 -2 -99 -61 26 42 63 87 -84 -72 60 -33 -37 29 42 98 -72 77 86 -75 -99 85 -35 -33 31 -30 18 -9 -49 18 -100 2 -83 -59 -41 -9 33 -66 97 39 28 100 -49 59 -30 -26 -4 -47 -9 -90 -55 7 -81 63 -56 8 34 -80 -12 -87 89 78 87 95 -8 22 
16 28 -77 18 85 94 41 -71 43 -84 72 57 -54 -54 47 77 82 82 -94 73 38 -6 20 100 45 75 -13 71 -44 -4 -57 10 97 3 79 62 41 43 -78 84 -25 47 67 84 29 -38 -95 -94 85 -5 59 -18 -72 -81 23 57 36 90 -8 -49 -6 -49 -80 -54 -71 85 34 51 -15 -34 -68 72 53 -49 -25 -14 5 71 -52 41 19 -15 -20 17 57 79 33 99 -54 39 -17 32 31 -79 -13 -93 -95 56 -29 -56 62 24 -6 96 53 9 
-40 -93 28 27 92 74 53 -94 -38 -42 41 -32 14 -22 65 -34 -92 -36 -45 31 52 38 -94 -10 -16 -32 84 28 88 83 -17 -98 -90 -60 31 -40 3 87 -77 72 72 -99 -1 -16 5 -69 -22 86 40 94 -93 5 50 -62 38 93 -4 -10 -40 -34 -66 -28 35 3 -99 -98 -81 30 92 -65 -88 92 -68 3 49 -8 21 -31 -52 -50 -71 10 94 -100 -81 67 -16 66 10 52 55 -22 97 35 23 -61 70 68 24 72 -56 32 68 23 65 -57 
56 -54 33 -27 -86 -13 -69 70 25 -72 -13 48 68 -19 54 69 -36 -81 75 39 33 -8 -29 -19 12 64 92 -67 -72 78 79 -70 26 78 -39 2 -6 -9 22 -94 74 -91 91 52 86 -11 59 38 -66 30 76 9 0 -41 94 82 -80 -76 23 17 50 31 -36 67 -14 -22 -56 -54 99 -18 44 71 -40 82 -37 22 90 -22 40 -80 -48 -100 -87 -71 45 -6 61 59 83 -13 -31 -33 80 93 42 -1 -98 -86 14 92 93 28 93 -38 54 41 
-46 77 -48 70 100 -22 -77 -27 35 78 95 85 83 -36 26 6 -7 -1 -63 -22 -96 -3 -46 76 53 83 -22 75 75 -21 -91 -77 -87 -40 -25 16 92 81 -90 -40 94 -78 2 84 58 63 79 88 97 41 38 44 -75 56 77 59 1 -49 21 98 -83 -81 58 -69 61 -85 80 -67 51 -28 -75 -62 -18 38 -88 -16 -86 83 37 -1 38 6 26 -78 -43 70 19 89 8 36 44 5 41 46 -8 53 -78 8 96 41 -8 60 -73 -43 62 -64 
-31 -39 -99 -45 -64 -91 8 73 -49 69 95 99 -71 -86 -79 -80 17 -87 87 -48 2 -95 -9 22 -76 -75 17 3 74 81 61 -32 -30 -59 29 -87 -6 57 25 -47 54 -93 -79 -59 36 -42 -79 65 -26 78 7 46 57 49 -85 -99 58 72 -9 37 -79 -59 -33 89 63 -8 44 16 -47 43 34 -31 -56 94 36 -50 19 -77 3 -49 8 94 10 -71 88 10 -84 76 17 17 38 -13 -62 -26 -14 -58 93 99 21 88 41 -44 70 -30 37 -29 
2 20 -76 -36 43 -24 5 -98 18 -51 12 -81 -88 71 98 -33 36 20 18 -88 44 -34 83 -3 27 -61 -18 -75 41 7 -16 -100 28 -55 71 -34 19 -93 -93 67 80 -9 -40 76 92 3 90 88 -99 42 40 -31 54 58 25 5 -98 44 -12 1 56 -4 -40 -73 23 63 -4 -17 -40 31 7 -100 -3 -53 4 9 -13 66 -57 8 -37 18 -2 -75 89 -91 51 -43 -26 98 -70 -41 88 87 -50 70 79 -77 -57 -16 -41 -77 -25 26 4 81 
74 30 45 96 70 -45 22 -41 -30 -93 -97 21 -42 33 22 91 -97 -56 23 -22 33 -96 -64 27 -3 12 54 -42 -30 -29 -89 3 -23 25 100 -17 84 -10 -91 -31 52 70 66 -41 71 92 40 57 -76 -69 -4 -14 75 17 20 -51 97 2 -26 34 -17 -95 -100 4 71 32 92 -96 30 -20 26 -49 85 -39 98 -93 -42 2 -5 87 -93 -28 68 96 10 -51 6 85 61 -98 17 -57 57 -83 -8 -100 74 75 -62 62 3 27 28 40 -2 57 
-89 12 36 82 27 17 -10 63 79 -14 -8 11 17 -24 -70 71 72 58 -50 16 49 32 79 -37 -99 -64 -97 -25 -51 -60 100 69 -34 -32 71 20 -48 83 28 50 -46 31 22 92 44 -92 -25 -91 -13 62 -83 42 70 -29 67 13 14 -6 -20 25 68 82 69 20 -38 -53 71 -29 57 -48 -61 52 84 -91 -100 -12 44 -59 -24 -74 -70 96 39 93 58 -15 12 -21 88 70 -85 -69 55 34 -42 -51 59 66 -70 30 -55 -30 -77 -24 -7 66 
66 -27 68 -41 11 47 -8 -7 15 -48 -24 -32 92 -96 87 90 45 -93 -27 49 1 -71 84 -46 12 22 -82 -72 73 44 51 -88 89 40 13 -94 66 -5 -70 94 11 3 46 -37 -10 34 -6 80 69 55 -95 -53 -42 16 -91 -94 31 30 -80 -47 66 -89 69 34 -34 -16 11 92 11 -34 -40 -17 64 -77 -44 64 99 97 -69 -39 -50 11 -65 38 -6 62 -26 33 21 -66 -90 70 46 56 77 -4 -30 -91 -22 24 -5 -68 87 -32 -54 -76 
-15 100 20 54 -84 -74 1 17 3 -11 82 60 -81 47 -87 94 49 -77 87 53 -2 89 90 -28 10 73 -52 -14 82 77 83 80 35 5 61 -93 -63 66 59 -56 65 75 -71 -3 -26 51 45 -20 13 93 -56 -32 -50 83 -65 50 -11 -93 14 59 -49 92 -21 -72 57 -78 -64 -17 62 -43 99 -37 -66 71 -97 45 100 58 -83 -38 -26 -52 38 37 41 78 29 52 -15 -90 38 92 49 62 58 -64 -90 -67 -48 21 5 -34 -63 51 -30 -20 
56 -91 37 64 2 -56 -91 5 -24 22 42 -1 64 -54 -34 21 26 66 -20 92 -7 26 63 -69 60 -61 91 16 -28 45 -8 63 -47 -87 17 2 87 -55 -31 79 59 43 67 -8 -56 86 -99 48 69 95 49 71 68 -95 -48 -35 -69 -96 -86 -51 15 -6 -97 -66 25 90 -86 2 18 89 -21 68 22 40 -38 -29 -53 98 -17 22 -60 28 5 -86 23 -20 12 31 -38 -70 59 25 2 -2 -11 26 -12 -93 -30 25 -57 -17 56 12 -89 66 
55 -39 -31 23 -20 -88 -6 -45 -31 4 -75 -43 57 33 41 77 52 -46 -92 -3 -34 -88 -43 62 -42 -89 -65 -85 97 -40 -51 100 76 91 31 68 -84 -71 -99 -65 -27 -5 -18 -20 -88 -13 97 -68 29 -33 37 99 7 -51 33 -5 -34 -98 78 75 41 -29 76 0 -70 -72 -68 4 81 -58 33 67 -82 -92 -24 8 -74 48 69 -54 47 72 -95 4 -72 80 59 -73 26 -82 78 -98 -51 72 -61 -78 -11 31 9 90 5 91 23 -15 -51 -50 
42 26 -81 32 94 -12 -11 92 13 23 -10 1 79 -78 7 64 -58 16 -42 -5 10 -18 -14 72 36 -26 -12 7 -10 -96 58 -33 66 53 -95 12 -77 -38 -19 49 7 92 12 -51 -1 -87 -95 -4 -71 -49 58 41 33 27 86 -64 88 89 -80 -27 -17 82 31 71 27 -75 -87 98 12 4 -59 74 76 -78 -91 -56 -1 13 50 -39 -37 99 81 -8 19 -97 1 -100 48 13 -32 4 -67 31 48 -42 63 79 -24 3 -77 23 -3 -41 92 58 
-68 54 60 84 -48 -52 78 90 25 73 72 -57 37 70 64 -29 2 58 86 -96 -32 41 73 8 20 -55 62 -23 90 -7 30 -90 -63 63 76 -59 -28 14 -84 79 37 6 91 -21 82 -43 63 -80 84 66 -68 -25 56 25 -2 -77 -30 -80 -63 -98 32 -15 88 8 55 73 42 69 -16 -89 -32 41 -73 -93 -77 -10 -79 71 8 61 54 -47 -19 -62 -42 5 45 92 9 21 30 67 60 21 33 14 88 -53 82 -87 50 -40 -41 98 -55 41 
-61 79 8 -65 -85 27 71 22 17 -89 -80 -50 -30 61 -54 34 -96 83 99 12 -100 65 -36 -13 -68 -52 45 -45 74 -88 38 -98 -48 14 -1 -19 -35 -83 6 69 55 -41 -4 -41 24 27 46 -84 -26 42 -40 -29 -34 -70 63 4 87 11 48 -29 -17 -76 -38 59 64 24 -54 58 16 -49 -67 -70 39 -41 43 6 -47 90 69 -40 56 -42 51 87 -81 36 -3 79 37 -93 75 -41 17 -63 -4 -19 -90 92 -90 -25 -30 54 85 100 24 -55 
-68 51 52 38 -39 -59 -69 -15 -27 -86 -87 60 20 61 -30 98 78 -71 21 -95 -13 25 -28 51 76 -35 41 -17 43 -28 6 -57 -78 -99 -70 87 -85 -9 -1 92 -65 32 -83 95 -63 -96 76 95 96 -8 20 28 -97 46 -8 -56 -18 -35 69 22 49 -76 92 -65 -95 -16 -17 36 -20 -84 82 -40 -3 -49 -55 86 -57 49 -5 40 -89 -32 -79 -21 33 29 -39 23 -79 -23 39 21 55 -95 15 65 -30 9 23 -72 -68 88 20 -7 79 -63 
-71 -77 -84 -20 -11 -51 12 -36 -44 54 -80 43 -2 64 -59 -97 -45 5 -15 -80 -70 -35 -71 5 11 93 63 71 -21 94 8 -48 -72 78 -18 41 -54 -16 61 22 -66 -100 -38 -90 63 21 -41 -100 -48 -74 -10 29 -84 -62 -75 -9 -46 -83 10 -16 -9 52 25 96 -18 21 -11 -78 6 -10 18 -72 -34 68 85 -98 58 -48 -51 -91 26 84 18 31 5 1 92 -24 -100 75 -88 -49 99 12 78 12 -61 -97 54 -49 -70 59 21 97 -90 33 
30 1 6 33 -78 14 46 -61 -28 -33 70 -16 -60 91 -48 -28 -84 -88 49 -63 33 -87 45 -83 -87 10 -21 65 21 -41 -62 -98 -19 85 -75 78 43 7 -13 -100 -16 -93 -20 48 -33 37 -74 -7 -60 2 -14 -44 13 6 92 3 -47 -47 93 23 73 -60 12 94 -59 78 -68 -32 -72 57 -51 -98 82 -92 -71 -4 23 40 32 -16 2 -23 31 -88 -48 32 86 7 -11 -47 76 13 -71 -71 50 -20 -58 34 -19 33 42 67 84 49 -37 3 
-77 -36 -1 7 92 -88 48 -48 28 91 -7 -29 75 -75 79 50 -63 90 49 -12 -66 -75 24 -76 86 76 17 34 -83 8 74 62 35 -96 44 -20 -15 35 54 3 -31 1 89 6 -7 -55 75 -77 86 -7 97 -40 -28 80 89 60 -11 66 18 -83 -67 17 -71 -14 -18 91 -19 65 -63 76 -33 62 33 -64 -10 44 -88 -21 -78 -80 71 -93 66 -38 -7 66 63 -32 -48 25 98 83 -6 93 54 -77 63 -80 9 38 -24 -77 75 40 -42 33 
54 51 -37 -2 -5 5 -58 -33 36 79 41 72 100 -88 -64 -31 73 23 78 99 7 -86 67 -8 -89 -17 -18 37 16 89 76 66 -21 -94 70 96 67 -34 48 54 62 88 21 -61 39 -89 72 4 -89 1 48 11 72 57 94 25 -61 18 -39 10 -84 34 -74 -13 -39 50 93 -36 -19 -54 2 3 40 -61 -22 -41 -9 38 -90 -21 32 -36 96 -39 45 -84 47 -43 -43 -21 -87 11 17 -92 97 -96 30 8 -60 -1 -100 76 40 -8 -45 69 
-19 8 -56 90 60 30 59 -63 -89 57 22 86 -61 84 -35 64 14 -31 -72 3 -78 -47 97 19 -59 56 -91 -66 -59 -10 16 58 -9 42 -52 -71 -40 -4 -49 -15 26 -15 -51 47 65 -29 -22 76 -1 -63 -24 -92 25 1 49 32 -69 -52 -8 6 -48 42 58 32 38 -15 -99 -12 38 -35 -69 100 -61 56 10 95 39 -83 87 -29 12 8 71 -12 -86 -42 -8 98 -48 93 12 -23 -89 60 -13 -94 -76 79 84 55 56 -47 -14 -42 8 58 
-17 94 5 -12 18 -77 -48 98 75 85 -40 -43 41 -58 17 87 -24 15 -26 6 -97 -79 95 -39 -59 -83 83 54 -84 15 29 19 34 4 -94 39 -61 21 -61 42 37 -95 1 50 66 35 -16 3 -58 -3 7 26 0 22 27 75 -100 90 19 16 -31 1 -22 30 -24 100 80 25 53 43 21 -97 26 52 58 -33 78 -22 54 -50 -42 68 -33 -78 -6 -26 -9 -6 -96 -98 33 14 6 14 -53 -42 71 -8 53 -56 31 -30 2 -8 38 -86 
-14 48 78 51 -88 1 7 -9 52 37 97 81 -19 -23 17 14 -41 75 -93 16 83 91 92 -99 78 65 -95 68 74 48 41 22 41 -72 -14 20 -89 -54 23 97 38 -36 99 -13 -38 56 -52 -9 -91 1 72 20 -23 -40 -18 -9 -40 -17 -18 -42 -98 -15 4 51 69 4 92 -45 86 59 -37 50 89 33 4 77 45 30 -93 -31 82 -86 85 36 56 -100 -81 -20 23 -27 -29 61 -31 -93 -40 91 -83 4 -64 15 9 -64 -90 83 -44 -39 
-26 -87 16 -97 -35 17 100 -24 100 -47 74 84 31 42 75 19 -65 26 79 72 98 20 34 77 -44 -70 96 -46 -80 92 -10 79 -23 72 -94 92 53 -64 -57 91 -20 -15 3 38 65 66 99 -24 -93 86 -86 27 -56 -63 -42 -45 -38 66 73 -9 -45 93 -100 33 42 13 -36 49 66 -26 -47 87 -3 98 31 -97 -93 -91 11 75 26 96 -43 -44 79 -97 -79 -83 89 -25 16 26 -87 55 -75 -52 -36 -48 -45 -76 6 -38 38 19 -99 -98 
-98 -42 64 67 -70 -49 -15 46 57 -57 79 -12 -61 35 -29 -19 -53 50 -62 -72 52 81 -20 68 76 50 28 66 -6 -35 -55 -20 66 86 -27 -85 68 -78 13 -37 -35 88 51 78 49 67 37 -41 45 -5 82 8 -57 -78 -75 52 -99 86 -29 15 -67 78 -74 -77 -31 -84 52 51 -16 -68 -50 -18 -78 44 -6 90 52 -10 -64 -13 -76 -57 94 44 -88 -55 27 58 -17 -88 -49 -1 83 -13 -70 59 -92 -94 -89 -73 -43 47 -28 5 7 -35 
-98 96 96 72 -66 -51 18 -12 -88 23 -86 6 70 -66 31 82 -64 36 22 69 -94 84 77 -54 2 -1 -73 23 -100 35 30 -81 -7 49 -86 -68 88 8 37 -18 -11 -30 25 -73 50 3 57 -97 -22 -44 8 94 28 84 10 48 -57 -34 96 17 -42 46 5 -96 74 78 -97 -97 85 -67 77 -62 51 52 42 1 -96 -63 -2 46 -69 16 -64 -99 40 -28 96 -35 -82 14 -99 76 -26 20 56 -9 -57 -72 6 -33 -76 49 -43 61 62 -44 
70 -86 24 -85 44 -74 -21 71 81 68 -100 56 -88 98 9 19 -95 69 -81 -65 -52 16 75 74 -13 -53 -99 -27 4 89 15 -73 79 -4 94 -64 -49 -37 91 29 -22 75 -53 -89 -55 -26 -53 -9 54 -12 52 61 68 45 -16 -33 60 -17 34 -51 65 -88 20 69 -45 -17 69 -39 -38 62 -5 18 40 -12 64 -90 -23 -32 -95 76 -64 -94 -67 -51 -91 97 27 26 -41 -50 4 54 -80 58 -21 -85 60 -35 -70 61 57 70 29 79 56 35 
70 -64 -47 -12 -50 -43 -10 99 68 95 -27 81 -59 47 17 64 -72 -53 25 -61 53 -43 90 98 -38 41 13 65 50 70 25 34 10 8 -71 18 41 65 -11 -39 -100 -13 69 39 -42 3 -80 33 44 -42 95 -74 -82 -58 -55 32 -75 29 -55 59 -70 -44 36 36 -80 45 33 -88 -64 -29 80 -93 90 -73 -78 70 -90 -16 -7 99 -65 4 -23 45 11 -19 0 33 47 -20 6 85 -87 -44 11 56 -9 37 -34 -50 -99 -39 -42 60 100 44 
-98 -60 66 97 -51 -36 20 99 65 25 -86 74 28 -55 -49 -2 -87 -99 1 17 62 -80 4 59 69 45 14 80 83 5 -48 13 -67 83 -54 -20 12 -34 -85 92 -9 -11 -15 96 -74 -43 66 -21 -58 -65 -55 51 -98 -93 72 31 22 8 28 -97 38 63 -89 40 89 -12 -63 72 -28 44 -72 -43 22 -57 -27 -94 5 -36 -44 -84 91 -71 84 58 26 3 -1 -58 16 -72 42 -5 81 -41 15 -13 -80 73 -31 83 -2 -71 -26 97 -71 98 
-82 -41 -83 -26 51 -20 -37 -63 -21 -48 -9 -6 -7 -51 -48 -7 59 73 -15 -39 -52 -36 15 -51 41 -12 -14 58 -41 100 58 98 -42 -14 6 14 85 -50 22 26 -14 -28 14 -20 49 -55 -35 31 -38 27 26 25 -34 19 -10 72 80 11 77 36 -47 -22 -25 -16 58 -8 -55 -70 -20 -60 -38 68 -62 47 -20 80 90 13 -24 46 32 36 -48 40 -2 -20 -40 26 -78 84 92 -18 66 41 21 62 87 67 -9 -57 -88 12 -44 -9 -86 -98 
-46 91 -80 41 15 -76 26 36 3 -97 -93 69 -99 -47 46 -5 98 86 -28 -100 -74 44 36 -45 -67 86 -59 79 60 25 6 67 65 7 -63 -33 -19 81 100 98 72 90 -15 93 31 -32 66 17 45 65 -62 76 -57 -89 -71 -50 55 3 95 -38 -48 -97 -69 66 32 39 16 96 -39 -21 -6 -8 -51 29 40 -33 -66 -45 -14 21 -85 16 41 66 -56 96 -41 91 -60 -60 62 -76 -67 54 -99 -29 78 32 92 40 -5 -58 10 73 -31 54 
-15 78 -38 61 16 -30 17 55 -4 76 -27 -74 35 81 -54 -17 -19 13 -53 -43 -82 -13 -31 -57 14 84 -5 80 50 -3 -61 1 13 51 -30 16 32 -50 -24 -59 77 -84 -77 0 -98 20 15 37 -99 -20 -79 -64 -64 -11 -99 19 58 24 14 -82 -4 -90 -30 -31 13 -71 -68 58 17 25 21 -45 91 -2 -83 -85 13 1 -47 64 81 -46 -67 9 -48 -2 63 80 2 -23 -34 90 -37 71 -66 44 -11 58 92 71 -60 -11 29 6 44 -48 
-88 31 -23 63 -44 -41 -44 -99 34 38 -38 -34 35 50 61 20 -54 -80 -23 40 35 -25 63 11 90 -61 -40 -14 -52 -66 69 2 56 40 -31 -28 43 -22 -97 -68 53 30 -57 92 35 51 89 43 57 -61 -68 -47 -57 21 72 43 86 65 26 -72 -8 5 42 51 -35 65 55 57 90 57 23 -61 19 79 99 89 30 41 -15 -12 -79 -77 29 24 -51 -9 -34 75 44 -67 -56 -70 13 97 4 -71 63 -36 75 61 73 -15 6 49 -100 -23 
38 100 -48 -89 72 1 20 -29 -71 61 -60 13 -9 52 -83 22 53 -56 83 15 -26 -94 -17 -24 5 -45 7 -27 31 -13 -91 3 11 56 -65 33 -28 -35 -96 -35 8 77 -24 46 15 -7 59 36 -99 61 -32 73 29 -46 -65 56 73 28 4 -87 -100 -31 -60 30 -67 -75 -2 59 -36 1 31 100 -92 -88 -95 61 -95 57 11 -13 -58 60 -42 -67 -90 -15 37 -44 -56 71 -35 -7 -65 -1 -39 21 -89 22 -45 -70 32 -55 82 -86 -4 43 
73 -73 90 -100 29 11 -19 -23 30 18 -51 -62 -50 -94 -32 -56 43 -45 -70 -57 -12 -68 58 -62 68 -66 -8 -49 97 83 77 13 -83 -36 68 -94 94 68 -16 -31 -75 -15 77 86 45 81 -51 96 49 -3 -86 68 20 -40 -38 -51 73 64 71 16 50 1 51 40 -32 43 8 -50 95 -62 48 -47 12 -80 -3 -4 -88 -36 68 54 24 -17 -94 90 0 98 0 -65 -88 86 50 74 -69 -98 84 -44 -82 -95 47 -12 6 -2 72 79 -45 43 
-3 -38 58 54 34 -77 49 82 44 10 -9 -72 -53 -75 -21 8 74 -30 75 2 -29 -86 8 91 76 32 -63 36 -3 36 25 -22 -34 -66 35 -78 -11 10 25 -77 -51 92 -72 -66 24 13 65 50 -34 -43 -56 -82 -37 33 -69 -79 22 -1 -29 61 44 -99 63 -50 -43 -31 -83 -99 -14 -59 -3 89 70 77 -21 -10 58 -61 -75 -83 -42 -85 10 44 80 -44 -96 95 67 49 -72 38 24 -51 88 84 2 -60 17 -19 -23 -79 36 100 -46 4 
-10 -77 -29 1 -45 -65 -15 88 -60 -30 96 3 -99 97 25 89 25 24 88 -27 -47 24 -29 6 72 -63 17 32 20 55 56 -92 -17 6 -16 -77 -28 71 34 7 -23 22 -41 -21 -95 -47 -56 -82 -5 83 11 62 -98 -76 97 -58 97 13 37 -92 -16 -28 -85 26 -7 16 -4 10 -91 -71 12 -25 81 -49 -20 33 85 -32 -85 -49 16 -63 -93 -71 -77 100 71 84 -1 -64 75 -18 0 12 83 73 57 -19 78 6 -28 -20 -25 38 59 26 
-93 -83 -29 95 14 70 -5 -29 -72 -82 -6 93 -85 28 5 93 28 -25 -14 62 -93 37 83 40 -50 -9 -2 -40 -34 -42 60 45 -81 48 18 -60 46 -55 -92 -55 3 -62 -66 -93 -58 100 52 74 18 -82 -50 -90 -82 -55 -15 84 69 29 -58 -42 -87 43 57 82 55 24 66 57 -75 16 -45 -17 -5 87 0 -40 -36 27 -10 42 -31 38 52 71 35 -63 -58 70 -61 5 -100 75 100 -39 41 -83 64 36 -17 14 -94 -40 -44 -42 66 -97 
34 -4 49 78 -93 19 7 -10 6 100 46 -33 -33 67 100 70 67 -92 32 -35 8 100 -61 -59 63 14 -3 -66 76 -95 99 -91 45 66 36 55 52 -65 -39 28 -47 68 42 12 11 -39 79 62 83 -73 -20 15 6 -20 75 77 97 27 -25 58 33 -63 -72 -24 10 -22 89 14 -65 -94 -100 -80 -28 22 52 9 17 59 -80 92 5 14 28 87 19 -5 -49 -18 -92 -20 44 -92 -60 -76 86 -73 52 -41 59 22 87 70 14 -58 56 -4 
87 49 16 41 -70 -38 86 34 82 48 -30 -92 -53 73 8 -92 -70 71 77 94 -12 -70 -65 -65 38 -2 27 52 -79 73 37 -30 -12 -52 -29 -35 49 89 58 49 -9 65 -94 -37 34 67 55 -35 26 -16 95 -20 -92 8 -12 21 -34 49 -51 93 92 18 16 -72 28 -26 -89 21 87 61 -70 84 40 -24 -47 -21 -61 54 4 94 77 -89 -99 1 31 99 -7 87 -59 81 -72 97 80 -71 -51 -94 -22 -44 -85 -69 -61 55 5 49 86 94 
4 21 99 84 -4 0 53 89 -64 -66 88 -13 9 -73 71 -96 -78 98 22 14 85 47 -83 -5 84 13 22 -14 -17 -34 -76 -28 21 12 74 -15 -13 -48 -68 53 -87 66 30 26 5 -86 -24 -81 5 -49 10 27 55 92 57 57 -84 70 67 12 -98 -5 -97 64 -18 -42 -93 -45 -25 69 -96 57 -37 -4 -17 32 -76 -7 -47 -5 1 31 12 -94 -23 30 66 15 70 12 58 26 26 15 -36 30 -69 32 -52 -62 59 84 -15 -94 -6 64 
-8 -23 -81 -36 -82 -77 96 -89 -76 6 99 -66 -45 34 -76 -52 20 1 -13 -92 75 95 -22 -96 10 64 -50 -92 13 -19 -59 70 85 3 -86 67 -80 24 -9 -45 80 47 58 3 64 -53 35 -4 -59 -76 54 54 -5 54 -51 -7 -98 -71 16 65 -1 81 -52 87 37 -82 -74 42 83 70 48 -69 74 83 87 -57 7 -34 83 -62 -39 -16 -2 60 40 -25 -61 7 97 -53 -78 67 -92 -40 28 3 -44 -12 28 -56 -36 -89 67 38 1 83 
-19 -48 -83 -98 -33 78 -69 -9 -25 -85 -37 6 19 57 8 21 11 69 -3 85 59 6 65 48 -35 89 59 29 5 11 -30 70 61 48 -37 61 -1 -14 99 -41 -86 -14 -8 -82 -19 67 -82 4 26 74 78 72 -40 58 -1 -1 18 43 96 -24 92 38 63 -13 100 96 -55 -63 80 74 -96 -30 -29 -84 -58 -84 4 -7 13 -74 75 96 95 -93 7 96 58 -50 12 5 -16 -97 -38 -53 31 65 40 81 -25 -42 -17 -70 66 -8 -57 -69 
22 -73 -98 49 -90 -42 -15 -18 28 -50 -39 -12 75 74 68 83 -75 80 -44 -86 -65 11 85 -22 39 8 27 -57 15 32 33 48 -32 57 -63 -12 53 -61 52 -43 2 -97 57 12 80 -42 18 -53 -99 -21 -72 -59 -78 -43 18 71 32 -52 44 -54 -30 -98 88 -15 -70 -26 -79 91 38 92 78 7 76 82 98 -18 42 -57 -49 -56 29 32 71 -4 48 84 56 66 88 -8 -62 -20 -27 62 -10 -73 -72 -80 -69 13 70 -37 -50 -11 40 -59 
1 1 -53 -22 19 -19 53 -66 -95 -70 -73 -63 -23 51 -32 -4 52 96 50 -81 61 -6 -95 -61 -86 -67 -56 34 -34 91 -61 59 -39 17 -44 71 -71 21 0 16 29 60 42 88 -22 61 -39 -24 -94 16 -63 24 -28 61 18 -21 -97 14 -49 -33 -6 -42 12 17 14 1 7 -77 100 50 -81 23 81 -31 -32 -26 -85 76 79 -67 -40 -61 43 -51 22 -17 -43 72 74 -39 20 70 -66 -77 -55 -54 -95 76 -20 -61 -57 51 35 12 72 27 
68 40 17 30 -89 50 -58 99 -89 -17 17 -76 11 34 13 2 -76 -7 7 100 98 74 -24 -81 -22 23 24 55 -15 -44 27 82 -57 -94 83 6 -54 -44 94 -85 -77 0 71 -13 16 -3 -23 5 -69 -48 49 -71 99 68 47 -26 5 8 81 46 23 -99 34 -86 -91 88 57 -63 -73 11 -56 16 11 38 -48 50 -63 96 14 -82 -85 -73 -64 50 -1 97 57 -32 60 25 32 -5 4 -94 -81 -27 31 -58 83 49 -13 49 -57 78 -6 -29 
-42 -52 98 53 -81 6 -40 86 -84 10 -36 40 -22 -45 -11 -65 -4 96 42 66 -23 10 17 16 -14 -1 15 -6 75 -53 42 -82 -68 78 80 64 -87 -100 25 91 -42 -45 6 -46 7 -38 -5 76 90 -22 89 -29 -86 -95 -1 24 -14 -33 1 1 -21 -58 -3 12 56 -77 -73 78 2 -54 -44 -31 -81 11 -87 -63 97 96 -93 56 98 -23 -66 60 -41 47 97 19 88 92 23 97 -95 17 36 -54 -59 -78 -75 -72 -51 -31 -92 83 -67 88 
74 -36 68 -74 5 -90 62 -18 99 97 38 -17 81 56 4 48 -7 -45 75 -90 -18 35 40 -98 23 15 -5 -16 -44 47 5 -14 -17 -97 45 16 -40 25 100 80 24 -6 -98 49 69 -68 -50 34 -47 29 70 67 57 -47 59 -1 87 80 27 75 -75 100 33 71 59 17 -60 24 27 -3 89 89 10 -32 41 -96 -37 -62 80 37 -6 -95 39 -14 -10 -61 -13 99 -2 -70 -50 -87 -42 -72 -62 91 -13 -66 54 16 -1 28 -70 37 13 80 
-73 41 37 -74 34 68 -92 23 -72 -12 -39 72 85 13 -18 77 -84 -95 -50 -53 71 -76 -29 -88 70 -60 21 -47 -20 -25 -73 -91 -88 20 90 -72 37 76 -36 -87 -31 -82 0 61 82 35 -76 91 -63 -77 17 -31 69 71 -40 -80 19 14 -89 -4 7 84 32 -19 -51 10 -80 -34 -98 66 -25 -48 -97 13 76 75 -68 11 28 -11 -30 -40 -59 37 -50 13 39 59 -59 -22 -61 -83 21 70 -27 99 59 -87 66 -5 92 -85 36 36 -91 -47 
-64 16 90 10 -97 -99 -67 29 -7 8 -42 -72 93 -96 15 53 -81 87 -76 -41 6 -57 88 -58 -3 -66 -29 88 52 -34 16 -21 39 -10 28 98 46 -9 -8 -21 79 79 29 19 -68 -15 33 -79 54 42 -12 69 31 39 95 -68 -58 0 -68 84 -14 65 22 -54 -13 -77 39 -86 -95 70 80 -40 -80 28 -25 -7 44 -56 93 -38 93 -69 -100 -65 -69 -34 40 -40 -90 -92 -91 -41 -48 37 45 -58 -50 -79 -76 9 30 71 30 97 -91 95 
-64 -36 3 -34 40 7 48 90 -67 -82 7 51 -5 -58 -53 -63 -47 -85 -32 -24 78 89 -8 -71 -34 -84 17 10 -47 16 -64 -29 -56 -47 59 1 26 96 20 -10 -8 -96 15 -97 62 -63 -62 60 62 -40 -37 65 -14 -88 86 -69 -17 -96 27 -96 -79 93 -44 90 10 -45 -65 -96 -91 11 75 45 24 -98 49 -25 -40 87 41 -67 8 -3 -55 53 0 48 84 0 -24 -94 6 31 45 29 -30 66 -33 8 -98 -77 29 -36 -55 68 -85 -76 
30 21 -31 6 -27 12 -69 24 66 -98 -56 2 -26 -61 9 -79 -21 -8 -92 20 -7 -61 96 -65 12 -62 27 97 21 42 -53 56 83 81 -55 12 -27 12 -28 -78 51 3 28 64 97 75 -86 -94 43 23 -48 -7 -54 72 98 -24 4 12 -70 -4 70 -52 34 -71 -24 -39 42 -1 -81 -44 -78 51 -75 -60 63 -77 37 -18 4 -17 -68 4 61 -14 26 -62 53 1 34 45 86 25 -10 -50 -71 23 -47 94 -99 6 16 69 67 -33 55 56 
-11 -30 89 27 95 -63 91 14 -60 2 53 -66 83 -36 -89 80 -89 54 8 88 58 -41 -36 -19 51 85 -55 43 -4 -19 35 -3 -14 20 -10 -69 34 -19 55 42 -36 100 43 14 -18 -19 65 19 -4 -75 -58 -24 -83 -6 -58 84 -76 -3 -60 -35 -50 -37 -9 62 86 14 26 -49 1 -42 52 -15 -46 -93 -84 52 71 56 67 37 -39 9 67 70 56 -8 46 -10 36 26 -43 67 44 -61 29 33 -78 42 -92 -15 52 14 -89 -90 -28 -20 
22 42 7 -73 -18 9 -24 88 -51 -26 -31 97 30 -32 25 -38 -70 75 -34 -2 99 8 91 -53 23 45 93 6 31 -50 -44 78 -53 4 22 -91 -67 33 -64 90 78 -24 27 41 -21 14 58 50 27 -66 -86 26 4 19 -23 -56 -50 8 42 -66 64 -95 65 79 -47 91 71 66 -67 68 -59 52 -86 23 -39 -52 86 24 -97 -40 -17 49 -44 17 78 96 -39 28 55 19 78 7 -40 -5 -36 80 89 47 -58 65 92 -38 -61 -22 -55 68 
41 22 -69 62 -94 27 36 -73 64 -61 -46 22 91 -9 -100 -6 19 23 75 57 25 64 -25 67 0 18 -77 59 -84 -25 0 63 5 78 61 -41 94 -40 -9 -3 39 98 -45 -70 14 34 -21 -93 -57 98 -15 -65 10 68 84 -88 72 15 -51 30 -43 35 -37 -26 83 71 14 -45 22 -86 -65 -62 6 94 72 47 48 -70 20 -62 -58 5 74 -60 76 -87 -30 23 -76 -27 42 -12 52 -48 20 -58 -74 2 100 -40 62 -54 31 -80 -57 79 
-87 -79 -98 89 -37 49 5 -94 -85 80 9 -13 56 84 37 96 -43 -13 16 25 31 8 -81 84 23 -23 -74 -86 -39 -34 87 11 -97 -98 -63 -29 9 21 47 49 39 6 32 -69 -27 38 11 -14 -28 37 -89 -49 47 -62 62 72 59 84 76 79 57 -83 -86 -97 34 3 -76 -100 85 -73 13 51 36 -41 40 40 48 15 72 30 96 -32 37 -43 97 76 20 15 -16 -74 26 39 17 75 14 -79 -74 65 -58 32 -63 4 79 11 -58 -46 
-92 -39 -53 96 -85 25 0 -41 -40 -88 -24 74 9 73 -6 75 -70 -83 19 -6 73 -24 49 55 80 -39 -61 -28 23 96 -21 21 37 -92 -26 -16 93 35 -35 2 71 42 -49 -88 -8 -62 -71 -12 16 -59 -31 -42 52 23 -17 -86 21 -53 30 92 99 5 53 90 -100 75 66 -62 -63 -60 94 -53 -72 -42 -39 58 -50 -55 -100 42 90 -90 39 -5 40 87 -42 -5 89 -34 -91 79 30 -80 -33 -21 0 -97 -60 -11 -11 -49 96 -75 -18 57 
92 -71 85 71 63 -34 -98 15 -99 83 30 -89 -23 -14 18 88 22 1 99 -24 -46 -20 -84 18 8 -75 -53 -59 39 -97 -20 -33 47 -63 -72 19 -19 -4 37 -56 95 -59 -20 84 12 37 88 83 97 -67 15 -91 7 -16 -41 8 -33 -82 82 -29 -33 66 4 -74 -58 -37 46 -40 60 -23 -60 92 36 -28 57 -33 38 71 83 -7 71 47 -74 -58 -20 26 -72 -30 -27 -42 69 91 41 79 -56 58 -14 -93 -60 -54 -93 98 44 52 -29 29 
-2 -24 97 -58 -83 94 71 -97 -45 91 3 -100 9 1 87 -17 84 89 91 -17 -2 -87 95 -3 98 82 -87 8 -25 14 63 -25 61 2 89 -12 41 64 83 -62 -72 -54 2 -99 38 12 -2 -35 -25 6 40 70 61 -14 97 -12 -7 66 12 -75 49 44 -26 -4 -100 -67 95 12 -9 48 -26 43 38 -53 84 -55 100 -72 -63 53 35 -41 52 29 85 -77 -45 -55 25 -1 -96 -67 -94 -84 -65 78 -25 26 85 -25 -56 -25 -96 -62 -55 -84 
87 -52 -55 66 96 -49 54 -27 84 34 39 -88 97 11 72 63 79 0 42 90 55 -1 -73 -39 48 67 -88 -27 -6 56 4 -62 -15 49 -7 -53 -59 69 -66 73 -28 -94 30 -27 2 -55 72 -56 76 -48 58 -82 25 -10 51 21 11 -72 74 -10 24 -11 88 1 67 86 -6 38 49 -45 -26 82 -30 -42 77 -34 48 17 21 -44 6 20 23 -81 100 -49 84 81 -65 5 16 53 -54 -74 -15 82 5 -86 85 27 20 -48 -44 -64 -76 12 
97 65 17 10 -96 46 -79 -22 59 78 -8 92 77 -70 43 -90 54 -54 82 91 1 -52 18 -16 -89 -73 -80 -70 -26 58 -55 -97 -58 37 7 -25 36 -62 25 -35 67 -10 -73 25 97 69 -80 -87 -38 -85 -32 8 -33 -50 -90 51 -19 -84 -2 -7 -46 -75 -82 -32 8 86 -38 54 86 -68 -6 48 97 -87 18 -12 54 58 16 -22 84 -51 -47 -51 -36 19 5 1 32 100 -21 73 -92 -77 -84 96 -27 -32 46 -100 -33 77 37 10 49 1 
-47 15 -31 69 49 -55 49 83 -18 -22 -92 -73 -37 13 -6 -33 95 -66 98 87 94 -67 -74 5 37 68 59 44 65 -59 -29 -17 -3 84 -50 -20 -33 58 28 -70 84 -60 39 92 -14 78 -39 -31 -22 75 -90 -39 -69 -5 -22 -27 78 -4 -61 -62 53 -2 -14 -10 64 -84 19 -88 -81 66 36 -12 57 3 77 84 -41 -44 -51 -19 -52 -19 11 -81 -75 -77 92 -4 33 16 -100 -96 -46 64 18 -73 -57 9 -1 -75 77 98 24 -33 42 29 
-67 -6 -20 50 -29 97 -42 34 59 93 14 -36 64 56 55 2 33 64 12 32 -58 79 56 -40 3 95 12 46 79 -1 -99 -86 -59 -48 76 -98 -49 -45 91 -83 78 -98 -1 35 -30 -38 63 -8 81 -43 72 -61 -6 -74 60 75 -27 6 33 -77 -52 65 85 -100 31 44 -50 70 -2 -53 -47 -23 18 -84 66 59 -89 -58 -28 -93 -26 13 -6 23 -59 -14 85 -79 78 73 -22 -16 80 7 2 -99 -18 83 -18 70 -82 4 -13 85 55 46 
-12 -56 -29 -19 43 89 -66 -32 -34 -30 -78 68 -80 71 14 73 3 -90 -58 53 31 11 27 -55 -56 94 0 15 -87 47 83 18 -69 -24 -75 37 -21 -24 44 70 9 -47 95 1 30 26 8 69 -55 -22 -4 -71 84 -33 14 43 -31 -90 -77 82 43 26 -48 100 100 58 -80 58 -8 74 -98 82 93 52 -49 -73 -84 92 29 29 68 -82 -42 89 -95 -51 86 -89 51 25 -59 -50 -61 -51 41 -69 22 -87 91 -25 17 35 -8 -40 90 6 
-56 -80 18 -68 95 -5 86 -30 -36 -28 83 -12 -84 93 81 72 100 -75 20 87 27 25 34 -65 54 -8 46 -8 -23 97 -10 -89 28 13 -94 19 46 -49 -28 -67 -36 -16 -12 2 53 83 19 28 19 15 31 -87 -8 68 55 100 -58 52 59 -81 -31 -21 -96 49 14 53 -41 -32 10 -69 44 98 -15 -93 -24 97 30 17 -35 -45 -38 -93 -42 -12 -68 82 -49 69 13 -44 77 68 67 -94 23 47 33 21 91 -85 82 -18 -67 83 8 -19 
-74 -6 30 -76 -60 2 -79 -16 -54 -81 -62 -43 4 -78 97 4 10 -56 71 -61 24 87 24 74 -48 -67 100 68 79 4 -27 -89 79 20 17 22 -12 -50 37 2 24 0 39 -77 7 -79 15 89 -19 20 -33 -7 30 36 -78 -49 -57 -67 -72 28 64 -51 -1 51 67 81 68 73 -14 62 -15 71 -77 29 -78 -97 68 38 -50 -89 85 -80 39 -31 11 76 22 -44 93 14 -3 17 67 74 -32 13 0 35 30 -10 -92 -77 -47 -43 -90 -10 
9 6 95 38 25 -51 31 100 -2 -63 -8 57 42 -56 -51 -14 94 20 -92 -38 99 100 39 -89 -31 -99 -81 -11 -77 12 -86 -63 0 -52 -14 23 34 53 76 -53 86 88 58 99 -81 -48 99 56 -50 78 -32 65 57 64 -82 80 -53 7 -91 -77 -97 45 -46 -28 -10 15 -99 63 -56 -67 80 -71 -95 -1 -42 69 -2 -82 -28 -23 7 -55 -10 -63 -75 90 13 51 98 0 60 42 -89 12 -18 -67 -100 -49 37 -95 -65 86 -45 11 -32 -73 
-44 53 50 -52 52 -91 -97 -81 -40 15 -42 8 9 39 18 37 -97 47 -93 4 62 78 -31 95 -17 -84 -84 -48 -9 -88 -30 -51 38 -42 -60 -21 11 -49 94 32 -78 38 -24 22 9 -91 64 11 16 -76 -65 -51 13 -27 -31 31 -14 49 -70 24 74 -52 33 33 -92 1 29 -75 -6 76 -96 26 73 57 -78 -76 -56 27 -32 77 -6 69 -2 11 1 85 87 -52 91 43 36 -24 23 50 82 -33 -100 -8 9 -64 41 -3 4 -4 82 -3 
-54 -73 76 -6 -95 -16 77 -73 58 5 -16 66 -85 65 -56 52 78 -56 32 -29 74 -88 69 37 85 30 93 -25 -84 3 -2 95 -57 -23 99 96 27 -43 47 -20 11 59 7 -94 -82 -2 -80 -40 80 -12 -26 23 -73 8 -56 -56 43 -14 -99 19 -95 10 90 48 81 -69 -19 69 -2 88 20 -27 39 -7 4 -28 -35 -38 -96 -39 29 40 7 1 96 7 -16 -95 50 18 14 -30 41 44 4 41 29 -72 69 -2 -46 68 -21 48 -9 -8 
47 54 65 57 14 85 39 98 50 -16 89 -81 21 19 55 -96 58 -76 93 75 17 24 -26 67 12 -79 63 -60 -22 -26 -71 3 4 14 -9 87 -82 -8 -4 97 0 26 -53 -29 -42 -54 12 -52 11 6 -42 -83 63 -24 -60 67 -40 18 -7 -62 -93 -25 65 -85 95 43 53 64 -62 -43 -70 -74 -19 19 56 33 -25 -96 -39 100 16 -88 58 9 -11 -34 40 10 39 -47 -1 46 -31 8 61 68 -50 2 -55 -52 7 -29 35 -21 -17 5 
-86 62 -83 45 80 99 26 -86 -74 55 46 -45 37 95 -71 60 69 37 63 85 17 -48 -24 -66 -43 78 -93 87 -50 -56 15 -42 99 61 1 -78 84 87 55 84 17 -1 -41 -8 36 26 -6 24 21 -54 40 52 20 -74 -83 67 -95 -88 -83 -20 -58 -23 -77 -49 -76 50 51 42 12 -12 -50 22 -4 64 25 43 38 -24 44 -99 22 -28 61 58 86 80 -78 -32 -25 95 85 6 -44 -25 10 13 -46 8 3 -49 54 -39 -78 -37 -90 63 
98 -69 -88 74 -91 -43 -91 91 23 -70 63 64 70 -41 -64 -41 4 20 -40 19 -88 -38 -38 31 -2 11 57 -33 51 84 88 41 -8 47 -2 -91 -99 62 -70 -77 -7 40 -80 66 -17 22 68 61 86 -9 -92 18 99 71 -22 -54 -24 -41 -64 1 40 -17 8 -26 -66 22 12 29 20 22 30 7 -44 76 8 -96 13 63 -40 12 -36 86 100 39 6 -26 -46 -90 -31 100 56 62 58 -31 23 -43 82 24 90 -57 13 24 -38 -86 -78 56 
-53 -81 -94 -73 17 67 -49 90 63 -31 10 97 53 -100 46 -6 -85 64 -78 74 -24 100 26 -32 -13 14 -24 -95 55 91 -93 -100 -12 -27 97 -85 -56 35 38 52 -30 71 79 -77 8 -56 5 -77 9 -57 -83 -89 -68 53 -27 -6 55 22 -100 -16 -16 -83 0 91 -97 -40 -72 -100 88 37 27 66 -8 71 58 -98 63 -5 -32 97 -62 61 60 -76 11 -98 69 63 33 96 21 -29 9 -88 -77 34 54 -84 -4 97 50 32 76 -78 -73 39 
-5 23 71 94 69 -62 -49 96 -52 24 67 92 -16 19 -37 34 53 97 27 -46 83 -24 29 93 -72 34 -39 94 -39 4 62 58 40 -67 33 71 -3 67 -23 87 59 -43 -15 -98 -3 19 -25 -13 -19 -41 -33 -20 86 65 60 -17 -13 25 -16 61 10 -7 -74 -78 87 -5 -6 -57 88 -43 -4 -92 74 -71 71 -71 -6 -63 -15 -23 -5 44 -77 72 76 53 71 52 -4 -52 -81 79 -44 80 15 -67 -7 -93 24 -48 12 -56 -51 10 54 3 
51 -48 68 -31 -24 77 16 13 70 -89 -26 10 92 -23 100 18 35 18 99 -75 1 28 94 29 -86 -67 66 -53 -15 73 54 45 -28 1 23 74 -19 -67 -74 -36 6 23 32 29 -94 -3 -97 67 -92 -12 98 85 77 -7 -23 21 49 -61 -42 5 -50 85 72 51 11 76 83 19 -96 -99 37 13 2 82 -49 -21 -77 11 77 20 94 -77 -80 -20 -15 -76 74 87 100 46 52 23 8 -6 41 32 -18 57 -33 51 -4 60 11 92 -90 -35 
-90 63 22 -64 3 87 95 -83 -24 78 18 -84 -100 22 93 3 -52 21 -96 -86 15 57 -48 68 52 75 60 98 25 74 32 -32 -95 -36 -25 80 92 33 -89 78 -7 -77 -84 92 -86 80 -1 -31 -24 64 73 -32 -13 -33 -41 -23 -90 64 21 85 37 -90 -52 13 -47 4 -97 0 28 -24 0 77 -61 -68 -69 23 77 -14 100 -52 -23 -25 21 -17 -94 -41 88 9 -65 21 -31 6 32 -100 -89 19 -95 -14 92 45 91 68 -46 27 96 82 
-10 31 -32 62 16 -93 42 89 7 -82 -25 66 37 86 -12 24 -82 -71 -61 -83 43 67 73 -2 49 29 58 81 -7 56 49 10 19 39 30 -36 -75 -11 -51 -7 -36 1 96 19 -37 87 38 21 -61 43 -79 -33 -55 -22 -83 -95 77 31 82 5 -21 93 -41 20 -72 89 -9 71 86 -86 -58 -5 -50 92 99 66 -95 -67 -35 -40 57 -74 -20 6 73 88 -51 51 81 33 98 36 -61 -36 95 -62 -4 -75 -26 -13 46 -21 22 43 44 -42 
-26 -43 -20 90 -81 -78 73 33 91 -7 63 77 -61 -5 43 -67 -100 18 16 59 -30 -73 -84 -10 48 -53 -84 36 -78 -40 76 -23 72 -61 -32 -7 -72 84 -94 -37 97 -51 -71 -49 -6 10 -69 51 -34 -3 -30 -21 32 -45 4 -78 -55 -16 -20 70 53 -61 -96 -55 -87 71 -78 2 -81 82 51 0 -58 98 62 -66 -9 -78 -73 -58 -72 59 -85 -68 79 68 98 88 -68 55 50 -86 20 51 -31 -27 83 98 -95 -34 92 65 -96 -69 -43 62 
92 49 25 -98 -65 -70 -46 37 9 -50 -23 64 -15 1 50 -33 31 13 -30 -40 -59 -18 56 -55 56 19 -6 45 -78 -68 -22 -47 -91 -30 -80 -47 -38 -75 -70 -93 62 1 -22 87 -26 77 -5 73 -26 -43 -40 -45 13 -68 25 73 -8 49 62 75 28 -59 32 -43 56 13 0 45 33 19 39 97 17 -73 11 1 25 -18 -71 18 -20 89 -3 -65 -33 -38 -33 -7 82 25 -43 93 -41 -5 97 11 -45 88 -77 -44 17 -78 50 81 -58 -80 
-59 43 -14 -40 -16 44 5 16 11 66 -5 5 -65 -95 48 70 16 34 -27 -2 -22 -69 -18 -2 -28 3 -6 66 -44 0 -59 -61 -50 -35 -51 62 -69 54 -47 -56 -59 85 -52 -90 12 -4 -95 -23 -2 -45 75 -34 62 34 -39 56 72 28 41 6 68 9 83 -53 25 41 91 92 55 85 -18 30 59 -18 -27 -97 38 47 26 27 98 33 12 -10 -68 -98 6 -72 -4 -25 95 87 -50 -59 88 -2 -71 16 -57 10 45 -63 41 -63 -49 79 
-50 96 34 -35 74 -45 -99 25 -50 -69 -27 -5 40 -85 60 -22 86 -94 28 -81 -3 -2 29 29 -95 -34 -68 -87 -30 30 -9 76 -49 -22 64 22 35 2 67 -46 -100 89 -28 -90 -96 53 4 -18 11 -6 73 70 43 -45 97 -29 -26 18 3 -37 36 2 -74 -43 -99 -30 43 -90 11 -70 33 48 82 92 15 -67 -45 -56 58 78 -31 -61 -82 86 95 -87 77 14 19 39 -55 -14 28 -95 -58 -37 -30 -48 -27 -42 59 73 17 65 97 -34 
-16 -61 -66 21 96 -79 -21 -68 99 -53 19 73 73 31 -71 -81 39 -50 -66 -32 100 -38 -42 5 -67 71 35 87 36 14 -71 82 98 -69 -9 -19 29 -83 71 -94 70 -12 55 87 100 -66 -93 94 16 -100 -61 -10 52 -3 64 -76 -6 -30 100 -52 58 69 56 -33 97 -12 75 9 34 -16 9 38 -46 17 -92 -91 -36 -44 -78 -32 65 -52 96 54 24 31 -56 1 92 15 69 56 93 19 -13 -46 -21 -7 24 18 -36 33 81 -96 -86 39 
-89 -95 93 -54 -79 -74 65 0 -92 97 36 -85 17 26 -29 68 -77 13 -49 21 70 -100 78 69 -65 75 8 34 70 -53 -41 31 -53 -31 -98 -89 52 81 4 56 -86 7 -24 -45 -56 5 36 -5 77 26 -52 -15 13 -75 89 98 18 51 -28 -12 -96 -57 12 -34 -2 -97 22 -76 81 100 -20 -93 -92 78 22 3 4 2 -22 -87 30 84 -28 -45 -67 39 -59 2 -69 57 60 -5 30 -71 -21 -56 -53 9 87 -79 -68 -60 91 -97 63 76 
-29 97 -86 92 -46 68 57 97 98 42 20 28 68 -98 -31 95 -66 72 -100 36 27 65 63 -20 -45 -27 -74 47 -53 60 55 39 48 23 -29 -57 46 4 68 25 -31 76 -85 -67 68 39 63 51 -33 64 14 -26 -56 66 34 13 90 -62 -73 12 83 -6 -17 -78 91 76 4 7 -84 -72 -1 -42 -74 -23 -72 -63 -31 70 81 9 26 -38 5 -63 -69 2 -14 -25 -49 -2 -53 -1 -12 4 -14 74 63 -53 93 -12 49 -43 86 -63 -4 54 
-4 90 -12 -65 61 93 49 17 -76 -4 22 -68 51 76 77 -30 -91 77 83 14 -96 17 75 9 42 72 39 -45 56 -71 29 44 89 -51 76 -2 -71 38 98 -55 -60 -38 -85 0 -33 12 57 49 63 19 -79 68 52 -46 -95 -34 34 -66 -46 14 -29 45 5 1 13 7 -21 -55 -52 49 68 -5 -82 99 12 31 29 -49 44 80 65 67 78 -4 14 -67 71 21 -73 55 -84 18 71 -94 -22 78 -46 78 23 22 63 66 12 -49 73 49 
-47 -88 24 -50 -79 -39 -91 -99 76 77 -29 34 38 -6 84 -36 86 -97 -28 8 48 90 23 77 70 72 12 83 67 44 3 54 -100 -5 -38 59 -98 83 25 27 34 8 -7 61 1 62 45 49 20 49 75 -21 -39 -65 80 -40 -60 17 -1 -75 57 -47 91 -3 93 -21 49 -97 27 26 -38 29 -80 -54 -98 -33 88 -50 -10 31 -3 16 17 -63 96 96 77 51 14 35 -71 -80 -5 -34 43 88 -27 -38 99 12 -2 -79 58 -75 61 -11 
20 28 -12 40 36 66 -2 71 42 0 77 -62 71 80 52 -23 92 30 59 -23 -11 -86 -98 -66 36 16 72 57 -59 52 9 81 71 -58 -41 -58 -83 -41 -37 -52 7 -72 -35 -49 2 -36 -75 47 -28 -17 14 -9 26 -9 -5 -68 -3 -3 -79 43 -89 -64 -18 -89 27 41 49 68 76 -4 -50 -49 -89 -19 -6 83 2 47 -9 97 -95 11 17 -76 20 75 30 -19 12 4 22 -19 4 -85 -14 -65 9 69 -46 -77 9 5 77 -52 13 5 
-88 59 5 75 66 -96 -41 -15 -42 -49 -2 -23 50 -44 90 74 -55 92 85 -19 75 95 -24 77 -58 14 83 72 56 52 -84 -15 -19 9 50 -9 -69 65 -93 68 -7 -96 57 -60 22 -73 -65 -39 -21 -11 85 -82 -52 93 69 -15 7 2 15 -15 -86 -64 44 -23 85 -82 29 -36 -40 -5 -18 44 8 22 -47 -37 46 -76 -85 34 66 -34 2 -67 -32 -59 -2 -97 -61 -69 14 -2 17 -97 31 97 34 -63 -70 26 68 -72 -30 -64 71 39 
-34 43 64 -15 -43 22 -49 41 6 -37 -20 -1 84 79 -69 15 -15 58 -41 25 -36 6 -61 69 -23 -47 -33 -44 34 46 78 82 -9 61 80 72 54 75 14 -12 -99 -18 -51 -20 -63 -55 47 80 -2 1 70 -13 25 92 -72 -37 -95 11 74 13 -67 -85 71 64 50 -14 -78 -23 43 90 -54 -51 97 -15 -55 -37 0 59 75 23 -80 28 39 -38 -61 -7 75 89 -51 26 -96 59 10 -16 14 -29 -64 -23 67 -7 -11 -68 -29 78 -65 18 
-4 -83 17 -76 98 29 62 81 -52 31 -67 78 79 -37 -99 89 17 -94 35 53 -68 8 -14 49 57 18 -45 34 -85 -43 26 -13 91 23 73 -91 -56 -97 -13 -94 78 84 35 -85 -36 11 91 -80 56 -4 -38 -51 -40 77 19 -69 29 28 16 82 -95 4 87 -32 -97 -87 -89 -93 7 9 -18 -74 -32 -34 41 46 13 -28 -15 -72 -68 7 97 100 7 -74 -46 9 -8 43 6 -65 -72 -55 96 -14 13 16 -84 -16 -60 -30 -2 86 58 21 
-23 -9 21 51 -47 76 68 -66 -78 -56 28 -27 -34 -67 53 -3 -25 -60 14 85 94 54 40 7 -19 19 33 84 -8 56 -79 -51 -78 79 2 -90 -40 -16 63 33 82 -25 14 -2 98 -72 -48 60 -86 8 -64 -13 51 -24 -61 -31 -72 83 51 96 -51 -74 -57 -64 80 -59 -96 -52 -33 53 -21 34 84 1 37 -80 13 -81 48 -40 -7 -51 -72 -44 88 9 -97 13 -74 64 -43 82 53 -1 -19 -6 55 -17 18 -66 18 64 60 -10 51 94 
11 86 68 -52 57 -40 26 26 20 -23 -50 48 21 100 -39 24 61 51 -23 9 72 8 34 -24 -43 66 -73 54 -2 -76 -52 63 -89 89 -85 63 -15 84 35 -100 -10 55 49 6 100 78 -6 61 -76 42 -10 11 -77 66 79 21 -17 93 -95 -88 -100 15 -100 3 68 9 25 48 33 -8 -47 -39 88 -84 -53 29 39 75 76 -58 73 4 21 41 -50 -21 7 37 -8 57 41 -36 -99 43 88 -19 47 32 -13 81 28 -32 71 -12 -23 59 
66 50 24 98 4 -51 94 67 -62 37 -48 90 41 -85 -99 99 -43 8 65 63 -58 89 19 -19 -56 -33 -16 -55 19 -5 88 -89 34 -23 -34 40 36 93 -58 -62 0 -12 -79 -75 -96 -46 -52 90 -60 -97 42 92 59 28 -25 33 -62 -32 93 -6 54 -33 1 -6 12 -71 62 -99 36 -9 3 -52 2 -56 4 25 -22 -41 -61 15 -16 14 69 72 63 -67 -89 -99 -4 -59 -71 -98 19 -76 -65 -62 -98 45 53 56 -66 18 27 22 -42 -94 
-13 -69 50 -33 -42 -8 4 -61 15 -100 41 59 15 2 33 35 -41 71 -86 76 16 -47 -61 -61 52 41 77 3 0 95 -24 -83 -57 92 -70 -57 26 -5 79 58 -78 34 -18 2 28 74 -17 -6 96 95 -8 100 -100 -89 13 -51 69 44 -79 -75 -64 -48 -88 -6 95 79 -33 -49 24 1 -5 -88 -52 -43 80 3 8 -1 -40 -40 5 61 -90 21 -16 74 74 57 6 -98 85 37 31 76 -21 -42 38 -80 -39 43 -88 -51 84 -45 -57 30 
88 -78 64 21 38 49 -21 -68 -91 -92 -39 -22 -76 61 -48 57 42 -14 -38 2 73 -47 91 -3 38 70 -37 -74 57 28 -8 -3 -52 -47 -60 -92 -88 8 -10 54 47 23 -37 32 -67 -19 98 21 -89 -19 -59 -66 4 63 -9 -94 83 19 44 -93 -78 60 -69 -75 -32 -55 75 -75 35 -47 70 -65 14 -17 -87 -90 -56 99 -63 97 0 87 -91 85 -37 -35 -69 81 59 23 10 -21 -27 -49 -69 56 15 30 -39 -14 79 -100 -84 12 -49 -70 
98 -99 3 92 11 13 -12 23 43 -50 73 94 -69 35 6 -18 98 -39 -14 -31 -92 -19 68 -98 -72 75 69 -43 -19 -67 92 16 -99 22 82 -7 74 -45 69 44 -9 -70 73 -24 -93 13 19 -28 32 65 -54 -71 50 87 80 -51 -76 54 4 17 -65 24 -84 -14 -25 67 -28 12 -50 -29 77 -32 39 26 -91 -69 -78 61 -2 -37 78 53 43 -5 -80 -78 -48 88 24 -78 -62 -36 -47 78 83 -13 53 -11 -29 -92 -24 15 -75 -11 -62 -77 
-3 50 33 -46 91 -81 -40 30 -23 61 73 -15 68 4 -66 76 4 -14 -63 72 56 -82 51 -44 40 -8 -85 20 -70 84 -32 -23 -73 24 -21 2 -2 -91 -72 -12 -98 97 52 79 -67 45 -26 -39 -53 89 -43 64 -77 8 -71 -10 -47 77 -75 -41 -59 60 71 -95 12 -27 -2 99 -74 53 84 -19 68 -14 -98 86 -62 13 -42 -19 100 -38 -69 -90 66 -17 -25 -66 -26 -53 88 -16 66 93 4 -4 -79 8 -98 4 100 -24 56 57 99 72 
-95 -76 -38 18 47 5 -32 75 19 -83 45 -31 45 53 -31 97 39 51 -10 4 -69 -67 0 91 -76 82 23 52 46 62 80 -9 -17 8 58 -74 3 60 -42 -7 -43 -89 -41 -24 40 59 44 -86 -75 72 -97 85 72 17 32 41 -80 -98 -52 -3 61 13 26 -79 -66 43 -72 -79 -80 93 66 -13 56 45 -75 15 35 -33 -29 -2 -52 -37 -87 -2 -65 -88 -14 -68 99 -39 -1 -92 19 -62 7 18 70 78 -19 -98 50 -89 50 -84 -5 17 
4 -45 88 -6 -51 -31 -69 13 -87 -8 25 -3 -41 90 -2 61 45 4 -8 -23 2 -38 0 96 -76 -41 -96 92 83 -51 -79 -12 -30 64 52 60 40 59 -59 -61 -50 -22 72 79 -4 18 -97 -95 31 55 -72 -90 15 -7 -40 -48 -54 -70 56 -85 -83 61 49 54 -75 -75 28 -1 35 -49 -81 75 80 -74 -16 -36 -42 -58 -98 -86 -34 69 -98 92 75 -87 -64 59 -24 23 -33 -26 43 -89 -86 58 45 54 61 78 68 45 -80 -5 84 29 
82 -48 -80 22 -76 -6 -45 -86 48 -84 -65 66 41 -38 -63 86 -37 59 -43 12 -68 -30 -24 -67 -27 12 -58 -87 -43 20 72 76 -6 -78 75 75 36 80 -2 -48 -78 -61 -88 -9 -77 -82 30 36 -68 -96 -86 -37 55 10 -30 -4 55 -57 -95 -46 15 3 -59 -55 -60 51 -58 39 56 84 30 1 100 70 28 -94 -56 -85 51 -67 76 80 10 -64 79 -29 -88 83 81 65 -7 69 10 -52 31 -84 33 72 61 -22 82 20 -72 15 98 82 
87 -36 27 -68 -97 22 32 -68 78 -77 -36 0 -65 -61 83 61 -32 33 17 73 19 -7 2 65 77 -20 83 -70 -90 93 76 -9 -95 77 73 9 -18 2 46 69 22 -21 -3 -74 -66 51 -40 42 -22 -89 4 -18 -27 39 -5 -10 47 -44 7 -65 3 47 -67 52 33 77 -96 97 -45 83 74 53 20 -65 14 -8 17 -51 35 43 57 -55 19 4 -98 -57 9 -54 74 -81 -40 87 91 -88 -87 16 -34 -2 -74 -87 -80 63 23 -17 -92 -42 
-88 -63 -6 -25 46 -83 -48 -55 49 -22 -4 -69 -72 -72 -28 -20 36 -49 -52 4 -91 -35 14 -22 63 88 57 -66 77 34 84 75 -13 -68 -33 0 45 98 40 57 -81 0 72 64 -87 9 86 -95 25 -57 49 22 37 7 98 -4 -46 -93 -95 28 15 33 -11 -62 46 17 -44 5 -24 -4 9 76 75 -60 8 29 -64 -32 -16 6 28 -68 100 6 -1 90 53 -80 93 -48 -14 14 59 100 75 -27 98 36 13 -73 -45 28 48 -62 -57 93 
95 -26 12 -57 97 -15 -54 3 -87 79 -35 34 -22 100 -92 34 -48 -41 66 17 79 -100 -75 -68 -67 -46 -61 -82 -5 -86 84 9 7 -22 -6 -13 96 7 22 98 49 -99 55 -21 71 62 -51 -79 78 37 98 23 92 -52 27 85 -93 94 41 90 -17 21 -31 75 -48 14 -7 -11 55 92 -41 -51 -60 -95 75 -42 13 -96 -36 -33 81 88 -12 78 -7 -12 -3 6 -32 80 -70 -73 9 -57 53 50 90 -94 -74 -52 60 -34 96 56 99 -6 
60 71 -4 93 -86 -20 -14 -17 -59 45 63 -94 71 -14 65 -34 -53 -78 -61 -28 -79 -91 -82 73 91 76 -63 98 -49 40 97 -81 29 -7 57 0 -43 88 -86 -53 68 -84 -29 8 -43 40 99 -41 25 -97 -4 100 -81 8 -97 12 -52 -12 51 -67 -69 1 82 29 -16 40 -22 -89 -50 -98 -83 79 51 -61 44 -4 46 -98 -17 -36 -56 -68 -19 -19 28 -67 50 30 -90 76 55 21 58 57 -85 32 24 -40 21 59 -76 76 38 -29 -32 -72 
-98 43 91 38 13 47 -98 -99 68 -90 56 -16 28 -40 67 27 14 40 -52 -80 -54 -57 -41 -72 -83 25 34 -1 -85 -100 30 2 81 -70 18 -19 -49 53 90 -10 45 -94 34 40 43 -34 -36 13 37 -95 80 -78 -93 -52 -63 -75 -17 84 -34 10 17 100 -85 -14 21 85 -77 53 -14 29 -100 63 73 -45 -75 -42 -95 -3 -56 -13 -29 86 -52 -36 -4 81 15 -80 58 2 92 -24 -37 -56 91 48 -64 -74 30 55 3 -84 50 -5 -60 35 
-15 9 -100 -26 -38 -59 68 -99 -92 -79 -66 42 48 -69 -96 -72 -87 41 -18 98 75 49 14 72 -58 39 -31 -6 66 -23 89 76 -9 -63 -54 -78 -72 77 48 -74 70 -24 -100 16 74 -7 -9 -54 -95 -96 -99 97 -31 -30 77 45 55 4 -57 35 44 100 27 -41 -31 -37 15 -59 75 34 94 73 62 47 -99 -66 -36 -97 76 -33 62 -40 -24 46 -45 -76 88 -10 69 -30 92 -29 78 67 -76 58 -10 -89 -66 74 -58 -18 -1 34 9 96 
-38 91 -35 75 27 -72 74 -39 -47 -76 2 -34 -82 -50 1 -21 -19 -28 45 -6 41 8 68 -72 -93 48 -99 30 -16 -46 34 95 -45 40 16 65 -46 88 19 100 -37 -22 24 4 -100 90 4 -80 79 -24 -23 29 -18 75 -31 22 7 31 35 28 67 62 51 -93 -2 -85 -3 -86 66 -74 88 -82 -88 -69 25 -34 47 87 -64 37 -24 36 87 -42 44 -51 29 -45 -13 60 58 4 62 -73 -92 32 -55 -29 -41 -88 34 -10 -40 -23 95 94 
-75 -100 56 -84 80 54 28 -79 -84 -59 33 -60 83 -57 -67 70 50 -9 29 79 -39 -33 -63 37 -62 -82 -54 -9 -76 -43 49 -30 -23 90 -15 60 -79 -11 -98 36 -50 -29 -23 97 -6 13 -35 -92 72 -15 -56 56 36 75 5 61 92 9 -88 2 50 -33 48 -72 21 -100 6 -4 73 32 56 88 -92 78 60 24 -44 -26 -25 -56 49 41 79 -40 -5 33 -25 -95 22 -9 100 -91 96 90 23 -84 68 -3 84 -21 8 61 68 21 -8 -62 
39 -16 -61 37 -64 65 -63 -98 -5 41 71 -77 -67 38 -19 -69 32 4 -75 -23 21 -14 -13 -17 26 -59 38 78 -55 60 -43 44 -97 -66 -42 50 -64 67 54 -74 -97 -7 65 -40 92 -32 52 1 -86 40 62 41 -92 65 -42 -83 -80 -25 -50 -30 48 12 2 -27 -43 -98 -16 -12 -26 -17 -59 -71 -62 -24 -34 -36 -99 -70 -40 -59 23 -81 42 88 -10 -14 -71 51 -61 13 -5 -93 67 -76 79 -36 83 -94 -65 54 -55 -42 0 87 36 -1 
24 -90 87 69 -25 95 67 57 -39 99 -13 74 -47 -65 -34 -87 23 -43 -12 -90 13 0 94 47 -96 -70 -18 56 97 -100 41 -23 -53 88 62 14 27 7 -84 -38 79 -42 80 21 -93 -34 64 3 -68 76 -96 26 54 -59 -86 -42 -85 54 -63 -88 100 21 -40 -42 -92 -28 73 -91 -79 -14 62 58 -3 -80 0 -15 -91 34 -49 -68 59 -13 -41 -87 -20 69 96 27 67 -28 66 30 36 37 -53 17 76 63 24 85 16 97 -80 7 -36 88 
-51 75 17 -40 19 73 -75 -77 47 -4 -66 -25 6 10 -88 -6 -94 65 -29 19 -16 11 94 -11 80 -75 -54 49 -10 -16 92 -42 -40 -1 55 -46 -40 -11 94 59 -67 42 -33 -28 18 89 18 10 60 -58 -78 84 -12 -26 -56 23 -55 -9 20 80 50 8 54 -51 36 11 -56 -6 92 -98 -38 -100 44 31 -92 39 -93 -42 -94 2 14 -16 79 8 -25 56 63 -87 29 -23 96 -74 96 3 48 39 -69 -36 -90 -25 -69 -82 79 80 16 -18 
47 88 57 -96 -60 42 -28 -45 70 13 42 50 24 25 -20 78 92 -8 31 43 -70 75 -37 65 -22 44 71 61 37 -5 19 43 37 26 -28 -78 26 -94 67 19 32 -45 -46 -27 -9 -94 10 -55 76 -46 50 -97 27 14 16 -20 -2 43 -37 56 50 52 -6 37 17 26 46 66 18 -53 89 68 -23 83 -88 -65 29 5 -9 -9 38 63 58 62 -42 -87 -35 -49 -72 -62 88 -20 -100 71 2 20 -52 -99 -63 -56 -55 21 -54 58 57 -56 
9 55 37 -38 30 47 -62 40 -2 50 90 -32 -90 -92 -69 -83 95 16 -35 20 49 47 24 39 -42 47 23 -79 -59 -24 28 69 24 -93 40 11 79 1 93 56 66 2 -45 -7 -84 39 -78 63 23 -49 -23 -72 -83 -3 94 -24 -91 62 1 32 -81 -46 -32 100 -39 -6 0 -7 -34 10 -18 64 66 -42 -54 -6 67 -94 -5 -61 93 99 0 30 -25 -87 4 51 83 -73 48 -78 -9 63 42 -3 -31 -80 92 39 -85 -22 47 18 21 -87 
-23 -50 -72 80 -5 -75 -23 17 -55 71 -12 -9 -83 33 -33 30 61 14 -13 -36 -39 -62 3 100 -61 -33 -13 -38 60 36 -80 -77 20 -78 22 60 18 96 99 -12 6 -92 -34 93 -69 88 55 78 -81 -59 66 -67 2 -1 77 23 26 86 0 -56 -18 51 15 -1 -40 -28 -40 -43 -43 41 50 98 26 79 -96 100 -61 -31 24 72 -37 -11 -32 -57 66 22 -55 -47 7 24 36 -70 -100 65 5 -34 77 -32 -14 88 -78 -42 42 -19 36 -58 
15 -1 83 34 -50 -43 -89 -81 -81 -80 89 -78 89 -19 -49 -38 18 73 -64 -19 76 -39 84 -5 37 45 67 -36 -18 -37 -66 -93 -100 -94 100 -47 7 24 -90 -84 30 -41 10 -22 24 2 -13 42 72 54 -51 -6 27 -60 11 -4 -53 58 26 82 17 -32 75 81 -31 -30 -86 37 95 26 -26 -10 -54 -93 -78 58 55 67 19 73 67 -39 -91 5 -57 -27 86 77 35 -78 -83 -99 67 23 52 41 95 11 19 -4 -54 60 -61 30 -8 15 
-4 84 22 -58 57 21 80 -40 10 98 66 54 1 89 30 -38 -41 -88 -32 81 -8 -5 -92 -3 -50 -14 81 13 30 28 17 -48 25 -73 -23 -47 -88 48 -53 64 51 89 4 -2 98 71 27 -84 -62 20 12 -17 47 7 -3 -44 -39 -75 70 -85 -66 -52 -17 87 -55 5 -94 -70 -95 27 -12 1 -39 88 -10 0 21 29 -69 58 1 -87 90 0 43 54 -74 -36 -19 -2 -96 -40 78 -39 -36 -67 89 -64 -66 -65 -5 -46 -38 -68 -5 84 
88 82 93 -85 -61 40 -98 -67 -73 57 73 -91 -29 -71 73 34 -73 -17 21 -11 71 68 45 -89 -28 -100 -87 -100 -49 -43 21 -63 -18 1 67 -51 3 67 67 95 40 -70 52 7 -23 1 -19 16 11 -89 6 47 45 -96 -87 32 -97 -6 76 52 -23 -24 71 -96 -19 2 -60 -59 -74 3 57 91 64 -56 66 19 18 72 -26 30 -42 66 -87 -93 -61 39 -32 41 -46 95 47 81 -8 -54 -57 63 -12 -30 -51 95 -93 94 -35 -83 -36 -22 
-15 -67 40 -97 -68 -78 46 32 28 -91 3 -88 -47 37 -96 -57 -19 -76 1 -70 -86 70 49 -16 -73 -17 0 34 4 -22 -81 24 13 29 60 -50 -32 11 35 43 -29 35 -100 33 49 -69 -7 7 -85 -19 12 -49 5 -29 -36 -24 -58 37 -19 99 -30 49 83 6 57 6 -63 -95 11 10 -69 23 -28 87 -99 -76 19 81 -50 -28 -56 -33 20 85 -1 -51 -79 76 94 11 80 62 -94 37 -88 3 -68 70 3 -57 -92 92 63 -2 28 -67 
-6 77 -29 -34 -71 -60 91 91 61 -93 -27 -35 50 -21 98 -85 13 -11 -4 39 91 -17 87 -91 71 28 -7 24 -51 -86 -63 49 -84 26 56 -98 65 -39 58 89 -48 33 79 -63 -60 87 -76 69 -6 -88 95 96 58 -15 -90 41 -54 85 32 95 -5 67 27 22 -31 88 -25 85 -61 20 36 30 61 54 27 71 94 25 24 29 -17 -25 96 -48 23 66 16 84 70 -26 67 56 -71 6 9 68 90 -30 77 19 9 -95 32 26 54 25 
-60 73 24 37 -91 -22 -38 -83 42 -44 11 -53 7 -44 64 80 5 9 59 34 -33 100 -34 -13 -32 -53 -49 33 -47 -82 -36 96 41 14 98 2 23 -50 14 77 -88 -83 23 24 -47 14 -47 53 3 -93 -83 -65 -11 -43 -50 -99 6 94 22 -97 -28 -83 -45 -12 70 81 84 26 14 56 -84 -69 -96 -48 29 27 -78 42 97 -81 32 -44 92 55 -85 -56 71 73 -44 -84 -33 13 -13 65 47 77 -16 -78 -29 12 96 -54 -12 -44 0 -62 
-14 92 -40 48 -4 -50 -49 70 -66 -3 -58 -27 -59 30 -11 -74 23 -48 69 49 -63 59 -66 -19 -35 4 -36 87 -45 -79 -32 -90 82 -18 74 -92 -46 75 68 -74 -2 83 33 68 70 -47 -19 7 -7 52 97 -98 -13 75 80 30 -4 52 -99 -91 72 -43 -46 -88 -95 26 -31 -34 -29 28 89 -52 18 76 -5 25 64 -23 -36 -92 79 -34 -58 -4 44 -74 -80 92 -53 63 -64 -79 -49 7 -40 86 -10 49 -63 30 -68 -15 62 -40 9 -38 
7 34 82 -48 -27 -60 -12 15 -17 8 92 94 79 1 60 60 88 7 58 -48 -97 23 -12 25 51 21 41 -28 78 -76 12 -99 59 -99 -67 31 -4 -67 -68 98 12 99 34 40 -59 16 -52 87 -30 75 67 71 76 100 65 -27 -99 33 -10 23 -9 15 59 -67 52 -59 -66 -37 -31 -90 -78 -26 -64 -88 45 30 -2 -37 -56 -31 80 44 -34 14 -31 29 -25 -32 52 30 23 -41 53 -40 28 -98 -96 -91 -3 -88 25 -80 -11 23 67 -22 
-85 78 51 79 52 67 -10 42 -7 -71 12 93 13 -49 31 -43 94 -85 -25 -72 26 -56 -29 -36 26 -70 37 -27 -48 -49 -8 -11 12 -99 62 0 32 85 82 -73 58 89 -75 -67 -16 6 40 -7 -43 -12 99 26 -89 33 62 19 -38 8 69 5 23 -5 54 32 -71 27 23 30 94 -24 82 -72 -5 17 22 -8 -40 81 99 -34 68 30 -8 -3 36 -61 -20 64 -26 29 -85 -66 50 -81 49 -3 59 -70 67 67 -78 -92 39 7 14 84 
-59 -52 55 -75 13 -90 97 -33 8 83 81 -43 -87 84 43 -94 51 -58 43 4 31 35 51 -18 -54 -94 -42 -40 -3 -61 18 80 22 95 28 -73 74 -67 64 17 64 25 -32 -60 -10 -49 -1 -84 -30 10 3 80 -51 42 -64 -57 -45 -47 -38 -61 19 21 -25 73 13 85 63 66 -76 24 -54 -80 91 -63 13 50 77 -42 -89 13 -18 -85 19 53 26 -51 -48 -3 -26 -89 39 -16 3 -66 -92 36 -32 51 -23 -47 -26 79 38 78 48 -27 
-9 -39 -89 -77 58 -54 6 96 -27 -16 -23 -11 73 39 99 76 -13 -72 97 1 41 60 77 -1 -4 -44 14 10 -65 -48 4 50 -91 -50 -81 91 68 -92 6 -86 -29 -7 67 57 -17 7 45 8 -86 -98 59 39 -99 93 -59 -25 -82 -98 -13 77 -60 -73 -5 31 44 -84 -40 54 39 -14 -6 98 19 -18 11 -94 -71 -39 96 -34 -74 100 60 52 -11 5 26 -47 91 -89 59 45 -23 -22 -62 59 -86 45 13 -80 21 -66 -42 -76 -73 27 
-89 96 -51 -91 59 -36 81 30 -56 29 59 36 -47 -43 -25 -88 92 23 23 90 73 -4 94 -45 -64 -49 30 60 -36 79 -24 -70 43 54 23 34 32 85 -32 83 -80 -73 -1 -35 -63 39 -21 -60 -74 26 12 61 17 19 -55 -57 30 42 30 -17 37 -77 85 -36 -92 10 -29 -92 70 75 -97 33 61 -85 88 -81 99 -54 -80 -80 -96 -87 -99 35 93 68 95 2 6 -23 -61 -5 56 15 8 55 12 39 8 68 -45 -60 43 5 42 -14 
44 45 70 58 7 -31 57 -41 55 20 -86 0 38 86 17 80 11 -45 -62 52 -13 -45 100 -34 96 -29 90 -69 -78 30 34 -100 -47 27 88 90 13 97 31 -62 89 96 57 52 19 -39 1 77 83 82 -66 13 -85 -18 100 43 -35 -33 62 -29 62 -95 -70 -7 -9 13 18 27 -46 -29 -13 5 49 96 77 100 -42 95 22 -78 54 25 55 -70 -30 -81 -99 80 19 47 56 -80 -66 6 36 96 67 42 79 35 13 83 29 83 -69 38 
-83 -21 -58 -19 -18 -76 -19 -2 -83 97 -95 -61 -20 -50 -86 9 88 98 -79 98 -15 -55 -33 -24 30 31 -78 -81 -46 -57 95 -76 15 -88 68 -46 35 81 51 23 77 -43 -40 1 94 3 -73 -100 61 -79 -82 -62 21 45 -23 81 -22 49 91 -5 -58 0 66 43 -57 -16 96 40 -90 -73 -77 -53 -86 -3 -74 -46 95 95 -66 30 -75 -78 -76 5 -89 57 37 70 -13 -98 38 41 -44 -58 83 -16 -97 76 58 43 48 -61 95 24 -80 51 
90 -22 63 -72 45 -47 42 -31 -59 86 17 -85 86 -62 -96 99 17 40 38 85 -65 -91 -96 -48 80 30 -64 -4 41 6 -68 12 67 -77 -16 67 -12 26 48 61 -96 8 1 -96 91 -36 -49 1 60 90 17 50 91 -55 94 -40 -54 33 -34 -57 -73 59 -39 17 28 39 21 -50 100 -59 -14 -12 18 -64 -12 -43 -90 -52 -37 88 -52 42 -92 72 68 -89 16 -80 -8 66 -8 -23 -55 86 37 -75 -39 -52 -25 87 -77 18 35 66 -78 48 
-33 86 47 22 64 -87 -41 -69 -73 -64 44 89 -11 37 -17 1 95 76 14 26 -73 76 -31 -83 81 -55 -100 -15 -3 25 -22 -22 -52 13 -25 48 28 -36 90 82 -58 35 65 18 -6 99 67 54 63 -6 -78 6 -17 39 -86 -28 99 81 29 72 -16 -71 68 -51 51 45 -31 -20 -29 15 -47 -61 92 -91 -14 32 37 -1 -28 98 75 14 -82 -25 10 47 -12 -4 -10 5 69 -76 -76 -45 13 69 -96 46 52 -30 -54 84 58 -50 -53 -42 
61 81 -72 -2 -27 -85 100 5 -1 -17 -46 68 86 -60 46 86 -49 94 -42 -60 -75 -99 82 2 41 -12 52 -12 56 54 -66 87 -83 74 -73 -50 3 -10 42 90 -2 49 33 54 2 62 85 -54 45 53 -46 -2 -38 27 42 -65 69 32 -49 -8 69 -32 46 15 -67 80 13 77 82 -16 13 -28 -34 -77 63 44 83 -83 -40 99 27 -78 -32 54 -91 -96 -96 -44 4 -93 -42 -36 41 53 -77 -19 -8 -8 -43 -47 95 -47 94 -85 10 -63 
40 -68 0 -11 48 -33 51 -15 -34 43 -67 34 38 25 -15 -5 -71 -84 72 -94 25 56 -12 -12 90 -58 -62 -96 71 -60 -36 -7 -31 42 -25 18 25 -99 -20 -49 -99 27 51 -27 23 -61 -35 -18 75 -36 16 38 7 -52 22 -83 55 -9 7 34 -82 69 -73 47 -10 -37 36 70 90 79 -87 71 -54 87 -81 47 33 91 -29 -62 18 65 68 31 -98 72 92 35 -92 -27 7 57 -46 36 -69 -66 -44 -46 -87 1 -77 44 -24 45 26 -86 
-48 13 -54 91 60 8 36 15 -39 28 -93 2 10 -96 69 -57 -93 -77 87 -52 -81 29 63 54 -22 16 -15 42 54 -73 18 93 -61 -26 -90 -82 -46 39 44 46 15 4 59 52 86 49 -56 94 -83 -23 -63 -34 -34 56 -30 -7 -38 -78 -44 -14 41 83 95 -76 -42 47 -45 -60 73 30 -45 -83 -22 19 -18 -69 -26 77 -28 -31 -96 43 -41 79 97 25 -17 -58 -75 23 17 -81 87 -67 85 98 33 17 45 -55 80 -81 -57 1 73 52 
-27 -78 -57 52 82 75 82 -92 72 97 53 -70 -26 40 0 -41 72 10 46 8 -26 96 82 -37 82 59 87 88 -79 -67 0 60 -3 -57 53 32 72 9 -56 -9 -49 -6 64 68 6 11 -63 -8 -1 -8 36 -66 -19 47 21 65 7 -87 79 -47 -68 -11 84 37 -71 31 -96 -33 8 32 -81 -53 84 -77 -2 -43 -38 -30 -23 -16 -37 88 100 -12 23 75 98 23 -7 -90 30 33 -99 34 22 80 -91 -45 60 54 87 49 -34 -43 66 18 
88 51 10 62 -79 -32 93 80 -90 68 -5 28 -67 17 -62 -69 -96 -9 -54 95 -12 -44 33 56 16 47 -80 -2 -5 65 85 -77 -25 -65 -64 -16 -65 -35 -79 -38 54 -4 99 16 -53 79 99 -66 42 7 59 9 -17 -62 65 -91 -39 -59 86 -61 76 -62 -68 68 79 -88 7 -97 40 92 -51 -62 38 87 -62 -75 39 -99 -70 -91 78 -64 37 95 -13 86 -15 72 -17 -100 -2 -98 74 85 -51 8 -59 -3 -1 -99 -4 66 8 49 -73 41 
9 -11 -97 -41 -89 69 50 80 87 -9 18 87 -93 -54 7 -47 -9 36 24 -17 64 17 -14 72 -87 55 22 55 -42 -47 19 -91 49 37 49 -82 -26 -58 -9 100 -16 83 -71 -98 30 -70 88 -3 -69 14 81 26 48 42 -90 -36 53 66 4 17 -67 37 33 76 42 -50 54 10 -26 57 58 51 99 -64 -29 32 56 -10 29 60 86 48 4 -69 -26 -84 46 -62 85 -44 -59 85 63 62 93 73 -66 100 -26 -61 -86 21 -63 -51 -76 69 
-54 -92 -98 3 -36 73 18 -54 -21 -44 -6 -74 38 0 -32 20 87 48 -49 12 75 -46 96 -73 90 -43 2 50 2 -37 -66 -20 -31 -70 79 -6 3 5 -5 47 61 -17 -42 -12 5 -74 -87 95 -89 73 -19 22 -97 -96 -54 -23 49 72 -79 90 86 37 -68 74 -31 -79 96 31 47 -97 -79 -23 -40 61 61 89 -30 -58 -41 32 78 76 68 -58 -96 60 -69 -39 -40 -79 -20 32 -89 -65 -19 -63 -92 -75 50 9 -81 -57 76 -3 8 -36 
-68 -79 53 39 33 93 -68 29 -54 -94 52 -96 8 18 -31 34 -24 30 84 -72 -75 55 -14 79 -9 -100 66 -10 -62 75 46 16 50 -56 -94 -68 -77 -8 52 -83 -43 20 39 42 81 -79 -57 4 -67 -46 -61 94 50 -65 -93 65 7 48 68 -78 -38 36 62 -83 43 35 6 59 43 -37 -88 42 58 3 -68 -65 52 67 -62 47 -38 -100 11 -99 72 -23 -66 53 48 66 -80 57 -67 -2 -4 -60 28 61 74 68 -3 74 -84 5 -56 -33 
46 -83 17 -29 71 -70 -56 83 -2 78 22 41 15 -36 -82 30 87 42 33 29 -13 -5 -21 52 -29 0 -7 -34 -12 55 92 79 6 -18 -73 -60 -73 -71 78 -14 -47 -100 -85 -91 -16 76 5 93 54 -95 -18 45 43 -60 80 41 65 63 66 96 26 14 -100 13 84 84 -4 -47 -27 -42 55 53 -33 59 -97 -89 40 47 -27 23 71 17 88 -24 4 26 -41 42 -89 34 79 -10 -25 2 76 -46 -80 -77 19 20 -48 71 53 70 -17 -37 
-34 77 1 -15 51 18 -7 -2 -22 -76 77 -68 -37 17 31 74 98 60 -96 11 -53 22 63 44 99 40 -16 -3 -95 50 1 10 43 7 -16 88 -73 7 97 -91 84 40 9 85 64 15 25 -91 48 -16 61 -92 -69 99 -99 -42 -28 -97 -95 48 33 -43 8 -4 -4 -23 -38 21 -3 -39 59 81 5 87 45 70 89 -94 -50 -70 -72 92 22 8 -21 39 12 43 95 84 -46 -59 9 34 11 -53 -37 7 -6 -77 -89 -2 5 65 36 -20 
57 26 -99 39 37 -98 -76 -34 -24 -47 18 24 -49 -46 85 70 -45 -31 78 67 -19 29 51 9 -63 47 74 -46 24 38 -35 -36 -82 86 51 -69 0 -7 -34 2 -98 -20 -63 98 -89 19 -36 -4 -14 -85 -29 -4 6 -14 54 53 25 24 53 -66 -52 21 -65 5 -95 38 -83 -42 59 19 -8 83 75 -9 1 -47 65 -50 -36 6 -93 -75 15 -66 64 65 78 -84 33 -79 30 -62 -51 100 -20 30 71 -2 -21 99 92 56 -43 -46 73 48 
66 95 -15 21 32 -76 71 28 -15 10 91 -48 79 42 62 -27 -87 -29 54 -32 -81 32 73 -4 -73 -10 -98 63 -58 -69 -85 -9 -26 50 -52 31 43 99 -19 52 -38 79 -80 -44 9 38 51 44 49 -34 71 15 39 -36 61 23 0 -55 71 -25 63 -6 92 69 -45 -34 11 26 -32 -95 -53 48 28 8 -19 -94 -62 86 -90 23 84 99 93 35 -85 -41 12 42 -39 -82 -39 -87 78 57 74 91 -4 -100 -82 55 -46 32 -13 56 -38 80 
-46 37 -86 29 100 5 30 16 -98 87 29 83 -12 10 8 93 77 -46 47 98 29 97 71 88 90 -17 47 -84 64 -19 31 65 36 -9 61 -14 -54 44 92 -94 65 22 35 9 -64 -85 15 -93 -45 -26 -12 -6 54 50 95 69 -8 -52 -20 -40 33 56 -24 18 -78 -33 -39 85 33 -1 27 -72 -43 -35 -42 -15 -43 77 -44 -35 21 -4 34 77 -84 44 -20 81 -76 -88 18 54 -85 -82 -2 94 41 25 34 -81 -77 -100 -21 -70 -100 10 
47 20 -79 5 70 78 -67 -30 85 -64 -84 83 77 -38 -44 63 51 78 -17 -72 91 80 -47 91 -13 -65 92 -42 -50 92 72 -85 7 -96 -48 -29 -53 -23 -78 6 20 100 -96 -30 -52 81 67 15 46 -91 77 43 -44 58 63 71 18 84 -45 89 83 91 66 75 94 62 -42 5 20 93 -8 24 -57 -41 -82 -62 -48 -93 -9 -53 11 62 78 30 -8 -78 -68 60 -58 100 57 -61 -64 50 -3 -19 -70 30 26 -69 -95 69 -49 25 0 72 
-67 -31 -7 76 22 -97 3 22 64 99 47 38 -34 13 -86 59 48 77 81 -92 -12 -35 -14 13 24 -6 -32 60 7 -73 66 -90 70 -43 27 -14 9 -26 54 26 -28 65 -4 49 47 13 34 -49 72 24 73 20 7 -73 33 -16 3 69 -61 -34 -53 -89 -39 -19 -30 28 54 -56 72 38 86 -67 47 76 46 -77 -63 -54 40 -20 100 14 -44 29 90 -54 54 92 67 14 82 43 -74 -60 98 7 92 -20 -54 -58 -46 39 -94 -16 -64 79 
96 -95 43 -74 -11 -56 -31 -13 -59 -79 -41 81 45 18 42 59 85 -98 92 89 83 7 -98 45 -75 72 52 73 32 -90 -67 50 39 53 -73 79 76 -26 67 59 15 -43 85 48 56 56 52 26 -48 -64 22 -57 17 54 -47 20 -36 -9 69 -40 90 -23 -88 59 -84 -73 0 17 83 -38 70 -73 21 19 -71 44 74 -33 -39 -53 4 93 -58 -89 52 -67 51 -91 50 -38 51 75 -42 79 6 -53 62 -24 -99 -59 73 -98 -65 58 24 -47 
-59 -62 59 70 63 -88 -66 -46 11 -44 80 67 -94 53 -36 -52 12 -93 81 15 38 -3 -58 10 62 -84 -30 63 -14 -100 51 -77 44 -34 6 15 -19 62 91 -65 34 -66 -8 91 88 49 24 -23 14 -4 -90 19 -68 9 100 -23 -96 -26 -33 -75 -92 91 56 50 -99 -55 -26 25 28 57 86 27 38 -85 23 9 91 -82 -3 69 5 27 43 74 86 17 -10 34 -19 53 38 -47 89 -72 14 16 -55 30 30 31 72 49 -51 -39 -62 51 
-49 -9 21 -73 -82 28 62 12 -30 74 74 25 56 -43 40 7 -38 77 -41 -65 -2 -83 -30 -99 -89 -76 -48 76 -35 -31 59 21 -7 -55 -4 -72 -15 99 -71 -65 -30 19 58 13 -37 -43 83 99 17 12 -10 59 74 -79 98 -57 15 -45 -81 59 81 10 41 -8 57 -9 96 -27 7 -65 -24 73 -21 70 -24 -21 -29 82 -44 -34 -27 43 -11 84 -72 60 -45 98 -11 89 -40 -82 -37 50 -41 40 78 4 -4 -57 -71 38 90 82 -63 -75 
-53 49 -44 -31 -72 -26 -92 85 90 99 78 53 72 58 10 63 2 3 29 54 -73 89 -22 10 48 -48 65 -50 40 -35 -24 55 1 -42 74 -9 52 38 -70 -35 -94 28 96 54 -12 -3 -37 -40 -96 -22 69 82 -40 -29 50 -98 -67 -40 42 20 -63 -40 20 -30 -86 -27 -24 -99 -94 76 -86 36 76 -48 27 19 -15 -69 -49 23 77 74 -59 46 28 93 58 -90 78 -86 20 32 49 -61 42 38 37 -31 20 19 -11 95 -52 0 -89 58 
70 -35 36 -35 14 33 86 61 70 -28 7 -71 79 -14 -74 -41 -27 -5 -37 -54 22 -14 68 49 -27 -36 -77 -50 44 68 -53 22 -1 -12 -45 -78 -25 -14 -16 18 47 -75 34 -33 -53 -5 87 -98 -23 -99 -27 -57 13 52 -34 74 66 83 -30 -64 58 87 96 -31 -50 71 -57 -89 -4 36 86 28 5 35 -95 86 -51 -71 -68 -79 -25 -60 -56 90 67 24 -32 -65 -60 79 -88 0 74 -56 43 25 -5 -85 15 30 -42 24 -41 81 88 87 
-29 -19 -38 -87 70 -36 -4 42 -50 30 2 74 -61 -17 -7 -76 80 -10 48 40 -94 -17 88 46 -74 -8 -95 85 -35 -12 -17 15 34 24 49 -4 25 -4 -48 -85 8 71 -49 -68 -19 -55 69 85 -42 83 17 -60 -65 -78 88 -58 92 -44 -91 37 63 12 -31 -39 86 -28 98 28 29 39 -15 23 19 12 -67 59 22 -38 95 -27 -66 28 -30 -57 -30 -66 68 8 36 -76 2 43 15 -90 61 78 -95 57 63 -79 88 -54 -6 95 -41 -32 
-86 46 -89 5 -33 58 -25 -13 21 87 -59 8 -62 -3 -50 -69 -24 17 -90 84 -77 -43 -10 -76 -96 2 42 -5 -89 -18 82 44 43 -67 -1 -44 -71 17 48 -12 61 -92 -19 -85 -39 36 76 17 51 43 -19 -52 -63 4 0 -42 30 -6 -86 91 62 -47 16 46 -83 90 78 -17 100 -67 60 -85 5 -55 82 -89 -21 -41 45 -59 15 88 88 -88 80 74 -18 -1 -21 90 98 -6 -84 72 -25 56 87 -40 -60 -34 -12 37 57 -28 -33 0 
100 85 -18 -16 -58 64 21 -71 50 -27 -44 61 -91 52 -33 60 75 70 -66 -29 63 39 -22 -60 68 26 26 -2 -11 29 -19 -69 70 -87 49 97 -14 -67 -78 36 1 -38 1 11 59 -14 69 -56 41 -50 47 -86 -4 57 63 53 -71 99 -34 -97 -83 -60 95 -80 -35 89 -41 78 69 -59 -1 52 83 24 -75 69 -11 -78 -96 -15 -6 71 26 97 12 70 -14 6 -52 -37 62 96 5 -97 -78 8 3 75 -52 0 71 -28 -68 -22 62 -62 
-14 -93 65 66 -67 -11 -65 -81 -98 -23 -99 97 -100 -39 -44 20 6 38 98 80 -91 -93 -30 98 71 3 -14 80 -32 30 -12 18 -2 94 -20 27 -22 83 -9 64 -90 69 -22 9 59 -31 37 -33 50 42 -15 57 -95 40 19 -28 -93 43 69 -40 -26 20 76 -40 26 82 -71 -68 -26 -2 34 36 90 98 -86 -12 -46 73 74 -71 96 -21 -1 30 -93 -56 100 0 91 23 95 -60 43 -73 79 71 12 -55 -18 -21 41 -1 35 100 58 15 
71 12 -22 33 -63 84 -56 49 -4 -27 56 -40 -38 -92 -39 -54 84 24 -15 -9 -13 -61 -69 -62 -61 -22 26 92 11 22 -9 -12 -9 53 -33 64 64 40 -13 -74 -19 -76 -53 32 -20 13 52 50 51 -47 -79 -62 -88 -63 -5 -9 -93 -10 82 -34 56 77 -67 -57 90 -89 28 -60 -62 66 1 73 2 8 -40 -54 17 -29 -5 60 63 15 -46 -63 -50 21 68 88 -97 48 5 -60 -89 -95 48 -14 -47 -88 -8 73 -37 71 73 -22 1 38 
-10 -24 -59 54 -37 82 67 28 -49 -64 -67 -95 -14 -21 25 -76 -88 -85 26 10 13 15 -60 76 -100 -52 -74 79 91 -91 30 -11 -56 17 51 -87 39 -46 -70 15 -95 27 -97 -62 -49 -24 46 -7 -20 -59 -43 1 2 79 36 -42 -75 37 11 11 19 96 -84 -44 57 82 -59 -80 100 48 -38 -40 -48 37 -68 -94 61 29 35 -83 -35 51 -50 75 -94 64 12 -27 -88 72 -44 -89 -81 -85 8 -10 -96 30 -27 94 -54 -78 26 7 13 65 
57 31 15 -18 0 -100 46 92 72 -98 4 -17 -10 -27 -40 -63 1 33 -26 -76 53 -98 98 -86 -98 -55 95 -25 46 -29 5 -28 14 94 -76 -23 49 6 -56 -62 17 99 100 40 10 -89 32 84 39 6 56 34 -38 66 -87 -96 -3 -72 -41 53 -92 -34 17 80 -57 -31 -22 69 26 -20 -88 92 16 -9 -19 95 -47 72 42 3 -2 29 83 -22 -77 -28 70 78 15 46 -49 -94 -54 -62 -45 75 -67 72 71 93 27 68 -96 -89 68 30 
45 -90 -87 24 -76 29 -12 40 -14 86 -29 -8 -73 46 -74 8 11 4 25 54 -42 -40 -14 -96 -64 -97 29 9 12 95 -73 50 22 -8 -67 49 41 40 18 -46 8 36 76 -61 -66 91 -55 4 -34 -62 60 56 -24 29 -14 -55 44 54 93 -68 33 -74 17 9 37 -80 83 84 -97 -48 -69 36 -38 -77 -62 -69 -90 38 99 75 70 49 87 74 72 67 21 15 54 -55 48 94 -91 31 -63 47 66 10 -99 44 93 -93 19 -14 -26 -48 
94 70 -91 -10 14 -6 -39 73 61 -53 -10 36 -31 85 -77 -19 -10 -57 -56 -6 55 -42 76 76 -64 16 98 42 36 -33 -70 -6 -23 100 26 -2 -11 9 11 -71 10 -48 -58 44 87 -73 -16 -71 -94 -53 -16 -11 -60 -68 -89 -80 47 67 -60 -82 -93 92 17 76 -96 99 88 91 82 33 84 22 -28 -54 -88 82 3 45 64 41 23 -10 91 67 -13 77 13 27 -58 -16 81 26 -61 -8 -92 73 -45 48 -18 -56 81 -10 -7 -26 24 -34 
29 4 28 96 34 -71 23 -75 67 -93 24 -13 -14 78 0 32 51 97 7 63 -1 -11 -32 -31 -80 7 -53 -65 -37 88 -46 -13 -47 78 60 100 48 6 -59 -95 -19 -65 -91 9 -53 -28 65 83 -85 91 -46 85 86 46 -98 10 44 -81 93 -97 47 -73 -19 43 -8 -79 -43 -59 -95 76 32 20 92 87 74 -4 -23 -74 -86 -35 29 -52 81 60 89 1 55 35 7 -64 -36 91 86 92 2 55 -28 -90 -40 46 60 -17 -99 10 -82 -100 
-15 63 -60 22 28 95 52 -41 24 41 -72 -78 -66 14 -40 41 -22 -27 -18 92 -57 -30 91 -18 -19 11 -4 -18 -74 -22 16 -44 -26 -22 25 -75 -44 61 -36 96 33 67 -58 -42 56 -75 54 63 -89 -56 -75 80 -2 -42 18 -1 84 7 -41 46 -69 -10 -5 40 -72 54 90 -75 95 7 99 76 -54 -9 0 44 -67 47 -52 45 -70 -50 -46 33 -88 69 91 60 -8 -63 2 -2 -99 -31 -57 55 -64 30 -69 -75 -84 10 -82 -77 55 -33 
-87 -84 -57 -30 -60 -91 -16 -9 96 -20 47 -99 -47 -74 35 61 26 -9 10 23 -2 -47 -36 -2 67 60 -50 0 3 -84 64 78 -3 -37 44 93 -5 -88 95 17 -64 95 48 -24 -18 -59 66 -24 -51 -95 20 76 64 77 -72 -22 -74 68 77 -62 42 -14 -52 -30 15 76 -49 40 -100 -33 -9 -9 -94 -75 48 -21 -34 -82 -23 -78 -84 95 13 21 -66 -41 -7 -22 19 -69 -43 -68 37 96 -94 39 41 -61 85 73 68 91 -94 -100 -34 85 
-81 46 14 -30 29 -60 29 -54 34 90 -40 -18 -25 -95 53 89 -56 6 46 -21 -100 -41 -6 26 11 2 15 77 68 85 38 -60 -48 79 77 51 -20 -4 28 -57 15 35 15 60 67 -33 31 -10 66 -44 6 -100 5 68 -61 -17 -35 11 38 -62 84 3 -52 59 95 -48 -63 -49 83 -38 -8 97 21 76 -81 -89 16 -27 5 45 -7 -79 36 77 -70 99 23 59 9 -72 69 -22 -100 30 72 -8 -84 47 -32 -97 75 -21 -68 -84 -39 22 
49 -84 79 16 99 7 -62 80 -34 76 -85 17 56 -68 23 -49 21 79 81 -13 -32 32 -22 -29 12 -76 93 -47 64 -86 87 -56 -39 -83 -76 19 -60 -6 -26 64 11 -79 90 -47 100 85 44 -73 20 70 -35 49 -60 47 -20 68 -78 91 75 -57 -85 -61 -56 30 -48 -62 18 53 -30 -41 93 -48 51 -22 -47 85 41 -80 -33 -12 23 17 58 36 -28 42 -36 -94 -21 -13 -9 37 17 -55 22 -62 -72 15 98 -86 -53 37 83 -74 73 -12 
30 23 64 75 10 -18 76 -69 28 86 89 -2 47 4 -30 94 -91 63 32 95 -2 -16 -30 -66 -65 43 43 -61 -3 58 -39 42 40 95 79 26 87 -85 53 -85 62 62 6 -19 3 -58 91 -57 -11 41 -93 91 -71 -20 -58 85 -3 -20 -75 -69 -62 62 -50 52 36 32 25 100 -64 50 -10 61 5 -20 42 -54 -18 52 -42 -37 -84 19 -75 49 -48 -5 -39 72 73 -81 -71 11 36 23 76 6 68 2 97 18 -77 87 -51 -8 71 37 
72 -11 -71 -49 -46 54 7 -100 -78 -60 -40 -66 61 -10 -37 -35 -72 -43 85 -4 87 24 -37 -5 95 94 36 82 20 17 89 -3 95 5 -73 -47 -79 -20 4 5 -94 -15 53 78 96 -41 -4 -37 30 41 -14 82 -39 -100 -28 -44 86 77 -46 -70 -35 16 -98 34 93 -98 -44 67 94 -90 -96 74 -57 12 -89 85 -38 -84 84 46 25 -99 42 59 81 45 95 29 -51 -21 21 94 -10 -13 -17 80 4 -93 68 78 -25 -74 67 3 -6 12 
91 -74 -43 -71 -90 -43 -30 -14 3 64 54 6 -87 -72 -19 70 -15 -62 -33 -68 76 -22 -12 31 -75 -82 64 -37 45 -25 68 -85 91 65 -15 -42 -23 -21 64 55 26 65 -97 48 -42 -10 -67 93 -16 -88 75 -47 59 -48 1 80 18 15 13 -21 -81 -32 74 17 -56 -35 72 92 64 -53 -46 47 24 32 3 61 80 -55 60 -6 -87 56 99 84 48 -37 18 -73 -74 80 38 62 -54 -87 -4 -87 -64 -40 76 -70 -6 -83 -96 18 -66 -35 
-80 -76 55 68 45 -61 -67 -28 94 81 59 -5 14 77 -77 -26 71 -48 -5 77 12 96 85 45 39 -4 -68 17 -75 80 79 46 23 -55 98 -2 -3 -73 -52 97 -94 6 -93 -74 37 -63 74 -25 49 -37 -34 97 -69 7 -95 -30 58 37 -28 -3 17 70 37 -85 -26 -39 2 42 18 50 45 31 14 65 -21 28 0 35 15 52 5 -89 98 -62 87 92 -57 -82 -73 -42 8 -26 90 -79 15 -26 -42 16 -100 -2 90 97 -61 10 21 -18 
29 -56 7 -50 -54 55 97 -51 90 -48 -12 29 76 31 -40 -48 -93 24 31 57 -68 -53 -16 -62 -63 -47 -18 -98 -69 98 70 -59 53 -44 -53 -73 -14 -38 -21 2 27 -36 31 42 -56 64 -66 99 3 3 8 -65 -60 31 18 -39 20 61 86 -49 -22 -88 -88 58 41 -72 28 68 -3 -69 -80 61 -75 3 -31 100 -47 -51 -96 -33 94 -66 11 -70 22 54 -95 83 35 -65 -84 -44 -86 -78 -5 -40 -1 81 76 92 76 24 -86 80 59 -90 
39 -58 -56 82 56 43 64 -30 42 -96 69 -83 -39 -35 -68 -63 -17 58 -47 -64 1 68 -93 99 76 83 62 22 -71 81 75 7 100 -55 47 8 8 46 12 62 -16 -38 -14 98 54 41 37 11 -13 -52 -31 -52 14 17 -61 18 21 -39 64 20 56 61 39 -31 28 70 -9 48 22 -17 -1 -92 20 -97 34 -18 57 36 19 21 -64 5 -26 87 -71 84 -77 53 10 73 -56 -38 96 -100 -42 -32 -76 -19 -42 70 -49 92 99 68 35 -92 
-67 66 -8 66 95 -55 81 57 -28 -78 97 -94 18 -64 58 20 86 -44 -5 38 -56 32 -26 24 89 -16 -55 9 -78 -55 -39 -32 69 -67 46 95 88 -42 -75 -37 -99 -35 -49 10 21 -37 89 -96 -96 -23 66 84 -99 50 -27 4 -74 5 53 87 -45 37 -88 -54 54 -1 73 11 -29 73 -44 -83 17 80 -20 -73 44 49 -96 -91 -99 -2 -40 -48 -49 -87 -47 76 78 -18 74 40 3 8 -39 -61 39 30 72 -74 -37 -74 -8 68 46 96 
-20 60 33 -24 92 -2 -40 17 -24 43 -13 -50 -70 -3 44 81 -91 -72 -53 78 50 68 -61 81 53 -14 -38 73 -91 -88 -6 -76 -55 58 -14 75 82 -99 -69 4 68 78 -84 -64 95 -23 81 -96 -34 79 81 -67 47 13 97 16 -26 100 -69 -81 83 -43 24 -22 -48 24 -71 -71 18 -88 -41 51 -11 91 -28 -47 -25 100 77 -47 -48 42 37 -51 93 -12 68 35 -32 35 22 19 3 62 -72 -60 65 91 -11 64 -72 -65 55 34 88 -25 
-75 -21 -1 -11 55 -19 -73 -22 -3 -57 -67 5 93 -64 -10 89 51 5 -92 79 31 -57 50 70 -90 -75 -13 -68 3 83 -65 -13 10 74 74 -8 2 -15 -93 -53 51 84 98 18 -7 -59 62 62 8 -15 51 -10 -20 99 4 80 -5 -76 97 70 18 -87 -38 -1 98 38 -83 19 -89 36 -99 -39 -18 32 57 75 -50 -51 -76 -85 28 -70 -86 99 -78 75 90 -9 61 80 -97 26 89 -83 -30 -37 41 -21 0 -66 10 13 -25 -7 -49 87 
-65 -10 -43 -43 -59 32 -66 -85 -76 95 13 89 -9 -99 -66 24 -62 -13 -91 -37 3 -75 -91 -4 46 19 46 -92 82 -90 -39 66 -99 20 58 -90 72 -97 -100 7 -38 39 62 -62 -80 -72 -32 64 86 -90 -85 -49 98 49 -55 -82 -1 -76 12 -8 71 -50 17 -63 10 14 56 62 -70 -71 88 58 -36 -73 68 -97 50 -23 -26 98 -27 23 -7 40 39 37 -29 16 -19 -100 -72 -49 -70 -78 -83 -58 64 73 -86 18 -82 -10 90 93 28 -91 
31 83 -12 92 5 -70 6 35 48 -86 -3 67 56 64 -70 -82 15 -13 -21 -84 -8 11 -8 -25 -29 48 -52 28 -91 -45 57 45 57 48 -61 59 30 17 5 97 54 37 25 -78 -19 81 -68 -42 -87 85 -85 -31 -31 72 -100 15 -55 -32 37 6 -48 45 58 67 -7 -55 55 -41 -78 -17 47 -84 -2 -17 -76 88 32 -37 16 8 -90 -10 -37 93 -7 59 -36 -40 66 95 -10 -25 86 -91 76 -30 -42 -51 -39 23 41 80 -40 15 63 -43 
-22 -60 23 57 57 59 -46 -37 8 -30 -36 -94 -86 -91 -21 -75 58 -86 17 86 -62 77 -12 -27 -60 -25 -92 -80 -84 52 -90 53 11 0 54 -89 -54 -80 -29 -11 48 -44 -65 -2 -80 -61 -60 -66 -20 36 -49 45 82 59 -9 -18 -72 38 56 -1 33 82 -56 34 -95 -12 -54 -28 2 37 -17 -93 34 39 80 96 91 34 32 1 51 11 -93 28 84 45 17 -43 72 22 -50 89 72 82 76 69 44 -15 19 -78 -91 -33 -36 58 -41 -36 
62 24 -58 60 6 -4 -74 -94 -40 95 -13 38 83 -36 98 30 37 -30 -6 -33 -84 77 -37 -54 90 -56 55 -86 -43 93 -98 -75 37 96 40 -19 64 -97 -43 95 -52 10 -75 -45 -42 -74 -7 -57 72 -53 -35 -32 -65 -71 88 69 -91 -20 -74 -29 75 3 73 54 -6 75 -70 -45 58 54 -50 29 -40 44 -16 49 -36 52 56 22 68 -65 -34 99 31 -77 -86 -29 -17 -20 18 -81 -39 -90 39 34 83 45 -31 30 -67 38 58 89 25 -46 
-26 -25 84 8 40 -61 75 -7 98 -60 70 -57 87 -32 -84 -66 48 -10 -10 77 -17 15 38 -39 -60 -33 30 -63 -88 82 -60 39 -68 12 73 -92 34 30 -19 72 -45 9 -7 7 10 60 -99 -9 -19 27 -76 30 -73 -52 29 -49 -96 17 -16 -70 -25 84 -46 -28 -11 -30 97 45 -22 -30 45 -93 31 -2 86 -51 18 -35 -22 23 -35 15 -97 100 -19 22 10 -88 1 23 -58 -36 23 70 -19 -45 -38 -4 -88 -20 70 24 96 87 99 -56 
-26 -68 -77 74 -14 -37 20 -92 55 82 -27 71 -49 42 -73 25 -29 -93 14 -60 -78 50 64 30 -26 -16 -98 -78 70 2 -82 -22 70 -47 15 36 -65 100 -63 76 73 -52 42 -71 -35 31 23 39 -22 19 90 87 -28 -69 -12 -1 86 86 -8 -99 13 -74 75 -9 -96 -29 -98 -75 -23 -11 46 44 -73 49 -79 -31 -90 -25 26 -11 24 -59 46 53 -19 78 -86 -86 -24 -33 47 35 -30 -13 95 86 56 -72 -5 42 -60 -25 24 59 93 1 
-23 -26 99 11 -14 71 10 -88 50 35 -5 65 -66 -47 -72 19 61 -32 -65 -50 -22 57 -35 59 86 79 62 -76 79 47 44 -27 43 97 -24 -36 -94 6 98 -95 68 -73 -38 -42 -4 52 -32 42 12 -54 -55 -48 30 35 1 -81 -90 38 -63 74 84 91 -64 5 -46 -97 -46 20 82 87 99 -63 50 60 -89 64 78 76 -34 10 -75 94 -15 -92 48 -75 -47 -82 -27 -92 75 -10 -78 54 -53 -78 -68 10 21 66 -29 13 -43 -4 -34 73 
97 -34 -80 -95 3 31 50 -58 29 51 99 56 33 19 -54 -10 -51 -5 -61 -23 100 44 19 -1 46 -9 -81 5 -3 98 99 -57 69 27 46 -54 -70 -41 42 63 -54 -53 69 65 49 -18 -79 -22 -25 0 -42 70 -98 -80 -40 -84 -31 -73 56 77 62 59 96 -2 54 78 35 55 -84 -33 -86 29 54 -43 0 -42 96 -1 2 2 -71 52 98 -84 -34 -73 88 24 -62 -19 -4 -71 -81 -55 -78 18 19 -84 83 -10 78 69 -98 -46 -88 -90 
84 -52 -45 90 -11 -79 -73 -4 -98 87 -59 -63 -49 16 17 -45 -26 -55 15 90 74 36 88 4 -27 -18 -12 -12 -26 -45 37 -72 -94 -37 -27 -38 63 -35 75 -99 -15 -89 -71 41 -99 85 1 34 76 66 77 32 91 32 -5 -92 27 75 87 100 80 26 -52 64 -43 43 -7 84 53 96 96 97 70 4 -35 -100 -34 -30 -94 -17 92 -89 30 -14 -68 -39 -3 0 13 80 59 -55 83 8 -77 -14 66 -52 14 -100 -49 -93 54 -39 -99 55 
-22 55 89 -7 -39 69 -13 39 -84 -81 2 -14 -93 49 98 17 -40 35 33 -41 15 33 69 -40 11 -17 82 -6 -50 -98 57 68 -85 6 -54 77 -82 -42 -12 91 -44 -31 -66 -13 2 -80 -6 60 -32 -79 22 66 91 5 -90 47 -28 -86 -66 15 -53 15 25 -29 0 -100 43 4 77 -33 26 -74 -68 9 80 -20 -6 -27 1 -39 -67 6 78 19 -41 -10 56 -37 -93 5 28 67 90 29 -68 -80 -99 52 73 57 23 -2 56 -44 12 -36 
54 14 76 -48 -99 41 -53 -81 -54 -35 -84 14 -53 69 64 51 -63 12 -8 100 91 75 39 53 14 55 -77 -18 -22 -99 -17 -76 85 -80 -62 -60 91 56 -90 34 -90 81 -37 24 -26 -61 -32 -38 -72 -91 -26 82 -58 65 -56 30 92 8 -53 -2 -7 -2 -60 -55 20 97 97 -51 14 -20 -73 -97 97 27 11 -89 37 30 -70 100 83 -97 -44 -56 -76 37 -82 -65 63 -72 88 -95 -52 -57 -24 -86 -13 41 2 -26 95 58 45 79 11 -37 
1 -46 69 41 14 64 -35 64 -33 -37 29 -64 33 -68 40 -87 6 -96 21 -21 72 -58 15 -81 -44 35 60 -19 -87 -41 26 53 -39 -1 -95 -59 21 -97 -68 81 -46 73 -10 18 34 25 -30 -80 30 100 53 9 -94 -30 51 -13 -87 77 8 86 49 -93 39 74 -76 20 61 81 5 -22 -57 -76 99 -23 9 -5 41 17 -48 -26 84 -46 7 -33 -53 60 97 89 83 -85 86 11 64 64 33 74 -12 -36 5 -81 80 81 -5 91 -56 25 
-45 -88 45 -71 -81 -32 -98 -9 -69 -89 -81 43 -67 -36 23 92 92 -55 3 16 59 -26 -12 -30 -57 -56 19 69 28 21 -22 4 66 18 6 -11 59 91 45 27 -49 72 -92 -94 24 -67 29 59 -56 -77 -59 -80 17 22 60 -66 97 100 1 -92 -5 12 -76 84 -90 -49 42 -75 -63 49 -65 23 -90 19 -71 87 96 40 -80 -59 36 13 -12 -75 66 -3 9 -19 40 -90 -14 78 -1 -54 86 88 -94 22 76 -56 68 68 99 51 91 46 
-4 -5 52 70 19 77 -14 -46 64 -48 32 -45 -22 98 -14 15 48 23 55 56 51 15 57 74 18 3 -59 -14 34 80 -63 -88 97 9 -78 74 18 -30 92 34 71 78 -16 -65 -78 20 80 41 -67 -66 -91 64 -43 82 -73 -21 -90 21 -12 -73 -26 -17 58 2 -85 -58 32 -22 58 -65 -80 20 -15 64 71 0 72 -76 84 -59 78 24 -59 13 -40 -77 -45 61 4 -70 59 69 -13 12 -76 52 -24 -20 -88 -57 34 -48 4 -23 57 53 
