-22 45 -95 -54 -1 -94 25 -49 -9 -89 -94 -40 -73 48 73 2 44 -78 -92 30 21 -66 -87 91 34 -79 -33 -73 57 39 
-65 55 37 -30 -50 42 44 77 -71 -3 11 -95 -92 -92 45 -61 69 -85 -59 -52 -66 33 93 49 -50 -54 -7 46 40 -100 
51 -93 -33 -66 -25 -90 -38 -69 -98 76 -7 54 99 17 66 -70 84 -18 -41 67 37 53 -13 56 97 -96 97 -68 -68 56 
-54 -30 23 -69 72 88 76 -95 -13 -50 86 29 -15 -79 95 0 23 -25 26 86 5 -52 94 18 73 43 -5 33 -2 -46 
-47 -85 64 -45 94 0 -77 78 -46 90 49 83 -60 33 76 6 19 -74 19 -74 -97 1 -21 4 -29 0 25 -64 -43 -63 
-49 -25 18 -8 68 -10 -3 -26 57 -27 96 -93 18 -77 100 76 -37 9 52 72 35 28 14 -78 87 64 39 -74 15 -57 
-62 -4 27 3 -68 -13 59 -85 86 -24 -73 -94 29 -41 58 53 25 62 82 67 99 56 90 -84 -3 -38 51 -68 6 -61 
56 -30 -35 -34 -3 0 -26 -72 57 -42 18 44 -3 -85 -61 -49 55 92 -90 -82 -79 93 -40 79 13 98 71 -2 74 87 
-11 58 47 11 98 98 -23 46 87 -89 78 16 -29 38 67 88 27 69 19 -79 34 -44 -75 -85 91 -57 -45 -12 -13 -54 
-71 -21 -100 -81 57 50 51 46 62 -75 -21 -41 -79 12 -27 77 -7 42 49 -49 -26 84 -18 9 -2 -31 13 34 85 -52 
-11 -94 30 100 70 97 6 -85 46 -54 81 -84 -57 79 -55 -91 -40 10 -4 10 -91 44 -84 -60 -40 -71 -56 -15 68 -17 
20 -18 92 -22 59 -60 -69 93 30 -95 -37 88 6 -1 -39 37 -4 52 70 74 -97 -91 -24 56 -87 -30 21 14 -86 81 
-82 -11 -56 26 60 62 -47 -86 10 -93 45 9 -68 -6 20 72 94 86 -18 -42 -68 95 -65 9 -46 87 71 -75 -58 84 
31 54 -2 23 59 51 65 64 30 47 9 44 99 53 77 60 -71 39 62 98 48 -55 -80 -40 -27 89 87 -87 87 20 
-82 93 -71 71 55 42 19 -85 39 -54 21 46 100 -76 -36 91 -68 41 6 96 -8 16 -7 -48 45 46 -23 -4 -50 -50 
-18 -72 96 46 72 59 88 -23 -87 -31 -48 -67 -93 7 -33 47 -28 -33 78 -51 -85 -53 -30 -1 -57 45 -60 -40 -75 -8 
90 -97 60 -80 -25 88 -79 -4 41 100 -89 -38 -59 58 47 2 -47 -40 97 79 47 3 70 -83 -90 88 64 27 67 96 
-38 99 -1 71 41 4 13 -41 53 9 -21 93 -84 -41 -89 10 67 -56 -43 72 -37 55 -7 33 -35 -64 16 68 -22 69 
0 41 13 -21 -74 -81 38 -45 30 -27 -85 55 -28 9 -64 4 39 83 44 -61 86 -78 -80 -9 -68 92 59 87 70 -46 
75 -97 70 -96 9 -28 90 12 -55 54 23 100 -72 -27 17 38 -42 37 44 23 -5 64 57 -45 -72 48 -52 -81 18 60 
68 17 23 90 54 56 -67 -34 16 -29 19 56 -6 -23 87 71 -87 -4 35 18 70 69 -39 28 6 90 -84 -1 23 11 
57 22 -28 -71 -26 87 73 14 66 15 79 -76 29 25 66 -63 -53 72 76 46 -17 56 31 -51 2 18 96 -9 7 7 
26 95 -96 59 11 16 -25 -3 -80 64 59 -48 72 -47 0 100 -33 -99 21 51 -44 69 43 -21 -87 20 27 -76 72 57 
53 -67 33 -43 5 59 51 63 -37 -24 66 -83 -87 48 80 -85 -36 -81 72 -70 100 -65 -4 -22 -59 27 -52 9 -54 44 
87 79 -57 -13 -54 -16 51 81 67 -69 28 58 -71 2 27 55 -74 -81 13 -65 -8 -34 87 -8 -8 85 -74 78 82 0 
-48 -30 2 -10 -76 56 -42 92 -57 20 -21 87 -2 -10 -67 -57 95 10 28 -71 10 78 -80 -88 16 26 -9 -5 1 -6 
-22 -24 22 -41 24 -20 97 67 3 -72 -2 46 43 26 -48 50 81 27 -61 -39 -81 -82 -49 -88 93 -90 -30 -85 47 -76 
-74 -42 -88 0 1 -63 -93 94 57 45 -48 18 -88 -6 48 -28 100 3 46 0 40 -36 -9 99 -13 7 90 56 88 -34 
-93 -64 27 74 44 52 7 -29 44 99 -65 90 63 -31 38 83 33 71 87 -46 13 10 83 91 -55 2 -68 26 60 58 
-76 -3 69 -10 -35 -40 -15 -38 -31 -4 -71 38 -29 -54 2 -22 66 -73 49 98 -74 91 -41 29 20 -35 57 45 -44 91 
-65 92 -4 89 1 75 19 -93 -51 46 79 48 -53 8 -71 64 34 49 8 82 -62 -79 46 -90 93 59 2 -85 -83 -17 
50 -79 -90 43 82 24 -56 -50 -28 79 45 -71 32 -4 96 4 -36 -73 29 5 -52 -71 23 81 -86 98 -65 -20 -45 -10 
-78 -97 -33 -6 75 95 -46 88 81 -31 16 -27 -61 -69 86 -100 30 -92 64 -65 -14 -29 -6 49 46 56 -14 84 -42 84 
-4 3 -5 -35 7 -32 -100 -47 74 -94 68 61 -87 35 -63 -59 -1 1 37 -62 0 54 -63 44 84 35 75 -32 23 -95 
65 90 85 83 -45 9 -90 94 35 -75 -40 -54 -94 -59 12 -82 14 -2 38 86 85 85 -94 9 -55 79 6 34 -32 -81 
36 -55 -25 -55 65 -39 -29 32 1 -66 4 78 21 56 -82 -59 38 -92 -38 -93 79 46 60 -33 63 70 -3 -23 -24 -9 
43 -50 -1 22 8 25 -51 -41 9 -19 -11 65 63 -55 67 -38 54 7 -73 -57 10 -73 -46 -94 61 26 50 47 40 -16 
9 13 54 47 -10 -87 -88 99 30 -44 -84 -53 24 89 8 -23 28 -32 -38 67 -62 35 82 -19 64 47 44 28 74 1 
-38 -25 -27 -59 -64 21 -1 -71 51 -4 -6 -26 55 93 52 81 -54 82 8 -54 94 76 -46 57 45 32 -75 -61 30 66 
2 -86 -85 23 68 -10 -51 28 -37 13 -75 -42 10 82 3 71 -73 -49 14 56 -6 34 59 20 19 -87 -6 -47 76 -64 
94 -86 20 12 -25 45 -56 88 -64 -36 76 -54 -34 69 72 -43 -22 -66 -15 77 -46 -86 95 30 -73 -95 -92 39 22 97 
89 -30 -72 -68 -100 -97 11 -82 54 -49 84 -100 -40 -63 50 26 61 -55 -82 -16 -1 66 -46 5 41 -58 80 55 33 -26 
26 -95 -84 100 99 77 -57 -75 -28 1 21 -51 -97 -54 -71 -99 -8 -99 -84 50 -18 -100 -30 -74 -21 22 -35 34 -7 -18 
-62 -81 52 -10 66 -69 -49 5 32 -97 99 -1 16 -3 58 49 4 83 62 -23 79 75 62 27 -55 -20 -78 55 92 -84 
-8 -19 -76 -32 -74 -21 -9 -76 23 41 -1 -39 99 -3 41 48 5 73 -33 68 -27 36 -71 65 -41 31 -96 26 52 -11 
-96 2 -24 -55 -89 -84 25 -58 15 -79 61 -63 -30 0 -16 -61 -35 68 49 -34 -22 89 -49 -37 67 -25 38 56 98 -59 
-83 -12 76 95 7 48 88 57 -70 -52 -66 21 -66 -11 -84 -18 46 67 73 -52 99 -44 -74 16 65 9 -77 -46 -79 -80 
84 -53 62 -21 25 -57 37 44 95 -12 -34 76 87 71 9 99 -76 75 -81 60 67 -99 82 81 -65 -56 0 21 65 -97 
76 50 -76 -49 41 -31 -65 -15 -66 100 -9 -27 -65 19 -91 50 66 -51 83 -47 96 -70 82 -41 -20 49 -85 21 92 70 
34 -9 93 -7 -9 54 -8 67 -45 -5 -48 -13 -37 -1 -21 1 58 28 -76 -83 -7 -82 -21 34 100 87 5 -58 -88 56 
88 -95 84 57 49 -7 -95 -12 20 -68 50 -70 3 45 57 -7 -15 26 -37 9 -24 -97 -70 -85 -24 -87 -23 -95 -1 -14 
7 38 -68 60 90 62 -82 -22 -40 70 -80 86 47 -14 -35 73 -89 93 -27 -66 9 -48 7 -4 -8 18 48 71 26 -61 
-66 71 -90 76 -12 21 -87 -76 15 62 -80 83 -67 -64 73 83 -52 29 -40 -34 74 -95 90 -64 84 4 -58 19 -19 -26 
58 -95 -72 91 -45 92 -42 10 46 -81 -17 -90 44 -79 77 -68 91 24 -52 -32 33 88 -12 -88 33 -70 88 30 40 88 
25 -59 -75 -62 59 -77 91 -53 -96 77 -61 -5 18 -25 -52 -30 56 76 79 -11 -99 -21 33 -86 99 69 16 -71 -49 -100 
70 -28 53 52 -20 10 51 43 -34 -31 31 -2 -16 9 41 -13 40 90 -85 96 49 -12 -16 10 58 -77 -58 -18 -9 90 
52 97 2 -21 -17 89 35 -78 -44 -86 76 7 91 -2 16 -14 98 -88 -17 -60 -93 60 -27 1 -45 3 42 39 -2 47 
-3 70 97 -15 8 48 78 67 -68 -41 60 -85 -16 37 -28 67 19 -9 -39 -66 43 -84 55 32 -59 38 0 -41 5 -22 
-15 97 93 -13 24 -98 -48 46 -1 -70 16 -48 -24 56 20 53 -95 53 -41 26 -85 -16 10 10 27 7 -30 -72 -77 11 
-86 -12 -75 -7 -83 65 98 46 -61 62 95 92 -28 52 -29 -90 -6 -92 93 6 19 -62 84 -2 -52 88 -80 16 6 82 
