-51 -48 -45 14 -81 84 -79 27 -55 25 85 -32 -45 94 2 -13 87 75 29 -41 60 -1 -30 -17 -96 93 -15 53 30 34 16 -99 -56 68 1 -28 -13 -82 -17 19 45 -93 10 91 -5 43 -1 -83 59 64 -62 90 -81 -9 71 11 -27 -33 -61 14 23 -87 42 -41 97 -63 -94 90 85 30 -50 48 7 45 -99 -74 -99 -1 -42 -83 28 2 -49 67 83 92 -58 44 4 21 1 43 
-32 73 45 77 90 99 37 78 55 -83 -34 60 -7 85 -10 36 -79 29 34 18 -72 30 66 -44 -7 67 52 -77 -26 -64 -80 -32 88 -53 -30 -91 -36 -91 3 -46 56 -11 43 13 -36 52 60 91 -5 -31 -10 33 -14 -35 -23 74 -35 10 37 24 26 -36 81 -1 -68 96 3 -68 -50 -64 37 -96 33 -17 -55 -16 34 -3 -62 -75 8 40 -32 14 76 -74 -81 -59 84 72 -88 40 
95 -67 -32 13 -14 43 -86 12 6 21 84 36 -66 73 -9 39 96 22 -63 31 -59 -23 -58 -37 31 -70 86 2 52 33 41 4 28 -6 -85 61 -51 80 57 -18 -44 21 33 3 -79 -96 26 7 80 51 -84 71 63 35 -18 61 85 11 6 -46 99 83 96 61 -91 30 -87 -50 72 6 83 14 -18 -54 19 -88 -40 76 -42 -40 -96 85 88 90 77 52 14 51 48 100 -59 40 
-62 29 -56 18 -30 4 -5 42 98 31 14 35 10 65 54 0 69 -56 68 -55 -54 96 46 48 -91 -23 78 37 31 -68 48 -93 -10 28 -26 -94 41 -85 42 70 23 -15 -64 -45 -42 -8 -70 92 -8 18 32 -78 -96 57 45 44 8 24 85 49 50 21 -3 85 -15 -59 -17 -34 13 -50 -94 28 -35 -79 -13 26 22 -80 66 -22 -17 92 17 -41 -71 -85 43 16 67 28 -19 53 
74 47 -83 16 99 -52 -30 -61 -71 39 -33 39 34 -20 -20 -39 -29 17 -44 41 -93 99 90 29 -40 94 -6 32 -29 81 -55 40 -94 18 -96 12 -32 5 38 43 -20 -96 -11 74 -25 -97 65 -97 46 -88 77 20 -37 -80 -1 -41 -83 -11 -84 0 27 17 -42 67 66 -99 31 73 -65 2 92 97 -16 -29 74 16 -37 2 21 86 51 17 41 -7 -87 -41 21 0 -1 -50 99 87 
96 83 -56 59 -14 72 42 4 65 -90 -44 27 79 65 9 -29 65 78 100 41 -3 21 4 58 91 -39 -71 -26 -9 -97 -18 -67 65 -43 -57 -77 -23 -75 0 30 98 -57 32 -66 35 -30 14 72 50 99 -17 70 -93 -81 79 3 68 -36 71 -46 78 1 42 -8 -14 46 100 30 -44 -77 2 33 35 -63 -72 -69 39 84 -64 -22 82 27 -43 94 8 36 -4 48 -66 -63 -71 -72 
-82 -71 -17 13 -60 -63 -21 -59 -20 -12 -94 95 37 -39 79 -8 98 -32 -21 -77 42 -51 41 -82 35 -3 -27 -30 -38 -55 -65 87 -31 28 36 -61 17 30 -34 -31 3 86 88 -33 -76 46 32 24 -92 58 -4 -93 -56 12 81 -65 22 -74 30 45 62 -39 63 -59 73 72 -24 19 -72 -32 -82 25 -10 -37 83 -64 -66 -72 35 -44 4 12 -34 -69 85 -89 -91 -67 18 -16 13 -24 
-75 -52 79 76 1 69 -66 8 -16 100 -29 -52 -99 -33 -71 -69 79 -15 32 48 65 24 75 33 -86 31 11 -4 25 -84 -87 -55 -28 93 27 -74 -44 -85 -16 -51 53 -56 89 32 -19 -84 -50 58 -44 -34 -41 -49 48 -77 -20 60 22 -11 54 -89 12 -37 -48 36 -74 54 9 -11 73 -77 -84 -53 -73 -64 -88 70 -33 -90 61 89 70 -34 -98 66 40 -69 40 100 24 -14 29 67 
-90 -29 -1 44 40 -85 -90 -88 90 -53 52 8 -13 69 -31 56 7 43 -64 28 -51 -35 -92 30 -19 19 73 95 14 -43 7 55 78 12 12 -47 -47 6 66 62 16 -65 -23 31 57 -78 -37 -46 -2 42 -98 -24 28 87 -99 -39 3 -91 73 -41 -22 -27 -51 -34 -57 7 13 -51 -41 -83 -84 24 -86 -16 75 65 -87 89 -15 71 -21 25 -68 -24 -82 31 53 85 -9 90 -85 35 
-39 53 45 94 30 62 33 -1 -7 -1 20 81 -66 -33 31 17 47 82 99 45 -3 -71 65 -45 100 -70 14 -46 13 -89 -34 -97 9 72 89 21 45 -50 -5 64 23 -9 91 -27 7 64 -19 -76 -49 93 -96 90 74 52 -17 100 -46 -75 -5 -81 73 -99 -75 -67 -53 -23 -61 22 -47 -84 -43 -58 -69 88 -59 -65 -56 59 33 26 -9 -15 -76 -87 -51 -85 62 79 8 -81 7 -23 
76 -86 -19 25 50 6 -19 52 -21 19 5 77 -11 -59 17 -33 -48 51 83 54 -64 27 59 -71 -20 -51 -25 89 -20 39 -94 30 -27 46 -51 -42 38 7 -47 43 24 42 54 -96 14 46 -30 30 37 -71 -95 -78 -28 19 26 -4 -42 97 81 -85 -22 39 -4 -84 17 -17 16 75 66 -35 -73 36 -30 11 88 69 -69 -41 78 -25 37 -47 -14 -68 -20 13 -34 0 -19 75 -1 -48 
-43 -42 28 4 -5 17 71 16 97 78 -33 81 100 -41 71 -32 -85 3 58 -97 94 -95 82 74 41 -35 -23 73 53 -24 79 -59 -26 -85 72 -89 -28 -55 93 97 -98 37 32 -85 58 59 -3 -74 87 -43 -81 -95 -54 99 -35 1 -30 39 -78 -8 82 18 -37 -30 -47 59 -74 29 17 88 23 -66 -86 -34 5 6 -83 -98 -4 -53 -20 28 -33 -76 -80 55 11 3 8 91 12 72 
-47 -23 -74 39 -49 60 -4 -75 -19 33 50 66 93 -98 -26 -19 -59 93 -8 28 -74 13 -62 57 33 -68 -51 89 4 5 -94 89 -41 28 -73 44 -73 -97 19 -91 -83 -42 -85 -90 97 -3 -70 66 6 93 23 -74 -90 87 40 -19 -54 -15 -75 -77 -49 -92 5 37 -4 66 -78 63 19 76 -98 17 -51 79 1 -61 27 47 27 63 13 -29 40 79 -19 85 24 -86 -61 66 20 87 
18 38 92 83 21 35 48 -27 -78 -96 -40 6 -27 -37 73 -30 -36 56 0 -66 -88 21 92 11 89 -43 -36 -51 25 -45 -78 -82 -20 90 74 44 76 89 -83 -34 -82 -69 -87 -68 23 86 56 -22 37 -76 -2 -18 20 67 28 20 -67 27 14 -25 -63 46 -78 -4 93 -37 26 60 75 2 -69 38 -30 -98 37 78 9 41 35 37 -77 16 -18 -77 39 -55 -16 84 38 59 -80 -84 
-90 45 -50 -55 -79 -4 -19 98 -1 74 56 88 5 36 -28 9 -27 49 6 18 94 -50 77 -80 81 25 -4 46 23 -67 -31 74 -68 -16 -11 -67 -41 -61 21 44 16 -76 58 -12 65 2 82 -58 66 67 76 72 87 79 40 55 -61 -51 -17 32 15 -58 -18 16 -13 -4 24 -2 -94 23 -88 29 -1 89 71 58 4 38 30 -12 44 96 -37 67 16 -12 45 99 66 -77 24 82 
60 -24 -50 -72 -77 -51 27 0 79 -38 -96 50 -78 51 -43 10 -57 -30 -6 98 -18 -5 79 -85 19 -76 21 -8 38 -86 -58 79 57 -58 -78 75 64 -45 31 29 -19 -46 -45 -41 63 22 -49 8 74 -73 5 44 64 -63 24 52 -65 63 -95 13 -8 54 38 -22 -44 -80 -82 95 83 -79 18 13 -80 71 85 -90 -86 16 -94 -11 77 -47 75 54 -66 -78 71 99 -19 -21 65 96 
99 -99 77 -62 -65 48 51 81 -66 -63 69 41 -80 29 -54 24 -27 -87 66 50 28 11 -55 -77 22 33 -60 90 -61 81 -85 -52 83 -90 -74 12 17 96 -16 -65 -7 -45 73 46 23 23 80 0 -24 -72 87 -53 31 -51 -24 -18 -60 51 31 -81 -94 -64 -78 -25 64 2 -97 23 -65 -25 41 -46 97 99 87 -65 9 73 83 -88 12 58 -53 64 -74 -59 59 -4 47 64 96 -38 
8 62 89 -14 -74 44 -86 -40 -60 -70 89 -2 100 67 -35 -8 94 86 8 -12 -12 -17 -51 37 -16 -52 12 -32 30 -23 53 17 66 -46 -67 -33 -44 42 5 15 -11 -37 -61 82 -18 21 38 -77 -13 -60 -9 -78 -28 66 100 1 24 -43 57 -77 -90 -75 -90 -92 79 -14 4 38 17 25 -92 73 -61 98 24 -91 72 -34 -42 -24 -10 -23 -62 88 -72 78 -1 -51 -40 31 78 92 
-80 32 -81 -72 65 -100 74 69 -11 -95 1 -96 72 -26 75 21 58 11 48 -49 52 69 61 16 41 39 4 -2 35 -55 5 -18 90 74 -59 27 -87 -97 83 -65 45 25 1 18 67 80 -63 85 -17 72 60 90 -94 -16 57 -70 -23 90 90 -18 71 -18 -60 -100 63 -9 -6 44 -5 -29 8 85 93 -28 -18 -59 11 -88 87 8 -24 -89 95 -58 78 96 -57 1 -65 57 -53 -1 
-40 9 -55 5 -18 -5 58 43 36 -51 -25 35 -49 -49 29 -12 -44 85 32 89 1 18 -71 -17 -83 30 -58 -52 -10 74 -24 -72 25 68 82 14 42 -9 20 80 -53 66 -93 -11 -51 59 6 90 -89 -50 13 -67 -48 -30 -99 40 97 -6 -93 -82 10 27 11 -97 -80 47 -34 -62 -47 -73 -80 33 -27 35 -41 -17 99 -43 -88 65 -20 -67 -59 -80 30 -60 6 -27 -56 68 11 64 
-66 17 91 -36 -54 19 -37 28 -4 -32 -62 10 -62 28 85 97 95 78 -91 -44 89 -79 89 -72 42 -17 -6 26 38 -93 65 -61 -32 -56 -83 -93 11 -100 -95 46 -77 -50 82 -32 -84 -13 52 -52 49 0 -14 -51 11 61 -92 7 38 -84 -60 -39 30 73 -37 53 -68 7 13 -36 55 -15 -4 88 -3 -51 -86 -34 -99 -53 -19 50 -69 -36 -69 22 -81 -77 14 66 -64 -66 -39 -10 
39 61 -51 36 -9 -28 48 -22 -85 6 -6 -3 87 -12 40 -80 43 60 -65 56 11 73 60 6 52 69 33 7 -80 -34 -55 -36 -79 -91 54 -88 24 63 29 16 14 50 76 21 -59 7 -28 49 -11 -29 -71 -38 -49 7 -59 -54 -5 -68 26 70 75 -39 -9 -76 58 -27 -85 -2 -69 -79 -88 72 28 -80 80 -98 29 21 10 72 98 -97 -7 1 98 -56 79 -34 29 -97 -24 27 
-1 -25 58 -40 21 51 67 -10 -65 78 73 -95 85 50 -17 32 2 87 -49 -57 -61 -63 63 36 -25 92 93 25 -100 -17 41 -61 60 79 -36 -31 56 -7 49 31 62 -45 41 27 94 -1 -96 -34 69 -37 10 46 -62 50 11 58 87 -89 -44 94 -4 87 83 -42 -34 -80 -39 -60 98 -33 54 80 66 27 -95 -38 -5 17 43 15 2 82 -30 -90 97 -93 -43 -24 -49 17 -18 -39 
98 12 52 40 41 -39 0 -26 92 -11 35 98 -8 -98 33 17 -43 -13 -57 50 51 -99 52 -50 48 -45 33 -39 -41 14 12 -35 96 67 10 -39 -46 -39 72 32 61 -26 93 83 -20 -18 44 17 25 -72 -5 71 37 -68 -98 27 8 73 13 -68 -34 60 -84 -96 71 57 94 -4 63 -9 87 77 -26 -99 -58 -63 -51 -22 20 60 30 -16 11 -100 -42 -7 4 -76 51 -88 -54 49 
-58 14 -22 68 93 -23 -74 -20 58 -6 38 30 -50 -5 45 -28 -24 49 3 74 -3 20 35 91 22 -68 15 52 -25 -33 68 44 -26 12 2 -49 88 -26 -30 8 68 73 49 88 81 -33 -77 91 -36 -30 -61 100 -90 5 -20 -56 39 36 -41 -89 -50 66 58 14 13 32 59 -55 67 -94 -81 3 24 74 -50 -13 28 -67 -10 -75 97 -98 -96 -13 -16 -43 -96 58 45 -51 20 95 
62 -5 -35 50 -20 -73 42 51 -26 71 -59 -26 22 -97 -1 42 40 92 18 -14 79 -5 75 95 28 -34 7 -17 -65 -62 18 -16 -28 -49 -1 -28 -33 -44 69 21 8 86 59 47 56 -13 18 23 46 -39 -38 -78 21 100 43 -84 82 -69 -39 -1 -20 -93 42 99 -18 -30 -71 13 41 -71 43 83 -54 -12 -27 28 -7 58 88 11 -80 98 29 -6 58 -95 -94 -85 88 80 75 13 
40 -89 33 -68 22 -13 -61 42 -50 -98 -37 77 96 84 35 49 -77 45 -99 94 -31 14 -48 -49 8 44 -29 -25 -65 2 -10 61 -76 79 94 -11 30 18 -37 -99 -72 85 -12 -62 8 -86 -46 88 47 36 23 -72 -9 -23 -97 -16 -32 14 -31 12 -61 9 48 99 50 -81 20 -30 -90 84 -94 -19 3 44 -50 -9 -87 -78 3 -26 91 -9 -88 -83 -90 -42 73 74 -45 68 41 6 
40 14 1 -12 34 48 10 87 88 91 -96 44 -96 -18 24 76 14 43 70 -33 57 79 100 27 85 -38 79 60 71 32 -16 90 46 36 39 68 -57 -7 -22 0 82 65 -25 49 -82 -49 50 1 2 -61 89 29 56 -33 -74 28 81 -41 41 65 23 -23 -38 13 92 73 -34 -73 29 -76 10 -29 37 42 -59 -70 -95 38 55 77 -11 -94 39 -98 22 85 41 -14 -72 49 44 -62 
21 -28 91 52 31 -52 -15 -90 14 -94 -30 92 -86 -100 66 14 4 46 28 -86 5 -19 -93 48 54 -62 -46 20 -2 71 10 0 19 -48 -31 56 10 31 37 78 -86 80 -100 24 40 -83 -6 -8 47 96 -48 -31 64 -86 19 -66 0 -52 -45 1 41 -52 -41 -94 38 55 52 92 -81 77 -5 43 -30 -34 20 -29 74 -47 -92 39 -81 -35 -68 -10 91 -52 -53 30 65 -59 -70 79 
-34 -67 -71 17 90 -26 6 9 -80 40 -85 19 6 -7 11 -83 -75 -39 -43 -17 31 -97 -69 15 -76 -42 -82 -40 54 -40 -99 51 82 -67 -61 83 -25 38 63 68 59 -92 -2 39 -53 -41 -31 77 -60 86 18 -81 69 88 -99 -70 27 1 65 -49 47 -67 -90 -99 -40 86 -95 84 35 -2 14 -68 -54 62 -11 90 -76 5 78 82 92 23 58 80 -75 97 80 -40 69 -74 69 49 
-94 62 72 -11 75 -36 52 42 22 -52 80 -76 39 1 -38 -35 78 73 1 73 -14 80 -25 40 -96 29 -78 -63 74 90 -57 -24 -30 62 32 -52 -30 -11 -71 -20 30 50 45 50 19 -3 -72 -64 -1 38 -50 23 -77 -11 -78 90 49 -7 -93 -57 -17 -15 -33 -92 67 -24 31 45 85 62 -27 56 -55 -62 -46 80 -15 67 26 37 -22 -36 19 25 75 -26 -18 -13 48 88 -31 79 
-62 -19 -94 42 73 -57 -63 -56 -31 -40 71 44 53 35 27 53 94 -83 47 21 33 -68 -52 -95 -85 -27 8 -25 -82 54 -42 67 25 -33 -71 78 -48 -64 22 -17 60 54 -36 43 63 -6 -14 -67 4 16 -15 -69 98 -47 97 -1 71 -94 -76 -67 68 -33 -66 -33 39 11 61 -100 20 -45 63 -99 36 -23 75 27 42 -99 47 -51 -67 24 -75 43 -13 40 -2 55 -84 13 -57 -61 
-32 54 78 89 -82 25 -55 -76 47 40 -64 82 -9 -71 100 29 19 8 -17 -77 2 -35 -48 -84 80 -27 -68 -45 5 22 -12 22 -73 99 39 4 -14 -58 -21 26 35 90 -63 -52 89 -18 -68 13 -6 -28 42 -60 -98 -98 -51 22 69 27 -85 61 28 93 -14 70 -33 -83 2 -83 -31 -100 63 -96 47 54 91 18 -24 8 -35 79 -78 -28 40 58 -47 -48 20 -13 -17 83 -80 -81 
-86 96 -92 -72 41 83 -6 -16 73 38 -83 77 35 72 -63 21 37 14 5 -96 45 42 -40 -50 -76 -97 -50 46 -15 -48 -92 3 19 11 93 -95 63 11 52 -25 -67 -1 74 42 -62 -59 -82 67 50 -86 71 78 -48 22 76 1 -52 75 -11 74 -79 95 -13 59 -15 -86 -93 -80 -14 94 33 -41 76 95 28 -15 83 -65 -80 -23 -60 88 65 12 97 30 27 73 53 79 22 -76 
-85 -8 -59 35 57 30 -55 3 76 5 -7 -84 2 -67 -36 8 79 46 -20 -82 -20 29 16 -10 -76 51 79 78 84 26 -86 0 -43 13 -19 24 11 24 65 91 -59 44 -2 -28 27 43 46 42 1 -79 -99 6 -64 -4 -2 14 -80 -3 25 -72 46 -69 43 -32 -66 90 15 31 -58 -82 0 25 -85 48 10 70 3 26 -73 29 -10 40 -76 48 71 -63 -24 65 67 86 -75 -15 
-17 -40 5 18 -86 83 -13 -98 -37 -14 -14 97 79 9 100 -1 -62 1 82 -45 100 25 60 -85 26 -78 -81 26 -38 83 93 86 73 -69 9 15 60 -40 -100 -58 14 22 -12 88 -98 95 38 -69 -45 26 43 -60 -83 -14 -27 5 -72 -51 51 67 -40 23 -46 -79 -31 -45 -57 -10 -97 -42 -58 -70 78 98 96 -85 17 -26 -28 51 -57 56 28 -28 15 -34 -57 74 19 -40 2 33 
-87 -60 26 -57 -42 -15 -17 80 -98 13 -3 26 -36 38 -66 71 59 -44 63 34 97 -63 12 66 -52 7 -90 -85 96 -21 19 11 42 77 -99 72 -47 47 -37 98 -47 -76 -30 78 47 -21 81 10 -7 80 -34 42 -47 -61 -68 -48 -91 20 99 66 -1 5 64 34 -51 -51 52 -25 -39 82 54 -38 86 -17 -59 -29 -37 -45 93 41 6 61 79 58 15 -90 -42 -49 -3 -74 -12 -59 
-6 89 14 68 -79 96 52 -89 86 -78 -59 -98 14 -12 28 82 29 -86 -45 -93 -10 43 -24 -78 71 -19 27 17 -14 -95 -48 -88 -1 -50 21 97 -79 -70 6 88 51 35 -39 19 75 24 36 54 -98 -93 -67 -17 28 18 -90 28 47 93 46 -84 52 -38 -5 58 -26 92 -96 -26 61 -70 -46 24 67 80 1 -74 -86 79 13 54 -78 63 87 43 -16 31 -48 -86 69 -84 -78 -2 
-36 -6 11 2 85 -53 -94 -18 71 28 79 -6 55 51 -18 -54 -33 -81 -60 90 44 -67 52 56 45 -87 48 58 39 0 49 67 25 -61 36 -10 -11 -28 -9 7 7 -20 91 21 77 -10 -20 88 86 12 33 -3 -5 28 -72 59 -99 -97 12 -25 84 -92 19 64 -29 70 -26 -66 54 32 -6 71 96 3 -82 -8 -36 -95 -27 -26 2 100 71 60 -66 61 -63 -7 51 95 94 -89 
19 90 -54 12 30 -88 -79 -38 25 15 18 77 -43 83 22 -15 9 -61 -39 -43 -51 67 -60 -19 31 -8 75 -75 -70 -35 22 55 -30 35 -28 45 40 67 6 -76 -52 -41 38 13 38 40 -41 -89 2 28 87 31 -32 -76 -87 94 87 88 -49 -19 -85 -61 -76 25 -20 57 69 63 -87 -48 28 60 -13 -55 -59 -27 -89 -68 33 21 76 12 -90 24 13 -77 -22 31 -59 13 -83 -83 
-41 -18 86 -65 -39 -70 29 27 27 54 72 -27 30 54 -21 81 31 -89 -10 -26 58 100 -7 -93 45 -18 -44 18 15 -57 -77 -3 44 -30 -90 95 -69 33 13 -29 -53 43 -90 10 -88 -11 -88 32 61 4 96 21 -83 -43 33 67 -18 -38 85 36 -68 -23 23 61 68 -96 47 66 53 54 -82 -44 86 -55 38 52 67 -81 -43 41 -44 64 -41 -42 79 -76 10 44 -67 42 -29 -39 
89 45 -45 100 -47 -59 -100 -26 54 6 18 -55 -62 43 36 -39 86 -15 -72 -42 21 90 45 -64 -72 51 -62 -51 -16 34 -31 13 -59 -72 -30 76 33 -35 -41 20 46 -98 62 -88 5 -38 -70 90 -73 -36 -62 86 16 9 25 -10 82 -51 -39 29 70 -27 73 84 -52 -72 89 92 60 36 19 88 -23 95 54 28 -3 56 -27 89 17 -81 -14 -32 -10 45 -33 75 -52 -70 23 21 
2 28 -10 -19 -70 93 99 -46 97 -75 -91 64 42 -45 42 -18 -86 -86 63 -16 99 -12 -93 79 19 -71 -25 80 64 -100 76 -48 86 -66 -22 2 30 -62 88 -4 -74 -27 -73 0 -39 -6 -26 27 23 -79 99 -96 87 15 -93 35 -89 -92 50 44 -41 -11 -42 32 -23 -84 -45 -41 96 82 -82 -16 -53 -8 13 -16 -29 12 85 -94 -56 94 -32 -30 -93 26 -33 8 75 -54 -89 -12 
46 -61 -32 -69 93 64 -16 -54 -41 77 30 90 80 33 -6 6 95 -72 -23 65 97 8 15 -15 1 -11 71 57 1 69 -6 19 0 83 -3 60 12 4 -76 12 90 -55 40 41 -35 -1 -86 -67 61 -92 -97 -67 53 73 49 -3 57 69 58 -88 6 -97 -7 90 56 -80 -30 39 71 -16 -91 61 97 73 -34 96 -71 -16 -19 78 -44 12 -68 -4 -60 25 -71 -46 10 70 -44 -69 
41 -93 41 -78 -7 46 90 2 -46 -9 -13 20 -99 95 55 91 -72 -8 3 -22 -18 37 -41 90 -34 80 -10 -71 -76 -23 81 -43 -86 5 38 -91 42 69 -68 57 -24 -70 -7 31 -39 -98 81 -47 11 89 40 22 -15 -14 69 28 35 -50 46 -10 -66 -74 -41 -8 -71 -55 56 -93 -20 -71 61 -78 72 -50 -64 7 -42 -65 -9 -42 27 86 44 76 52 -18 26 -91 -18 -28 -20 95 
-25 -75 89 -19 75 28 48 -32 43 -82 -21 27 -45 -26 10 -34 -1 -12 -17 32 -69 54 -31 -39 -81 -98 78 55 -43 -44 73 29 65 -40 57 11 47 5 -16 -87 -74 88 56 75 58 17 22 -20 25 -36 -29 5 -1 74 -34 44 51 15 77 76 -24 -20 0 62 35 -54 -58 -94 20 -63 -61 -61 64 -38 -62 -71 -24 -27 100 -52 79 40 91 71 84 58 -8 -38 87 31 24 -37 
-33 -33 -13 100 10 -36 -7 -39 87 -13 60 76 80 43 90 -79 42 -15 7 -66 -14 -77 -13 75 24 -37 17 -88 50 -92 27 27 -64 -40 19 -87 80 -6 -30 -98 59 -35 82 68 26 16 -32 -90 -32 28 51 -64 42 77 91 -25 -31 -68 -65 -11 -76 25 25 38 27 16 -85 -97 -78 86 78 -6 -60 56 81 59 -2 -3 -81 -21 6 -72 36 14 -31 28 87 -63 76 12 -21 -80 
-99 3 -10 26 100 63 -93 -5 -72 19 51 24 -4 58 13 7 -27 -11 -85 -69 -20 -49 -91 -4 -83 52 -92 -22 89 -91 81 -38 42 100 36 -11 9 68 27 -82 -82 58 41 76 -94 41 100 -9 39 68 66 -81 -18 21 68 -2 47 -9 -72 -34 44 -72 -54 -63 -53 99 1 93 -1 -86 -91 -30 -90 -1 100 -52 14 79 100 -91 89 31 66 -23 47 -98 -62 26 -51 42 84 -88 
41 81 72 83 -89 -77 1 90 -62 -47 -60 -40 -67 -4 -41 -10 -48 -56 -80 -34 8 -19 -87 33 38 -73 26 -17 -55 79 35 62 -89 -59 -83 -7 28 96 96 -62 -67 2 -70 -62 -12 -53 72 91 -29 29 75 -10 78 72 24 27 64 27 -56 -38 -16 0 17 93 -67 18 87 68 -83 19 -79 -78 -69 70 -15 -92 -85 49 86 98 -59 -77 15 59 22 31 58 -42 -3 -95 -49 94 
-91 9 24 95 -97 -26 98 -34 69 -93 -96 -18 92 35 -13 18 -8 14 -20 70 10 -23 -73 91 -36 -5 45 88 34 -78 -80 82 -74 17 -23 19 -92 -91 73 -100 -92 -15 75 45 58 93 88 -59 0 14 97 -82 -23 20 -56 50 -13 -59 -25 21 -44 -82 -26 -59 -7 -71 43 57 -9 41 -37 -5 66 -15 15 63 -9 9 12 -14 21 -82 -31 38 82 53 64 -34 -55 -45 85 42 
-27 -100 -55 27 -46 4 16 -68 30 3 -56 37 -73 19 -91 58 -42 -6 -39 91 92 -76 3 64 3 -86 -2 68 84 -93 4 -66 27 -89 50 8 -48 97 17 -20 -94 90 95 38 91 46 35 -32 28 -17 -13 93 -48 80 7 79 27 54 22 -20 -90 -31 59 -98 -77 23 47 -60 -10 77 99 -62 34 -34 -6 -14 95 10 -58 -50 27 33 -89 -51 -53 -12 -81 91 21 -13 47 88 
70 82 -70 -31 78 2 1 -66 -47 25 -36 -82 -72 26 62 -40 60 27 31 -16 45 -23 21 70 68 -83 -12 63 -75 -40 55 -39 26 -83 65 -13 34 -51 -68 11 97 -42 2 -4 91 12 -42 40 -47 95 -28 -9 -41 51 53 -52 -5 -10 -2 64 -37 -58 -99 -3 93 87 47 25 -52 -74 -74 -29 -7 -10 70 -68 76 -11 -70 20 60 -57 -32 44 54 70 -47 -81 -59 -85 -52 -32 
-98 73 26 -75 77 3 -30 -47 53 -11 -77 -66 -21 -51 -38 -40 30 77 62 75 -19 70 -92 -5 56 -19 88 98 -60 14 -74 82 43 46 90 23 -37 29 70 -26 23 -40 -78 100 34 -94 18 -51 -39 -13 -72 26 39 -93 -81 49 25 -31 -38 56 -18 90 40 12 55 -2 -88 55 -27 -67 58 -11 33 23 63 82 -7 98 2 -7 28 -81 55 -39 -39 -77 57 97 47 78 53 -71 
53 -27 85 16 -4 -75 94 -84 49 -16 -35 13 65 89 -32 -94 99 -47 47 74 -39 -42 22 55 -87 66 87 -51 92 -8 42 -90 -95 32 27 95 28 -90 28 100 24 1 88 27 50 -62 24 -61 82 39 5 40 -95 33 -20 39 20 -24 71 85 -29 42 70 -83 56 -52 -82 -90 5 30 54 -88 18 91 92 27 16 -52 -86 -26 -19 -73 -89 73 96 28 9 30 -19 50 30 -13 
-39 -96 86 -48 -3 5 32 58 -81 18 -49 -71 63 92 -81 62 -24 -77 40 51 6 -47 -89 -88 -56 -92 91 -99 -26 30 -83 55 -78 81 -35 -55 -65 47 22 47 22 -41 -77 86 7 -45 -95 17 57 78 -2 -65 -86 -5 -51 -35 74 -59 71 66 -47 30 -84 51 91 77 -66 -32 57 -48 -44 -49 87 -7 -80 7 98 -11 97 -63 79 70 -6 79 54 78 -79 34 58 -71 37 -54 
-64 92 -50 69 8 -92 -1 51 -96 20 -68 67 63 -4 -98 -18 -4 -76 27 -9 -72 31 12 -12 56 67 -70 -78 51 53 -13 -83 -11 -62 -79 -5 80 -99 41 -92 -7 -76 4 -80 -84 -82 -59 21 15 -43 -53 -63 -78 -50 -31 -74 100 79 -32 5 -69 11 -88 -19 43 -55 52 -70 69 75 -40 73 -16 -62 -7 -88 -94 -42 19 -94 -6 62 -33 -84 22 -46 82 75 81 -21 95 -13 
-59 -22 18 56 -40 -91 -44 17 17 -32 -9 90 91 66 -28 96 -41 -63 -95 31 48 -26 -58 2 86 -5 -88 -78 87 -51 -58 21 -29 -90 14 -95 37 96 78 20 59 -1 14 62 -52 94 -29 81 -36 11 85 75 44 -52 -26 82 -77 -25 22 -79 -56 -8 -29 -95 56 60 -9 -12 -94 23 -7 6 -1 13 -61 65 24 -39 57 -100 30 -20 -31 24 -38 -66 17 41 -10 -11 65 67 
63 -96 92 -91 66 50 64 -62 -34 24 80 -56 -4 -32 81 8 26 -57 -58 30 5 41 2 28 32 -17 -67 -73 -75 0 84 -8 0 -7 100 13 -57 -4 -45 60 -30 -39 14 -7 3 -35 61 9 -93 100 -37 74 12 87 53 89 97 -88 61 -80 -58 30 46 -8 83 50 -79 79 -90 -51 43 22 91 0 73 -98 -86 -51 4 -72 -77 88 -12 10 -4 -57 96 -95 -87 7 85 34 
-99 35 -18 5 -15 24 -31 93 96 78 0 1 38 89 67 72 -24 -31 58 -94 -19 -54 -62 -1 32 58 43 -59 -28 -67 -90 64 -60 -53 -90 -69 -75 6 65 -74 -53 74 93 -19 -41 61 29 -96 -11 7 -98 66 -53 93 -47 1 56 -77 45 42 55 -69 -97 78 92 -46 -75 7 -36 -43 67 -64 17 97 29 -51 92 80 86 -22 90 11 -62 -39 -66 -19 -43 51 -57 -46 11 -20 
-39 70 15 -98 -59 36 60 9 19 0 15 64 14 93 -85 97 -8 6 -73 -40 15 48 -82 -49 -93 -64 70 -41 21 3 -14 9 80 -66 -60 41 98 95 14 -30 89 0 -63 31 -46 55 5 -76 76 70 72 -66 -52 -88 -51 65 -81 94 -24 51 23 -81 -52 -15 -32 -19 55 100 -66 -3 -83 31 -18 -83 66 98 5 51 9 -9 -23 49 -33 -70 53 10 40 -19 -88 -37 37 -12 
-75 4 -25 90 -17 16 78 40 100 -47 96 40 -82 -56 63 96 42 97 -49 -24 76 14 91 -97 74 -66 -76 -25 -55 -50 -100 36 31 -41 60 -59 74 -12 -23 37 -57 4 73 -52 -76 -37 68 84 -3 0 39 -71 -16 29 94 -16 -11 79 27 -47 -7 53 -81 -94 -65 -73 13 96 61 -31 -7 -82 -27 54 -14 -98 -45 92 94 -16 -91 -3 -84 -64 11 -40 -73 -92 33 41 49 -34 
73 -38 -41 45 -69 -17 15 -24 94 89 -52 9 71 -88 29 -72 62 45 49 -19 -15 -98 44 25 83 48 35 28 -46 8 -95 -86 83 46 -92 44 7 -43 86 -88 41 8 -10 49 81 21 55 -86 -14 -13 54 54 -55 15 6 84 -14 -67 57 59 52 -15 29 77 79 76 45 -93 77 -36 73 98 -2 -100 -91 -72 -28 49 18 -62 95 6 -8 27 -64 82 44 -81 29 -97 58 -59 
-46 -94 74 29 -93 -7 -61 35 -48 -79 8 50 -9 -83 -9 -57 -86 71 17 -9 -54 14 99 -54 82 59 -30 29 10 -17 75 -49 69 -7 -67 37 -22 -81 -31 -95 -95 -44 13 54 92 63 0 -46 82 -44 80 -57 -54 82 -69 -75 -3 48 57 -87 -85 -2 76 23 70 86 16 98 43 -46 -24 87 14 -33 93 52 78 54 89 35 -87 8 -5 -38 -15 -1 90 -76 89 65 58 -99 
-28 41 -55 17 -84 -24 34 -7 -39 -84 76 -60 51 -79 24 -93 -92 43 47 68 -43 98 -53 -85 -35 -88 -95 -10 73 -66 -7 18 27 -49 30 5 59 -30 88 -1 31 72 -39 -47 7 -53 -77 30 -59 -32 66 -82 79 47 -13 -17 5 91 -16 -20 -23 -17 -66 -92 -66 -52 -42 -5 -88 41 27 5 -57 59 17 66 11 78 -82 -84 69 -31 -94 24 83 -24 -46 53 92 71 -25 -46 
62 -60 43 -36 -34 83 -26 78 -69 -81 53 -62 -88 45 19 -76 -77 22 -57 100 38 37 22 49 16 -71 50 -81 53 33 83 -54 71 89 -93 -51 -14 86 -56 61 54 73 -3 1 26 -61 98 34 37 -98 44 -24 0 -84 32 -42 84 22 -57 -80 31 51 8 -52 -95 39 92 28 -62 46 26 -25 -71 -83 91 60 -83 -74 83 -73 46 -85 52 -72 -64 -95 -85 9 83 20 44 -18 
29 -80 40 -18 33 38 71 97 58 73 -89 -81 -14 -74 -40 48 19 9 -78 -3 -75 -98 70 81 16 3 40 58 62 -66 -4 41 -52 -30 67 -68 -97 -47 90 -36 96 -60 -17 25 72 66 -85 22 23 26 74 36 -25 49 -77 -96 -68 96 18 -63 46 -97 -6 -18 -39 -1 -58 61 15 52 4 -11 4 78 -60 -39 81 79 -39 -69 32 79 -84 36 -71 94 78 95 -86 -93 48 -5 
83 -13 -78 -94 17 -14 -30 91 85 -11 39 -42 2 -77 -54 11 -86 97 -97 -64 -32 79 -51 3 -27 -81 25 -90 -24 25 -69 64 7 -50 59 50 85 91 -58 -29 -89 -96 41 33 41 -61 -11 -19 -80 -1 81 -2 -33 -48 -51 32 31 95 -78 -69 -18 -7 -25 76 31 4 -38 1 84 19 4 -1 -1 77 -62 82 -98 37 61 -57 -32 -51 -15 -87 36 -25 -87 -7 14 55 -38 -32 
57 36 -31 19 -10 -8 -38 -42 -9 -74 -91 -62 24 27 98 25 -51 -98 -37 -96 -99 27 13 -83 37 -95 -76 -79 -74 34 -4 52 12 96 -51 43 -71 -15 -53 -66 98 -57 -89 91 -40 88 93 -78 8 -99 -86 -98 82 -3 -47 -68 47 52 36 36 -52 -23 75 -21 -43 -5 -10 42 -64 62 41 64 -66 39 92 -98 48 -80 13 26 -54 -85 -52 -63 100 12 -98 -7 34 -62 86 45 
-83 65 -89 72 -60 -77 80 -99 66 56 -18 39 49 94 -74 -56 -82 100 88 -35 -55 69 -98 -70 -12 4 27 8 12 1 -65 -11 35 69 99 -50 -36 45 65 -37 -34 -60 50 -87 3 26 -12 -93 -36 -63 -49 6 -92 88 56 -85 45 -30 -60 0 68 -63 28 20 -74 52 48 80 36 -79 -5 -46 38 -27 -20 30 19 23 86 83 75 34 -28 -7 -86 -12 -96 0 -90 82 34 -16 
54 33 -21 -86 78 70 43 15 -5 75 -71 92 4 -22 87 9 52 -32 -60 57 96 -84 -30 2 15 13 82 26 -41 -50 25 -25 17 -5 29 -75 67 9 -96 25 12 46 89 43 56 -55 17 24 50 83 -53 82 -26 -49 5 47 14 -66 22 84 36 13 52 31 -16 -41 -62 -85 -19 72 -22 -30 -17 -97 -25 67 62 14 71 81 51 -39 78 28 -27 43 -4 30 53 -92 19 -14 
-89 67 39 -75 38 2 -14 -61 -25 8 73 6 89 1 -18 -92 8 -84 -5 80 16 14 66 -57 -93 61 -84 0 73 -50 -22 43 91 -14 -38 59 98 -65 -38 -10 -36 -68 85 35 87 73 -68 75 41 67 43 -64 -57 -38 -70 -96 -81 -95 69 15 81 -95 -99 38 -72 -68 -18 96 39 44 19 -46 60 47 -86 87 34 41 45 14 -55 56 -33 39 -30 44 90 -21 -35 -8 -19 94 
-1 47 85 -76 -4 94 -79 -8 76 -86 -40 -61 -12 98 68 -94 91 -97 -19 -23 86 88 -81 -94 -89 -48 -95 -83 42 31 -59 88 11 -37 -13 -48 21 -28 -79 50 19 59 -12 -58 58 -20 -43 -92 49 -66 -20 -22 18 24 82 89 -13 -94 -32 63 24 -74 48 36 42 -76 65 -23 -85 -54 87 -41 -43 -34 98 -100 99 90 -19 93 -9 67 13 96 67 22 -36 -36 70 50 73 95 
-59 -30 -3 37 -5 -10 -27 -52 -24 37 -47 67 14 -34 19 -64 -90 -87 -98 -22 -70 -14 76 17 83 34 78 -68 -62 -32 17 -68 -28 -1 41 -40 62 97 -8 74 31 41 9 88 -82 7 -93 -22 28 61 -87 -2 80 11 -39 -79 8 87 74 -98 -51 -50 12 81 -77 54 -71 -77 36 80 -89 21 -46 -72 -75 42 12 -49 92 26 -6 6 -8 12 -9 78 11 60 -30 89 57 76 
-40 -88 48 -77 -31 2 21 54 65 -68 -57 94 25 99 42 -27 64 -61 -92 -52 -42 49 43 -73 -7 -37 -5 74 39 -41 69 -75 -84 -84 29 -82 37 56 -69 -33 -55 54 95 39 58 50 -78 -91 -27 -36 98 -33 -31 45 -10 -57 -66 67 81 64 -38 28 50 -29 -51 -2 66 -6 1 -41 1 89 54 15 -88 31 75 -36 -47 -51 82 64 -10 25 4 -94 -55 99 -21 79 21 -17 
58 76 -94 1 -64 92 80 -15 -35 20 -53 82 28 30 47 -5 3 -49 -82 27 -32 81 -100 -2 -12 70 29 95 59 -99 32 50 -63 -20 -82 81 14 20 -79 -21 11 60 37 73 -67 -53 82 -3 9 62 12 27 -38 39 61 80 -52 -15 -79 -30 -77 65 49 76 97 -50 99 24 12 69 -99 0 -19 5 -7 -67 73 85 83 78 -90 -98 -17 61 29 27 -85 -30 16 -81 63 56 
-45 -8 60 53 73 84 -55 -8 37 -63 80 -52 -18 4 -78 60 -62 41 -35 1 29 -25 21 96 -70 16 53 32 -51 -12 86 -22 81 -40 -26 -21 69 46 -7 1 -24 -29 -81 87 67 81 -20 -93 -96 -3 29 50 -91 -81 60 -1 -93 67 0 48 18 -60 -9 36 34 -95 -29 -26 60 24 -43 -89 -47 -87 53 27 39 -87 -1 -26 -87 1 -40 84 -59 -74 84 -16 -66 -19 99 53 
-98 -18 64 90 -18 31 20 -14 -45 -35 -76 -68 51 -100 -95 8 -58 -50 -91 89 -100 39 4 43 -4 7 -1 -31 -100 -55 -46 -37 3 100 83 66 -100 59 51 3 39 -76 96 -48 -10 -82 -59 -64 11 -99 77 46 -88 34 4 -83 -44 30 -90 -63 5 -41 60 27 -30 -32 59 69 98 -75 85 -17 25 -97 67 -26 20 98 3 5 13 72 -77 -98 -81 89 13 -38 -33 -36 57 66 
-12 -41 -61 82 -65 -84 29 71 -45 -14 7 6 37 -98 11 -52 -81 39 39 -65 -95 59 71 10 -90 8 61 20 -13 -2 56 -50 21 83 26 25 23 72 -77 99 59 46 -35 -61 -99 9 57 47 -39 -43 -37 -3 26 2 -30 -32 -6 -47 -43 -48 100 -50 9 50 -20 23 -98 92 55 -39 -8 -47 47 -37 9 -31 22 96 10 80 25 -37 4 87 99 47 98 64 23 -14 -52 23 
-22 17 -91 -76 89 -80 -76 48 -10 -5 99 -26 99 -75 87 -94 4 -38 -23 -34 41 67 -6 53 32 -1 -64 -79 83 100 -49 -67 63 11 21 100 30 58 -84 93 10 7 79 -62 -59 -55 4 4 -77 37 76 47 -78 -38 -63 74 77 59 -67 98 45 -32 49 17 -65 82 -51 22 -62 23 90 22 -71 -77 15 -98 -100 29 37 41 -59 -37 -99 -14 26 47 26 -30 -77 -13 -16 -12 
38 57 58 37 22 78 -62 -15 -43 92 -65 55 -92 46 -79 31 58 68 39 26 -92 4 35 -73 -44 50 -23 40 -89 -56 40 23 -9 40 -85 -7 -30 -6 10 -50 -75 -77 97 -34 48 4 55 -83 -36 54 27 -78 -76 31 51 96 51 -35 81 63 27 82 55 -21 -67 75 -70 19 72 -36 -72 44 34 -31 6 39 -27 -24 21 -63 -41 59 95 81 77 -24 60 82 -100 90 -46 -16 
-28 -13 95 -74 17 -8 -97 9 58 75 -89 91 2 7 10 -84 2 -18 -25 3 -18 2 -43 50 -59 22 -84 -8 -46 5 64 -32 57 -64 -13 46 -45 -58 71 21 25 88 -48 78 -15 -73 100 78 -87 40 -47 45 59 16 84 -6 -38 -97 8 25 18 77 -92 23 -29 56 40 -72 30 -51 6 -88 6 -69 4 4 95 -5 -10 -86 41 99 -51 40 71 -89 -56 41 -61 -49 95 56 
74 46 61 61 35 -63 -7 -54 -93 -74 -50 -96 58 -3 -74 -41 -50 -73 -2 -29 -37 82 88 23 93 -10 11 81 -49 -60 96 -90 47 27 -27 -88 63 -37 -6 -94 82 -93 -46 78 92 -48 24 -9 97 -19 -84 -44 -22 -94 17 49 -72 0 63 49 -73 -16 -75 89 -48 12 -2 35 72 -23 1 -25 76 -30 -59 44 80 -35 -83 100 -96 -39 -3 44 23 -34 71 -75 52 -58 48 -37 
64 -13 -32 27 31 25 -85 -70 49 -67 20 33 65 94 -66 -46 -49 -3 55 70 27 -59 71 -40 70 -10 92 8 -53 -28 52 89 34 37 -43 20 -37 80 22 -56 60 25 58 -95 -41 -2 -40 -19 9 -6 -61 -70 0 -97 25 61 23 -90 18 -87 -30 -49 -32 -91 -57 -46 -6 -88 29 -5 -9 31 66 -7 -87 -78 -82 75 -91 -20 -7 -90 -87 -43 -56 97 31 -63 -51 -41 42 84 
86 39 -71 -73 30 90 17 22 40 2 -70 4 -17 -29 93 46 9 -7 79 42 -40 27 -40 96 -90 -55 -85 -34 43 -74 22 89 -61 41 -9 -78 61 -25 -87 69 -26 72 -33 -4 59 -91 99 40 -45 44 -88 -95 63 -54 42 -22 79 -1 85 36 -14 92 76 -38 9 -54 -79 35 -83 14 88 88 76 83 27 9 29 -20 -100 2 -68 -24 89 -79 95 36 -20 -88 -54 -78 50 -28 
95 74 -80 37 -25 69 -53 -43 -15 -59 -96 2 -94 -5 48 -83 42 -92 86 -69 -4 54 94 28 31 51 59 70 76 -79 -53 -65 50 99 -7 -43 -62 76 6 -98 -24 -39 -41 21 -75 -19 80 -85 -77 2 79 -86 -89 -40 90 -80 -63 -46 68 85 -74 -82 61 -32 74 35 -74 -62 -4 -75 0 84 -92 -49 60 -36 58 8 21 -77 -47 -12 97 2 -85 26 -16 -8 -69 63 -20 60 
100 -40 -55 15 -13 -50 46 -82 -35 44 -35 -84 73 11 -64 91 -13 17 46 -23 28 5 -20 94 -21 -97 -71 8 -99 91 -94 -13 -86 75 96 -59 -87 89 -74 36 -78 -51 80 -73 43 12 24 69 -45 73 -38 -18 87 -93 -53 -31 53 14 -75 56 79 74 -54 -93 52 -42 66 27 -89 63 -84 65 80 -74 51 50 88 -60 6 97 74 -9 -39 3 86 -86 -17 28 -90 -12 12 84 
77 -13 56 9 71 -34 -57 -94 -41 -39 -69 20 -68 98 -18 -90 -30 -91 97 59 89 -2 53 -40 -28 -19 -4 73 33 -17 55 -93 28 98 -82 -3 -98 -20 62 86 -40 -7 53 19 -49 38 68 -36 48 -5 22 94 67 -83 -63 71 -47 -38 66 52 -71 -52 -80 -90 33 4 -73 10 -39 -17 77 -46 3 75 51 71 -21 91 78 -37 -39 97 -53 91 -67 29 -38 93 30 90 53 48 
5 -98 56 8 65 -87 29 6 -69 7 77 -30 2 -40 70 60 -65 77 10 26 26 -20 2 -10 75 71 23 9 19 5 -51 73 71 73 46 -42 -68 -90 -31 -11 31 37 6 -99 -21 20 -79 -33 -77 57 37 -56 57 84 95 82 45 -52 -11 24 83 -50 -1 11 89 94 -75 -62 97 -44 3 74 36 -8 -24 32 -75 10 60 87 -13 81 -80 -69 -99 62 84 94 48 95 32 89 
6 55 0 -33 -36 -38 -69 -91 55 36 -87 66 -6 65 89 -30 23 -63 0 -88 81 98 67 73 -94 -56 88 -77 -44 39 -81 -51 28 -51 27 10 30 -96 97 9 -37 -69 35 -3 46 28 94 79 72 -39 -78 97 -68 99 4 0 87 -20 95 30 -33 -79 -25 -79 73 12 95 -21 -32 2 85 74 91 92 -59 75 80 -94 62 -91 94 57 -26 -92 24 -85 -99 78 -22 -8 66 48 
-5 -34 43 -19 80 -7 33 -19 79 81 -23 89 -96 -63 85 26 -46 24 -58 56 -10 48 -100 23 60 -33 56 -80 -46 76 39 22 -9 56 66 -65 35 -75 -99 -54 -17 -2 -59 -76 88 -1 53 70 -5 94 -68 -50 11 58 -73 58 5 -2 71 -95 -34 -95 -30 -35 62 12 -67 -34 61 62 27 -72 -27 -90 53 -61 -7 51 26 -26 -87 55 -16 -100 -99 86 26 37 68 -88 7 25 
45 -71 38 -72 9 -29 -24 45 44 51 19 71 8 -27 -48 -66 19 -23 4 94 100 44 25 4 -5 88 -29 66 -12 18 21 89 33 -73 71 8 -83 79 43 74 -24 35 -92 4 -65 78 -49 -87 -18 25 74 98 86 59 -88 -45 82 96 -12 12 83 49 25 -43 -76 -41 -6 -51 -35 -32 -36 98 85 86 78 17 26 -76 -24 40 -44 2 8 13 -11 72 52 36 82 38 42 -84 
-59 -100 95 82 -61 -29 54 45 86 -94 -43 43 27 73 -53 -91 31 -23 63 -33 -91 -51 -47 80 -35 12 -98 -8 -56 -59 -42 -49 -21 -97 34 69 54 92 -97 37 -57 -9 12 -74 -27 5 -90 -35 44 -48 85 -50 60 -29 93 57 -1 18 90 -53 44 42 -48 -96 -6 -4 -11 7 -42 -9 -25 50 20 -4 -33 -58 -47 65 -19 -43 95 -6 -16 -14 22 -75 -99 37 -95 3 -85 -48 
52 -74 75 23 73 46 87 18 30 -70 100 32 10 -81 23 18 38 65 -23 -23 -56 -63 -63 -16 -19 84 27 75 -87 33 68 -80 20 80 -84 -25 9 -34 -95 -36 35 -85 -25 -65 -73 -2 42 94 87 38 78 93 -88 -56 -30 -81 54 -2 -35 71 63 28 75 -54 -76 61 94 -32 -84 -68 68 -13 -68 49 -63 46 74 -45 -67 87 -63 17 -42 -72 4 -57 9 11 -26 82 6 8 
88 -28 -80 22 -30 46 77 -10 10 -61 -20 -51 -79 -63 -43 1 62 70 -72 -43 -47 78 -97 -20 -81 -71 -9 -19 -77 6 75 -98 3 46 -55 19 -80 34 5 59 -81 -87 36 58 -67 -59 -91 69 8 87 40 23 -36 -62 -47 -2 70 -26 -61 -97 -75 55 -1 15 89 65 56 29 -24 -69 49 41 -70 -32 65 40 66 -20 -30 -55 24 -64 -94 -74 11 14 -88 4 12 -51 -86 12 
94 -5 -32 58 -82 46 -69 72 -72 49 52 -72 -87 -48 48 -48 20 -65 66 -67 32 6 -16 91 -5 -77 5 -24 -97 48 -18 11 40 -42 63 24 -60 81 -71 -46 -31 16 -22 -14 68 -42 -72 -8 -31 -41 -33 -18 25 66 5 -60 75 14 -11 24 -32 84 43 -50 88 -14 87 -37 6 28 38 -48 -32 75 -25 59 3 -43 -13 -64 84 70 90 98 57 -55 -49 50 -88 79 -33 -24 
33 30 37 -63 -7 -12 12 29 -11 71 35 -6 -90 -75 10 -5 -49 -45 14 95 47 18 69 -21 -83 65 83 -40 -75 -57 9 56 32 85 -88 -76 -27 -37 30 -35 15 -58 -62 -40 -45 60 -91 -67 55 24 0 -69 -35 32 5 -75 -3 70 85 -20 84 98 -93 22 -30 83 19 83 45 80 -90 69 -76 -86 60 39 -8 47 22 57 -71 -55 -85 -3 18 26 -14 55 82 23 23 -3 
67 -59 64 52 -36 -24 -93 96 -40 24 -79 49 48 1 -41 53 83 -97 -4 -99 18 -56 9 -57 -85 -43 -27 -100 -13 89 61 -25 -42 -67 -1 -17 89 71 -37 49 -34 -45 12 0 -35 82 -54 35 -8 15 -86 97 8 -81 -94 88 37 -19 -86 -17 -22 -17 -61 -36 54 48 92 1 49 -78 -62 27 -96 -17 -9 80 29 39 -21 77 57 -55 -92 1 97 -27 -81 6 -28 -51 -29 37 
69 71 71 96 16 38 96 -67 14 -60 26 13 -69 45 -69 96 13 -44 21 -27 -3 50 70 -34 62 94 -52 92 4 80 81 74 -35 -34 41 38 28 -96 79 -9 -82 7 -73 -100 82 -95 66 -49 -64 47 34 -50 5 -85 -8 -46 90 67 57 -73 41 -2 70 -45 35 -14 -75 -13 97 -80 3 17 31 -3 -92 50 -40 -86 -41 -51 10 74 -15 29 -11 16 19 81 -99 56 -11 -20 
34 -46 -89 -53 73 61 68 -25 -34 -36 15 81 38 -30 10 60 -84 -18 73 -50 -54 -86 41 72 88 42 -39 12 -11 15 -98 -41 -1 -77 -17 30 -13 94 -34 -95 -29 6 -73 -20 -55 -43 -14 -19 95 59 53 45 -38 67 69 -77 39 -60 26 -16 56 6 -54 91 28 65 11 -9 93 76 31 56 -53 -43 18 36 50 -81 52 -47 80 -14 12 -72 32 -65 -69 79 26 83 -85 26 
-2 9 3 70 -52 76 -26 35 10 -47 88 -86 -59 -83 -32 -93 17 57 -94 26 -88 54 -14 39 81 -72 -60 92 18 -7 -68 -87 -35 80 35 12 23 54 94 61 83 -99 17 -24 -78 34 67 30 -61 -63 69 -48 -4 78 32 94 -13 -27 46 71 -4 57 62 17 98 6 83 40 -1 99 75 14 -99 -3 -24 -69 -58 -36 47 35 -2 -77 41 74 -74 -74 55 100 -75 -60 40 62 
-31 -69 8 -15 -9 64 71 -23 -6 23 92 7 82 95 61 -92 54 52 50 100 3 18 -28 73 -36 29 72 55 -43 45 46 -95 -73 -54 3 20 96 -39 -77 12 -5 6 72 -92 69 -90 -43 53 15 97 -27 12 37 -88 -37 -37 79 -22 6 21 71 1 -82 -47 39 -98 76 90 -66 41 28 27 -29 59 -81 -42 -18 8 72 76 -35 94 -24 76 -17 -99 15 -92 -63 -39 20 92 
76 -93 -17 -8 74 59 -10 -16 -82 21 -91 -99 69 -79 -1 -54 89 30 11 76 33 -82 -6 -69 47 51 -28 73 60 -14 73 -66 28 31 -14 33 -22 18 43 -51 -34 88 11 76 -33 82 48 -81 -26 -51 -20 -14 -43 -19 -56 13 -81 31 57 -12 23 41 -73 -78 -25 -29 -18 -42 -68 -99 83 -17 30 -20 78 -17 1 -75 -1 98 -20 1 43 43 -50 69 -56 23 83 2 43 -22 
-19 -2 22 -57 80 -70 32 -67 -2 -23 89 -11 73 -15 44 -100 -29 -48 43 -74 98 -7 91 81 74 -36 79 92 -96 -32 39 79 -66 -58 92 -54 -96 -40 91 76 47 -82 -77 -51 -98 55 -15 21 -57 76 -10 -15 -69 46 24 -54 -99 -95 63 -43 31 -17 -16 -30 -35 -96 14 17 -16 7 51 -13 -58 -82 82 -84 -39 -49 -37 -18 54 -9 73 26 -45 -42 51 94 -53 15 -76 78 
60 -28 75 15 -33 -34 96 -59 7 96 -66 49 -3 -9 30 -43 -40 58 41 -23 -98 78 -99 -79 -48 -48 88 -56 -71 68 19 14 18 5 2 -11 -51 17 -19 -4 32 -44 32 -81 24 19 -13 23 33 -81 34 17 -14 63 -88 1 40 -53 -16 -25 48 88 12 -54 69 -10 -99 35 -22 83 -87 -22 64 89 -59 12 24 47 -60 26 26 48 44 -25 -60 26 -33 39 79 -36 45 87 
6 82 6 -90 71 -36 89 58 -54 60 9 62 -29 -82 11 7 18 -85 -43 -65 60 99 68 38 -38 16 34 77 -27 -1 -70 -73 -61 -9 24 18 23 59 91 29 -21 -28 81 44 -49 45 24 -1 56 -60 80 34 -67 82 -10 78 36 -46 -14 -47 -54 93 -47 -88 -16 44 -7 -55 52 -94 -35 -3 21 25 87 17 97 32 -12 -57 76 -64 20 -60 -66 -73 -41 -56 98 49 81 -78 
-38 3 -99 -1 11 19 84 -42 37 76 -75 2 100 -10 20 -69 6 -69 -26 -35 -57 -67 83 95 -93 89 38 23 55 1 -58 21 72 -65 59 -3 99 -40 95 -48 92 48 38 91 -68 -14 20 -19 -5 -89 53 29 -62 -9 89 -35 -28 -44 -13 -46 -67 22 -16 -73 59 -26 52 48 13 -98 50 34 66 73 -11 -55 3 89 86 86 -94 -91 27 75 19 100 -69 -49 98 50 -65 84 
-10 84 -13 72 51 62 -5 -74 38 99 41 16 -46 -40 -82 -39 -19 -17 53 -57 61 -14 -76 -94 -17 -18 80 25 -68 31 21 10 0 93 -35 -66 -60 95 -91 67 55 -37 76 -6 92 59 -83 29 19 53 -30 72 -84 -79 77 3 -40 -66 9 17 -68 40 67 25 7 -11 85 99 65 6 -7 68 73 -46 -24 -97 42 66 5 22 -73 8 -48 34 66 -6 57 -25 58 67 -8 79 
52 46 44 -53 50 -36 -31 -13 -53 -83 -86 -39 17 -13 -66 -51 73 -26 -91 95 -8 -52 68 -5 90 4 -88 1 68 -70 8 0 -21 36 1 89 53 -79 69 59 -98 29 -45 -84 -97 -22 -90 59 81 2 30 -26 64 -85 62 -93 -52 -6 -100 -44 -3 45 57 -99 -65 56 -58 82 -55 -12 52 -13 39 27 30 54 30 -88 50 74 -49 57 7 71 86 -17 -91 -59 -14 -52 -84 70 
4 14 7 -24 -29 -10 64 -74 85 -79 18 -56 93 -17 -54 -52 -41 -36 84 2 62 39 -33 -21 -96 34 7 82 63 -57 32 77 -56 96 -64 14 19 2 -52 4 -32 -17 -18 71 -50 18 -94 42 58 -30 -52 15 -72 69 81 -3 -44 -74 -52 -24 -45 84 20 -2 -2 -53 60 -26 -3 -46 62 57 0 -63 33 -97 -49 54 89 38 -74 8 -56 1 92 -85 -4 -62 91 48 75 -53 
90 -68 93 64 83 38 -100 -17 -21 48 5 89 -64 -26 57 -63 -70 37 17 -83 98 94 -90 18 97 40 -20 10 -21 2 -77 -43 -21 22 27 -34 61 -16 -54 -65 100 -70 28 -72 -60 16 37 90 92 -3 -25 82 19 66 -60 -50 61 91 -10 36 99 -9 95 37 -41 -21 46 -98 -67 47 3 75 -73 -19 -14 -35 -23 -17 75 53 22 28 -5 -42 -4 45 -46 -89 -63 20 -49 43 
54 -22 69 -39 -28 -41 97 4 -85 54 31 20 -12 -29 -78 -52 98 -46 -20 56 38 -98 -54 -2 82 36 -26 10 -80 97 -90 -56 22 46 -11 52 -59 -1 -17 52 14 86 -74 -24 94 30 -19 52 26 -16 31 -98 70 56 -5 73 -30 96 -42 -97 85 -6 58 37 -100 33 48 -84 5 43 39 74 -20 -10 42 -62 18 6 2 69 38 -38 -89 -24 -80 64 -27 -27 -62 49 69 16 
28 17 -89 94 56 -85 37 64 40 21 60 33 62 -52 -59 -70 89 -69 97 -48 30 -71 64 18 -69 -73 -93 -43 45 -29 67 -52 -58 -39 24 -33 -62 -24 -3 10 -66 -95 -74 52 -18 -65 7 89 -77 -31 50 -55 41 -11 64 73 -91 10 61 85 -33 -32 -9 95 45 66 -91 48 1 -98 -7 -88 -92 -73 84 18 -31 17 -78 29 -76 25 64 -90 62 -74 71 9 59 31 91 23 
56 -34 -2 -38 -75 30 83 -74 -84 -65 -23 -7 90 57 13 -17 13 -49 56 -92 -77 93 14 45 -56 14 95 -45 -68 3 -43 -26 -24 8 -1 91 -41 -9 21 -46 -75 97 30 -17 73 -97 13 -10 -76 77 30 -79 -9 2 -90 90 51 -15 88 -39 -16 -60 63 -71 11 -41 11 68 -2 -36 -11 -75 57 -97 43 -37 -62 -66 -33 -6 -37 44 80 -11 -69 -87 13 -20 -95 42 0 -25 
90 -4 -22 93 -98 -90 -58 -39 -91 32 47 94 94 -18 78 -71 -35 -3 76 -88 27 -1 -44 -15 55 65 -50 47 79 26 23 47 73 29 -41 -18 -89 51 -51 85 -4 -94 -51 -42 13 -1 -80 -5 -57 -75 72 18 9 -100 60 -47 31 98 -98 44 27 -25 -69 -8 92 -100 47 53 -40 84 -22 82 27 -12 -58 -50 -96 6 -53 23 -22 -7 48 -90 9 -62 -70 9 -85 -93 27 36 
-76 -2 16 42 40 97 -47 -57 -7 -92 -72 46 38 -51 6 72 90 -59 -97 95 52 -2 -72 -17 -32 -10 -47 -9 -34 15 -95 -37 39 83 -73 49 -48 27 -10 98 20 56 -51 -40 42 9 78 -7 -58 4 -58 -43 -78 1 91 17 13 82 -64 37 -76 53 -73 -38 -6 -35 46 -32 25 8 28 -46 -73 -22 -47 69 16 84 -61 -97 -73 -18 -42 -90 -69 -61 84 14 64 25 -57 -87 
41 38 2 -85 -51 -58 -36 -86 -3 22 51 75 29 -57 25 20 97 89 74 -83 -10 -5 2 68 1 -50 -47 -75 -1 -30 97 -75 -86 -52 -98 -44 41 44 9 -17 35 -2 -69 72 78 50 35 -7 -5 -51 -66 85 -52 56 35 -40 -69 14 59 -4 -50 34 -49 -81 -20 94 36 -96 -96 -59 -40 90 88 83 -35 85 -87 -26 55 -10 27 -74 45 52 56 -66 51 -38 49 -43 92 17 
43 -69 -84 70 -51 34 53 57 -90 20 -88 93 93 80 -29 -90 30 -51 79 -25 67 98 -99 44 8 44 54 64 97 -19 -3 -53 10 51 -36 17 60 40 -22 -48 15 -10 -5 -83 1 25 46 77 -22 81 38 62 -99 100 60 -75 -86 32 -47 63 -22 -57 41 34 -84 71 87 -72 -75 15 -22 -97 -56 11 -79 73 53 -20 91 -37 29 -70 -20 56 76 -23 -79 -9 22 91 48 -50 
98 72 25 10 100 -84 -77 66 41 -8 8 -54 -66 -2 -52 65 -23 -33 36 -26 31 1 93 52 26 97 -43 -54 55 27 -57 18 -7 -25 -92 -68 67 76 -45 24 94 52 -13 -48 100 -99 -26 4 82 71 -56 13 26 -67 -68 -75 6 -83 -63 -1 -53 -6 60 -37 27 -63 -80 3 18 -64 -32 78 23 -34 -95 63 -86 -87 -11 12 -72 -74 -87 96 58 98 -95 36 10 68 32 -50 
98 88 -91 -86 -38 12 -23 83 66 40 -88 50 -58 9 -83 -61 75 91 62 68 43 -22 46 25 42 8 3 -82 -74 38 30 1 -28 -97 -28 43 0 -52 -2 31 37 9 -45 -68 -95 -9 3 86 65 72 37 -93 59 77 27 51 73 -22 -68 92 -4 -72 77 100 -81 8 -8 13 54 -33 -31 43 -32 38 25 -12 -11 -32 -74 72 -95 96 13 -43 -99 -9 20 92 -56 -3 15 -95 
100 -90 32 57 34 -25 -76 7 -72 -33 6 12 -14 -41 -67 0 -87 22 56 -99 -29 14 -18 -21 -1 -84 -80 93 -34 45 -87 50 -2 -60 40 5 -59 -21 -56 41 89 84 -79 -10 -18 71 55 48 89 56 34 17 67 71 51 -5 40 -59 21 44 -68 34 -7 7 56 -9 -76 -77 -73 -96 65 55 42 75 33 18 -88 -8 28 -64 88 -76 -86 -100 -13 -42 21 70 2 9 -9 -64 
84 39 1 -87 -91 39 -53 56 83 17 -92 -53 -52 66 -70 63 -44 76 67 -47 54 -75 87 -35 39 46 -97 -25 -18 -56 -84 -26 -14 50 -23 -84 -22 -41 86 -5 98 -99 -1 -20 -58 -86 83 71 -60 -46 -59 -72 -68 70 -24 -59 -19 92 -5 20 -1 -80 -51 83 46 63 51 -11 16 34 83 -38 73 55 -1 -76 -1 35 3 22 -27 39 -82 60 -66 -34 -21 2 -9 67 31 -99 
37 -55 78 68 83 -2 44 -63 -98 69 54 50 -73 -52 -87 42 -2 -3 55 -39 51 -96 71 11 30 -60 79 -21 95 70 -45 -74 75 83 42 -33 -49 -48 27 -77 28 -82 -69 11 -23 -3 -98 87 32 85 18 69 -38 -23 49 67 15 9 -63 86 20 -99 68 -97 98 43 35 58 67 83 -65 -23 -81 21 -47 -87 -99 2 49 -93 69 -30 -9 19 -25 5 25 -3 -83 -3 -76 -45 
17 31 83 6 97 63 -11 57 -24 20 18 -33 -86 93 -59 85 -62 88 -10 66 58 -43 58 -76 -32 86 89 -46 -81 55 -29 -100 -46 -84 21 -45 -95 56 49 -72 40 13 -87 -84 59 86 -68 30 71 -28 100 -50 35 -57 38 -93 -6 22 -29 60 -28 16 8 47 -78 -77 -36 74 66 -4 85 23 -52 -43 61 -18 18 -4 89 38 79 -16 -61 -85 22 83 100 77 -14 91 27 29 
80 -88 -69 64 75 -49 86 -40 -18 73 -63 41 10 -46 -32 -77 -38 47 -33 -96 -9 5 -90 60 -65 38 13 19 54 33 30 40 16 -74 54 -63 17 94 47 84 68 34 -92 -86 73 51 36 81 60 -92 64 98 7 59 -30 -70 27 72 62 -10 60 -85 -8 31 21 49 -69 92 -61 19 74 -1 -36 96 73 69 7 -94 85 48 -10 -96 -28 96 10 -67 1 -81 -68 -16 42 -10 
96 56 38 4 25 74 75 -11 -2 84 42 -68 -47 -54 -51 -48 -69 6 21 -91 25 -97 -37 -89 54 94 97 82 67 -17 75 -80 -61 69 49 51 52 53 -12 -11 -70 -39 50 -11 6 9 -66 95 -50 33 33 13 26 -59 -22 34 86 32 44 -4 18 98 -96 -22 -52 -66 24 79 -95 33 89 85 -19 3 -5 -75 -88 51 -56 84 31 95 -46 60 -97 30 98 20 4 53 33 -46 
82 -59 -43 97 -98 80 51 -80 -75 57 14 -57 -45 20 87 53 -2 -45 -23 21 -58 -91 -86 81 53 1 70 91 96 -53 55 36 -46 51 -8 -51 74 -14 99 35 -65 44 95 30 -68 47 -81 51 -74 -12 -25 -2 -68 49 14 -18 93 88 63 -65 53 -40 -77 58 -37 -20 -95 -80 -9 59 14 -51 6 32 80 -68 -37 69 77 -92 91 -25 14 93 -82 -66 -80 -77 86 -70 35 18 
28 31 49 -74 9 -79 31 30 -10 -81 1 39 -89 -96 16 69 20 89 44 28 -24 -26 35 -47 71 36 58 -83 -89 -70 71 36 15 -59 74 -56 -65 -16 -5 -29 -96 -35 -56 -60 -49 81 88 -53 79 -45 -41 -89 -17 -90 -43 -67 4 45 -98 62 -32 -72 -67 -5 21 34 60 27 -84 -55 -86 66 -55 -99 -85 69 63 79 -44 -41 69 31 68 3 58 -47 94 -77 58 -73 30 -11 
-68 24 44 20 6 29 50 -14 -69 58 99 -79 -86 -63 83 -46 6 -46 -41 -26 40 16 -89 -84 -21 -37 -73 -62 44 -41 62 58 -63 71 -34 94 25 72 -83 53 92 85 -51 -95 -90 -47 94 90 -72 61 -37 67 -56 -31 82 -82 21 72 -52 -55 -69 95 73 -46 22 -82 75 -24 -72 -24 -57 -23 -45 92 11 -24 -23 88 -37 -5 11 28 -24 -57 3 -63 49 99 -99 -18 -86 -57 
40 15 92 85 91 80 71 -49 70 46 -10 -78 -40 -42 -34 32 30 -59 -8 94 -57 15 -92 10 -74 -83 4 -59 66 -40 9 92 30 61 9 29 -7 -66 93 -91 -29 92 -10 -20 82 4 90 11 -70 54 81 -95 73 37 -3 -68 -37 94 -12 89 14 -7 19 39 -52 -65 89 -9 73 69 -84 -46 -53 -71 42 -23 56 -18 40 66 -61 45 26 -49 -59 62 31 -66 -85 -2 72 -48 
97 81 71 95 -32 -38 -72 -93 74 -95 -1 41 -70 25 -89 55 88 88 -41 83 -23 -25 71 75 -58 29 30 -56 -71 -58 -22 -82 -34 -96 85 -41 42 45 27 -55 26 0 -30 -57 9 -85 -3 -1 19 -21 -29 -71 -58 -71 -22 25 16 -9 -61 -18 43 -61 4 1 96 31 -69 91 37 -17 47 -35 -16 47 -40 -94 -75 78 -45 81 -15 -79 75 48 4 -35 58 9 -88 -24 64 36 
-80 -21 35 -17 46 76 12 -19 89 6 -61 -73 96 44 75 -81 21 -22 74 -98 72 42 38 -28 51 -66 -75 -53 -54 77 -22 85 -10 -54 -86 -33 -93 22 -16 73 -51 92 -37 -96 -74 67 14 29 49 14 18 56 23 -55 -2 -5 -50 -88 7 11 -79 1 20 -35 67 -94 -4 -93 40 -62 72 -69 -15 -34 -34 43 -44 -92 33 72 -64 -8 73 -67 -58 -86 -1 8 88 -31 79 6 
-63 60 60 69 28 19 -95 47 83 3 -88 9 -78 -9 -50 -23 -58 12 -58 48 61 94 -93 2 -55 -4 -9 90 41 30 99 -17 27 12 60 2 -23 71 35 -11 15 36 39 -88 -94 16 65 97 -55 36 -39 13 -24 -75 -17 -69 -39 87 70 69 53 -68 -22 2 19 -6 2 16 -38 -54 -48 34 37 -34 -97 -33 47 -63 -68 -87 26 -93 -99 62 -96 14 -14 -17 71 3 19 -69 
-66 78 -100 26 84 9 10 47 22 -95 -66 86 4 -20 -68 -17 23 -89 -16 79 -92 2 -46 -21 75 -20 -98 -45 64 47 -98 62 -96 78 -88 8 -43 52 -63 40 -52 6 69 -72 -77 -54 -76 -88 -13 70 49 10 55 69 16 -65 83 -90 69 -12 20 -44 -92 -80 -70 43 -75 -85 91 41 -51 -34 -79 85 -19 -69 -88 64 25 63 -30 -45 -7 60 -86 -20 -92 -8 -11 -94 14 -29 
11 -99 -16 4 -8 10 39 47 35 40 25 -69 10 28 -23 -96 15 -53 6 5 -66 45 64 43 -20 -25 39 13 -2 79 -71 -30 77 24 83 -4 -5 81 -77 83 -3 -67 -50 -65 -100 -100 14 -95 29 -16 -92 -65 -13 99 -16 -92 -27 -24 61 80 -83 -74 28 -1 70 5 -54 2 15 -22 72 -69 -16 89 31 58 30 20 35 32 99 -77 96 -28 -22 -55 -52 -75 -71 -46 68 7 
-99 2 30 -40 88 92 50 -76 91 -26 -90 10 20 28 96 -47 9 -62 -63 69 6 89 25 25 -81 95 79 7 22 -37 -59 20 31 18 -9 32 53 -52 85 -90 -12 90 -65 -84 42 -63 -28 -24 44 -91 91 23 38 26 67 83 -17 -62 69 -3 -75 -24 -69 32 61 -10 -96 -71 -5 -89 52 60 77 52 98 -61 30 -70 -51 -44 -3 26 -98 8 97 21 59 82 -23 -27 52 46 
25 -62 -62 33 22 -87 -51 4 77 22 43 39 -83 -14 -25 -89 60 100 68 12 -98 -62 -69 29 40 58 -57 41 -11 -89 -57 -43 13 -81 -19 -32 32 88 8 73 69 -88 33 63 -35 65 -17 93 91 -24 42 -92 61 -10 42 49 10 -11 46 -73 64 -76 -35 64 30 -62 18 -54 59 11 -69 -18 27 26 -39 -68 40 -20 31 6 30 75 -92 3 47 -65 -89 -35 92 -49 -11 -61 
-93 59 51 -24 -51 88 48 -77 -50 39 77 -97 -93 -74 -82 33 98 -16 -40 -49 73 -100 -83 -7 -56 -24 25 -28 21 42 41 68 11 -5 66 -36 95 70 69 20 58 47 89 65 -58 4 -68 55 30 52 78 -36 76 35 -17 -56 -59 34 30 79 -96 94 55 28 52 -69 20 59 62 -5 -85 -84 -67 -33 3 -91 99 19 -49 54 21 56 35 -92 -38 35 -6 23 -43 -69 20 -44 
2 7 -58 64 -73 47 -6 87 -82 44 -48 -70 -85 -20 0 -55 -47 86 76 -55 -88 17 -23 -82 100 -34 22 -91 -26 -84 81 49 21 -71 40 87 8 -94 -91 26 59 -81 -52 -30 42 -82 -28 20 -5 47 96 -4 -58 -82 61 70 -44 -1 -61 13 56 -3 -80 -34 -88 -4 -54 18 66 -21 56 -5 40 89 11 -78 52 92 93 86 42 41 69 30 -10 -5 84 -8 97 -72 -52 73 
17 -87 7 32 91 14 70 26 -15 64 69 -93 65 -96 42 -33 10 13 -93 90 -4 10 4 -56 86 35 79 77 45 68 -98 9 -17 -79 -63 18 -52 -37 -9 -31 92 -37 9 -80 -100 -90 -97 70 72 -53 18 -94 -45 -53 44 93 -64 -47 27 69 83 -31 -51 4 -53 -83 73 83 -53 36 -71 82 -33 -24 100 93 53 -13 -79 -86 78 -85 37 -59 56 -66 -57 -79 -89 -15 27 43 
-25 -1 65 -60 -27 -26 -52 -52 -93 41 -67 -92 -74 -64 -92 31 13 -79 34 100 82 16 -5 32 88 72 -1 -28 -54 100 95 -15 -72 12 54 19 37 -91 48 -71 -38 1 67 -61 -14 -89 38 4 60 -73 -27 -20 2 59 -88 -31 34 -49 -17 91 -48 -77 -42 -57 -80 -33 -53 -24 72 -20 12 -100 -81 -30 -76 96 -57 12 -34 -55 48 -68 9 27 -27 59 -32 10 25 -88 -34 5 
2 49 87 84 66 95 -31 92 -52 -52 -50 16 -7 -72 48 -43 -2 49 91 -29 -59 -88 -35 80 -90 94 47 -36 -72 -51 53 -45 -39 -57 -30 24 -44 -37 -62 -58 60 19 47 20 32 9 57 -2 -70 5 -25 -72 31 -94 48 -40 -80 77 -79 80 47 52 100 -7 54 -4 -76 21 -9 81 95 87 -6 69 8 -45 -34 -46 -59 -90 -71 -43 45 -25 -43 63 -50 38 -66 -64 15 -61 
7 -63 -98 84 -31 14 -47 -75 -36 -38 21 -39 -48 27 68 15 14 45 -33 38 68 60 92 -18 6 25 -38 -45 -16 -32 8 64 48 -24 -86 -72 5 5 29 2 5 25 28 -5 65 -100 26 -56 -1 -90 -5 -5 -66 -69 -76 57 13 2 69 1 -53 -62 62 76 -91 -88 32 89 5 -32 42 14 -21 47 -19 44 48 -34 -9 -72 -78 -80 5 1 62 0 -68 60 -49 -85 -9 -5 
-15 -92 96 17 -85 -92 6 -18 -29 -43 -94 -85 -64 7 -48 38 10 -61 71 -9 54 50 -8 45 -91 -99 81 -22 10 -4 71 -29 -89 16 79 -71 -44 -46 -19 -76 85 -39 39 74 -85 -59 -92 -100 -54 14 97 70 -24 -75 -35 -88 -4 39 37 -10 20 -6 52 24 -65 -23 -79 -62 -28 -55 61 -98 42 -90 50 84 2 25 23 82 38 39 -85 6 95 99 12 6 30 93 -29 53 
14 -52 47 99 -53 -9 88 -50 77 19 85 -11 -98 90 94 -32 45 70 -74 -39 -19 -48 -47 -36 -1 -3 80 -84 -4 96 36 -38 -66 16 -93 -51 -19 15 -96 -52 85 67 -2 34 -43 -19 -1 79 -33 -97 -75 -33 28 -90 -1 59 -97 9 -97 37 89 55 22 -57 32 10 -76 -64 58 -4 40 -90 -62 0 31 51 96 70 45 12 -56 61 -28 -91 8 -76 -88 -86 70 86 -79 82 
0 87 90 -28 -1 -54 89 -2 66 -24 -19 -79 -73 99 -39 -15 4 -26 -30 49 -29 59 -11 94 -96 88 47 -62 70 -16 72 -48 -97 -47 -63 -38 57 2 24 7 -83 -8 30 -47 6 55 -55 74 11 -66 -18 -1 0 79 -1 -21 14 11 -95 -83 -15 79 28 4 -52 -36 -68 40 -81 -16 -66 -2 -5 -93 46 -57 65 0 81 26 63 36 -7 61 15 87 -84 -71 17 -48 -98 84 
34 59 -23 -51 89 22 84 -63 68 -100 -22 89 -79 -6 -85 94 44 -61 31 15 42 -16 10 -50 77 9 84 -91 26 -45 -88 3 43 -55 -75 -18 85 -66 32 24 -8 55 -7 -39 72 81 -95 66 -5 -99 41 31 -75 -34 -45 -7 11 50 -73 19 -6 74 24 -74 96 48 50 -72 -68 27 25 -3 -1 -66 -86 100 -96 -34 -45 -7 96 -42 -87 35 -25 12 -19 24 3 -91 -48 73 
-48 63 -18 -24 76 -16 -22 7 -35 20 -36 17 -6 -82 -67 31 42 -7 97 90 54 8 -31 -4 76 -7 22 8 49 -8 61 -83 -45 -44 90 -12 85 -1 64 -11 41 47 32 57 -33 92 51 13 13 28 -42 35 -83 75 68 11 0 78 -59 29 62 74 -90 -99 13 57 -19 83 5 89 40 -98 -63 -1 95 -64 54 -75 -76 97 -50 -77 65 -5 -19 -78 25 65 -25 -41 9 27 
-79 -100 -59 24 77 -40 74 -47 -57 22 70 -67 -53 -92 40 -73 -89 99 5 17 95 66 -54 73 -69 86 -67 -26 78 55 -16 -83 -2 -47 -4 89 3 -51 -65 78 8 76 -78 38 24 52 79 40 13 -95 72 -33 61 -39 -91 96 56 -30 69 -35 -30 73 70 -87 58 91 -91 -62 34 21 -26 44 -25 13 99 -68 -74 -54 88 -19 51 98 -93 100 2 16 22 -67 -69 59 15 -1 
-21 39 73 21 -10 -48 90 -56 -97 -26 -48 -92 -9 75 80 -47 73 68 69 47 68 -97 17 -92 -59 90 -11 -100 -17 -55 -28 63 -95 66 -56 35 79 -50 16 75 100 -59 -88 -92 -98 -42 25 2 80 62 48 82 -4 -2 -10 42 5 -95 11 -11 -88 77 27 -33 30 60 68 66 32 19 -66 18 66 28 -8 63 84 -24 -4 44 73 -31 -13 -74 -33 85 6 41 9 31 -17 40 
55 -36 11 19 -100 26 77 -33 60 -54 -32 -12 1 -8 89 -22 36 86 84 1 -24 -97 38 -23 -17 -14 30 19 -35 58 60 87 4 6 -35 -68 18 68 -26 -13 -28 -32 22 -68 100 34 -38 32 87 52 99 3 -76 -9 -90 -59 -33 49 -90 -97 -68 61 78 -2 14 -16 -45 -26 -56 77 83 -24 -46 45 4 -33 -56 -24 52 -70 59 90 -82 27 8 -42 -69 -49 -90 -4 -46 -76 
30 -45 -58 89 -30 -86 -20 -48 -32 73 -5 16 77 99 94 -74 31 -94 -36 -24 90 -72 15 91 31 85 68 17 -42 9 -33 -26 58 -71 -42 22 35 -20 33 80 94 -70 -4 -94 -17 38 71 31 3 -97 -14 19 72 14 70 91 -88 53 40 97 -57 96 62 -2 28 -75 89 -63 -81 61 67 -65 -23 -95 -47 -27 -2 86 -3 -81 -84 -15 13 15 95 77 68 -2 -55 19 100 5 
0 88 31 -37 41 99 -43 -26 19 95 -3 52 94 0 64 -68 -67 -54 60 -99 -87 -68 3 -37 -96 -56 45 89 50 19 -99 89 -67 84 -47 66 38 -75 70 15 -68 -58 71 -3 -46 80 23 -23 -99 31 10 -73 -25 83 -44 -83 63 -86 -96 38 83 57 -20 -21 67 -88 -11 4 90 -12 -17 17 97 -17 -36 -66 -52 24 59 72 25 -83 -82 24 -65 -85 -48 52 33 -29 -63 -2 
-3 -27 -67 -70 -57 98 29 49 -88 4 96 80 98 -43 0 79 37 30 -79 66 -35 72 78 48 27 39 -26 -81 8 21 -38 -60 -2 41 1 76 8 38 82 -77 23 39 38 -58 -52 42 3 -25 -29 -48 56 14 86 -50 14 61 -22 -29 -10 -41 66 59 -31 80 -93 -48 -49 -91 40 -60 97 -67 67 61 -75 -39 -45 79 -94 -70 12 48 -33 -76 -14 64 -93 9 -49 -11 -29 -59 
-82 -36 84 -37 21 -69 19 -92 21 -78 -55 60 -60 31 -31 77 -18 -21 -96 13 -22 -2 -79 -95 -16 25 -38 43 33 -98 -88 20 -62 -24 85 -6 24 -27 94 -89 -52 61 -16 96 -69 81 45 10 -85 -63 -32 56 -7 -57 -3 -61 -53 10 84 -76 55 2 47 71 80 40 44 -84 55 -25 -34 42 87 -84 -35 -49 6 -74 70 42 -73 -87 -8 30 9 -4 -40 -93 87 -53 68 -66 
-26 -10 53 -24 -29 95 -35 33 66 92 -84 -51 17 2 33 50 -85 75 46 -77 81 78 3 -81 29 -90 100 48 -50 71 36 -34 44 -78 -82 12 15 74 99 93 93 72 21 78 -82 -78 32 -12 -55 61 48 79 92 77 -88 -86 -44 33 -69 4 69 -45 -68 61 19 -58 -12 -26 -7 -52 -96 55 68 84 44 10 100 -87 32 99 35 82 -67 -77 80 61 -77 -88 0 60 -89 63 
62 68 -24 -54 -77 -76 15 98 -61 87 -62 -29 -61 -91 45 -1 66 -97 74 -82 -4 -93 -45 38 26 -69 29 -15 -51 79 22 -69 -61 90 -83 49 100 -92 -42 -67 72 1 -57 97 -13 35 -67 57 89 -80 32 -43 -5 -11 -19 52 69 97 20 -58 -50 10 -84 4 18 15 -52 68 -49 40 -77 -96 75 -81 6 23 98 -92 -23 -11 47 -81 44 -70 -65 50 30 29 -44 -97 -68 -70 
13 -10 -17 68 -71 21 75 -75 -51 -44 -97 75 -90 -68 -29 34 25 -57 -42 94 -19 -89 -38 31 3 -89 -94 -27 -8 -77 52 -81 -85 97 -29 -55 44 56 37 77 -49 -68 60 94 22 -27 -73 -15 -78 -14 -56 -54 -27 -90 20 80 12 16 -98 30 78 -31 60 13 33 -79 85 33 92 52 -61 90 2 10 -44 -41 -41 -71 -13 63 -46 36 95 1 83 82 -35 6 -81 29 -95 100 
7 -40 -7 69 -27 -64 -64 20 -12 -89 89 -60 96 -3 36 -96 6 66 4 100 79 -28 -15 -22 55 -44 -83 -1 34 29 -89 -36 58 -82 -68 -24 81 49 -26 -95 -33 -85 32 83 4 -51 99 -5 31 51 23 41 14 -59 -25 73 94 -52 -12 -93 94 -5 5 -84 -78 -82 58 -1 50 -90 -86 -6 -86 -54 2 -76 95 -83 -89 -37 -22 89 21 5 -81 46 -18 43 -95 -61 -82 -100 
-62 65 86 -58 4 14 95 -25 55 -92 2 -56 57 -51 25 -68 85 -72 36 47 40 45 -67 -9 17 -61 -93 23 50 -84 42 -81 1 -98 20 79 -59 72 -84 -17 43 61 -85 -6 -92 43 71 -57 -97 -66 -66 -91 24 -11 -86 -2 72 -68 -39 -86 -81 75 7 6 -1 -22 -66 55 46 -73 -17 14 -63 -4 63 34 63 -24 75 4 -58 97 -70 -29 44 -20 -7 -82 16 3 -51 -47 
74 -29 -28 62 90 63 81 17 29 99 46 55 7 -60 -33 10 0 -13 -3 17 -8 -20 62 74 -49 -41 51 -90 -15 63 50 56 -48 1 71 -19 -31 -15 -98 -61 -71 -71 88 -57 2 29 -9 31 36 98 -91 -35 94 -10 -60 52 54 44 58 -61 38 24 -98 33 92 18 90 82 99 -53 -34 58 -65 78 -26 -86 -3 -66 -47 46 -9 -29 14 43 -35 -31 -64 -18 19 -66 21 92 
98 41 99 1 -30 82 -33 36 -31 -38 91 -98 16 -5 -57 80 -99 19 -72 30 94 1 88 -36 86 83 -15 4 -44 53 -58 -81 -26 32 65 41 -88 -54 -86 66 86 -58 53 -51 30 -2 -48 -53 -18 -8 52 -56 55 -41 -82 -21 64 13 21 9 97 64 -55 -98 -44 -67 -34 -90 -89 76 96 -64 -100 -90 82 12 -44 -78 -29 25 51 -90 -5 93 88 -70 10 -81 66 -1 65 -56 
94 18 -97 35 -12 -10 -7 -83 -80 -99 87 3 62 17 79 -87 -48 -15 -74 -91 13 -81 98 -32 38 6 74 -58 67 33 -95 53 76 81 -6 -16 9 65 18 -73 57 -89 -61 26 -40 -27 -16 -56 -80 -38 41 11 -17 -66 79 33 -47 13 1 69 -29 42 -63 -37 14 33 44 -69 -15 -4 -12 89 -24 -80 82 -83 45 -2 64 97 -29 -64 -20 69 58 -18 -4 -4 -69 -50 66 11 
56 45 -80 69 49 49 -86 -78 51 -78 -64 -50 14 -70 -86 -32 80 -26 -61 -56 35 58 -11 95 -87 13 -14 -79 -2 11 -48 -9 -75 -70 21 -34 77 15 70 7 42 -2 -71 88 -64 24 47 -42 -26 69 -3 -62 13 71 89 63 -100 -20 7 30 -45 -36 77 55 -53 -42 -39 68 -3 -42 29 -13 87 -68 -14 -29 19 40 -16 40 -39 -33 85 55 -56 6 -43 -76 -80 41 -45 -55 
-26 -29 -78 78 47 49 50 82 -76 19 -83 3 -52 20 31 -48 80 85 -7 59 -64 -33 -64 -95 47 -61 80 70 -53 73 39 66 99 63 -77 11 83 -72 30 22 -54 -7 86 -21 -41 92 10 -24 91 -21 33 -54 47 42 89 2 78 19 31 66 -69 16 -22 42 99 -2 -92 74 27 -85 -6 -77 65 55 -12 58 -81 -94 58 29 98 -59 -98 -48 -48 6 71 -67 -71 -51 -83 -61 
100 25 4 78 -71 -66 51 84 -16 26 -16 -58 75 -42 79 -9 -17 66 66 -49 59 -1 -42 45 -73 -97 -11 96 -74 -93 -42 89 -19 96 42 -17 -5 -15 -79 83 -89 54 -8 -84 -81 -81 -46 23 -43 20 -98 39 2 41 -50 54 -68 51 -12 -66 -29 52 -67 39 -61 -39 40 -41 64 -73 97 3 24 75 -96 57 -3 -32 31 -71 -56 -4 -59 -40 -55 51 21 -19 84 -49 49 42 
-62 -27 62 21 23 56 80 -24 41 8 80 79 -98 34 -52 -56 83 45 62 94 -13 13 -21 58 37 -71 35 53 88 63 19 15 11 -64 41 56 -77 -60 38 35 46 -3 -39 -5 -54 94 23 -37 -98 51 -66 48 67 75 -25 -74 62 43 57 -61 76 -66 76 -82 -25 63 -21 -95 -43 14 78 -20 85 32 11 86 -34 -77 -60 95 -64 5 -89 46 99 -52 -27 -41 -90 66 23 -32 
-95 -98 -71 -41 100 100 88 25 96 25 88 -69 -7 -28 -57 17 71 51 -46 -16 -46 -43 6 50 83 -28 42 -14 -78 -98 -97 3 5 -45 0 -88 27 87 -95 -15 -75 68 -94 83 65 -69 -28 16 57 -50 88 80 91 41 94 98 -100 95 8 20 -65 94 8 -83 -58 48 -64 -33 -51 -89 93 2 -44 35 87 57 54 -21 -10 49 -15 -59 -95 -60 -44 46 -92 -58 -29 93 99 -53 
14 -43 89 81 -68 -54 16 -33 -57 50 -45 83 59 -2 5 -13 58 -82 -21 75 55 -20 38 64 27 -66 36 68 44 77 -74 -68 81 73 -72 -56 -80 -30 28 20 -4 -94 34 67 -3 -100 -95 -1 28 -70 -45 60 -29 12 39 -64 31 -36 78 16 -90 24 -57 -39 -70 -72 -67 89 59 -95 -59 2 -21 90 30 6 95 25 -66 16 69 94 91 21 62 -95 -91 -98 6 64 69 10 
49 -57 28 42 41 32 2 -84 97 29 -98 40 -26 31 -4 -78 47 -74 -80 80 46 75 72 72 -71 -40 -54 57 58 9 19 -77 -14 -33 -60 60 -77 29 -39 -93 -75 45 -72 79 -54 -61 7 61 -93 -13 -14 -26 51 -55 75 -2 -88 -7 54 49 38 7 100 2 99 -10 -28 -18 14 -24 69 77 -16 78 16 -24 -96 5 45 20 83 81 -41 -70 -36 -91 91 46 74 42 -61 73 
-25 33 61 -70 -80 -35 -49 58 -42 -17 -20 -14 -34 47 -100 95 82 88 -72 -24 -55 -25 63 27 -22 -27 -37 -75 -100 -97 18 63 19 14 -56 51 100 -94 99 -16 40 -94 -3 63 94 -74 42 -100 88 97 95 -11 52 -20 6 72 22 -92 74 83 -16 39 -49 70 97 -73 -28 -23 57 -99 -14 57 -59 -95 15 71 -68 -6 40 -69 80 12 20 -58 87 -65 -93 85 -64 -81 40 -5 
-40 13 89 -2 75 -12 -67 58 44 73 100 -9 -91 -42 8 89 86 -77 46 -41 -80 -96 -44 81 4 -49 -82 -43 -38 4 -41 -77 -26 -5 -48 26 -64 7 -53 -4 -42 57 -94 -25 -50 38 14 91 22 -49 44 -83 -64 25 52 14 2 -70 -34 -89 71 62 26 43 -84 3 -23 -66 18 -67 -78 -50 -54 27 -84 -10 -75 -4 54 86 -18 48 -27 42 21 14 -66 28 39 -53 -37 87 
-40 -54 -19 -23 72 -45 78 15 51 67 94 -46 25 -15 -43 -73 84 10 6 58 -75 12 -10 -98 -2 23 31 68 84 -90 88 83 -1 21 90 -31 -54 13 -16 -62 23 63 61 -83 85 -54 90 54 -64 29 62 10 -55 13 -53 17 11 -100 -3 -87 -36 79 -91 -80 73 8 6 -1 -40 -19 -90 -91 -61 95 -57 -7 -37 -55 41 -70 22 -53 83 -75 -15 12 75 47 86 -45 -59 -64 
-12 -43 7 -35 91 -19 8 86 -46 53 -30 -78 6 19 -11 22 -96 32 23 92 71 73 46 -90 -85 -19 -21 74 18 -39 0 51 -30 -93 30 16 -60 14 -22 -57 -69 -87 -9 -43 -92 -5 -87 47 28 -56 -79 -41 -52 58 -66 -33 -86 -100 -7 17 75 -92 58 40 85 -23 -67 56 -100 -33 99 -36 -49 -71 82 77 -29 -94 28 -91 43 66 18 -26 0 44 -78 5 -39 49 -59 75 
-16 -6 77 29 14 -100 -74 72 -42 29 -63 -86 6 8 -72 64 -99 35 -53 -42 19 -97 34 71 84 -35 1 -88 79 -73 4 5 -18 -54 -88 -12 -23 67 -57 -68 74 -55 11 1 59 36 58 10 -28 -61 -53 -8 54 -29 9 -94 -54 -46 96 82 -56 -69 5 82 -57 -99 44 -77 61 -97 -40 -63 -40 57 -68 -55 10 -68 -24 41 36 40 47 -33 -6 -27 1 91 -65 -82 -66 93 
44 -10 -8 98 -72 -88 85 100 -78 87 1 70 -95 -26 -19 -6 21 100 -23 -1 -22 -2 37 88 -96 -3 18 73 16 -33 100 96 -3 -29 -11 81 8 -49 13 11 49 14 40 79 -41 -45 -37 -75 -31 -80 -28 12 -45 -39 -14 8 95 -30 -27 -86 59 5 28 -95 -20 -55 99 16 -47 51 -62 -31 -67 -50 -70 61 67 77 46 88 -31 53 37 10 63 49 -4 24 -17 -45 -77 92 
-60 -74 56 93 12 -43 -31 -22 -87 -54 73 -49 -89 -67 -62 68 -91 -43 26 100 12 91 -60 90 -53 -47 78 70 32 24 25 64 -77 80 52 -61 -63 79 66 17 -56 -63 93 60 -81 69 3 65 46 72 24 18 -80 1 -20 -77 46 -69 -19 -44 -37 20 84 -18 -21 -66 46 -12 -63 -2 -45 8 -16 -33 20 -63 -46 16 -99 -79 18 -85 73 76 -14 34 -95 8 -84 -38 -1 69 
-10 86 -88 -37 56 58 -46 -91 -78 47 -58 -97 -70 69 31 5 -40 -30 -12 -1 96 17 -90 -68 -37 -84 96 23 -48 -51 -33 -54 90 97 -17 45 35 4 40 60 1 69 74 -50 7 -82 76 48 63 -10 87 -85 87 47 -13 -3 91 6 -78 16 -21 -21 92 32 -66 50 96 23 31 13 -73 58 -4 19 95 -49 -61 -31 -56 72 83 17 65 12 47 18 74 -34 78 -12 -77 -98 
87 -18 25 50 -32 2 82 53 84 -34 46 -47 -74 11 17 -41 67 -63 37 66 0 91 -98 100 -3 48 -81 25 66 32 58 42 -43 51 14 -1 -12 -15 76 -58 87 -48 81 -86 -17 91 94 97 -37 -40 -78 32 46 50 99 -48 87 -55 79 -71 -98 36 -76 -21 -39 -96 -96 78 -78 50 81 58 67 44 -41 -99 -71 55 7 63 -5 71 12 66 38 -53 -31 33 -78 -31 30 86 
47 -18 53 12 5 13 10 -23 -32 -12 40 68 -58 36 33 -31 90 57 56 83 38 86 -85 8 51 -69 -70 13 93 15 12 66 -24 -65 68 73 48 20 -62 -95 -35 3 5 -45 -8 35 44 51 -36 -55 -33 15 -18 61 11 3 -16 -3 85 29 49 -42 -96 27 35 -1 -24 37 -26 -26 39 20 -11 35 20 -36 -61 -77 56 -35 86 47 96 76 -10 -40 -48 68 3 -88 24 -69 
88 38 -23 59 81 -91 -80 -4 79 56 -100 -44 -74 -6 40 -86 4 12 -98 -89 -8 -17 -43 -36 -99 94 -59 74 -65 50 55 64 50 0 77 41 21 96 60 58 -90 -30 -30 56 70 6 18 4 29 26 49 -61 53 23 -56 93 88 -81 -21 -61 -60 -46 29 51 0 -80 -56 -31 -97 75 12 -42 -73 24 81 -9 -53 -51 -15 25 9 78 31 -45 -46 -69 24 -13 99 -89 -67 84 
32 16 43 47 38 -61 61 50 -66 -39 33 6 57 29 39 91 14 21 89 68 -55 22 4 -7 -11 -60 -71 31 -88 93 -2 -11 -77 69 57 -98 -61 87 72 -85 64 -39 -1 31 82 -14 25 63 -12 31 24 -55 67 44 -82 39 11 81 65 81 -18 35 7 -20 -21 -96 20 -50 -81 53 -99 48 -8 33 78 73 63 46 11 -33 -57 -67 85 99 66 -14 52 -92 -18 -79 -81 -25 
84 -73 -14 -42 -62 -88 -30 92 -64 -90 -69 82 94 84 -48 23 -3 -5 31 -68 45 -64 -4 74 -53 -91 -77 -18 -4 30 -7 -31 48 2 -80 -3 37 -73 -12 61 12 -67 -68 62 67 27 -63 49 66 76 -81 34 -52 91 20 -18 53 31 10 41 39 -11 75 7 -40 36 57 11 13 -44 -20 97 43 59 51 -19 -60 -18 49 -73 4 83 62 50 -18 68 95 28 -57 -38 -100 62 
-23 -23 -66 23 -10 62 17 63 9 67 -90 81 78 -52 2 -27 69 -68 -99 -35 -22 -18 -47 88 -98 -45 -8 -24 -98 10 97 66 -69 16 -31 -19 -14 -1 51 5 98 -98 62 -64 -58 48 21 35 -25 24 -67 69 -76 23 21 91 76 57 15 84 2 87 50 -84 -67 -26 -83 40 -3 94 95 -35 60 58 -47 -98 -82 -56 9 1 -64 23 90 57 42 55 13 -38 -66 91 11 16 
-53 -18 56 -62 7 -62 67 -40 -35 35 -72 59 47 -71 78 -1 81 -86 -45 57 -84 -34 -12 72 -91 -100 -12 -84 17 7 -29 -65 65 -13 -80 -84 96 95 -60 37 -55 74 81 -8 -20 31 97 91 32 -72 -56 96 -11 22 -47 33 44 82 83 -52 -32 -47 52 22 86 92 -54 75 -95 -77 68 -30 91 -25 -19 -2 85 -66 -36 -24 99 94 29 64 -35 33 -86 39 36 96 20 -14 
