-21 13 -46 88 -84 77 -17 37 12 72 52 23 -87 53 -94 59 -26 -33 -13 70 -36 -56 -99 55 -62 5 -74 6 85 -24 -86 30 -67 -8 4 -88 -26 54 88 24 -29 -32 -81 -38 -54 -71 79 -7 -77 -9 90 -13 -52 50 56 88 -73 7 -8 -38 93 -34 -99 -92 15 97 -80 -76 
-84 88 63 -45 8 60 -62 65 -4 51 -24 26 41 -71 -85 32 -84 -38 -83 -53 92 39 53 -49 10 65 -91 48 -4 20 -78 38 1 -68 -5 -49 18 11 -5 -89 59 81 -5 10 32 -28 -9 -100 -69 80 -66 -76 -62 2 -21 60 73 62 94 -13 -81 -16 -92 -19 -87 -11 -92 99 
-67 -21 -89 -53 75 56 50 -71 40 -38 -92 -52 -22 -38 -67 95 -33 14 50 39 -20 -20 -66 -4 -35 66 -60 -37 57 71 81 -24 -78 44 64 59 82 39 -89 -34 12 -29 14 -41 -17 87 28 -24 -75 -78 -6 79 -32 -12 -11 -72 95 -7 72 82 -73 -15 -14 99 4 -1 76 31 
95 61 47 -11 3 12 -56 -62 -10 -86 -28 -91 -31 37 -49 68 79 10 55 -4 48 26 -21 30 21 59 35 -61 -41 -61 -6 -11 94 97 100 23 59 -53 -66 47 -77 23 -25 87 34 22 -97 46 -7 40 -67 -51 -68 -55 76 92 33 -25 46 -29 -9 -32 83 -45 83 69 12 -52 
79 -28 23 -38 6 12 51 3 89 30 62 -99 -40 84 -89 -5 13 -59 -13 -55 82 -47 4 89 -17 100 -92 -7 -36 -50 -10 -64 65 -51 29 -72 22 9 30 -41 71 -76 -75 -10 33 75 -21 8 -67 51 59 0 -68 -56 7 -10 21 -77 89 -31 -71 -66 67 -96 5 19 72 83 
81 -88 -43 -15 -29 100 -94 -80 8 -91 23 -20 96 89 -75 -69 93 67 1 -46 -1 -74 -22 47 -84 -50 0 8 31 -42 17 -82 22 -22 -92 65 2 -5 60 100 -28 -46 -44 -75 29 -2 9 -32 -50 61 -3 -32 41 64 28 -90 -14 64 25 -91 -34 -36 -35 87 79 94 -19 29 
46 -97 45 40 46 33 -22 -95 3 -75 -18 -81 -3 -71 84 98 -38 96 -26 54 9 -44 -68 33 -4 42 -39 14 76 -56 60 -43 -37 23 82 -57 -9 -34 -42 -27 -17 19 -93 93 -18 -3 -38 12 -9 -72 -1 62 -73 38 -35 86 90 -40 53 -73 90 21 60 94 -89 -55 -55 81 
-38 -40 11 33 -11 -92 -7 -29 8 9 -64 -94 82 53 82 -99 -25 59 30 26 74 69 21 88 -8 -30 -11 -38 31 59 -49 5 72 -8 42 -84 -62 -99 76 -30 60 -51 27 25 -9 52 60 -94 -28 84 -76 47 -77 -74 51 24 -92 -23 -61 -86 -7 -83 77 11 -51 87 -21 -19 
-8 -34 -82 -45 -91 -56 77 -30 -10 7 -17 74 -24 70 96 48 4 43 83 -8 53 6 100 16 8 -22 -71 77 -35 -51 35 21 39 -74 91 39 -73 86 37 -17 -7 -35 -64 -98 67 18 -6 -67 -84 84 0 -81 -19 -94 45 -93 5 17 -50 -1 52 90 -51 97 31 -8 99 -63 
5 -9 7 1 74 55 -5 88 21 -34 75 -54 67 -61 -5 80 -21 39 -4 -76 -84 -4 60 -83 -22 -8 60 -20 6 11 65 18 85 -11 -60 74 94 72 -1 19 37 -96 -15 -33 64 -46 30 59 -44 -34 63 -25 32 -80 -60 77 -17 -64 58 75 16 -57 -49 -14 -48 -20 -99 30 
69 54 -79 -21 -9 -2 -49 66 9 -35 16 89 -72 -47 98 -67 -40 -54 -35 75 13 -81 21 -59 84 17 -20 25 37 79 -48 -63 54 -70 -7 88 -7 -35 56 57 63 -83 -59 -20 -43 -3 91 90 -35 -30 57 62 -99 -43 -24 -47 -26 -97 -100 83 33 -65 -68 10 -90 62 23 -89 
-68 66 56 -39 36 -80 23 79 -69 6 -32 -90 99 78 -100 -87 -75 9 100 -43 -60 -81 97 -57 -41 -67 -33 -22 -8 -49 36 -42 -93 -42 49 -24 -15 -10 -2 59 -95 -45 42 -77 11 22 82 56 -8 -80 -12 64 -17 59 -96 -43 -93 64 -26 83 13 45 92 92 -38 0 30 -64 
-42 -70 -8 93 -84 -41 54 -62 22 9 -75 -33 -54 -55 -82 93 -14 41 10 -45 75 -18 -6 -8 -16 -44 81 78 96 -77 41 50 59 -46 -71 -30 -77 51 21 -92 -99 12 20 -13 -26 82 -69 -3 19 42 5 -28 23 -57 -33 54 89 86 45 50 32 -89 14 -26 -42 88 -76 25 
22 -65 87 75 -39 47 -67 -9 -37 80 -43 -55 5 -4 32 -6 42 58 96 49 -31 -1 -17 19 64 35 -91 2 16 -87 52 -80 -71 -95 -45 -5 -27 76 -36 29 -88 -65 -96 30 -32 76 -18 29 78 87 -11 42 0 67 26 83 -94 51 -59 54 15 56 -44 -51 -9 72 -51 -33 
35 18 95 34 10 -65 -52 -69 44 96 80 98 -90 -44 -2 -64 81 -100 -9 -12 72 -89 7 21 -56 96 -4 80 -38 -83 40 -25 61 -59 -83 -22 -59 -9 -19 16 54 93 -24 86 -89 9 42 -27 -39 58 71 -96 -94 30 -7 65 46 34 63 69 -85 -100 3 39 29 -89 67 -79 
29 -13 -86 80 -33 -27 -74 -66 36 -79 6 -22 -17 -57 89 81 54 5 98 -74 -88 -19 -1 -20 62 46 -50 -22 -3 74 31 -11 -47 51 89 85 64 -95 22 31 -51 64 52 -93 -40 -30 -62 21 65 8 -31 84 4 -58 -67 -36 -47 -70 -71 85 -24 36 10 -49 -60 -2 36 40 
78 61 -35 36 1 -74 85 49 70 82 -46 -47 52 82 -88 -34 53 -14 12 86 -46 -99 11 -87 -73 -61 57 -20 100 -49 53 63 -45 3 42 75 -91 87 83 -41 36 -29 -51 -48 -16 89 20 -26 98 7 -43 72 -7 98 -20 23 7 -67 -81 -99 19 21 72 -46 91 -12 39 46 
12 84 -49 14 25 -34 89 12 -33 -18 -41 57 54 -38 65 -41 19 49 -72 -61 93 -19 9 42 5 -26 -51 45 -84 -3 -94 -95 -27 -48 -89 -7 77 -37 89 79 75 -74 93 87 11 -83 25 6 3 -73 43 -31 56 19 21 -50 94 -41 44 -5 -70 -62 75 -76 50 -99 34 -74 
-49 73 -8 -86 66 -66 -49 50 -82 57 96 -96 45 -71 -59 87 64 -95 -13 -78 94 -34 -30 37 32 -15 4 -46 21 -100 -92 -23 -31 70 75 -5 44 -95 39 29 96 -54 86 9 -83 -92 -82 -33 -18 -85 -75 -94 -47 -4 36 4 33 -81 -59 28 29 18 90 86 -45 1 19 23 
-95 35 43 -46 35 -18 -54 66 -81 -13 25 49 -51 29 -82 -94 22 -34 56 -92 80 28 22 -31 77 12 95 -1 77 -55 34 28 93 -82 -21 -54 73 73 75 -45 -90 -75 14 34 59 -87 -2 -39 15 77 3 56 11 -55 59 -15 85 84 79 -37 -4 -64 -19 35 -83 35 35 -75 
10 -91 68 -11 16 -88 -34 28 9 46 53 27 36 54 -68 -94 -82 92 44 63 -35 -38 1 -4 -90 -16 96 -86 94 17 45 15 -4 -21 47 -31 59 -86 91 -37 -87 40 -9 -11 -96 13 -5 27 -62 -21 -74 2 52 21 -31 -18 52 65 73 13 -97 -50 82 -89 63 8 31 49 
3 49 -55 5 -70 50 -70 -80 -19 52 -79 34 -94 -7 -42 -92 37 -28 39 43 31 -49 42 -4 -41 -80 62 47 27 -49 25 -91 -64 18 84 -98 -57 88 39 21 -95 98 -55 82 -12 47 65 14 26 -16 81 -77 -10 -35 7 -11 0 -26 73 68 84 -39 13 35 9 -91 -19 12 
73 -31 4 59 29 0 -49 39 -30 68 -21 -90 47 -16 96 62 48 -78 -76 73 40 39 -84 9 -75 50 -36 58 -41 12 -24 -74 -18 -39 59 30 62 25 -90 64 87 50 64 -88 72 35 -89 -73 57 -2 -44 -77 47 -46 -30 80 53 -12 90 50 -47 -96 44 -31 16 70 -74 -13 
-87 -65 88 -85 -57 -8 78 -19 2 43 -26 33 95 36 95 -32 -27 57 71 50 -97 88 23 -69 50 44 -60 -61 36 -73 77 23 -53 -18 89 -89 -65 -99 -2 78 -45 38 14 21 27 22 -29 -25 72 -64 59 -2 77 -72 87 -73 41 41 23 -13 -19 16 3 25 83 33 79 -77 
63 -73 -22 -20 -27 -58 63 -23 54 -91 -58 -89 4 33 -3 100 32 19 48 47 9 -22 -59 26 82 -59 -94 97 -99 0 -61 23 -66 22 56 27 80 -95 -9 55 69 -42 -4 -9 -59 67 -93 41 -75 -8 -1 -99 -86 68 -39 -19 -49 -5 3 81 -88 66 -97 -91 -72 -82 -85 21 
-91 -69 -46 96 7 -33 -51 32 -39 56 -79 69 -27 -2 77 -47 -48 57 -50 75 -26 -80 90 14 20 -89 19 -9 -71 95 -73 20 39 18 -50 97 -89 -21 6 -44 21 59 -100 56 1 70 -80 98 27 -96 -97 46 -29 55 34 -21 85 -75 -6 -50 -69 55 -92 31 29 -10 88 25 
32 78 -93 -93 -53 69 -20 -31 -80 -57 -2 27 -89 28 -26 -91 18 91 61 -16 -89 -17 -72 55 64 87 54 -63 -17 -3 -79 -59 -60 -47 -49 100 92 -79 22 91 98 52 -63 31 67 12 -98 44 91 54 -19 -3 -83 -50 -89 8 84 50 89 -64 9 5 94 -98 33 -89 -57 88 
47 7 -8 -55 -7 18 71 76 -56 -20 -6 81 54 -55 57 -95 -29 -49 -78 1 -56 -19 -5 -42 -56 98 90 -12 45 -46 -78 -78 92 -100 -44 33 -9 -79 -69 20 -97 -10 -57 7 -63 20 -94 21 -27 71 -63 -61 -79 82 51 97 46 24 -43 -2 60 -98 65 21 -13 40 90 66 
6 71 67 60 58 88 -32 78 -49 9 -45 -75 7 -82 87 -64 25 74 55 14 79 9 -14 74 26 85 16 -21 -41 -71 6 10 80 -55 100 -39 92 82 75 -53 41 82 64 -46 -79 -32 79 -26 13 -62 57 -87 29 6 96 49 -39 -74 -45 -5 -78 -66 11 -21 46 92 14 -29 
98 -72 -54 -54 75 68 -86 -87 -61 71 17 -74 45 -25 -79 41 -35 67 -56 -34 -74 4 25 -69 48 52 63 96 46 -60 81 -83 -10 -10 5 88 76 99 20 -51 57 39 35 9 33 88 -94 -59 -30 48 90 -78 -16 43 -49 -54 21 26 63 84 -43 -72 -88 -70 -57 -48 -51 -32 
-56 -83 34 -61 -96 52 24 -63 -16 89 17 -44 -28 -14 -80 83 18 84 -69 -93 -8 -8 -50 -58 -27 -59 -47 -86 -57 10 65 45 -90 65 -55 -57 -51 33 28 -93 97 47 -25 69 -49 14 89 26 98 -4 9 -76 20 55 85 53 -56 13 -47 88 25 70 -42 -92 84 -32 19 21 
74 51 88 -7 33 -65 -34 -8 36 -6 71 -96 -52 59 68 22 -50 -98 73 10 -72 92 82 60 71 -33 24 -67 -21 -30 65 62 -17 92 -8 13 -40 -22 -98 -92 33 -65 -31 38 -82 -19 6 -80 -57 9 -65 -14 89 -91 60 96 -58 51 -33 -78 -96 -93 14 33 89 3 35 3 
-84 4 66 43 -2 87 98 -83 54 -97 -60 -86 -58 64 -22 -78 -89 -15 -5 11 75 29 27 79 54 25 67 83 -73 60 28 28 83 -63 7 -2 78 -88 9 100 12 -77 -65 -89 29 -59 86 -43 -80 12 32 -58 53 -64 97 24 23 40 99 -78 1 -48 19 38 -7 -44 84 -80 
58 -9 54 -43 88 64 61 -48 -29 -98 35 -27 57 84 56 68 56 -34 -9 42 37 47 85 -41 -92 -50 -81 -94 -4 -15 2 -29 77 44 78 -31 38 14 28 65 -31 -16 74 -14 -40 -35 -91 -61 -27 62 -28 -82 30 73 90 -100 -15 -72 -24 -19 54 -3 -100 -67 -61 -7 -91 -80 
54 -46 -3 -17 -15 69 71 -98 -41 37 11 -30 48 -13 62 59 64 -38 76 -34 0 -72 -85 -99 -58 -36 -20 79 -97 -50 32 88 -69 67 -23 55 -83 41 -20 -32 21 -7 -56 33 -12 -6 67 -2 -76 76 -35 -23 -99 -20 27 86 -10 -42 -68 14 65 -23 -13 -12 -44 18 -20 -35 
18 28 -25 85 3 65 91 -38 55 -22 88 41 70 -37 32 94 21 -45 17 83 21 94 10 -64 -84 80 29 59 23 -16 -19 -57 2 28 56 -32 20 91 -62 -79 74 79 -1 48 60 -1 43 -21 -68 83 -45 45 -74 -10 52 72 49 28 49 57 -84 -54 27 -52 -11 65 -40 26 
-43 -37 -19 67 62 -40 2 90 -31 41 83 -32 54 -54 36 -86 -98 11 -7 23 -66 8 3 37 -11 -19 -54 21 55 -13 67 25 56 29 93 34 89 52 53 63 -97 4 23 -88 24 -56 91 -23 10 -26 -19 -53 -3 -55 -41 94 -58 15 24 -23 -96 97 -63 -22 86 57 0 -81 
49 56 -82 18 -12 -37 -73 74 61 85 -92 -58 49 -57 -67 -3 -34 64 -1 -63 55 79 55 -87 -47 -41 -96 -30 49 18 17 -71 -83 -83 -99 37 61 -43 99 100 -5 -15 -42 73 -87 -12 41 -13 21 -82 -56 -11 -82 -22 77 -50 -62 -46 -95 8 -35 -74 -9 26 72 -31 43 -7 
30 -69 -82 44 35 12 -76 51 -100 -22 -27 27 60 -40 -25 -53 65 5 -63 -4 78 -87 -98 6 40 -57 3 47 37 79 49 -50 55 83 -28 73 7 25 -63 -52 57 -59 19 -72 -32 -79 -17 83 -95 28 69 -9 -86 76 5 93 68 -56 29 17 -43 -23 42 38 -72 89 66 -87 
38 13 22 22 -75 -44 87 80 -92 -58 63 -44 12 63 20 -76 69 2 72 -46 58 -50 -89 31 37 -11 33 -70 79 -13 36 34 -7 32 -13 22 -68 -32 39 -6 9 9 41 -99 5 -80 -68 -13 -97 -47 -74 -41 8 72 36 -70 -95 90 27 40 -16 -54 -56 -71 -78 -19 88 -81 
77 73 37 75 -27 41 91 -1 -15 -48 76 -69 -36 -84 -58 -45 -58 -95 22 -94 58 -35 -61 -30 -1 -67 19 74 5 39 -74 -52 50 37 -90 55 -11 -16 81 52 28 53 -66 87 33 55 92 53 -52 17 13 42 61 60 -47 -20 0 71 25 83 -98 81 -25 -78 -30 -64 -1 -50 
64 1 23 -42 17 -82 90 -77 -61 -43 -79 -61 84 -94 -59 27 -59 59 31 -39 34 41 -9 -48 17 -88 38 -41 90 19 71 -4 -54 75 83 -66 -12 -36 71 14 9 51 -62 11 -28 15 32 70 -11 20 25 -78 39 -17 -92 -6 -55 82 -66 82 17 -51 -6 40 -63 6 8 -19 
-36 47 -13 -46 4 22 16 57 -23 17 -69 -72 40 -59 36 -13 -21 -15 -15 -100 100 0 76 27 -32 71 -45 -90 35 73 18 12 -99 45 -69 34 54 -47 -78 -3 13 55 -63 36 73 22 70 -41 -16 -31 -74 -35 18 -97 -45 33 24 48 -72 -88 59 -18 43 -41 28 36 -26 3 
-21 -46 -39 -79 32 5 -9 -51 -10 9 0 83 12 -80 -29 -79 -3 72 -62 83 22 31 -76 -14 19 -12 -2 1 -7 3 67 97 54 -76 83 49 -99 -65 -30 92 -88 -58 21 -18 -30 -41 54 44 6 74 16 26 3 -2 -92 82 63 100 -6 17 54 68 43 -37 16 -51 -84 15 
-47 -100 -44 13 -47 -13 -95 -52 49 10 12 -36 26 88 -47 -47 44 23 98 72 18 -93 -20 63 28 7 27 -68 -88 -14 -86 46 24 -80 -8 -48 3 51 13 -100 74 -91 -15 1 -69 -9 55 60 44 15 -40 -88 -50 -53 -14 71 -15 53 -12 53 44 29 -26 57 -26 7 -37 -84 
-41 57 44 -10 15 -34 -93 56 -72 23 27 -48 -56 -18 -40 -54 82 -70 -18 -30 -3 73 56 -37 -66 56 -39 30 41 14 -21 3 -97 -10 43 37 66 55 -26 -31 -53 -34 50 -57 3 -17 57 -95 22 -35 0 -10 84 82 -20 80 -81 -77 27 31 66 -12 70 45 -27 -5 58 -93 
-72 -89 -79 -53 93 -45 -97 45 10 -18 -73 55 -94 100 -85 24 -35 82 -50 25 -2 -20 -37 90 -31 46 30 54 38 66 -61 -29 75 21 28 45 -63 6 -96 -100 -52 -49 71 -14 -5 41 88 30 8 41 11 -83 98 -25 -47 82 -58 53 91 -18 66 -82 -4 53 51 95 12 71 
-64 15 88 14 -57 32 69 -47 -68 -92 -23 -58 84 95 -64 -96 -87 44 -30 -85 81 -81 78 73 -4 -93 -3 -92 -81 -52 25 -100 27 81 58 -43 21 31 -71 8 -30 -87 -4 -80 -89 38 98 -47 -94 -61 -91 -28 -57 -38 100 -3 0 -57 25 52 -8 70 74 11 49 -1 32 96 
45 -66 -52 -29 94 -36 -94 57 18 90 -52 88 -25 84 -79 57 5 -77 26 -84 53 -70 -26 53 -5 -21 -60 66 -42 -17 100 74 -90 58 -65 66 -83 -48 50 -78 91 -4 45 89 -11 -84 -14 96 -27 50 -10 -64 84 -34 -43 85 34 42 -6 85 1 46 82 25 25 -96 -74 -72 
82 -35 55 -27 -68 59 83 -76 -61 -83 30 -53 55 1 37 -16 100 68 -51 -54 80 8 31 59 33 67 99 0 89 21 -2 -71 20 -68 55 -58 14 -48 -75 9 -91 -22 -68 10 -4 45 -56 30 -73 -3 -56 82 15 -78 23 -8 -92 -29 39 -1 66 -46 -26 26 24 -11 -37 45 
89 -85 98 93 57 -14 -65 -7 4 -8 -64 -20 -66 16 -5 71 97 -6 -15 -3 -43 -12 -7 -59 -43 53 33 28 -68 34 -88 13 44 -22 70 -88 16 -81 33 82 6 19 75 -40 -31 54 -76 -24 26 -53 6 19 -77 74 -18 88 56 -17 3 38 -29 47 57 4 -87 -82 -2 44 
69 53 -82 -80 -65 25 -66 85 -79 -64 -40 57 -57 33 -10 55 -42 -36 -52 35 11 76 -84 58 -45 -48 35 -69 -14 -99 21 -47 23 68 8 39 -48 -65 -81 -6 -87 82 -7 -18 -30 -92 -75 9 -32 -8 -48 28 77 42 48 -28 -97 -54 100 67 -32 -49 -92 98 -29 77 75 -61 
48 -70 -98 98 -46 -79 -85 -83 -16 -4 53 -59 10 -63 21 -10 -89 71 7 -55 65 14 95 69 93 51 2 -8 -50 -46 -87 89 77 23 -94 -74 -24 71 -24 -84 -15 47 -91 -52 -51 -66 -47 -85 64 -54 -27 -6 -6 68 66 85 38 -75 -74 3 34 84 57 -36 77 14 16 -14 
38 -70 15 -72 -50 84 -63 42 -32 66 87 -62 -33 98 -20 -23 -92 65 12 30 33 58 -62 21 -75 0 21 -98 65 48 -77 -67 1 -5 -29 -97 -76 -92 0 59 77 65 -41 11 14 -87 89 9 32 -46 -84 26 83 83 -67 -90 36 63 -82 6 75 92 11 -56 84 29 -35 84 
-95 80 20 -33 -24 57 -14 -47 -62 91 71 90 18 -41 -25 88 73 -82 -46 -16 -96 13 89 53 12 13 -42 48 -70 61 -48 24 -42 -90 -18 6 40 3 -12 17 28 56 22 10 -33 -83 97 -97 -3 -30 59 -40 65 17 -12 16 -40 88 -51 -80 11 -8 9 -43 27 -67 -3 69 
-27 -66 -24 23 47 -94 86 -28 -76 27 61 72 18 -73 -25 30 97 95 15 75 49 5 -56 34 41 18 -69 -62 81 -72 -68 -29 -93 41 39 -94 90 -12 -90 88 -38 46 -62 27 39 -74 -74 -71 -26 -70 -15 -49 -28 -4 -48 58 69 -26 74 80 -6 -61 -89 16 -79 100 45 -8 
93 87 -33 -16 -3 89 23 -77 73 65 -8 56 56 -31 41 79 -73 -34 -78 34 97 35 -10 19 29 82 -29 84 -15 61 87 -79 -21 49 52 -1 -49 -15 -72 62 -37 24 -10 94 -41 -3 14 98 -7 51 86 89 63 -59 28 26 39 95 93 -18 46 17 46 -36 -99 84 -14 29 
86 88 -59 -38 5 -3 41 33 -12 11 -28 34 -72 -28 -86 25 -43 34 -34 -56 74 45 -65 -37 80 -68 -4 81 -65 -20 -31 -92 -23 -21 42 100 -28 -73 -49 -50 -11 -39 15 -44 26 -33 -75 52 -51 9 -96 17 16 58 -47 49 84 -93 -66 67 11 -45 -74 -99 -21 39 -17 -35 
32 95 -59 83 -87 47 -40 -89 -30 23 11 38 -48 -63 57 54 -90 14 57 31 85 6 -58 52 90 -74 -60 77 -30 -34 84 -1 -70 -30 27 55 -96 22 76 94 49 32 65 -88 42 -100 34 30 77 71 -95 72 -55 -94 -24 -22 -10 8 -100 35 -21 39 29 -96 -92 12 -97 -33 
-54 13 100 -61 -15 -51 -81 35 -30 87 86 -78 -81 -62 57 82 -76 -73 -5 -15 -98 -64 81 -24 9 52 -58 -74 -64 -14 87 -31 -20 47 -92 -98 -38 73 50 -44 28 -86 -12 -20 13 -52 -66 -48 45 -72 -90 19 -43 -84 -30 -81 -20 -70 7 -41 -14 73 95 0 88 80 28 18 
-87 -72 -26 10 4 -93 -71 -63 -10 -86 5 61 -90 68 -79 -44 -77 40 -50 -90 80 -23 63 23 63 53 -2 -30 -5 2 -13 28 -34 74 -28 -65 98 52 -56 53 7 82 84 31 33 6 81 100 -30 95 -78 81 20 42 -3 -77 -68 77 10 56 -20 34 -93 57 99 11 61 38 
67 1 -95 45 55 38 86 16 60 -45 91 -19 -46 75 -82 49 7 17 -78 -79 -46 57 -64 -21 -33 97 1 -100 42 66 -29 -20 -10 14 -98 57 0 -57 -90 -14 -98 26 77 43 -29 -10 -25 19 80 27 -12 41 -90 -90 -28 -93 68 80 -55 9 6 -82 51 50 12 -58 -71 60 
-69 79 -71 -52 -21 77 50 80 81 84 -13 74 42 24 -22 -15 90 9 -92 -9 -97 30 -85 -12 95 -30 3 -74 47 2 19 91 68 16 96 52 48 -56 -63 -96 48 -67 -75 65 -33 80 -97 -7 22 82 31 -38 -18 42 -4 -64 -54 -58 -96 -41 -29 41 26 31 87 55 10 -61 
58 -56 10 18 -89 23 -18 -59 12 -53 70 -97 9 -17 -14 -73 7 12 51 -91 63 -35 19 -48 28 -10 -94 -86 62 -70 17 -62 41 48 -31 67 -41 -2 78 -11 -12 -99 -9 6 66 -45 29 -81 32 47 -32 -81 -86 63 -23 8 56 66 7 -24 -92 -68 -54 -69 74 -31 -59 96 
-63 -70 4 -52 -9 10 -63 -46 -51 10 1 -5 -48 -9 69 -96 -13 -44 10 -22 46 0 -62 37 -89 61 -9 79 22 -60 -26 -61 -82 81 -29 40 49 -17 19 -86 -47 -95 -20 38 51 -50 89 -59 95 79 47 -77 65 -22 65 -77 -13 -74 26 -31 -36 96 38 -40 47 -90 -6 75 
-79 -4 -45 76 -7 38 9 -39 68 -58 -28 -27 95 -43 13 30 5 48 -26 -79 -59 94 -80 74 48 -14 -9 -25 94 91 31 -76 -34 52 -62 93 44 33 -90 -86 -26 88 41 -69 -82 -1 48 86 60 -13 71 -77 -87 71 -16 -85 61 -92 86 78 -49 24 -89 23 58 6 72 -2 
-16 1 -90 89 84 27 -27 -75 96 48 22 -38 61 -3 41 98 -50 44 -92 -91 5 16 100 47 17 -3 -80 -81 -69 -68 -40 -58 -16 -8 -38 28 -93 84 8 -30 99 48 -81 10 4 54 -7 13 37 52 98 -37 -75 90 50 -38 32 -97 -32 -19 66 -35 -81 -1 0 59 31 35 
45 -49 -86 90 -15 25 -26 -51 -18 78 -22 -18 -4 52 33 86 -13 45 -12 39 8 -3 15 -69 -51 -87 -61 -98 -35 82 -89 -10 25 -76 -71 -96 8 -73 20 -12 8 69 74 54 -60 -55 41 -26 66 47 -25 78 95 -85 -65 45 88 -91 -25 5 39 -11 74 -40 80 -98 11 92 
19 -19 -9 -71 39 -37 -99 -24 -97 24 -17 100 81 58 35 -56 -41 -64 36 -23 -66 84 -74 -40 94 47 91 69 18 -7 70 35 43 -96 47 0 -56 -60 -84 70 -80 -69 57 72 99 -99 43 -56 -67 48 -93 1 -28 66 -48 22 -79 46 -72 57 86 -67 -51 90 -5 -61 82 75 
36 69 70 -43 -70 -50 14 53 -82 1 42 -62 36 -46 -58 -74 66 74 -73 -68 -30 -55 35 11 67 14 52 -51 -74 95 -26 26 70 90 94 -91 38 -97 89 0 -13 -62 44 -43 -38 53 -24 -76 11 62 -68 14 -99 -67 -11 29 -21 -31 -100 -30 -3 1 -39 10 26 100 19 -52 
-8 27 -47 10 41 -62 50 98 37 -68 44 99 -91 -80 -20 57 33 -25 86 -8 -86 68 -98 -62 -60 -27 52 82 -90 14 6 14 -76 58 72 -9 -71 -31 68 -27 -95 5 71 -11 -59 85 -22 -95 93 90 -7 95 56 -77 100 65 -47 53 -21 3 -76 -25 12 -59 -47 46 84 -68 
20 -79 45 -56 16 -44 68 -63 -46 -16 38 -4 -34 12 -51 -36 60 -93 62 56 16 37 19 65 -35 -92 -84 99 54 30 -60 4 -79 -45 -5 -45 -96 -29 -37 -65 13 -39 -48 40 -97 -18 68 -4 7 -24 80 21 -45 -53 16 15 -10 -96 94 37 83 39 71 -41 2 72 -56 48 
-31 -58 -7 -70 5 81 -74 54 16 18 88 27 63 -100 -5 -48 77 -14 21 -48 64 58 85 -53 -21 4 -53 -88 -29 -99 -36 33 36 93 -25 62 -38 98 -60 0 -12 18 -62 -27 13 16 -25 -9 -57 -19 -68 62 -34 81 15 92 -34 98 -75 -33 -96 74 35 90 31 82 45 -93 
-60 79 96 5 74 51 -54 8 -93 19 33 -81 65 16 -98 79 -10 -23 -79 -78 -74 32 -54 -29 33 -1 -62 -29 85 32 -86 -35 5 27 -98 98 -90 -35 0 -1 84 -11 87 -70 49 -1 93 -10 -11 86 -85 38 -15 40 -95 28 80 -68 -21 40 39 84 5 -13 -13 -93 53 -17 
-32 -5 -84 50 -15 -47 14 -60 5 -79 -48 13 -77 -68 6 -22 57 -39 -16 28 -48 47 45 6 93 -25 4 -48 37 32 -24 70 -85 34 -45 -20 -26 24 -96 60 -46 100 -11 15 -97 -92 -32 52 9 56 49 38 -8 -57 31 49 53 96 32 -54 1 -68 -56 -59 -79 -99 -54 -27 
82 -16 -9 65 -98 11 67 -97 -69 7 61 51 -15 82 -41 -39 -28 -82 69 91 -38 -91 95 -84 97 12 -7 36 -80 29 58 63 2 -50 -3 87 11 61 40 17 43 26 -8 100 46 -1 -45 57 -46 20 -88 49 -56 23 -58 -53 12 -23 -94 62 -81 -10 -27 35 -69 -32 50 -65 
-61 92 71 31 -12 41 -59 97 16 30 -62 76 -50 -44 21 50 -30 -51 18 12 47 33 10 24 -88 -49 73 64 39 -53 65 99 76 26 -64 61 -76 41 71 82 8 -97 -58 -91 -70 -5 -39 67 -8 -75 7 -21 -64 -70 79 -12 -59 15 -40 -84 -63 -70 -54 -20 -8 -45 7 84 
93 -20 93 -99 41 -44 92 -93 46 20 -48 9 -1 -16 -27 -90 -89 20 5 -46 60 -22 -99 -51 48 -57 -98 4 -2 51 -79 -37 -98 45 86 -1 93 58 53 -50 -54 -80 -21 -97 -57 64 59 9 -57 50 79 -33 52 94 55 -91 -4 32 -58 -32 5 35 -17 83 7 -63 -91 1 
-54 -94 -70 -2 -91 97 -5 20 82 -15 9 -44 -23 28 80 -12 -60 89 64 88 -44 84 -78 53 -61 15 -93 36 36 79 66 80 -32 42 35 -61 66 -10 1 27 -11 63 -85 -99 -58 30 34 2 -89 93 -4 23 -11 86 24 33 -71 -76 -68 -72 -92 -34 -84 -38 -15 -81 70 -79 
91 -19 8 12 -2 -24 31 39 61 66 78 87 76 66 -57 59 -84 -92 46 -98 32 93 79 33 -81 -34 -8 -85 -68 24 26 29 -19 71 24 68 -54 89 -41 92 -24 -8 88 68 -9 38 -95 -99 90 -58 -87 44 -22 -97 87 7 98 -53 -41 -73 13 76 46 88 -90 13 87 -52 
-97 16 -89 26 33 -63 -31 85 82 -46 -98 79 -52 95 -44 -89 -81 93 39 -86 -71 -94 -77 -86 -78 -71 -96 -28 -89 -4 51 40 -39 -60 86 28 80 74 9 -57 6 -27 -35 -97 -74 -7 -96 -93 36 -18 -35 10 22 86 -47 73 -68 21 -54 43 -61 -28 38 -2 -51 -60 19 -89 
-37 94 -61 -24 -18 -21 49 -66 -65 -42 -96 -18 47 52 85 -78 -29 -72 -23 61 -4 57 2 29 -35 -26 -11 13 -35 47 -91 -20 -47 -10 -37 -53 -43 -9 -70 -5 -89 -79 -96 16 -64 -48 -26 61 -34 -24 -46 -25 -46 -55 3 44 -6 98 -84 -29 -72 25 -43 28 64 -7 46 60 
-17 -14 -26 84 81 -80 47 -72 73 99 -19 -87 55 -42 -75 -54 -28 74 -71 98 19 56 -27 -93 50 33 -66 47 93 4 -44 100 38 73 40 51 -16 82 97 -79 -47 -91 -40 -35 98 23 31 96 69 -72 -47 -10 95 -41 17 -91 -22 -100 -34 13 -86 87 89 50 58 30 100 -88 
-16 -14 -79 -52 -14 -25 5 -33 74 52 -94 -47 -68 9 -34 -98 -49 65 90 -5 -46 -7 -10 -62 -61 10 77 81 -46 91 99 78 16 -22 -97 14 -1 26 96 65 -20 28 -44 28 28 -60 -46 -31 30 -2 41 -47 -50 88 36 -2 -70 -1 88 3 -49 -8 -67 15 77 89 -42 7 
-11 -27 53 -61 -8 82 -56 -42 -64 70 -95 97 -2 97 22 11 12 -66 23 -32 32 -22 13 15 4 -26 64 -12 20 -31 -74 -38 -9 0 54 3 98 90 13 99 43 68 15 -86 -54 76 67 -46 37 91 -65 51 -93 -66 30 98 88 -5 98 73 -34 -13 -13 -58 -5 82 53 97 
7 -50 -19 -56 -98 64 72 75 -38 20 -99 84 10 -75 -42 -99 88 66 -26 61 -80 88 -96 -5 -14 73 84 72 -23 53 -35 -90 -12 65 -96 91 49 88 -6 -74 85 87 -15 -84 -34 -94 100 91 25 -6 72 85 -51 -10 58 -93 -52 88 18 -79 -68 99 -49 95 14 50 -73 -22 
95 -13 95 48 -11 99 -73 77 17 -92 18 77 74 -68 -19 14 -20 -83 59 20 -77 -12 -30 -48 -78 50 -26 -54 48 -58 -64 -75 67 -87 51 -49 -6 86 -53 87 54 94 84 -43 56 -2 57 -2 12 -47 25 -10 -23 67 -24 -84 18 51 -51 -15 -14 -3 67 47 -72 -75 -54 -62 
-92 -77 44 -13 64 77 4 -70 64 81 62 76 -31 -69 23 4 -96 83 30 -49 15 79 -34 -94 -62 -24 3 -43 -55 55 -81 -16 -54 73 74 16 71 -46 -25 43 98 -76 1 24 43 -57 -39 -85 54 19 54 -7 89 35 -90 75 -84 25 31 -41 85 -39 91 -76 31 -45 30 -88 
-6 67 -54 -13 -62 -5 65 31 -83 -64 82 40 45 -11 85 -62 -75 92 -99 41 12 92 92 78 -95 80 -63 -81 -31 95 -20 -69 -76 -69 -30 42 9 67 32 92 18 -74 53 -63 24 -94 -24 58 -56 -90 29 53 77 -13 81 11 87 -44 49 11 12 -68 59 -21 -25 -97 58 -86 
-88 54 35 37 39 12 -31 -84 -81 14 79 21 -13 9 13 36 100 38 99 -60 -3 97 -12 74 91 62 -87 66 50 -89 67 63 16 96 94 18 92 -97 47 19 -70 -27 -27 -29 -91 62 -43 24 82 26 53 -94 -6 -69 -28 -50 -70 91 10 28 24 19 -95 -62 -87 -1 -52 84 
89 98 -19 23 -37 62 -61 57 33 89 72 5 58 71 -95 37 75 52 -38 -77 -3 -33 -7 -41 -89 52 -38 -56 -75 -18 20 16 -12 -34 -54 -12 -52 -71 73 19 1 -25 100 -85 -30 -98 21 50 2 70 80 85 -28 41 49 -77 35 -27 97 21 -19 -80 14 53 -67 97 5 -39 
-32 -83 94 -17 -54 49 56 52 -68 81 -82 -52 -19 -17 73 40 -47 79 -22 15 76 -45 69 95 48 -55 -91 -30 49 -3 69 20 7 -64 99 -96 60 69 18 83 -50 91 -86 -53 61 -72 61 -2 87 -30 -79 -39 87 0 -30 51 24 100 -16 -48 31 -58 -92 84 5 -53 53 -34 
-75 70 89 81 -69 98 -27 -5 40 35 -14 -94 -72 -11 -11 -31 -15 -30 -58 -67 93 46 -77 72 45 -4 -78 65 47 64 -17 42 -51 -9 48 40 51 -72 -98 -33 97 -87 -14 -74 91 42 -45 -47 -50 -97 6 98 -10 21 -23 -45 -28 -79 48 -72 -2 3 5 49 11 39 -62 33 
10 -100 -1 12 -31 -54 -80 86 0 -75 -59 27 -96 -54 69 7 20 56 -62 14 54 64 -13 50 -76 5 98 -79 -91 37 30 94 -6 -12 93 -33 63 -34 82 40 -94 -32 27 -40 58 -79 -53 -23 51 -63 70 -96 42 -28 25 -23 -33 -49 -27 24 76 73 -23 32 24 89 -56 -72 
-46 -13 48 -48 52 80 -57 -43 -27 -45 69 -42 -1 -67 -36 -95 45 -3 -89 -9 -12 5 87 84 81 -84 51 44 -82 -91 -14 34 -69 65 -30 80 37 92 43 -52 -3 54 84 -74 -3 -40 -9 29 -69 78 -23 -28 84 52 37 -37 20 -5 58 -14 -13 73 -80 -40 24 -82 -37 -64 
49 -5 -93 -48 -29 -27 10 57 96 -36 28 -9 29 49 -24 15 61 -47 70 -46 33 39 98 99 -18 -14 -97 80 17 -19 -33 -44 79 -72 78 -47 51 99 42 1 100 0 -64 -77 76 -60 -43 97 84 9 62 10 46 79 97 56 46 22 1 -78 -41 59 70 84 16 63 -26 -2 
-48 -28 -67 3 -49 63 -87 88 74 -51 61 96 37 83 -93 46 -88 -84 -72 47 7 76 -85 -88 -98 -36 -52 -32 74 76 83 -42 14 -40 100 -79 77 26 44 87 -58 3 45 16 50 -20 95 35 -78 -100 73 -9 19 73 90 96 41 17 21 -73 86 -61 -56 -42 33 -15 -5 32 
44 83 71 30 75 41 84 -97 -4 -7 25 -83 -100 -81 -51 -56 -96 -38 -62 54 -24 69 20 27 94 82 49 81 -37 1 5 93 29 88 -23 82 -11 42 -44 -70 -50 -2 74 56 -67 -45 -8 22 -58 5 46 -44 80 -66 24 -83 2 71 32 -29 97 -32 -84 -13 96 -98 -20 -68 
44 22 -55 -37 22 -78 -100 1 -18 52 57 -80 -46 94 -54 36 -12 -41 -41 -55 -27 23 87 -20 -55 79 -95 -19 -66 48 30 -55 -16 19 79 -52 -58 6 94 63 73 41 -93 62 35 -71 -26 -26 45 39 63 -83 40 -71 -82 55 -86 -63 -53 -95 57 7 -14 15 -38 -42 89 -17 
-63 -58 -83 -15 -73 37 -5 32 -8 69 91 -6 -84 -28 -35 -60 62 6 70 17 24 80 98 56 60 28 84 72 -65 -1 -44 9 -9 5 -7 19 13 -58 58 -68 19 34 -20 -82 66 -32 -20 -36 -60 16 83 35 20 -88 -4 -35 40 -58 38 32 -13 -44 -27 85 -45 10 -20 66 
-9 66 -29 -7 -76 -8 -18 -65 -7 -11 20 97 -63 -33 -14 -64 90 23 86 -58 -73 17 83 52 -68 -28 -55 29 -4 62 96 -41 -21 -55 -86 -10 8 47 82 78 -63 -5 -35 -67 -49 72 77 71 56 -76 -35 -60 24 32 -2 74 33 93 -94 5 85 85 -67 -89 15 -96 -63 -85 
36 47 -59 -38 -6 75 13 94 -16 -55 -41 52 36 -31 99 -66 53 40 -76 28 8 52 31 -93 82 36 17 -38 -64 -56 44 -79 -43 -90 90 -59 -58 -74 70 -21 35 -96 -14 -94 -76 36 -94 80 71 1 11 -73 3 -87 -55 -43 6 -94 -94 82 3 -77 -22 -49 28 19 54 -88 
94 78 33 42 -26 -88 -81 52 -59 52 -26 29 38 96 -45 61 -50 70 -97 41 5 -92 -62 -21 96 -73 29 0 -77 68 -54 -6 89 54 -33 -28 -11 -27 -72 -22 57 23 -67 85 49 -83 28 -55 -58 95 -49 -97 -45 38 -85 67 -100 26 -76 -88 -44 43 44 59 29 38 63 41 
-76 -82 -44 -88 73 63 8 10 -72 -53 33 8 40 99 -48 -99 68 34 -15 -73 74 16 -92 -95 -62 -43 27 -75 -49 -25 -8 -85 80 -5 -66 35 93 -79 47 63 27 -6 -94 36 -50 -93 15 91 -81 -87 69 -62 -11 -98 -90 39 40 -94 57 -80 -70 19 47 36 8 98 62 77 
91 59 7 5 -61 -16 -97 63 -62 23 16 -15 -4 48 22 46 -80 -80 -74 -49 49 -17 -92 -57 -14 26 79 -94 80 2 78 74 -29 81 78 -20 23 -98 -35 59 -97 -88 -11 -50 1 -87 -49 -94 -2 -63 -89 -57 -74 19 55 45 -91 -62 14 -51 -21 -12 4 44 -74 -35 -39 -47 
85 -9 -14 -86 97 85 -51 12 84 -10 12 14 60 4 -65 -16 -39 -21 44 -86 49 69 -79 26 -69 -31 -72 -19 -15 90 -14 89 19 -51 -51 33 96 -5 38 56 -14 -66 61 0 21 -68 84 -42 73 38 79 -12 12 -30 64 -82 11 11 57 -32 65 -88 -21 29 -28 -18 22 58 
-25 -68 3 42 -55 -10 -63 29 -12 -83 83 37 7 52 -49 52 -72 -96 -59 81 -84 3 8 0 -49 -97 -75 8 42 -85 62 -88 -15 -66 -54 -98 31 34 57 -50 -52 44 69 46 90 -83 -84 -28 -17 -43 21 -3 -54 -30 -66 82 -55 -81 30 32 17 97 88 -24 22 -10 64 -90 
-71 61 -74 4 -9 -65 34 -3 15 77 22 25 -52 -62 67 -37 -69 91 -83 -9 85 92 22 -26 99 -87 60 -80 -92 17 91 -64 -39 -63 -76 -62 -34 80 61 -24 -56 -93 -63 -55 49 36 94 -81 -38 3 3 13 23 -54 -44 -54 -43 57 22 -18 -33 -71 55 15 -100 65 -46 -31 
-32 -38 -69 39 46 10 30 -71 71 9 -69 18 38 -36 16 -24 46 95 -90 45 30 94 7 -3 -96 26 -77 -93 29 -52 4 10 -41 -89 37 -36 -69 -23 40 8 -49 22 4 28 -4 53 95 33 39 -44 -64 -98 42 37 56 71 -69 -32 -93 -28 -68 -72 -55 -9 21 -47 -1 68 
-4 14 61 69 -81 34 26 30 69 -78 -75 -24 -58 44 -10 -22 -73 -74 -58 9 -98 85 71 -71 -12 -73 -75 99 -64 -7 100 20 51 -61 59 -48 57 62 -33 -91 -21 100 86 -46 -42 -56 79 3 23 52 -32 87 91 -86 -66 -65 53 -14 -52 -46 7 89 -30 76 5 -11 -96 -52 
68 -85 72 17 96 -24 -12 24 -5 -4 35 10 57 -58 13 24 73 -83 -57 2 -73 -62 10 63 -95 -47 35 60 -49 47 -12 13 68 44 54 49 42 55 -62 -2 67 74 -94 -31 66 46 -53 4 -90 37 -77 -77 23 19 -88 3 -99 65 -29 61 -17 29 -96 34 -71 9 -52 87 
-90 40 -61 36 -79 -78 72 -43 1 -72 15 -6 -13 -79 -94 -1 -83 -1 87 85 -21 -13 22 33 85 97 -36 -74 51 73 -10 -54 77 18 -43 -30 -16 -18 -28 89 -30 -44 62 -87 39 44 -10 65 -97 19 -61 48 76 54 -30 -42 42 -75 26 18 -26 3 39 58 -77 0 -8 92 
24 25 22 22 11 0 99 53 45 97 67 -34 74 94 14 83 72 71 20 -41 -24 -53 -90 65 -20 -45 93 37 -89 46 -47 -48 -66 -14 29 84 -47 -19 -50 -16 -91 18 -8 -53 5 -89 -70 -67 -16 -32 91 -18 -48 -51 -70 -93 -9 -87 -12 -6 -85 42 38 -15 -5 48 0 66 
-32 -26 -60 -21 -42 -1 -33 -72 -75 59 -27 -68 26 33 61 76 4 -50 100 16 38 -44 0 -65 -1 82 23 -100 35 -84 -95 90 46 -36 -81 -79 16 -25 10 94 36 90 -81 66 -84 -14 83 87 -53 30 67 -88 -66 -60 -81 49 60 83 4 -69 -63 15 -72 45 17 58 -31 16 
7 -6 -3 -79 55 -83 -35 61 -55 91 96 5 -9 89 -28 -12 -71 -48 -72 -65 16 55 -57 17 -8 -98 14 95 1 -60 8 -99 -63 -77 88 83 23 8 -8 63 61 1 9 80 52 58 -74 56 58 -18 16 -78 -96 73 -23 36 -62 24 -33 -44 100 52 -87 7 95 -21 67 19 
88 37 -74 36 37 -2 -25 -75 10 39 21 -24 64 -88 -72 25 79 82 -78 21 -89 25 -4 44 14 94 -42 11 -66 -53 -18 -54 -13 0 -11 -49 -19 -82 -54 56 -84 47 -97 44 32 -77 -33 34 -34 63 -9 80 68 53 -1 95 9 65 4 -5 -72 -28 38 37 13 43 -98 38 
70 -43 17 -40 -49 -69 89 -18 41 81 16 -91 69 -62 16 42 -25 77 2 2 -45 76 57 1 -94 -5 -64 -76 -15 93 63 -60 -42 27 -57 94 69 -97 78 97 65 72 23 50 -15 -74 21 -85 78 81 -15 -70 -43 91 -8 -69 -46 3 26 42 -54 -50 90 76 -5 -63 57 -72 
6 86 75 -47 -42 81 -44 58 -33 92 -90 -80 23 -58 -32 38 -31 -5 80 54 -43 80 50 80 66 -56 41 -100 87 27 -3 7 72 19 1 -56 34 -83 65 88 -2 96 -53 -23 71 -81 27 87 99 98 84 0 5 -29 2 26 71 -1 -65 -71 -21 -33 -52 6 -96 51 59 39 
74 -75 15 -4 -92 42 60 -75 4 85 68 57 -18 -44 -41 13 30 46 26 -21 32 96 -35 -44 -59 72 88 14 53 16 100 -70 34 51 -68 -36 -84 -33 77 -1 82 11 -58 -57 70 31 79 -52 68 -26 26 92 -19 -35 -50 94 1 -73 85 2 77 61 -67 50 83 -60 71 76 
-54 32 44 29 -14 1 64 12 69 -29 -98 70 -53 -50 22 36 -26 -78 -15 -58 -98 73 -75 23 -18 -43 -7 -63 -15 93 -74 73 -25 60 -24 -49 -34 -71 -92 41 44 75 78 -58 -98 -13 -31 -48 97 -28 -15 -54 -46 12 -25 47 65 -98 99 -68 -38 -49 -59 53 70 66 -18 -2 
28 -74 -18 64 40 81 -17 -75 18 48 64 15 -42 14 -88 22 -53 67 67 -77 -17 23 18 -38 58 -10 55 13 -15 43 75 -65 -40 59 -90 -96 -54 84 -99 -31 86 -93 -81 -12 81 69 -33 69 -29 57 38 38 6 -3 -25 -91 -80 -62 74 21 -46 -64 63 94 -33 71 46 11 
-61 86 -60 50 58 97 -72 46 -71 -98 44 14 -2 -9 -18 -61 -68 46 -32 18 -98 67 -41 -63 54 23 -80 91 -11 18 -95 80 -74 -33 74 65 5 -81 91 78 29 -28 -44 -19 -43 -32 7 -91 27 88 -28 83 -85 42 -64 68 -50 -23 -13 -8 -32 -99 17 -18 -1 95 -11 15 
-31 71 82 -90 -19 66 -61 -58 39 84 98 -45 -8 60 -99 -67 52 100 45 8 70 96 4 -80 -43 -40 -48 77 2 -3 6 98 75 -90 38 -75 64 22 53 97 82 72 98 -50 -55 2 71 42 -23 41 -10 85 -45 -89 21 5 -70 -52 -91 85 -40 32 94 35 33 -58 -19 78 
-69 35 72 86 -60 79 -61 90 42 12 0 -72 74 -59 -28 -81 -7 58 -54 -80 -70 30 -53 -67 -89 -84 -87 -85 8 58 2 -84 -54 95 28 28 -12 -22 -12 -54 42 -87 74 43 -93 37 -39 0 33 26 63 23 -85 62 56 76 10 -46 -42 -81 -32 20 -55 -89 -37 14 -17 -53 
48 -72 -3 44 82 -14 -51 43 100 69 -35 -74 16 81 43 -22 -2 31 30 -19 77 71 -75 -43 7 -76 48 -26 47 83 60 15 -88 54 11 -72 -63 -76 -90 -53 23 9 -73 -40 7 -47 73 22 81 95 -9 -62 -76 93 -76 -8 48 99 78 -12 33 69 -100 -63 86 82 96 57 
-11 -60 29 84 -50 40 80 -4 -71 3 28 80 34 12 -56 38 30 46 22 -75 -38 -81 -21 35 -68 37 34 10 -81 -99 6 86 87 -42 13 19 28 22 -83 -61 -44 -40 -37 17 26 37 99 -30 27 89 81 -32 -69 79 -38 -24 -19 72 72 64 -82 -25 34 75 49 -49 -83 28 
-6 -43 36 10 -94 76 -6 83 32 -94 15 47 4 18 -28 -80 64 -85 -92 -16 -35 16 10 28 43 18 -7 90 -17 15 -56 94 38 100 79 -54 -66 -39 3 51 58 -77 69 39 12 59 -8 -57 -92 -58 -37 -22 -87 13 -90 -11 -22 39 34 29 -70 -67 1 -2 94 54 61 87 
-56 -20 29 -51 -8 48 41 -10 87 24 44 87 -24 -12 44 5 6 -91 44 -92 -52 -5 -3 -16 -22 88 -2 48 23 68 97 -95 36 34 36 29 -37 87 20 47 26 13 -68 -46 -98 44 -59 -17 43 72 -98 46 3 -91 96 35 50 -45 57 89 88 31 -53 67 -25 -1 -36 -11 
-69 31 92 61 82 -70 19 79 -75 -40 -17 87 -6 9 30 87 -52 -1 91 82 62 95 -93 -6 -42 -53 86 -55 47 3 59 73 -61 43 30 -90 -88 89 37 -62 44 12 35 -61 -5 2 25 22 -58 -34 31 46 -82 80 43 -88 -32 72 71 -95 -17 7 -15 -75 -58 -100 78 46 
90 -69 26 -74 -49 9 75 3 80 3 -51 -14 41 54 -47 78 -97 -83 16 -24 93 71 90 99 33 81 13 -18 98 27 -18 -51 -76 47 -37 -34 97 -84 98 79 -83 -20 -23 -2 -38 -36 40 -80 -24 63 96 -38 -17 1 -31 -72 37 -79 -49 -94 33 44 19 -77 94 44 -20 -75 
-84 -61 -59 94 -80 -17 -67 12 -4 40 84 -72 -42 14 -41 35 -77 5 -57 68 62 27 -12 -35 25 -6 73 41 41 -74 -37 -18 -97 96 -98 -90 16 -89 -20 9 -20 99 16 -95 73 -87 100 73 -9 25 -58 -93 -68 11 -64 -1 -91 99 45 -26 -33 75 -6 -17 -66 -32 -38 15 
42 -48 -7 67 75 -48 34 34 -67 77 66 -16 39 -10 47 2 23 -84 89 -19 50 82 34 -15 4 73 76 59 -6 -7 -40 -22 44 -42 -69 6 2 -38 -47 -20 71 71 -35 -42 84 -84 53 -8 1 29 72 -23 36 73 36 -52 -70 49 -6 79 55 71 -27 0 60 61 3 -28 
-12 80 -1 -10 -28 -79 11 -2 -82 85 -43 -17 21 75 15 86 -11 -62 14 -69 -88 12 -80 13 0 -33 94 -26 -100 19 71 -9 69 30 24 -39 53 84 17 -98 -78 -24 -51 0 -70 -8 11 -17 -48 -23 45 7 88 47 -3 37 12 -11 20 84 -34 -56 -45 -92 -12 -69 -28 2 
43 -27 43 14 -48 86 -67 33 -30 -34 2 -49 36 10 -75 74 -20 5 -89 -65 40 -50 83 -80 58 79 -29 -42 -25 -50 -89 -28 1 69 -56 23 83 49 -55 80 -7 90 -51 -99 48 -79 19 13 -43 -41 8 10 -8 5 91 -14 -22 -21 -78 11 -93 -5 64 59 -3 -74 63 92 
19 -6 54 21 -85 -98 -23 -59 -74 97 -49 -2 -91 -51 35 -71 59 -71 -86 62 -22 -82 -76 -49 97 -51 -41 -74 -74 63 22 -69 -86 5 13 82 95 40 -41 36 -91 68 95 -7 -19 -54 -74 -19 -98 20 -11 65 -9 44 33 84 -79 39 81 -33 -65 -43 -28 -5 69 -90 -11 -55 
47 15 -27 3 11 56 -86 2 21 53 -69 20 87 -14 50 -31 13 -13 -45 -23 -25 -56 -16 66 -23 55 33 -25 -36 -66 -58 -63 -73 18 -58 -37 75 7 -58 10 35 22 61 -31 -87 59 40 70 -88 -99 12 -77 15 90 -84 60 -12 9 -67 -76 89 -22 -62 71 -49 35 59 -31 
