78 96 -67 21 15 -44 -19 84 3 -16 -71 -21 -30 -25 80 86 -59 40 9 -46 -24 76 21 -94 -39 -54 -67 -57 92 23 6 72 55 -99 -31 -93 -15 32 99 61 29 -2 -85 -43 -75 -33 30 66 -41 -79 -63 1 -76 -50 60 39 31 39 80 67 30 40 71 55 -4 83 -42 -59 -10 42 88 2 17 -15 96 -70 -43 -20 39 19 -63 94 58 -93 88 -82 9 29 78 -15 89 67 72 -75 -67 -83 -39 -7 60 26 -8 -62 -11 -14 -35 -2 -44 100 94 -23 -76 -75 -82 77 -63 
-71 13 -37 -84 87 -28 -56 -86 -39 100 30 -52 -24 -64 81 24 40 78 0 -7 -81 -52 -40 93 40 -99 -30 -97 30 -86 -13 -91 -88 -66 86 85 -74 -26 -14 -81 21 -79 -47 40 26 -72 -37 -29 -78 72 1 -31 -27 97 97 -9 51 97 2 11 -71 52 70 -29 8 22 -63 22 1 28 77 -76 18 -31 -4 -37 21 -89 -75 61 71 -65 -39 -100 -30 -14 79 82 64 -85 -75 39 83 92 -52 -6 -82 58 0 89 -93 -7 -13 -15 -85 -67 -37 -88 -83 89 28 13 -16 -81 53 
88 28 94 -97 -25 -2 -15 38 -7 15 -88 69 92 32 -99 29 42 60 88 51 -27 -2 -13 97 98 98 -59 41 -39 53 8 -8 -94 9 -90 86 61 44 51 -86 -36 1 -37 8 -10 -62 37 -6 81 30 -80 -56 27 46 56 8 -95 -91 -100 37 14 6 -41 -9 79 -42 69 -67 50 24 -6 -52 18 86 -61 79 64 -49 -97 -50 -68 -56 30 -82 61 6 -31 36 81 32 17 -91 54 -42 -1 -64 47 -32 34 -11 -26 87 73 81 52 -68 -38 -2 -32 41 -42 -15 -54 61 -84 
97 -55 8 58 -93 3 68 91 -98 -71 -54 50 33 77 74 -52 99 -68 89 42 55 -89 -82 1 -2 43 -19 29 5 75 100 -68 34 89 -31 -8 79 74 -11 -54 -94 50 -21 65 -73 -57 69 5 -47 -11 -7 -55 -9 38 -98 -15 10 4 -36 93 -42 63 -56 -39 -62 44 -4 -99 -81 48 83 28 -65 -84 -69 5 34 -44 -90 11 -41 73 -82 -2 -5 -36 -63 -93 33 15 16 -58 -72 25 -90 -95 -57 -27 32 -50 86 32 92 -59 47 -2 -11 12 9 71 45 -18 16 -19 -98 
-22 -56 -5 -96 31 -26 94 39 89 -76 -21 78 -33 10 29 43 82 -69 -74 -53 53 -96 -34 41 -71 -88 77 -86 -64 94 75 -40 -37 40 37 49 -26 33 95 55 -9 93 74 38 -18 72 40 -43 76 -41 -24 -90 40 -11 -50 -20 -35 21 -65 40 -42 4 -12 -91 -67 100 -86 -19 55 95 37 -28 29 -25 -89 -91 -2 1 76 -63 26 13 72 -51 -88 94 -40 -59 62 -61 -62 -13 69 -76 -76 95 8 18 -72 -66 -41 29 -7 -49 -54 30 24 -83 14 35 -90 54 71 -100 -85 
-83 17 15 40 -93 42 45 -37 2 9 -78 68 27 -48 58 -42 34 -73 -4 86 -2 47 12 -4 40 -49 -41 59 48 -94 -24 -75 -20 -29 36 -79 41 -69 46 54 40 -61 -34 -67 16 -25 -36 53 -31 -95 95 -9 60 -52 -91 77 20 94 -93 69 -53 -2 -69 -96 93 80 55 75 -5 -8 15 -100 -98 -5 2 -74 -75 -13 -89 65 37 15 38 98 -13 -97 85 57 -58 -42 19 89 -41 -82 -43 62 -93 -74 -52 95 -2 -17 -13 -65 73 56 18 -2 69 0 71 -21 34 47 -93 
29 -43 -82 -67 -75 77 30 -46 -70 81 41 -28 38 -95 -41 -12 93 58 -1 87 83 61 81 -42 -46 -73 -3 -93 25 -34 65 39 60 16 -65 -63 89 -10 39 -14 18 -77 -90 -47 80 100 -15 -63 -72 53 -91 17 33 48 -2 -60 -36 -94 -17 56 90 60 -18 35 -41 -79 32 93 -27 16 -63 77 -74 15 -82 -5 -72 52 73 52 -70 -18 -4 -74 7 86 -33 16 75 68 61 -32 -86 92 57 -38 19 11 58 76 96 1 27 -55 -44 68 96 -28 -50 -24 6 12 75 62 91 
36 52 -5 -64 -20 -88 -49 87 43 42 -83 -47 -25 9 22 -44 87 5 8 88 -31 -100 6 -28 75 84 100 48 60 45 -27 -57 3 77 27 -17 -10 -92 -35 -51 80 -8 76 -81 -84 -24 88 27 86 52 42 -49 69 -5 27 53 -1 -20 -41 57 14 -50 5 9 -64 -32 -88 47 -88 99 -26 84 54 -2 82 41 11 59 76 51 -49 -76 -17 28 87 -84 73 -46 -38 -96 57 -92 -61 68 8 13 1 -51 -14 -10 -60 -53 53 -96 -14 61 -2 -99 -83 48 66 77 79 65 48 
32 -10 -47 73 -39 22 -11 -2 27 -48 8 -60 -31 74 13 -60 6 43 -92 -65 75 -88 -82 52 -76 82 -25 -87 -80 58 51 0 56 28 -66 -99 -10 18 -61 96 68 73 -53 -38 45 -60 -48 -49 -47 -25 44 -19 43 -43 -61 26 66 8 33 95 -41 88 -44 -53 -59 -51 27 -33 82 72 96 -2 8 -89 -74 89 76 -8 68 95 89 -24 83 -13 69 -39 -85 39 98 12 -28 57 -49 -84 83 84 59 34 40 99 -9 -95 2 -61 -57 -89 -75 86 11 -88 63 29 -28 76 54 
71 -87 -96 -4 -41 86 53 -5 84 99 -22 -42 12 74 37 -97 25 62 -28 -30 14 38 -86 -97 68 84 16 26 13 -23 -57 -9 -61 -29 42 -86 7 55 -48 -85 -35 -65 44 -29 76 21 -62 95 -96 93 1 9 14 -20 -7 -40 -49 41 26 45 100 -31 -64 61 88 -84 75 100 -16 -91 -71 -89 -100 58 26 -86 -43 28 -39 44 -63 -6 -44 97 -94 1 48 -31 -4 -44 -46 -41 -91 38 99 79 84 88 -10 -62 -58 -17 87 -46 -65 -74 46 10 -6 34 -8 93 83 41 -37 
69 -90 -17 25 -27 -38 10 -83 0 32 -49 56 89 -24 -59 -9 75 -63 -10 98 -74 88 -31 -98 51 10 8 73 72 -91 46 -59 47 -84 47 -97 11 54 34 62 6 52 59 -88 75 -9 92 -65 -51 16 -81 -97 11 20 98 62 -23 -92 75 93 86 -45 -46 -37 90 -89 -33 -14 51 -80 93 20 88 -91 74 -53 -54 5 65 -81 80 37 -31 -84 75 31 -71 -19 55 90 77 54 72 -90 94 -34 -78 -61 -30 82 -95 10 -84 24 14 -13 -3 100 -95 -44 0 -79 -6 77 -27 
-80 -73 -43 -82 -30 -48 74 99 -69 -89 -86 -57 -64 51 26 -35 -23 -90 62 27 3 47 21 74 -33 28 78 -93 -61 -63 -29 79 -63 12 44 -50 38 67 51 -69 16 12 -68 24 99 2 -25 50 55 -29 12 12 41 98 -5 -8 -60 82 21 -82 37 -67 93 -95 -68 83 13 88 58 41 -67 92 46 97 88 -62 84 36 42 54 -1 35 96 93 65 87 61 62 97 18 -98 -44 -18 -17 5 -93 97 -40 18 30 88 39 89 -65 68 17 22 -54 43 55 -71 -94 -5 -24 40 
-8 -64 -87 40 -60 -73 -13 45 -61 2 8 -87 -26 11 71 -65 -68 1 8 -75 -20 -4 64 20 -66 -5 -80 43 90 30 9 -30 96 -58 -9 96 -71 -14 77 79 2 -76 -73 92 75 -66 18 -64 -71 68 0 56 -87 90 61 60 -31 20 -32 -11 17 66 61 11 62 -31 -10 95 31 64 87 50 -40 32 89 44 -6 -70 36 -83 73 7 -72 -88 65 -61 52 -82 0 33 -14 26 -49 -72 77 -65 -76 -64 -66 37 15 -77 68 39 84 7 -25 4 18 -85 77 -10 -81 -16 -65 
-6 -36 -82 -82 65 -11 57 34 -50 -8 19 -73 -35 47 -37 -26 -27 -53 -17 96 22 14 45 -76 74 -98 -7 25 85 41 26 98 -38 60 -68 -100 54 45 26 86 45 -45 36 -42 -72 14 -58 -99 -12 -64 -2 -36 -39 48 0 65 -22 -54 64 5 69 78 -68 -17 73 28 -48 84 -95 -65 -14 -100 11 -78 -32 35 0 34 99 40 28 -73 -19 10 -23 57 -50 14 -69 -4 22 4 78 19 64 7 -50 -60 -69 0 86 -1 -73 -73 9 79 -47 -21 -31 -80 49 -65 39 -19 -8 
-93 44 74 47 -42 62 -46 -33 -4 58 -83 -86 87 -100 21 -88 94 24 -62 12 -16 -67 -72 -42 10 -27 85 -89 63 3 -13 -100 49 36 22 35 80 -59 72 18 -19 15 -60 -35 33 -31 13 16 97 -15 -89 36 68 48 42 -31 63 17 62 -53 -64 -67 67 25 -65 82 55 -45 -38 -17 -57 84 22 96 -95 -20 -89 -13 35 70 22 -27 -97 87 96 6 30 9 23 -38 -53 -85 96 63 -39 -59 -87 70 88 -31 61 -57 85 30 -54 3 46 12 -22 -95 43 71 -85 -63 -98 
-21 -81 -69 58 10 -16 40 68 -96 -24 98 7 -85 67 -32 97 -37 -11 81 15 19 -46 -47 -36 -23 -21 26 -59 82 -71 -32 -52 98 29 81 74 68 -30 -4 52 -24 72 -83 49 -80 53 -4 -98 -74 -32 -19 71 -19 26 19 63 -27 91 70 -59 26 -54 90 36 6 71 -34 -9 -3 87 99 48 94 -25 79 89 -96 -49 4 28 61 -100 -11 -78 -38 99 -88 -30 -87 -41 37 17 -4 32 -56 51 -81 -89 65 -75 -28 -23 90 44 1 -41 -78 26 8 -53 -48 -70 -40 49 -53 
25 -88 -8 -97 87 24 86 55 -82 -79 -12 -77 -2 -54 15 38 -66 68 64 -9 -84 94 -58 -7 23 87 85 65 71 27 -51 -100 27 -65 91 -29 26 -69 -30 21 75 59 -71 88 -34 -17 -85 79 73 81 -100 1 -51 -6 85 -61 -77 66 -100 -35 100 -1 -84 -2 51 42 -59 10 32 -68 -69 88 52 22 61 -64 -8 -15 -1 29 -61 -91 99 7 -71 52 29 -53 43 -36 80 92 -23 75 44 23 35 57 99 -52 -13 -53 -48 28 -40 47 -10 -84 0 95 -63 72 95 -40 -87 
-65 -55 72 -87 -50 59 -52 45 47 -30 46 -59 -84 -40 -71 -16 -72 44 -100 -2 9 10 48 24 31 97 88 -23 -8 19 57 -82 4 89 100 -10 12 27 1 -92 80 75 19 17 16 76 60 -2 59 55 47 -52 38 -37 -100 10 -16 44 80 82 -90 40 87 30 -70 40 41 50 -53 -59 -28 -87 -5 -36 -97 53 -45 -46 -41 45 11 -81 67 -31 10 -6 73 -88 -24 -68 -48 -70 40 3 46 15 -16 8 -9 -34 -91 -74 99 45 46 25 -59 64 75 -40 88 -96 -50 84 55 
-10 49 87 28 27 -9 -70 -17 -85 -35 -36 66 10 91 69 39 -59 22 -74 98 68 -40 55 -54 10 -68 -57 80 -23 12 -51 32 17 -72 42 80 -15 74 44 11 -49 -7 -83 93 70 -59 87 47 18 -82 -88 -17 -14 -7 0 35 88 89 -61 -14 -84 0 -56 -97 -90 40 -71 67 -54 -92 -58 35 -21 74 94 -46 21 91 -47 -13 2 80 50 -37 -9 -31 68 -31 26 87 -99 12 90 -5 6 -66 91 -42 -60 30 -70 -64 96 -43 -15 96 -40 70 100 -81 100 -83 -16 -13 -72 
-1 -31 -53 62 -5 10 -45 85 18 -26 77 -41 24 -41 82 -64 -40 33 66 -63 72 -89 55 80 53 53 -65 -27 8 94 -42 -45 97 49 -78 -48 -14 10 7 18 17 83 -99 -81 97 59 80 -96 -54 40 85 -74 -25 -63 39 -89 6 9 81 -1 54 38 -39 -93 -31 -37 55 -87 -65 -58 10 23 -13 28 -40 -10 -56 32 19 3 -54 65 52 90 85 -9 43 39 59 66 40 96 99 25 59 -1 75 -99 90 4 -48 75 -90 -30 -24 55 -24 -14 82 28 42 -33 57 94 -49 
18 -68 -5 -2 83 -5 7 41 80 -62 75 -27 8 22 70 -10 57 9 74 67 -62 -75 -26 33 -56 4 -88 68 52 -93 98 -78 86 12 34 32 37 -21 28 -85 25 -22 10 -7 13 59 -59 28 11 -8 -2 44 4 -16 -89 -42 -85 -89 -36 -41 85 53 -45 -50 -22 -6 6 38 -4 66 39 59 -93 -65 42 -57 -48 -26 79 -22 -86 97 -32 69 -62 42 -50 72 -56 -73 -68 -40 -90 -65 92 -68 -9 8 56 -68 -2 -40 83 27 -42 36 -68 -55 -75 83 -69 64 53 -62 53 
-8 -20 -46 -54 -59 26 -54 -71 -20 95 5 -70 -93 -14 -13 26 -82 68 67 -74 -49 2 52 99 -54 33 76 54 26 64 -50 70 11 -25 34 88 63 -45 -88 34 -28 -89 -46 5 15 73 71 -48 88 69 26 -32 95 5 48 -60 -64 -51 56 -37 -25 -82 -56 50 1 81 88 23 -14 -48 -68 -71 -48 0 -48 41 54 44 87 -77 -74 57 9 22 57 -52 -96 75 -65 84 -24 9 74 -64 62 -20 62 -61 -37 -14 73 27 28 52 -1 -99 61 -55 86 -64 -23 -68 11 47 -19 
7 32 74 7 -19 -88 82 -70 -73 -99 -68 42 -7 -39 28 -50 87 99 -77 57 27 65 -91 -61 -41 32 -1 -90 99 60 25 -69 28 21 1 -91 53 -18 -94 91 -34 50 -73 -73 94 8 -93 -11 -2 -65 -48 -69 -92 -51 61 27 83 -94 31 -12 -28 -27 -25 25 51 -71 -37 -89 17 36 -83 -16 -59 53 -48 81 -61 8 17 22 -33 27 -1 63 -35 -5 34 78 51 -38 -72 -72 18 -71 58 -86 23 91 69 73 -96 -67 19 40 -88 -57 -35 -57 92 8 -45 20 -34 99 -20 
89 66 47 37 -41 33 -44 -44 -42 -24 -84 -6 -72 42 -44 25 71 42 49 71 56 95 -57 -38 12 -17 -75 12 96 64 -90 -85 -65 7 71 -44 14 88 -72 -76 27 -45 74 -46 -32 8 22 99 -43 94 -31 -44 96 80 -11 48 46 55 7 37 79 92 37 100 64 97 2 44 78 -58 67 91 70 53 -33 58 -72 89 73 30 66 -31 42 65 -97 -95 -71 -53 -52 48 77 -46 -1 31 -51 -3 -56 -22 -7 -40 13 -30 66 -89 -49 2 -72 20 -21 -93 -50 -18 -50 -8 -17 
90 -8 28 -36 89 27 -17 -85 21 -31 -56 -80 -71 20 -41 -58 17 -47 46 -72 30 -88 5 -29 65 -76 -52 -42 3 35 24 -66 29 -34 89 10 -34 -21 -67 -69 -23 -25 -73 -17 -67 99 -17 25 67 -49 -44 20 56 92 -66 73 -18 -84 37 22 16 48 -46 -78 61 99 96 -55 -21 -44 85 -99 -10 -81 -48 57 73 81 100 -99 -11 6 -21 100 84 -5 78 87 51 47 -72 -1 -80 8 51 -27 -36 0 37 -56 98 -49 42 -32 -8 23 34 -67 -89 -33 -70 36 -13 76 67 
-35 -97 49 -55 22 59 51 -16 91 30 -49 11 -14 20 -99 -85 -68 57 69 -28 -6 60 -72 -58 33 -12 6 46 28 -81 -25 57 78 44 51 22 43 38 -69 -55 94 -86 12 -61 43 -90 -86 15 82 85 -89 47 -19 -15 56 -72 -43 15 -40 -85 16 -9 -82 -66 85 -30 -2 -62 95 -56 95 -50 21 78 -19 18 -4 88 59 35 32 94 9 68 97 49 26 -48 79 -85 77 84 48 -8 -64 -86 -10 -96 -82 23 -46 -45 13 47 7 46 37 4 -19 -56 -24 63 48 64 -93 
42 -46 70 18 -76 66 -62 -81 -29 53 -18 -13 -16 15 -49 26 -64 -61 -39 95 -98 66 37 -57 21 66 65 -99 -93 -100 -9 99 -15 -83 20 52 47 42 -31 51 -14 52 -74 -2 -39 -4 52 -19 -16 10 71 27 1 6 38 -34 80 17 -83 27 70 47 -72 12 -11 -55 -41 -37 72 -52 8 31 -21 62 86 -99 -88 -2 -12 -76 -98 -31 -84 -13 -55 91 73 -34 -15 -1 23 16 87 11 39 -48 5 14 82 -11 4 71 -4 18 100 -67 46 -4 -7 43 15 67 -68 9 24 
71 93 95 70 -90 33 -39 -24 15 -50 83 -16 45 -10 -66 -53 3 23 23 -33 36 45 39 -44 5 87 -43 -51 -1 -36 -39 75 -23 -55 74 18 -1 84 34 39 -30 98 66 -10 22 -21 91 3 -37 55 -90 -12 84 -90 43 -88 -40 25 -5 -73 13 -76 -74 -62 84 82 -85 -66 -32 30 -29 -68 -69 -61 -18 -10 23 -89 81 -45 6 7 -68 -21 71 86 71 40 33 53 20 28 40 -31 -25 -3 -36 -22 -89 -92 -34 -53 -39 -45 -33 -99 -64 -58 38 -14 69 -16 55 -51 19 
18 48 52 -91 74 -61 -24 68 -45 45 -68 24 36 90 83 12 -37 89 -27 18 -48 -32 1 -16 -18 8 -75 97 40 71 19 -85 84 3 23 -40 -50 95 -44 -35 44 -100 31 75 85 -58 -22 -9 39 97 -66 1 -50 -96 91 8 89 -77 -93 -89 50 74 -83 38 -24 61 41 -83 -77 -10 29 -69 78 -91 20 87 15 -56 -56 -94 3 47 45 68 -96 31 -8 48 -1 79 -83 86 56 -47 -77 -65 -26 94 -46 -42 -89 70 80 82 67 -49 -94 -87 93 59 -42 67 -77 -100 3 
42 -39 -58 37 -10 74 -82 61 20 1 97 9 -25 29 -67 18 -50 -33 78 -61 71 -52 35 6 16 41 53 -100 88 -33 41 65 31 -28 72 -1 -89 72 6 -2 -66 0 -89 16 22 32 -41 67 -30 -38 -40 -15 32 95 79 23 -58 1 84 40 -88 -77 -77 -96 -6 -66 97 48 -17 68 15 96 85 -27 -86 -66 6 -67 -86 -95 -4 13 -64 -84 7 47 37 -35 -63 -46 48 -18 -84 41 89 -36 18 29 30 27 75 29 -50 36 -25 45 -39 -1 -24 24 11 -18 -91 14 68 
28 -68 -2 -40 -74 15 100 96 -58 76 90 100 -17 100 30 79 3 -81 49 53 7 -53 67 -3 -75 86 71 -78 -78 -35 -89 -99 -35 43 -89 50 13 15 -16 76 -13 30 100 -3 67 66 -77 83 6 -63 15 -86 -55 -42 3 -57 75 -67 18 95 -51 -25 35 -33 75 3 29 -3 -15 -33 89 -24 -8 -55 10 -73 42 67 -63 -88 -21 57 4 -63 -44 88 86 12 -47 -33 -63 -96 -85 68 71 -59 -15 -98 74 -35 -61 -59 -74 55 21 27 98 -61 -13 60 -69 64 -86 -48 -39 
7 -9 -63 43 2 -9 0 -49 -57 -37 -9 -10 60 -12 69 -63 -92 9 5 -64 -82 32 88 -75 3 67 -48 58 52 -91 -16 -62 -46 -46 -94 -64 -81 -90 41 99 41 -47 12 -28 12 92 1 -90 -68 59 -78 40 -16 90 3 -92 -54 84 41 -34 96 -96 91 -67 -21 7 13 -76 34 -89 -13 -78 55 -72 100 -62 -78 -74 26 3 -10 86 -97 -48 -2 11 90 -42 68 25 67 -4 -82 90 -2 -10 65 13 -66 -9 -88 10 82 -94 73 30 -48 -90 -82 -15 66 -97 -26 -24 44 
47 27 -34 -98 37 9 39 9 52 -76 48 -80 -67 -40 22 49 92 37 -64 -78 82 65 -42 23 -48 -68 50 80 31 -65 19 72 25 61 -84 17 -1 14 5 -59 69 49 -93 -66 27 96 -100 96 67 38 88 57 30 94 86 -36 -70 93 -97 25 -31 -91 -87 31 99 -56 57 30 87 -8 -18 92 64 30 -7 94 14 67 51 37 29 32 94 -90 3 -6 -38 93 -4 98 -8 -19 6 -36 -8 74 -84 62 -14 34 -90 -36 -8 -50 -78 -96 -23 15 32 -45 19 -13 -90 12 -73 
-95 48 -7 81 68 48 -71 63 -46 -7 100 -9 -64 60 -48 -7 -72 -7 18 -57 -18 -25 36 32 -96 -93 -83 -99 -10 -16 -7 42 -84 48 56 68 32 13 52 48 -64 -35 25 29 -26 -74 30 70 -65 -60 98 -11 1 -92 97 89 -43 -79 6 86 21 -99 13 41 16 -95 74 -2 24 -40 -60 -19 45 81 41 -15 -68 -6 -66 79 -83 23 0 -90 82 -82 96 84 50 16 -86 89 32 99 90 31 57 -94 -28 -15 -98 28 59 -86 74 22 -4 -64 80 -38 -14 -88 -7 98 -97 
57 40 37 -85 74 97 11 -49 -20 74 -84 80 -39 33 -24 -78 -11 90 88 -89 -95 21 -31 -62 40 19 74 -79 -52 -52 28 -97 96 -42 64 30 85 9 67 -65 -90 61 -50 -58 -68 51 99 8 51 23 -34 -12 -93 26 -29 -91 -12 61 24 -21 95 61 95 -64 69 65 -30 37 -73 66 -95 29 -92 9 2 -32 6 -91 47 -48 -3 34 65 38 97 -16 -45 -26 -60 89 92 -24 41 59 16 4 -78 -82 -100 80 47 34 -72 35 96 73 -34 93 76 -7 77 -40 73 85 77 
41 27 -78 -66 -14 -62 70 -95 -73 89 45 -54 39 -74 48 1 -27 96 -1 93 81 72 100 -33 -15 -58 -15 10 -99 38 -80 53 -98 -62 -94 34 51 2 64 -58 -47 -11 -93 -63 70 74 40 -58 75 27 52 35 -32 -97 41 -64 28 -51 -21 -93 21 -6 93 -27 -4 94 47 36 -27 92 33 -98 -16 71 -9 85 78 -70 84 -73 -46 26 -66 2 -84 -49 -78 -18 -86 -80 71 -34 -58 36 -5 8 -17 -99 47 42 -7 -29 39 66 -44 -37 60 -73 3 46 68 -15 -87 6 31 
-20 65 39 -80 1 -17 65 -54 6 40 -84 -86 40 73 -5 52 -17 61 28 51 -66 -48 9 -78 37 40 77 -17 -51 -94 33 37 -19 60 -91 61 -9 -24 -28 96 -58 9 41 99 -30 -85 -80 75 77 -92 89 85 47 23 34 90 64 -12 71 -78 83 2 83 -92 73 -78 83 55 92 -12 86 -20 -18 59 35 90 42 92 97 -8 -41 -3 54 -43 -67 21 47 52 64 -11 -94 -8 72 -97 -35 88 76 38 -55 -29 -11 -70 -36 20 71 -12 84 -23 0 -33 -16 57 -79 19 17 
70 38 8 -4 91 40 15 -99 69 -68 -41 -69 -73 -53 16 -64 45 90 91 -35 -68 -98 55 91 -95 58 -90 -38 22 80 -26 -43 2 88 -36 63 51 12 95 71 -33 -77 -74 50 -77 -69 97 -79 61 62 6 -79 54 -65 -87 -85 67 51 -27 38 -45 -70 48 74 93 -20 90 3 -45 -52 49 -44 3 -73 -69 19 46 47 9 -33 88 -3 -66 44 -52 67 97 -71 33 63 -79 -62 94 61 70 27 30 7 -5 86 -21 79 57 57 67 40 -17 92 47 46 75 96 -70 36 36 
59 -1 -79 29 96 34 77 94 52 95 -72 -82 -14 -26 5 -67 -82 12 -29 29 -74 -55 -32 -25 38 -54 60 -67 86 -75 -82 -97 -29 -95 -9 -87 76 -78 41 -45 -100 -70 54 -43 32 -60 92 -64 -75 35 -65 -37 -22 1 54 -100 30 -98 2 89 69 74 -59 -94 74 -59 38 -32 50 32 26 -77 48 -71 -73 73 55 -34 79 -81 -31 31 43 65 100 -1 -15 -3 98 -84 77 -13 -37 -100 -98 29 -77 76 -94 27 -28 22 40 -51 62 -94 -14 29 -80 93 68 -91 -88 -91 73 
40 29 96 1 -87 19 -42 -9 -72 -53 -100 -11 21 -41 -36 -58 -61 -64 -32 32 15 -62 -61 99 -5 -24 20 25 34 30 -23 -28 -44 -59 72 26 -96 81 -62 -93 -64 82 79 56 -49 -1 -63 73 92 25 94 6 35 -54 92 70 -27 -77 -65 39 28 -44 -45 98 -72 -5 74 42 84 -86 -52 -83 25 -88 8 -94 69 70 21 90 -78 -75 -66 76 24 81 -28 -90 -47 83 65 -96 16 48 99 -33 20 41 58 55 -25 -36 -58 3 28 32 -63 -45 -91 -84 52 -50 7 19 -96 
-27 -74 -25 -48 -81 23 74 94 -7 -48 9 -79 -2 69 35 -11 87 15 22 90 7 -34 -91 75 44 70 -47 71 -22 -62 46 -54 -97 53 -9 9 31 99 42 -91 50 32 -2 -42 -58 -70 72 36 16 -11 -2 -29 -98 -22 85 -39 37 -75 -70 63 85 -70 -61 75 -91 -19 -44 -22 -18 15 -9 -81 76 69 -54 98 -27 46 66 83 95 -7 -42 97 24 91 -62 -83 32 -34 52 77 -22 17 86 56 16 -83 -24 89 -12 81 -79 -9 80 44 -6 -63 15 -77 -91 -75 -91 -88 99 
-41 -15 7 15 -52 -64 -33 57 94 60 -87 -43 -63 93 69 51 5 36 -45 24 55 78 -85 8 -29 -82 -100 -80 -56 -75 -69 80 -32 -85 -72 73 -48 63 40 -48 17 1 -61 -87 -90 6 24 -82 95 96 25 -84 99 6 54 -46 -53 -15 -38 19 6 -28 8 -43 19 35 -54 -5 -10 47 -90 11 -32 4 92 33 66 -23 -48 -57 -37 41 59 56 -43 30 -67 5 -52 -19 98 5 42 8 -18 17 -15 98 17 24 74 76 83 63 -96 -51 86 58 -11 -22 56 85 -95 -58 -83 
81 54 70 -95 -1 8 62 -88 -3 56 83 -51 56 51 -31 -93 50 -52 41 -77 -89 -62 69 -6 74 -47 -58 -66 -80 -19 -87 -63 -23 -14 18 -27 -63 85 -78 67 83 60 24 60 24 17 -77 74 82 99 -93 -14 91 29 -33 -1 99 -58 -40 22 -13 54 40 -86 -67 -45 -22 -51 -63 -66 14 -64 82 92 -27 47 1 -50 -71 -40 -31 57 51 -93 43 -73 61 -93 8 72 89 14 -73 55 -97 66 65 4 -52 67 68 33 43 93 -89 -100 97 72 -56 -4 0 -18 -92 70 -41 
39 -11 -2 62 -41 23 -2 -56 27 -88 7 -12 -2 -28 -65 -37 -81 -64 -57 -25 97 75 30 -52 -54 66 -8 86 76 -8 -70 63 5 -71 83 -9 64 -25 -27 9 -48 -33 -72 40 44 29 -57 93 10 69 47 -74 -72 95 -49 52 24 -18 -3 -23 -13 -98 -84 -82 -61 -33 52 29 73 -56 -21 -22 -62 -86 48 49 -42 -4 -71 -56 25 -62 -43 14 -32 -77 -93 32 -76 -6 -84 -47 78 94 -63 -73 13 30 95 40 -70 71 -31 -39 -38 -20 -12 -62 35 68 -25 -74 12 78 -48 
-63 17 -54 56 -21 -28 -60 -60 41 -38 -84 -59 52 71 57 89 48 -33 -17 -67 78 84 -86 -22 32 -20 95 55 -92 98 -98 90 70 19 16 -86 -45 -87 24 -66 -33 67 -62 -67 -75 -80 33 72 -25 65 11 69 60 -5 73 68 19 59 -64 -99 -4 -52 -39 -66 -64 -76 71 62 -28 -97 72 -56 24 76 -4 -46 53 -67 -55 -9 -13 -38 -43 28 -55 94 17 80 50 46 -53 -39 -96 -86 49 -70 45 51 -8 40 28 74 15 -7 26 -7 -49 -39 -97 -57 -75 -61 45 -12 56 
21 -20 3 -32 65 87 52 32 6 -60 36 -5 -25 9 38 -1 -35 11 64 93 1 -20 85 -24 80 55 2 -26 -15 19 37 -61 100 58 -81 90 -61 -74 -52 41 81 44 -82 -82 -56 68 52 65 -69 -94 -13 92 -1 -54 -48 -8 5 -33 -62 67 -13 -84 12 -7 33 21 6 64 27 -72 32 -16 -88 74 -32 -94 -85 2 26 42 -71 76 60 52 59 -33 -75 -11 72 -89 -21 -57 -6 3 -29 22 -74 -45 9 -99 86 -77 -81 -61 -50 18 -39 2 41 -46 -90 48 11 87 13 
53 -34 -74 -61 47 21 37 64 77 -10 -50 85 93 37 -15 76 1 90 -84 -61 16 -34 36 57 -21 75 -22 -95 -94 11 -36 20 74 69 42 30 -61 94 31 25 -69 -86 26 96 -48 10 61 -57 -22 90 -71 16 27 -6 80 -45 -81 -56 -47 -52 59 67 48 3 -14 11 -76 -34 35 -36 -79 14 -60 -14 -39 -4 14 35 64 -21 55 -15 30 77 60 70 1 -57 73 30 79 35 21 50 -84 12 59 -56 -27 99 88 -45 78 92 81 100 6 53 71 62 -60 -11 66 74 8 
23 5 66 -69 89 73 36 81 -95 -28 -10 67 28 -47 -26 50 41 -78 -60 46 62 18 69 13 -2 -70 -11 99 -67 74 10 -66 -84 41 30 2 -81 -55 -34 -52 -48 77 -83 -36 85 -11 83 -85 32 -49 -78 -62 -26 -58 7 -87 -77 -31 -87 96 -92 -43 42 -37 21 -91 -44 84 53 -46 -46 34 -3 -5 -61 95 -76 81 -57 -83 -90 -50 -86 52 -36 -25 -58 66 -14 -32 -9 36 -19 96 7 77 -76 20 -25 -33 62 -48 -69 -70 40 -22 88 86 12 -91 100 36 86 -93 30 
95 19 -71 -85 99 65 8 -20 54 42 38 -39 62 57 -71 -87 -33 33 20 -41 12 78 -54 59 39 93 -35 46 15 66 -22 34 97 -73 -81 -16 -69 -12 -98 29 62 -85 65 58 -60 -60 -97 80 -37 24 100 -97 -38 -56 -42 -40 -79 3 -36 -78 19 -22 73 58 16 2 92 -11 -18 56 44 46 -68 -12 33 -35 22 -64 5 71 64 6 78 8 -3 20 56 -39 -82 -81 -4 -99 -75 56 -11 62 33 -57 52 32 -96 29 23 -73 -58 -69 17 87 16 24 11 -50 10 -48 8 
-73 93 12 7 99 56 -75 -6 -98 25 -38 85 26 53 -85 99 19 -35 68 77 53 55 11 28 -36 -85 -75 -32 47 0 14 83 45 100 -95 -80 76 22 -49 33 89 74 -77 -1 -24 -18 26 -20 67 46 -8 -47 -54 -32 78 29 -66 -16 -37 -43 -22 3 0 44 58 -41 -15 -91 85 13 41 50 -62 -94 64 0 97 62 -88 -19 20 92 32 2 56 -10 0 -61 21 -23 15 13 -3 -2 33 99 48 17 -23 -74 -96 31 89 -51 17 -70 92 -57 -74 -15 23 98 76 80 -96 
40 41 32 -22 24 32 56 -5 -55 -99 -53 -86 -86 -84 76 -88 98 83 -44 53 -31 -46 100 82 55 -10 -81 73 -59 -12 32 31 31 -60 -59 98 -84 88 35 -57 67 35 -5 -34 -77 51 56 -44 -69 42 -38 -10 -8 27 70 -79 -85 11 6 -72 21 62 56 -21 -48 -13 -57 -35 -5 -48 81 85 75 -69 -44 -68 65 -37 36 -83 68 16 -36 -34 -89 1 19 44 85 -37 -81 -74 22 -70 23 98 -82 7 15 -64 32 -95 -61 93 32 64 21 -99 73 -39 62 -83 62 63 -88 
39 -55 82 10 -22 -34 57 5 67 92 -23 -76 -78 43 18 -21 -77 41 -42 66 -73 62 36 -40 92 -46 -22 77 -11 -46 -94 57 61 -43 15 -84 -14 64 -48 21 -60 -61 -8 -27 -22 -94 -93 -69 -60 -94 65 25 -17 -67 -79 90 -35 78 -97 19 35 -27 -38 21 -82 -84 -57 43 12 80 -31 -33 -15 -62 -85 72 52 20 -32 79 94 59 76 8 -50 -81 99 -68 -56 80 -94 3 -28 24 77 -12 26 -76 85 53 -18 2 -79 11 -33 -19 64 -18 -42 -69 54 67 -61 82 35 
-88 41 -15 -65 -97 -41 48 -81 55 -21 -36 68 97 -90 26 -59 -5 0 -9 -58 -99 -44 -96 11 -34 -72 38 44 -36 -1 -91 24 -64 36 -97 -28 24 -51 -31 65 -68 -19 20 -35 -97 -93 89 43 85 49 99 37 32 -92 8 -67 -82 96 -61 86 45 -58 -87 45 -9 27 60 -56 71 -3 45 82 61 38 20 9 -49 41 14 -32 39 -52 -64 80 92 -49 39 13 24 48 43 38 16 -30 81 -95 -29 54 19 11 58 65 86 11 42 -80 38 1 -92 -82 -78 -96 60 3 75 
88 -83 35 -72 -35 12 28 17 -3 99 -74 73 38 -48 70 86 -75 -65 8 14 70 -22 41 99 1 54 55 -89 82 -26 -86 1 -19 -76 68 94 11 80 2 -64 -29 -90 -54 -69 -32 39 7 37 -45 -7 -47 -54 -68 33 19 42 -6 98 65 46 35 -24 -15 -51 80 -52 -71 33 83 11 78 36 36 -11 92 -37 -19 -57 -27 -62 -5 -84 98 -64 10 -60 53 96 -61 88 38 -81 -34 17 -18 -61 -64 14 -80 42 25 -28 -60 49 41 28 26 -71 20 60 90 -69 33 100 11 
100 82 61 -73 -39 42 50 25 40 12 57 45 93 94 -39 30 -19 68 -54 -67 7 -100 -57 -32 48 92 26 -75 61 -41 14 -21 -59 -77 34 -24 -38 61 77 12 -100 -34 56 6 2 -60 1 100 -49 -88 97 10 -26 -20 62 -9 -35 8 84 57 69 -27 35 43 70 -60 74 78 -58 -14 83 -48 66 17 32 -6 -18 92 -22 -3 21 22 -34 -17 -54 16 -8 -54 -11 -78 -94 31 34 87 -27 15 -78 45 67 13 41 8 72 -62 -10 25 10 -84 76 -41 11 -60 -27 -16 11 
-59 -27 -65 3 -12 -75 16 53 56 -81 28 -46 -86 59 39 -40 53 10 -55 19 -67 -92 -73 86 -39 80 4 43 84 98 -65 21 -35 -91 57 42 -86 52 -36 -81 94 -31 -12 18 64 -20 94 1 1 -41 22 -46 85 10 33 71 86 91 -28 69 -51 97 -63 -36 10 -69 -4 71 -81 -78 17 71 -24 71 67 -91 8 -86 84 69 76 -54 54 -78 -92 76 79 19 71 12 68 -79 24 95 80 -22 33 -70 44 -18 -44 -30 53 30 -25 56 -37 -12 -51 -81 -85 52 -4 89 -71 
-59 -100 -47 -3 -72 -92 -18 12 -15 51 -41 -62 30 1 33 53 -24 6 44 -56 -20 -49 -33 71 -20 45 -89 -41 -70 -49 80 -92 -14 -38 5 -16 68 22 -31 -71 19 33 -77 99 -71 28 81 -52 -70 20 27 -100 -6 -47 -76 55 47 35 -43 84 -8 -21 67 -95 16 -35 76 71 -14 -6 -25 79 -48 89 -76 -64 54 -55 51 -51 78 4 -40 71 -92 -14 47 99 -97 19 -9 -18 3 -71 39 93 39 -32 45 -33 -9 -4 -32 60 -49 -35 -65 -77 28 -85 -17 -40 -79 -12 -64 
-73 -63 -100 75 70 96 -33 97 -39 -27 75 -20 -7 -40 -16 51 89 19 -29 20 -89 -2 -51 -29 -23 19 -90 -8 -35 -87 35 -51 2 77 33 53 62 -23 40 -34 -31 67 75 -82 43 17 97 -61 -37 -85 -38 71 -63 -62 -5 38 -56 -21 41 95 65 -30 22 -41 63 -57 -26 -39 -93 -98 -74 16 79 61 73 -42 37 -44 -37 93 -27 -93 3 -2 24 57 90 -53 -72 65 5 -38 -56 44 -17 -73 -15 -86 -59 54 -38 -36 -52 -10 -27 96 2 50 -53 40 -9 79 23 -5 51 
20 34 1 46 82 -4 94 -16 -51 41 -60 57 -94 -38 47 -33 -4 -40 47 89 -87 73 28 75 -64 -72 -52 -19 33 -54 -26 -28 -60 -53 1 -72 77 29 29 -47 38 -1 -5 2 99 21 -57 12 -31 43 73 29 -67 76 25 -77 98 42 -92 -48 9 87 36 39 90 -29 76 98 49 -44 -44 43 62 -37 -18 -32 76 22 4 22 61 63 -81 -41 18 -66 -88 42 -29 -35 70 34 -35 63 92 67 3 48 -12 -47 94 -14 -13 -30 52 20 -64 84 -89 -47 73 23 -27 0 -18 
-99 -71 -54 -98 8 11 -74 7 86 12 69 -23 -96 92 -14 -8 -60 71 7 -96 13 48 -82 21 98 -65 76 -85 -92 -20 -84 45 -43 66 79 -59 -33 -71 69 73 -62 4 47 91 39 -41 92 -82 42 76 -53 -24 -92 46 98 -54 91 85 5 -48 -42 -8 61 2 12 25 -39 29 -50 83 -58 -79 -39 -62 53 -8 80 51 -90 -40 4 -63 -46 -27 93 53 37 78 -10 -16 -61 63 9 -85 19 -49 20 -68 -86 -92 47 30 23 -15 0 -52 44 100 21 -95 -18 49 -14 50 -23 
6 -35 80 63 -90 1 35 88 96 52 -19 -34 -28 93 -51 -64 80 -39 -65 62 -77 -63 -93 -49 -56 30 -62 8 71 44 -12 -81 0 -5 93 36 78 -54 11 -24 59 -23 -90 9 75 18 -15 -63 26 -23 -47 -86 71 38 69 -62 24 57 -25 62 82 -9 -48 100 -97 49 4 -16 20 66 29 -31 -93 1 51 29 94 -15 95 73 -73 59 52 91 -91 -4 24 -73 -40 -66 18 -15 11 89 2 82 -63 -81 -36 24 95 -68 75 67 12 -56 5 -78 -100 84 87 -71 -73 -98 64 
44 -52 -69 46 -21 -92 -61 -84 -86 8 75 59 -47 10 13 -99 -23 40 25 -7 5 30 82 67 90 -93 19 -94 62 35 81 -66 79 -89 38 -52 -71 -33 -59 -90 99 -11 55 9 -60 -62 44 9 -82 90 12 97 100 -49 -49 14 -87 39 -4 -21 23 40 84 -9 46 -62 -31 -72 76 98 -79 -63 -57 13 42 -30 8 38 96 -20 81 -67 97 -69 32 -51 33 -99 96 49 -86 38 57 -97 -45 -85 4 7 44 -66 35 -14 -75 12 -8 -29 -85 58 -57 -1 -77 44 27 26 28 
11 -27 11 -65 11 -69 2 92 -42 -23 -31 76 -72 23 3 -29 3 -60 17 81 -42 51 96 -38 -85 41 100 -68 -60 92 53 -36 61 -80 14 3 6 -12 3 38 -31 -42 92 37 -63 -96 -39 -98 -17 11 -7 -41 -71 81 86 -55 -53 12 56 -50 -44 86 -15 -93 -70 2 86 -68 84 -28 -59 70 30 -83 92 -32 -61 -9 14 -89 24 -37 62 96 74 -9 4 11 -86 35 93 -82 45 66 -55 -62 -90 0 -85 58 43 -47 29 71 84 -97 34 52 -60 -63 -42 -13 0 90 93 
52 82 8 37 63 -74 -52 15 -70 -43 72 7 24 -24 97 -10 -8 93 -22 57 -71 -82 33 -34 -61 29 -15 24 -87 -45 37 -46 -57 -63 79 78 28 6 77 97 94 -94 -73 -88 -26 79 33 35 97 79 85 97 -4 14 -23 92 -42 -36 -13 66 9 -26 -5 -100 -51 4 12 26 -6 97 43 21 75 -1 64 -74 -78 66 -55 -67 0 99 -39 63 1 40 47 -99 21 26 36 -94 -97 -69 93 2 -49 52 -94 4 84 37 27 -16 36 -11 -6 95 -96 54 -90 47 43 91 57 
-68 45 -7 -18 -57 69 66 98 -100 77 -37 -5 -60 41 26 -48 -6 -51 -64 98 -94 93 -93 26 -6 -91 -31 -30 -90 75 2 84 -85 -97 -14 36 -60 76 -69 -5 -98 -73 70 -39 87 15 -84 -65 -59 -90 12 99 -2 -84 67 -37 -99 84 -99 -88 89 -19 38 -32 83 53 72 -33 6 32 -58 6 56 -35 42 9 -44 -64 3 3 75 57 -70 -41 94 60 -75 0 88 -97 -79 87 -52 -40 -8 -49 4 8 -76 -27 -44 -12 79 -60 33 -74 -41 31 -56 28 -96 40 99 -55 -42 
-1 84 70 98 8 78 97 -92 -80 94 23 95 86 84 -17 -100 -21 -88 33 26 -99 99 -93 19 -24 82 98 -36 3 50 -87 -34 20 -87 -62 -88 60 -99 -6 51 -76 22 49 -41 -28 8 16 11 -22 60 -29 -4 25 25 85 -6 -72 -23 -76 31 -33 -71 36 0 86 -62 -77 64 -5 4 23 -56 48 86 20 -12 -40 -3 59 20 -85 -6 50 -69 87 -25 -12 7 47 -74 -57 -26 -23 87 47 43 81 -66 20 -82 -21 -60 -74 -78 19 -72 -100 -27 25 -39 46 -92 81 -31 77 
-51 -47 47 -75 -59 -41 64 -16 1 -89 43 -92 -98 28 25 -55 66 52 -15 28 -19 40 -70 1 -89 -45 11 61 14 -56 89 30 22 -50 78 53 -36 -81 73 -44 3 60 65 -61 90 17 57 24 65 63 30 -70 -13 -88 -28 36 18 -63 81 -10 28 -54 -4 77 -16 14 -91 -64 -2 10 -59 -3 10 47 -81 46 -83 95 94 -56 89 56 -13 48 78 75 10 67 44 30 47 -68 30 89 -46 70 39 66 74 83 -9 10 -17 -45 66 -12 87 62 48 71 -37 56 29 36 -64 
-24 -1 11 -80 89 97 -13 -90 29 73 -33 -63 -46 34 75 -74 -60 -16 64 -56 45 13 -24 47 86 -49 37 -84 -8 -27 -16 -66 3 79 -20 4 -3 76 -11 33 -43 5 -30 -7 11 -62 35 54 80 -58 -86 27 84 -39 -44 85 80 -81 97 41 38 9 55 -47 -59 -56 -38 -89 64 91 -48 25 -97 0 -41 85 -47 40 -12 38 92 74 29 7 97 -50 -13 -89 21 40 -99 -10 -42 2 -77 86 66 72 -79 78 73 9 52 93 36 62 18 43 -44 -6 -94 33 14 6 98 
60 -41 45 81 -99 -93 71 -81 -90 -57 38 69 92 -25 -71 94 31 23 36 -67 -57 -39 47 82 -4 -1 -62 19 1 -72 62 25 -67 -93 90 82 57 -80 86 90 94 -3 -49 -4 -50 92 8 87 -2 54 -87 73 38 36 -91 -63 77 -14 65 53 -81 84 87 -11 76 -19 -63 -72 -74 38 6 -36 -33 99 -88 -98 -2 -1 -64 -43 -49 68 64 35 -38 -45 -89 -43 -20 75 -47 19 87 -60 -25 -57 -30 -11 82 -47 -45 -92 64 41 14 -42 51 41 -14 -34 41 48 -7 -17 -56 
79 -66 50 -89 93 20 -7 -84 -42 -51 38 -45 -59 13 7 71 8 -55 76 48 33 35 44 -13 -47 67 -49 -13 -51 80 92 -1 -41 95 10 57 15 -65 -42 55 -69 -60 -56 -90 -96 -98 41 -77 -11 88 9 -70 -25 32 5 -44 -80 98 -43 18 78 -10 86 23 75 71 -34 -83 3 78 81 -83 74 25 13 -85 -47 28 -16 79 -75 58 -60 82 -38 -13 -91 81 -65 30 52 -30 77 74 -55 23 -87 -24 49 67 -61 -35 81 83 92 -40 -19 69 41 -96 -14 -10 -73 -62 50 
-45 93 -32 43 -60 -76 5 93 -8 81 56 44 86 -50 -6 4 3 48 69 -26 37 26 72 -74 75 -51 -73 5 62 96 49 22 17 -75 -77 -97 -58 8 50 -24 -16 -98 -37 -87 -49 -72 31 85 71 -65 -53 -11 -73 -48 31 -87 23 85 5 35 75 82 -45 -18 -48 47 0 69 -64 0 -32 -18 44 88 56 -21 37 9 11 -45 74 -63 -18 -62 10 -49 -91 94 -69 -67 -81 -87 -45 74 32 -88 -46 -40 -37 9 32 -49 82 46 -63 -12 -11 -97 19 -9 48 -82 -69 -96 10 
-24 -24 66 76 49 -76 -28 18 -3 90 74 15 -93 -59 21 29 71 5 -67 -23 -28 -33 7 22 48 69 -44 -55 0 -15 49 42 -85 -33 30 -72 94 -72 -59 22 -22 -32 -51 -54 90 68 4 52 -98 15 9 -9 81 -83 -91 -44 47 -15 87 -22 61 -59 -67 40 -81 24 -71 -85 -38 -4 -92 82 -90 38 -67 -40 27 53 68 -78 54 -45 -50 8 -5 10 52 32 48 -55 98 -90 -30 -82 66 81 69 72 90 -13 59 -39 -36 83 -20 79 94 21 63 3 91 75 -28 16 43 
42 58 -35 82 42 -87 -58 -43 84 3 -68 -8 -23 -65 -10 -58 45 92 15 46 -89 -65 -62 -97 -59 40 -92 17 -95 -86 -20 80 -17 93 90 60 -42 -59 -5 5 -2 -60 27 89 -19 46 -79 71 15 71 -94 -63 -35 -91 94 -71 4 90 82 63 -58 -40 -15 -50 86 91 -33 96 76 40 43 -81 -42 10 53 -46 96 46 -94 31 70 -60 -24 -30 19 -41 -34 19 73 67 -37 -61 32 -11 -91 -28 5 47 -37 -2 19 83 17 37 22 68 87 -95 -75 50 -33 -47 30 72 57 
80 96 -68 -79 -40 -3 -52 25 -9 78 61 -18 49 -69 -83 -43 -36 71 13 -61 51 -97 73 100 17 80 -48 11 -25 56 -55 57 62 86 64 11 -14 -94 -73 -52 33 -3 -42 69 -58 -63 -24 61 -91 -48 -79 -97 -67 -18 -96 -86 -30 -37 20 85 96 73 -13 70 -46 74 3 -42 57 -93 24 33 67 -27 -67 18 -88 -45 -2 84 93 -67 80 33 -23 -28 73 -83 43 75 84 54 -38 90 -99 2 -49 59 4 -62 82 -89 -65 93 -48 82 -34 2 66 -82 -12 82 87 94 -98 
68 59 -15 19 100 -97 88 -69 71 -64 -3 7 -66 -56 -58 11 37 18 -36 59 81 42 -91 -23 -94 30 93 -66 -11 -57 -35 4 36 82 20 -92 -90 -40 92 42 24 38 6 -90 -40 55 51 1 71 14 -83 52 47 -25 -1 3 63 -13 -34 -94 -97 -99 71 -9 -58 23 30 25 -8 98 70 8 36 -39 -25 -59 92 34 -75 24 -70 29 -9 -86 -72 96 34 -80 87 74 -71 38 44 -18 -53 98 1 27 26 -12 -83 78 78 -28 77 81 22 -74 51 60 56 -2 -22 94 27 
-44 72 14 -98 -56 -92 48 63 96 7 -54 -38 55 -17 99 7 -16 -37 -17 16 37 82 -26 -81 73 -75 2 -28 -100 -19 -3 -5 93 -12 -46 1 -34 -47 75 66 -74 6 21 22 57 5 85 21 77 42 -91 -98 -10 86 -66 37 81 20 -70 31 -77 36 70 -21 72 89 43 -37 65 66 -79 -7 8 -44 94 -86 58 39 -86 8 -38 13 -84 -18 -42 -85 46 8 -17 9 -11 -33 62 85 87 -81 78 58 -72 83 11 -57 -27 32 -83 -15 -17 -3 16 3 -22 24 18 -96 -35 
-51 -28 -7 -95 96 53 85 -29 34 24 -18 -77 -13 66 47 46 -44 -51 2 12 93 -55 -1 14 73 20 -65 -45 -3 -3 62 22 -3 12 -52 57 84 -12 -31 60 5 79 -66 -24 9 -71 -33 61 80 -86 -49 -35 -22 -4 -82 -22 -45 61 -10 -60 -45 56 -44 48 78 10 92 67 -36 -32 65 7 -74 59 4 35 -20 -2 -54 65 -94 -71 12 66 -29 72 23 -48 28 37 -33 71 50 36 -70 -100 -47 -8 -55 17 55 -15 -38 93 -80 -29 -16 24 -72 -48 -15 -13 57 -61 37 
-72 -88 -61 -39 -61 -17 -45 75 36 -56 -74 -6 -27 -10 72 -54 35 11 -52 47 -31 -57 -51 29 47 -91 -57 28 70 -100 25 -81 -5 -18 -53 28 77 20 63 -43 -43 -53 -70 4 49 -92 -23 -62 42 15 -88 59 -25 42 18 -82 -55 -92 -38 -12 6 82 52 -37 45 21 55 94 19 -45 -71 72 38 65 -89 -97 -9 -33 38 99 46 -38 30 99 -49 67 -51 71 -92 73 20 -74 -12 14 51 36 -85 68 -24 63 -69 58 -96 -77 -61 40 -55 -7 93 -49 56 55 92 26 73 
-56 63 92 31 90 -44 -54 -73 95 -29 30 -67 34 -2 -22 -18 -19 -93 87 81 -51 76 -78 52 -45 -75 11 -16 74 9 63 -10 4 77 -29 76 -93 15 42 -16 32 46 -58 -64 -15 -9 59 12 18 57 -99 -20 -38 77 18 -20 -33 32 29 -69 -44 -77 7 70 34 51 -81 40 67 -28 13 69 63 -68 56 57 -47 27 88 53 5 4 -7 -7 42 38 64 76 65 27 -44 89 -54 8 -2 94 0 -29 -77 96 -1 21 9 34 17 -29 -48 56 42 3 93 -77 -61 69 -92 
-7 -59 21 97 -49 -57 -55 81 -25 42 54 45 51 -56 6 -23 -57 39 31 -65 16 41 -50 -82 70 41 -56 76 73 4 3 -81 -43 -21 -4 38 38 15 -65 -60 -51 30 -24 84 90 43 6 49 -11 -64 -37 95 30 -73 14 95 73 -73 15 -12 -16 97 -97 -67 8 9 95 -83 -9 45 -87 46 -48 -86 91 -92 -76 -19 -82 21 15 48 -86 34 -10 44 19 -25 -98 62 -87 -99 3 -75 -55 -72 -38 -80 -65 -73 -77 96 -44 -16 8 -29 -73 -89 86 -35 1 63 -92 40 -5 
-31 20 -20 -30 -26 45 26 -85 36 -41 -84 -77 53 -48 64 -22 -96 1 -39 53 -73 -46 3 67 82 -23 42 4 -78 34 -88 -56 72 82 -15 -100 39 -79 22 98 27 -34 90 30 -6 99 8 -5 42 10 98 -100 39 -59 -43 -46 17 -80 66 -10 58 15 -70 81 80 -9 82 -70 -12 94 54 -36 54 68 35 83 -54 -82 -70 61 -62 -70 -62 -95 66 98 56 46 54 11 -26 31 -67 14 -66 -67 18 -42 19 24 -58 63 -80 6 3 -93 72 -61 21 -80 29 -73 70 -4 75 
82 -57 68 36 -69 -2 -92 -100 45 -42 -35 -96 11 50 -34 -100 28 76 -11 48 55 -53 100 -50 -37 -62 -10 -86 -47 45 3 -41 0 79 29 45 86 -21 -9 55 52 31 -94 3 53 -23 69 51 96 69 13 22 72 11 -80 88 26 18 -79 91 -29 95 -55 70 -64 -53 -39 -47 -56 -44 -57 88 -78 88 -82 76 20 -66 28 7 9 26 -13 -34 38 -8 100 -2 -87 56 73 -52 14 -13 68 6 73 -33 55 73 -35 95 6 -77 50 4 9 72 60 74 -78 -96 73 -55 13 
-22 -28 -21 36 -49 -38 86 78 -43 76 77 32 96 -56 -60 -24 93 -36 95 65 -74 -90 -56 5 -69 72 -59 46 27 12 56 -10 98 -95 21 -40 -65 6 -55 -66 69 -16 -17 55 -74 95 -28 67 -90 -76 46 -9 34 49 -29 91 90 -11 -96 24 -92 47 -100 19 -17 -72 96 24 38 -100 64 45 8 51 45 -90 90 20 -49 45 -59 98 -73 -66 -22 -51 96 -97 -55 -89 11 -28 2 8 -57 16 -15 96 27 81 36 7 59 -27 94 40 -81 -52 8 23 -40 47 27 66 -65 
10 68 86 -53 -74 -100 8 4 -77 -9 94 74 -71 67 7 -1 -48 -91 -47 50 24 89 69 -55 -61 66 14 -46 24 56 98 -41 84 -39 4 -22 -64 60 -32 -35 -54 -79 58 76 -25 -84 46 78 83 -99 6 93 28 71 9 -53 -80 26 57 57 -30 -52 70 28 59 6 -11 33 98 -46 -22 17 -22 -68 36 -48 -82 -81 39 20 -80 62 -77 19 41 97 39 -36 -75 49 -25 38 -37 97 -22 -33 60 -42 58 -36 19 24 -67 -93 9 52 -78 64 -79 68 -25 -5 -2 -68 60 
99 67 81 40 -29 -27 -4 -98 100 -19 69 70 -84 70 -79 -15 7 49 -74 -63 -59 74 91 62 -87 42 -78 0 44 39 21 -92 64 -70 15 37 57 -76 -1 -21 93 35 74 -97 -45 -50 79 -36 -7 34 49 -10 3 -59 51 2 62 0 70 64 -5 -92 11 -4 100 81 -43 -7 14 55 41 12 52 -24 -70 -58 -48 38 -27 -54 -12 68 55 -7 -25 68 -66 -37 26 -7 35 -100 79 -12 -39 -89 46 -8 -38 -4 33 53 -82 66 1 -79 -43 -23 12 -45 -4 13 -42 -96 75 
66 -50 -2 -81 -32 59 25 80 6 89 -45 -53 -13 -79 43 -28 -58 -60 -28 19 -76 83 52 61 63 43 -46 -79 -28 -92 65 -12 -30 -68 -19 -69 -15 -31 86 8 -54 -7 76 -65 66 6 100 -92 68 -84 -82 60 -13 1 -78 -55 7 36 32 91 55 -89 43 48 -60 -68 -28 -15 77 19 53 -34 71 98 -93 96 -77 40 -76 25 84 40 83 -33 -75 -99 -40 -75 14 53 -92 -97 -84 -54 -75 -57 81 67 66 17 31 -88 -17 94 100 -45 16 -90 22 41 -16 -49 41 13 -38 
-53 -21 53 -36 1 24 25 99 -47 -53 -19 99 12 66 25 5 92 -23 -97 31 -37 -28 -69 -55 15 66 -18 -65 5 66 26 84 -44 16 15 39 95 17 73 -61 -31 -13 22 20 31 -98 63 -75 -98 -7 -42 -96 32 64 -47 15 76 -2 -9 -34 -2 -30 35 -45 15 80 72 -64 -55 62 -77 -49 55 51 -3 -20 -86 3 60 -28 -57 47 -66 -48 26 12 30 5 63 93 -99 11 -97 -24 45 25 -41 45 37 -65 67 -30 3 -34 -70 -95 61 78 89 67 -13 -96 -33 31 50 
-65 -61 24 -97 -25 55 -61 40 -86 -78 -26 -6 -83 -98 72 -23 74 -85 -45 84 -10 -73 -49 -15 35 -80 -80 63 24 -24 -69 -14 -76 11 -25 63 -69 37 74 55 -73 -95 -61 -100 -21 -25 -45 -84 64 13 -52 45 22 -74 24 -35 72 77 -32 0 -64 48 -23 31 100 68 -47 -5 58 33 -2 29 3 -73 37 59 -5 -30 -67 -2 -33 -61 2 94 66 -42 31 68 86 -10 52 -2 43 -18 -53 36 -98 -96 40 -3 56 -16 51 -4 -34 -26 82 -58 -27 77 39 -71 -44 -75 22 
4 -53 -4 67 -6 -31 -57 23 32 -45 -51 40 -17 -47 19 80 -21 4 52 65 80 42 -83 -17 17 97 -33 2 -58 24 66 27 9 -74 -52 13 30 45 -27 -81 73 -43 -53 -48 -83 78 -18 53 -27 19 76 -74 37 51 64 -43 5 -12 -36 -42 78 -61 82 32 14 -94 14 19 -35 39 -8 -45 71 -79 -87 -69 -83 31 -74 -33 83 32 -93 -29 33 -34 -61 58 -44 52 72 50 34 -2 -91 70 59 43 -26 64 100 72 14 69 -42 -71 52 -27 -99 92 -40 -84 -56 74 41 
28 -38 90 -61 -15 -74 67 -20 82 53 -83 -74 -23 -89 5 -5 -7 15 -20 -82 -68 17 -46 54 52 -78 -94 49 5 -75 79 -79 53 -100 36 30 -85 -42 -31 87 75 5 -69 -86 27 -99 -21 25 5 -63 -39 10 -84 72 90 38 46 -19 98 -23 37 33 -14 -92 -84 62 -14 -47 50 69 82 -60 -28 67 -80 -44 69 -16 28 -99 94 66 -47 -41 -30 -8 -12 -55 -63 93 21 74 -31 59 19 -40 72 -24 52 33 -14 49 21 0 96 4 -97 -31 15 2 -11 96 -4 38 29 
-52 57 -28 -50 -17 -29 68 -54 25 -65 40 -93 22 27 -74 -42 45 -86 53 -28 -26 100 87 -41 24 45 23 86 23 -45 -86 -19 -51 -100 -81 -73 -12 22 48 72 38 -67 5 90 -13 -96 10 32 -76 -14 -34 -24 -89 -75 69 3 45 -61 -30 19 -60 23 0 -81 -54 -60 19 17 89 83 -98 -22 -47 -78 -22 -43 11 -46 -99 -32 -4 47 -45 -61 -68 10 91 4 54 -4 41 -74 -41 89 30 60 98 -2 -91 -25 26 7 -17 7 -96 -48 76 29 -97 44 -1 -3 -4 54 -8 
57 64 -62 57 -98 89 24 58 -76 43 -2 1 -77 -52 53 -14 73 85 -26 85 -20 76 85 59 -34 19 -37 11 25 -50 54 -80 5 -97 -96 29 15 17 -44 57 58 72 89 61 -69 70 -27 -40 68 -23 53 -82 -56 59 -45 -68 73 23 -45 85 -21 -40 43 40 52 45 64 -57 98 31 -40 20 96 46 -73 41 -44 -48 -86 100 20 -10 43 -52 4 100 -70 95 -18 -40 -95 30 -16 -8 38 33 83 88 -10 -49 38 24 5 -16 79 -3 -93 57 71 85 -79 25 26 81 -30 
-29 90 60 49 30 -25 -53 -41 -82 -21 64 -19 12 46 47 -14 -74 -38 -90 19 44 57 97 -58 -7 -98 29 -59 -18 38 41 94 23 98 55 -43 -86 45 -31 51 -10 74 47 55 55 61 -1 -16 49 -34 24 28 -11 -66 -80 -65 -94 34 79 -54 83 -37 -96 -65 -18 -70 12 87 -95 -70 52 62 34 -4 -90 84 -86 5 38 -92 -48 -86 4 63 31 -40 55 -68 71 -35 20 66 58 45 -21 56 36 51 -47 -30 -57 -39 -21 31 76 25 -68 41 -82 -50 -91 82 3 -38 -30 
-49 -42 70 14 -48 -18 67 73 -19 -18 -86 -85 62 8 -66 96 98 -7 9 -55 58 36 17 -100 -7 -64 -65 2 29 -9 95 -26 -64 -2 13 55 -96 -43 42 -63 -79 72 88 -97 -91 -11 47 -61 71 -9 -97 2 -5 -1 68 81 2 92 90 24 93 100 -9 49 -78 83 4 -64 32 99 84 -36 34 -11 -79 -90 86 30 -42 56 -19 -60 -88 -68 -8 -48 -33 31 -85 93 -59 -67 -70 39 55 28 57 -10 -54 42 93 95 96 -17 -58 -23 25 -15 -16 -6 -65 -77 -96 4 -31 
79 -74 31 -61 21 -38 1 -28 -46 84 9 18 -33 -79 93 20 -6 -35 -12 -53 -36 -10 -50 -22 -36 -36 -34 -23 -39 59 -3 -15 92 -16 -57 -74 59 -66 -24 10 -52 -73 24 13 36 -73 -94 14 67 41 37 51 -25 69 -79 -58 -9 56 -27 -86 11 -76 31 -56 36 28 -7 -96 72 -71 -90 -27 16 -13 -79 69 -45 67 73 -94 67 -4 -67 -28 -30 79 72 -2 -66 -13 57 -30 19 -7 -96 90 66 66 32 -50 -20 24 -72 -6 61 -63 77 -81 -34 6 82 -8 -13 -58 19 
52 -11 -25 -86 12 25 -32 -83 -30 58 -86 50 91 7 -40 15 -15 48 65 -20 100 -21 71 -48 98 83 98 24 -32 -5 15 -37 32 -73 -50 -96 -15 -66 -4 2 -29 59 -79 14 46 -87 -71 -67 -33 61 84 11 19 15 50 61 82 -68 -15 -10 49 40 -12 -70 24 -86 50 -13 -72 -71 11 -37 -64 27 -29 10 35 -30 51 -48 13 -18 30 -35 49 -64 -81 4 -22 -67 13 98 4 -68 20 65 36 21 70 97 -79 14 -24 69 31 -78 -57 -2 83 79 -7 -84 -28 93 -68 
-42 -54 -66 -32 24 -40 52 -58 -92 -29 -31 88 62 4 -33 95 -16 49 -53 11 27 13 -33 -89 -18 -17 91 -89 22 -71 55 -72 -2 -22 -16 -68 -58 -56 -1 70 -64 -12 -47 88 -94 13 69 -85 -42 17 54 99 -91 92 -79 -72 -8 47 67 71 5 -2 -43 -35 -30 -100 -16 -39 51 -33 -89 -55 87 -45 -77 -7 53 87 22 35 100 -99 1 38 2 94 93 -76 26 36 34 20 91 -91 -10 -76 -83 -9 -88 26 -61 3 24 -47 83 -34 31 8 -33 62 -14 -48 35 -79 -74 
-66 -60 -23 -47 82 86 36 -20 12 -38 86 98 70 -64 -39 -55 -24 -65 -67 -40 28 37 15 -89 92 -90 -73 -49 -9 91 -1 -71 71 75 67 92 54 66 69 85 -37 37 49 -39 -35 -80 -22 -40 -43 72 5 -70 -52 44 72 -78 -22 90 58 -47 3 50 -55 -37 -24 -18 -13 -69 78 -65 81 -18 -46 72 -23 -91 64 -86 61 45 15 66 -62 96 64 82 -7 66 -43 39 56 -72 15 -57 -25 -10 24 94 -87 -22 -73 -20 -20 81 40 65 49 -41 21 20 -67 84 9 -15 -71 
-65 -66 -25 92 22 -87 35 34 -45 46 -2 53 -63 -76 -30 -83 -70 -49 32 48 -50 80 43 -33 89 82 -34 56 -41 74 17 -52 29 -29 19 -57 79 -34 28 -88 -53 -17 -42 22 -79 -4 6 85 24 10 8 -3 13 86 -9 -66 79 -16 -79 17 83 -22 24 -19 -54 33 -30 -95 -31 -79 -91 9 26 -38 -80 -46 12 -65 -34 -21 -12 99 -61 55 13 -6 20 -37 -1 90 -29 49 77 -60 10 22 -48 -82 42 21 97 26 6 35 48 63 43 -3 -78 17 9 25 -61 -87 9 
-5 82 48 -68 -81 57 83 1 -3 47 88 67 51 -37 74 20 -17 79 81 96 -60 -41 58 69 25 -7 82 -7 88 -23 -47 84 -57 35 60 60 18 -7 -53 -67 81 62 16 33 -28 -75 -9 -19 -13 -78 11 -91 15 7 -73 -82 -54 41 -81 12 21 -73 22 -5 30 18 -70 68 -8 -15 -94 14 90 -93 6 83 -17 -9 22 82 -57 73 -9 1 85 -20 -15 1 -78 55 -24 -77 -86 83 8 -79 19 -76 -50 -82 16 -96 44 -83 83 -97 32 76 50 -82 -69 -51 75 -64 24 
7 -84 47 99 43 -23 -81 66 53 6 -60 74 -82 33 -79 54 -45 -94 -74 -9 -56 -81 54 -73 41 -33 18 -32 2 29 83 -68 18 20 83 92 32 78 69 -96 86 -53 94 -38 -99 -98 -55 11 51 -28 -5 91 -64 42 52 -5 20 -71 -29 29 58 19 25 -49 94 4 96 87 40 -44 -81 92 -58 30 -91 68 -26 -83 -98 69 -87 93 -54 -75 -14 43 66 -30 40 28 -47 30 -78 -13 -36 83 -57 33 -23 20 -6 95 -2 -24 84 -83 -37 26 5 93 -55 30 -77 -100 72 
-71 -41 78 37 -64 -48 -87 16 31 -65 -56 78 -52 93 87 69 5 94 -39 37 -90 -42 40 -27 68 -85 -54 -54 86 -36 -70 58 -42 73 77 -47 -17 48 89 -67 14 73 25 17 -42 17 -83 46 71 65 57 -40 -64 -26 -64 73 38 -8 -10 -51 -72 -9 -62 -95 98 -76 -17 37 25 86 2 -41 -37 -81 -75 -57 26 -81 -82 61 -60 60 -46 -51 26 -41 -29 -63 -21 -69 20 78 75 93 76 79 26 80 -100 61 -88 -48 42 -15 99 48 -39 -23 53 16 83 -31 -12 -96 10 
-8 35 -42 43 11 -8 55 88 -41 -37 -14 -64 30 66 -31 -27 69 95 85 -34 -74 -37 57 98 -57 -96 15 73 0 90 -20 9 62 19 -45 61 -24 -12 -11 14 -45 68 -88 10 -47 -59 -18 62 87 -62 24 -66 -51 -33 -17 4 64 5 -36 -68 -88 95 60 40 -16 -86 91 22 22 38 94 74 20 -18 -38 9 -70 26 -26 7 82 84 23 -12 -26 -25 61 38 8 -21 -18 15 60 2 -80 52 25 -69 98 -42 -87 -95 33 -60 -43 24 -2 -1 30 -7 -23 -54 10 -83 98 
-87 25 63 -48 37 -8 62 -43 -56 -31 48 -77 30 -23 -41 -8 -26 -95 -24 -49 90 0 -46 13 -50 -84 -96 -35 58 -30 -69 -71 19 7 10 -62 58 20 48 40 98 -58 -53 10 -30 -41 -22 75 62 -45 -71 1 16 -52 68 -18 -93 58 -91 73 -37 -65 -8 56 88 72 -44 20 -87 48 17 -6 -77 -27 -95 -36 16 -83 2 34 5 -14 -14 57 10 28 55 -53 10 -9 25 -72 -94 49 -51 -33 93 -86 -38 -72 5 -83 49 -59 -82 71 -20 -49 33 93 -93 24 -40 92 72 
52 -55 50 76 -44 91 -8 81 31 -59 -5 -92 -14 -5 18 17 59 16 26 58 -26 -90 70 56 13 -86 -20 3 27 -24 -54 97 86 81 100 -37 -77 -21 94 94 -57 -56 -16 91 12 -50 15 -51 -1 82 65 -81 100 83 85 -22 91 14 66 34 5 91 5 44 -43 14 -28 35 46 30 -33 -47 -17 88 16 -50 -59 94 99 54 -66 35 31 72 -90 -94 -98 54 63 -92 99 79 78 -84 -36 35 79 -85 40 -70 51 -51 97 -7 24 87 48 93 1 88 -37 -49 -92 -27 82 
5 31 -69 69 -58 100 93 -58 30 -63 -95 -1 -49 -49 -3 -88 -88 38 1 -77 -77 -1 -93 2 85 -33 -98 -16 21 46 99 87 -29 -3 9 -88 -69 86 97 -89 -43 4 -2 75 -21 30 67 32 -54 -46 -82 73 90 -83 -50 -27 77 -62 52 -76 23 85 -14 -11 40 -44 92 70 -100 -33 -49 -64 77 100 5 30 12 49 76 -37 -15 -26 85 -44 53 -77 40 74 -34 44 -86 -60 -20 80 -80 13 -28 -2 -90 91 60 -95 56 -83 -18 22 -26 33 -23 -68 -57 60 -15 -52 23 
-36 -52 28 -55 81 -38 -85 11 55 -88 -45 9 17 88 -34 -76 -4 -65 -37 52 -97 -63 38 -68 -41 24 71 75 36 -67 -38 6 -80 -2 -75 -98 -79 -92 86 -33 -62 -76 83 15 62 99 -59 -44 -89 -74 40 12 -47 40 -23 -24 45 -74 32 -94 -43 -53 -78 75 -20 72 -9 23 -38 94 48 -19 -50 -54 54 -78 66 -7 -97 43 16 -37 1 -38 -12 -18 -9 -75 12 5 84 -49 43 95 -60 77 99 -8 7 -1 -73 -79 -46 78 -64 25 -62 -37 -31 34 -72 -26 -43 80 -53 
-17 66 94 60 29 -37 64 4 -87 29 27 -54 13 -63 87 -32 47 -19 28 -35 67 100 24 -73 81 -56 -2 -50 46 79 89 26 97 -8 -71 26 -11 55 -9 5 -45 -54 -13 -91 56 -64 46 -75 -56 -11 48 40 39 15 25 13 53 15 96 -40 55 23 -70 93 -78 15 82 -34 -22 -61 27 87 36 70 84 79 69 -19 58 -52 -86 -67 85 75 -35 -36 -73 11 -97 -38 20 -19 -46 90 60 -44 76 98 2 39 29 82 -3 -35 -1 -35 35 30 -36 -17 66 32 94 -33 77 
95 81 -20 60 -40 74 -100 -78 -34 -98 -28 18 -76 -67 -22 30 80 22 -6 -35 -76 -16 -84 -68 93 -8 -44 51 -33 100 19 65 -72 79 -99 88 68 -21 -16 38 -18 71 52 -10 -10 -59 -44 -56 63 89 -42 -59 39 -63 -50 -84 75 -25 3 -24 -35 41 36 -38 -60 -13 32 -19 88 -71 -16 16 7 97 -88 -10 11 94 -30 70 65 15 96 74 80 95 91 -62 -34 -12 -2 68 -15 59 28 -80 -94 -1 -82 26 36 82 99 -47 76 -56 -28 -55 -21 -8 -57 -50 45 11 -11 
-68 -19 15 62 -34 -51 56 -12 -96 67 -73 0 -98 -21 -11 -65 49 -59 60 -71 50 -20 64 79 94 -8 91 78 -70 23 81 -98 35 51 -17 20 36 -21 -29 -19 -60 77 86 39 98 -37 -10 -22 41 90 0 49 47 -34 -99 75 39 57 68 18 56 30 57 41 -35 -18 -81 -24 -55 75 73 -1 38 -1 63 79 -9 70 2 16 82 95 73 -78 -5 -7 15 -71 -76 -6 -78 -45 32 55 86 -29 24 10 54 -87 96 80 -69 -68 -13 -60 100 82 -64 -65 50 67 22 68 -24 
-21 -89 -15 -62 -18 97 -16 63 -47 94 9 31 -74 -15 -19 6 -65 23 32 -84 0 -70 33 -41 -58 20 70 -8 9 -82 -91 -51 -9 3 48 45 61 51 -96 -92 -73 48 -56 25 72 -24 49 -19 55 70 6 56 -92 -71 57 29 7 35 14 -83 -18 -31 -95 -35 40 91 68 22 56 20 -91 -59 23 -90 34 85 5 64 -55 -76 25 -84 -87 -18 -28 82 -3 -76 70 -51 36 95 73 -47 -54 95 -3 -53 39 88 75 35 60 -86 -86 -22 53 -72 -83 18 83 -8 -99 -16 -76 
71 -18 -71 -73 17 77 25 25 8 -72 26 -10 -54 2 -68 71 65 -3 80 -16 -85 -98 93 87 13 94 -21 61 69 55 -48 98 -35 -68 74 36 26 66 -8 -64 -50 70 -84 55 20 -67 41 -37 100 66 -74 -53 87 65 35 -81 -35 -89 -95 -23 -80 -46 5 33 -57 -56 -23 -40 -17 -92 -38 -75 0 23 -76 14 54 -7 4 23 97 -31 -41 99 44 -17 -86 -33 32 42 -30 32 -71 -91 -69 80 -30 -91 72 83 7 89 -93 -18 51 -97 -69 -42 20 86 100 -59 86 -30 70 
-28 -94 -3 -10 -19 27 -52 88 -69 20 -18 12 -80 96 -84 54 -76 2 37 74 12 38 -83 46 -40 -81 41 -83 70 -89 21 63 25 -19 100 87 94 -48 71 96 -1 16 4 -91 -40 -70 -52 -12 -53 -79 -56 -91 -39 -51 -80 -23 15 -25 59 -19 -49 54 73 -86 -25 47 -91 37 51 -93 32 -35 72 -11 -86 -13 93 28 25 -55 -33 47 90 28 -58 -50 34 37 -71 -25 76 -25 -4 -29 29 93 74 100 21 -24 -87 28 65 -41 -36 -61 6 -59 -39 89 -94 -97 -39 -66 -10 
-64 96 33 78 -83 -67 62 14 -70 76 -76 -18 95 29 -52 -1 -40 -37 9 -42 -74 -38 -40 42 -91 12 -35 42 -73 46 86 -31 54 -85 -72 -43 -51 95 -31 -98 -34 100 23 4 -21 -84 69 94 35 -78 11 90 43 84 -48 -78 88 35 -53 -69 -38 41 74 50 33 1 54 66 88 -45 20 -81 39 65 -47 -86 74 -63 -93 -4 27 76 51 59 -63 75 1 -16 -25 -56 -50 -16 9 65 1 -45 35 -79 12 -5 -21 -36 -2 -72 -62 87 -22 -45 -70 -86 -2 68 -59 -93 71 
-34 11 -83 -88 94 -68 -98 -28 -13 -36 58 -94 -53 -54 -85 80 -47 -52 46 97 -39 -88 -97 -32 -10 -54 -57 -25 -40 -71 -61 48 -100 48 25 -77 70 14 76 -88 -25 -12 -16 13 13 -93 -4 48 -100 -21 -48 92 -90 70 -32 -45 -83 42 18 44 -89 -95 40 -75 54 67 99 -51 -46 64 -6 64 53 -64 24 -82 -6 82 -60 51 -65 -100 3 -15 -82 63 51 -82 -54 51 -85 -35 32 99 -75 93 -42 59 -31 68 -82 34 35 47 75 24 -67 -76 -85 77 -59 -48 53 -72 -32 
-25 -89 -88 36 -14 -55 18 -84 26 -92 -14 91 83 -49 -73 6 -6 55 -32 59 -59 77 -50 94 -34 -1 73 -62 6 49 60 -77 94 50 -2 -17 -19 7 -96 25 -16 -41 -24 73 -37 -3 4 58 83 6 14 30 -4 12 62 -10 71 83 -60 62 92 -97 -35 -86 -21 63 -5 -70 -73 -82 58 18 -94 -96 -83 -100 2 7 -86 7 76 -7 -64 30 88 -5 66 -31 78 -22 68 3 -88 -99 -3 -17 60 -4 83 -95 43 -32 89 6 -85 -70 51 34 -22 7 -63 12 80 -32 -29 
-47 -41 91 37 -75 -19 -23 81 -45 -80 -12 84 52 72 52 -62 38 100 -50 3 72 -62 -76 -98 -80 -42 -55 -3 11 82 16 79 8 56 -32 -21 76 -18 -57 69 -72 -38 10 -56 -20 -9 -61 -90 25 27 -2 -96 63 17 -89 -44 5 -25 66 -54 58 -1 -13 -17 89 -1 -51 73 -97 -36 65 60 -74 -64 -8 42 -31 -51 64 -21 44 -80 -26 44 70 -86 -3 -79 6 75 4 4 -69 23 25 12 57 -8 -80 -16 -53 -64 -65 43 -93 87 52 3 -58 -39 -69 -12 -69 -2 93 
-10 51 35 15 -69 -7 51 -95 12 -82 82 -24 76 -58 26 87 -46 3 90 41 42 3 -3 40 80 -75 40 88 68 -4 -86 -16 48 -100 40 -58 41 81 -33 -23 2 -33 -86 98 -53 -95 -86 98 -99 -77 25 85 -8 -76 -25 82 75 47 20 -23 -69 -50 -80 3 99 11 78 10 -6 18 5 -10 42 -74 6 88 74 23 -70 53 -41 -11 -55 -88 62 20 94 -14 -42 -6 71 -17 13 -66 80 32 38 -79 -40 -73 -1 8 -100 -68 30 40 77 25 -2 23 -86 89 16 -89 68 
-25 -18 77 59 -93 -49 -7 -83 87 -76 47 -68 -33 -14 -78 -98 62 25 11 -41 -41 -84 42 95 25 9 -98 -60 47 -49 -85 -100 48 -83 -84 45 -75 49 -19 98 13 55 -20 66 -97 -56 38 7 -74 -55 81 -94 -65 -7 47 38 -95 -51 95 57 -92 73 7 41 -24 43 -4 -43 80 12 58 85 -12 -58 52 -69 58 72 -83 15 -78 -84 -13 76 -14 89 90 -76 -30 52 -83 -70 -70 -12 68 36 -12 71 93 -98 66 46 91 92 38 -65 -8 19 88 63 -99 -50 -53 96 -83 
66 33 -67 76 2 4 -63 18 59 -14 -5 -20 11 32 -27 -7 43 94 45 89 89 -50 81 -58 -76 94 96 -96 30 -7 37 22 51 92 1 -44 50 -72 42 -47 -49 -95 91 -64 27 -78 61 29 12 -42 -15 -77 2 -78 44 -17 -18 -76 77 65 -81 23 -54 -26 -98 -97 -55 -16 -63 26 -5 11 -85 -73 -43 25 32 70 9 4 -44 8 -81 -18 35 -26 10 -57 -15 -40 6 10 -52 -12 -53 94 -88 -74 -28 -7 98 27 -60 -24 -32 100 -30 -53 -45 -33 -70 -27 -57 45 79 
65 -87 -50 68 42 -82 -45 94 -99 30 13 -41 68 -63 18 16 40 64 -99 53 29 -50 35 74 -82 -1 -91 -92 -40 45 14 -74 -93 -3 -65 76 -63 33 -1 43 -23 39 76 -9 41 82 15 -15 43 11 -19 -7 38 -38 19 82 -54 -35 20 -35 32 -69 -33 10 5 81 -42 -92 -19 -65 92 -12 -11 82 -88 97 -40 -91 -85 24 -30 -86 78 -36 95 -33 -17 -1 42 -72 -45 97 8 56 32 -20 55 47 57 79 29 -87 -4 96 -21 92 -87 93 -73 99 59 92 -27 -34 76 
54 84 45 -40 21 60 -52 22 -58 30 -70 -61 -58 9 68 -69 7 39 30 92 -32 54 -91 35 83 -37 59 92 50 30 4 83 31 -53 -72 20 91 -80 -18 25 -29 57 1 -88 -66 -62 54 73 -49 -9 -50 -46 -32 -53 81 -87 63 -26 -91 4 -20 71 -51 -50 -79 33 36 -65 50 60 -73 22 49 -19 25 75 37 -94 53 56 -11 93 -58 -99 -9 30 54 46 64 92 -35 -60 -50 -74 -40 -54 -2 -56 33 -79 -65 -84 20 63 75 -78 -74 99 -43 13 -3 -77 -40 52 -95 
-96 -93 -42 84 -39 -70 -100 -79 24 11 51 43 7 -59 -38 -53 63 76 42 12 -25 -47 -26 66 90 93 39 -56 -12 -39 -62 -26 -89 4 -77 91 19 92 -6 -91 -78 -54 64 20 34 63 -69 -91 -91 85 -55 -45 -98 -75 98 -57 -96 73 10 33 -45 59 10 2 48 46 34 -78 96 -32 -73 5 -88 1 79 25 -77 -87 8 43 -86 46 -84 13 -21 -3 -39 -47 -44 84 22 -90 37 34 82 -33 -31 36 -50 -76 -55 66 -15 -10 89 -33 91 -65 92 -12 25 82 85 7 -61 
78 -100 14 -76 29 -96 -89 -75 38 25 16 -96 11 100 50 58 62 5 51 100 79 34 -66 54 89 -71 23 78 -55 81 55 -34 -30 94 95 72 44 78 -26 72 -32 -44 42 -59 -4 -89 11 -70 -6 -36 33 -57 -48 -87 16 -81 -59 57 38 -42 31 22 -47 96 37 -77 58 -12 -63 -13 24 -23 -2 -64 47 -99 -50 52 44 99 68 38 7 11 -57 -4 -21 -92 9 -49 -79 77 -84 47 14 9 -11 -93 -52 34 16 68 86 -11 92 5 39 18 -26 3 20 -8 -9 -51 -40 
-74 38 -4 -5 -49 43 82 65 -19 33 76 27 12 -15 -94 73 64 -34 17 12 76 -23 67 56 90 -58 93 -68 -1 -62 19 97 -2 -72 -69 -87 10 -59 12 -70 48 -55 -72 -21 -22 50 -70 23 -100 98 0 -69 12 24 58 -50 15 -33 -60 56 44 -13 -90 12 -59 84 -80 37 66 -46 -37 24 36 -47 49 76 4 -58 69 9 -65 96 15 -89 -50 -68 -26 -47 38 94 45 -7 28 33 33 97 48 12 84 26 39 -87 -54 2 65 -100 76 52 -85 14 -64 -13 -48 57 -35 
12 -75 -41 -7 85 -64 -75 20 -94 5 83 -94 -11 -19 49 -69 7 77 -41 -5 84 -14 5 -22 92 -72 -39 -58 -10 -81 84 -55 -98 -3 4 -95 -30 23 -26 -39 -69 -55 79 -28 99 -90 -61 -82 62 20 -57 -69 -56 -99 44 -16 30 -76 10 -25 -41 3 55 -10 75 35 33 35 -34 38 -21 -34 74 53 -43 25 -64 75 89 -78 14 -7 29 23 -37 -90 66 75 -30 15 63 -36 -77 56 -78 21 16 -19 -39 25 -5 -42 -80 85 -55 -28 27 91 -84 -16 63 -59 -1 -82 -86 
-26 58 6 55 19 29 -15 -84 49 29 19 -87 23 -20 -43 76 -42 75 43 -13 71 -66 -20 40 19 9 -51 53 -72 -15 -49 56 16 -80 -41 -33 -19 93 -34 -64 83 72 -93 -82 62 16 -45 -37 98 21 -54 95 20 5 -65 -21 78 65 -97 43 75 -28 -51 -87 -83 -64 87 25 -93 65 -63 -32 44 26 2 89 80 -58 -84 -70 57 -7 70 7 -51 -14 60 90 59 -100 -1 40 94 -2 51 98 -95 -90 -78 -17 45 -91 -84 42 25 -20 28 -34 -18 88 43 -19 -59 -98 -19 
-42 -80 43 69 25 38 42 96 59 52 -33 -53 83 -47 -75 62 -98 36 -54 -32 20 32 -37 89 68 4 68 6 32 -25 -73 23 -23 -44 36 86 -12 -5 -64 77 17 -56 87 9 31 26 -46 -86 94 95 -10 7 36 -79 -22 -63 -95 20 -64 28 35 90 82 -20 -92 38 -42 70 -61 87 76 0 86 75 -73 -98 79 50 4 -75 65 63 33 -31 24 -71 -64 -97 17 -19 -83 -34 -6 3 -14 48 -98 63 -86 8 -5 -15 27 -62 -99 24 46 25 28 -21 69 14 1 -61 88 
-78 -100 53 84 -92 23 -4 -91 66 -63 -86 64 -41 -22 -76 -19 -18 -3 10 88 45 81 -72 71 -92 56 46 64 71 87 -2 55 -99 21 71 -12 -18 0 -18 27 -83 21 -18 65 48 17 99 99 48 68 35 -14 -42 1 93 -42 9 31 53 -40 75 -36 -27 -36 -18 97 55 71 22 -22 75 -87 -8 7 68 -76 -65 91 13 -48 84 43 83 -86 -9 82 -88 17 15 -3 -51 -36 26 -66 -64 90 24 -11 94 35 -46 -45 -51 89 -36 67 -30 4 -44 -3 60 92 63 38 96 
-44 49 -23 -12 84 -78 -97 55 -68 -60 95 -7 -21 -43 64 32 56 -19 -14 45 14 67 44 23 -91 -63 43 50 -33 35 -17 100 94 -62 -26 36 37 -96 -31 -44 -58 59 -83 12 65 -62 -36 -62 55 89 -13 12 -50 -1 -83 -23 -51 -16 -61 -84 -23 -68 -43 -68 -43 0 -94 1 52 29 32 -88 50 78 -37 -66 89 43 0 39 41 36 17 6 29 -47 -93 -51 -38 -79 33 -59 -76 43 -69 76 62 40 62 -82 49 76 35 -23 -62 36 48 -91 -43 39 62 61 37 3 -81 
-97 -83 89 84 7 86 72 -44 -2 -24 50 -95 98 34 26 -34 -36 79 -91 -52 -20 -78 -78 73 12 -42 90 39 -79 -29 24 50 -29 -53 85 20 -25 -46 -38 -88 13 -6 -11 -30 -2 -84 37 6 14 96 -12 79 -23 -68 49 -77 39 -35 84 -80 51 51 79 8 -53 -68 99 -99 14 -77 53 -71 -14 16 -20 53 -81 -74 77 -73 44 -65 -60 62 59 52 -68 86 30 -9 -95 99 73 -95 71 53 -66 6 29 76 32 34 48 98 -64 -52 17 -19 51 85 43 76 83 66 21 
45 79 -6 53 64 77 91 -30 3 -79 66 54 25 51 -1 -99 52 70 51 -16 -73 59 19 -68 -56 57 -1 61 -90 8 -58 35 -47 35 -20 60 27 49 -40 -38 -10 52 -52 -94 8 44 -21 -35 60 55 85 -61 -9 56 97 31 -29 45 16 -40 -90 44 43 45 -11 -72 -4 -35 10 -37 -68 -22 62 55 -6 -42 92 14 -14 37 38 96 1 -66 85 -81 51 -12 42 60 32 84 5 50 -92 93 -20 23 13 30 35 18 17 -78 89 6 -4 94 -82 -5 30 83 -61 -13 97 
-59 -30 47 48 65 -69 63 -77 36 95 -78 -94 6 -58 27 -65 -19 -9 -83 43 23 -35 -84 -9 28 -10 -98 80 -17 -25 -94 -21 -9 -56 -86 -73 -52 -70 -4 76 -53 100 72 2 19 -99 -22 -50 36 86 -81 -4 25 -84 21 -9 -91 9 82 -78 -15 9 -83 51 90 -16 18 17 -99 -56 -81 98 -2 -4 -29 3 -25 84 63 -78 46 1 13 49 74 90 -76 -82 -24 72 79 -94 -3 50 19 3 -74 14 -18 86 -59 33 -58 -82 4 28 -16 17 -1 54 -85 -21 -53 75 -74 
96 77 -59 -28 -56 56 53 8 5 -93 48 5 15 47 63 86 -87 -82 -40 80 -20 -1 -37 -47 74 -51 -20 21 85 -58 -14 15 -72 -17 68 -61 71 20 39 48 -83 11 30 14 -95 -31 -71 -99 -77 40 -54 87 13 42 -28 -78 64 -63 -2 44 -74 -24 63 73 -36 70 -20 -9 -81 -30 4 -29 -7 -3 46 88 -49 60 -57 59 73 83 -71 40 98 67 43 77 46 -71 -59 -1 21 -5 98 -18 13 77 -91 60 -85 86 36 -32 84 -3 -52 -27 -51 -97 -63 -38 -55 98 -22 
-15 -80 -41 -68 62 66 65 -20 -85 35 -41 -17 33 1 -97 75 -56 -26 2 -53 -54 24 -94 -12 39 -56 87 -93 39 -34 -83 -41 -73 -90 -77 100 61 -7 -47 27 -19 33 -21 6 -21 -14 58 -27 32 90 6 49 -30 0 -57 92 22 -93 19 -11 -9 17 90 -41 -54 -83 22 -38 -36 23 -52 95 -17 86 -46 13 -83 70 -87 76 -20 -81 -98 52 90 24 -50 -48 -52 -24 -23 -25 -75 -35 -74 18 54 -76 66 57 44 48 -10 76 80 -94 -4 -22 51 58 74 60 -73 71 100 
-23 -8 -35 84 6 84 48 76 -9 43 -3 21 5 69 57 69 -44 68 34 74 72 -80 47 43 53 79 20 -70 -15 -26 -10 -25 -50 56 -69 75 -31 4 -21 71 69 44 -31 -66 14 -62 13 7 -4 -80 -17 50 94 91 -33 14 -38 -87 -57 -3 13 75 -54 49 -96 -27 -96 4 -88 49 -57 34 -76 57 13 49 -51 -64 -49 -10 60 58 34 82 -84 61 -74 54 -72 33 -68 29 17 -43 24 43 -84 -79 -15 -66 -5 -57 94 -93 -14 26 -1 -12 -70 89 -100 -65 -31 -20 -94 
-97 2 -43 90 65 47 -47 60 -86 86 10 6 -2 -53 63 75 -96 -13 6 31 -57 26 70 -87 -38 -63 90 -36 -40 -62 32 90 -29 -28 -61 -53 38 42 -11 -88 -41 19 38 63 -76 19 79 -18 89 98 -32 -65 -49 -63 -42 45 68 -74 -54 -87 -26 25 66 64 70 7 -4 -80 -41 -32 39 31 -16 16 88 -58 -90 51 -56 -35 16 99 88 43 100 76 -2 77 26 82 -51 15 -64 55 43 68 -84 37 -97 -34 -79 46 -4 56 -23 6 -55 5 -81 74 84 89 55 -99 -34 
38 19 -61 -55 -9 65 45 43 93 -33 -59 90 57 62 -33 -58 17 11 -10 -51 -42 100 19 -50 -86 38 59 -87 -77 99 -81 22 46 6 -42 76 33 92 77 -96 42 -27 20 44 52 94 44 36 28 53 -75 48 -24 46 54 35 -74 15 21 73 -86 80 50 -48 40 83 84 79 -14 18 -8 -24 -40 23 -66 -38 75 90 41 -52 0 74 93 60 99 18 35 21 24 6 91 -19 -15 -70 85 57 -6 -44 -24 -41 100 -87 86 -36 88 43 -9 4 -18 18 -42 -10 -32 -22 -7 
1 -10 93 12 -95 64 -51 -93 41 -41 17 -70 -39 2 -20 -48 -79 -61 19 72 -66 11 61 -89 40 -67 89 -22 51 -90 44 -77 46 65 57 -100 -5 55 -93 83 22 74 27 26 -65 -56 21 -72 46 79 -16 -25 73 85 -79 99 29 -96 -98 -16 -19 -73 72 98 -38 66 -14 -29 -72 -92 -64 -15 30 -93 -27 -96 -80 23 81 11 -40 -79 21 -18 48 59 -10 55 74 -14 51 91 -51 38 -31 62 90 -24 -8 21 -96 -30 -37 -10 -93 -98 11 -90 -4 -65 -44 5 100 -87 -24 
81 -15 17 -9 -30 47 31 68 34 1 90 -73 94 -24 -59 -85 -2 -10 16 -95 -34 30 -53 12 -92 -86 76 -25 52 -91 83 -82 82 94 -57 30 -99 -16 -65 71 24 96 4 31 47 -35 -19 -70 61 91 -16 -61 5 28 -47 -47 97 -31 -27 12 42 93 68 1 -35 -96 79 97 79 -38 -36 -80 9 90 69 68 -75 39 -2 -54 34 46 24 -43 51 -3 -4 21 65 79 54 23 7 -61 80 84 -39 -85 -39 58 99 -64 16 55 48 -52 68 21 63 17 -12 -69 -100 40 -20 
-68 -70 96 -49 -31 -51 -93 -9 20 -64 12 53 -71 -95 88 -91 -27 -2 -37 -69 -4 -3 13 -82 -40 70 -92 -56 -27 100 -14 -65 -31 -91 28 -10 -4 -51 50 -19 -91 22 -43 68 17 31 8 -58 11 64 85 -12 91 -43 -64 84 55 43 67 -91 -42 -4 -70 -97 13 24 3 70 31 70 -94 -41 -25 -72 -27 30 -28 33 55 35 80 -29 -55 39 -92 28 -80 -1 -98 -55 99 -27 99 67 19 65 -66 27 49 -12 82 -16 71 -17 18 93 -96 55 64 20 64 7 -93 62 77 
41 -16 -19 -13 -25 23 -13 -75 19 23 -94 -5 -88 87 53 -62 80 94 -16 -95 -86 -4 -57 48 -32 -75 91 17 -33 98 43 -98 26 -33 -61 43 60 13 -64 61 -31 -37 45 60 -8 -12 15 -80 -70 26 -19 -24 -83 67 -91 -79 -86 36 -12 74 -31 22 -13 -77 -90 7 -84 70 -73 -77 -18 18 71 -42 39 47 -9 64 55 -76 -24 -70 -47 -62 1 -14 93 -42 68 79 98 -83 79 -5 49 21 -54 -46 68 -78 -69 40 70 0 37 50 26 -66 -65 22 -67 54 -26 -47 -50 
-30 78 -46 -75 14 17 -96 1 -96 -37 33 23 30 62 48 59 95 -20 96 -6 21 -22 48 -3 57 -24 -60 20 -37 60 -66 -17 -93 -28 16 -53 -69 -57 -17 86 -21 27 -4 30 95 -52 12 -67 42 -71 28 -86 93 38 -62 -61 -100 -65 -13 -76 -70 26 -11 -74 33 -55 18 -79 92 73 49 14 30 79 -79 -5 35 29 92 -94 -71 -56 -77 -80 -37 -36 62 96 10 -54 46 -20 -57 33 28 57 -91 -43 -40 62 60 24 -64 -64 23 -55 -79 44 98 -23 -100 54 76 29 3 
86 -88 -8 30 81 -77 46 29 60 99 97 9 52 78 -87 10 51 66 -20 -32 23 -27 -91 44 50 -82 -80 1 -75 81 26 96 -97 41 62 -34 38 -35 -81 -1 -40 -90 -95 -63 76 -66 -62 6 -29 -65 59 -76 89 91 1 34 100 19 -14 -93 -40 96 38 -39 70 82 -10 -65 88 20 -7 72 51 -25 -85 40 -25 -19 77 -72 -70 7 46 63 30 67 -39 -90 -4 68 -63 -39 -79 -22 -37 -17 55 -7 -14 40 -40 22 -26 -18 -52 54 -29 -17 13 14 -12 -90 -8 92 -8 
30 10 34 -91 51 1 -84 -43 -70 -69 -58 -2 80 56 77 67 69 -60 63 -2 -76 -84 7 58 -21 11 67 -35 -86 56 21 -87 17 -40 71 79 27 -52 -39 -44 -60 -69 -16 73 75 -51 36 -34 -100 78 67 68 -31 -79 -1 -17 25 -70 -100 29 91 92 100 -100 3 -29 -81 -86 66 3 74 -57 64 88 -87 -16 -15 26 45 44 62 -31 -55 3 -59 75 51 -67 28 13 55 16 65 -27 -70 100 53 -96 8 -71 -52 94 -94 67 -92 24 55 -81 -72 22 -33 39 97 3 61 
-71 77 34 -34 59 76 -92 -62 41 53 -83 96 85 -8 45 -63 -70 -62 -20 25 63 1 48 56 27 -67 -78 37 -75 34 -24 -35 24 100 83 60 -11 -19 10 78 38 -50 17 -27 56 95 17 -40 -50 -50 13 -49 81 25 9 -82 82 -17 33 30 5 15 -26 -42 11 18 24 -55 -21 78 -17 64 -56 -46 88 -51 83 -59 -46 -16 96 93 8 -55 61 -97 -3 -72 -58 -97 9 55 -38 78 18 64 -97 -9 50 91 -76 -64 -1 51 99 -46 -96 -86 -25 -58 74 -31 10 5 -76 
46 -55 -66 20 -82 98 36 99 85 -1 94 90 -75 -50 -77 78 25 -85 86 -43 58 -11 -86 -50 -38 -58 -9 100 -7 41 -79 8 -6 -15 24 -77 22 23 -43 9 -46 -69 -91 -97 -21 81 72 -91 -37 64 -94 -36 15 67 67 -47 -84 -70 14 -97 -87 32 -25 80 -25 -71 21 -4 13 58 -20 24 0 22 52 69 30 97 28 59 -11 10 -80 10 17 6 -4 44 -33 -95 -92 84 -4 -35 22 -100 -18 72 98 58 42 -52 55 100 -85 68 -23 100 18 75 -25 2 -58 -46 -41 
-10 -22 28 94 47 77 7 90 68 91 -21 20 -76 55 13 34 -14 96 -30 51 10 52 82 -66 58 -15 2 -40 47 -72 24 28 80 -18 -75 94 -15 98 3 -41 54 -73 -67 70 -74 -59 -7 98 33 -91 -99 -64 70 27 19 33 -97 -71 81 -7 23 -27 -41 51 3 -61 -1 33 -72 19 11 35 -85 6 -47 10 77 31 -62 -78 -86 64 86 -8 -89 -63 4 -88 -34 -37 -33 -93 93 -43 41 5 -96 -64 -52 -60 54 -36 20 -41 -41 57 -26 -24 -70 13 21 -4 54 67 47 
70 88 28 -46 21 81 -98 -25 -40 33 38 -22 88 -84 -49 -33 -47 -57 -36 -67 67 41 -9 -95 61 -34 53 87 -22 99 -28 -16 83 22 -47 -52 51 99 19 -88 31 -67 -99 -56 -67 -74 53 -4 -33 1 -54 -89 -73 -28 78 52 -56 49 -52 99 -57 28 -1 78 -49 -60 -36 -54 -27 4 67 88 10 -75 15 72 46 -8 16 34 -2 3 -9 -70 -51 -41 12 56 -79 30 -100 -51 -54 97 24 -28 71 -46 27 -55 -61 -39 -77 -2 -1 69 -60 -55 37 57 -26 -97 -59 -33 -2 
-6 -40 -38 -46 93 97 -79 -33 80 60 13 -78 -30 -19 -80 62 1 -29 -34 10 -18 87 69 -40 2 -6 63 -16 -24 -61 8 -20 64 43 -6 -39 86 82 -26 -72 -75 -5 -98 93 51 -26 100 74 81 -19 -23 -85 15 38 -95 16 30 34 8 34 -57 97 -91 61 -63 -92 94 40 -72 -42 -42 34 -79 35 68 -75 -48 40 43 3 17 69 -99 10 -97 21 -55 48 32 -5 14 -39 -36 51 -66 -45 -49 66 -24 -3 29 -61 -95 -31 -24 53 -37 51 -18 48 86 8 -88 -50 63 
9 37 -16 7 -43 71 18 -71 57 96 95 47 -55 77 -72 78 53 0 -45 68 44 5 -54 -20 -67 -66 33 58 27 -10 -76 -32 -76 83 -27 66 18 95 58 -61 89 0 97 -71 -52 -11 -28 56 6 87 30 -86 -46 -8 -47 -1 -96 86 53 -94 -82 -16 57 15 -82 83 -94 -40 8 42 -57 69 10 94 -65 10 22 -14 81 95 -87 -75 -20 8 -79 1 85 -9 -24 53 -100 87 82 94 5 43 -56 -94 32 39 -6 -33 6 -8 30 -38 -77 28 68 75 39 74 18 -51 -33 
73 94 -29 41 47 -48 30 98 11 -45 -41 -27 -80 93 94 42 5 -20 57 72 82 77 75 41 -35 -28 -91 60 23 46 26 -90 85 34 60 93 -54 -26 27 34 69 -56 -35 42 84 -85 -95 28 7 -89 -41 58 64 -31 -37 22 -31 -13 0 19 4 95 82 -98 -47 17 67 46 -90 49 49 -62 55 -69 63 82 -89 -85 -28 -63 -77 2 -40 39 15 32 -4 40 -63 9 13 18 -21 44 -80 47 -23 13 -90 72 -53 34 -77 -45 67 -44 58 53 -53 63 42 65 43 4 -83 
22 67 22 73 -100 -10 -10 56 -98 48 -33 72 -13 -53 30 36 -32 72 -18 16 41 13 -12 -12 -27 3 67 -70 9 94 -49 91 -73 47 92 -40 -72 9 -48 -8 -36 77 -4 -18 64 -36 92 21 -57 25 -92 44 17 -61 13 2 83 -77 37 -80 -47 9 -43 89 -2 33 -35 1 68 -33 -19 -54 96 -4 51 41 57 -93 -70 14 73 -83 -86 81 -96 10 -84 72 -32 -26 -7 9 -36 -47 78 -1 -100 91 62 -40 77 -32 21 93 24 -58 73 0 67 -80 -45 74 -71 71 21 
62 -47 -81 75 -21 -55 -16 66 60 -33 -23 -75 47 -48 74 70 47 -71 -19 57 -81 6 9 63 -82 21 -55 43 -62 -3 79 -16 -81 -47 -48 -1 67 -58 76 96 -52 -15 33 -95 31 -45 11 16 -74 66 31 38 -54 -100 -49 82 62 -30 73 -99 -52 -10 -73 95 -69 -50 68 84 66 39 89 -79 -81 6 69 -96 34 93 -98 51 -46 -100 -61 44 -94 45 -54 -47 -77 68 -56 -94 -55 -77 -22 -27 -6 -68 39 58 94 20 93 -75 80 19 -60 92 -28 -15 5 -83 48 75 19 
-55 23 -85 60 79 -56 31 68 64 26 77 54 52 7 79 72 96 -25 16 54 53 2 20 -56 77 60 -37 -29 -16 87 -76 -37 46 24 -58 17 52 -85 -66 -65 85 -77 64 50 -14 -17 75 -33 -29 91 77 23 50 77 92 68 92 12 -52 -62 70 45 -66 50 -68 32 1 22 44 -80 -4 -95 0 45 99 39 -28 22 -61 -79 78 80 -32 -8 -26 -43 -47 69 9 -81 0 64 77 7 -40 33 -51 96 -30 96 -24 8 -66 35 80 32 58 7 -16 62 23 65 -58 -10 -92 
-83 20 68 29 -42 -52 57 -86 7 68 12 -8 -3 28 -99 -44 -98 74 -30 -32 29 90 30 -1 -67 -84 -16 -36 41 8 -72 78 -44 21 50 43 -20 18 -84 51 -87 -46 80 -72 54 -50 23 -66 95 51 35 -51 -9 -37 -69 25 39 -52 -44 68 26 98 97 -39 -21 -40 -87 -18 31 87 69 -46 47 -80 -30 93 1 57 -93 67 -96 -72 18 -26 -14 47 -26 -55 -54 11 -23 -10 34 55 -11 -26 -57 68 -56 -68 26 0 54 3 18 -36 74 -82 24 -60 -66 -28 98 89 93 
-13 -97 22 22 -58 -97 -16 -46 0 -35 77 79 16 -66 66 46 32 -80 21 6 -42 -85 -22 -67 -83 5 99 -22 -13 -80 50 17 -95 -57 44 -60 83 55 -11 -64 41 41 -49 -1 -92 24 -44 -100 -98 -42 18 40 -70 -20 88 -60 -34 27 0 32 -33 -86 -10 82 47 41 -41 7 -23 -54 8 -20 -28 81 54 -72 54 53 61 -35 43 -14 26 -12 -93 -66 82 32 87 42 -27 -55 37 29 -15 -93 -86 70 46 73 99 18 -44 23 -86 11 92 -27 40 -82 90 -20 6 96 -97 
97 -55 -47 59 42 33 74 -40 63 -23 -62 -4 -77 -52 83 17 -99 32 -76 -18 32 -28 -73 58 -17 11 -7 -24 62 -67 74 70 -88 64 -9 -92 -40 29 42 -68 76 9 -82 -75 -65 26 -70 -87 -84 99 -40 -89 70 -100 -19 38 37 -19 -53 -66 -34 23 91 25 40 18 -49 -42 1 57 17 -72 92 20 -78 63 82 -74 -82 2 -82 -98 -56 -28 -19 65 -86 -35 -99 -83 -48 31 34 -41 -9 62 37 16 -43 5 22 5 49 56 48 -16 16 60 -74 10 93 -38 11 -50 -80 
-25 90 -12 78 -9 9 12 -62 88 97 23 -80 10 -80 -91 -77 -87 -93 -91 25 -85 -52 -76 -35 -10 -7 -13 -40 -70 59 1 15 -41 83 -63 97 46 12 32 32 -15 -19 61 6 -39 -75 93 68 -96 -51 -47 -49 28 54 -32 30 -14 83 -80 -6 86 -65 32 -95 96 90 -96 68 -80 -48 100 -52 -91 -41 42 -22 40 -80 12 35 -46 94 20 17 -7 -71 -3 -89 -82 -26 19 68 -16 17 -11 -44 -33 55 -33 -53 -69 15 1 -86 -4 5 69 -59 46 62 -62 -93 80 -18 40 
74 -43 58 -64 -44 42 -18 -56 -25 45 67 -49 58 49 -95 -44 33 -40 -12 34 -53 12 98 -27 -15 48 -75 5 -79 -57 -85 57 59 -53 -41 96 14 -62 74 29 36 78 50 -23 82 -42 -90 44 80 -67 -42 -27 6 44 -28 25 -54 -4 13 49 -26 94 4 -76 -72 -76 -31 -62 47 -15 1 56 -27 -36 9 20 93 -83 -60 -63 55 -85 -29 -22 -39 -84 31 68 -38 36 -6 76 43 -86 -2 29 -20 2 -73 16 -47 58 -50 -66 93 87 -45 76 -20 -70 -90 -45 37 42 15 
-74 -18 18 91 18 73 91 68 -79 -14 -78 -51 92 40 -19 -74 69 87 -93 -59 -49 26 47 27 44 -62 -81 78 47 -48 -71 78 27 87 15 -59 -2 -86 -1 -46 -54 -91 18 -1 -57 41 55 72 -3 -17 -65 -94 65 17 45 -87 -76 -29 85 -26 -6 -4 15 27 -36 -38 64 -51 25 15 18 -74 67 66 -68 13 39 67 21 -5 1 43 86 19 -26 42 -56 -55 29 -55 10 -8 -31 98 70 -45 -22 5 -91 12 88 -73 -27 100 -79 -84 -65 -75 -73 -26 25 -14 -66 21 28 
-11 -19 -92 -4 -3 23 -84 -45 5 63 78 -100 12 -84 78 94 16 75 66 -58 -83 32 -70 -72 -15 30 -2 -46 -75 31 -36 67 -78 -78 -15 -4 -90 92 -45 -13 38 -28 33 19 37 -78 -27 -7 -11 -54 -23 -75 57 -10 92 5 20 -38 -72 62 -65 100 -86 94 -56 5 77 -89 33 -73 96 97 -73 7 -23 -94 37 56 68 12 -43 -91 27 -58 -88 40 46 -48 38 -87 10 50 -71 -18 3 -45 79 -97 13 -22 -36 -59 -17 63 35 -41 -46 -65 16 88 14 13 51 -24 -47 
79 12 -56 -45 -42 -93 81 -68 70 -15 -14 15 18 98 -88 93 -76 -65 8 -55 40 37 94 3 93 -7 79 80 -1 -42 81 95 -47 -91 88 43 62 -24 -2 79 -58 61 -70 44 -40 -19 13 87 65 81 67 -38 -99 -71 -59 55 -35 -18 -52 27 -18 -13 -17 90 34 -100 -37 94 -82 4 79 67 41 -61 -40 -86 42 36 40 -1 -83 -51 -79 61 -45 59 -28 -76 69 -4 49 -16 59 -85 82 92 -75 81 -94 -3 52 55 46 10 -7 -36 32 98 14 33 -33 89 100 62 -62 
52 -38 -89 -83 -66 -15 24 53 -39 63 0 -97 65 60 60 -99 94 -34 -11 34 53 2 99 66 94 57 -96 96 39 33 3 -5 4 -19 -20 27 40 -93 -14 95 -48 -18 36 -87 80 99 -71 91 17 55 -40 24 -14 75 -14 -32 6 48 51 -48 2 38 56 78 -98 11 45 17 -28 -14 44 7 -56 5 58 -54 -41 -3 40 1 -62 62 -15 -5 -5 -21 24 -37 -15 17 70 -54 -14 37 -22 76 -11 66 29 10 52 74 55 -18 47 -80 2 6 67 32 65 -71 54 93 95 
71 -82 -43 -55 -43 62 -71 83 -12 10 -10 23 -70 46 -59 -39 -91 55 -64 79 69 -66 5 -37 -58 83 75 37 100 -77 32 12 24 51 -86 64 57 98 -96 92 9 -95 -50 90 81 -40 68 79 -26 -44 -43 -28 92 -80 -34 48 -7 -10 -50 26 -39 -38 -51 -21 -75 -90 64 69 18 34 -37 -17 100 -6 88 28 -43 82 57 -83 -79 75 52 41 -38 26 -34 40 -43 -2 -20 -24 -76 -78 -28 -61 58 -56 -97 -3 2 -100 14 9 99 5 -6 -26 78 1 76 59 -23 -6 79 
80 10 -12 -44 48 20 -93 56 88 83 -69 -3 75 68 96 -62 40 -43 -32 59 63 -49 12 4 -15 40 39 -79 10 67 -12 -80 -32 51 19 88 -26 74 -22 56 17 -27 77 60 -40 32 62 45 37 -84 75 49 -12 7 20 -59 3 -86 42 79 -20 -10 -85 -1 -98 -16 -54 34 65 -11 -56 -6 14 72 31 97 56 -30 72 -27 4 -38 87 53 85 -49 21 92 -78 -8 95 -84 8 95 -18 58 -63 71 56 -4 25 -76 -39 0 71 -23 41 -78 -24 -38 -58 -4 -55 8 -73 
-74 -16 22 -7 -12 42 -34 40 -83 -79 27 7 -5 62 89 18 14 20 -10 -83 93 -23 30 -46 -7 99 68 -40 -52 48 6 8 49 86 -44 -25 84 5 38 -44 11 -100 -58 64 53 -64 29 -85 -42 -8 49 -77 30 72 19 -55 33 93 46 -7 51 -87 11 -90 -49 60 27 -21 -69 -15 -57 -38 77 30 -21 78 52 62 -96 -97 81 14 -23 -41 3 -54 -74 46 -2 40 -19 73 -11 -23 22 -72 72 -45 1 83 -98 17 55 -44 0 -4 5 98 45 -42 14 -77 46 100 5 
-89 -92 17 -92 68 -94 -22 14 -89 70 52 88 61 46 -72 -99 -44 62 0 63 -7 8 -70 -83 -84 -42 81 9 -4 24 67 -32 57 60 78 12 75 -43 37 -37 -61 -20 -32 -18 -37 78 -74 -20 73 -66 19 72 6 -53 -6 18 22 -49 -55 -81 72 -89 41 96 41 -15 75 -70 65 -90 87 -36 -27 79 -59 44 -100 -5 45 -7 -49 72 28 -17 45 53 56 53 0 72 31 -67 8 59 -80 51 -93 -46 76 -5 28 -96 47 98 4 -58 -23 93 4 -18 -70 48 79 18 -50 
-61 -78 -2 -34 3 -89 -85 -95 31 54 -66 -66 -40 -42 50 -57 -50 78 -8 41 -66 25 -68 56 2 -6 -97 -80 43 -76 -80 -99 53 -21 -12 28 -87 74 -4 -28 -23 12 94 1 2 34 64 -87 -24 -89 61 -82 -34 23 -72 61 -97 37 -50 15 31 -73 91 -90 53 -49 -55 0 18 -35 11 88 69 10 -24 -6 75 -42 94 78 30 85 -34 78 57 -46 -68 -67 -58 29 72 95 80 -25 -86 30 63 -97 74 60 -65 -12 67 -49 -14 -7 -81 97 25 63 -48 -34 48 70 -42 
-7 29 91 -75 -36 -26 -32 -5 -80 50 -97 3 91 44 -80 -28 1 -18 100 10 69 -98 34 -56 -84 15 72 -10 -66 -42 27 64 58 68 -47 -87 -80 -98 -4 -81 -80 -24 48 53 -62 73 -35 -27 -79 -46 53 -97 38 48 12 -44 -5 90 14 75 56 8 -37 -34 -29 -87 62 67 63 -90 26 -55 73 58 10 41 74 85 40 -60 18 57 -42 -81 -46 25 -51 73 69 -63 8 82 -33 99 97 43 -59 73 -36 -57 -21 40 -55 38 -37 64 65 -20 -79 96 18 -23 59 -24 99 
-78 90 -58 -67 -88 -18 -54 -45 0 62 -65 -37 -9 40 17 -2 -85 80 6 -93 19 -58 -13 4 -90 98 -50 -75 -46 67 87 -22 72 -58 -16 -63 -36 100 -87 -29 -15 -5 -61 80 -83 65 -59 20 29 98 11 -59 95 61 66 5 -97 -88 91 47 -53 -19 -50 -94 61 64 -91 -31 12 -37 -59 19 -7 -64 21 -2 -27 -90 -75 -29 -43 0 50 -48 -89 54 11 40 -58 25 -51 79 83 28 -92 28 82 -2 83 87 96 -90 36 -22 52 29 14 -34 41 93 -55 60 -7 18 -43 
42 -98 -3 -63 61 26 67 24 -42 -85 16 -95 43 18 -47 -20 -75 77 81 53 -76 -88 46 -77 -23 17 78 89 -70 -5 -37 48 70 -49 -81 -84 -75 99 -66 -89 85 -9 52 68 -49 -32 -11 -63 -100 36 34 -20 91 99 -40 -16 -22 -43 -25 74 -50 6 34 -45 -68 -95 -64 20 99 90 -2 -62 -24 -97 68 1 64 3 30 14 -29 77 58 -16 -73 -80 -41 -21 -33 -39 -73 -86 -68 -72 4 -96 -66 9 -19 -8 -10 -53 -32 40 13 39 27 54 -28 87 -57 -46 -31 -80 -16 
81 -35 -3 15 -21 1 15 -33 52 25 84 91 35 -23 24 -79 -89 81 75 89 90 -89 -100 -59 91 -19 -1 52 59 -89 -60 -52 -26 16 47 60 -24 -66 -70 70 -81 84 70 -34 15 -10 -73 64 -72 67 -98 -61 -71 -5 38 60 -10 68 -83 -47 62 -47 -1 -42 74 66 25 64 -97 -71 40 19 -72 76 100 -53 50 -20 -94 -12 45 8 -26 5 44 35 98 30 97 35 -10 29 -88 34 -23 -99 69 -21 -68 -85 -9 45 36 77 -6 -55 95 -77 -73 19 59 40 -79 -13 -32 
11 -9 100 78 -30 95 -49 -71 -94 -40 26 39 -37 45 28 80 5 56 -17 22 -37 72 23 -96 13 19 -94 -94 -68 28 69 -27 -24 80 64 1 19 97 -66 97 11 -47 6 12 -14 50 86 -85 12 -63 86 -52 -64 86 -2 -11 15 58 -82 66 65 8 -67 -45 80 93 -20 -96 97 45 17 -52 73 81 90 -61 -59 99 50 -42 -1 -93 24 -83 -16 -23 32 16 -19 27 -24 64 1 54 -3 -13 42 -34 -35 -63 -9 77 60 -21 25 -66 41 91 -68 -16 23 -53 49 82 41 
-25 18 -66 27 -78 -10 26 52 -65 -38 40 11 52 -25 13 -16 23 11 11 -3 84 4 61 -12 -87 70 77 34 -55 73 49 -56 -38 -19 -7 -50 -43 37 91 -95 97 -66 -88 -99 -79 50 96 -82 89 7 92 78 -1 39 84 74 30 78 -21 53 -92 98 -88 87 59 100 78 58 -30 74 -52 -55 -43 82 42 -69 60 -78 56 18 -49 7 -49 -15 -22 -52 -77 49 -21 -84 -41 2 64 84 42 -36 41 -44 3 -39 80 -79 -23 23 -88 33 26 55 90 -18 -22 92 -72 -13 -60 
63 -6 74 -25 -93 100 -12 -44 22 -55 20 83 -9 -75 56 19 16 57 -18 -56 61 -88 -33 -84 -50 97 64 76 33 -3 -64 16 63 -86 72 -15 72 14 61 55 -36 -6 47 -11 -9 30 -90 -28 88 23 -37 51 96 -75 28 -13 -12 91 -73 -50 -72 29 -34 -45 95 -81 40 1 57 4 -23 31 -2 15 57 5 80 -37 -34 -48 -58 -38 -39 -91 76 70 32 -27 29 55 48 -78 15 36 -82 -31 -97 -18 -48 6 92 -25 -75 -28 -50 -54 75 -84 -6 -56 53 -41 20 -42 13 
22 -39 -59 -37 65 59 -98 -72 -3 52 23 5 -100 2 -55 -20 74 69 30 -1 -39 53 92 -32 14 71 -56 -25 6 -28 35 36 45 26 59 55 -90 51 -75 24 39 -1 -37 8 68 23 -41 25 70 -50 71 20 -56 -36 54 -22 -86 -16 -98 -28 -11 -1 82 6 -95 78 -46 -49 -26 20 91 -65 37 22 32 9 -63 80 20 -23 69 -1 -39 -2 4 -32 92 -6 95 12 75 -78 -55 81 -78 65 -49 -89 37 79 -36 1 38 -90 -20 -67 -98 -75 -45 3 -40 -4 65 75 64 
-98 19 86 -27 -67 -7 -80 -52 -32 -18 -82 -23 -31 53 -61 -52 76 54 65 72 25 -32 70 -40 75 97 19 49 69 -51 99 98 -77 -16 -95 -97 26 64 34 -54 -68 86 81 -88 17 -61 62 -15 -15 74 -34 4 -89 -13 -89 -75 -48 22 -76 90 -78 -65 -70 65 -6 -92 -3 -52 -47 -47 -38 41 54 57 85 36 -42 90 49 73 -31 58 73 -5 -24 -76 78 44 -69 -34 40 28 -14 -6 73 44 4 -19 -22 35 38 -26 68 60 18 26 -51 -66 2 50 -28 -96 -81 0 -68 
86 -43 -68 -31 36 -18 -30 12 -89 95 90 77 58 68 -42 -85 -9 36 -87 95 3 -42 40 -64 95 -9 -36 0 76 -52 14 -80 -12 -80 49 -65 17 -93 -4 -2 -1 92 84 88 -95 -10 72 93 -28 85 -76 -23 -100 95 -65 0 -71 74 30 -61 -65 -20 14 13 -87 -98 -36 -60 -81 -3 -4 92 -16 37 -25 86 24 -14 66 -58 18 7 -43 -83 33 -98 32 34 -70 6 -89 -65 93 -39 88 -40 7 89 29 1 -58 4 5 -56 10 -9 64 -94 -47 -52 40 -44 -1 59 -69 
95 -12 60 -43 -22 77 36 35 75 79 28 47 22 -25 -13 80 -74 0 -11 -14 -88 52 25 60 79 38 -86 -70 -33 1 -9 36 88 32 -19 48 -40 22 -74 -68 100 13 96 -86 6 11 -14 41 28 -2 -17 59 -93 -61 -52 -48 -78 -60 -66 -4 -60 -67 59 -78 29 -75 -21 -22 -85 34 -87 81 16 37 50 -2 72 67 62 49 80 62 63 71 76 -49 59 -17 -78 -30 90 -5 48 -12 36 -64 -71 89 -40 -87 26 -30 90 -72 19 -58 -93 41 -67 -17 -34 8 -48 -16 -37 
59 -74 39 19 -24 -87 -57 -90 60 5 70 29 -20 -22 23 -54 -49 47 -56 -10 -83 61 67 40 12 -71 -99 70 -45 46 -15 -16 -3 87 -16 -52 -32 -64 -98 99 18 -64 -77 2 -35 62 80 36 -77 -52 37 -62 3 -14 -10 -47 30 93 -15 -23 73 95 86 -11 -11 -92 30 95 -43 -92 -40 -10 -93 -53 89 -2 5 64 29 -59 -58 41 0 -96 58 -41 92 -10 63 85 -16 -98 47 24 92 2 3 55 -5 69 41 65 -38 30 95 -67 44 16 -63 -19 -16 56 -88 -19 -59 
-79 -21 10 62 37 -24 -17 -99 -34 -19 74 0 -3 34 88 -83 61 -79 14 19 -14 79 47 30 -59 -7 -82 -29 62 -71 41 -80 -40 -23 71 -23 45 -99 -18 100 -46 55 -69 -46 -20 -78 -78 -30 69 -35 -91 60 25 51 42 23 82 -13 56 56 54 94 -80 66 -35 70 -22 20 72 -7 -58 64 -54 -69 -71 31 -89 99 55 -32 -39 -38 -100 51 76 -4 -65 -78 -49 -82 -60 13 63 -81 -79 97 -52 12 77 73 -81 71 12 -92 3 18 42 70 -14 81 -61 91 99 96 -72 
-6 -97 -9 42 96 -88 82 -7 -90 94 52 -39 83 -3 71 28 1 55 -5 -58 82 29 -25 13 -62 37 48 -55 45 -63 -31 13 29 -74 -49 25 35 19 37 -42 75 10 -22 52 -6 -69 -59 20 -40 75 75 -28 14 90 73 -25 39 53 70 15 52 98 -17 89 73 92 -33 -26 26 66 -97 -45 29 -67 -96 20 91 39 10 89 -52 -100 11 -42 -72 -90 -3 -59 -47 -26 9 -8 11 64 73 -75 -37 -14 -53 98 -74 -68 -5 17 -89 -56 70 82 -35 93 -42 -62 21 -34 20 
31 -20 -79 59 6 20 -56 -21 20 49 -6 49 96 87 -82 98 -11 -98 98 -57 49 65 -59 -25 73 -43 10 -90 -25 61 -10 -3 37 7 87 -5 -97 -40 -56 -69 38 -9 64 -4 79 63 80 8 -91 -22 -17 -96 60 -92 8 59 -73 -68 -9 71 79 -92 92 57 -90 -79 -67 -69 34 32 -65 -61 63 17 -30 22 -31 -43 24 -83 -50 -10 77 57 -30 -76 -67 27 -45 82 44 -84 -97 -5 -18 17 -62 -43 62 77 42 82 -74 -35 14 96 -80 -29 12 10 -71 99 54 -84 35 
-18 90 -63 40 -20 81 -20 -59 60 -93 90 11 50 -14 53 58 -11 -35 -72 -94 77 -81 92 -68 84 95 87 29 -81 -35 93 -39 -16 68 0 -82 58 -81 -31 -34 -17 -87 92 -68 87 35 45 33 18 89 37 3 93 25 13 64 21 -31 -56 76 61 -56 15 13 -54 -71 -77 -79 13 24 -99 -59 93 97 47 26 93 -70 99 -34 65 -43 -67 100 -17 -23 -75 57 -18 29 -74 18 -75 11 31 89 25 64 -30 -41 -86 -89 60 36 28 6 53 -64 29 24 47 -18 -16 -36 -97 
-70 38 8 7 -88 -53 14 14 18 3 -1 -97 94 29 7 -71 -51 75 61 -75 -77 62 -87 89 -29 100 44 68 17 81 77 36 37 51 47 -29 32 52 -77 -92 -20 -38 39 82 -73 37 87 -85 89 -90 2 -16 0 93 93 39 20 -13 -48 14 -19 15 -3 96 54 -80 89 -71 33 89 56 30 67 13 -99 -67 15 -98 -6 96 7 -27 9 85 64 28 -21 31 70 -45 31 92 -38 -44 15 99 51 11 29 25 79 -1 57 35 75 97 78 82 93 -59 -75 -62 51 -87 42 
18 6 -81 6 -72 4 59 -95 -17 -91 -27 41 57 54 -14 -88 -1 -98 34 -59 -51 -45 -71 -92 16 99 66 58 -53 -93 -29 -99 65 -97 -75 -69 32 96 -31 -56 71 -23 93 -23 32 28 -55 -2 -15 -80 53 -21 33 92 -59 8 -7 70 39 32 -95 -56 -59 69 56 84 39 77 36 78 39 3 -41 -66 96 -78 -90 -62 93 -67 -14 51 -48 -47 51 68 -32 -67 -32 -69 -10 80 66 98 18 61 53 85 -67 -37 45 61 56 -61 -61 -58 -38 -80 -71 66 -100 -51 -79 -27 73 
26 -77 -57 70 -2 -25 57 90 1 95 29 -30 30 -55 38 -76 16 -57 82 -79 -31 60 -49 -78 -67 78 -92 11 14 -84 94 -64 -69 40 -73 25 36 19 62 37 37 16 -29 88 -30 -42 -52 7 -44 31 -2 -81 -52 -64 -1 56 64 58 -63 -25 6 56 -3 21 32 49 -99 90 100 30 -82 61 100 56 -50 10 -31 -13 97 51 18 50 9 -82 100 -33 44 -72 100 -47 84 -14 -8 82 -1 4 -6 59 -55 31 72 -20 -41 -20 -62 41 46 -18 -78 88 40 24 -4 88 -76 
51 -95 93 0 53 -42 73 -21 -44 36 6 55 -49 -78 67 60 -66 4 54 -55 -22 18 -60 -77 86 -71 -8 -19 -75 23 -77 -87 -11 -97 -49 47 -32 -96 -3 -64 16 -98 65 99 18 81 -46 40 23 -36 33 -70 -61 -17 70 58 -50 72 37 89 43 82 -12 51 39 95 -17 -57 -52 17 90 -23 -68 42 -57 45 -47 -97 3 2 -87 72 -4 -16 -5 80 85 79 -63 -94 57 -15 73 -63 28 35 35 -97 -9 78 36 -22 -65 -5 85 23 -18 74 62 -96 -77 6 -25 -71 -80 
10 -66 -28 34 59 12 51 48 86 67 -89 30 14 -3 -46 -67 5 92 -37 -85 27 -90 99 -36 30 66 -27 -32 -17 -72 -43 -54 -72 -75 11 -90 21 28 79 -55 10 86 -27 -51 82 -100 97 80 31 -65 -1 29 52 -34 69 80 49 84 67 -50 59 -2 65 7 100 46 -57 -100 -13 3 -98 -81 86 -18 75 0 20 -54 98 -51 85 -12 31 47 1 47 19 -32 98 -53 -57 -10 29 1 16 64 -85 -66 83 40 52 -36 -64 -62 78 -58 -2 -6 80 96 -19 -83 -19 -85 3 
2 93 -16 64 47 98 -52 34 77 -17 44 5 -49 -72 -12 10 -36 41 26 70 -58 -86 52 55 1 97 14 40 97 24 68 -7 -72 -20 -60 17 56 64 12 -31 -47 -14 -94 -45 37 48 -6 49 -33 51 86 -62 95 -13 -22 93 -53 -12 20 41 38 -49 -31 -84 77 -21 90 -90 46 -87 -94 29 -82 -53 -23 88 37 76 98 -88 -98 20 -35 3 36 -58 21 1 -8 -42 48 -1 59 -77 -91 -65 -74 -53 92 -56 -17 4 -21 52 -47 -49 -19 61 -6 -37 5 17 97 78 -93 
-82 -30 51 78 32 -59 14 62 -50 -14 -7 -16 88 -69 52 -50 -67 -6 88 -77 80 -44 30 -91 -20 -31 -49 31 87 48 -71 -31 -77 -99 -30 -14 59 37 -8 -63 -6 90 33 -69 -92 61 90 20 -14 -19 40 83 -7 16 96 36 80 84 -19 72 -38 45 -76 -70 -93 -95 -70 74 14 -12 5 95 82 -40 -70 72 -9 -34 41 95 -70 -79 9 70 91 -69 -92 94 -79 -15 -57 29 -4 66 -5 38 5 44 -29 83 -42 -29 42 -51 22 -56 50 -4 28 4 -26 94 17 -60 39 
-9 -85 -76 -37 -69 -32 11 -52 -49 -33 49 41 67 21 74 93 -41 18 -73 -9 5 -65 -33 62 -1 -9 -22 41 -20 83 25 66 -76 64 55 58 -67 -76 22 -74 39 18 48 -63 76 -80 -6 -91 20 -77 77 66 29 -69 -39 30 -77 -52 -11 -29 28 74 51 -21 -51 -2 -36 29 68 -49 -9 -43 56 -82 -54 21 -80 61 88 75 -82 -43 30 2 12 23 -10 29 34 66 -98 99 -83 88 -96 67 43 41 -65 70 -51 -57 3 79 -96 1 -79 69 11 89 -97 -47 1 -8 70 
57 -92 -79 -35 61 -33 -55 30 1 -63 -67 -35 71 -81 -28 75 -33 35 41 -34 72 -81 67 -92 -6 -14 -80 77 64 61 -41 -28 -14 -33 69 -29 -49 -47 97 68 -88 -43 -56 -59 74 88 -93 -40 -27 -30 -3 -18 -78 11 -73 -36 -61 71 -54 -52 -82 80 -59 -95 -35 -16 -4 25 1 8 56 59 -57 8 -84 9 100 98 -70 67 -14 81 -23 -72 67 34 -100 -10 -15 -91 -37 68 38 22 -100 66 45 56 -77 51 12 -85 -80 -42 -58 90 55 5 -6 -34 -95 48 -24 -31 -83 
-49 12 53 -2 -61 -45 -26 79 95 8 55 -66 -61 -54 99 34 -69 24 -94 -59 20 100 -73 37 74 72 -18 -54 55 -32 37 -31 14 82 37 78 -54 40 -93 -47 84 -34 32 -44 -98 -64 -34 -61 77 -83 -5 38 -7 -61 -41 89 -35 89 -61 12 56 -84 -22 96 -36 -3 51 71 -65 60 -16 57 -75 77 -46 -28 53 -41 -59 19 -22 -68 -88 4 -69 -26 77 -74 -100 -68 10 60 46 -65 53 -43 2 -20 -81 -20 1 -44 56 10 -44 -18 -15 63 66 80 -82 4 19 11 30 
47 19 78 -11 61 -84 92 -15 29 -97 76 9 51 -32 -59 -5 12 23 -84 23 -2 86 -99 0 -83 45 -61 61 -68 -31 -15 -2 -32 -95 24 42 68 44 -64 7 73 -56 60 -96 85 -70 35 -5 -85 -9 79 33 16 95 4 -15 88 -54 -69 6 97 50 -42 -27 -77 60 7 17 20 66 -63 -23 83 -89 -96 -72 -42 -2 57 44 66 27 69 3 -69 -65 19 -77 21 34 -75 -14 64 -79 -23 49 25 -19 60 79 38 92 88 -4 5 -28 -45 6 -19 74 -42 32 48 -90 13 
-70 39 72 82 37 -26 77 21 -97 94 -10 88 77 -24 33 -86 50 -51 84 -37 -70 -55 47 63 -85 -60 39 100 83 -65 3 99 16 24 -39 -34 51 64 -84 100 -84 25 46 93 -41 44 25 63 -56 18 -11 -58 -31 -79 44 15 86 -39 -18 -37 -11 27 75 42 78 -30 74 98 73 -67 -23 -1 -69 -49 61 -9 12 -88 -21 -51 72 -68 -32 8 50 -95 -17 -33 -92 19 46 -25 50 69 33 61 35 -23 -90 0 96 -36 99 44 -37 83 79 -35 5 87 -13 21 -5 -87 42 
-35 -74 9 -37 23 -24 84 83 70 -69 -62 -3 -38 -28 -29 7 -17 15 58 -38 -5 38 -14 -47 0 -24 59 51 9 -79 29 73 -15 54 -40 -22 12 -67 -21 -27 15 -75 -33 -68 21 33 -20 -68 61 -85 -51 86 6 21 6 86 -97 18 -61 73 68 89 -17 20 -37 -81 -73 24 -26 -86 -31 47 38 -60 -85 75 82 82 -10 74 99 -26 -100 13 96 40 -21 -92 58 -5 -1 67 -9 -69 61 -13 -86 44 72 55 -13 -18 3 26 3 79 48 -84 5 -41 -23 -75 -90 -65 80 
-23 -20 -19 18 69 73 -24 13 -71 -60 -46 92 76 19 -34 -85 78 -98 -41 -7 -36 2 0 -94 87 26 -51 -26 4 22 -3 -45 54 -26 28 -62 -90 -84 -51 -19 -74 1 -76 -29 95 65 8 26 -49 -78 62 -96 15 28 29 78 34 69 34 97 14 84 77 43 37 -3 25 -87 -5 -100 -46 96 -10 -3 -25 -90 -75 40 21 64 66 84 -32 -27 -65 -22 -64 68 61 13 18 17 4 56 79 7 7 46 -65 -81 -11 -59 -49 -23 -13 -67 81 -70 34 -38 14 -39 34 87 -51 
-15 30 -14 24 62 -92 73 -58 -56 -34 -10 52 14 69 -71 71 -3 -74 82 -6 71 -14 -51 -15 42 -53 -26 10 -2 8 -17 -70 86 -78 -24 -24 -98 -56 -68 -87 1 19 -12 40 98 -59 71 -84 20 42 -22 1 5 -93 53 10 68 -77 -41 32 -88 66 2 64 -1 -30 55 73 -54 -5 28 -86 -42 -6 44 -26 70 -98 -91 32 22 -72 -45 27 -95 16 4 17 -99 -65 85 79 22 -39 36 -72 34 62 74 63 81 -8 49 44 -39 -100 75 65 -2 47 -68 -11 -24 -37 82 
-16 76 98 97 90 -92 100 13 15 -40 -52 20 0 -15 95 76 -52 -64 -50 -62 -62 24 -50 -9 -75 21 97 -46 94 45 21 94 15 -62 -20 21 79 63 68 -63 7 33 80 -29 -7 -16 47 -88 -12 -98 19 54 -42 55 -52 -68 4 -59 69 -29 -9 -77 -15 -38 -46 -15 85 37 -34 -74 67 36 84 95 14 -39 -28 -52 26 -100 98 -73 12 27 16 55 51 65 90 52 -46 -86 -100 0 -89 -4 -94 -60 -74 -22 86 -85 43 52 -25 85 4 -90 -63 12 12 -7 -16 40 59 
93 -82 -49 48 87 -15 -71 49 83 -55 -27 85 -64 -43 -17 -57 55 -32 -93 63 -4 -63 94 43 -88 75 73 75 -4 -85 -8 42 58 53 39 49 91 47 30 47 22 -49 -24 -75 51 -2 84 16 -96 96 36 -30 64 -46 29 44 -75 91 13 -63 -56 -19 31 -58 -5 -68 78 -57 92 42 38 86 -71 -58 -97 49 49 34 98 33 28 -22 78 35 90 -32 67 -72 -53 -100 -17 -31 22 85 88 85 -75 34 -14 -23 59 -21 72 -47 -90 -89 -89 -91 -37 12 74 -15 27 -22 71 
27 -49 -99 -95 -11 -93 -45 -30 -36 -2 -74 42 -68 -26 3 -65 -53 9 -50 94 2 -40 -19 54 10 49 75 23 4 -70 -75 -62 -78 -28 -10 51 20 -54 -26 -80 -95 -45 22 69 -17 -87 97 51 -96 10 -56 -26 14 -6 -11 -100 40 40 -62 -7 -63 -31 -79 -71 -19 -30 -79 -97 -78 51 -36 46 70 80 59 -10 73 34 89 14 86 95 30 -89 82 -48 73 -59 -67 -66 -54 19 -39 92 82 -29 -37 3 79 81 -31 -12 98 89 -44 95 -9 -29 -87 53 73 -90 98 -68 -96 
7 -58 59 -82 -36 -50 34 -11 11 86 -25 -28 94 69 60 39 34 -47 -57 16 -79 -89 -90 -38 -75 5 -9 -79 86 38 -91 -41 43 -87 -98 -89 32 27 58 67 29 41 78 28 -46 56 1 80 61 -10 1 -91 -99 84 12 -71 -49 75 54 -7 -96 -46 -28 -29 -82 0 68 -92 26 -89 -87 6 -53 13 90 -25 -59 -58 -51 87 8 -45 -18 59 -39 71 69 -40 85 38 11 -53 -99 3 28 -51 89 -56 -58 2 84 -95 -7 -87 100 4 -79 77 33 83 66 -28 -89 -70 -74 
-45 53 86 77 -70 88 96 96 -96 -4 -59 5 -85 5 41 -25 -43 -38 91 29 -4 63 -5 47 -18 -77 76 38 -53 40 26 34 93 -18 -21 23 -57 -6 40 100 69 99 -33 23 -66 70 55 -41 51 43 -78 -34 -31 -25 37 -75 9 63 -100 54 48 -32 63 -56 70 -58 -71 -63 100 -1 57 -22 43 81 -1 -29 -16 37 -95 -39 -28 56 -98 -98 -81 -54 86 -16 70 -37 32 31 -81 -98 96 27 84 90 -66 -35 -7 -51 85 66 55 -70 43 -48 -79 71 -59 83 -75 -44 64 
45 57 -57 -81 78 -71 11 -62 32 5 44 78 64 22 68 -82 20 -93 78 68 -11 79 25 -91 24 -65 8 -8 67 -44 -88 41 78 88 76 7 -95 -81 -39 -1 41 39 -3 -82 -12 -56 24 -53 -85 81 96 16 -55 -84 46 13 -36 54 -69 -92 83 67 98 -100 0 10 -99 98 17 -78 -30 -87 -75 1 -38 -4 -30 74 -23 -92 -69 -75 -78 61 31 21 -100 23 35 31 36 -22 -95 61 -5 61 -72 -66 -14 -84 -39 16 -31 -70 1 64 -12 3 -96 -33 -30 93 91 19 -74 
-80 -71 -13 -8 -57 -87 -62 14 29 -71 -76 -45 11 67 30 -19 -18 -21 35 83 59 -59 -33 -8 -56 -5 52 33 -55 -14 -100 100 1 -93 -71 -56 49 -26 -57 -18 -91 -26 91 -33 -19 35 -59 -47 77 -55 -2 -28 -95 -13 72 -100 -25 -56 -68 27 -79 21 31 -3 -33 14 75 75 -99 40 -17 -25 61 -32 92 82 57 28 38 -63 -7 -58 -96 85 -97 50 93 53 -13 37 78 45 57 84 -36 57 -51 35 96 -77 63 -13 -72 83 -45 85 84 -2 93 70 27 38 -17 -52 -17 
79 -54 62 -30 -23 90 -67 68 47 41 50 -17 -60 -92 -40 -88 30 47 10 98 -47 86 -49 20 -45 77 -94 1 0 -70 -9 -29 2 -20 -23 11 -72 -20 2 68 -46 -89 -90 -9 100 -51 -1 82 -85 70 47 5 91 -33 -44 -7 33 36 95 -1 39 73 78 95 88 49 -82 -29 50 -36 -41 -24 28 51 -69 -74 60 -12 -89 -6 -38 77 67 -92 68 -3 -11 -73 58 -56 20 -91 33 53 -12 -21 18 39 -36 9 46 23 6 -13 -56 44 -8 -78 -11 16 87 76 52 83 12 
-51 32 -38 71 -64 74 32 -27 -78 71 21 -63 7 -50 -69 -52 -23 -77 67 -81 28 -25 -51 96 1 -77 -81 -16 -55 -7 82 -98 84 -70 -86 -88 34 60 84 99 -17 -33 -88 13 -40 1 -36 35 -61 11 43 -13 71 -1 33 -83 -46 89 44 -74 9 -82 -85 50 -95 -76 -99 -16 -91 -30 40 -52 -6 87 73 22 4 8 -63 -86 -26 74 -25 -1 9 23 -52 23 -42 73 -80 -44 29 -83 -77 82 71 -29 99 41 -97 19 -52 -34 -32 32 -87 15 66 90 -74 25 1 -82 71 
83 -91 -65 50 -79 -65 -13 -74 40 -72 -20 -62 -30 -99 54 -96 65 6 83 -91 72 83 -69 70 -77 96 36 56 -10 47 50 -10 -2 -64 69 44 -61 -13 -3 -33 85 -96 35 -31 -67 -1 -28 -12 72 97 -51 19 79 -29 60 -24 70 -28 98 19 -68 33 58 96 -82 -8 -56 68 32 -68 73 87 -93 -57 -49 -12 75 35 75 -49 -24 9 94 -39 8 -16 -8 54 -55 -51 52 55 -92 51 55 -34 -22 87 -30 -37 -38 11 -31 -99 -31 -57 29 -63 57 46 68 89 -75 90 38 
-97 87 31 99 14 8 89 -26 81 -32 15 -51 -76 56 -84 -11 -20 -27 -100 26 18 -52 -73 98 -98 -38 15 58 66 37 82 93 -27 -6 35 71 21 41 -13 -67 75 27 47 -29 -47 -80 -18 6 66 19 -59 -8 61 42 74 69 -94 -15 -96 -90 40 -40 53 -62 57 96 -77 38 24 -1 87 -64 67 -22 -63 77 -47 13 -43 29 88 -6 24 75 46 55 -17 -17 -89 8 20 13 -46 -63 39 -78 74 -86 88 66 -6 -51 -62 7 -17 2 99 -90 -48 -55 -4 -58 -99 -28 45 
-40 -39 -90 68 19 94 -35 -20 89 76 93 45 68 -87 50 -34 -54 39 -96 85 -96 40 75 -72 44 5 -16 0 -62 91 94 12 11 91 53 71 -59 34 92 70 19 53 66 61 81 -91 -67 -45 18 10 6 -40 36 -1 -26 -68 22 84 -55 15 -74 -1 10 28 81 -1 70 8 -36 -21 -51 41 18 -36 81 -31 -79 26 25 -57 -27 46 90 -50 53 -32 81 -4 -12 -25 -19 -62 -94 49 -76 66 66 -97 11 99 5 -45 99 -46 15 -56 -97 35 39 19 51 -88 63 12 -91 
-81 -15 -81 -25 64 -87 61 27 -36 25 -56 -52 26 61 -36 -79 6 95 16 45 -27 -11 99 79 -65 -54 75 -18 -68 -37 64 -6 -40 -75 42 36 31 8 -53 86 30 -17 54 -6 -6 -43 -94 72 78 45 96 -22 -17 -93 -64 -25 6 78 -35 -43 7 -93 -87 -48 89 36 -32 84 -22 86 -62 -76 51 87 -10 -8 -37 52 63 -43 40 -96 32 37 -30 28 -93 41 95 30 -68 -14 -39 -22 78 73 -21 13 -8 -83 -24 55 -90 11 -34 -2 -91 -11 -88 -63 100 -60 90 81 -93 
-33 86 -11 97 -29 -20 80 89 10 -59 -44 -84 -84 -4 22 50 -45 33 75 66 12 13 19 -33 69 64 -38 7 60 -2 1 4 -91 -42 -76 24 48 83 -3 -5 -64 5 38 -98 -3 -53 -9 -61 -33 6 80 1 -71 10 -62 83 59 31 -85 -19 -12 -42 91 -24 25 90 -86 -96 24 -45 -20 -86 73 -36 -93 96 74 -49 24 19 59 -87 -33 1 45 33 -89 -36 -39 -7 -68 64 -44 -60 -17 -7 -56 57 -88 67 -8 -83 79 -23 -45 20 24 88 62 -24 -78 84 44 12 -44 
-54 -39 -14 -61 -47 -90 24 -69 27 68 -54 100 -11 -24 -55 1 -81 48 6 45 32 8 -34 -36 -52 -38 26 -73 -85 27 -38 -35 -6 96 68 44 15 -37 -10 -36 66 -7 -79 71 -57 -33 36 78 -61 27 78 30 63 1 -35 -63 -98 -87 -35 -30 75 -79 67 -49 -24 73 91 88 -53 15 -50 0 -17 92 59 64 -38 29 76 27 2 47 30 44 -71 45 -99 47 51 -41 41 94 -96 -80 5 -28 -76 68 35 -61 -100 94 80 23 -63 70 23 -92 -10 -81 -3 11 83 -78 72 
72 -72 78 58 79 23 38 28 77 -16 13 -70 -83 100 97 -37 -13 -93 33 -57 -36 -75 -81 56 -71 -70 38 31 -47 55 30 60 99 39 46 64 82 80 82 -16 -61 -13 -51 60 43 -40 64 17 -61 17 -78 92 -3 -67 -16 -46 -26 34 -69 59 38 0 -54 -12 41 -81 69 77 -68 -13 -45 77 -53 46 -49 88 -54 -15 51 21 86 -2 -8 59 63 -76 64 83 100 5 98 -40 -97 76 41 39 -12 3 53 -25 39 -51 -64 -82 39 -33 18 -63 -66 -75 -85 24 85 -52 -89 
85 -33 88 93 -45 -47 -76 69 57 -97 87 -9 -5 -100 43 32 -62 -78 59 -10 23 10 -46 -67 -16 -18 15 -19 -52 -84 -88 87 35 5 80 -44 59 -87 -14 -67 -59 -93 -31 -51 -95 18 48 75 -12 -3 -96 -9 21 -76 85 -82 71 35 73 34 70 -36 -90 -35 -4 48 -75 82 29 -76 -43 -66 -39 -78 25 -70 63 -83 77 0 -77 74 55 -13 -56 -28 -19 -74 -65 -51 -59 13 61 -46 88 87 -79 20 -39 -79 -66 40 -6 -87 -21 55 -77 6 -9 99 -82 10 4 -92 -15 
7 -78 61 -93 -54 -54 -61 33 61 64 78 51 -3 46 81 88 -99 65 59 -13 -70 -1 -9 95 22 -62 99 -67 49 -16 34 89 -94 -48 51 -5 -11 39 94 -90 13 -75 -24 45 -46 -89 1 65 -30 -94 78 60 73 60 16 -50 -90 84 -6 -22 -39 -3 -20 -11 -24 -33 -23 42 -71 -44 -45 -33 -5 -89 -99 12 -47 -97 -6 -82 62 -57 28 -3 44 -5 -42 -10 36 44 -10 -9 -19 90 20 -29 -33 -62 -89 -45 48 5 -20 -49 -34 -62 -58 -17 82 -4 -19 84 -99 92 30 
77 96 71 18 -65 86 50 26 19 -73 -95 -29 -32 86 -71 13 -48 -90 54 -99 33 -31 27 78 -88 4 70 -72 67 -60 -55 -17 34 82 72 -32 4 -62 24 40 -61 68 -39 -90 -25 63 19 -31 -39 -1 51 -84 -30 67 -24 -13 -13 -69 -78 -45 -12 19 22 78 21 -88 84 94 -47 28 20 -10 -12 100 86 99 -37 81 95 -25 -64 98 82 -12 -37 -53 13 -94 34 -1 -32 -30 -4 -91 -82 -15 -42 27 62 -96 74 90 70 -73 -19 49 -6 65 16 34 50 4 64 -92 51 
21 13 13 53 -79 -53 51 -32 -25 -84 -46 -1 -77 77 14 50 32 -57 53 41 -9 26 -76 -75 57 -29 -55 -94 60 -71 -68 51 -7 12 33 48 12 22 -75 54 100 12 13 -83 -44 1 55 37 53 -64 6 -53 44 -100 56 12 -4 -61 9 49 33 41 85 4 -82 -10 -20 38 47 46 -60 -18 52 37 -86 -44 51 -22 -84 59 -2 97 68 -69 -16 8 27 -79 -50 -35 48 -30 -70 -48 -38 44 63 -48 88 89 10 56 -11 31 51 98 -83 -100 41 90 12 44 -21 53 -21 
-12 -3 96 -58 -29 12 -73 -53 -61 57 39 59 16 91 10 -12 -10 38 -49 34 30 75 -91 78 -61 85 -85 5 -48 65 62 -1 12 83 -37 -53 -80 88 27 97 24 -79 -64 26 -26 18 -49 -35 35 -9 70 -46 29 -15 -88 71 87 28 80 -47 -95 -88 37 -82 95 23 -28 -78 -15 -40 62 60 94 -97 20 -70 -61 42 -74 96 -44 -72 25 98 -94 -66 -77 65 -55 -27 48 -77 63 -97 4 -16 87 -24 98 38 -76 40 -6 7 19 -62 -48 -41 8 -73 45 53 -96 20 98 
-59 4 -74 59 19 -22 -12 -47 52 -63 -58 -50 92 -91 11 93 79 -94 -51 -100 25 52 51 25 -28 -76 -25 -47 49 -75 -33 97 90 -37 -27 87 -89 -72 -67 -67 -63 -94 -58 -63 -23 92 63 27 79 98 6 -81 34 12 81 58 -47 99 40 -21 85 -75 47 -79 -53 -14 57 -99 -51 98 23 32 62 -30 -64 -36 -10 94 -62 0 -70 -28 -80 73 -16 -7 -56 53 51 -10 -66 87 -4 100 83 94 -74 42 -71 32 -38 17 3 72 58 -61 80 -96 -89 10 -61 29 -3 52 52 
95 14 -74 29 51 32 38 -19 -33 5 -65 -76 -63 -30 -97 78 -90 27 -17 71 -5 -5 89 12 -24 -100 18 -23 -52 -41 16 34 -23 35 -77 -58 94 59 -47 -98 36 -36 -70 62 38 -30 -23 -37 89 22 86 56 59 -29 -23 -79 -10 -14 42 -36 53 6 -14 -52 31 -27 67 84 -60 -60 -37 -91 6 58 96 97 35 -4 10 -14 57 -88 -54 39 -34 -35 -66 -81 42 41 -28 -52 -10 10 -13 -77 -48 46 -71 67 -16 56 -85 -78 78 48 -90 91 -44 -30 -48 -73 61 72 2 
-13 -54 -57 -73 16 -77 100 -6 70 45 -47 33 -19 60 -9 -49 75 -20 44 31 94 -96 75 -29 -60 33 54 81 -46 -75 77 -51 -19 63 40 21 49 75 58 77 -96 86 36 -17 58 47 -69 37 -88 -32 -22 22 69 67 -94 36 -94 -1 76 -66 -37 21 -6 -71 0 -72 25 -64 -82 12 -88 -78 96 -63 82 -21 72 -62 89 -42 -15 -90 -57 55 -61 -73 -63 66 -18 84 30 -35 31 -59 -62 85 52 2 -43 -97 84 -2 -11 18 12 73 26 0 -33 21 -11 38 32 71 57 
-23 91 3 36 -31 66 76 -45 -1 4 69 -82 91 -37 31 74 46 51 -71 7 53 87 91 -45 94 -44 76 -36 29 83 65 46 99 39 49 -54 78 66 39 44 -94 51 56 -40 24 64 29 55 23 -70 -80 83 88 53 -58 77 37 82 -62 -4 80 69 41 53 74 -87 -77 -64 84 18 99 78 89 42 96 18 -3 -22 10 41 -93 37 63 -80 -6 -57 -90 41 14 33 10 55 41 -89 42 -91 93 80 -83 -50 -39 34 -26 -62 74 55 -1 58 78 64 46 -40 58 4 15 
-62 37 -62 -17 -10 -29 -18 -61 -23 12 9 -2 43 32 -96 50 -44 98 53 92 -92 -28 53 21 -70 39 58 -23 -84 26 45 -70 36 -18 -9 -78 64 0 -82 -88 -99 33 -47 88 87 52 -35 41 48 -97 -68 -68 -17 -47 -20 39 21 -30 -33 12 -8 81 77 14 -52 98 -67 -11 27 90 61 15 76 -97 49 -54 85 -93 -51 47 -8 -11 47 -36 73 -83 45 31 -19 -9 71 -81 -5 42 -8 9 38 27 67 5 -88 -48 -36 94 -18 8 50 85 94 12 49 73 -14 67 13 
-81 84 -47 -45 57 96 -83 -42 56 -17 -59 -10 21 -84 -92 92 -26 -25 34 53 50 -11 -36 -84 52 -18 -44 -59 96 2 -33 83 -59 -31 -20 5 36 26 -74 -59 97 -63 -3 -39 -81 25 -31 8 -60 16 35 46 25 -45 -70 -20 64 81 81 -23 -31 41 -13 -42 -72 17 -74 -42 35 -64 80 97 -7 -50 54 28 26 74 -92 -90 -47 77 -36 19 -28 -78 83 -81 28 69 12 -13 83 32 48 77 -91 -92 52 73 92 55 96 -26 -59 -35 -50 -64 79 -54 60 59 -75 83 -83 
-51 22 11 -99 -40 75 -78 -6 5 -93 90 -62 16 7 -89 -55 -58 -92 -92 22 98 68 91 45 57 -61 69 44 -11 88 26 26 -2 -77 -2 -20 -16 -61 -52 -18 16 -55 -95 -41 20 -73 54 -27 -88 -73 2 -34 -73 29 -45 -87 -62 -84 -14 44 -57 -54 43 30 -67 44 48 -11 0 -39 -31 41 -41 -38 -89 13 97 3 59 -50 -80 -76 -88 30 -38 -10 -64 69 71 -60 11 32 -96 -13 -79 84 -75 33 -19 -81 81 63 -96 48 11 82 72 -59 31 98 -15 -40 -92 40 82 
81 -94 -98 45 -8 39 100 -79 59 92 68 -85 23 98 -50 46 71 21 -89 6 100 -24 1 95 -94 79 -33 70 2 -38 -81 -79 50 79 -91 67 35 56 30 88 -5 3 -22 32 -29 -52 -92 17 31 -5 -39 -28 82 -49 -22 -76 -28 -31 45 -83 86 19 1 73 13 -77 66 -38 94 71 -31 42 45 -14 -75 28 -48 15 74 13 91 -56 -86 85 33 -50 87 -96 -77 38 14 -95 0 5 -95 -28 -65 83 25 37 -56 -37 56 -17 -50 44 36 -21 97 24 -60 -19 -49 -84 27 
64 79 -42 -10 23 97 19 68 -69 -17 42 75 22 -91 8 -12 -46 -100 -38 97 -78 -79 -82 -7 -44 9 -24 -96 95 28 81 -23 -47 -48 37 43 19 -62 -27 -99 -32 -85 26 19 -76 -95 31 28 23 91 98 38 13 64 -33 -72 -70 16 -85 67 38 76 44 28 18 96 66 -4 -67 -24 -77 -7 73 10 -59 0 -40 68 -62 68 37 99 -70 -57 -29 72 58 6 74 -16 95 36 -14 -70 -7 -95 66 -12 -72 -62 -83 -26 63 19 -52 -69 -72 36 38 16 -13 45 -77 76 -36 
