-17 -96 -30 -54 13 -65 73 22 26 -99 -16 -53 -53 68 41 31 -61 3 10 38 0 -22 -96 -35 70 53 69 75 -18 15 20 -33 -94 40 55 -88 -92 -25 -55 -19 -56 16 -61 -58 -8 -12 37 17 21 -46 13 40 68 33 -38 -79 64 -64 -38 -66 72 54 -93 -10 -87 -65 24 -28 -75 -57 -80 
53 -45 -64 61 -19 96 88 -23 48 7 82 65 -47 -44 -75 -41 11 -52 -82 30 10 68 68 -91 63 -87 41 -58 66 76 96 7 15 36 -3 -9 -45 83 -9 -36 92 -56 -56 -60 -15 -18 62 71 -100 77 29 -91 -65 69 72 34 -38 -36 -9 47 -11 67 -82 -27 18 75 -46 52 -94 71 53 
-93 56 100 -22 7 54 -66 12 61 -51 58 -41 -74 85 -28 -37 95 -3 33 -61 26 -93 -38 38 84 49 38 -82 -37 16 31 -74 56 28 15 82 -81 17 -37 53 -21 -4 36 12 -47 10 -46 -19 2 91 29 -53 98 -10 44 0 51 91 87 -83 26 -57 -35 77 27 15 -100 64 -92 38 10 
45 89 42 -67 -81 57 30 -38 -35 62 -21 -17 46 -100 67 -20 5 -90 -66 -12 -19 11 76 44 -60 -5 96 -5 75 -44 20 -12 86 80 -92 -46 49 -49 -100 36 90 -71 82 -80 1 -20 5 57 32 13 42 -78 35 -85 -82 -98 -65 -33 -77 15 -84 21 1 -54 -100 -39 -6 90 48 -9 -69 
-43 -57 92 -15 66 -37 -63 -37 98 7 -9 56 91 -70 -35 52 -45 -78 22 92 -38 73 -54 -46 33 -47 -10 -40 -63 -90 -76 -62 -83 87 -48 55 95 0 -80 14 -36 5 85 62 -89 30 99 32 -32 -90 -5 2 86 -76 -83 51 -49 97 -25 -85 82 -10 -27 49 -90 -97 79 56 -76 27 39 
-65 -14 -89 -98 0 20 -76 90 2 43 17 16 -10 -6 -69 -100 36 -42 -58 75 21 -28 81 -62 26 9 -18 -21 48 -12 -23 56 -68 17 54 38 28 -37 -87 -3 98 15 16 -60 -95 -31 3 40 50 -99 -28 -91 54 -72 -55 28 -41 -54 -66 -86 -99 12 47 -38 74 -18 51 15 -66 84 -84 
65 16 -88 -51 -54 -48 -13 34 -23 81 61 -83 28 40 -18 67 -52 25 99 54 7 -25 -34 -96 34 5 -56 27 -6 -1 -87 33 -64 -18 -26 72 18 81 31 26 76 -45 70 -20 86 86 -100 85 -13 52 -88 9 34 71 25 13 -99 -22 12 -57 65 -92 48 55 76 -83 89 -41 38 43 74 
80 81 6 -61 72 71 45 98 -78 99 15 -14 67 -49 52 41 61 76 -38 -37 58 32 -86 33 -83 -41 -84 -22 -2 78 47 -6 -85 26 -17 72 94 -3 72 21 -18 28 38 -2 -87 75 81 -57 70 -75 14 -78 -21 -48 -46 -69 -6 13 -26 -81 -5 92 72 10 -73 23 44 68 38 53 7 
33 41 45 11 -68 46 79 -19 -60 52 4 87 -59 13 -38 -93 -51 48 -80 -84 -2 -35 57 87 -44 50 4 -70 -26 -77 -3 19 -33 11 -83 28 9 -30 -48 61 -8 -4 91 42 -66 -90 -5 14 -99 62 88 83 49 81 74 -68 71 -36 43 -74 84 -40 -22 -93 79 -100 36 89 -90 62 -29 
59 50 -97 27 1 77 -11 -40 -17 -23 84 -79 -35 -8 -36 52 49 22 -25 -15 59 -37 -54 49 69 -42 45 -70 66 7 -64 -62 -91 -44 53 -89 4 48 -32 44 -35 45 98 10 51 93 32 16 19 -42 -29 -54 -81 -8 88 -13 28 9 28 0 36 34 36 31 -73 -88 13 44 5 42 28 
73 6 65 -96 -74 60 -29 33 -4 62 -12 94 76 -10 -22 4 -60 -21 -72 -70 -83 80 16 -87 -87 60 63 39 36 25 20 -75 63 -30 86 -5 28 53 -15 95 -70 91 79 -88 -5 81 79 15 100 -6 -3 -28 -44 -2 40 -49 16 -42 40 63 -46 39 84 -6 17 -1 -99 63 -21 -81 69 
-49 8 -36 -51 98 -10 22 5 -99 62 -15 84 71 -6 -59 -16 62 72 65 -23 64 95 -25 -57 -62 -31 -18 -15 -83 78 -56 84 -7 27 -40 22 38 -72 -76 31 0 23 92 -54 -2 -19 55 -68 80 26 -69 38 -6 -16 -54 97 69 14 -37 -59 -53 -10 54 82 -9 89 41 16 -72 -9 -57 
-68 -20 -55 66 -41 63 -59 -59 -40 -64 -54 87 -44 26 -92 94 -46 36 43 15 -16 -34 53 -12 85 39 8 89 -90 -64 -26 1 32 89 -78 37 82 28 37 93 -57 -31 -42 -58 97 53 -23 61 92 -4 -82 98 -69 67 79 -49 -83 83 3 32 -61 -57 -3 73 -75 -4 10 70 97 9 15 
-24 -11 78 -11 -96 -29 15 -95 -19 32 82 41 78 -26 63 -74 94 9 4 -86 -5 10 -85 -8 85 -89 98 -96 9 4 -90 -35 -99 -99 97 72 -39 -64 34 -59 98 1 -49 -82 -9 12 -66 83 -81 -95 -3 -52 -9 55 -56 -56 -93 5 14 -13 -90 76 85 19 -58 -93 24 71 84 -64 13 
-48 -55 80 -4 -78 14 -81 2 46 20 92 55 91 -72 -48 82 67 83 -96 -37 -86 -45 -90 -60 95 80 20 76 64 -46 26 -1 64 -89 20 20 -52 -77 -79 -77 -18 -54 75 87 -94 69 -66 73 -31 -71 -59 63 34 17 15 -84 -4 56 -85 -73 91 -96 2 -82 1 65 -95 86 -99 68 -50 
56 -70 91 87 -47 -95 99 15 96 -30 -5 -18 -41 87 45 22 52 55 -99 -58 -9 -36 -22 3 56 88 -87 31 -19 -42 79 -83 37 79 -80 87 -65 96 -51 -100 8 -3 -20 65 51 -68 5 86 82 72 -82 99 86 -54 9 66 79 45 -81 74 -56 -11 95 61 -53 88 67 40 63 45 29 
74 80 82 50 -11 17 -79 96 -76 -34 -92 94 46 30 -15 22 63 -60 98 58 -68 -31 -46 -79 -39 -21 93 -36 -11 29 92 56 -41 94 -4 92 -15 -48 35 -45 81 -92 -80 -92 74 -12 -33 51 -64 -16 -14 -28 11 -90 -30 3 -72 -65 -58 -57 -36 -78 7 -92 62 39 -24 38 -7 -41 68 
-92 78 -99 -54 35 69 -15 -64 -76 62 25 24 -72 -26 80 -58 87 -39 -52 -76 -21 -76 -66 56 14 -13 -41 96 -60 -81 93 32 2 3 -99 87 28 84 23 -35 72 -83 78 -79 -30 -65 -15 -74 -9 83 -88 -26 -56 -12 -14 -85 -32 37 -50 -81 70 -51 -93 -89 68 29 -49 -12 54 43 -31 
-94 47 -74 27 2 55 72 -46 -56 -24 34 -57 71 -44 55 -62 84 -69 -16 17 13 -98 -58 63 76 -60 16 -85 -29 -86 20 96 90 -76 -98 75 -17 -89 84 69 34 9 55 10 -81 92 57 -86 48 -87 -29 -37 -22 42 -73 -65 -57 46 -54 71 6 -97 89 39 -1 -39 79 -59 100 73 -88 
15 14 31 -79 77 -88 92 -99 54 54 -16 94 -86 -56 -74 -61 29 69 43 51 -45 34 -34 -53 -89 -50 -77 29 -7 -54 -81 15 -94 13 79 -30 27 38 -70 -48 86 -82 20 48 5 -8 14 49 -2 19 34 58 27 47 -15 75 85 -60 47 78 -27 56 61 93 19 79 99 -75 0 8 27 
-8 -18 -98 -75 -24 54 21 18 -70 -83 -81 -62 -66 79 -100 -26 -6 21 4 45 -100 -46 1 -75 -28 -3 -3 22 69 -94 -12 -31 -25 73 -71 -6 18 -92 -40 52 87 67 100 -77 59 -89 35 95 -13 81 41 -93 -86 97 81 -67 54 24 -63 -23 -96 -99 51 -62 -29 49 54 46 55 -31 -77 
89 98 58 -99 -96 -78 17 -11 28 -48 27 -53 48 13 -66 -70 -72 -50 -37 64 -37 -22 -59 70 83 -65 26 36 44 -77 95 -9 -74 33 80 91 54 76 -85 -32 -74 17 50 24 91 -20 12 68 -52 92 15 -82 -35 -70 -48 -6 100 80 41 -39 3 -36 71 -91 -86 -65 88 -19 71 -2 -44 
-52 -31 48 -50 80 -44 7 92 -42 -51 -67 -64 -76 79 6 -25 70 -29 -89 -83 -83 -37 -66 -25 55 -13 -30 -47 -95 -77 4 68 42 92 57 36 -31 -70 37 -74 -79 -78 69 -58 -46 25 -43 76 80 50 36 60 14 -88 -32 -51 8 -41 -50 18 -41 -13 -64 -22 -48 23 64 19 23 98 -36 
93 -46 11 -55 -98 29 -77 -11 30 -64 47 15 -92 -85 76 -7 -38 -38 84 -36 -97 32 -36 91 -69 79 -1 -47 -6 12 92 -94 -58 -57 -31 -56 79 69 9 9 -25 -10 79 -60 -11 8 -51 -10 91 74 -42 41 -80 68 0 23 72 -84 79 82 -44 -46 -35 -66 -37 -48 76 -44 -92 -15 -42 
-39 88 47 -36 -77 -35 87 0 -27 -62 0 -90 -88 39 14 -74 46 -77 15 43 35 45 -91 -65 74 8 -15 87 -82 28 -78 -50 21 24 -53 21 -16 -74 -76 -85 51 61 -4 -33 -81 -39 39 -50 -3 47 -31 91 -15 -59 -43 -67 14 -60 86 -6 7 38 -65 98 73 40 3 -23 22 48 -90 
-86 -44 46 -76 -40 -43 3 -100 -75 8 82 -83 -84 -56 82 72 -58 95 33 -41 20 34 -91 25 59 99 70 -4 67 -77 20 24 13 22 43 37 18 64 -84 -73 20 -60 -33 88 92 75 -73 27 37 -10 99 78 21 -54 -60 -49 17 41 42 -17 52 -40 7 19 -5 -89 -63 73 89 -38 -9 
0 56 23 58 -11 72 34 0 -53 2 -74 -35 65 -75 -8 -59 -40 -58 -11 -3 76 77 70 26 -96 91 96 -6 -32 48 24 32 -100 -45 0 -51 50 62 93 75 93 16 97 -19 -48 86 -25 -21 -64 -28 91 93 -46 -56 74 45 30 61 95 31 -62 44 -48 -79 3 -42 89 66 -92 -97 24 
37 -19 -93 -42 76 -22 -95 -65 97 68 -24 17 -39 -77 -76 86 -29 67 -10 -43 -36 72 -73 -63 -93 -59 93 -99 -43 -56 -30 67 95 4 74 -68 41 -50 87 11 91 -58 -68 -25 -40 51 90 56 38 -52 85 -41 39 100 58 65 -26 13 -37 10 44 -84 92 -26 -34 -24 75 72 -83 -99 52 
-15 68 -3 -5 72 22 -18 -17 48 88 49 69 -68 73 -86 -89 66 -60 60 -99 -9 -67 -58 73 -87 -43 -24 -59 -54 -95 13 -65 8 5 -48 73 -46 38 -38 54 -41 18 80 -91 76 99 -75 50 10 90 -9 32 -88 81 77 -45 -31 -30 73 -91 43 -17 -25 -98 100 93 -41 95 74 -47 -84 
-11 74 1 -83 -31 -15 4 -83 49 -11 30 -28 -60 86 -78 -61 -81 -53 8 -53 -38 27 92 -76 76 92 30 19 37 26 -55 89 50 50 -22 53 40 69 27 -20 -60 -100 -21 -34 -80 -75 53 90 -29 16 57 -60 2 -25 -66 -44 59 -13 98 13 -7 -57 4 1 -89 -95 -18 74 16 86 -93 
55 -97 -89 -57 -13 -82 -24 -81 99 -17 64 -94 54 33 63 91 -79 53 61 -56 -80 -100 -65 5 56 -90 -78 24 -40 -66 -37 79 -4 82 -64 53 4 53 26 -79 23 -45 -4 -94 78 21 83 92 53 -28 -64 44 -63 10 29 29 -34 85 -40 67 -76 -86 -10 72 52 -60 32 2 -41 83 60 
21 -83 42 80 -37 65 61 58 64 12 6 -56 -38 -72 61 38 -24 -64 82 -18 -96 5 13 -58 67 -91 -49 10 -50 -63 -45 40 -48 8 50 44 15 32 -23 94 84 29 -69 -91 0 89 54 58 -21 4 55 -7 86 -40 -30 80 47 56 73 75 67 -50 -49 -78 51 49 35 -20 -99 73 -71 
-83 -100 6 68 -76 48 36 25 -27 2 -55 76 -60 41 -37 82 -77 2 -41 0 -34 45 -85 56 -89 -18 -60 -64 -21 62 24 0 -40 15 15 -23 44 -87 10 71 -57 -99 40 -11 23 -99 0 60 -37 42 12 -82 37 2 -92 -74 -13 -16 -64 -38 90 76 -41 -65 86 86 -40 74 24 -45 -99 
-29 7 66 -58 81 -83 77 12 -35 38 -7 95 72 82 -95 8 -7 -18 12 53 -53 51 -16 89 23 -13 -64 -18 -87 72 53 99 64 -46 11 68 42 64 -83 -1 -20 47 27 -96 -20 -3 86 58 54 75 97 -82 70 -53 -97 -85 -76 -42 38 84 45 52 -81 -99 -31 81 -82 -10 -59 -39 90 
-87 -96 -17 3 50 -68 -100 -83 29 93 35 -95 -12 -2 -53 67 -72 -16 16 -58 35 95 -4 60 -48 64 47 15 95 -55 80 89 14 -7 7 2 -37 -79 78 -5 -54 56 -70 18 84 -19 -53 62 -26 -98 -1 99 -39 -84 17 17 48 -92 -73 57 92 99 -70 10 -35 -36 -21 -75 -72 57 -15 
-28 -85 -53 47 -49 -48 -70 17 -9 -20 -65 -73 65 -93 -83 35 -86 57 -80 64 -48 98 99 -4 57 -12 -3 -13 76 26 -31 85 -52 -88 23 -93 53 52 94 -61 -12 8 -98 72 -3 81 49 -3 39 -82 -50 -99 -23 19 -63 -66 62 -35 -94 -10 -82 -2 -11 -17 -85 -76 19 -91 -11 9 -84 
4 98 94 -77 2 -57 78 79 -78 -88 -97 -46 -11 -51 49 -21 -28 89 92 -50 97 58 -29 -28 -50 -93 9 19 -85 58 1 97 -2 10 87 -85 82 -87 31 81 26 -81 -51 77 10 79 75 8 -10 4 -67 71 62 -44 -44 -100 100 -93 -8 -49 55 44 -95 -73 -5 -34 -84 20 -2 98 46 
-56 79 -95 10 69 -31 85 -55 -37 89 79 -22 13 77 -86 -44 -77 -61 -99 -4 -57 -16 -58 79 -12 97 67 3 34 37 -84 -44 -40 93 89 36 19 -29 38 100 46 -8 98 100 77 -84 90 -2 27 -62 52 -99 -13 53 32 100 -38 73 -1 3 76 -60 18 18 78 89 51 -43 27 99 -83 
-95 59 -4 17 -95 0 33 -16 72 -54 -32 -46 -12 18 85 17 -99 -34 -2 -88 2 56 -87 57 26 -69 0 77 56 84 -72 44 -95 18 40 72 -44 27 63 -35 1 -48 2 76 -35 59 -91 -84 53 43 43 -25 80 -70 -36 19 12 41 -8 -19 -13 -8 61 78 30 1 81 71 15 98 -28 
57 -91 37 -59 75 72 72 66 70 -62 -25 -41 -33 33 -93 -13 26 -82 -66 87 86 -58 -50 24 44 -89 69 -15 -88 67 -69 19 -85 -73 66 3 37 24 -69 43 90 86 65 17 62 69 90 -16 -2 13 95 -62 -73 12 74 43 20 69 13 34 -29 -76 -64 -44 -79 -10 82 88 -85 -71 -52 
-45 41 41 69 95 -61 -47 -30 80 -23 13 -80 67 -27 32 -72 90 -46 96 -62 -16 61 44 44 47 -92 -22 78 45 78 -1 70 -46 54 -56 68 7 92 31 -91 18 19 -91 -80 -99 -39 41 -51 -54 40 9 20 44 71 87 39 -30 -37 -48 72 30 44 28 76 -33 71 47 -68 53 -92 -97 
-76 13 54 100 -79 22 50 65 28 -52 -72 13 -62 16 -29 35 -46 -53 -46 71 98 57 55 68 58 78 76 -66 -31 86 50 21 -51 -27 48 21 53 -36 46 -38 83 83 98 -83 -8 91 56 -45 -35 -2 36 11 96 -59 -85 24 -61 -71 -45 -12 22 -92 -35 42 -41 -20 43 -58 47 18 87 
-48 42 -21 99 70 -59 -34 36 -80 -53 24 83 -80 -24 -6 -77 93 32 80 47 -41 -1 55 -23 -1 79 -3 2 -45 -79 3 53 45 -33 57 -84 -51 -19 13 31 69 32 -84 41 -30 79 91 73 23 80 -83 64 -81 59 17 25 38 87 -75 -26 -29 25 73 -64 10 -62 -4 -36 65 -66 18 
-33 -19 -21 -50 74 89 -95 6 -63 -34 -65 -19 61 -70 -38 84 -22 -40 9 -59 -82 -80 -40 99 88 -53 26 33 29 22 85 -24 58 -8 -8 45 15 52 99 75 96 -93 41 52 22 -53 -7 -78 -6 86 72 88 47 -85 74 93 68 96 74 31 58 41 79 -44 -50 -83 58 59 -37 95 -59 
-94 -38 73 -28 -16 97 81 -51 -96 55 -24 75 -14 28 49 76 -52 82 40 25 -96 96 -55 64 -35 7 -79 -30 63 43 -12 -45 -65 25 -73 44 14 -98 -61 -69 -8 -100 23 31 9 9 -32 -80 23 -89 -86 6 41 -37 49 95 -11 97 41 88 86 51 87 25 69 95 -97 85 14 25 46 
24 66 37 -53 -65 -24 46 -14 -25 96 40 44 -100 71 84 -82 -72 -68 -74 7 19 40 -31 -72 -43 -77 -9 52 -38 -36 -64 -75 -84 -95 -61 65 -65 53 55 55 -8 -44 -84 -11 84 23 -98 27 -8 -21 25 22 35 29 -30 76 -72 -83 -94 42 37 -73 14 -40 -89 13 37 -84 89 -25 72 
-9 -82 -76 -37 27 48 -58 6 39 -68 -42 23 -19 81 -26 -22 -3 15 85 4 -22 -37 -66 77 80 -20 2 -16 -97 26 -17 -69 -91 67 4 -74 35 -65 -13 -19 -62 32 81 -62 -99 93 25 -21 -14 7 -46 -63 -41 15 77 61 -93 -48 63 -34 -100 94 75 -45 0 17 10 -81 64 69 40 
77 76 79 -25 49 -100 71 -4 -13 80 -43 -48 61 13 14 -83 82 2 -97 -99 -50 15 -99 -37 61 -24 83 36 -43 6 -20 98 -51 -77 82 2 -74 -31 -83 29 56 -88 -35 -29 -91 71 -17 93 74 -7 25 -44 5 -23 58 20 23 55 7 90 -66 -88 -8 -79 72 96 97 -42 9 -43 -86 
-64 2 -36 98 -47 17 -88 -2 -60 -89 -29 -7 31 -72 -20 -95 8 18 -88 19 23 98 98 -52 -26 -31 -33 -51 -30 77 -53 -23 65 14 -55 -65 -2 -96 58 -87 -77 25 21 71 -36 -59 -59 -61 51 -37 33 81 85 -1 -3 -57 61 65 18 17 21 25 92 -52 -100 33 37 -80 -68 63 -23 
44 -74 -19 53 -89 12 -68 73 35 -97 -16 60 -19 3 15 62 -92 -43 -43 22 -34 -37 91 -59 8 -67 -32 -47 69 1 -5 -4 65 -8 14 38 -61 62 27 -32 54 -3 35 -94 30 -98 -72 -94 88 97 11 16 -73 27 67 79 -12 66 25 -90 -17 -20 -36 -79 68 89 27 27 -16 65 5 
1 -92 91 -53 -28 -1 -51 29 -60 22 87 -27 -48 47 -99 -21 4 38 -16 28 81 90 -5 45 59 87 -36 38 88 -57 -95 88 41 -95 -54 -75 -98 -47 -20 40 58 79 39 54 43 71 19 -56 18 -46 75 -50 42 18 79 -75 0 78 -22 -6 -82 -97 25 -67 -28 48 -41 26 67 44 -42 
-56 -46 -11 33 -16 33 -2 57 -51 -41 -84 -50 -58 61 -91 71 25 15 25 26 36 81 77 -60 46 94 -31 65 -20 -23 26 8 -3 65 -26 38 -12 62 73 -50 7 90 -32 14 64 -70 62 11 -48 94 91 -61 28 -94 -44 69 -62 -40 70 100 -48 25 51 -6 94 -89 -70 -89 -15 14 46 
67 -76 -63 69 47 -88 84 57 -19 35 56 -2 77 -65 25 -59 -54 -85 -38 -7 87 41 56 78 -42 -41 30 -40 21 95 -56 -28 89 14 77 -6 -71 67 18 -17 -22 -16 -39 -41 -60 26 -76 -38 53 63 -8 -56 -23 16 64 -92 7 3 -34 60 35 34 52 79 18 -41 29 -54 80 -38 -13 
-80 97 -13 27 82 87 13 66 46 72 -3 50 9 -84 48 81 -57 -79 46 -14 43 34 70 27 19 -75 15 -58 65 -71 -61 -42 38 34 -16 57 -31 -43 -86 -7 19 70 -19 -9 60 -87 -27 70 -91 -54 5 61 -16 48 98 95 96 87 -21 -57 -46 -83 -23 -55 -1 14 12 -79 -44 61 72 
43 54 -94 -56 57 8 89 -47 28 14 -85 -37 -36 44 -97 39 83 -23 50 -14 24 55 -74 86 -57 -76 -73 49 53 -63 21 -27 -100 -89 11 70 44 -45 -26 17 91 -89 53 31 -96 -40 62 -88 -15 73 98 -74 88 -67 -24 -49 -60 -31 -13 14 -12 20 22 -69 -43 58 87 89 -82 -22 94 
100 33 -92 3 -50 59 -78 -96 18 54 4 -61 39 93 69 63 -68 44 -95 11 74 79 33 -21 32 -43 94 43 38 63 -83 -15 10 -8 -84 -47 49 39 65 62 -97 -22 90 -7 -79 50 6 65 2 -77 -85 -89 -51 -49 -94 -100 -28 -96 55 97 79 -39 54 -33 -96 74 5 17 73 20 44 
44 90 50 -26 -45 -69 -84 -50 33 0 -84 -56 -39 -66 76 55 72 27 -98 -31 -100 -28 27 31 -8 -22 -20 -99 72 27 -53 27 12 -76 65 -31 6 35 0 37 99 -15 -42 16 76 -89 95 -72 -10 -47 63 91 48 -22 15 -26 89 -84 -24 -15 -98 -6 0 -28 5 49 56 85 -95 -97 98 
91 -75 83 17 2 -40 -71 58 -26 -35 70 84 -11 -60 -55 76 -1 49 20 -21 -21 -48 5 40 70 94 48 65 81 15 21 -45 53 68 40 13 55 -22 81 8 -33 17 82 -47 15 53 -16 -8 -85 46 -71 27 41 -25 48 -87 71 9 -99 48 -46 -78 16 -90 -40 -72 -14 81 -53 -11 87 
-12 90 -50 76 -16 19 99 82 17 -23 -94 -71 -20 -99 98 -27 91 -75 -14 -71 -77 100 -62 20 -100 79 -26 -17 75 -22 -1 -13 90 -10 -83 -94 -96 100 -67 -53 80 -29 58 -95 -53 -6 84 -17 -41 16 -17 -68 -13 -50 44 51 -40 -52 96 40 -87 79 -62 31 -30 -60 7 -88 35 7 -74 
46 -98 60 75 74 45 -10 -91 25 -52 -54 -28 78 -65 93 61 12 -21 -69 -22 69 18 33 93 -20 -30 -31 81 -84 33 18 -33 66 -61 -97 -37 67 82 -76 89 65 -90 -27 -56 83 4 19 -30 31 3 -35 70 56 -7 -92 24 11 97 42 -25 -46 64 -77 29 30 12 44 -64 43 25 -27 
-44 12 -6 -55 -50 90 62 -51 -92 98 92 80 -45 -34 -57 -52 -65 -27 -53 70 -95 49 88 36 -29 -19 -23 -39 23 -54 98 21 -92 84 9 87 44 -9 -85 -16 66 52 74 -92 79 17 91 -37 -26 -100 -85 70 40 99 28 -92 -38 -34 44 44 81 -97 97 86 94 64 33 85 14 -54 -74 
-13 -53 75 57 -81 24 -59 -78 -4 90 86 -74 -54 -35 -31 -47 -79 24 -56 -86 93 80 54 1 82 -81 -57 76 77 -25 48 -60 0 47 -33 -19 41 -12 -89 -56 37 20 96 -95 -77 84 -51 46 85 -46 44 -70 -80 49 -26 -99 84 99 75 74 87 -62 25 68 71 -66 92 -63 52 -26 -93 
59 -47 -68 58 81 55 92 7 -29 58 -29 92 -12 -6 -64 -53 -38 87 23 -9 -62 -40 -3 -44 88 -21 -45 97 66 -74 -85 93 52 -78 -47 -64 13 -16 -56 -89 -1 -21 -69 -8 -90 -73 37 56 -93 -35 69 48 94 -46 86 15 0 28 88 57 -22 -17 21 -64 59 -68 -9 76 19 -25 60 
-44 -84 25 -22 -19 44 54 38 30 -51 28 78 -25 -38 71 64 68 -52 -32 -84 42 -36 -59 -92 44 -23 88 50 -12 -42 -51 92 -4 -8 -88 -94 26 -95 66 -31 24 -76 -34 81 5 98 -1 -85 61 -57 50 68 -93 7 -15 5 -19 70 73 -56 -94 74 -5 -47 -13 41 -6 -43 -3 -43 67 
-69 44 -67 -45 87 -92 54 100 23 65 5 -99 0 -38 -4 -69 37 9 -87 79 48 83 94 74 -40 -61 29 -56 -18 -2 28 53 -74 -57 -13 2 -34 -43 -96 -57 13 -99 11 -62 -30 51 -6 61 77 -38 -23 90 39 99 -61 10 -28 -28 82 30 43 -43 13 -45 -32 89 2 82 56 -3 -37 
48 72 -28 -96 -48 42 -27 2 -6 -55 -64 62 -24 43 25 87 -77 -50 85 -57 86 -83 77 29 53 90 -18 52 -13 48 89 -67 20 -70 -16 65 21 30 9 28 -64 19 68 -40 99 12 43 -64 -14 -82 74 26 61 -51 -54 -11 -41 87 -1 29 4 58 26 19 39 78 -35 40 7 32 -59 
2 68 73 -22 75 71 49 -89 -51 91 -61 -77 -42 77 54 19 -71 -80 0 48 -100 7 -20 53 -88 -51 36 34 -21 26 93 -23 -98 51 -49 9 69 36 81 48 -75 78 -12 41 91 58 -83 98 -35 -62 46 30 22 -70 11 18 -48 -5 -37 -98 45 49 -36 10 -34 -66 73 15 61 -56 -37 
-93 2 28 3 -43 87 -83 55 24 -3 8 -76 32 10 -93 68 29 -7 16 28 90 14 77 92 99 70 71 41 2 -42 -46 44 75 -3 68 24 79 -31 25 -52 98 88 -22 79 12 13 32 24 -58 -97 -23 -51 16 -94 -48 -51 -80 -58 85 -89 -72 45 72 53 96 -75 85 57 10 12 20 
61 -18 49 -21 88 69 -63 95 36 99 31 -33 66 51 60 -62 -55 0 -53 -44 -35 97 -65 25 -52 87 57 62 34 -34 84 10 -25 48 -55 20 -49 -90 80 42 46 98 80 32 66 61 -19 40 -63 -42 -50 -53 20 -50 -98 -26 47 -24 -56 14 96 63 26 -82 -98 100 -43 -3 -32 -48 -90 
-2 65 73 77 -81 -47 -13 39 -14 -41 89 -2 -51 -90 -22 -83 54 57 15 96 -98 -80 48 52 -34 19 42 -39 -58 43 9 65 79 87 97 -72 63 -81 37 33 -42 7 55 -9 -25 -93 61 -98 -51 93 88 -34 42 -84 -51 70 -55 -73 29 -30 -89 53 -75 -14 98 88 -8 82 28 -54 -94 
15 30 45 -38 -36 -32 -45 -72 59 -90 95 -23 48 -58 -26 83 -79 36 41 -48 -56 18 -72 -6 20 -73 44 22 -78 99 78 11 76 54 12 -95 11 -96 92 -40 -48 0 -20 88 -23 92 -69 -41 4 -88 93 -86 1 -83 -95 -83 71 56 -100 -15 -33 -80 13 -53 80 56 -47 -18 68 -33 90 
48 79 20 -52 68 83 -76 31 7 -42 42 -80 83 7 72 83 -44 51 34 -55 -60 9 -13 -34 -87 32 27 48 46 87 14 88 98 -25 84 -82 -56 -39 30 -40 5 80 18 18 96 -82 24 0 -90 50 -23 -12 -12 48 89 -90 -83 32 -73 14 -91 -76 -41 82 43 -82 -38 25 -94 94 -12 
-18 -41 6 -7 -21 -19 -6 54 -11 -44 -64 -40 -49 -71 72 95 25 -15 57 -68 18 98 -34 6 -37 10 -71 23 -13 -57 27 -34 -71 9 74 -51 -5 -16 62 34 -84 52 86 -37 -95 -19 79 52 79 58 89 -3 -4 50 16 -5 -84 25 -6 45 87 48 61 -78 61 69 51 2 90 -37 -84 
-21 20 -49 -4 -44 24 -82 1 70 -73 -53 -33 -45 33 -84 -25 -54 58 84 6 27 -16 56 -58 26 -73 45 -11 -89 -29 -63 -92 -11 40 -59 21 -8 -71 29 10 70 37 -84 -7 -10 -32 15 81 -32 -10 67 71 25 -71 -90 -83 94 35 1 2 66 72 3 -86 29 -28 -17 89 -13 -93 -12 
84 70 18 79 44 42 -54 -34 38 16 -49 13 -72 78 -93 -85 -62 -23 -16 90 -85 16 40 8 -91 72 -64 -74 49 -45 -85 47 1 32 100 25 98 -13 -10 -51 -90 66 69 84 -53 -44 -8 8 -67 -21 -96 29 37 -96 26 -14 64 -92 -36 31 52 -17 63 41 -2 -100 54 56 -71 98 -22 
-10 56 -22 14 90 73 -78 27 -82 -26 19 56 -100 -96 -77 86 53 38 30 -15 59 -53 -42 25 -34 -99 -3 -94 54 -1 -21 -5 9 15 -56 -86 13 7 -12 -86 -46 -88 -83 -20 99 -97 24 56 -33 -91 75 -98 -76 75 -59 32 22 -76 -37 63 -44 -37 -10 31 7 51 -45 8 86 93 -8 
-15 -28 12 41 -78 89 8 10 58 -54 -55 51 14 -34 -81 -66 -47 -81 93 -47 -94 -32 -8 -17 -47 63 44 -37 16 65 73 84 -83 -81 -3 14 -48 23 -9 26 -27 1 3 23 8 22 16 48 45 64 73 76 17 -74 -99 -72 -17 14 75 -83 -50 -36 62 14 1 -84 -96 37 49 17 -29 
-64 -6 -32 -66 12 18 -68 -45 -34 -62 90 43 89 -86 51 86 -84 89 -47 27 -19 90 34 84 -4 -11 -93 -9 -29 92 80 -92 -59 -99 -75 -92 -16 100 46 -1 58 -95 -64 -88 41 -85 55 72 -62 85 -97 74 37 43 95 -71 -45 -56 54 1 -65 -40 6 0 -9 -89 -57 -5 -20 67 -3 
97 31 10 -87 27 70 -28 84 -73 89 4 -35 25 -36 -18 72 78 14 85 -7 -10 -33 -2 74 -24 76 52 -82 -35 -58 -54 -10 -95 91 -71 -88 -74 -10 -26 16 -70 61 -32 -11 23 56 13 83 34 64 62 93 57 -8 27 53 -16 32 7 -47 99 84 45 -41 -29 43 21 -93 99 43 26 
-3 -54 52 82 -34 -62 9 54 -77 89 63 -6 -31 78 -40 -26 63 35 -91 -51 -41 16 3 -68 -72 -4 37 1 -4 68 84 -59 77 28 64 -72 3 -32 59 -83 13 -16 81 78 52 10 -58 12 9 82 -46 -24 -45 60 -7 90 -50 -14 71 -73 -4 -61 35 17 -68 3 -33 -14 53 -16 -24 
51 -23 -91 17 -37 -89 -16 -6 49 46 11 -34 -60 -51 -100 -64 -74 95 -73 -23 -12 -89 -17 -77 66 -96 49 -43 53 -57 -19 67 -40 -49 -51 13 48 -70 -26 21 -64 -20 19 59 -12 -91 53 -89 -48 16 -65 65 41 15 11 30 33 7 -97 -72 -69 57 32 -15 11 20 62 37 37 -53 5 
-27 -74 60 46 -54 -61 9 55 -29 27 -30 -3 61 20 3 -98 80 76 2 -95 31 77 97 -19 39 65 -33 61 -82 80 -66 -15 -14 -2 -71 -99 -59 -25 -21 5 -65 -86 62 22 -60 34 -88 22 -55 -31 55 80 54 -88 73 57 -26 -28 -30 -70 -99 -43 0 -17 49 -67 95 42 18 -89 72 
-23 -89 -93 -13 43 57 -67 57 -67 -69 -71 -6 -4 -5 -8 -89 64 -11 71 58 -67 50 64 26 69 19 60 44 -60 92 39 -15 -67 -80 69 -39 -69 -72 19 -73 -95 31 62 -83 -24 -10 98 -60 98 76 39 -96 -36 17 26 -18 7 17 -7 -80 -35 -81 47 50 -91 8 81 -9 54 4 -78 
-30 72 63 -27 34 -77 45 -29 94 94 9 -14 -58 -61 -30 -29 -78 -36 71 50 -31 -12 -97 11 26 -40 61 66 -74 38 -7 77 67 -83 25 20 10 -98 -78 -64 95 36 94 -27 12 -68 31 85 -42 65 -21 -97 -80 64 -71 -87 61 -27 -51 72 16 -4 33 56 47 -21 -17 -92 -87 -16 28 
57 -92 64 16 2 -30 -49 19 11 -32 -86 84 70 53 -66 -51 -17 60 85 -15 -83 38 50 -96 -92 -45 -70 -76 -67 40 -100 -96 28 23 81 55 40 -47 51 -88 100 -77 68 62 -72 94 -1 100 12 16 76 55 -90 -71 -96 -2 -42 48 -86 99 -74 100 9 -74 60 99 11 -52 71 84 -53 
54 95 65 -82 -81 72 49 -79 68 97 -51 64 -89 -81 -4 -63 24 99 94 -37 -32 34 -61 18 48 96 -9 -33 17 -35 34 -37 90 -87 35 -20 -41 -99 -83 -61 -9 1 -83 75 96 27 -25 -71 21 -98 56 33 -48 -95 17 -77 -97 -81 -41 0 37 -54 -54 -75 91 74 -88 -8 -100 92 -62 
68 8 -3 -31 62 16 80 23 -91 10 -69 79 52 79 71 -36 52 71 91 -74 -27 37 -92 41 -60 58 -90 62 -85 75 -52 73 61 85 -23 -23 -46 -90 18 -53 50 98 58 3 99 26 67 6 -30 -85 82 -14 -86 78 -10 -8 82 -32 -66 -82 0 -34 48 11 3 -52 -56 -78 -94 -37 -38 
-66 12 -74 81 -12 -6 25 -46 6 48 68 -13 -35 -10 -89 100 92 92 -6 92 -50 -5 85 -39 28 20 -3 -78 -60 19 1 -81 -42 3 17 -88 -88 -92 3 -56 87 90 -74 -18 22 13 -75 38 -25 4 -30 52 10 -64 35 56 5 -32 -37 95 29 16 -50 -3 -73 -19 70 -43 27 53 87 
4 -41 -35 85 -42 -88 63 16 -17 42 85 83 61 47 -33 -39 44 97 84 58 65 -79 -7 -76 45 83 -83 -6 54 -55 -27 -55 -28 -13 -33 -4 1 -20 -50 95 -80 86 -24 56 -89 72 36 41 -53 -30 -75 64 41 -37 27 -37 -4 19 -36 -93 -82 -68 77 93 64 59 -94 55 52 -81 -62 
-79 -22 -86 -69 60 -71 31 89 7 17 -9 68 9 98 58 92 10 -63 -92 -82 -89 2 -26 -81 83 -76 35 -57 21 66 18 7 -23 -37 -15 -61 13 91 -19 -21 18 -39 -20 35 45 -90 -85 97 92 -66 -45 3 -22 -10 52 -76 -40 30 -77 4 -95 88 -38 28 59 54 -20 88 16 -70 71 
23 -46 84 56 -54 52 64 -28 -62 32 -70 98 88 -72 22 2 3 10 80 -92 -19 49 88 -20 81 -85 -14 -7 25 16 -46 -28 24 62 -65 16 92 98 -15 10 58 -84 98 36 -74 5 55 20 -88 56 89 71 -77 20 -40 -7 -69 7 -91 -41 9 12 -62 -71 45 26 -88 48 20 73 3 
49 70 -2 -78 18 -62 48 89 7 25 58 -18 -44 -47 -55 -13 -46 47 100 -31 -5 98 -56 -86 46 -55 90 28 -36 -31 -17 -73 -12 96 47 84 45 -44 68 -3 8 15 15 -30 86 30 16 57 -49 27 39 74 82 -72 8 14 -8 64 55 27 -9 -7 -34 60 -79 75 -4 -32 -70 8 4 
63 94 73 62 -13 69 36 27 1 -14 -77 12 81 -42 -49 22 93 55 -70 74 80 -34 -63 -34 -30 1 24 -21 -73 93 -21 -3 66 -68 -18 22 11 53 62 34 -9 -19 70 80 -86 60 87 -46 55 -98 -47 76 -40 38 -83 82 -45 25 -30 -40 -26 -63 -96 -4 35 8 69 -95 -55 77 -34 
57 43 -95 55 1 18 -88 -14 62 -38 46 49 33 -42 90 -16 70 18 70 40 -85 -76 -73 80 -32 96 -75 -79 -40 30 -41 76 41 -6 74 -97 -20 13 76 -69 -58 54 62 97 -84 -24 -5 -50 -73 -29 -95 22 95 -84 51 20 -46 -20 14 79 -80 -84 99 -84 8 -25 25 -47 -48 -37 93 
-73 -69 -67 -85 78 87 6 -89 52 -20 65 50 -71 -57 -15 -93 -72 20 -8 -81 -62 -88 -79 -2 91 40 -32 62 36 -54 42 -20 -21 -23 80 41 48 16 46 7 -81 -11 44 2 -59 -94 62 16 9 -95 -26 -15 -66 0 42 -92 25 27 -2 85 5 82 96 -61 -27 -87 -32 -75 39 -82 46 
12 36 74 -30 20 -10 -69 -70 -72 45 -25 -18 40 -11 -11 -97 94 13 56 11 -23 -76 -58 69 -1 -16 99 66 2 48 -10 40 -87 -48 -94 78 -71 32 11 56 -94 -27 -95 20 56 -27 -75 -31 14 -59 -29 -53 -72 -59 39 -77 -26 -56 -47 45 89 -50 63 60 26 46 -94 -52 71 13 30 
69 22 67 -19 72 -80 2 53 -68 85 -47 15 -61 27 -70 44 -85 -86 -72 -24 9 41 -42 73 87 4 24 72 -88 -70 11 41 77 -35 -85 -19 95 85 -17 -45 -91 98 -12 -48 -92 -76 68 -31 -29 71 -46 -51 -6 55 93 39 26 -31 32 -94 23 -86 -17 98 -25 -35 26 -39 69 67 2 
-82 -18 23 74 -44 -62 78 -24 62 75 -57 61 15 33 -20 -92 59 -65 98 -43 81 58 44 -67 72 -56 79 51 -62 49 34 -37 74 84 -31 -19 48 -58 11 56 -4 -62 -99 35 12 -9 -26 83 9 -87 13 72 41 -10 55 87 75 -16 96 100 23 -29 95 8 59 -70 79 -13 -12 13 -97 
75 -21 0 91 69 67 -34 35 -50 -30 41 82 42 50 42 -29 -17 -42 -4 -51 81 35 -26 11 -100 60 -48 80 8 20 -85 50 -46 -41 56 45 78 -58 64 59 63 48 -56 -69 -36 84 -51 -82 -70 80 47 -49 14 -10 62 77 -17 75 64 19 22 20 7 -5 -37 -7 -48 -42 -61 -91 30 
86 83 27 52 -43 67 -1 17 74 -24 37 26 -68 -65 56 -64 17 -49 8 -58 55 81 48 -44 -7 -48 -85 27 -3 91 -41 13 16 5 16 71 -43 97 -91 87 -100 82 -33 100 -42 15 -66 -29 98 -98 29 -11 -16 -51 1 37 -16 4 -77 -43 -81 -98 92 37 -35 26 -21 -84 56 63 -58 
-16 -32 -24 82 36 44 21 -88 -90 14 95 20 98 29 -11 24 17 9 15 -45 -94 -48 10 -48 95 92 22 -44 57 1 -83 -62 88 -83 9 94 -3 -3 97 -18 -1 -72 -15 -64 61 94 22 -81 80 -73 -51 90 -73 4 -77 -66 -42 -92 79 -38 3 -91 -47 -56 75 94 76 -63 94 -83 -67 
95 92 50 -65 5 83 2 -24 -88 91 -21 74 85 -88 0 -16 89 63 -25 43 -56 29 -21 72 -4 92 85 97 46 4 15 -49 71 49 -44 -16 30 73 -3 28 -78 -65 -98 -89 42 0 49 16 44 98 13 -36 -50 -24 -5 78 37 46 83 28 -51 63 -64 -15 -5 -94 3 38 -56 -45 -93 
-83 -76 -41 -55 -17 -42 -64 27 61 -64 -20 -35 -94 61 -62 13 -50 40 -24 -11 -38 -60 -46 -87 72 -72 29 -64 -10 -80 -94 1 -43 -64 -64 -26 56 -46 -69 54 -88 -3 -20 -85 -93 84 -10 -70 -29 -100 -57 53 -39 67 38 -81 42 39 -56 -69 1 17 1 -15 70 -60 -18 -16 -59 -12 76 
30 -9 -50 -66 -94 -93 14 84 83 1 95 98 -57 42 27 17 -7 21 11 -91 -56 -99 39 -53 53 73 14 89 60 -4 91 6 -88 52 -25 4 25 -33 3 96 86 1 -97 -31 10 -16 -46 -3 75 -76 -25 -100 87 14 89 -76 76 -72 -84 16 28 -81 -47 22 55 99 68 24 -26 15 40 
-5 94 -96 52 36 -16 -61 53 -18 61 -32 -98 -4 54 -100 -77 62 -13 55 79 -96 -82 -42 70 -39 42 -26 -78 -98 24 -72 -1 -46 10 33 13 -35 -95 -30 -84 12 -88 72 -64 -74 -8 -85 -90 13 -30 -52 -11 -15 62 -46 -16 -33 30 6 17 100 -62 -55 -53 -13 -90 62 -70 72 98 33 
-99 98 -52 -72 78 18 -37 99 82 -15 83 -45 -6 -34 99 55 3 -80 -66 32 -40 -30 34 -39 -82 -27 19 -63 -94 14 -84 95 -15 -75 23 -36 -41 52 -64 -35 89 53 -18 -24 93 21 25 -93 -51 -37 -25 76 95 23 -26 -48 -8 16 -99 -63 51 2 50 -54 29 83 -1 -80 -72 -79 -53 
89 -91 26 91 4 40 93 98 24 -10 -62 -83 11 -84 3 83 -9 -56 -61 49 29 6 -9 84 41 -81 38 13 -85 -88 -44 -80 -70 -97 -87 17 49 -52 9 29 81 -94 -90 -31 -85 95 -63 98 80 -98 -94 -58 27 73 89 -72 87 23 95 12 -11 100 35 -37 -39 21 27 11 47 0 -36 
-15 80 78 -85 -73 69 -87 100 96 82 74 86 58 -98 -31 -7 -92 -38 -35 58 9 -29 -57 21 75 34 4 92 -78 52 -95 2 83 50 71 -12 -22 -56 9 49 57 73 23 87 -13 30 -61 6 -95 -63 72 -41 47 -17 40 -12 73 38 -52 94 98 -25 18 -77 -15 18 32 -36 46 82 -72 
73 95 -68 24 -3 -87 -56 -6 -84 24 62 35 13 -26 -30 -18 72 -62 67 -45 26 -67 -12 52 96 -9 57 -59 65 -1 19 -13 20 -65 8 67 34 100 85 97 60 -97 -82 -7 65 -3 -97 70 99 -76 60 44 -66 -90 -14 55 -22 30 53 -31 -1 -52 -1 -50 -24 57 30 36 48 -76 -4 
-12 -45 -39 84 -11 -21 -71 25 15 -97 44 -92 -46 -93 -9 12 33 -88 -50 -86 -58 -90 11 -22 7 -20 75 -71 36 -8 43 -83 59 62 -74 -41 31 71 23 -43 49 -29 3 -58 -44 -90 -8 41 -25 69 64 -59 -91 -70 12 73 -32 -8 95 -27 51 93 38 85 -52 62 47 -36 -60 -33 -4 
-96 -36 -91 -23 17 -45 -29 73 -75 88 -45 -78 29 -76 28 99 47 12 42 3 0 45 -11 -7 58 -100 -30 -45 -16 -45 24 -5 -74 70 -94 -67 -5 6 -47 0 98 79 99 -31 -57 -23 74 -55 40 4 36 35 7 46 70 -40 19 100 66 47 48 13 -82 98 40 30 15 -66 73 -40 87 
79 -12 92 -34 8 78 -69 -10 26 -3 -94 37 -25 16 20 29 2 -96 3 95 59 -97 89 -59 -46 -46 57 -27 -97 98 86 85 6 -53 5 -22 2 -23 -22 -76 -32 -81 -80 -86 77 -37 -69 20 -27 41 58 58 83 17 69 23 73 -17 48 -7 57 -60 -35 68 39 -65 -32 -100 -9 -48 -72 
49 -69 -68 66 -93 31 -16 47 -68 29 -27 -84 8 -92 -72 29 5 82 -66 77 -53 -98 -55 -86 -34 0 -34 2 31 88 100 -68 40 -87 -79 -64 -93 96 21 63 -36 77 -3 -61 89 -93 -71 -6 44 100 -66 -87 -80 -36 -5 31 94 -73 -36 -97 -33 92 -31 88 -9 83 -21 7 -86 66 -88 
91 59 -60 34 -15 28 -41 92 51 67 78 22 18 -96 10 51 61 -9 21 33 -3 63 33 -11 -81 89 88 24 -96 2 72 25 60 -51 -12 -87 46 25 95 -76 50 3 92 -68 -95 64 -39 4 -47 41 89 29 39 -75 -66 -68 -51 81 43 -67 -70 9 5 54 76 -81 9 -66 -72 -50 -100 
80 4 69 65 0 78 -63 8 -39 73 -95 81 -48 37 90 -53 -53 90 9 -7 50 -45 -56 -74 21 -52 -47 -97 -3 59 23 -13 -14 81 32 -8 -49 37 -83 1 79 55 -20 80 -54 57 -4 22 -30 29 -14 1 88 -42 13 53 -18 26 70 -66 -88 -2 -89 -91 31 87 -76 38 -37 -41 19 
-98 91 -29 81 -79 100 95 -67 -70 -88 34 -71 16 -76 44 5 -80 -2 53 -54 24 -19 -14 61 -90 21 46 37 -60 15 56 61 14 33 -15 84 -74 22 -4 40 -15 -76 100 94 -86 -51 -1 13 -59 6 -79 59 -23 -8 -19 44 -83 94 -75 62 90 60 38 100 -93 -91 64 6 -34 68 31 
-76 -86 32 -34 8 24 -72 -75 -47 -83 -51 -91 -22 94 -50 -11 -16 -48 1 -51 -32 53 76 20 -28 -57 6 86 94 33 30 70 -11 78 58 -19 16 -87 40 -81 -29 6 -83 60 -66 2 76 82 -92 50 -100 -85 -22 41 -49 86 93 -64 99 -94 38 97 -16 -32 75 33 54 76 22 75 -28 
26 47 54 -12 90 19 -55 -30 -42 18 96 65 -56 -84 -95 -3 -73 8 -96 -49 -36 -40 15 -92 99 3 51 -26 43 -73 16 93 -70 91 -38 87 -56 22 80 -38 0 -13 13 -1 -18 -83 -13 -18 -91 48 19 19 -6 68 34 -10 88 -47 -66 -32 -22 -14 95 31 -64 -68 33 -64 -66 8 -79 
-77 7 86 -27 82 94 -94 -60 60 5 48 93 32 -64 82 89 72 -93 25 76 -52 19 100 63 75 29 -49 -3 82 -34 -39 13 -88 -64 77 -95 -48 -4 90 56 -41 51 62 65 -12 -1 -59 89 -23 23 -66 24 82 46 19 -41 43 17 -43 17 11 3 32 -10 77 -76 -59 80 84 -6 12 
-76 21 25 95 -84 -69 21 17 -29 27 34 59 39 18 -13 55 -46 -39 -34 3 26 40 -32 1 61 96 1 66 -13 -5 53 -76 -23 47 100 -28 -51 26 82 9 69 -61 -70 -1 -93 31 -67 -21 96 18 12 100 -8 93 85 -56 -62 -14 95 21 -3 1 65 -21 -17 41 65 42 84 80 -88 
-97 52 11 -55 -47 95 44 -45 37 8 -73 62 21 -36 -42 3 -38 -13 -69 -65 51 10 56 -82 23 -83 -27 -81 -99 -86 56 11 67 99 92 64 -96 -96 -24 30 11 92 -38 -22 3 -5 36 68 65 71 -13 30 -54 -66 21 96 19 -15 73 94 -94 55 -64 100 -10 68 -66 -71 -91 33 24 
-80 84 76 5 -4 81 53 -2 -82 -37 -86 -96 -97 35 14 -57 -15 77 -28 53 84 -83 21 22 -7 -72 61 -8 14 -33 70 -48 17 8 70 -89 -73 29 96 8 -69 30 71 -69 58 50 28 48 -39 -49 94 -89 67 15 -42 -62 7 35 -59 90 32 32 54 -22 78 -28 22 -5 -100 34 -100 
-56 97 54 46 36 89 -76 35 -10 -11 52 75 14 80 8 20 -79 -78 -53 85 -64 12 -47 75 23 -14 -70 -27 -73 -21 -29 46 -19 37 65 78 -4 -70 57 -99 -68 93 -77 32 6 81 -88 -32 14 -53 62 -12 24 -30 11 -83 -60 -98 70 -81 50 22 -40 96 -17 -40 -87 90 74 2 -51 
19 66 42 33 -29 98 -32 -83 -8 44 83 -91 -89 57 -60 -16 -87 -83 -19 94 -85 -39 25 30 -4 43 46 -41 24 -1 88 30 -51 16 -85 82 -91 89 -9 77 -56 -95 -67 -21 -20 -80 2 -94 88 63 -62 -1 -3 -89 95 66 69 44 -15 -85 62 89 -90 -14 -87 -56 23 -76 46 -90 10 
89 40 -22 -27 82 -36 87 66 -93 -45 57 -66 63 -13 -77 9 -46 -33 13 86 61 82 80 -7 83 -35 78 -97 9 62 -42 -51 -4 -19 0 -95 -83 -26 97 -41 97 -42 89 -49 20 -84 67 -30 -87 -24 -4 87 -52 -13 -12 71 50 53 -60 -12 76 73 -55 -96 29 -57 -76 -15 30 82 91 
-78 -76 -30 -39 -14 -38 86 -32 -29 35 84 78 -9 -18 82 43 24 -53 -97 -45 35 -22 1 -63 -10 -85 -71 34 71 -79 54 61 -57 -58 -26 80 -6 18 -57 64 -27 -55 40 -33 -96 51 -83 -12 -21 -52 -80 -43 -68 -39 -83 -35 90 33 90 33 51 93 -84 -99 68 37 66 58 98 -49 -54 
95 -55 -71 -70 36 -54 -85 -18 -38 23 58 -67 70 -29 -38 31 76 96 36 67 -48 100 -93 -70 -67 -15 12 78 -90 -65 -95 -56 -9 -45 -16 5 67 10 -86 -35 -50 83 -7 68 -6 29 70 -36 95 56 -35 -3 35 -51 72 45 73 -54 -51 82 9 -11 3 93 52 80 -23 -94 -96 -98 15 
-40 52 -28 -100 -80 16 -60 -92 -27 -63 57 85 -9 -72 -53 37 62 30 -90 64 60 -73 -54 94 -60 66 -83 -14 -92 75 -74 41 47 -67 -97 -67 -55 68 -86 -81 96 30 -33 59 18 -94 78 83 35 45 16 88 -98 -2 37 -43 -53 -84 -36 -6 5 92 98 -12 -40 92 -32 -32 -90 -84 -9 
-70 4 -22 -39 -58 73 -97 -77 50 -25 -92 32 100 80 12 -41 14 -76 93 -4 66 -42 46 -99 -32 -62 -49 -25 37 99 -1 51 68 -66 -98 7 26 45 -21 -17 -79 -63 72 -62 -17 -71 -73 -20 77 56 -26 -31 -26 98 -24 -62 -52 7 -77 -34 35 86 88 -97 -47 12 6 -66 35 19 -65 
-16 -96 66 -71 87 -22 38 68 -23 15 -9 76 13 22 27 20 55 -44 -56 99 -12 -97 72 6 -10 100 -91 -80 71 32 31 -76 -46 42 77 -42 30 62 16 -15 96 -81 72 -84 55 -51 34 54 -44 88 32 -96 87 -62 25 -32 61 82 -95 -65 98 -13 -49 6 -18 42 42 -80 -52 -69 -24 
60 -95 62 28 99 31 39 7 2 -23 -67 31 39 59 21 84 18 58 68 18 -48 33 -19 26 92 -64 -11 63 16 -72 -47 -38 15 -75 23 -43 -95 -21 -83 55 47 61 2 56 -74 82 75 -73 -45 39 -30 43 69 -66 -59 -54 -4 -70 -45 -55 -85 -2 14 -78 -29 40 -98 -78 -34 76 39 
30 49 4 62 65 0 45 97 52 93 96 52 -87 -59 -78 61 21 16 43 -93 64 78 -34 54 83 -41 33 -97 -11 92 -65 80 -38 22 66 -15 -54 -53 -88 -39 7 12 -42 63 -80 83 78 86 85 -27 80 68 -72 -100 -94 -10 16 75 -29 99 -24 61 -25 4 43 70 88 -44 -74 41 37 
50 -5 52 14 25 49 74 9 5 -95 -17 -5 -46 -11 70 62 16 -30 1 -47 -85 90 100 -65 -56 -87 -78 76 85 -27 81 -1 -96 87 -17 42 -5 -25 -23 -3 -55 72 37 6 37 95 -81 -70 -96 29 61 50 -36 -65 51 5 -43 59 92 46 -74 23 20 56 7 85 80 18 -65 -14 6 
55 -82 -60 -41 -89 73 -13 -94 -75 82 -13 -64 69 -79 56 29 -33 87 -38 67 -17 -33 -60 3 -34 -66 -85 70 92 -96 -1 -9 13 -14 -91 80 -40 4 3 95 -29 -99 -89 81 -40 -82 -63 -23 -56 -42 4 36 -90 67 21 -15 65 -73 16 31 -21 4 -37 65 -23 -41 94 33 69 -15 -45 
43 67 -56 11 -11 -7 78 -39 -91 61 79 -24 -99 -74 -49 67 -80 -30 -98 -6 -80 -23 56 61 -71 -41 -19 90 64 37 71 -21 -86 -8 16 96 -94 -31 -46 59 -6 -45 -37 92 9 -3 29 95 73 43 -81 41 -100 88 -25 -18 -99 -76 37 32 -80 -80 41 58 36 -24 68 -56 55 67 -19 
67 -72 -85 -76 59 77 69 48 -10 -99 22 89 13 -12 31 -71 4 95 -82 43 95 2 95 -22 -99 -75 -92 -30 62 -5 69 -87 37 65 -89 88 0 47 85 -16 -24 -32 -82 90 13 -88 1 -59 -52 12 61 -77 32 -65 -22 -15 -83 -77 -35 -40 90 1 -84 81 44 12 94 12 87 -26 77 
64 80 -84 83 -26 -50 91 17 75 -11 -57 15 60 -87 12 48 6 -16 41 -74 -65 15 -27 51 -69 -51 -10 99 95 -84 39 56 -33 -25 29 -25 -61 -59 12 -84 71 -65 17 23 -22 -49 -40 -90 85 6 -37 63 25 80 22 78 -54 60 23 -32 79 59 4 26 23 -40 47 19 -25 -60 40 
-2 -35 -34 -1 -27 56 69 -82 -82 -72 -68 65 -45 -91 82 79 -23 87 -48 -75 23 -11 -8 45 53 -76 -36 -25 -46 85 66 77 2 2 -2 9 77 79 13 -54 45 -38 -44 37 37 -88 32 -25 -23 -93 28 74 98 -16 -42 -36 5 94 -2 -1 20 -14 -53 36 82 82 -56 -75 -18 -97 -94 
-63 -2 33 64 -78 -74 -51 -94 66 25 68 -59 -70 -15 -27 -39 41 44 69 71 33 38 30 -68 -62 86 -98 61 -42 -55 -76 -53 -34 -6 55 -66 -88 69 -11 -98 -43 -21 97 -35 -55 -4 -48 -73 -42 -8 81 56 -14 79 -56 51 -35 -40 -56 35 15 -15 3 -54 51 75 -42 -22 -44 -22 -75 
78 -23 37 4 66 -83 -87 66 -32 16 0 60 79 2 27 59 -58 70 18 86 60 80 99 92 -42 29 83 -25 23 -27 -61 17 -38 -89 -5 60 -29 26 -71 -81 52 78 90 -68 -51 -27 -70 -54 -50 -83 30 17 53 40 -36 77 53 -37 -27 35 -49 -13 0 -20 47 -78 89 -46 56 -78 13 
-65 67 -10 43 90 -44 76 -55 -10 -90 24 84 42 3 -31 0 -39 -64 11 45 39 -81 6 86 100 33 87 8 31 58 -98 -33 -2 -89 -100 23 -44 -75 -22 -35 83 27 -84 -88 67 78 -85 7 70 -96 -41 -99 -52 -9 32 43 -99 77 -80 -38 -92 -82 -21 71 -4 69 88 -8 -73 -21 27 
51 -13 29 1 -61 35 -10 -5 75 -53 97 47 -68 3 96 -44 63 -15 83 64 -49 -37 -98 -70 -51 -95 -55 95 -49 -50 2 -6 -12 37 -81 56 -5 -8 35 29 -33 71 89 -23 -28 52 -100 90 85 15 -8 10 43 59 -9 63 36 -85 -84 -24 87 -67 28 62 4 -58 -45 69 0 57 -8 
