-72 38 -52 -40 66 62 1 -11 79 48 -53 -62 -59 40 -28 29 -88 -29 -51 -71 3 60 17 36 -76 -94 37 12 72 -57 -51 -34 18 -43 25 -37 -77 76 -49 78 -93 6 22 -62 -58 -24 91 56 -48 12 -36 69 85 -2 -69 79 -15 84 -20 -28 -18 
75 98 9 -3 85 56 73 -34 94 34 -30 -13 -90 -39 -88 -82 -14 73 -22 -20 29 42 33 66 -70 94 16 -19 62 57 -94 98 -87 -15 96 86 66 -96 -55 89 -54 -26 -63 95 25 14 54 74 85 62 84 -83 66 -94 62 29 -68 26 81 62 67 
-70 -94 -45 -81 -100 90 -70 95 75 53 -48 -23 -2 -59 -73 78 -78 -62 -12 59 -84 -94 10 -62 26 94 -92 51 -4 -98 -59 -60 -40 -66 -5 -87 -66 5 -41 22 33 51 -94 84 -14 -58 52 70 49 13 -63 82 -28 -87 91 -49 -24 51 -44 -20 59 
68 -46 35 30 90 65 -51 -10 49 44 40 -11 44 -66 32 -71 74 92 55 41 88 24 7 41 9 76 50 25 32 -99 16 13 59 66 -62 41 75 1 -20 -94 51 -1 -96 -80 63 -44 -78 -31 8 -55 28 -77 -57 43 14 83 -56 -45 -79 -27 79 
77 32 -3 8 -86 -28 82 53 -35 -55 -4 -48 -46 -18 -88 -79 59 -85 -66 -9 93 -70 88 81 -40 -69 1 -4 -86 -12 -24 -52 -67 -20 14 -27 22 71 14 5 43 36 94 85 51 -68 -65 -91 -17 -27 -27 73 -81 57 -55 54 -30 -34 -41 46 55 
-1 9 -45 30 -45 35 65 -36 24 33 26 47 -10 -86 -95 -34 69 -62 -53 -16 -98 -75 -55 -61 96 39 30 24 -42 -69 83 36 54 -29 20 51 93 -68 67 25 -93 46 27 -60 -30 28 -27 -86 -92 33 82 -46 -41 37 35 92 -93 -39 91 79 -7 
61 -97 -72 -13 -72 96 -94 29 2 -3 61 28 -69 69 59 -94 -59 -72 -80 42 43 -53 -36 22 -77 0 -84 -65 -68 58 -26 -14 15 -10 83 31 -48 -57 59 -9 -48 -44 36 -96 -47 -93 9 89 42 -80 26 -56 -5 61 -29 -42 69 -15 -78 -32 -11 
57 30 -75 -9 77 5 36 40 35 78 -100 89 34 -69 61 12 70 4 -40 63 36 10 10 -83 -6 95 -83 23 29 29 21 29 -83 -89 -61 -81 55 60 69 80 -94 31 59 -84 32 -31 59 -42 -64 37 -82 -60 -82 -49 -20 -63 63 53 67 -9 -78 
-59 22 -33 -57 -72 -26 -32 -87 -84 74 8 -57 42 43 83 61 -40 -58 29 -92 87 22 11 94 1 -67 43 -91 26 -95 66 -18 63 24 48 85 -7 -13 -56 -89 -73 -89 -48 -91 -60 40 -59 98 -33 21 -91 36 -89 86 -61 92 -6 80 -77 -57 24 
70 100 -33 83 11 -31 -27 -85 -93 48 91 -89 52 64 -89 80 33 -40 -87 -5 -39 10 72 -22 -51 -65 -81 23 17 93 -26 84 12 -21 -42 53 88 -92 -94 -89 -31 -26 75 -99 -47 47 -94 43 -72 95 -80 89 -77 -83 42 -79 -14 64 -28 59 31 
90 61 -32 -22 -70 40 89 -37 22 -95 -64 91 14 1 1 -4 20 -5 23 39 4 -16 -85 -99 -81 -58 -53 20 -21 12 -33 72 -6 49 -98 6 -71 -12 65 -36 -67 61 -7 47 -95 -8 18 48 -29 -43 -69 -96 91 52 3 64 -54 95 -89 94 63 
22 37 -87 -10 -87 -52 22 96 -40 -76 42 49 -44 -40 28 -66 -36 95 32 4 -77 40 -30 -26 49 -91 41 -12 -58 46 -60 -74 84 100 39 -59 11 28 58 86 91 94 -89 -84 -15 97 98 -20 -39 -35 84 -79 -59 97 99 -9 48 -47 14 26 92 
-96 -39 30 -73 0 22 -100 -76 -19 66 -25 -4 -47 91 59 32 17 30 73 46 -85 -42 3 -30 25 43 38 -56 19 7 -52 -3 62 5 -45 -42 84 19 93 -42 71 54 41 78 -33 5 -48 63 -13 -7 -21 -100 -81 22 -86 82 -48 54 25 -87 80 
-24 20 -49 -67 46 45 3 -96 -37 -19 50 79 -26 75 -65 74 57 -81 -32 -51 -19 -34 89 72 98 -82 -68 -40 -1 28 69 92 -1 40 55 -13 -24 56 83 21 21 6 62 -65 25 5 -18 72 -43 -70 -28 12 -29 33 87 53 46 66 90 -24 12 
62 4 4 66 58 -54 90 87 68 -92 -91 51 6 47 56 55 -3 66 76 -82 19 -61 -29 86 -83 59 -11 -4 86 33 -19 -97 -8 -12 -2 19 72 19 -10 20 64 -53 -50 22 57 46 -50 89 -43 -56 -75 10 91 1 95 33 41 -89 95 70 -99 
11 59 57 13 40 -19 -6 -16 38 83 5 -43 74 -92 -71 4 -48 -8 -2 -79 -83 -50 77 -90 -72 93 5 -2 -1 -93 96 56 21 61 -15 -76 -92 14 64 -52 -53 61 -36 -100 -76 9 -65 -46 18 -34 -1 2 11 87 -75 86 20 42 -4 8 -8 
-91 -30 61 92 65 70 25 84 -48 -26 64 -67 54 62 37 48 75 44 13 22 15 91 54 69 -84 -91 -41 -48 58 -20 -92 5 -9 14 -8 47 -49 -42 -5 -90 9 40 12 64 5 -91 80 -40 -43 51 -69 -26 -31 -31 6 98 -3 50 66 22 10 
-87 93 43 -58 17 -74 8 13 1 -47 -69 30 32 -99 -50 -30 77 -11 44 -33 35 -3 92 -16 89 75 65 -37 91 -1 65 92 47 -40 -51 51 36 20 -56 -56 -9 -48 41 -98 76 -8 -25 20 3 -24 44 66 23 38 -94 49 43 26 59 16 90 
-78 68 -16 54 58 22 -84 76 14 1 -90 -53 -8 11 72 -66 -71 -5 61 -87 -47 -86 -5 -60 -31 91 5 -2 71 -5 -3 13 -89 -47 15 77 17 84 26 73 -99 -26 41 98 -21 -72 -18 59 69 10 10 -14 59 -80 -32 -11 -50 -76 -62 91 -83 
33 91 -58 -65 -45 74 -10 50 -26 50 -81 -34 -73 57 53 -93 54 -64 -26 -52 -47 82 75 -15 74 -47 12 88 70 -15 78 6 -58 59 -10 -90 -33 -86 25 -9 -60 -65 30 -32 -66 26 38 -79 -53 30 79 3 -90 -66 88 27 -17 19 -17 -3 -7 
55 -90 -57 -67 10 -6 -49 -61 -84 -38 81 100 -15 4 20 80 1 8 -46 -35 43 28 -64 93 -68 61 32 -9 -35 -12 59 47 -81 97 25 -69 99 1 91 -60 -69 92 -86 54 31 85 -94 -71 -26 27 -86 -41 -82 36 -28 49 58 -56 24 -32 -77 
24 91 35 69 -4 4 15 -42 -65 -98 71 -56 88 -28 26 -69 54 83 -42 -23 75 81 19 93 62 -79 81 95 37 73 -3 -12 92 -100 60 -70 -46 4 -99 -36 -37 -64 40 -39 45 15 44 76 -17 -24 51 -4 18 43 1 -88 -40 26 -6 -88 -75 
49 -85 71 -90 -27 -66 17 13 73 -54 -65 -69 -42 47 -32 -6 67 1 -90 -38 -84 9 -70 65 -35 -43 -45 -85 -35 58 -78 74 -87 48 -69 -74 -78 85 70 -33 -24 36 55 -41 0 22 14 -40 55 -91 21 -56 -82 -72 65 -19 39 49 86 95 -54 
-4 -22 -28 -57 42 -66 82 30 -84 -56 -7 97 48 -60 -96 -77 24 66 64 -4 -13 30 -45 -60 82 -20 -14 4 -93 17 85 3 -65 -97 -65 -100 2 37 -6 -36 15 -14 19 -92 4 82 -71 -66 -1 -12 -87 33 -17 -42 30 95 -19 43 63 15 -13 
-47 -10 -24 -63 69 -48 79 74 -12 88 11 -73 -2 -68 14 -60 70 -11 -39 -58 -9 -14 -82 33 -95 -38 92 36 -28 -2 -31 -42 -57 25 -43 -8 -69 -7 -3 19 25 -74 53 4 3 65 -98 -32 99 27 -8 24 9 100 -47 -44 29 -77 -24 92 82 
-9 42 95 -39 -90 61 -63 88 69 17 100 76 21 61 40 90 -35 75 -44 -33 36 19 -36 91 -74 66 90 -94 -94 53 73 -39 32 -79 0 -51 -84 -92 44 87 93 -84 54 -99 -32 18 20 62 8 -57 -99 37 -69 39 79 25 -100 -51 56 42 -75 
4 -59 -76 -95 53 85 41 8 -54 -74 94 -56 -24 76 53 70 71 -40 65 84 85 -34 -100 38 -29 -80 -19 -43 96 -91 -97 -47 -59 73 -53 -82 -60 -25 -12 -11 -78 70 83 90 76 -18 -80 -64 15 62 73 -19 30 15 9 -16 -76 -63 23 75 -76 
40 60 9 56 48 -75 -6 -1 -78 -22 -1 95 -70 21 55 61 -1 -16 19 -11 51 42 88 -48 62 94 -84 78 30 -2 97 -81 -63 -61 -25 -49 98 74 -60 68 -2 -2 -92 -49 4 27 -5 -46 -77 -80 79 22 89 35 -53 -3 58 71 -78 70 -71 
99 -96 57 60 98 35 -74 -70 86 -7 -76 -11 -60 -36 63 19 -74 -16 5 99 -44 77 37 17 7 -19 -97 7 19 69 -4 -83 45 70 -15 -20 -98 -78 -21 -97 -6 30 10 77 62 -16 41 -10 88 33 69 -66 -32 -41 -58 17 12 9 67 15 0 
-8 67 -27 -6 59 62 22 -21 90 -75 28 -57 51 -48 -83 -29 54 89 60 41 -12 31 -25 52 -40 -52 -41 74 -57 -43 -97 -94 -75 67 56 66 71 -79 30 -80 -91 86 20 -52 44 55 56 -17 -26 -51 92 83 9 63 -37 12 45 -35 -31 23 -73 
6 -70 -64 -43 88 70 -51 -33 20 77 9 -29 -71 -69 -18 -97 -20 40 -7 -43 -54 -52 -24 72 66 64 -62 84 68 -21 6 -99 -85 -42 -37 31 2 64 -27 46 47 3 -91 -30 44 34 95 -7 51 19 -81 21 -70 78 -80 -50 3 67 -99 5 -98 
-57 50 -91 -61 -65 -75 -17 61 -91 -90 -98 -82 6 -91 -1 -45 -22 51 -40 -56 45 -77 -62 8 34 -35 -72 -32 -91 -80 -73 -94 -98 5 -71 -86 -76 59 20 -60 -81 91 -15 44 -58 94 17 33 99 -34 -63 2 53 -17 32 31 57 10 43 -58 -15 
69 -69 -29 -56 49 -94 89 -58 -56 -21 5 -10 5 -14 -95 -12 -87 -68 38 -40 98 -44 39 49 58 25 -30 25 89 -8 -20 52 -7 -47 15 21 6 97 -14 1 -85 75 -32 86 60 -22 37 -25 84 -37 55 -9 -16 92 65 75 50 85 -3 34 34 
96 46 91 -79 -84 3 22 -16 -29 -34 -100 67 98 -72 -2 -20 -57 99 13 28 0 -75 -1 -43 -33 -48 -20 -92 23 -54 -59 87 -48 -27 17 80 -59 71 86 -15 32 85 -60 72 78 -55 -53 -43 82 48 48 61 12 58 -58 -71 97 22 73 -19 -60 
95 -23 79 9 -76 84 -98 90 56 81 -85 -68 80 64 60 58 -9 54 -52 -71 -82 13 -99 96 38 21 -85 -70 -33 76 -91 -19 -35 90 68 -22 -26 37 -94 -17 73 71 -15 -91 -75 -21 47 -11 -52 -92 -27 -2 94 56 36 -40 23 76 34 46 7 
9 65 71 95 92 85 -41 90 17 -99 -80 97 -5 -98 28 3 -32 -70 -78 -23 -86 -47 20 29 61 -90 79 83 8 77 86 69 -14 86 76 -14 48 90 -87 -60 65 62 97 0 94 -49 -18 -63 68 -71 32 -22 12 -42 72 70 49 15 53 18 -42 
-72 -62 100 82 8 -58 -35 14 -53 43 -43 -83 92 -62 -63 37 -27 -46 59 83 94 -14 -69 96 -10 2 -66 -26 -43 -100 88 -96 92 26 -84 -47 -68 -45 28 62 98 -77 8 13 -98 -60 38 55 -24 -61 -77 -23 -86 39 24 -44 -25 39 -78 94 -27 
64 -44 16 9 -24 -75 54 -50 -25 35 12 99 -64 83 32 -27 6 44 71 -50 -28 13 5 -55 -17 58 -46 43 93 -51 -13 27 -21 47 -66 56 -94 84 -63 2 -52 -46 2 25 -39 -57 1 84 -97 9 83 -40 22 41 4 -79 -35 46 -12 -33 -52 
-97 -51 -3 -22 74 -94 63 39 -73 -3 88 -52 -96 56 30 14 87 81 77 13 94 57 93 -15 -15 37 2 -94 34 28 36 6 77 -19 9 -57 -27 -60 17 26 51 67 -84 33 -20 92 11 46 63 66 -58 -51 -30 -49 35 -48 -66 -2 4 57 -34 
-99 40 -6 -76 -95 -10 -3 68 -85 1 65 42 88 -93 -16 92 -62 95 87 63 23 33 -26 15 -31 1 -32 -39 -89 -96 -17 78 -6 93 -3 -6 80 85 -57 73 72 42 62 20 46 78 69 83 -67 -25 -100 -36 34 98 26 26 -58 -53 21 44 49 
-9 -57 -27 0 -95 -98 32 34 85 -53 44 -1 -36 94 -60 76 -15 -70 -35 -25 -84 41 -13 -16 3 99 -32 26 32 19 32 37 -21 14 -11 -11 -40 56 -92 -94 -80 -37 -32 0 -52 -82 35 -74 -99 95 78 14 10 56 20 -96 -85 35 46 93 61 
-4 60 35 26 30 -9 -28 -69 42 34 52 20 -97 34 -93 36 -76 34 -91 48 65 11 -51 -45 2 42 -48 -76 -84 -46 81 30 -85 87 2 -86 36 50 -14 -2 19 -78 -99 28 -95 54 -68 52 -7 16 42 -43 80 -88 7 -70 -40 30 -97 -70 69 
3 36 57 87 56 36 -22 10 -42 -24 15 86 58 46 87 -19 16 4 -85 -15 41 79 -2 8 51 31 46 53 -48 -72 67 19 79 -26 -39 91 -82 -55 -98 33 78 95 -77 95 -41 9 -14 82 -60 -52 71 -50 62 -51 -25 -98 -86 -1 -62 -86 45 
36 88 -43 -81 -83 69 -81 -75 -47 12 -11 -31 47 -37 98 -54 -39 -25 30 -96 -93 7 -90 -34 66 95 51 -30 6 -8 68 36 -8 97 -89 82 60 -21 -86 -56 31 -64 -36 -43 -90 -73 49 -46 -84 79 -78 -18 45 45 -40 -44 -55 -44 -75 56 -28 
54 -97 92 -88 35 23 -26 -87 6 -18 83 -96 17 70 82 49 30 23 -9 57 -7 0 -49 45 70 -7 42 -43 -45 -11 74 -85 25 -43 17 83 12 -72 26 -27 79 95 -9 100 -21 13 -77 -9 96 4 -42 14 -68 91 57 94 -80 -52 41 30 -87 
94 -68 53 -51 3 -29 38 95 56 79 -80 60 -23 74 14 8 50 31 -39 77 89 56 61 -56 -85 57 11 83 -67 81 -72 -31 32 33 -92 73 -21 98 -60 37 -38 -95 -67 83 31 83 67 86 83 10 -70 44 -99 -49 15 35 -32 -93 -41 -9 9 
-96 97 2 92 50 -84 -45 43 -39 3 -70 -4 59 53 57 37 -43 80 -22 -67 14 -43 -10 80 -20 53 -84 -38 -55 51 21 63 93 25 12 -43 64 -90 -53 -97 -2 -41 -25 50 2 -59 -69 -5 -44 94 93 69 9 -43 -28 -27 -81 -14 3 -56 -50 
-63 6 82 76 73 -18 -87 -71 68 -25 -17 34 -5 -62 -18 4 54 38 -99 -11 99 -78 51 28 59 60 -89 34 100 38 -66 -96 97 89 74 68 -79 43 46 -44 97 -13 -97 -48 55 -21 -68 -24 50 -65 -92 -74 69 -78 87 -50 -61 72 81 48 94 
-84 24 -8 -54 41 -15 -62 32 31 -4 -82 -35 60 5 40 -24 -51 58 -25 -32 38 -37 -76 50 -32 51 27 -53 21 76 43 -46 -10 -48 -17 66 25 65 63 33 -58 -37 23 86 -34 95 -25 -7 81 13 -4 44 42 -7 -82 -51 44 64 -72 -47 50 
60 -28 -40 -35 -55 -85 34 -74 -26 1 -86 -24 61 -32 78 -50 -88 -2 -36 -17 -55 -74 -20 35 14 -68 -7 -30 42 -13 -60 14 -54 66 25 35 -70 -94 80 67 -3 9 96 81 -85 -97 -5 -83 -4 29 -72 86 -61 99 -21 -88 82 13 68 -49 44 
61 -34 -82 89 41 32 -93 12 19 -50 -53 97 -68 -42 -66 26 76 86 79 97 -45 -21 -66 27 -7 -40 -38 19 71 36 71 55 -7 -25 -3 97 0 94 -91 22 0 39 -79 -87 -23 51 36 -39 37 -98 -37 -49 -29 -36 33 93 -99 -57 -32 38 55 
-3 -99 5 -6 -24 -9 55 -55 13 -55 -15 26 81 -5 -29 -38 50 19 -78 -18 58 -19 11 -53 -42 -1 46 85 75 28 -62 77 -96 -33 21 72 66 -21 -75 30 -89 -25 11 -75 11 7 -82 6 -45 -66 -62 46 -75 -89 11 93 -37 -45 40 35 -85 
-62 44 -80 37 16 -16 78 -26 -54 -55 13 -38 3 41 -48 -61 38 27 89 81 55 -72 38 -66 -21 13 -60 -26 83 -41 46 65 -50 72 -89 -22 -5 -50 -47 58 -87 8 9 -56 -17 80 86 -66 1 27 -54 -12 -55 -100 -71 -36 -83 29 89 -21 17 
0 78 -97 82 -57 -47 -1 94 -23 100 -93 -50 -5 2 -5 30 -65 38 -72 -45 -100 -49 66 -42 64 -18 -26 15 18 63 72 7 -83 -19 -75 -92 -87 35 -56 -25 82 37 58 1 92 -16 38 -95 -19 -68 -20 7 15 -38 -14 -8 74 -76 50 -51 -80 
77 -2 57 -78 17 30 -39 -93 56 22 39 -65 -11 -86 93 98 73 -44 -45 89 -58 59 -71 3 -31 81 29 98 28 -36 6 -92 70 -84 90 40 36 59 48 66 20 -45 69 -54 -32 -28 -92 -28 -2 -6 22 78 97 -69 -24 44 52 -74 28 -88 -77 
66 28 -70 -11 -58 92 -28 5 91 -14 50 -4 30 2 -64 -28 -84 -62 81 65 52 11 80 99 80 -46 40 36 57 5 18 18 -11 10 -85 56 4 -23 -32 -56 -17 -44 -86 48 -96 100 91 -64 53 0 -83 45 9 -74 -13 -82 -33 -51 -11 19 -17 
-82 -16 59 -26 -33 73 -32 -64 36 -8 50 -80 69 70 82 69 -74 -37 51 -75 88 38 35 -56 -83 -53 35 -20 -46 -95 32 90 33 -35 -14 71 50 -94 -61 34 -3 69 92 -93 -2 -72 -41 -87 86 -94 -23 64 -19 -38 96 25 40 -100 -92 -78 -97 
36 76 41 -57 1 47 53 85 -31 -71 88 33 -42 -57 23 -65 -9 89 48 -35 45 35 12 -52 -65 9 -45 78 -38 55 91 -86 28 -54 10 39 77 -66 -91 58 86 53 41 -80 -89 32 -34 59 57 15 -70 84 85 -13 -49 99 65 24 89 88 1 
100 -57 -30 35 -65 -77 55 -25 -2 -98 -26 62 -63 23 49 -36 24 -86 -39 -22 -95 -4 56 13 42 87 -74 -36 52 -7 40 -43 -71 -44 27 -15 62 -32 -71 41 25 98 70 -38 -49 -1 -65 0 -73 20 -40 95 -27 94 99 26 -43 -12 -87 22 14 
36 -6 57 -72 -81 -47 74 -64 -20 51 81 38 12 36 83 91 -50 81 9 88 75 7 55 -56 77 63 14 -90 45 71 -27 39 26 -34 71 59 -80 97 -21 55 30 -58 75 -72 -11 1 -24 -72 -74 -13 66 -58 62 -21 67 -74 -99 53 9 -34 -31 
32 -98 7 -29 -20 15 75 -29 78 -98 21 -56 -39 32 38 -15 77 87 -77 -82 19 50 19 -81 -27 42 -44 74 74 -5 -29 71 -11 98 100 35 67 0 36 69 -37 75 -97 -18 64 -52 40 -15 -38 -66 -2 9 -28 -67 2 -53 -68 13 57 6 -83 
31 32 -77 41 85 -66 24 -65 -33 -47 1 -21 38 22 41 -3 -33 -89 32 -39 -52 -35 -52 35 18 81 25 19 0 18 28 -82 -11 -17 57 69 63 -30 64 -50 -75 80 37 30 -1 11 -39 -43 -66 -44 31 6 67 -64 -60 -41 -64 69 75 78 -5 
45 -45 -40 -97 81 92 75 -32 -9 -91 87 -76 -65 60 -75 60 21 21 -39 58 -28 22 44 70 -34 26 73 -53 -35 -75 -61 -4 23 0 -58 -24 34 -11 13 -6 58 43 29 35 -19 -17 -42 -95 -7 -72 -44 65 14 -75 -21 39 39 -37 5 -97 -78 
37 69 12 -1 -91 51 62 -24 -39 -79 35 -11 6 100 -48 -30 18 -13 -13 -84 -4 21 -87 6 1 -60 -52 86 4 51 -90 -35 13 -46 -31 -11 82 -56 94 -48 35 94 39 17 -29 -9 -79 -94 -34 76 49 -28 -29 -31 0 -7 40 -67 80 -9 81 
48 56 61 81 33 -71 -58 14 33 -58 -36 22 -39 84 -88 -58 72 -27 -77 63 -21 -94 99 -57 -57 -84 -99 15 32 67 -11 20 40 29 -3 -43 -33 68 32 -71 -18 -31 26 53 -91 -43 42 57 89 -12 70 48 -4 71 94 10 -52 13 80 -41 56 
20 -59 33 57 65 57 -69 53 -84 -38 -65 -95 -38 -76 -32 -96 -29 93 0 4 74 76 -9 59 68 93 70 -57 -47 99 58 73 -19 -90 -25 -67 81 -4 -64 77 -50 43 8 -67 -87 -56 -89 10 18 -30 80 79 15 11 94 49 56 -61 -80 -87 -70 
92 22 56 -3 55 -20 39 -75 -69 -72 13 -43 -22 12 68 -76 42 35 -99 -83 85 22 -71 87 37 32 -59 -10 -35 90 -3 -30 -6 68 5 85 80 -78 -1 83 -84 -26 -91 90 35 46 21 70 43 -83 -15 9 -8 59 -12 43 -8 47 77 -62 25 
17 -51 -4 22 33 -30 -87 -92 -3 73 86 -12 24 -86 58 -37 15 -72 72 -69 29 -44 -27 -26 97 -54 -29 -79 -34 21 -68 38 -85 -89 -65 62 -4 100 76 -96 -23 31 30 -53 -98 -45 49 -48 -1 55 37 -33 65 11 -37 -67 32 31 64 -99 64 
-60 82 87 -5 -91 86 -14 -65 79 -78 68 -10 -64 -100 -40 -59 42 -17 36 24 25 -87 -63 79 -43 -49 -75 -12 29 -34 38 70 67 71 17 -94 65 17 -11 -64 49 -8 77 27 -30 -52 -56 21 30 63 -13 40 -66 46 44 35 -36 -56 47 -47 45 
30 26 4 37 65 99 98 82 -59 -59 -56 25 58 -89 13 -35 34 -28 -96 -96 -59 -41 -91 -96 -90 -72 -48 74 15 -37 -10 41 52 83 13 65 50 88 91 -51 17 -32 -88 25 -42 75 -36 -16 -90 68 -17 82 -10 -86 -60 56 -1 70 -78 -6 46 
57 99 35 17 31 39 35 -17 -56 -73 -84 67 5 95 -88 46 30 6 -42 34 59 68 25 92 -46 37 23 23 78 -75 -44 91 46 -57 -39 74 63 78 -13 -68 65 34 36 30 -42 -15 1 88 -51 77 -37 -40 35 84 27 -80 85 -63 -54 28 -42 
-91 -42 2 -68 90 -60 -38 54 -74 -85 -38 1 -11 75 -16 56 50 7 -39 -74 -7 58 -34 -49 -33 -90 -42 -22 -22 49 -78 30 74 -90 -73 21 55 -25 -70 -40 -72 15 -78 11 36 -3 99 53 12 84 -88 0 -99 -30 9 40 15 -10 -55 -19 93 
-3 -39 -99 64 26 12 -88 -84 -54 52 -40 -9 34 80 88 -72 -28 55 -76 22 -57 -91 37 -9 84 -40 -27 32 15 -91 -40 -18 -63 -40 4 21 -82 33 -73 -63 31 -26 -72 -41 28 97 17 80 91 -2 63 -17 61 -92 -69 92 -31 82 -73 -65 5 
45 -58 77 70 -50 43 44 35 -73 45 92 -75 -21 -87 -83 80 59 75 -6 60 61 65 -39 -86 65 -88 85 83 19 3 -94 31 1 -97 -86 -94 61 -59 -98 -7 63 22 15 98 -31 -63 88 -46 -53 91 -2 -90 -83 16 56 -40 98 64 96 97 -11 
-62 48 -17 -15 92 64 5 61 14 68 -33 47 -12 54 -69 -87 -43 10 22 64 59 10 -11 52 -73 -3 -50 -31 -90 -94 95 -11 -8 -12 -67 -27 0 -93 92 62 -73 40 22 78 -91 -17 52 -28 90 73 -18 -10 -36 0 47 -85 -40 9 19 -50 56 
96 11 -1 -41 94 41 -73 82 -69 55 32 -64 -55 88 -16 30 34 8 81 -93 -34 41 -36 0 -46 68 99 -99 -49 27 4 -1 43 23 98 -46 -26 -58 26 -45 -83 94 -20 70 29 -7 -91 90 33 -87 -36 -7 -7 39 -67 -92 -89 -44 -68 -14 -37 
67 -40 93 -83 -54 81 39 -48 44 -100 54 36 -34 -10 -23 69 -61 -14 62 -6 -38 -94 -39 4 92 -35 -38 -89 -48 16 -37 -92 -23 -92 -20 85 -24 44 8 -79 -58 -61 26 -95 -45 83 39 -64 24 -6 -32 -60 99 -47 -52 -67 -24 -43 -38 75 -47 
-32 -89 -97 -28 -24 -16 41 33 6 19 -84 6 -14 59 39 85 -24 -74 24 9 72 -31 16 -50 -80 -88 -90 -25 88 -19 28 74 48 -5 -49 -79 -23 -86 -41 -89 12 -62 25 -79 -81 -78 -83 43 73 78 -81 49 8 -24 -28 35 -65 3 -67 -78 -88 
-75 -31 -46 17 -26 70 -47 -1 -21 -68 -25 67 23 -35 -39 16 -67 -52 -30 93 -19 5 99 -19 37 -89 68 80 39 50 62 -79 35 32 -39 -95 -96 57 -96 -95 -81 59 -94 -56 -30 -2 15 0 -76 -10 40 88 14 -6 -67 82 53 -9 -8 20 -40 
9 -55 23 -89 -68 89 -26 -59 15 -56 -65 91 35 51 -3 59 -42 -62 29 -99 -23 68 -98 97 -3 -90 86 61 91 -85 -8 -12 -70 47 42 -72 19 40 -20 -76 57 48 58 -78 -10 -26 -30 0 24 -83 -41 51 -94 5 -40 -56 -25 33 -90 96 -13 
70 -84 -46 75 76 -45 -34 4 75 44 -70 18 -66 -24 77 -27 -93 -78 -13 94 -99 100 78 63 -96 0 45 71 52 -86 77 45 -80 -82 41 -57 47 -18 -59 -2 -71 13 4 57 67 -57 28 -13 6 6 98 67 -97 -2 3 -26 42 -61 -76 -73 -20 
37 15 -86 -48 35 92 81 -51 -94 95 77 53 -78 44 9 9 -28 -4 69 44 -98 98 71 9 -84 39 43 35 88 91 -63 91 -65 -100 -60 -87 -80 -22 52 -23 19 -62 50 -86 -28 31 -75 95 -44 52 79 74 -86 -43 -57 15 31 -83 11 -67 -20 
73 77 73 97 -41 -60 23 45 97 -30 5 -13 54 62 -16 -71 59 67 -41 -14 20 71 79 -44 -99 -30 74 83 5 -98 57 -81 77 -82 -69 62 -16 -73 -13 -16 62 -46 78 -71 -6 -3 75 -45 -98 87 25 -22 -90 -20 -67 22 32 -89 60 41 72 
44 38 -13 42 -65 -67 -32 96 -37 -59 -95 -71 38 47 38 -95 -85 -88 14 41 15 6 96 -100 -7 53 -69 34 100 97 76 87 -25 36 -96 -30 -23 4 5 -78 5 94 -51 -73 -100 -88 -53 -72 -10 75 -57 -30 82 63 -62 -18 84 -42 10 -95 -83 
-85 43 -80 22 -59 77 96 -9 24 -8 7 -18 37 -2 -44 -41 -27 95 -15 31 -11 -33 -35 42 80 17 67 76 81 -51 18 47 5 19 -14 -84 -51 -75 29 -38 62 -43 88 -90 -76 -100 -5 77 -77 42 -51 -48 19 69 -13 -10 88 99 66 27 74 
53 49 -96 58 63 25 -63 83 -97 -100 53 76 54 3 -8 -92 -23 -61 -70 -39 -79 -69 -14 -98 99 -7 -23 -84 -62 15 44 -28 57 -52 44 -44 -84 27 -18 82 -37 20 62 90 -80 -30 -94 -60 -22 -16 -50 49 56 -81 -15 -79 -100 -25 15 34 -15 
74 8 6 86 77 42 -5 84 60 68 36 -9 -16 20 -14 75 90 -72 41 84 -62 -83 -29 -99 -26 66 33 22 -27 84 -30 15 78 -60 10 92 -74 53 -94 -48 76 -32 -7 -54 -42 75 33 59 -27 43 21 94 -5 -22 -41 55 -22 47 81 -62 51 
29 -72 94 14 75 -6 69 -35 55 -87 -59 74 20 -47 81 -1 51 19 -85 1 -66 -16 -32 -79 -78 -44 47 -58 82 12 -88 -51 -40 79 25 94 68 -1 8 -34 2 38 -5 44 -81 -7 98 5 -57 81 61 39 75 22 59 57 78 99 42 -80 -22 
77 71 -37 -65 -8 -43 -48 -29 18 -76 -3 27 38 -4 68 -57 -26 45 -94 54 -23 -56 51 85 -8 -71 -61 -90 89 -81 -23 66 -9 14 79 -46 1 -54 -2 -10 63 22 62 95 -2 28 45 0 30 56 -69 -7 -33 9 66 -56 -4 83 -71 -95 -10 
29 56 54 22 44 -53 86 -43 68 -69 -51 -18 85 -54 60 54 60 82 59 94 10 15 37 29 72 86 76 78 -37 68 -56 51 58 -85 -25 36 -29 15 97 62 -68 70 -49 75 -42 12 -76 8 -24 -93 69 -57 -97 -15 -8 -19 22 -45 -23 -19 25 
26 10 -91 31 8 39 29 45 -12 71 42 -85 -6 41 67 48 -53 -3 -57 34 96 89 99 -12 -64 70 -47 -14 62 -75 26 73 1 94 -68 -75 77 53 -35 -37 -94 34 -93 -85 -7 -46 27 -82 65 -95 -26 59 -85 -28 -74 9 35 19 94 -100 -39 
-65 92 -34 -58 -68 -84 60 -5 10 42 98 50 12 -8 97 -16 39 92 -47 62 -91 86 20 -56 7 -92 78 56 -40 43 63 -76 -66 -78 -52 -28 92 -6 63 -28 4 -81 -93 -98 -60 33 58 85 -2 -67 -89 19 67 -79 -53 50 -95 56 -18 63 92 
87 -13 8 93 -67 -63 -50 31 -57 44 -90 -9 -74 17 8 22 -68 -76 -50 -97 -11 10 16 96 8 -73 -58 57 -12 78 59 38 24 -68 -45 68 -54 -2 22 66 -4 63 68 92 -72 -77 22 -24 8 -23 -23 -11 -71 38 89 -100 -22 88 -56 -74 23 
86 -70 -83 14 93 -36 -90 -29 64 58 -38 -91 47 75 95 -76 31 9 -69 -21 3 62 -87 -9 -100 -3 -63 -30 60 24 20 -38 3 -27 10 38 -94 84 86 19 52 39 -74 32 49 13 86 -49 59 -9 70 -70 -22 73 -99 45 -52 86 39 89 -14 
-93 -63 -54 74 -2 92 1 31 85 -11 -37 -28 24 78 -65 -90 -59 -63 23 -34 82 14 73 -26 92 97 31 -67 -39 -18 -62 50 -58 -48 4 -74 78 18 81 78 5 -100 -25 -75 -39 -83 -67 68 -64 -24 -78 -25 34 58 -72 0 -49 -42 32 3 -44 
75 20 -47 -98 26 25 -26 -35 -77 -73 20 -86 -82 11 55 -59 81 -73 -97 26 54 81 -63 13 -58 62 -88 -43 58 6 68 -92 -80 -9 16 -17 89 73 25 15 69 -91 -35 15 37 83 -64 -14 83 81 48 46 -48 -89 56 36 36 85 -81 96 -77 
-38 -95 86 -92 48 20 -56 73 -29 1 16 62 8 91 51 -99 16 -93 33 98 21 -18 33 -13 24 7 -62 43 -93 -57 -71 -68 -52 48 15 39 -77 -22 43 49 -69 37 27 -34 61 -57 59 59 -6 -49 -50 37 78 -79 46 96 -100 62 57 -72 -32 
80 -19 55 77 41 -34 -96 96 2 -92 -81 0 -85 31 -9 47 62 -25 -15 -50 16 5 -43 -12 -80 -87 -71 48 58 42 -81 50 -31 -51 44 66 98 -67 -70 74 36 15 -35 6 -8 -62 65 -69 -39 -65 -43 38 80 59 -87 44 51 19 76 -36 15 
74 -35 -18 15 22 -29 14 -25 -78 -96 -13 43 -56 -52 24 -93 61 39 -57 -72 36 56 45 66 17 44 -44 46 67 -67 -67 -31 -27 86 -18 -41 -92 -76 94 32 96 -33 6 -90 -9 -82 78 -61 74 31 -31 43 24 52 -58 89 -53 7 61 -74 17 
-30 -76 -69 -34 -81 23 5 34 32 81 -25 55 6 -87 -46 64 26 -77 -11 -87 -7 73 5 -39 -7 -69 10 14 -4 -61 -13 -81 34 -70 -81 -25 -88 -6 -48 -58 7 0 76 45 -63 -93 -55 77 -63 71 -98 -37 -80 32 38 -87 4 -38 75 33 96 
87 -81 11 -59 6 -75 32 -87 45 -75 11 25 -47 -17 -9 61 -39 30 -16 -42 -78 -6 4 -66 64 -56 14 96 -93 -51 23 -17 85 91 7 28 46 40 -83 -8 18 -83 -66 14 -83 -49 -90 44 -49 27 15 -90 66 35 -20 10 -99 -7 0 -59 64 
-48 -53 11 -17 -43 -88 -28 12 23 6 35 -46 73 8 -74 -21 -38 2 26 56 -84 35 60 75 1 63 -74 -91 -95 76 -44 50 78 52 36 -22 -5 25 76 -51 -18 -47 2 2 -13 -62 -24 79 71 62 62 -85 -41 25 58 -34 -56 31 6 15 77 
48 -4 34 7 74 81 -49 51 -47 26 -42 38 38 -37 -6 -53 -4 62 -51 90 32 -22 -38 100 27 30 66 -41 60 -71 -33 93 -64 -90 59 33 66 -8 62 -82 36 -43 -58 55 -16 97 29 -59 5 99 14 -4 -84 -82 -31 -94 -46 -27 -69 -70 10 
-53 10 29 59 61 -6 -99 92 31 -65 -62 -29 3 24 -42 -2 -89 -89 -1 69 38 25 -69 88 1 5 98 85 54 -21 -71 92 11 91 -97 -9 -55 -4 -27 68 -96 -30 10 -56 92 -16 -34 84 -53 -90 12 -72 49 -35 -34 59 23 -28 47 -56 -82 
75 81 -33 91 -74 -92 -96 -56 -23 -95 -5 -55 83 43 20 26 12 53 -26 79 -78 -18 20 -17 87 17 42 -31 44 -23 -7 -51 -29 -60 31 -68 12 42 -85 -87 -52 -100 -14 -89 -79 11 -68 73 38 33 -12 9 -9 -53 -1 55 62 -78 28 69 32 
-12 0 -64 -84 -18 36 89 -73 19 78 -47 18 78 68 49 20 -5 85 -78 -80 -22 -100 -33 -51 -67 -72 -48 32 76 -100 8 -36 -80 55 91 8 -97 86 41 -6 -10 -18 71 -50 -94 92 -30 74 84 56 -35 -79 -51 98 39 58 89 73 -86 -44 61 
-34 -58 -22 97 -66 27 9 -58 80 46 28 -19 -5 -75 6 -80 68 93 44 59 -41 33 80 62 86 7 -35 46 10 -8 56 97 -21 10 86 11 -96 37 72 99 25 76 -61 -6 9 -86 66 83 6 50 98 -6 -93 -88 76 -81 -59 78 -30 10 53 
69 74 -61 25 -52 98 88 -82 82 -34 80 46 -20 88 80 75 36 -48 -9 -21 -96 19 30 89 -28 -1 -66 -38 2 51 25 79 22 70 -63 -54 13 73 86 -100 -25 70 54 64 38 17 17 -43 -52 -15 -68 41 -60 55 -34 38 59 -4 -96 -43 51 
100 20 -18 -13 -23 -52 38 -5 29 81 -60 35 8 66 -72 -56 -35 -82 65 -42 69 72 -76 6 -60 89 -26 60 -19 36 42 -72 -31 -13 -80 71 4 56 75 96 -82 -13 -40 -74 13 62 61 20 94 -6 100 98 -66 3 -13 27 46 -4 39 -69 -28 
-75 -27 79 32 -23 98 13 90 -3 -42 -7 -73 12 90 24 -28 -61 -47 -31 -61 -64 -59 -13 2 -36 91 88 -87 -76 90 55 41 26 -15 52 96 87 -20 -62 -42 99 -94 26 -18 42 24 -86 -44 41 -68 3 42 64 -5 -11 -51 -67 -25 -84 -87 73 
-53 90 92 -14 -34 -6 -69 -86 -99 76 -19 60 -98 -37 84 16 -64 -35 -70 80 -80 -39 -63 -10 -81 33 -4 33 -82 -2 37 -86 -42 16 -5 64 39 57 -86 -2 60 55 25 55 86 -13 44 -60 -80 -8 -4 63 24 -43 -9 98 30 0 -44 -43 -59 
88 -87 20 50 -73 61 -41 76 -20 69 30 -11 66 71 32 -39 67 59 18 90 88 -29 -60 56 -88 -23 92 -78 67 49 70 47 46 -93 -34 -1 58 -92 -9 -23 -14 -20 -93 -67 13 -85 21 95 100 -28 -11 3 -9 -11 51 -54 66 61 -48 -78 63 
-28 -82 59 94 -2 -4 -43 -97 -20 -77 -73 14 -91 -7 -6 -85 90 -96 -78 -66 -15 83 -94 -66 49 -52 81 -22 -27 -80 -36 87 46 -81 34 14 -19 -25 77 37 4 91 -38 -55 -67 28 -28 60 -91 30 8 -33 -48 19 92 72 -75 27 76 -95 40 
-68 -16 -65 10 9 35 90 -43 53 43 67 -60 77 -27 81 70 -99 -57 99 -100 -3 -96 -82 -78 -16 -29 27 36 16 40 17 -97 -65 -50 -7 98 17 74 -14 -3 -1 69 84 39 93 -86 -86 90 16 -25 -51 -48 -14 -38 -69 -76 -96 -71 -7 67 84 
-37 89 42 59 -48 -17 6 -45 -87 -89 -71 18 -15 6 -27 -45 98 -57 73 64 -77 42 41 5 -47 -97 -67 -16 -69 -16 -2 -41 48 36 -58 -43 31 -72 -55 83 -59 -67 -80 -69 48 60 87 -42 44 -67 32 -97 75 10 86 -73 -21 -12 -57 2 -44 
95 -49 61 -39 70 -89 -89 -78 23 -5 28 -52 -32 18 29 -16 -41 -81 -88 73 -77 -63 88 16 -6 -28 -43 53 -21 67 70 -1 -38 -76 91 -61 -47 -50 61 -72 -27 -26 -8 -63 22 39 -100 19 72 -61 -89 47 35 19 -4 -1 74 -34 -69 11 -33 
89 -4 88 -13 -46 -11 6 -84 4 77 -39 -18 70 10 31 58 23 -18 -71 -67 -39 70 47 -95 -42 79 -15 16 -13 -60 -51 77 4 -88 17 55 21 -40 -60 -72 -68 31 66 -85 -9 43 -45 -80 -24 77 -72 48 16 45 -36 1 59 33 89 -36 69 
-2 -9 76 50 59 -41 10 -82 -7 -32 87 -87 4 12 14 -74 -74 35 -21 87 -2 -13 -61 -91 -80 22 -61 13 -90 -61 26 -61 -23 -71 18 -77 79 -20 50 73 20 45 97 -97 -72 65 -26 68 49 54 -70 21 87 77 -20 35 -69 -97 -17 -61 53 
96 58 -64 -61 -51 2 8 23 88 99 -15 -40 -35 28 83 86 -23 -65 -53 39 26 -30 -100 97 -1 -66 65 -1 -33 16 -76 99 -59 58 -69 -69 -76 -78 -83 -87 30 -39 -40 -51 62 15 -32 -27 -43 -15 -9 34 -56 75 10 53 -53 21 53 -48 -31 
-78 28 -19 21 -8 53 -19 -57 -19 3 -34 -14 -88 -93 65 -18 78 -96 -62 60 -34 -72 -99 27 -99 -74 -66 -58 -63 -26 -85 -28 51 -59 89 -50 -14 11 59 15 -62 33 27 50 -92 -58 -68 63 -16 68 -69 3 5 -72 -53 -6 49 -66 79 53 7 
-40 82 9 -7 23 22 85 100 21 -21 -53 -21 36 -41 -100 -16 2 18 -39 -62 53 60 -91 40 -20 -73 50 86 -79 -95 0 93 -26 100 -69 82 -77 -40 3 -38 85 83 -94 -29 -89 51 32 73 -96 -35 -94 -36 -21 28 -76 -27 -41 38 -14 -14 48 
-86 34 -72 93 95 -79 9 -15 72 -54 -2 60 48 55 81 57 -78 -49 18 -17 65 -53 -47 18 28 -3 -79 -66 71 93 -7 94 -96 1 -40 -30 -92 80 75 -54 -8 78 -41 44 80 11 86 -41 3 51 -49 -88 11 -34 -33 -10 7 55 89 -40 -59 
