18 39 -38 84 -71 -75 47 69 17 -88 -47 -89 -5 -90 51 20 85 -67 -39 -8 -93 85 14 43 32 -52 58 -91 -20 -11 -81 5 -58 -94 50 63 11 51 -16 55 -26 -73 10 23 -10 -77 22 -26 -45 33 -12 -68 -96 -34 -24 63 72 45 6 -39 70 65 8 47 -29 24 94 94 91 -1 -59 43 67 -15 69 -56 89 84 -51 -13 32 31 17 -38 -44 15 -38 -52 64 -77 22 -33 -86 -46 -8 -86 -72 -86 -79 36 91 -72 -98 80 40 25 -68 
61 -65 -87 -58 91 22 58 -29 -26 53 -59 73 99 78 -50 -48 53 -53 48 16 10 -70 48 14 57 -39 -95 0 -64 -1 64 23 -20 -48 76 -35 51 39 97 -23 -47 -71 -14 11 14 -76 72 42 52 -76 -21 -51 -95 93 -21 -74 61 77 -47 -76 86 -71 -44 -56 -41 -52 91 -41 73 78 72 57 -96 -90 35 -7 7 -1 -21 5 61 85 63 96 100 5 40 -82 -18 -95 -58 -30 7 5 -81 -50 45 18 100 14 -69 -73 53 85 -27 -23 -66 
3 -98 -100 -42 11 -64 -74 96 23 -70 5 -82 81 76 -86 91 79 91 -68 53 76 -25 17 2 80 8 89 70 60 -91 -59 91 -87 -51 -18 32 49 51 -90 -69 34 -59 -67 -45 20 21 91 55 69 -97 8 -26 12 53 -20 -13 -61 4 -13 -9 84 -80 -3 -41 48 -94 -65 -9 98 38 25 -27 20 49 79 14 83 81 54 43 17 -84 93 -55 9 64 66 -69 -82 -43 41 -99 63 -17 76 -26 -39 -96 51 84 -20 47 34 -11 -45 63 54 
80 42 11 -18 100 -37 42 -98 73 63 30 90 97 -54 35 74 12 18 -22 -78 16 -41 -75 60 -30 -74 -58 -64 -4 17 12 -81 25 77 -62 -72 -26 27 23 -23 -59 -71 5 36 48 -87 -12 -68 -41 53 -10 -14 -82 -14 -43 14 99 -84 57 -92 17 -99 26 -69 54 -90 -17 54 -36 -52 -51 53 24 -67 50 11 17 86 -80 42 -21 99 30 75 18 -44 -84 -70 -51 82 42 -53 -46 67 8 -61 21 -10 -8 -4 82 -62 -43 64 74 40 -48 
-31 33 -53 76 27 89 -90 26 -30 -68 44 98 -11 44 -64 -79 12 -60 -82 -17 -96 -88 -23 -15 -39 -44 -51 68 -45 -4 80 -70 37 51 -34 -60 68 -24 -17 -68 -77 -4 -23 -6 36 -79 68 41 61 -54 -30 21 28 -28 -75 -58 -6 46 9 -42 -24 50 37 -20 -95 -46 34 12 68 -93 -74 6 90 67 89 -16 40 -19 11 -79 82 84 -93 -59 39 -74 -67 -34 -26 52 -22 -32 19 79 36 -3 20 -55 72 -19 -96 -63 63 -45 -39 -18 -93 
4 12 50 27 13 -76 96 -39 -2 94 3 -86 -16 49 29 64 -63 2 75 48 -96 -6 -86 20 32 -97 -12 72 -98 30 -98 79 -29 71 55 67 -54 -30 50 -5 38 95 -87 -46 -28 -74 5 -90 32 -100 62 88 51 65 -54 -11 10 -66 -15 -31 -75 -4 -6 11 54 74 77 -66 85 -40 -74 51 90 -42 9 -12 17 65 45 -2 -95 57 79 87 62 -29 -45 -56 99 -18 -99 29 54 -33 -55 50 -59 91 -94 47 29 57 97 4 31 -90 15 
-1 -45 73 73 16 -11 5 -33 54 11 -69 59 -49 -29 -54 27 -63 47 45 -14 87 6 3 85 -64 -83 62 -44 35 88 25 36 57 2 -46 -10 94 -26 -85 -89 -88 50 38 -23 11 0 53 -75 42 -19 -47 29 -58 -86 84 44 45 86 -76 -59 -52 -100 -7 30 16 -54 62 -51 -43 72 -98 47 80 -44 53 -76 -5 40 62 77 33 17 53 16 81 -64 7 -23 -31 13 51 2 69 89 -57 -32 -95 -55 99 32 -3 15 -91 99 -39 -17 69 
21 30 16 26 -89 -78 -79 -45 -10 1 -48 -6 -78 94 -69 -49 64 82 66 -23 -43 -22 -15 73 68 -48 -66 -100 1 -1 -61 -80 -46 77 92 41 71 -54 22 64 -30 -90 -48 -69 64 -73 -25 48 -61 -3 13 9 40 1 -14 -91 19 -36 82 34 -45 -70 -90 -34 -92 -39 -14 57 -32 -75 19 16 50 -74 39 -74 -54 -28 -8 11 -69 -88 57 -64 -85 -40 74 9 -45 -6 27 37 99 0 11 68 -14 2 -73 -69 -34 93 80 -41 3 4 -28 
91 -32 53 -62 -43 -15 0 89 51 -7 -96 50 61 92 9 46 16 74 83 40 37 -96 31 100 -15 -40 80 -17 21 -41 -3 -84 55 -76 72 42 35 33 85 58 75 6 -54 -73 -40 14 36 -12 74 11 9 -98 32 -61 -79 -26 -51 -17 -24 5 11 39 99 26 11 38 81 -49 60 -62 5 -55 -99 -38 -41 -87 26 -81 25 -10 49 -92 58 -63 76 81 53 43 82 -93 -63 -47 -72 -94 -48 -63 -6 -61 -76 -54 -6 -24 63 11 -92 5 -64 
-46 -26 -100 -59 2 71 -31 -62 -77 18 -6 84 -69 -46 73 23 -66 90 -65 -43 4 82 -24 -100 86 74 79 3 -74 -33 13 -18 -16 -64 -14 10 76 86 -60 -99 -75 18 -52 13 12 -30 -40 82 83 -83 -11 34 -74 89 85 -4 -30 -17 -3 -64 -74 -19 -93 77 -68 41 -72 -60 60 1 17 90 26 -21 -19 -48 -3 -48 -8 16 -37 46 62 41 32 -24 79 82 -8 -27 39 87 -47 -83 -2 69 -14 -12 49 8 -45 -5 -64 -96 2 97 -47 
25 -14 -47 -71 -53 -67 -10 93 96 -47 -43 9 41 -53 -74 29 86 -39 -76 -11 93 11 -62 -73 -44 -63 47 -9 28 -24 -40 26 89 -10 -50 -58 -98 43 -62 34 -50 0 24 -64 56 -67 -78 -21 -8 67 33 22 -38 -81 -67 -47 66 68 35 35 52 21 20 -19 35 -39 -50 -68 9 78 44 42 -29 78 -44 -25 21 64 40 -58 -95 61 -5 -71 -61 -85 -4 -83 88 -58 -1 -45 63 -12 -46 -34 46 -2 32 -80 -93 98 -53 -28 -28 -43 -38 
52 -82 18 -81 77 -41 -85 -84 22 34 -81 -92 -35 -5 -74 -69 38 -63 -18 5 -24 99 5 -50 -54 23 19 -49 4 -44 92 50 -18 -21 -48 -44 -13 51 -95 -37 94 -83 -77 -88 95 55 14 -82 -100 41 -28 -86 -78 -83 -70 34 29 -91 -7 -76 10 -2 70 30 67 88 53 -44 -69 -46 -82 -29 -45 29 37 46 12 -45 35 24 17 40 38 76 73 19 61 -70 -16 41 74 53 61 2 -63 -4 -53 -63 98 20 -97 80 32 -28 86 43 -3 
44 81 -86 87 14 -93 9 0 -62 91 -38 37 -47 8 -64 -69 26 73 -59 -62 91 -53 28 -42 40 -20 100 35 33 10 73 -71 -65 -66 42 57 75 78 14 55 -23 91 93 -21 80 -81 -72 -37 -83 -59 74 82 97 -46 0 62 -67 45 -71 -94 3 -97 -10 -75 -2 80 -22 -26 79 -83 -70 -79 11 -10 84 38 -56 68 13 93 50 -33 37 29 -38 45 35 -6 74 26 -26 47 24 -86 -16 63 6 60 -10 -48 -15 47 -61 -99 97 -13 -26 
98 90 -62 -51 -32 -43 18 -80 54 -95 -93 69 11 73 -39 33 64 58 -87 -17 -8 -55 -41 98 -94 45 75 67 54 7 -77 66 -37 1 -58 32 52 -19 83 30 72 -98 52 -15 45 -98 78 -35 -45 -38 -30 13 76 -86 -75 95 -79 -68 58 -64 -19 50 29 -52 43 -40 90 -85 -48 -90 63 5 -5 51 61 -77 -87 -33 -54 -85 -40 -50 -11 20 -12 42 79 65 -66 -57 -30 -73 30 60 5 40 65 -69 2 -27 -98 -41 -95 -2 -39 -31 37 
-52 -23 72 -97 -51 90 -15 -7 -18 61 98 -73 -16 -80 -40 64 -59 95 -19 76 66 -7 11 59 43 87 -63 20 -51 -77 24 -7 -37 -3 -16 -2 96 -62 -86 -97 86 51 -39 42 -82 -54 -17 -94 -78 5 -11 -54 92 -74 -40 81 57 -56 -97 -57 72 31 -65 -21 -93 -54 49 -52 -36 24 40 16 -12 49 42 69 14 28 -63 99 -56 50 -24 19 -5 -3 -91 50 74 -3 -27 35 40 -42 73 -91 63 -83 36 87 48 54 -27 -11 97 -41 46 
-93 -29 98 88 -29 -63 37 48 61 -52 49 85 -89 84 -68 48 19 26 32 -33 -27 -55 81 4 57 64 -32 -20 -44 81 -81 8 -70 -78 32 -21 12 -6 96 29 91 33 67 63 76 63 70 51 -95 51 -95 -83 -2 -60 -6 40 96 -19 -35 63 67 -49 -57 63 62 90 97 95 -26 -89 -37 -28 17 18 41 49 82 58 87 93 16 27 79 -35 44 -7 12 9 72 24 -45 28 96 -69 59 -75 52 93 -70 78 11 -41 63 -65 -67 76 23 
-79 72 21 19 80 34 -29 -36 16 -99 82 -52 96 -38 -23 36 -14 77 -66 6 27 -45 44 17 24 46 -15 58 -97 23 98 -26 -80 39 16 -27 -84 50 51 -96 21 73 -7 -68 -8 30 60 5 -100 67 37 -8 -58 -32 -14 -65 -54 67 54 66 38 78 61 56 -62 12 79 -83 41 -51 -97 84 -41 -48 88 71 28 91 -55 46 59 74 -97 54 36 2 19 4 49 -50 -92 84 64 -40 89 52 49 77 10 -16 -47 -63 -50 83 32 -10 -32 
6 59 32 64 -57 -6 15 19 -78 -8 -77 -23 100 -20 28 -72 74 -62 -59 -89 50 53 -61 -47 -59 -8 45 -32 41 59 64 28 32 84 -28 -63 75 -67 -6 -35 100 -33 87 85 -88 39 -41 -91 -29 -47 81 27 -12 -90 -86 68 92 81 41 -45 4 -71 23 -38 -54 -22 70 1 35 -12 -92 -52 -16 75 -23 67 -53 71 -41 24 -62 -80 80 -99 21 -71 63 -64 -75 89 16 72 80 64 96 6 20 -99 72 -31 -16 27 72 -17 -85 -61 -6 
35 -10 57 87 -74 52 -2 -24 -21 49 43 51 -44 -41 14 -83 11 -73 -26 -34 -66 -49 -26 -34 16 -70 99 -31 20 58 -56 -55 38 -74 44 -75 -73 -67 -63 11 78 -86 -94 -87 -14 29 66 71 -57 60 84 19 89 -16 -19 22 67 77 68 -23 35 8 82 40 -23 35 -76 -11 57 -94 -73 -4 -7 12 18 -69 8 -85 -71 35 50 -70 57 4 71 11 -13 31 -97 21 -86 -85 -47 -55 -88 -17 -59 -84 51 6 57 -40 -91 92 45 67 -85 
18 96 73 80 3 -27 -79 71 56 -98 43 83 36 68 -46 47 14 -59 51 19 22 -97 61 -1 -68 -41 78 -7 -10 -29 29 46 69 62 93 -22 -56 12 -19 65 3 10 14 93 20 -7 16 -27 14 90 17 -33 -5 -64 48 75 55 95 69 -65 -88 -31 79 -42 72 3 -25 -85 24 -24 -44 -31 19 30 -98 18 -26 -71 -51 38 80 51 32 -81 81 -98 -24 -90 -93 -70 37 -80 6 -7 59 -22 -70 -31 76 -67 26 88 21 -86 65 26 -19 
-67 -27 95 -33 -33 -2 -79 -45 48 -50 42 41 55 -65 -57 81 -86 -44 -14 4 96 42 35 64 5 -96 -48 -98 -75 -75 37 -59 -27 36 -33 63 -20 89 89 12 -45 72 -99 25 -38 73 -21 -71 -43 53 19 -91 35 96 3 12 -17 -67 -36 -94 39 39 -21 -53 -32 46 -42 -26 -96 -54 -37 -21 39 -87 4 -50 65 -86 35 83 -14 15 25 -7 99 73 99 91 62 -65 30 39 -39 -34 42 -46 -20 -1 33 14 -82 54 -77 -4 -28 3 10 
-12 97 53 -18 -36 -54 -75 34 94 -67 65 44 42 50 -38 40 18 -4 52 75 -84 -23 16 -57 -66 -18 21 3 -35 -29 87 74 -73 -93 -38 62 85 78 -78 48 12 -32 50 -9 -86 -30 -50 -1 -1 62 -13 18 -42 60 -66 -25 11 -91 -9 -64 -81 28 -66 -17 -46 70 -54 -19 -22 1 -6 23 -5 -64 34 -36 -21 -40 28 2 -22 -18 98 -64 -75 -68 3 52 18 73 28 -98 -60 38 11 -99 -60 25 78 -88 84 -37 44 45 -41 9 91 
23 -5 47 -97 75 -98 17 -60 38 -87 70 76 -1 20 93 -28 -85 40 86 -67 -10 -57 -12 58 60 9 -1 -51 1 -49 -88 85 -16 -35 -66 -50 -39 -19 61 86 44 19 33 41 -26 1 -26 27 71 35 75 41 -64 60 -32 -36 -27 41 90 -10 0 6 69 -18 4 95 55 -82 68 35 -13 -10 49 -41 -76 4 -3 -88 -84 4 96 -51 24 -94 -47 51 -37 75 -75 31 90 -28 -1 41 6 -62 35 80 89 57 57 -7 8 -37 30 -13 -1 
18 -49 11 -27 65 -9 99 -51 16 97 -93 -26 74 96 30 10 28 -88 -6 -55 91 -17 -47 -9 46 58 -100 -24 82 -4 -47 63 -55 -64 11 87 59 -67 99 -38 -72 94 50 25 -23 53 52 -43 2 81 47 69 13 90 -86 -55 99 -35 -99 -38 -65 40 -79 79 -14 -61 -18 -80 -86 19 -26 -37 58 96 62 68 -90 15 85 37 -33 -68 -3 -2 32 15 -88 22 30 -100 39 -36 -72 20 -68 100 81 -90 57 -32 74 -30 25 -9 -57 40 8 
42 91 -59 -75 -95 28 -2 66 11 -47 1 63 -42 -23 -73 -12 95 -91 58 -79 -79 -77 50 32 12 -70 -19 -5 -28 -75 33 -64 13 5 100 -81 -52 52 -87 46 25 52 80 -34 48 49 22 48 57 7 -43 33 -35 -87 -93 36 -47 63 26 -47 -26 27 -49 -85 17 15 36 -29 -54 -62 -69 -58 6 -81 58 -83 -98 -72 -61 64 36 96 91 -21 11 59 -60 38 95 -86 -46 -21 -41 30 1 -41 38 88 -5 8 -84 -33 -79 -40 -45 -78 12 
-41 -82 -49 -3 69 94 -85 8 19 29 -38 -68 -81 -4 -66 51 -46 0 -93 5 77 -64 61 -40 65 55 -17 76 14 -35 83 -4 -19 -28 83 -1 54 18 -78 -35 10 57 -81 75 40 78 46 -14 54 -70 63 -2 -77 -88 36 -60 75 -10 9 -42 -45 -47 -52 -93 61 15 23 76 43 75 -56 18 -16 -80 -51 -99 -34 51 85 80 63 16 -46 -7 14 28 98 14 82 91 -52 51 12 19 -53 -71 -3 46 -30 -80 -87 79 -36 -59 -92 56 -22 
96 93 -50 69 -4 -76 14 -57 -41 -55 -2 76 -8 100 -57 -87 -50 -5 -23 -16 -78 -6 -58 -51 32 -32 -55 -89 18 55 -28 -86 42 -18 -17 86 14 18 0 75 -72 -19 -3 17 74 -92 74 96 -85 28 -88 17 -60 29 60 -47 12 43 -72 82 -64 62 -86 22 56 -61 -70 3 27 -29 -72 21 -3 38 -3 -95 -32 -14 -10 54 -1 23 12 22 52 -74 -61 53 67 29 39 58 -22 -41 -31 -64 -45 -44 -70 55 58 3 67 23 -29 -56 5 
-97 -81 -79 -73 -43 -1 100 19 -8 82 65 -56 14 -90 -80 -19 -30 5 25 26 80 14 45 52 54 17 99 -89 -62 -47 45 -67 -77 95 86 5 92 36 -7 11 80 -91 32 -56 88 79 -18 -57 -48 79 62 15 17 99 92 43 -80 16 11 -75 30 65 76 -73 28 -84 -36 36 57 -55 -50 -44 13 -9 -72 -21 -45 86 -6 93 32 43 -43 71 -88 46 92 85 -56 78 3 -91 -31 -81 90 24 -32 -28 -53 59 100 4 22 -10 12 29 55 
78 47 -2 58 74 71 -16 -92 -93 78 -80 11 16 -40 56 -40 -54 -68 80 -100 13 -61 8 99 59 -74 -34 -58 -28 78 23 4 51 -35 -100 -10 67 -4 99 -70 24 -82 -89 35 56 7 42 47 -20 -97 62 -20 31 -73 2 65 70 -6 -61 100 55 -21 19 91 -13 34 -22 -77 0 72 91 -17 28 -80 -86 -26 54 -51 36 82 6 -25 76 -82 13 30 -26 -32 -37 -52 -39 97 -57 -84 -16 -27 30 -5 88 -15 -30 63 -62 33 75 94 43 
-21 -62 -14 -38 4 62 -45 13 -11 18 -43 73 48 -35 -76 24 61 66 29 -14 31 -99 42 -98 -45 58 -53 -74 78 -58 -4 -65 0 87 69 -11 65 -27 -29 23 -19 18 -88 -49 20 15 -46 -54 25 29 -70 -9 -85 61 -56 -62 -18 -35 -94 45 6 8 -33 -14 55 -51 -95 -60 58 -53 80 29 -69 -36 -41 -85 -51 -50 -18 -57 76 -12 92 72 -31 -97 56 -94 33 -55 30 -30 25 -83 44 23 6 96 -20 -26 17 76 -25 39 -21 8 -98 
-33 87 -68 38 98 68 -52 43 -68 67 -43 -82 53 59 47 88 53 74 -96 86 61 -29 -40 -2 -53 68 29 -98 -50 -35 54 73 14 -42 50 -30 66 98 -62 34 44 69 58 53 -91 33 -44 -86 -18 95 -51 34 96 15 12 -93 40 -15 70 -81 37 54 19 67 83 88 7 31 -96 -98 -41 9 -53 -100 21 -63 1 20 -99 29 18 50 -56 -29 -17 68 26 -57 -25 1 100 -87 88 52 18 86 -14 -45 53 -20 21 -30 -47 -65 -89 -6 56 
78 -97 98 10 -8 -6 -3 96 28 -50 -83 -78 91 97 37 76 64 -71 -97 15 -60 53 42 -69 -64 92 12 -94 -51 -32 -92 -88 15 3 -77 71 11 37 -1 -72 -67 46 39 -83 78 88 67 -83 17 3 -24 -59 48 -86 -26 -23 -7 -91 57 15 -38 -57 -97 74 -77 68 -45 -99 93 -87 -44 -67 56 26 -56 -66 -62 55 63 25 52 -90 72 31 48 -6 36 90 86 97 -41 -68 -71 -30 -97 39 98 -38 57 29 -79 -16 -35 -36 49 -82 -84 
-26 55 94 -27 89 -95 -24 85 -18 -96 -92 -61 -10 28 -96 -77 41 70 1 7 91 78 -18 -38 11 -100 94 95 -77 -11 -66 -36 -42 -42 -24 -71 68 92 82 -70 71 38 -80 63 -33 -6 -37 39 -55 -34 92 -66 8 66 -30 -69 81 18 61 -45 8 4 52 16 -36 -22 -27 -11 -47 34 -41 -74 -96 36 -42 -51 98 -32 -68 -61 -11 3 90 -20 18 30 -87 52 -72 18 -91 72 35 0 -53 29 50 -14 -13 -96 -52 -15 -95 88 20 88 32 
20 64 -8 46 73 -97 40 -97 -48 36 -51 67 -10 59 -43 2 49 27 -58 1 42 -92 42 27 -24 -9 64 62 -78 74 -35 17 -61 -10 36 56 38 -81 20 64 2 48 -7 -44 95 84 56 3 97 34 -87 48 91 -83 -64 98 40 87 31 -38 -48 26 60 83 67 -23 -93 28 -14 -85 19 -38 57 -72 50 16 -71 94 -12 56 -99 62 88 7 14 70 34 -26 -73 -62 21 93 28 -85 -74 91 91 -45 -60 -75 -10 -74 73 -51 -9 56 83 
43 29 54 -77 -65 -53 37 -68 -52 79 -60 -37 -56 69 30 -68 -75 14 -68 -21 -10 -97 -61 69 54 31 43 50 50 -60 60 -64 -54 -24 -58 -2 -87 32 72 -82 -5 44 -50 3 -18 18 -87 8 -40 76 30 45 83 -36 -100 32 -62 -8 -79 53 81 67 20 69 -40 97 -37 -59 4 100 -25 19 14 -61 -2 -21 -9 63 54 24 -57 -67 -19 69 26 0 -69 16 69 -18 -73 7 48 54 35 -10 50 -65 33 -18 -38 -49 18 -94 -16 88 54 
39 36 72 62 -16 -60 17 79 29 15 -7 -60 23 17 11 96 45 -57 65 -45 -74 -18 -59 64 12 -26 77 23 -7 -93 89 -87 97 35 -94 -4 -46 38 93 -22 0 -95 51 40 29 -73 -58 -79 -43 -86 -74 -10 76 44 93 -89 -80 -7 20 -71 -77 1 48 12 9 -60 90 -46 -88 4 85 -20 28 2 -19 -54 -83 88 -99 -76 -48 -12 -31 -43 -39 -85 -77 -84 100 -31 56 82 96 83 22 -42 -32 -14 -71 -20 38 17 69 -33 -96 -100 -71 
45 8 -41 10 84 33 20 6 26 11 -100 90 65 -87 -75 9 -27 -45 24 99 -32 -30 -79 -7 -44 -89 12 15 14 99 -11 28 5 -97 -10 -26 -48 74 -5 -43 -47 -60 6 -54 42 -68 75 -66 -14 -47 -90 -51 -76 55 6 2 -31 -39 94 -46 -33 -56 -95 -35 60 -17 -52 5 92 72 4 -89 45 -40 -20 2 -50 -8 41 29 81 81 -82 67 -70 -73 49 -83 -94 -31 14 -17 -9 33 -48 54 -6 15 -71 -65 -68 -1 -82 0 -73 38 -95 
93 79 58 8 -84 -81 69 96 -23 50 -59 4 -55 -75 -37 22 -47 27 -94 21 28 -15 18 30 70 -91 21 -58 39 -55 -65 -13 -18 -69 24 -66 63 3 -39 -97 -21 -19 18 12 -13 6 30 19 47 37 -92 67 90 66 -7 -44 -15 -78 71 -27 39 52 43 -92 -75 6 -38 95 -94 37 13 -78 65 17 -24 50 -45 77 -36 -4 -67 88 -56 51 -75 -73 42 41 15 -28 95 21 -60 -9 57 -22 18 87 -51 -75 -25 -90 45 -83 -33 -49 0 
-30 -61 71 -70 -79 -88 36 -14 29 35 50 23 0 79 11 -54 0 59 -26 -20 93 1 32 58 -37 67 -44 -11 7 -13 -46 67 52 -18 57 -82 -42 42 55 -56 -94 -84 -73 32 92 46 -15 55 -72 -42 -66 -65 40 4 77 14 78 -32 69 -17 -45 -56 -42 59 100 12 52 -43 42 -99 -8 -68 97 -78 11 76 -29 51 34 37 -64 85 -66 -7 76 46 -63 26 -52 87 -91 3 -41 -88 55 -59 -9 80 2 -76 -77 -66 -59 -52 32 -72 -46 
-84 95 -15 -72 94 -43 79 -98 9 79 -31 -29 25 38 -35 68 4 12 31 5 21 -27 -48 8 64 -66 37 -10 49 -58 2 75 -36 19 49 72 45 0 -59 23 -13 -62 91 41 -22 -94 17 58 -5 -39 -8 -90 -80 21 15 58 -2 -88 -85 70 41 -69 -100 63 -63 -44 -30 -18 42 -78 -59 -1 92 69 -77 -10 -85 31 -57 22 -39 41 59 -56 -14 82 26 53 100 -52 95 89 -35 -85 23 63 64 -40 -12 -2 29 35 -85 -29 39 -48 -27 
-83 -24 100 -87 70 89 -95 11 2 4 -17 -65 -48 -42 -51 95 -73 -52 -34 -75 3 71 -67 6 58 28 -61 62 -85 -59 -85 62 -90 -28 76 37 -26 29 77 22 -51 13 -67 -1 -98 -96 62 -43 -45 -55 -33 -2 -60 41 59 6 -1 19 -80 -63 89 -81 -23 55 86 65 -68 94 56 -97 -49 -45 54 66 29 9 -68 -73 -77 -53 5 -49 65 63 -42 72 -49 34 -56 -99 8 -75 58 85 84 88 -69 22 3 -48 -83 22 68 -99 53 82 -94 
77 44 58 -82 91 -19 -45 94 17 81 100 -66 43 47 48 46 -21 -25 -78 66 89 -94 21 -41 7 -26 21 -66 -66 -94 65 7 -32 -41 38 61 -3 73 8 -10 62 -16 -30 85 -38 20 -72 -24 -21 -64 -94 82 43 -99 -9 -4 44 30 24 -30 99 -5 2 -28 56 -86 -46 -17 -76 -5 -60 -18 22 86 35 64 22 -10 -3 -9 8 -14 -88 34 63 43 -44 -98 -79 46 -77 -52 74 93 72 65 67 17 12 -43 9 -10 91 -79 -3 14 83 
99 5 -80 -66 95 49 -42 -48 -34 -51 65 62 -15 -1 17 26 61 -74 -12 -53 -30 -59 -9 -75 -91 5 1 -75 31 -94 73 -98 -37 2 10 -96 -74 -100 64 -71 -7 0 81 47 -72 62 -72 -64 81 -31 -16 49 -88 54 -12 42 80 -13 -86 85 -96 -84 -75 -63 5 -6 23 73 -47 12 52 41 53 -33 62 58 -41 97 23 33 -98 25 -60 95 59 -26 93 87 17 -98 -31 -88 -30 14 75 55 20 90 -19 -17 69 -68 85 -86 94 17 -82 
9 -57 -79 -95 44 -81 -4 46 0 -9 7 -15 -9 -28 -55 81 4 -98 53 -30 -83 29 90 96 -1 66 87 80 -58 91 -82 -5 -73 42 -38 100 -27 -17 28 -61 78 62 -33 50 91 -19 31 -7 -46 3 7 100 -74 44 58 54 -47 -93 63 62 -10 -67 -95 -40 100 46 -68 43 8 -90 -11 -98 -68 -34 80 -2 -95 -17 -66 37 -90 73 43 19 -97 -58 -86 52 -90 77 77 36 -36 -96 11 -37 0 -78 3 39 36 8 -56 5 5 -51 -34 
-22 -56 -59 -14 13 32 -41 97 6 97 -73 -12 -14 37 -19 -4 68 -99 -25 -83 -69 24 -8 44 95 49 -55 84 23 75 -72 -91 5 -64 -55 81 -5 -98 -56 20 -87 88 53 46 -24 -7 25 41 91 9 42 38 -54 100 -41 89 -32 2 58 -44 -47 -61 57 -43 -76 -61 12 42 45 -51 -46 34 -63 -44 23 19 8 67 86 48 64 33 80 64 -3 -44 81 73 91 50 40 12 -41 -83 -52 -9 -54 26 -75 -4 -52 -34 15 55 -14 3 -88 
20 -95 90 71 10 -94 82 -64 84 66 22 37 57 -90 -97 -37 30 -37 34 -63 -52 66 94 17 60 75 38 -78 -86 -80 -63 -79 2 -25 -100 -29 77 -58 70 -52 -21 99 76 -62 -42 -86 -91 45 -76 -92 -41 -92 -45 53 -43 -14 -15 93 -68 -90 70 -63 59 34 -50 24 -76 -61 31 11 20 -14 90 48 77 90 27 5 90 -16 31 -26 45 -88 -91 -24 -93 73 -38 -81 -74 96 -4 30 -89 -87 31 -47 61 -77 -23 -12 36 -18 99 -47 -94 
-69 81 67 18 -45 64 21 14 -10 -26 0 62 55 -67 19 58 -98 -85 -67 -14 -82 8 -74 -62 -79 61 85 -17 38 -58 -49 84 41 -75 88 -100 -90 12 -75 -10 45 -25 8 77 -47 -34 43 -34 -32 24 57 90 -61 -25 -92 -78 92 -13 -57 39 -47 93 -37 86 -27 -5 69 39 92 -48 -57 87 19 12 -38 99 13 -10 12 4 -9 97 2 9 55 -39 -15 43 88 -18 -36 3 -58 10 -36 98 97 -78 88 -91 63 -46 75 -68 -85 -41 -21 
29 45 -18 -9 83 48 30 0 -2 -81 84 53 -77 40 -98 39 -23 -72 20 88 -76 -84 78 -3 60 87 -53 -100 -42 -20 -51 40 -16 -63 -24 64 95 -48 -71 -92 62 -83 -13 36 33 21 77 52 -51 -37 -93 -48 -25 -92 39 86 -21 74 81 -31 70 72 34 -23 10 -18 70 35 23 40 -71 62 54 42 87 -30 85 -97 61 -8 -93 25 90 -70 1 -68 -19 -83 -5 -63 -97 -92 -18 -6 22 -62 96 69 -51 -51 -30 -57 99 -17 -20 -59 -18 
75 62 52 14 41 -48 55 58 81 -78 99 52 36 -75 62 -76 36 -11 -74 -84 78 92 39 -84 27 28 87 43 -41 -39 5 -71 -67 -61 -40 37 60 35 7 -13 35 -51 25 56 42 -84 -77 1 -8 -55 -48 -40 71 -72 25 33 68 16 75 81 12 -49 -54 46 -36 -70 16 -4 -44 49 -53 78 -61 -7 93 30 -54 92 83 10 -73 -67 87 -72 19 -63 -72 -83 75 12 -39 -77 -53 18 -15 -96 52 31 18 44 7 100 62 59 49 -79 -9 
-69 -12 29 -21 -15 -40 92 66 100 14 -28 -6 7 92 -1 92 -72 92 26 -18 24 -91 39 -34 -72 51 -75 -95 -28 -64 -95 18 -86 -23 -53 39 -49 -15 81 24 -46 -54 -16 -28 -76 19 6 90 -1 -93 -67 60 -53 19 -82 7 -46 92 -58 28 -31 93 -41 -44 64 -92 -75 89 18 5 -95 82 -44 -70 -4 76 -41 30 -35 -32 -81 50 -58 -14 -89 -63 96 52 -16 73 42 -70 41 1 69 -33 -76 47 84 44 12 -35 83 77 73 64 -17 
-73 -95 80 -88 -76 28 97 -89 92 -95 32 45 44 -68 58 70 -7 7 -4 24 11 -11 -20 -10 -67 -60 -95 -40 -96 -41 56 47 96 -43 -96 55 69 -80 23 -33 -53 73 -57 100 -91 1 87 -51 95 94 -99 75 -28 20 -48 84 12 -79 -27 75 0 47 -2 -98 80 18 -85 76 83 -39 -99 40 29 -96 -85 70 100 -78 88 89 98 14 -1 49 21 -5 56 23 -92 5 46 -23 -67 -58 44 58 25 70 -62 70 14 -96 47 -61 -12 -82 -46 
-77 -84 -26 62 84 25 39 -74 -55 83 -22 5 49 -47 12 -34 36 -11 26 -69 -50 96 43 40 -94 97 80 24 -97 67 -61 63 -82 84 -90 -75 -48 4 23 -92 90 -14 58 77 -76 -99 -42 -56 -48 -86 62 -25 -72 18 -88 58 -30 -86 -60 67 91 59 -98 96 -34 3 -80 -75 17 -46 21 -82 -45 -28 80 -28 90 -20 60 -88 -29 6 -39 -61 -2 -10 -18 7 -16 31 27 -45 -3 22 21 -10 -69 45 41 59 -83 33 -43 -79 5 31 80 
-98 93 31 0 1 37 54 -91 83 53 -43 -100 4 65 -31 -60 -51 -87 -60 22 26 68 35 -96 -27 22 -65 84 40 2 -2 -35 -61 31 28 50 16 3 -21 -15 43 -24 -96 -84 -96 53 57 -28 84 9 -29 39 -51 90 -24 95 -90 16 -99 -55 14 32 86 51 48 -21 46 -8 46 87 -64 -48 -17 74 15 14 -38 -24 -32 -33 67 53 63 -63 86 -18 3 -26 -7 45 -31 -18 -72 50 68 -8 78 22 -59 -7 56 -76 0 -54 79 29 -4 
-17 -41 46 -11 -80 100 -35 95 85 59 94 88 -65 -55 33 88 92 34 -64 -2 -30 -64 68 -4 -63 67 -76 69 -74 -76 -10 24 27 -4 69 18 65 -13 55 -63 6 -98 -32 -29 -39 57 -100 -15 -80 -16 31 86 19 27 23 18 -93 -68 -85 -97 21 23 30 -54 4 -39 -87 43 -55 -26 -15 -58 -11 -14 -39 93 65 39 -90 39 72 -84 21 0 73 -37 1 4 71 33 57 31 47 -52 84 -36 -1 54 -71 67 -16 -72 29 -53 69 -84 -61 
-1 41 16 19 -51 -58 6 61 91 -64 95 -13 -34 68 -69 -26 -12 -81 -14 64 -79 -13 93 17 43 -70 92 -50 8 -32 13 79 2 -9 12 -53 -83 -74 54 96 -69 -19 -79 35 59 -43 -60 -33 30 -20 8 2 13 76 -25 -83 10 -59 79 75 -46 9 61 28 14 12 19 11 26 -9 0 15 -76 73 10 72 -21 10 99 -98 68 -30 -87 67 7 36 22 -16 -50 21 -51 87 14 -64 37 29 34 -91 20 24 83 -74 81 62 88 60 -5 
92 15 -88 67 59 33 -26 7 10 47 -39 73 -69 38 70 24 68 15 67 -42 8 -44 28 84 48 -100 23 94 21 0 -94 -55 -3 -85 -91 -76 -82 72 -94 51 84 -5 71 66 -76 -45 46 -30 -43 -40 84 58 -36 -64 46 -36 -16 -46 -48 72 -91 74 -67 6 35 8 -78 42 -36 -98 -38 44 46 -28 -12 -81 30 11 98 -60 -92 65 24 33 -64 -22 -50 84 -54 -30 -3 -37 -45 42 -56 -48 79 45 2 -3 15 -82 -29 -74 -19 38 -86 
53 66 23 44 -76 18 86 -94 -33 60 -27 64 7 80 33 -75 -43 72 70 72 81 -96 34 41 26 -80 45 14 -80 52 7 -32 -1 66 44 -17 -99 90 4 -56 29 -45 13 -91 53 -81 -8 -39 31 67 31 5 -47 -83 10 41 -89 -57 93 -18 88 -20 68 38 -39 90 13 54 16 37 -56 9 94 -37 65 79 -46 80 76 61 88 -98 -91 -66 -22 13 -14 -16 5 53 22 62 19 -97 79 37 68 -8 -54 62 93 65 10 -75 94 -100 -100 
-20 -6 46 100 -84 64 -55 65 78 1 50 -7 100 94 3 43 -94 -95 51 -28 -27 -40 95 2 -28 -17 79 93 -85 80 -32 3 96 1 41 -54 -17 -75 -46 -76 -23 26 2 -93 100 -56 74 -71 -67 -20 62 -67 26 34 -33 34 8 -6 -9 -48 -77 -23 -19 78 18 9 -57 78 29 42 68 -15 -22 50 -32 54 45 41 -4 81 -43 -57 -39 36 -69 17 -93 73 -83 57 43 -18 94 -3 -53 -28 97 86 87 21 50 91 27 98 -77 -74 -30 
-92 92 -93 92 -19 -51 57 33 -42 87 -6 33 46 55 71 -74 73 76 88 -83 -69 -91 78 -45 47 67 89 -53 -92 -18 91 -3 -79 -84 68 44 -41 -62 31 99 47 -7 20 -82 18 14 -63 74 78 -63 97 -59 -69 -1 -89 -91 56 -64 -81 -74 -68 96 17 51 41 62 89 85 -92 -70 19 43 -32 -14 34 50 -71 -14 -73 44 27 99 67 89 16 -68 -30 9 68 92 -37 0 80 -42 90 82 4 77 69 66 -5 69 59 -1 -92 50 -94 
-29 2 -75 79 -71 81 -77 54 -77 12 -76 76 22 19 -57 41 -65 -73 61 -2 -34 -63 -39 -97 -64 77 -30 -73 -28 -96 -41 94 -53 38 78 79 6 -57 40 69 -48 -69 85 -52 23 -96 18 -90 -29 -72 -28 53 94 -38 17 -5 -32 -83 -99 30 -64 75 68 64 72 -11 68 86 59 -88 65 40 -35 -25 79 -36 -20 88 -48 62 48 23 87 -76 80 67 51 96 80 56 -80 -33 -95 38 -80 -59 36 30 -89 -24 100 38 -1 60 -38 59 67 
98 -13 49 -73 82 76 44 0 -53 96 -11 29 39 55 -29 20 -75 -18 -19 -92 -74 51 -70 -28 30 3 66 38 95 67 -62 97 -41 70 53 -95 60 -39 5 -38 -96 -28 -52 36 56 14 -42 34 97 40 52 50 -34 -23 -53 -1 51 -8 44 -98 -74 -35 -32 84 -85 -99 -43 7 62 1 10 -96 -74 -30 7 -63 -67 86 -62 -12 82 -81 12 -35 59 2 -84 -88 -83 -57 65 -28 -83 -46 -46 -57 58 93 37 43 99 93 -80 84 -86 -75 -77 
-52 51 71 42 -75 -93 -87 67 -23 21 -72 97 -85 -29 -13 9 54 -53 -55 -16 -93 55 -23 3 87 12 70 6 72 -67 10 78 -54 -35 11 68 -83 88 22 -47 -94 -75 -84 -10 -98 -19 27 -60 44 -77 -65 62 -59 0 34 -70 -49 51 -58 -93 94 79 69 -48 -48 70 53 -32 47 45 -14 96 -61 -3 -16 -9 -52 -94 -95 -54 -71 24 90 -39 -49 94 -49 -61 -98 -27 18 66 67 -43 21 24 -52 -99 11 66 -9 79 -52 -70 42 94 98 
-26 95 25 94 19 -63 53 24 92 -59 20 -23 33 31 -69 81 37 92 54 -61 -87 10 -24 31 -69 -36 -8 -60 99 -4 -11 -58 61 -41 -89 -82 -48 -44 83 15 75 6 -42 -87 78 10 84 40 -50 -8 1 39 -43 41 -30 100 59 -40 10 -4 -53 88 37 70 -88 0 36 21 -85 24 -45 61 40 -76 45 40 -41 -36 46 47 -32 56 86 51 68 56 -73 -96 93 60 68 43 60 -92 -9 -23 71 -98 61 -51 -60 -67 27 -96 -75 -58 -40 
-58 -82 -81 7 -68 35 -31 -34 55 81 17 -85 42 5 90 -70 69 89 -42 -93 -35 13 17 8 32 100 -55 -29 -30 3 2 71 66 12 -88 50 -98 68 -81 -30 -16 86 -66 -93 -76 80 40 -12 17 -31 27 -4 77 7 69 16 37 -17 -21 15 61 -46 -33 -54 63 -92 89 23 -85 -96 -78 0 58 43 -47 -91 -17 32 -20 28 56 -64 58 -35 65 -76 -27 -71 -89 -30 -91 95 62 -28 37 -15 34 -40 -42 -26 -94 82 -77 30 -73 -13 -42 
67 76 2 -48 35 80 -30 100 -43 -9 18 75 -20 -91 -88 36 -61 15 69 -94 -89 4 -98 -69 -15 -45 -30 33 1 41 62 74 -80 87 75 41 -25 25 -1 -57 26 -46 50 80 -18 -9 40 -41 -21 47 -4 -26 -27 33 -13 22 12 -5 89 20 57 -10 96 69 -18 30 73 -72 -56 -64 -27 -13 66 95 26 78 -64 21 94 36 74 59 87 86 25 80 -12 -18 -16 -91 -14 52 -11 61 -95 -33 -40 95 84 82 57 -73 -96 -3 67 40 95 
99 -53 -64 84 -62 71 -72 -1 32 62 -13 -56 40 9 -17 -57 41 -39 73 -1 61 -32 51 99 71 51 100 -77 -12 88 -89 43 -98 -62 56 5 -16 -16 27 -14 82 -30 -24 -27 35 -73 77 91 78 -7 20 -59 -27 73 38 96 -83 -65 63 -50 -43 45 -67 63 -31 -62 -38 1 33 99 -62 -34 12 47 -43 -80 97 -69 -33 -99 83 35 -48 82 29 68 -31 -72 -80 47 53 -62 -68 -32 50 -92 17 64 -16 25 -3 -52 1 -79 -14 87 -46 
87 29 83 -91 51 91 -10 -94 -59 -75 -97 -82 12 -72 -99 10 24 -79 -69 90 75 6 27 44 92 19 71 -52 -8 -85 -78 -54 -73 -20 37 -48 45 1 83 29 9 12 -15 19 -87 -79 -42 96 6 -14 92 1 -73 90 83 96 44 63 -12 73 54 -72 -5 -36 -6 -36 81 -57 24 11 -80 99 -96 -88 21 50 -58 45 74 -77 -72 4 -44 -82 41 -4 0 -50 93 -27 0 89 -12 -78 -26 -33 -61 -61 -92 -20 -74 68 6 -64 -65 63 48 
-68 -63 -41 75 -65 -8 15 10 -43 38 -54 -65 79 80 -47 71 69 -13 64 61 18 20 -87 -20 91 84 -96 -1 25 -11 94 -96 62 -37 33 65 -69 24 5 -84 -4 0 71 -85 94 72 48 21 80 54 37 36 83 -96 68 -97 29 73 -59 -40 -41 -90 -78 26 -48 99 -95 0 1 -84 65 31 -73 71 95 29 -75 58 -41 62 40 77 -77 90 36 -11 -93 -99 86 51 18 10 52 11 40 94 -34 -17 -3 -92 57 -66 100 -59 50 75 33 
-71 -76 95 7 -13 -73 -37 -57 -43 -58 -39 32 -88 20 51 49 15 76 68 -89 56 -96 62 28 61 -33 -15 2 16 -21 40 56 -9 -56 -48 29 -99 -38 90 -77 -27 -60 -77 28 -87 -46 98 59 -9 -35 -48 73 -52 87 78 97 2 -3 9 -18 -71 -50 31 50 81 11 49 -77 -31 -19 -41 -26 -61 -52 71 31 -65 91 50 -18 -19 -4 3 82 90 -17 -28 62 77 -61 -13 -35 -1 -12 -17 -84 33 81 46 -74 36 98 85 -5 6 27 61 
-35 42 92 -47 2 -1 -72 -75 25 27 -3 80 26 60 -87 57 32 43 17 -45 -43 38 -35 78 92 -76 49 66 91 -76 19 -90 2 63 -74 72 -98 -47 -73 -66 -23 -100 -5 28 -59 -53 -50 -42 87 58 -5 23 41 -16 -90 43 -3 12 -76 54 -84 -94 -65 72 -12 -18 47 -21 -48 80 -53 69 -88 -81 -69 86 50 81 -9 83 -76 -38 84 98 -26 -35 -62 30 -46 -80 36 56 77 5 -75 34 -50 79 59 -16 63 -92 -57 63 -82 -2 77 
68 52 -2 26 -100 -87 -94 88 85 89 -64 -13 -99 -51 91 -79 24 -86 57 -59 59 21 -70 34 6 -29 -57 98 -20 -84 51 94 28 61 -30 100 43 -73 -42 -66 -84 87 92 24 -29 -17 -24 -16 88 -55 41 87 89 85 -35 21 42 42 71 70 -99 85 -41 10 -28 -17 94 3 67 -97 -7 79 -22 4 -61 -98 28 -56 -36 -81 -28 -70 4 -91 47 -55 -74 -63 31 62 74 16 34 79 -11 -59 -99 39 38 30 -87 43 22 -9 -1 -16 -2 
-17 10 82 -34 31 53 -97 95 -73 97 -81 -18 71 61 85 91 -20 -85 -81 76 62 75 -47 51 -29 -39 -70 14 -36 47 -86 82 14 -21 6 92 -31 5 36 21 -48 -47 0 -46 99 26 77 22 -47 47 12 -79 75 -92 -64 50 -20 -34 -35 12 71 -17 -30 19 69 85 96 84 80 -17 -10 18 45 0 -12 44 77 66 13 30 -93 -80 95 4 30 -63 -6 86 16 -54 -55 42 28 -80 87 58 -16 -16 -67 96 61 -53 -21 -69 -37 9 54 
-86 48 17 25 38 92 66 66 93 42 -83 -86 41 14 -40 60 63 7 47 73 -1 74 57 88 21 -20 -78 -89 66 -52 -33 64 -23 60 91 97 -31 -89 -47 88 87 54 38 45 49 83 18 5 63 69 -60 57 -81 -24 18 -16 -81 64 -53 80 -50 -98 1 86 -56 -89 14 55 -4 -83 60 -83 53 -96 -23 44 -54 27 98 -10 48 -25 13 -73 71 -14 79 20 3 76 -87 -48 -88 50 -36 -95 -28 -46 -4 80 -33 -30 -57 -30 34 39 -32 
64 44 100 -12 69 -75 -63 -12 -42 -75 -30 -46 16 -99 31 -60 43 81 48 -82 30 21 25 62 -64 97 20 -70 10 68 -82 2 24 -10 -74 -13 21 72 89 -92 -80 39 -92 17 -40 -100 5 92 93 -17 -28 -67 50 63 -21 2 34 39 19 -43 -39 15 36 100 -2 -57 -36 83 48 -92 86 -69 78 -88 84 10 93 -94 -40 -24 -19 80 60 71 33 5 12 -100 66 -31 -13 33 -35 99 -80 64 -43 -9 -76 -73 -25 56 -99 -5 37 78 -14 
-64 -15 -66 -71 45 39 -4 -80 92 82 -94 22 -74 -89 -53 -34 -2 -9 63 -53 -46 -31 -72 -11 54 -31 -6 29 34 9 -27 -85 71 -50 71 -33 -88 -97 32 9 6 -28 13 -80 92 80 -5 -24 -41 53 -68 40 -55 97 -71 89 -61 -93 1 -69 56 -15 -55 6 -1 59 -91 57 -14 18 -27 65 -16 -97 87 -69 -60 64 52 -89 69 -74 -54 -70 -4 -83 -68 18 -1 -39 -95 16 -77 -71 48 93 20 -71 15 -71 65 18 86 64 9 -15 -2 
-19 -54 -70 -59 89 -68 74 88 7 65 86 19 -84 33 89 -95 -64 -4 23 55 0 -70 71 -45 44 -10 80 -45 86 -97 27 -81 33 37 77 24 -18 -46 65 47 73 -72 -39 -100 93 51 88 61 24 24 -65 -18 -70 26 -87 -37 32 25 38 -93 -57 -59 -81 -66 15 -69 -78 4 -87 19 7 22 38 -99 36 -46 -43 -91 -97 -52 -43 8 47 -88 13 -65 29 72 -3 33 -79 -66 -19 26 -28 -70 -58 -92 65 76 -21 -94 -70 -46 78 -45 23 
-35 47 67 -46 37 -51 54 -11 41 61 -93 41 -25 -17 -17 -89 -9 31 -87 34 -73 19 79 -81 -31 30 45 67 57 -78 -59 100 13 62 51 8 -68 -25 -2 50 65 -65 45 -73 55 -5 -43 13 0 90 100 79 35 -97 -9 28 96 -63 -2 -57 -79 -39 -91 7 -24 -3 -1 76 -10 74 80 -18 93 19 91 15 46 -60 79 4 -67 -49 -97 20 -70 48 2 -100 -19 19 -16 -29 18 -70 35 58 20 -70 7 -94 -58 81 27 -63 60 -3 -96 
-87 13 21 -55 -58 -58 17 -42 86 -61 87 17 -78 4 95 -62 -56 -19 -87 38 -1 -97 8 -42 3 50 -10 91 -48 -53 44 -53 39 12 -1 -59 54 24 6 -49 -16 -80 -79 44 45 -24 -51 -100 32 -19 27 12 -21 26 85 49 82 16 51 -46 56 71 -27 97 83 -84 57 95 75 -76 -60 82 67 -47 42 82 43 15 -69 48 -64 81 19 50 77 89 65 4 -38 71 86 -73 -72 13 90 -67 9 -75 -61 -86 81 93 -17 4 41 -59 89 
-88 62 -74 60 7 -8 -15 -49 -33 29 -2 -4 -65 45 -76 -5 64 36 -67 4 -46 18 -57 -13 -24 66 -39 8 89 -71 -42 21 -25 18 -37 13 52 82 21 96 34 26 27 -40 90 64 -62 91 28 19 16 52 -53 67 85 47 -17 59 76 -38 -19 -30 -91 -46 51 -52 -99 20 90 90 -93 10 0 -50 25 -75 42 44 17 -93 78 -5 96 -25 -45 -40 -1 26 -17 43 -87 -36 21 -71 45 16 -77 -85 -5 -50 29 23 -87 87 79 -68 -58 
90 24 65 -94 -56 -62 80 -24 -96 96 -85 -69 -20 8 -94 -62 97 -98 -13 -72 70 5 0 38 40 36 27 -100 -23 22 -46 84 84 -47 38 -70 -61 55 -43 23 60 -33 76 -8 -9 61 -97 -3 -69 -94 -3 -89 52 -10 64 18 -77 -23 7 50 -22 61 -30 -9 -83 -8 46 -76 -32 -71 83 -99 -52 -78 56 63 -33 -15 89 -89 -49 22 70 68 33 64 -11 -30 -49 -13 -97 -61 -36 27 22 62 -59 -86 80 56 -73 -64 -23 -19 -71 63 -56 
-28 -98 34 18 100 -46 -21 -77 -76 42 -1 -13 19 -87 -61 73 -17 -85 98 69 -79 95 93 -95 97 -53 -71 4 -55 28 6 75 -2 100 -41 22 -54 -97 32 -40 -93 -93 4 49 78 -52 38 12 87 -3 70 -81 55 17 51 -35 75 -15 14 39 -87 -82 -64 10 38 92 -40 45 61 -91 54 -88 89 17 8 -4 -67 2 100 -45 16 -9 55 -73 -62 51 -67 13 -60 89 73 21 -82 52 -40 50 15 99 51 55 -78 -91 -76 -35 -61 97 -99 
-68 92 38 19 98 17 -88 10 -22 18 -39 -7 -60 -50 10 53 54 -4 -44 -49 -10 46 -85 -66 69 -80 -25 81 -8 37 -49 6 47 -55 -71 -25 -50 13 43 27 53 100 -63 92 74 67 -26 -47 -26 76 33 -94 68 -54 42 -4 -97 78 -75 -84 28 -16 -67 -93 17 -82 61 18 -76 100 -49 21 -71 31 67 -81 25 35 -98 -69 82 -56 -86 81 0 94 94 -90 -13 72 -89 93 -8 24 -37 14 -88 79 -36 40 91 -87 -37 -30 56 -99 -9 
-65 -43 15 -9 99 -14 -48 -13 47 8 -13 50 -96 -1 -11 55 -10 -41 -78 35 -21 -60 -81 -88 35 -84 52 36 -96 65 -24 -67 -38 51 43 45 45 -92 41 60 72 -59 -44 -53 -60 -81 80 -39 -69 79 -60 72 -48 -89 19 94 47 36 -84 -27 -98 -41 -3 58 12 -59 55 -35 -1 -97 -29 98 -33 30 -32 -61 15 55 -68 -9 92 83 84 66 -66 -70 60 93 -12 46 2 94 -75 95 -21 49 -81 3 -70 95 67 38 -82 20 19 -5 91 
-87 14 26 15 -49 26 57 -17 69 23 -92 36 64 18 75 -80 -97 20 -29 -88 28 -56 -91 2 63 -46 40 13 -12 -68 -70 39 82 86 85 -65 41 94 90 -47 16 57 12 -37 100 81 95 -40 51 3 -20 -36 -19 -12 84 -61 41 25 47 9 -27 3 -59 98 61 25 -13 100 -80 89 86 -10 -48 -1 -82 76 93 99 -11 -18 -1 -84 14 -64 33 -63 -75 -9 -50 -18 -12 92 12 -90 63 -39 36 -75 47 -91 -58 -26 61 -13 92 22 -82 
84 -99 90 -75 58 -68 -84 72 71 80 3 -17 58 22 43 52 58 -64 37 -24 4 19 38 99 -94 95 21 49 92 74 29 25 -91 45 -77 81 -68 23 -75 80 -37 -89 54 -47 67 -32 38 95 -2 -51 2 13 -27 30 -100 -63 -63 -41 -50 94 90 -87 81 -81 -60 63 -90 -36 -56 -67 77 63 76 100 -61 16 -64 -97 -59 36 -7 -30 -70 1 -99 28 -27 74 -66 38 83 -54 -82 -57 -94 -35 53 7 37 -41 58 -19 17 -20 -97 26 1 
-96 -67 72 95 93 -42 75 -19 -2 7 16 -52 -94 -33 -69 84 -48 10 -62 64 56 10 35 14 97 54 -57 -46 -97 92 74 33 14 -77 77 98 -4 -36 4 -89 -79 47 43 -94 -83 -60 -45 76 -7 73 -47 -54 -75 -16 95 -11 51 -58 62 -40 -78 9 6 -26 -62 68 -76 -57 53 46 -74 52 65 -28 32 -42 82 82 -11 90 70 91 81 -67 -3 -62 60 -83 76 24 96 24 32 -84 -89 55 44 8 -92 78 -59 -59 10 64 -42 79 4 
-75 -49 76 -81 -14 -16 -82 65 31 -4 95 6 38 54 26 77 -99 46 -47 -60 69 -71 48 14 96 42 16 -52 65 14 56 -22 -92 -95 -78 77 64 69 39 55 -36 -52 -42 -64 -30 91 39 9 22 -42 -100 49 54 -30 27 -88 -80 14 24 -49 27 22 44 -82 -100 13 4 -1 42 -86 -76 98 10 94 -20 -54 10 21 -77 -78 45 -37 -70 -59 -99 96 -62 -75 9 98 -54 -63 -50 -26 27 -45 23 -68 25 -2 -28 -7 3 78 -75 33 -28 
96 -53 56 -78 15 -88 25 -27 -82 -37 50 -14 -21 44 17 18 -12 57 46 91 -45 23 6 -41 -97 -68 26 -72 -57 20 43 63 -41 -19 49 99 -93 10 -80 -85 18 -53 40 -7 78 62 11 91 58 58 99 -39 15 -67 -3 -80 -39 0 53 -86 33 79 26 -49 43 -42 100 7 -68 -79 -34 -66 26 -89 -80 -58 -32 4 6 69 96 99 42 17 -47 -3 -78 35 46 -57 49 8 -15 -35 -79 -88 -24 13 -24 14 86 91 -78 38 -88 38 -97 
70 23 9 -23 -54 -35 65 69 -27 -76 8 -19 48 -4 -87 80 92 -1 -59 58 40 -35 70 77 50 60 -72 89 -91 47 8 66 46 65 -75 96 61 -7 77 54 -10 37 -96 -27 -27 57 -7 -30 -86 -18 57 -34 91 78 59 -96 -64 99 78 -36 -40 45 15 -70 -47 -92 29 58 40 96 -59 -37 62 90 -6 -92 -20 -17 -10 48 58 90 -43 28 77 40 88 89 -74 27 21 -40 16 -71 25 -63 -99 98 -12 21 -70 43 40 36 -80 -96 21 
-73 -25 -79 98 -93 76 -38 -32 -6 99 -40 -75 18 1 45 -1 75 -69 -19 -37 -3 96 -99 51 -51 61 12 -19 34 72 -56 69 -12 -36 -12 51 -99 71 -99 -65 82 81 -83 1 66 29 -37 68 -86 87 8 63 -65 -66 -84 79 25 -64 -47 27 -9 -98 17 54 25 68 -76 -62 47 52 -63 3 -63 -55 76 -48 30 -6 -5 -30 33 96 99 -65 -94 17 74 36 -79 -28 19 97 5 63 56 -46 -20 -87 64 -34 -94 -88 -12 95 -55 -7 -39 
-54 15 -24 30 46 15 65 41 5 -38 27 92 54 42 -50 -54 -13 14 70 8 86 42 34 -93 -62 -57 59 68 77 34 -32 -78 -1 29 -52 -19 -47 32 60 80 -94 -64 22 -48 -29 -84 -73 42 -29 22 -57 81 -1 69 -19 69 -84 49 -6 78 -21 84 36 48 -79 74 38 -96 35 -67 -41 -6 -46 79 59 63 19 60 52 -59 -83 -93 6 53 -13 18 -40 37 64 34 57 -52 -99 87 -69 62 2 47 96 -58 -14 -33 -68 54 -71 59 69 
34 28 5 97 -44 -71 -26 -31 45 -37 -99 76 41 -34 -41 -79 -32 75 -44 85 38 75 -13 -75 -9 76 -12 -98 -49 23 75 -84 -40 67 80 -60 99 -86 52 -73 -49 38 -45 -10 93 -22 -36 -56 8 100 36 -32 36 -19 -66 -15 37 -84 83 72 12 -89 69 -87 4 30 66 64 -6 67 -29 -51 -67 -73 35 -45 84 6 -57 78 32 -99 2 2 52 48 -66 37 31 -15 -52 41 -71 84 -94 14 86 -23 -50 9 24 33 -53 -32 -80 -92 -29 
-55 -44 61 72 -78 -37 63 36 -49 -49 -76 2 68 -36 -49 79 -59 80 47 21 -89 -73 -10 -86 -19 -97 91 -13 70 35 -47 1 24 25 -50 25 -40 -26 60 20 28 8 34 82 -30 38 -9 -48 -38 9 -12 97 -78 4 -19 -92 -69 90 -41 56 -64 55 -91 -83 56 -74 -62 95 -36 40 -62 57 -30 -23 -24 71 35 47 -27 35 84 -97 -37 -59 -76 97 -46 59 82 -74 27 66 77 64 -37 -69 99 24 -50 -96 -61 -37 40 75 43 -71 2 
84 -50 87 -27 -21 -40 -74 44 -12 -31 -51 -13 -70 13 -35 -48 -80 26 -9 -52 12 -98 -68 83 -75 1 -90 -85 39 -36 -43 37 85 26 -15 -90 92 57 96 35 84 6 -9 5 -98 14 31 -11 38 -30 -73 -18 -10 -71 52 -78 28 -78 -27 -5 60 89 8 -74 58 12 14 19 44 -7 -75 59 68 -12 -6 73 4 -7 58 88 31 -3 94 -97 -70 -22 71 14 -57 -78 89 36 10 31 27 -72 44 -2 61 29 51 80 -98 -47 68 31 -43 
-64 22 35 -82 -42 3 -82 73 -12 -72 -10 -21 -67 65 -69 34 -20 75 97 83 84 18 -47 89 45 -53 -84 -69 -60 -95 99 26 32 -95 82 -75 73 -85 17 -49 60 -86 -48 50 -30 49 35 -16 2 -28 -12 52 -77 -63 54 -39 28 81 -10 -31 -90 -88 3 88 -14 -99 61 -71 74 17 -76 -21 82 44 -71 -71 3 9 -51 44 48 -92 -13 81 13 -31 95 93 -75 95 -79 74 68 49 -72 47 -57 -11 -67 39 -31 89 9 79 -51 87 3 
-2 43 -86 -17 81 -32 45 50 -30 -67 48 88 70 5 -11 -79 -16 -49 43 64 29 -21 -69 88 25 -60 55 10 -23 -94 -94 -69 91 -84 80 19 0 -43 0 -72 20 -63 14 -47 56 36 18 -9 -19 65 80 66 22 43 95 54 -85 79 -39 20 90 66 -64 -36 -66 -83 -100 -61 64 -79 -28 -34 8 -91 19 -11 -94 -72 59 -67 -80 28 7 23 -15 -15 69 -31 68 -56 21 16 -78 0 96 -60 95 -2 43 16 -10 3 42 -46 -74 42 -72 
-17 67 62 -27 -91 -61 94 -7 62 2 -87 -87 -43 17 -56 16 97 79 88 -42 29 98 31 -26 98 19 44 -57 75 -2 61 79 11 90 78 -59 59 -49 -23 53 94 98 -11 -43 -88 77 88 34 57 -16 -64 -50 -98 -48 -97 -57 -32 90 -55 -85 -3 58 26 -12 -79 32 -87 -14 51 -97 10 -24 4 -98 90 17 -7 100 -90 44 78 66 -46 -90 -83 -51 -57 56 -63 92 25 -25 -35 -39 -73 77 3 13 -58 69 -33 -79 -48 -80 43 80 26 
70 29 -12 76 -83 -5 47 49 -23 -39 11 68 -52 -40 81 63 -78 37 -99 58 22 -50 -88 -89 75 -41 -72 27 59 -55 47 -34 100 -21 -17 -54 -11 44 51 24 84 13 -77 17 -38 -57 57 45 -93 -91 -90 25 43 52 -73 -67 -26 -68 -15 71 43 60 66 22 99 5 -69 77 6 -27 -30 -44 83 24 -38 17 -46 -75 76 7 40 56 -80 -52 -87 -25 12 -74 70 -90 14 96 -79 53 72 31 32 51 89 35 18 36 89 -28 81 -46 2 
-87 -28 43 54 63 -92 94 -47 -8 99 37 -13 8 -78 -29 0 -74 18 -25 -25 57 72 80 -37 38 -89 9 -29 0 3 -15 73 -2 57 -81 -88 86 34 -91 -77 31 76 -94 -72 86 10 -28 -41 -5 20 8 -54 45 -20 75 27 -81 85 -71 14 -29 -89 38 -54 99 -45 1 79 -25 46 -25 -32 57 30 51 15 57 -86 -63 96 -90 -20 57 82 -71 -27 -10 -26 -36 56 9 -44 -49 -42 -37 72 -88 -21 0 54 -63 35 -38 92 -39 -18 65 
-78 45 44 -64 -25 86 68 37 99 5 30 20 54 -33 -77 76 -6 20 45 92 92 -90 55 38 -50 30 73 48 87 66 86 81 70 6 -64 -69 -12 -5 46 -96 -43 46 80 70 95 -85 -92 35 -25 -25 -38 54 54 -29 22 -38 -51 -13 25 79 -31 74 66 85 50 16 -56 -43 72 28 86 -19 -85 47 86 -6 95 -58 -56 6 -72 -57 -66 -94 57 97 -12 -58 -78 7 -34 -85 93 -79 71 46 -16 27 92 26 -75 -66 16 -83 65 -95 -42 
77 22 6 49 89 84 -92 49 -60 -8 -46 65 -1 20 7 -7 88 -82 52 21 -50 -54 11 -66 -42 -7 9 -93 51 -59 28 18 -6 -31 92 97 94 73 -50 -60 28 64 -49 -86 -36 -74 -91 40 -68 27 34 -85 -40 63 -37 -25 -55 -73 71 -59 -33 -28 22 -22 12 -38 79 -23 -39 -30 50 58 -82 13 -13 88 -84 91 -17 44 94 -20 62 -67 72 37 -100 84 91 77 -17 -41 31 0 -33 -15 65 40 96 -8 -65 -30 54 -18 -37 -83 80 
-43 -91 10 -81 12 -46 17 89 -49 46 -9 -34 -74 18 2 -39 -98 -11 -20 -21 80 71 24 -20 -52 38 43 -89 36 -13 91 -19 -98 11 -3 -39 -21 -79 -91 50 -47 -10 98 -71 3 -78 69 -21 -64 45 -76 -10 -40 76 16 29 -62 -12 -7 -91 -64 0 -42 -89 40 100 -51 -83 -14 5 -48 -30 -49 -84 10 -55 37 33 67 9 100 84 54 75 17 92 85 55 -87 -27 32 -12 -55 95 -59 82 -2 11 -1 -15 32 -99 10 -49 51 -10 -10 
51 -32 -81 55 -89 6 94 -1 -2 74 -46 24 34 -6 -27 -95 -43 60 -10 12 86 -8 47 70 -46 0 54 -10 5 -19 -82 -54 82 -82 -90 -64 -89 -43 -74 22 59 -1 28 12 -47 -75 22 -51 -66 -55 -95 96 31 95 -16 10 -36 -81 33 -61 9 16 -79 100 -83 -10 5 53 -34 66 49 -84 45 -83 35 -65 59 23 -61 80 -65 20 40 -35 93 -94 -9 31 -50 32 48 58 -39 12 90 -82 -100 94 92 -83 -77 89 -53 -6 46 -46 76 
-93 -54 -44 -65 21 49 22 23 68 97 -34 1 -19 -57 58 6 78 -93 35 37 38 -13 -40 22 13 82 -86 -92 96 -78 -87 23 -85 -46 -25 94 26 99 35 -29 47 34 18 -9 68 -1 17 -28 -22 15 53 24 -63 12 35 31 -75 75 74 -84 -19 -18 53 -35 -98 56 -23 74 19 -11 -8 -24 99 -44 17 -86 -38 92 -12 -73 0 -31 -30 92 11 -55 -49 -36 94 -35 90 -33 59 -37 38 -86 -73 -11 -33 91 41 3 36 87 23 -59 -60 
-9 57 -19 34 -39 -47 75 83 55 89 8 31 -43 -49 -39 -44 -1 -71 -22 -59 -81 70 -100 -48 -27 -36 24 14 24 -93 52 -67 -47 8 -53 -89 77 23 -86 60 7 52 32 -69 65 -18 -53 -37 -52 79 57 -80 -63 -1 -30 -66 -67 -38 5 -73 1 5 57 -83 -7 -20 96 48 -76 -37 25 59 -5 -41 -75 2 98 55 84 -11 14 -73 7 93 -84 0 99 -60 -19 95 72 13 -37 3 100 -17 25 64 30 -53 -47 51 -71 19 -8 55 36 
45 3 -58 18 -1 100 -16 73 -58 -59 -94 -71 92 -61 -7 18 -23 -11 71 -73 36 -11 -87 -49 -81 -65 70 -23 28 47 91 -80 88 -91 -44 69 -45 15 60 -93 65 75 -9 -66 66 -96 81 -66 18 -41 64 17 -13 31 48 -35 39 -95 -50 -98 -80 -67 -15 -96 52 13 -82 17 -69 -48 75 -100 -44 22 -83 -74 5 67 -76 -66 1 -63 -3 12 -2 62 21 -78 73 35 -54 -17 -46 70 -12 -93 42 -72 1 -19 -4 -76 -14 -41 26 92 -5 
-57 -51 -35 74 -96 12 76 -24 9 -44 -1 -42 18 88 59 -31 19 -83 42 -9 57 28 23 1 85 -57 85 -97 -47 15 31 98 -44 83 -92 -61 62 24 -83 -97 3 16 -58 -37 -33 -71 -5 5 -88 59 4 90 9 -8 -21 34 -34 49 90 -74 -39 87 -1 -67 -51 98 -25 2 -72 91 -65 84 -25 75 72 37 -57 85 -36 -64 -83 -1 -32 -13 70 -69 85 8 -70 -83 61 20 79 -87 -79 -71 75 71 90 -34 67 98 -86 -90 -96 -47 -64 
70 52 4 -2 0 93 -79 26 -42 16 13 96 -70 42 -94 -61 61 -22 -50 -17 -81 25 11 -83 36 34 94 -78 54 13 17 -36 -3 46 67 -46 -44 -85 41 21 -56 -32 85 -15 -24 -40 45 73 26 86 -6 96 44 -64 64 -63 46 39 -70 21 15 81 48 60 -29 -3 -42 -82 -69 11 -54 -8 -29 -36 55 8 -99 -87 77 -85 42 50 -24 -39 -51 56 47 -8 -90 74 35 65 -47 2 12 27 61 -99 28 64 -70 -11 -71 13 -59 82 8 
-42 -33 -30 48 -2 40 -64 -91 60 11 -60 31 -45 -81 -46 -19 -54 65 -91 79 -70 -52 84 -77 -64 -30 -17 35 15 90 70 -2 38 -99 -58 -83 -39 15 60 98 76 47 -79 6 -72 -34 25 -94 21 88 87 77 26 66 -3 98 65 -17 69 45 -49 83 -85 78 66 -19 47 -85 68 -15 -7 -42 -96 -98 -4 1 13 17 71 -84 -17 61 -98 59 -15 85 66 -65 -11 -58 -79 83 40 22 83 55 7 100 -66 22 70 -38 67 60 -51 -68 91 
73 -47 -98 56 40 25 3 81 -43 88 78 -25 -76 -41 -97 -49 58 -95 -19 79 36 86 -58 88 97 -98 74 87 -80 -61 -46 45 12 3 -82 13 76 -62 -91 -11 -15 2 -55 52 -26 -92 76 -17 24 -9 -85 95 95 -87 18 34 -75 -3 95 3 20 1 93 -78 -85 75 -65 55 -71 -45 50 25 -12 98 -34 -4 36 41 -52 -84 -67 29 43 28 25 66 86 26 -33 -96 20 40 68 91 0 95 22 -50 22 41 54 81 -52 -93 -53 -18 -96 
-1 25 -47 7 71 0 75 1 -82 28 -39 83 -64 21 -58 -83 79 52 -21 21 -11 -37 -69 27 -81 -29 -92 -90 -79 -87 -28 -53 -88 93 -38 -46 -86 -92 -52 27 27 74 43 -86 23 -6 -87 3 6 -25 61 69 24 84 45 -75 -83 99 42 -23 -34 -39 0 -5 12 -2 -85 60 -60 36 98 -45 22 2 -89 30 59 -13 33 -96 -95 28 -50 -34 2 27 -53 74 -39 -89 -65 85 12 -36 86 85 3 -27 69 -27 9 -82 61 6 -40 50 -84 
-83 -76 -72 -69 -1 74 -47 57 -15 90 -70 -22 -78 -7 -91 43 99 56 98 63 -35 -82 -93 82 -30 -60 -20 -50 22 -22 60 -60 -67 -24 -69 75 -16 -24 96 -96 47 56 -53 58 4 19 61 -58 98 35 -45 10 55 21 6 43 55 36 49 46 2 19 77 94 -53 73 46 0 -75 -74 91 22 -11 1 -27 98 -41 -48 10 -35 -65 -59 91 -15 -49 -62 -78 10 -57 -61 -47 48 96 -20 12 -90 35 -79 -12 -31 -62 10 -67 -74 74 36 49 
-61 48 -13 14 -98 58 89 -11 -79 -26 7 -76 19 58 -24 89 93 24 -59 11 -10 16 -11 -91 -3 -4 -26 54 -14 -28 -91 67 20 51 -78 -21 7 -9 46 -55 72 -39 -12 -80 -78 -45 -13 -82 35 24 -88 -28 -45 51 89 93 -64 -35 -87 5 21 91 -17 58 -94 4 8 42 84 -13 53 -71 -84 91 60 79 -57 -92 37 54 33 -80 -82 -68 -55 93 13 -58 -5 -65 -16 -90 -72 -83 -97 28 61 -31 -52 44 -72 -61 15 15 19 -83 -28 
57 -97 28 -77 -96 -43 -38 -58 50 29 78 -39 53 6 54 98 -14 7 -31 -75 29 24 -12 24 92 87 59 -70 -69 -7 31 -26 65 -34 83 50 -80 45 98 -34 97 -46 81 -95 -88 79 -34 44 -95 -52 4 75 76 -25 -68 -78 32 78 67 35 40 71 72 61 -1 -36 64 -91 -5 89 -48 -34 62 -36 -35 97 94 13 68 -91 100 -76 -71 72 -55 24 -25 -60 94 89 100 -5 83 -14 74 88 -93 -18 47 -73 -83 62 52 -97 -99 56 89 
68 -23 80 96 -37 1 -98 82 38 79 8 -86 -15 48 21 82 10 -4 -53 -31 -38 72 23 -8 -85 82 28 -99 -77 6 -6 -96 -79 10 71 97 -68 -37 48 56 -35 -36 -59 -33 7 42 17 4 -93 62 -70 -82 -57 -30 -11 -43 -15 -10 -54 54 96 14 -16 -23 68 -2 -31 26 8 -67 6 -4 -82 -33 -41 -36 31 96 86 -69 62 61 -79 -61 -30 13 -11 80 22 -72 52 85 70 41 87 28 42 33 -64 -79 88 48 72 92 -48 -6 62 
18 60 -25 13 -92 -59 62 69 -19 -41 59 -89 -19 23 18 31 -41 13 -92 91 -38 31 8 -35 -82 -61 80 -11 86 -96 -43 -88 38 -16 76 16 -8 35 83 29 -65 65 -55 71 49 -13 -51 83 3 68 85 92 -35 -31 58 6 -69 60 56 -56 36 -38 -83 78 -79 -84 84 79 36 66 15 -63 -6 18 -43 -71 -78 -76 -4 14 19 -54 75 -35 -17 -53 49 -95 27 -41 87 76 -62 55 34 -24 94 27 95 -7 -45 66 28 -34 47 80 58 
-16 18 -29 47 73 -45 85 -25 -48 73 -52 37 -35 -34 76 -98 85 6 4 87 63 -36 -100 17 -29 40 -48 42 3 22 -36 -41 78 -40 -35 33 22 15 92 -73 84 32 34 -30 76 39 -21 12 66 -91 -77 -44 33 46 52 77 18 44 13 22 73 -80 35 1 -68 -7 80 -36 -7 -23 55 37 25 -38 -87 28 -100 65 -100 15 -63 -86 -37 -21 -98 -67 -37 -93 -81 77 -14 -97 -28 38 15 73 -48 55 -72 -39 87 98 41 88 6 95 68 
-15 -95 -67 47 -20 35 -100 -1 -89 -42 91 70 97 2 -24 56 70 -90 41 25 -6 -4 -71 -89 1 95 83 4 -28 16 8 -57 19 -24 22 98 43 11 -95 27 -36 42 1 -22 60 -3 25 91 -74 -98 16 -19 33 79 -88 -56 -47 -22 -62 38 72 44 9 20 97 29 44 33 -1 98 9 0 -54 97 81 -71 27 -73 -48 -3 -24 -84 -69 -25 -57 -17 -97 76 88 18 -18 -63 50 77 -48 -67 -3 72 72 96 -18 69 -48 -36 -66 -54 4 
-9 -48 -41 -21 16 -69 85 79 -43 -20 -100 64 -66 -41 60 -52 100 -56 -9 -24 70 77 -2 47 82 -15 -73 -20 -10 -54 49 78 -98 -9 13 49 -67 36 -91 -90 -91 31 -58 -2 70 76 -15 98 -60 22 -37 79 -19 -52 36 65 72 10 82 -24 63 45 -81 0 -62 45 -53 0 39 25 -16 -82 67 -57 19 -46 69 97 -9 -40 -5 -66 12 48 61 72 -28 47 -21 -87 -2 76 100 40 -20 2 33 -71 49 -24 90 35 64 -90 28 -49 -56 
47 -33 -6 -18 -48 -62 -11 11 -51 -13 -96 -54 76 50 84 -3 -36 90 74 -12 -71 22 -44 47 79 -22 -41 -5 -31 -28 100 56 -3 87 -84 15 63 89 -88 44 -89 86 -94 -93 -65 25 14 -76 -94 11 -43 -20 57 -58 36 -15 0 -40 -91 97 65 -99 -26 66 98 -30 7 -79 17 -25 -13 -34 -94 -41 -87 -60 8 -97 -100 -33 62 9 85 -99 41 52 -49 14 61 71 -97 5 -1 2 29 71 -60 -17 -81 82 -89 99 -72 -83 -51 27 -93 
-85 -88 73 -7 -16 -23 63 -97 45 -42 -47 96 94 21 67 -73 63 -48 -26 14 -5 -22 76 -5 60 71 48 84 87 78 -9 -87 49 73 82 -81 -56 -80 60 10 35 -20 -3 88 -84 42 -97 20 77 -38 -68 99 -5 -59 52 -12 -44 89 -88 20 80 -46 59 38 85 -40 34 -89 81 -10 -94 -2 63 83 -75 95 -14 76 -71 73 69 -44 80 59 45 89 51 -56 74 74 56 -63 -5 -47 -58 30 -52 74 -67 -49 -65 62 49 -58 -34 -59 4 
34 -22 62 72 63 -59 -86 -60 -55 -71 -87 43 -66 30 89 22 -78 -61 11 14 -54 -39 92 38 76 -14 -34 82 -78 70 18 -52 -14 44 -11 -5 -56 93 -64 -76 -30 28 -9 75 96 -92 50 16 -81 -90 -81 38 76 -73 7 -87 51 65 -48 9 -10 -94 27 25 -64 -2 22 89 80 -55 -61 57 -20 99 73 -12 -90 42 -94 63 -1 68 -67 -38 25 -58 -50 10 44 -60 -74 -46 79 13 -9 55 -27 61 -3 -14 22 70 61 -24 39 100 -77 
-12 -36 -68 90 -65 -56 23 61 -21 -86 -41 74 30 32 10 -63 -36 95 -4 -20 -99 -35 21 -85 11 88 -76 -61 100 -99 -27 8 -70 -76 17 90 22 31 -87 -74 -97 -18 38 -65 63 42 -44 -69 64 -84 29 -7 -60 -99 -96 -20 4 91 43 -46 -82 2 57 -81 -41 10 -47 4 1 -77 98 -82 -35 -54 43 -100 -80 -12 93 49 10 62 67 -35 -74 -45 -75 11 -73 -49 32 88 -100 72 -45 -43 -30 -23 -35 -41 59 -30 35 100 -31 79 85 
-22 42 91 49 -5 37 19 -14 -74 46 13 31 -93 -1 79 71 53 72 -21 52 95 -38 -65 -50 -46 -26 -34 84 -37 -24 -59 52 83 85 -70 31 -42 -92 0 9 -24 -46 -26 28 -47 59 -25 -76 -8 -41 -48 20 -1 -74 4 45 35 -17 -96 88 -5 -60 74 -66 -16 47 0 71 -54 59 1 33 15 59 19 -84 96 55 58 0 82 17 66 -27 -9 66 79 -34 -70 -89 -94 -70 82 -75 99 -52 -23 26 83 -91 62 -9 84 8 -6 -69 45 
92 34 73 -88 73 23 -48 -38 -25 6 -46 90 -62 -73 99 -64 28 -18 26 -68 44 90 -48 76 9 -87 -39 71 66 68 69 -25 55 29 -22 -94 4 82 94 -9 -71 -10 33 -16 65 53 81 -13 82 79 -86 59 -89 -84 -88 -5 58 -92 -73 62 41 -84 83 34 52 -36 7 87 26 6 -44 -67 83 -93 82 -66 -17 -56 12 19 -19 -38 -99 -96 -17 33 98 30 -4 71 23 -97 55 67 -11 -68 -41 90 -39 -64 -74 60 50 38 -94 79 41 
-73 0 83 54 -47 -37 -18 -91 -15 73 -63 -6 66 44 57 -95 -56 -68 42 -80 -3 -94 11 11 68 41 -30 -67 95 43 -77 3 36 77 55 99 17 17 -65 -82 -98 -92 -71 -9 16 37 -61 29 80 37 55 45 -15 87 59 -53 76 -54 47 -90 -76 -72 -9 -97 5 91 90 -43 -89 100 -29 74 -46 -83 61 -12 25 -72 -16 -73 92 81 76 -45 -1 14 6 42 71 21 66 29 -46 -66 49 88 39 -61 17 -65 -87 -7 -71 14 53 41 19 
-80 -83 -59 58 -6 -72 -86 -50 -85 -6 -36 69 -38 -23 -3 18 -92 52 33 -51 16 -13 23 -5 28 -96 31 58 -35 6 -49 93 76 -66 84 14 -42 -79 87 -9 75 30 -93 52 84 62 -74 38 -15 -46 28 -40 -98 -10 -19 -76 44 -58 57 44 96 4 -89 -34 34 5 -77 16 4 47 25 13 45 17 35 -25 -37 24 -98 28 76 57 16 77 -52 79 97 15 48 95 53 41 49 -34 -77 90 -98 -49 70 49 49 -75 -48 2 -14 -51 19 
-97 64 -27 35 -28 11 34 7 -67 94 65 100 -47 -56 78 -40 -97 79 0 -30 -14 -80 48 66 98 -92 -83 -86 -26 -86 49 67 -6 -12 9 78 -97 -55 -65 29 -83 -78 -98 -100 -82 -29 -45 -41 64 17 -31 64 -69 56 45 84 78 -33 100 -59 58 -83 -70 -84 7 3 93 23 44 21 -44 94 -33 -15 40 19 87 29 37 42 75 -10 65 58 -31 -27 -49 -11 33 38 -53 29 -66 -21 83 68 -12 -16 -28 -64 58 -27 77 94 73 -23 82 
-62 -96 -18 -62 53 37 -77 -49 -12 -97 96 87 4 32 -66 88 -53 38 32 76 -94 -51 5 100 -91 -19 -69 -57 55 75 -19 100 10 -14 39 46 -36 46 -63 100 -20 75 93 -60 -10 -76 -26 -84 69 -31 -43 -75 19 84 83 50 -37 55 -37 3 82 97 -85 -1 -74 35 -48 38 -31 25 -65 5 11 54 -2 -2 -29 12 -10 -16 -72 18 60 -60 -56 24 -73 79 -93 -6 -30 -16 51 40 97 89 8 -63 58 14 -33 73 -15 91 62 88 18 
21 -59 -29 -63 -11 0 -1 -3 -23 71 -64 97 40 -47 51 -87 -69 50 -94 6 5 96 -68 -81 79 60 99 38 -6 -84 -53 -86 -93 -45 80 50 -48 6 97 -16 -80 -87 58 2 34 -10 18 -46 91 -38 82 -19 35 -44 3 -28 -70 -63 78 46 37 -53 -15 69 92 -50 17 88 -61 -13 72 -55 -73 -55 -85 -25 73 5 -68 -83 93 -54 52 95 100 -41 92 -29 -39 88 89 -90 -68 -48 -5 -61 80 -43 1 -57 -91 70 -18 -52 49 -96 97 
78 22 -77 -41 -80 -69 69 79 20 -70 -100 91 -66 10 -68 21 -64 -22 76 -78 -13 -25 -65 -45 -16 -68 29 56 32 -41 -93 -53 -23 -44 -15 81 31 -90 22 -96 -16 66 49 -50 97 23 91 -84 11 26 31 -11 -53 44 58 14 -98 -39 53 -8 18 14 -72 -37 66 48 -47 65 -22 14 99 67 -56 29 52 77 -1 15 75 -21 -9 -3 58 16 14 12 10 -51 59 81 61 0 16 69 -53 -26 98 -31 99 -9 5 -98 -44 100 -79 -21 52 
-23 -51 4 53 -27 21 73 37 -99 84 50 40 49 -80 64 13 71 60 27 -34 15 10 -80 65 -51 -33 -10 -17 -15 -55 -46 -87 -44 -88 -73 -47 86 44 27 27 58 54 59 31 59 -95 -52 -76 98 95 -5 -76 79 18 -72 23 -46 75 -66 -100 -2 -47 -31 69 -35 -80 89 -16 25 -41 35 -88 99 26 -29 -85 -79 -34 35 29 -38 34 -34 2 25 -98 -81 -56 81 81 68 -72 97 64 -30 -86 -12 70 -58 -11 -61 -34 -25 88 31 -28 63 
63 -10 -24 -69 91 77 -73 15 20 9 -42 -38 -39 57 -86 -62 27 -92 -60 92 34 45 -21 -2 74 -30 -99 -89 -64 -41 -100 -17 17 31 -35 41 62 98 45 -79 12 -82 34 -68 60 40 55 89 51 14 35 -36 -37 19 -64 -80 -84 70 73 -42 97 36 -9 88 98 0 -55 89 -100 37 68 99 -90 -20 98 0 48 89 -94 -2 -59 21 -20 27 43 59 16 -2 -52 63 19 32 32 -80 20 -54 7 19 96 -14 24 48 -94 -43 6 -24 33 
-58 -45 -22 -88 -87 -32 41 45 94 -45 -94 25 3 -30 65 -14 45 34 -9 -42 -47 46 12 -18 -57 21 -40 12 24 50 -20 -92 72 -29 10 18 -58 15 4 1 -26 -2 -58 -85 -27 90 99 -82 -88 -24 -82 20 6 90 -51 89 16 12 -13 -27 40 -1 -52 -64 92 -50 -49 26 80 63 77 2 -57 -51 -87 41 -63 -10 66 -33 24 55 32 -31 43 27 -50 86 -5 -44 -69 6 66 56 38 -53 71 -87 -10 -4 4 -32 15 66 20 -37 -26 
20 -91 -76 -86 -87 -83 30 5 79 -51 -4 42 2 37 -93 -33 -24 -79 84 78 -89 95 63 4 42 -43 -5 -73 24 95 -44 12 90 23 -61 -79 -93 -83 98 82 58 -31 -58 -17 89 91 -24 -83 -82 31 -72 -89 67 -20 44 1 70 89 -73 -82 -22 -86 31 87 -26 -9 71 53 -65 88 -28 -80 -25 84 -27 -71 43 49 -20 -43 31 -7 -34 -4 47 73 79 75 -86 83 -4 91 -25 14 -15 50 93 -94 79 55 -20 75 46 82 -52 54 87 
29 -36 14 -42 -36 76 69 57 -73 -24 -93 32 -73 17 57 -65 -23 -28 10 56 -65 -25 -90 -5 -76 -23 37 3 -70 -19 -81 -11 8 70 -18 65 45 99 -59 -82 -33 -100 -52 6 11 54 -9 -97 -61 87 42 7 -74 -29 -45 -89 -7 -43 61 -82 -16 69 19 43 25 52 35 38 -97 -44 39 60 -56 -65 92 70 36 -53 -29 -71 -8 -60 16 -56 39 27 39 36 -44 35 52 59 -75 -51 67 53 75 39 -43 41 -55 66 31 -61 9 13 2 
-33 97 89 -29 26 -18 69 6 30 -10 89 28 -16 10 88 73 -38 -42 76 92 29 60 -5 16 76 70 -47 -9 -26 18 -63 59 5 -90 90 -50 82 15 -7 -43 16 25 78 -42 39 34 -28 56 -16 -18 27 48 92 -42 28 52 -71 -15 86 -16 -19 -87 86 -12 -27 89 91 79 -38 -78 -3 -10 -66 86 55 19 52 82 -9 59 8 -42 -53 72 -46 -87 -12 92 -17 -66 44 -90 -85 -63 -27 2 44 -51 52 41 0 74 70 -91 62 -63 45 
14 54 -86 -61 94 -25 -11 -28 -80 94 69 67 -24 55 -68 80 35 90 90 16 23 52 76 4 12 33 90 7 -83 -76 27 99 10 60 -50 59 5 -60 -100 80 7 -51 70 91 1 63 54 22 -81 -6 20 50 18 -94 -32 80 53 92 48 19 -69 -12 -37 -77 -35 -59 -53 -89 -84 -73 81 -14 -88 15 15 23 -26 -87 -98 5 40 47 66 -50 21 84 36 51 99 -73 -19 -44 -3 89 -80 46 87 32 -94 -28 -71 30 -87 -95 -7 -100 28 
49 40 63 69 50 53 -54 19 67 -93 -99 -70 -2 -2 -59 -76 -14 70 98 66 -57 16 1 -37 -17 -62 49 -13 -88 71 -5 -26 18 -30 7 -30 78 3 -6 98 96 10 16 -79 90 2 -41 -39 -10 32 -26 60 13 62 73 -16 29 47 80 -14 17 69 -54 92 -68 -31 -11 -20 -37 82 32 -9 -81 40 -87 -79 -9 -47 100 3 -36 77 2 -18 49 41 -100 -80 30 53 39 1 90 72 88 83 35 94 92 95 -29 13 -3 54 95 94 -31 
92 35 79 -8 32 -70 -13 74 79 -84 23 88 9 -11 87 33 -10 5 39 40 56 -64 91 87 29 -7 -91 -14 35 -53 -77 98 -99 15 -72 36 -81 63 -71 91 85 82 -13 24 21 -21 -90 -76 -56 26 42 -47 35 -45 3 84 59 -90 -57 92 100 -34 -65 24 20 -2 11 -84 -92 18 29 -24 -81 -14 -72 -94 71 -29 28 -62 -41 -36 -99 -26 68 -62 -67 -24 -9 -97 -68 43 -17 -91 -49 44 11 -90 96 52 -73 81 77 5 -98 82 29 
-66 24 48 8 -39 -91 -21 -1 -89 97 49 83 -66 -30 44 -89 -22 98 -96 -97 7 -43 -16 40 -100 9 -80 14 79 -44 2 -75 -21 -99 75 -48 -14 -18 -99 -10 67 92 -72 -1 -43 -18 84 50 13 59 63 95 -57 -58 -14 41 -94 47 50 -12 -62 59 -98 95 92 92 -60 -54 49 -41 51 -6 14 -21 81 -54 11 -76 -30 -41 -61 -76 -9 79 -100 -41 2 70 96 -41 -43 52 -40 -5 84 81 -76 66 59 -4 4 -42 -83 78 -44 45 87 
81 -24 33 -39 -99 -21 -52 9 -32 34 26 56 -33 10 27 -16 19 90 14 -69 -3 41 -66 -98 -6 -95 84 -52 76 19 -72 28 56 -58 29 75 84 62 47 23 -83 5 -23 36 -19 55 -42 -21 24 68 -31 97 -86 48 70 -71 -72 11 67 -58 45 -81 -11 -6 -72 -50 -87 72 56 -46 -17 50 -91 -65 70 -1 -36 -29 -38 45 85 -20 -71 83 79 -43 -83 1 15 -95 31 -100 -38 -65 71 9 98 -18 -58 37 -9 24 -90 -52 43 -32 -43 
86 58 72 6 -35 68 16 63 75 -91 72 23 -4 -20 38 43 -63 -94 39 -16 -17 41 9 -64 93 72 98 36 -45 61 24 -23 20 -8 13 31 -81 6 35 93 89 26 -95 43 -94 -40 -68 -12 -8 27 80 -17 -20 -19 -24 -21 -55 -93 -51 92 70 80 81 -39 11 22 70 -56 32 -28 -49 85 97 70 -77 -76 38 49 13 -22 -91 5 42 -87 19 -88 48 56 -11 11 47 -73 0 -30 -8 -91 -63 -24 -50 38 -40 -45 -72 -4 -77 -65 -36 
27 89 23 94 -64 10 47 91 10 -65 -9 -4 17 74 -97 -84 11 56 19 -24 88 94 92 15 -40 -94 -64 77 -89 -69 -45 39 -1 -18 -97 100 69 38 18 100 58 -18 96 92 -58 30 -75 -35 99 -47 10 93 -23 16 65 81 -20 -15 24 -67 -11 -83 0 57 -96 28 -98 41 -94 -52 63 -38 56 -70 53 -61 26 22 82 -67 -89 65 -69 -52 66 62 88 -16 2 -47 -13 83 43 46 19 31 5 -7 -94 64 -63 -35 -82 87 44 -80 24 
73 64 -1 94 44 -61 36 98 -17 29 28 49 81 15 -55 -52 -1 -62 0 -94 -97 88 -60 35 14 -93 32 -47 81 -67 8 -35 -16 7 -79 77 30 -6 -13 -49 84 56 -27 67 -53 4 -23 19 3 68 20 8 -36 -99 -19 51 32 -37 -59 -91 7 100 8 97 22 -74 38 82 72 -10 43 32 36 15 -80 44 -24 93 -51 1 -26 47 1 43 -23 -11 -95 83 43 -38 -54 -82 88 78 -7 -57 14 -11 45 14 52 -25 94 71 48 -35 -82 
-47 -34 -16 27 83 -73 -11 -68 -20 -50 27 13 6 36 25 49 64 78 -28 23 -67 -31 89 -12 60 -81 44 25 -100 63 58 -62 37 65 -95 -94 -9 3 -6 -45 22 25 -41 74 87 -48 56 33 -22 39 19 97 73 49 100 -8 -59 -21 -56 97 48 45 -24 23 96 -51 40 71 98 -83 23 50 -65 47 -57 96 29 -4 -45 -83 30 28 -39 77 -23 62 26 51 84 33 20 28 -15 -49 -18 -78 91 9 51 -25 -73 -21 -19 39 -90 7 -66 
-82 -13 -49 50 -1 -63 90 -27 -15 77 42 82 -76 -41 99 -5 -20 71 81 -66 -18 -73 -77 18 24 -79 -95 -56 85 -50 25 -13 14 35 87 -39 22 -56 13 8 -77 -23 89 63 -40 -13 -15 -55 -96 -59 58 67 14 -86 -16 46 -21 -50 68 40 45 -16 -10 -5 63 -3 9 -49 36 2 -63 87 -89 99 41 -9 -80 74 -61 -88 -16 97 92 -50 -15 46 18 92 -99 34 -17 -39 -35 -68 -51 -8 87 -17 1 0 -72 -82 84 59 12 68 -79 
19 -81 91 51 -99 -15 86 -28 100 -32 52 -53 -33 -14 -85 -19 7 42 -73 -43 -5 -90 46 14 -43 -49 19 74 -94 56 90 7 40 89 -42 -21 -75 58 -62 40 19 72 96 59 -99 -29 -69 21 -13 65 -62 17 -88 30 76 37 80 62 -27 -73 27 -84 21 19 15 40 -86 -64 81 -98 -55 41 -52 86 -33 57 -6 96 100 -73 10 31 -39 83 42 100 33 33 -4 67 25 53 -52 81 -29 48 13 -100 -22 1 21 71 -71 13 -9 -60 -22 
-24 60 27 38 -62 -14 -56 100 10 73 -11 12 90 -44 29 -54 10 -22 -32 8 -11 -53 -42 64 -78 8 43 -77 50 46 54 9 72 -78 -60 64 12 13 -76 25 -37 48 6 -58 91 -4 -78 -99 -29 88 0 -5 -83 -56 -75 -22 21 68 -11 85 45 -83 -80 -44 28 11 -80 -30 44 26 -88 -87 -35 65 80 19 -42 57 -92 -88 -4 -27 -91 -78 70 59 -94 -27 -29 -80 1 19 24 -65 2 29 -7 -16 55 -20 -95 29 -19 23 67 -9 -29 
-77 -44 -96 -50 -94 62 9 -90 -72 -79 -46 -12 -69 78 -89 15 88 -58 -1 9 39 79 -32 60 79 32 -55 -60 44 98 20 -61 79 -32 -91 -45 56 -37 24 -100 -36 -84 96 91 -92 95 -31 -1 -27 86 -20 -79 -40 87 79 -53 23 80 91 55 84 43 39 34 -70 93 28 -96 -99 -51 -31 31 -5 -9 52 -19 53 -72 69 86 83 -74 -47 -32 -88 -1 -3 18 -14 -5 -71 45 89 96 39 -5 80 -48 -15 10 18 45 -88 49 95 -45 8 
-3 -63 89 69 -84 -90 81 -17 37 -31 -97 77 -4 18 -56 -63 -40 82 43 33 -22 77 -76 -23 -94 57 12 -28 12 30 -35 44 94 21 67 -1 36 -68 -13 91 -12 -53 72 20 -52 -100 -49 -43 82 -94 -79 79 91 -75 -7 54 -23 97 28 -77 37 -60 100 -82 -8 -90 23 -74 -11 11 -37 -78 -44 -91 25 -77 -58 -90 -94 60 46 -79 57 40 -5 -1 -91 35 55 -94 -82 -47 -49 98 87 68 53 18 -57 -25 27 37 51 -45 -43 -42 11 
-63 -23 34 77 49 -51 -92 -73 -35 -69 -93 85 -47 -86 -82 60 -67 34 72 -24 -40 51 5 -48 -83 -38 -73 90 -54 -27 40 -92 63 -34 88 39 -35 -21 83 -92 -43 54 38 -19 77 -7 -76 -82 -64 -28 23 13 23 -24 28 56 -76 31 63 -90 25 2 34 49 99 -60 -65 -41 39 -38 59 87 -97 34 -61 -52 16 87 16 -24 75 45 41 14 65 -64 -73 82 -65 -40 -72 33 30 -18 10 9 23 -47 -29 58 -5 51 80 15 -5 -65 81 
-3 -95 -7 -91 -58 38 -29 -20 -14 76 36 -49 50 82 -16 43 -36 31 -19 -30 -23 44 -1 39 58 -1 28 -8 -19 13 -5 -95 -82 69 23 -34 88 -54 94 26 51 23 1 -62 -52 -55 -79 48 6 -49 -91 4 46 -88 -59 -29 -80 -88 36 -13 12 4 34 60 53 -43 52 85 -22 -100 19 -46 -85 72 90 27 -71 -98 -51 -23 72 -71 48 -21 60 63 5 -31 26 84 -59 41 -45 -85 -31 17 85 -69 100 50 76 2 -47 -58 45 54 -58 
-74 18 10 -61 95 45 71 -46 99 55 77 -80 96 78 51 -86 67 84 78 63 -27 7 -95 -55 3 42 -27 -69 -48 -73 -39 68 17 86 37 39 -45 18 95 25 -6 -51 -95 -61 -38 -97 82 -7 22 -66 -59 12 -60 99 89 -25 15 54 -11 -100 -28 -48 87 75 -44 39 20 -81 85 57 78 -6 -18 -23 -74 48 -70 -59 -28 -36 -81 -86 -87 30 -38 -27 -60 -45 -73 27 -35 -53 -64 20 -62 -21 -87 79 25 -92 -13 48 75 -63 -96 -30 -41 
-46 -98 61 -15 35 47 0 -2 -72 26 97 20 45 -42 95 -43 -27 47 -80 55 -84 -78 63 35 2 71 -70 -49 -96 38 84 14 -77 -70 19 42 10 -57 -5 86 -79 -1 -82 54 92 63 -46 -92 22 70 89 42 25 46 -54 -9 -98 48 -99 97 64 -13 -82 -55 83 -37 -38 64 14 80 -16 -52 -5 9 -70 -58 -99 16 -88 -25 98 94 87 5 -67 69 25 -50 90 -99 -89 30 81 -61 -5 -61 -19 -85 -98 10 -70 -49 47 -19 48 -53 -73 
39 0 -48 95 -18 85 -88 -44 -35 26 -96 58 63 19 -67 -76 54 46 -89 -85 -85 11 -82 44 -37 -86 69 -84 54 88 19 10 -84 65 18 -37 15 -81 54 97 -38 51 69 88 -41 96 -74 34 46 -10 56 -74 51 91 93 80 -35 -11 -38 -47 100 8 -31 78 53 -92 92 44 -2 3 -51 71 -61 66 -20 -5 48 -64 82 30 -9 9 -98 -71 -28 -40 -88 95 2 -88 87 100 26 -81 -100 15 -89 68 -44 7 -55 -38 49 80 69 -27 -81 
50 90 -52 77 -78 69 17 23 34 -78 -25 79 -58 39 -80 -10 62 9 8 -36 -73 37 54 -51 67 6 -35 14 -85 64 41 66 -9 20 100 100 28 -41 -46 -82 -90 -6 -18 -7 12 -6 49 -69 77 51 -3 51 -40 -8 -91 10 -71 84 -72 -28 -11 22 -32 -53 -88 -1 60 -50 -52 19 87 29 84 -64 82 -61 -19 31 28 -91 41 -22 -4 -50 21 11 14 -46 55 -51 -77 85 -21 10 -71 -37 -77 21 -77 15 21 26 51 -16 -66 29 20 
-42 9 23 -94 44 84 10 38 -88 32 -47 -83 45 -72 22 32 86 -44 35 66 -76 11 84 -89 -36 -43 -67 41 4 -24 82 26 93 15 45 -54 22 52 -46 14 -76 46 15 -100 -7 -62 -53 48 -65 38 -11 63 13 -67 78 53 -25 -97 -44 -52 -50 9 46 26 -87 91 -65 54 35 -59 -22 -4 90 30 -66 -74 9 -35 1 -72 -18 4 56 -85 4 -89 -57 44 -84 -53 -96 -68 -70 35 9 -54 -27 -45 35 -81 -58 84 -85 2 -25 -35 -26 
69 -29 73 27 -6 6 56 72 -74 -75 0 28 -61 -79 -67 55 3 100 -1 -2 99 91 42 -55 55 -78 30 -21 5 -88 74 -20 -33 -95 -79 9 20 -92 26 100 -43 -91 64 23 -33 -38 78 22 29 -36 -91 -40 -40 -41 -77 16 -66 -4 -51 32 -74 -88 -50 -26 85 83 -25 -75 -14 36 40 -75 -99 -12 -74 5 31 19 54 63 -40 -21 -42 58 76 37 76 1 -68 91 -88 99 83 -69 27 -76 66 70 78 86 62 -47 75 -57 9 42 25 
100 80 0 -33 -17 27 -38 90 -56 53 12 77 88 -79 77 99 -63 -40 10 -62 -54 62 -48 -68 -47 -45 -1 -86 -27 -12 -77 -60 -3 71 51 45 -73 3 85 -81 -1 -58 54 94 -90 55 99 30 -36 95 -95 -75 -17 -92 12 -55 -8 90 43 65 -71 60 49 -67 47 48 23 77 66 88 -16 -66 -8 5 29 -95 19 -30 19 86 -83 -18 -97 38 -33 56 -23 -82 16 0 16 3 51 83 11 -94 -96 60 -25 68 24 14 -37 -41 -92 56 10 
65 39 25 63 -3 -8 87 -33 22 -40 18 -80 -84 -58 5 4 40 -58 -67 -95 13 -100 -49 35 -12 -44 23 46 5 -91 -45 3 -10 -58 -50 29 -92 -43 -62 -85 61 -80 17 41 24 7 -50 -35 74 82 -88 82 -47 -31 -15 -55 38 3 -49 28 -83 -56 24 60 59 -95 -63 -5 -71 90 73 44 48 12 -57 81 -73 -57 -26 -58 98 83 52 58 -81 44 -8 -30 -93 -46 53 -62 23 53 -93 -41 -85 72 -1 38 2 100 62 25 -90 73 16 
36 -54 55 98 70 -49 -29 -5 60 -89 -36 5 -63 54 -12 -74 -16 75 -82 57 -22 45 58 0 56 -40 -82 91 93 77 85 10 51 -72 9 -62 -30 81 70 -69 76 16 2 63 36 72 -78 -78 -87 -17 -38 -37 -17 2 68 -26 -47 99 -26 -38 14 -70 -44 -24 99 50 -17 -59 87 -64 -49 -48 -70 8 45 3 -99 84 -11 61 -36 -93 -63 17 55 -93 -7 -39 70 89 32 16 -55 -38 -52 36 -44 -25 -80 41 -88 -70 92 -82 -23 -47 1 
77 -39 21 66 -70 26 -72 10 -42 -67 -47 26 66 -65 3 -22 65 20 18 21 -85 -92 -23 -61 -60 9 -62 47 -14 62 40 -38 48 -39 -26 -65 44 -14 86 -100 -49 -46 20 5 -96 55 -68 61 -6 -27 -20 -88 -45 -4 -81 63 -36 65 1 -22 -96 3 -88 88 65 -93 -12 8 -27 94 -60 -45 -86 98 7 -75 -34 80 -28 78 32 51 53 49 57 -53 -15 -17 84 -59 -76 -49 -29 -6 -13 -59 -81 -13 18 60 53 59 52 -76 -87 34 -74 
35 57 -43 -9 71 -20 -97 -16 -65 58 55 81 -33 23 -31 86 -17 48 16 12 -41 -21 -1 -58 -8 47 15 90 -26 58 24 54 88 13 -87 18 68 -25 -36 84 -78 46 75 -68 33 -81 -79 26 -85 -45 -65 10 -34 100 -73 79 -46 -57 -84 -2 11 -33 -22 47 91 -97 -88 -25 80 93 -40 80 59 93 85 -41 -33 -69 -54 60 -71 -95 -49 -75 -84 -33 -92 -47 38 -86 -47 -48 85 92 -90 -29 -50 -11 -45 62 -4 47 -41 78 -85 37 -91 
-65 -22 46 -32 -38 -55 28 -20 -57 39 -30 52 -66 -66 -4 1 -84 -52 -6 -2 90 71 -26 -97 98 87 -22 56 -99 51 -20 48 30 18 77 -99 31 -39 82 -61 17 -88 99 -96 61 -37 -11 -69 89 3 -10 54 64 49 79 36 -91 -1 84 30 89 93 85 81 39 -92 -29 -15 22 71 -1 76 64 -15 -74 59 -67 67 -73 66 54 -96 -41 -16 -82 14 -69 42 27 66 42 -46 65 -89 -63 -80 40 -22 -97 -71 -44 -28 -66 85 30 -21 -36 
69 61 -33 21 88 75 45 -3 -31 69 -29 -2 34 84 -49 71 28 -73 -84 56 40 -58 50 -73 -72 60 -36 -18 -82 62 -63 -96 45 9 6 61 90 83 100 -50 -21 -50 -57 29 -43 56 17 90 -6 -88 -63 -81 -94 64 100 -36 40 -83 29 52 -43 -52 58 30 -31 6 78 55 96 62 2 42 -89 77 11 33 -83 24 -28 9 -55 57 78 -6 -70 93 10 1 35 58 -12 -92 -4 29 20 67 84 -42 -97 17 -97 36 -19 -28 -88 -56 93 
82 51 73 -61 29 -82 -2 -41 22 -77 -16 41 29 -52 62 70 82 -97 62 -5 -45 -51 -37 56 47 2 39 -24 -82 -80 60 -57 85 -89 -54 -43 56 -44 34 -70 60 76 42 -1 -71 -81 44 87 32 -47 63 3 -94 76 36 15 58 76 -50 66 -96 96 -29 77 45 10 9 55 89 79 5 -24 89 88 -74 -72 12 70 -94 -86 -18 -38 52 51 80 -23 -64 75 -57 14 7 -26 -28 68 67 61 -66 61 60 -95 18 -85 85 -13 15 24 11 
-3 -99 74 26 -46 -86 -35 -76 -33 4 49 -44 85 -1 -82 -22 92 -29 27 84 -12 7 35 41 3 -6 -9 -99 20 -6 -80 55 -5 10 -72 51 -73 -23 43 79 -82 -39 -91 55 45 24 -89 -29 21 3 -26 28 -81 -81 -81 -40 -76 14 79 69 86 -6 14 -77 -4 -22 -59 91 11 62 -23 15 25 63 -69 61 -21 35 97 -100 36 28 69 56 50 -51 -68 4 -51 13 58 -60 66 83 -80 35 -83 94 -11 7 -95 83 -28 44 -95 -10 18 
-33 -35 -45 67 -11 75 -18 -14 72 0 -32 -55 -32 -13 -56 31 76 11 11 -55 45 99 -79 -60 -92 -11 -20 99 -84 -82 86 -68 98 94 -30 -92 21 -61 -96 74 31 82 -40 -87 -78 46 53 -97 35 67 64 -16 -92 -23 26 39 88 -84 -16 100 -92 85 -1 22 6 -19 7 73 -61 71 -25 65 9 -70 -100 61 -5 -42 -20 23 75 -68 52 11 -12 30 -9 11 60 87 -61 73 -63 62 85 87 62 66 -76 71 50 -1 -36 88 -17 -23 -80 
-85 48 -87 32 -28 -64 47 -69 -96 -21 -26 -64 -17 58 -87 -58 65 23 -55 6 -53 -93 -96 34 95 -2 -91 37 90 -77 -29 -8 20 -89 -72 -91 33 -75 3 -87 3 -67 -86 93 69 -86 76 0 44 -70 64 91 -90 2 4 34 21 -80 25 -74 -49 45 50 44 -78 -84 37 -92 91 -18 53 91 70 -42 15 -47 65 54 51 -57 80 -81 -33 -1 -68 47 -1 -34 74 -78 72 9 19 -73 11 -3 -52 35 -36 94 74 56 -78 16 -35 55 63 
-100 73 79 -14 58 52 13 -3 -21 73 -15 -27 36 32 -43 -1 48 -76 -11 31 -17 -90 -36 -83 -31 -19 -99 78 -57 -14 -19 -48 56 -20 -93 -87 -73 -80 -77 -97 -2 6 -11 -78 -37 96 -92 88 -64 73 32 -69 -15 -13 75 16 94 -71 -51 57 70 71 14 69 91 -94 58 36 93 25 7 93 58 72 -76 54 44 -12 58 -42 69 19 34 43 -99 99 -100 -13 -67 -94 35 -12 -10 55 -23 -11 -67 -30 87 -34 -32 36 -82 75 26 -24 47 
-59 34 26 -45 73 -4 67 -25 25 -7 0 91 -54 56 -10 100 33 8 -94 -33 -22 -76 17 -78 87 -66 46 -9 -61 -33 87 25 53 -98 72 39 -17 -27 -55 51 22 -49 -85 -46 -5 -29 14 16 67 48 61 -95 55 -38 -83 100 -42 -26 -90 28 -73 -67 -21 3 97 -89 54 -62 24 -16 67 -32 -68 89 -3 69 11 -94 -92 69 29 35 73 -71 -42 -88 76 95 5 45 76 60 -55 -55 -22 33 30 -2 -82 44 3 58 -34 -61 63 17 -27 
-74 44 -19 -10 18 18 -79 31 58 -22 -57 59 -42 44 -57 54 12 55 50 -6 49 -11 -100 0 100 -70 69 -45 -1 -59 39 69 2 -90 -88 -34 18 45 -71 39 -45 -13 30 41 -4 91 -98 41 0 71 -46 60 -43 -61 79 26 16 -94 -33 -75 -33 22 -26 -86 54 -4 80 93 63 40 45 0 64 -64 -56 -43 56 -87 37 35 -80 30 -61 -36 79 -21 -22 36 -47 -9 -44 -95 -1 -56 -96 82 93 -100 57 51 94 -81 -81 23 33 -96 96 
90 53 -89 61 84 31 13 -88 -70 96 -67 42 86 -73 -22 -11 22 -84 86 -45 -43 -61 94 59 -24 84 49 84 -11 -80 10 -82 -8 -92 -11 15 -56 -35 -2 68 42 -97 39 11 18 -58 57 68 19 29 -86 -62 -62 2 15 -34 49 78 72 -89 75 -11 -26 64 62 71 -43 10 -29 -100 -43 52 -33 -24 -26 -69 -34 -71 -19 61 -36 96 -6 -67 -82 -10 34 -52 95 -86 -23 -53 -52 75 -49 -74 51 6 32 30 -90 -1 88 -66 -68 21 -21 
-63 -72 76 19 26 -17 -85 -15 -58 99 87 2 -81 96 4 96 -65 71 53 58 -66 -87 17 -48 56 -75 -48 93 -72 -67 62 -36 -49 -32 -94 -36 44 -28 -84 -60 13 -16 -76 -34 99 -91 -68 -26 -86 61 22 -83 -28 100 -71 8 40 -70 -91 82 -30 -40 -99 27 7 39 -44 25 12 84 64 -95 49 11 -81 74 99 -53 -19 28 -95 29 -11 55 66 -15 -35 -21 62 -45 48 39 48 -3 18 -15 36 -64 -53 -73 5 -50 29 16 -63 -96 -62 
41 -32 13 65 -21 76 61 -80 -91 -99 100 76 78 27 -36 79 97 91 -57 -12 80 -65 -26 -56 97 -21 -23 -30 -56 -44 -85 95 -37 15 -97 -66 69 -62 30 -59 -53 6 33 59 -32 -100 9 -97 -66 -97 10 -8 47 -12 -63 -19 100 62 -29 22 36 -42 45 27 -67 80 -89 8 -50 31 -92 62 -14 -36 47 99 -68 82 38 99 82 66 83 5 -45 -27 51 -90 67 -75 89 -95 64 -73 96 -63 55 -58 52 -47 -34 34 -47 -66 -29 -11 67 
28 -48 18 -65 -55 -11 -24 9 4 -91 -75 -56 19 -72 93 -28 85 60 16 53 -68 18 34 -75 -40 4 -94 -61 -94 25 -11 21 -87 57 2 -33 3 -79 55 10 -71 -79 -17 16 -29 25 -62 -95 7 -41 -99 53 -80 -37 -32 -30 -44 22 -76 75 -58 -68 -64 13 24 -27 65 -41 16 -53 -51 14 100 54 -59 -5 -35 -15 9 -41 -71 -12 31 -69 -4 63 -59 -6 -83 -75 -71 -89 37 -42 72 -55 59 -4 -99 -17 -85 -87 -2 54 -70 -28 -66 
9 -27 -22 -54 -2 -15 -99 -78 -6 54 36 -1 -57 -31 47 -21 -21 -32 100 -75 -25 -82 12 36 -83 -44 66 36 -47 68 75 31 -2 87 80 84 -66 83 15 15 -14 -78 35 -37 -96 32 83 -34 26 -84 -84 68 64 78 -61 -21 -23 51 -54 -27 -37 -37 -22 -45 -69 -2 -31 32 93 -6 98 -78 23 -69 -87 -13 92 -90 38 -74 -22 -11 -98 71 -83 9 -73 70 61 35 49 60 43 72 -17 -28 16 94 -64 2 72 -70 44 34 22 -93 -84 
-37 21 -75 -87 77 -95 -41 -68 -90 71 -96 -37 57 61 -65 44 -33 -57 -17 -6 0 75 75 -33 60 64 -95 -33 73 49 -62 -48 -38 -39 -58 -35 -65 54 -94 46 -81 57 94 53 19 11 -42 58 -37 -19 -63 -30 80 -52 -10 -10 -33 21 82 -82 44 10 -70 -15 -76 85 -69 -93 75 37 22 -88 84 -31 69 91 -26 79 91 79 56 63 -35 -20 -19 -27 6 -42 -36 -65 -92 -75 -52 -87 24 -39 30 -71 -12 21 -91 49 69 -67 100 18 -49 
-85 -26 -57 -26 67 19 -45 -90 -14 11 36 -22 -17 74 -92 -6 -40 82 20 -43 -95 -22 23 -20 -78 59 24 52 -83 -44 24 -89 57 -54 90 -23 36 -50 8 -10 -15 -92 53 61 -92 -94 -8 -37 -22 -50 -79 38 1 -16 -33 54 32 -52 -18 -54 -47 94 51 -11 -44 -42 -34 53 94 -47 62 22 29 41 74 -22 -15 -63 -38 60 -72 -80 53 -92 -14 47 73 13 98 44 7 -58 -48 83 -12 61 94 -61 15 47 -50 -98 -85 45 95 -6 -41 
-78 -65 34 -87 19 89 -58 35 76 -59 -24 -80 68 -21 -36 -30 -71 -67 70 11 -96 24 76 25 75 -62 -15 84 65 -5 0 -62 -85 20 -4 94 3 -20 -58 100 32 -59 95 -37 -53 82 -27 38 -87 -70 -88 44 -28 27 54 -59 66 -50 -77 -95 81 -66 21 -16 -46 -8 -39 56 -58 -57 55 -62 88 91 -100 -47 84 94 -35 63 25 48 17 -97 -99 -80 -69 -88 -25 86 27 43 91 -51 70 -27 63 -44 64 95 96 3 -85 -99 99 29 -53 
-84 13 -68 21 -26 96 34 18 44 -67 -22 -84 37 -53 68 -82 86 35 -1 -77 -88 28 64 -93 -42 16 41 -58 54 54 26 45 -54 44 97 -98 -59 35 -52 62 -16 78 68 56 96 -37 -83 48 48 60 97 43 96 -2 12 3 -58 32 -94 -63 34 -45 -15 68 -98 45 16 -24 -13 27 -48 81 29 -23 38 45 88 89 -48 78 62 20 -71 74 31 -91 -72 -49 -43 90 -11 -88 -21 -34 95 -54 -33 -49 -34 -25 -21 -75 96 25 30 -30 -18 
-3 0 -5 -12 52 19 59 76 51 53 -22 -85 -92 26 9 75 46 93 -11 -17 -49 -86 -12 28 32 72 16 -30 -16 96 -42 -54 -31 -65 -12 -87 -13 12 68 11 -7 -4 -35 -75 -61 62 99 -35 61 83 26 25 68 44 -88 11 4 -34 77 -87 -41 22 -87 64 -28 63 61 -81 -91 68 -70 -91 46 7 18 92 53 73 84 -17 82 46 57 50 -28 6 -27 -27 30 81 -87 -73 83 41 -4 39 -37 87 -47 57 95 -70 -6 84 64 70 -27 
46 -77 45 -2 -11 70 -37 -47 50 30 63 89 -95 -40 91 84 100 -62 -69 -38 98 -65 39 35 -6 65 92 -33 -29 99 -34 90 95 48 -49 32 -71 -75 -48 -27 45 58 -67 94 9 -19 15 1 88 -77 52 78 50 93 31 -60 100 42 -80 -36 61 -37 58 -1 23 40 -6 -47 -45 25 -79 -87 42 9 -82 -97 41 -38 40 -23 -98 66 31 -76 63 56 -16 -62 28 -53 -70 60 62 -38 -60 28 14 -93 23 -78 -81 -67 -14 -81 -46 64 18 
-49 1 -60 79 40 -85 -19 76 -33 -11 -27 71 94 -15 62 11 -11 66 51 -24 -11 -4 -31 78 -6 -13 36 92 -7 13 50 27 29 87 -15 -87 -50 5 -62 6 56 -35 -47 35 16 -10 42 87 -32 48 97 -98 -49 95 94 67 54 30 -46 33 54 92 66 -31 17 -9 95 43 30 -73 -41 -13 40 -35 46 -85 5 19 83 -15 12 -78 -21 13 70 -70 -4 -82 -12 40 27 -7 4 -78 85 -39 13 -36 28 -9 2 -20 -21 93 73 -80 -44 
12 25 -55 88 3 3 -32 97 68 -54 -43 99 -38 -47 -34 36 -68 -56 -79 61 -82 -55 -25 63 -19 -16 91 -52 -23 21 39 6 89 -19 13 -53 63 77 22 -99 18 60 -48 91 86 -85 77 34 -16 43 -44 -31 -65 -61 -17 47 22 44 -3 31 -86 20 -94 -83 31 78 5 67 65 9 43 98 27 -89 -55 -36 -69 93 97 18 54 56 -18 39 -86 -88 2 64 55 -36 -1 -96 3 34 73 -95 42 -76 -6 98 1 99 -64 -87 -60 -98 -4 
45 -1 -33 7 -33 -14 58 7 32 -88 85 -10 3 19 14 54 -92 38 56 77 -62 28 67 -8 27 97 77 -46 37 -45 -83 -27 46 54 7 92 16 -81 -43 83 7 -62 6 23 90 -80 32 -52 -15 98 -81 55 -43 -10 -71 25 67 63 48 56 -17 -8 -51 -36 75 -62 48 -72 -61 18 38 25 -69 19 -50 -15 -84 75 -39 -43 22 -56 -1 -13 -89 46 -73 -86 51 89 -43 39 18 -83 25 -53 1 -68 -64 29 -17 42 32 6 -69 69 -16 
13 -6 49 57 -68 -58 95 -86 -70 9 56 87 -17 86 38 100 -64 -86 66 17 -55 89 74 43 38 -51 41 -40 80 82 -77 46 40 -9 82 -16 -73 -2 -96 -64 -18 -26 36 -65 -91 49 -72 -60 -65 -91 -47 69 89 -18 27 -28 -91 -24 -16 64 77 -57 25 -3 -100 98 100 93 1 -56 -85 -12 44 -72 -30 4 13 -96 -21 -8 -95 -92 14 -3 56 -91 -95 54 9 32 69 98 33 35 29 -58 37 39 15 -64 -90 -16 75 46 -51 -77 65 
-50 -60 56 38 45 2 31 -43 5 29 44 100 23 -13 -10 -33 20 90 53 -94 67 61 98 67 -38 26 40 -86 -55 0 48 -5 87 -23 73 10 -98 32 -2 52 -66 -71 -81 12 37 -26 24 90 90 24 29 23 -13 21 37 -63 97 -1 94 -49 -72 76 42 -3 -67 12 49 89 77 92 -28 -14 68 -41 19 79 -18 57 44 3 61 -47 80 -43 32 21 -5 -71 -45 35 -49 97 -55 32 -75 -47 81 81 -15 -21 -18 -36 34 -45 -31 31 59 
20 -40 -81 36 0 -69 -30 100 -1 26 -95 -27 53 96 77 -71 39 5 -67 93 -75 -81 1 -36 -34 -58 -55 -38 20 -63 -2 -3 71 -29 -36 -2 33 -50 -55 -7 -12 58 -21 88 -77 42 -99 -81 35 25 -20 16 -78 -19 3 -13 -9 100 25 96 -10 85 27 90 -71 -78 1 89 49 67 23 0 30 47 53 -25 84 -41 64 15 -74 77 59 -82 -78 -96 -10 -1 -96 28 44 -43 -61 29 -82 72 51 38 -33 -89 -20 40 -74 16 7 53 31 
65 -32 45 -43 71 61 40 -9 -97 37 1 -7 94 43 -94 -85 -97 87 -78 -80 -22 50 -64 -88 17 99 -1 -1 91 -89 77 59 90 55 66 -21 30 88 95 -93 8 58 50 -81 -53 -74 -56 -82 -12 12 -17 -10 1 -98 17 17 -67 66 -96 -28 -10 -27 -97 20 -73 7 -26 55 32 62 20 22 -48 64 -51 27 -76 24 10 -6 51 39 -38 48 29 6 14 -78 78 -51 -35 9 78 67 -55 -1 77 44 9 67 -24 77 93 22 -75 -38 40 
-95 -76 2 27 -68 70 -2 25 31 25 -18 3 -1 -63 88 1 -32 7 3 -83 86 61 -37 29 52 29 -57 81 14 -89 77 31 30 44 -19 5 -97 94 -89 57 38 -61 -49 -19 -28 79 68 -83 -40 -65 -41 15 -5 19 87 -17 -65 -65 -45 88 96 49 -25 60 -35 -15 -28 4 72 -73 59 37 -76 3 -14 93 -63 -66 6 -75 -91 49 -59 -70 -15 24 -43 59 55 73 -98 -99 -33 89 -98 48 -96 23 -11 -26 20 -93 -91 -12 35 -85 -56 
90 -15 63 -64 -29 -34 67 -25 65 36 -60 58 72 -46 57 15 34 -77 -75 39 85 2 18 73 78 -7 -71 -62 -9 45 7 -17 -72 -89 87 -47 54 21 91 98 -22 -26 53 -65 -68 76 -66 12 18 -58 86 27 -30 -16 1 46 -3 11 57 -39 28 -70 47 40 52 42 58 14 67 -80 -3 -88 43 66 -10 -2 -98 70 45 -76 -2 -4 35 -88 -24 -87 41 85 -88 43 89 -53 41 -50 -71 -39 -87 35 44 -57 -80 -63 68 96 -23 99 -29 
62 80 -1 -94 75 -26 15 -8 -88 -32 -18 29 65 -76 -93 -84 60 16 62 -52 90 31 -41 43 2 88 33 16 82 -18 34 90 71 68 25 -31 -68 91 -34 -83 -55 -1 0 -85 -65 93 -17 -80 67 -66 -12 7 -61 -64 44 -71 2 -19 92 53 -70 -32 -50 -78 -28 36 -35 -51 78 -17 -57 -52 -20 58 17 -49 -54 16 87 21 28 -100 75 -39 -46 -51 -53 -33 36 -50 -22 92 79 24 -95 -66 15 52 4 79 -63 -88 -80 17 -87 -56 -56 
26 24 -14 79 -33 11 84 -96 1 -18 -94 -93 6 7 72 -75 51 -12 -23 -64 100 -57 7 14 84 24 -90 -96 64 52 -49 -54 -29 -5 -70 69 18 -21 39 -61 17 88 -45 -90 44 24 -54 54 -61 7 -95 85 -31 -77 23 29 83 64 -35 -80 -19 -76 -85 0 62 0 74 6 -17 6 43 28 47 88 -95 -12 34 -9 -58 54 -2 -63 81 -44 -93 -84 -61 -12 -94 12 13 -15 2 -93 -69 -91 20 64 -57 74 33 -92 -90 -11 -33 17 3 
-73 -56 -36 -97 10 61 21 65 -45 71 -24 -9 -30 96 10 22 57 77 -78 -17 93 24 56 44 -90 84 23 -87 8 -41 79 98 -27 -88 -44 94 -58 -67 23 93 -100 17 -3 -91 -46 -87 -12 87 -60 -20 -100 84 -17 81 1 20 94 50 31 47 64 21 54 -54 81 13 59 61 -71 88 -18 -98 -26 -10 -11 -28 75 90 0 -42 -45 21 -82 -56 35 -66 85 43 -9 58 -64 -59 67 4 67 3 67 -36 54 35 -47 22 -27 -45 0 98 53 
-30 -63 -67 59 -13 -37 75 -6 -14 -42 45 13 -8 -71 -48 -58 18 -77 -54 52 96 -42 -57 2 -52 -22 -57 72 -96 41 -38 -75 -78 52 -85 1 4 8 68 72 47 53 -89 -47 45 -66 -62 81 -4 18 82 20 90 -58 -2 -81 93 -2 -48 -72 -2 -2 56 33 -38 -42 -18 -41 57 67 -7 99 -82 19 8 -57 -81 -19 -70 -61 87 -32 89 -64 -13 -38 13 -24 -62 68 15 -33 -65 64 24 65 -28 25 81 -96 -3 -39 -86 -4 82 -78 -39 
28 79 20 89 -16 -52 -56 74 95 67 -40 74 -16 49 -45 -18 70 8 30 32 48 -12 94 70 -53 -38 -22 -38 82 -71 87 97 -93 37 61 98 49 71 -79 -56 46 57 30 84 -40 54 -74 39 -10 -11 -48 51 46 94 42 92 19 -42 12 65 -81 78 27 25 73 71 85 -100 0 70 -15 -97 32 0 98 34 -69 72 -100 -38 19 -90 15 19 -90 99 96 76 -53 -3 98 21 85 -29 -71 -55 94 -14 -38 16 -22 -81 -74 -99 -22 -56 74 
-34 53 -63 -63 -100 -44 46 12 -53 8 -45 -48 -90 24 -77 -22 -94 54 -81 65 -7 2 47 1 -93 63 88 -58 51 -30 87 85 99 80 -73 -52 -88 -1 67 -87 -12 -59 93 69 38 -38 0 13 -71 -96 90 -65 96 -25 47 96 93 -84 -44 62 -58 13 -12 -28 43 -49 92 87 -12 -63 9 -89 9 -96 -40 94 23 40 -62 -83 -95 92 -31 -71 33 56 -48 -37 -46 100 6 -54 -10 61 -61 -83 23 22 -61 8 62 56 25 -55 26 -18 -24 
-80 -53 98 30 90 94 88 35 -10 -1 89 37 80 34 -39 27 4 -90 81 -49 -12 4 -94 -28 -30 -80 99 -67 54 -11 77 37 -10 19 -44 -28 -78 -47 -54 -97 49 -28 -73 -69 -4 87 -92 92 -18 88 50 41 -85 -40 -73 -78 98 -48 -8 -50 -85 36 82 -63 10 65 -1 5 -43 50 -68 27 25 -13 19 21 8 -89 45 65 71 82 10 98 34 52 -26 -3 -75 -18 82 83 -40 -65 37 -8 -31 -66 23 84 15 -11 -80 19 86 6 -94 
-38 -88 47 -7 65 -68 56 81 48 -44 48 -93 -32 -74 8 17 -4 -35 55 29 -20 -26 91 -100 -41 -28 -45 13 -63 26 -95 -49 36 -38 90 83 19 -92 -41 -78 -12 11 58 -60 73 -41 18 62 40 77 -23 -31 80 -68 57 -90 -93 14 -81 28 38 3 -46 88 -79 99 84 -30 -88 79 26 98 76 65 -50 -55 55 -61 61 51 -44 -30 -74 -83 28 53 -98 35 -46 -66 4 55 -64 100 7 34 -80 -51 -27 30 -8 12 25 1 35 -44 42 
-96 -26 51 94 -86 36 -72 -5 -12 -71 -5 92 72 -49 -41 -82 -18 41 37 90 42 91 -54 30 -24 -45 -81 33 -82 -75 -33 -86 81 -96 -34 -59 -45 69 -88 -9 -98 80 36 57 59 6 -80 -52 84 -55 63 -44 54 23 50 -97 2 -57 91 -47 17 -82 -98 -93 77 94 62 22 -57 -15 99 -71 64 -59 36 47 -75 2 -100 22 -57 -4 43 77 -57 93 -90 -17 -100 -19 43 60 -36 90 -92 88 70 19 -8 -13 -90 -12 10 89 -13 -63 -81 
-3 -10 79 -71 26 -75 -91 -70 3 -78 -50 -77 -14 7 -48 1 88 18 -29 -48 -60 -15 -98 9 40 -32 88 -87 71 4 -59 -91 71 -2 1 -1 48 -65 -81 -12 71 -82 -21 -28 -42 18 91 -24 -5 -91 64 32 48 -5 -82 -11 -98 -33 15 60 21 11 -10 -77 -72 52 -64 86 -83 29 -74 -19 -87 28 0 -73 9 88 44 -53 -20 83 19 -92 -76 -51 -31 53 16 34 95 92 51 55 94 -28 -39 29 -26 -13 -75 -36 -73 26 31 -4 88 
16 46 -6 7 81 -43 38 68 -35 -100 96 -56 52 44 55 -7 44 -73 -44 12 -76 -93 -59 -97 -86 -55 97 -9 20 -40 1 -60 8 -55 -15 -69 93 -3 -71 85 -70 63 65 99 -60 54 75 31 -93 -97 -37 35 69 82 38 29 -100 -21 -38 -31 -37 -52 35 -44 -79 -66 -3 -4 -29 25 64 -65 34 85 7 -27 -40 56 54 -35 -56 -74 -39 -74 -54 87 -3 48 68 -98 -27 -97 17 34 -66 -89 -59 -1 52 66 75 79 52 12 84 -82 -5 
25 74 16 89 37 -39 82 -55 18 -70 -60 -44 16 -40 -62 -19 64 55 81 -100 -98 -89 -100 76 98 95 33 -85 -89 -82 86 14 100 94 -73 31 44 -20 -36 -95 78 22 80 89 71 -75 33 -92 -64 100 -37 25 -67 -60 28 -60 99 -55 21 -50 -10 -27 12 35 -78 26 -42 -66 -83 -28 -59 -74 -37 94 -14 66 -53 -73 51 58 45 -46 -94 8 -33 -27 -98 44 22 19 34 -19 -83 -11 73 -84 74 -94 7 -13 91 42 32 46 -85 -94 34 
15 -47 -4 -19 73 -85 63 -10 -27 29 -68 -31 94 -87 -34 -39 38 -99 71 -67 -67 -70 -15 -20 31 56 -79 38 84 77 -33 -90 -90 -70 65 -91 89 -21 -76 -65 31 67 30 -7 89 -43 39 65 -33 72 45 41 54 4 27 83 65 66 6 -12 73 -3 -39 -35 -85 -72 -10 100 -15 68 85 -79 -6 -38 87 86 4 -90 -85 -65 57 -25 -35 20 73 -17 -55 31 26 39 68 82 64 31 76 19 -43 -83 -37 93 -33 -59 71 34 -77 9 -67 
44 26 43 -14 -15 16 81 -32 66 52 -73 -43 -27 -79 -16 96 50 -70 49 -52 62 -55 57 -99 -31 10 -78 -34 84 -54 82 13 16 -65 -89 -35 85 -49 -46 -25 41 68 62 21 87 -77 98 -80 10 2 8 57 -92 -71 -90 31 -80 -71 49 26 -84 -4 25 -84 -21 86 -2 -34 -31 46 -16 -59 22 -33 32 -57 31 -32 -20 -86 -5 -9 84 85 41 7 -36 53 -13 -88 -14 23 -60 -31 36 71 94 50 73 -91 -7 6 -20 66 47 -74 -50 
-29 -70 25 8 -24 -81 56 53 25 61 -48 36 -7 64 -26 -87 0 93 13 11 58 -26 92 22 -60 -36 -61 72 77 -35 62 -47 -97 -92 61 -54 40 74 -100 -5 63 75 -43 46 48 10 77 16 91 75 -71 -58 39 78 11 -90 18 -83 5 -19 92 -15 16 -41 -65 -98 -69 3 19 -92 -42 -8 97 98 50 76 -47 81 -22 -47 49 -69 -50 -73 8 -83 -82 49 33 -85 -44 51 -47 -24 -78 74 72 -14 -37 26 -22 88 78 0 -19 -72 60 
33 100 -34 -14 -76 100 -13 -62 -77 51 -7 -17 -56 89 97 91 34 87 -78 54 9 28 61 -37 -1 31 40 24 -88 75 0 -29 -86 25 -50 -58 -80 98 -62 60 -29 33 86 4 68 50 45 -98 43 29 -82 56 -11 -52 -34 70 69 -20 -74 89 -46 -61 6 17 -32 -46 -75 -83 -25 -45 -53 26 -94 91 35 -42 94 75 62 40 23 -18 -69 1 -72 -44 -98 -66 -67 18 7 74 7 55 39 16 -100 -38 79 -66 -12 31 41 -42 -49 -41 -27 
-25 60 -49 2 14 -78 -2 -50 40 -10 25 -77 -11 -48 27 -80 21 -78 91 -34 -50 -5 39 83 -53 9 35 -34 78 33 49 -63 83 99 -84 -84 60 -17 22 94 19 66 87 -3 96 -81 44 -84 72 72 -20 -35 -21 -86 -31 -38 55 46 -55 -58 14 -16 99 46 35 -11 -7 65 53 -12 -74 13 40 49 56 75 -10 -37 -34 3 76 68 64 43 52 -86 72 7 -83 -77 -6 79 -13 -21 -4 1 6 -63 91 25 82 81 53 58 94 58 38 
39 -59 -46 31 -13 22 85 -76 17 -97 -98 -95 19 -91 72 -89 -68 -90 -58 17 -98 -32 14 -16 -79 15 -70 -9 73 -17 74 57 54 67 93 -75 -61 -77 -2 47 -19 -4 96 -24 50 -29 -34 90 -14 -33 -54 -31 38 87 78 65 -37 82 -72 70 -31 70 -85 -28 -49 -84 51 -75 53 77 -76 23 36 48 -74 -83 -25 -1 48 -47 -38 10 78 -22 -59 100 -94 100 -58 99 74 -17 -26 56 28 -95 8 -98 46 -28 -34 20 -73 75 92 11 5 
-84 -36 41 42 57 13 27 54 -39 -28 -38 17 -74 -13 5 48 -73 -97 -4 -30 12 14 5 -80 -35 87 66 -29 76 -100 22 19 -79 73 -83 5 -68 87 38 -55 47 56 26 84 -44 -16 44 73 76 62 97 -47 61 44 15 6 50 -14 87 0 90 6 -32 47 -61 -6 58 80 13 -71 6 53 35 -91 34 -46 10 -95 -44 -96 12 67 -65 87 -90 46 -85 -20 21 82 75 6 -91 66 22 -43 11 -20 -89 -82 -43 -40 77 -4 -49 23 100 
7 -41 -3 -29 -77 -47 -43 -28 16 43 -49 44 72 19 -7 -99 27 61 -47 -19 18 -15 -84 -31 69 58 79 -69 -2 42 -83 6 -87 52 -26 52 -54 28 -39 -64 31 -61 51 37 -41 -55 95 -100 -68 4 21 40 46 -34 23 -89 75 90 2 -77 -15 -38 -29 -18 -63 -51 -60 44 -8 -51 -42 -54 -95 72 80 16 1 -87 37 4 -65 60 -1 63 67 -95 -47 19 -53 98 26 24 32 8 -85 -49 -15 41 -6 31 -86 -58 5 64 -42 -67 32 
-98 -20 -20 -93 -96 -47 76 -95 -19 -89 -73 75 -38 -57 -25 -27 55 80 34 -51 -92 5 72 72 38 -53 -44 -7 75 -98 29 78 68 17 -95 21 12 -72 -87 -61 -47 76 94 -58 -7 64 28 62 -23 35 25 -71 -78 25 -53 -73 40 8 -3 25 -98 -92 -92 -90 19 -53 -12 -6 -9 14 84 -61 92 -85 41 -42 26 16 -68 -39 -34 49 1 67 63 97 4 -8 -25 -87 37 -16 -43 8 -84 -3 -75 -73 -8 -52 -52 59 1 68 55 3 -70 
