-50 8 -64 47 -47 30 88 -75 -1 32 53 -26 16 79 -68 63 79 20 3 88 -95 -98 -28 51 31 65 56 -85 18 -44 49 93 66 -19 20 75 -50 95 19 77 -49 50 
-23 23 77 31 95 -92 15 20 17 -69 -24 47 37 -18 33 27 52 -19 -81 98 -92 69 76 -81 -8 0 -24 -71 -72 -35 -93 -62 93 90 -66 -25 76 -75 -100 -77 49 -66 
-83 26 96 -32 -6 79 -91 41 44 -53 -85 -79 27 77 29 38 32 19 62 65 -88 27 -7 -4 30 -94 6 38 -79 69 -63 71 -78 7 -79 7 36 57 88 10 47 15 
29 78 -99 -72 89 68 19 7 -45 7 -44 22 -30 -70 -17 -92 -41 -15 66 -72 -70 13 39 85 -44 -6 -13 -55 -82 -59 -41 44 -86 -95 -82 -30 10 -2 29 -38 -95 -93 
55 -46 14 -75 -76 -21 8 22 -17 64 61 77 39 -45 -57 -82 -18 -14 86 -43 -32 -89 -1 40 -18 -19 -7 6 -30 20 -62 73 -8 93 78 -46 -99 3 -42 83 93 -55 
60 -3 27 -11 -81 85 94 5 -43 63 -77 -75 65 96 -16 -37 82 -99 -56 41 10 -54 24 -52 -75 21 21 -62 87 -56 -26 13 -54 -100 -73 -77 -55 -22 26 -64 -20 20 
91 4 -84 -13 19 82 -16 -41 72 93 -6 64 -52 -66 -50 -85 -51 37 12 -34 24 13 -91 55 -38 52 38 -73 48 31 1 45 94 -100 78 -59 -99 -60 52 -54 -45 -51 
-51 9 30 10 -23 -31 -35 -16 -90 -79 80 -34 -44 14 51 -22 -50 -2 91 49 -16 -26 99 58 20 55 -17 61 32 -53 48 66 30 -78 -8 96 29 28 -28 -71 -76 99 
3 -43 -39 -54 12 72 -47 39 23 -60 -44 -1 -67 -83 -84 1 41 -61 -15 91 68 -38 -23 -35 -30 10 -70 -89 92 -31 -42 -91 -1 -28 30 57 79 -6 -50 -43 95 61 
-46 63 -96 52 79 41 -1 12 -16 -23 -4 1 97 89 26 34 -20 -46 93 -11 21 64 -64 46 60 -15 14 64 -86 -11 20 23 -52 43 -57 -3 -28 -39 -20 96 -82 -42 
42 52 67 48 -30 -4 -44 -70 -14 51 -42 34 99 1 -78 57 -51 2 99 70 18 -64 63 -69 -47 18 -96 38 -58 88 -72 -87 83 60 97 -19 -43 -22 -12 2 -44 -21 
-77 -95 -59 66 -65 58 16 13 -39 26 -63 27 26 -97 -10 69 5 65 -16 43 -48 23 -30 -38 1 84 -21 7 65 59 -84 -41 -4 -85 -67 -33 60 -41 97 45 -23 -21 
-100 -93 25 40 -61 -17 18 14 -50 -94 -47 -94 14 84 -28 -13 81 -100 -95 -70 89 81 34 63 95 -91 -14 16 31 -64 12 -29 31 12 77 -22 69 -81 42 9 -56 28 
-1 -10 -23 3 84 -7 33 -95 26 -10 -29 30 -74 74 -72 -72 -3 -32 -18 45 21 -51 40 37 -94 -23 92 -75 -70 -80 -54 -74 -68 -6 8 -10 33 -90 -31 100 60 -75 
-32 39 -19 26 45 -76 71 68 7 59 -76 -26 6 8 3 7 54 12 -11 -3 -13 90 41 2 75 55 61 96 81 68 -29 58 66 40 6 85 25 -14 -49 -49 96 88 
1 33 59 85 -28 -5 17 -53 -62 48 -24 26 13 -99 88 -66 68 93 -20 3 -67 28 -36 57 -17 49 89 -25 21 93 5 97 -41 81 -91 49 66 -89 31 -91 62 -36 
37 98 -97 1 -68 29 -48 -18 -82 35 44 26 59 20 -18 -47 -64 -41 35 54 67 61 76 -11 -18 38 -35 -50 -48 58 82 -45 50 -47 24 -31 -71 81 3 82 25 73 
-50 -12 -21 -43 -33 -67 -91 15 -43 -38 91 -36 -39 63 -59 2 -65 47 36 65 -83 -95 96 2 45 -95 -87 0 -99 98 -58 32 22 42 -25 -35 -53 -2 -83 12 60 -16 
-12 18 0 -27 26 -41 -14 58 39 67 -87 58 9 30 -14 28 82 -64 85 81 98 79 25 68 -40 -45 -42 -85 -70 -73 73 -22 92 80 -96 -42 73 -76 -44 -91 -52 23 
-90 -32 -64 55 51 -4 -84 -55 -24 -64 -93 -1 46 -48 -98 71 4 0 98 -56 0 48 0 40 -47 86 52 -9 45 -85 -97 95 -20 -74 47 29 -48 -52 84 50 -86 -59 
-80 -11 -27 15 74 -5 70 -80 74 21 -20 18 -88 -3 95 -68 35 -72 28 -35 60 34 -47 11 -94 -19 -5 23 88 -51 -50 -98 -48 78 -84 27 44 18 46 58 -25 1 
-31 10 43 -30 -75 -18 -70 -19 -85 -22 -4 42 -85 -98 44 52 39 -3 -34 19 53 -16 48 10 -60 48 -64 99 -77 80 -58 43 -33 48 68 -64 -11 89 -43 -52 -58 83 
-51 -19 91 26 93 -79 16 -89 -12 -86 77 -75 89 69 -7 6 -22 -16 -1 17 79 89 62 -45 64 -92 -40 -52 22 3 -42 55 6 69 -52 19 15 29 -63 7 -58 -39 
-15 -78 -16 2 87 -100 13 77 -38 60 -47 54 -82 -59 -29 -11 -74 3 -13 38 90 -12 68 67 -9 13 3 -15 -52 98 77 98 40 -100 49 96 -27 -55 48 -94 74 -51 
78 56 -54 21 45 -85 -77 -13 9 12 8 -34 -78 -52 -77 95 -81 -74 78 -40 30 54 47 4 67 48 86 33 -23 -99 91 49 -60 64 -53 73 -8 -71 -33 -35 51 -33 
21 -76 40 19 46 82 6 13 27 -93 -41 -58 14 79 47 87 -87 39 -10 14 82 -99 23 -64 92 88 -65 -17 26 63 11 -2 -85 -42 21 -85 31 -73 -13 -83 10 80 
-28 74 66 -38 -93 -6 41 -49 -64 94 24 -32 -30 82 90 -44 -29 36 -97 -16 44 -63 78 -26 77 1 -20 0 -13 7 39 15 43 88 -21 27 -45 16 -71 -10 -53 -81 
-37 -94 -61 5 81 -15 52 -85 7 21 -64 52 -90 -13 -96 94 -98 66 50 18 -5 93 33 -89 -39 78 98 -60 -94 -6 58 -29 41 30 -87 -23 -86 12 6 -65 24 -45 
-76 3 33 52 -100 -10 33 72 14 -32 58 3 7 -69 -41 50 -59 -46 99 6 -72 71 83 -46 -18 96 59 -45 -59 23 -14 -47 -31 -46 -78 -92 64 -26 68 -75 -58 27 
61 -6 93 42 -40 62 79 -91 76 -25 24 -94 63 -27 39 6 93 41 -15 99 93 -58 -76 64 42 98 -64 67 41 -36 64 -99 19 41 -61 59 68 72 -36 -13 82 49 
-59 75 -73 28 6 -21 -21 -13 -49 -24 -28 -10 7 64 -88 -60 42 64 72 33 10 94 67 86 19 59 76 -61 -30 61 32 95 91 7 -63 99 10 -58 -23 -96 0 53 
97 -35 -32 17 62 44 -97 -85 44 -100 20 77 25 -81 79 -67 -36 33 90 98 0 53 -71 -31 28 -53 -52 12 72 54 71 77 41 -54 -89 78 -26 73 17 -59 61 -25 
36 -69 -15 -35 85 21 45 54 16 81 -88 -36 -46 -6 -66 -24 -1 -65 4 25 9 7 47 -38 60 -85 -78 -12 40 -60 -10 -32 -80 -92 -95 -41 72 0 -25 99 -34 -49 
-65 98 -20 -27 -67 -64 -76 -14 66 68 -80 -59 -30 -66 75 -100 -10 -94 100 79 -28 9 -82 -47 -58 87 19 64 -20 -16 -63 80 -23 34 42 -45 57 -41 -84 64 -7 99 
-84 -57 -3 -99 -27 48 -24 81 66 38 73 92 -70 99 85 66 48 -49 -20 -24 -95 56 76 -45 33 -66 7 86 -14 100 29 -98 -74 40 -14 -12 97 -24 -48 92 84 -77 
-53 42 31 73 24 -19 -3 -84 88 -33 -99 -99 52 94 -44 -96 62 14 46 15 75 18 18 12 76 14 -30 -75 -58 22 30 -58 -44 58 -87 33 27 64 51 2 5 55 
-63 71 47 86 -82 51 -27 -53 86 -63 22 -35 -69 5 -72 96 -74 -68 -99 85 21 -57 -59 -33 19 55 44 -15 -37 -6 -10 88 -96 98 28 -18 -14 -44 -52 62 -55 -31 
68 53 -44 44 -21 36 63 81 -23 -70 5 20 39 -35 -67 -99 75 -20 -20 -63 -20 95 -79 95 -69 -41 -62 50 40 -77 -83 -37 -91 40 89 52 24 55 -38 90 68 -83 
49 -16 68 -87 34 44 -83 -8 53 -64 21 -66 -39 58 70 -97 -75 -40 5 -73 -87 -99 -74 6 -18 31 22 13 53 -13 54 9 -96 -59 -46 76 99 20 68 -3 4 58 
-35 89 70 2 -79 -72 -23 -73 -74 82 3 -24 87 -4 -40 5 -79 27 -80 -25 86 -22 -16 -6 30 59 -39 -60 10 -48 -15 -78 -78 62 -86 -85 44 -30 -37 52 65 64 
-88 -62 -54 -33 91 -41 -40 20 -25 26 -5 -59 54 -50 57 -61 -66 -74 -40 17 81 100 -22 -17 84 -54 -32 21 63 9 -98 25 5 -21 -80 53 -28 49 -8 -82 -91 -87 
-42 54 -67 -100 -13 6 -26 -95 40 51 61 -60 62 15 51 100 57 -61 -74 8 -17 -79 -90 -62 -60 -11 -88 -42 -28 38 -91 34 -16 84 29 7 3 74 -37 30 12 38 
-66 12 93 -40 54 -23 56 43 -52 9 42 79 -57 55 -53 5 45 77 -11 11 -30 -37 -48 -62 -42 -40 -78 72 -12 -39 94 83 -19 23 -90 75 32 -85 2 -19 -61 30 
22 -4 -25 76 63 -77 -83 -82 95 -100 99 -54 78 31 10 40 -45 56 39 74 -18 -11 -92 -2 -2 84 24 -27 28 94 50 19 -8 33 81 -33 92 23 -23 -84 75 63 
-69 79 -17 -3 7 62 68 -16 91 70 -94 -98 -79 -56 31 -47 -64 -78 -27 -7 0 70 -55 -21 99 -62 -39 -82 32 11 -16 95 -65 -35 -18 -9 -60 -92 -56 -70 -89 18 
42 -11 21 18 18 -92 -39 28 87 91 -96 -8 50 60 65 -92 89 98 -6 -44 7 72 22 -73 32 50 -89 3 -91 -1 67 9 4 -20 -29 29 79 -87 -82 37 -60 -12 
61 84 -21 -25 -89 -59 32 -23 -32 -73 35 -70 -47 83 -4 73 -99 -22 -53 83 84 24 99 2 34 52 97 -2 99 7 40 16 79 -98 2 28 -66 22 -27 -36 -43 -59 
-67 -6 0 74 -85 -83 41 20 85 24 10 25 -43 -29 35 22 -29 94 -74 -60 -14 40 26 93 88 -71 29 -49 88 -14 71 -70 6 -26 -55 -80 61 -70 -45 66 70 14 
-3 60 -71 71 -64 34 42 -37 79 12 -18 13 6 11 -67 -56 -6 32 85 -72 -58 -71 -92 37 -7 23 -81 -28 21 30 8 4 -30 37 -48 50 -52 -72 -41 -3 28 51 
5 92 -87 -45 -97 19 -48 73 95 -57 -35 -85 -36 36 24 82 29 -15 -62 83 2 90 -81 -86 -68 -1 43 87 34 52 72 63 -87 4 69 96 38 -54 42 -65 -74 -91 
-79 -40 -84 5 -1 26 -55 9 67 -5 99 -26 85 -40 -37 1 -94 -46 23 -4 8 63 68 -21 25 -46 -73 -92 -76 -53 -84 15 32 -64 -7 78 13 -41 43 -11 -20 4 
-69 -55 53 77 -65 7 99 -23 -51 -90 93 89 42 21 9 94 -99 14 15 59 -3 -6 -89 87 -95 59 52 4 69 77 -22 -63 29 -75 60 40 100 34 -53 -30 16 92 
-75 -63 95 11 32 -5 -10 12 68 -84 -82 -62 81 43 -93 -72 -10 70 -32 23 -76 -53 -85 54 97 70 18 94 -51 86 -10 56 44 78 84 -10 39 54 92 43 -1 -74 
75 -97 -60 -85 90 43 -50 -76 15 -29 -10 -76 28 -76 71 -4 61 94 -92 -69 90 -2 28 -28 42 -79 72 -87 -29 74 61 -8 -59 49 99 -22 -67 18 -52 85 -42 87 
18 -44 -78 -89 78 -38 -49 -36 79 27 -15 -45 -86 98 -13 -61 73 -41 10 25 96 -13 21 71 15 -30 -94 -31 -52 52 38 89 -2 -86 1 4 -29 31 51 3 42 63 
-89 -76 83 -86 54 73 -94 6 36 -88 99 50 -16 -85 -54 47 -96 -32 64 -16 -93 -84 63 3 -21 -74 -6 -77 43 65 99 98 -60 25 -11 -75 8 9 -35 1 60 -99 
6 -86 -57 -63 60 3 46 -82 6 -51 -79 -1 39 -86 65 15 65 -45 -43 100 37 -95 -40 82 -77 -48 26 -71 -52 -91 84 -31 -51 71 -53 38 38 85 14 45 -66 -80 
89 9 76 7 -63 32 67 -90 98 91 63 73 -30 88 74 -65 -90 86 69 73 -76 -29 76 5 -77 -48 -84 -20 -14 100 5 -99 -15 -78 28 -53 -12 38 94 -34 49 97 
-88 78 78 96 -98 -90 25 -3 -61 52 6 27 -64 61 -9 -92 58 -2 -68 -19 -31 44 -12 7 -35 -42 100 49 56 -51 -56 -9 29 80 -79 -10 -16 -95 -88 39 -9 29 
11 -42 50 0 -43 42 53 -76 88 -26 -75 96 -40 25 -73 -9 0 -95 33 -4 -30 -46 -33 93 31 34 -91 -90 -20 -42 -96 -36 -39 89 -78 18 55 82 -37 -85 -60 -98 
7 40 -89 52 -80 -96 2 22 -57 93 -83 56 4 17 -76 -57 44 31 18 72 36 -3 -100 -99 -4 66 -1 39 39 22 -41 -56 39 17 -33 -28 3 -84 -91 48 -96 21 
71 8 95 -51 -59 96 4 -5 35 -59 6 53 -42 -34 11 24 -59 -34 83 48 72 72 77 32 48 -60 -92 -42 21 63 -30 -17 57 44 -73 -46 -98 -89 45 7 85 90 
82 57 66 -47 -65 -14 -13 -77 32 -60 34 -3 -93 -98 -32 4 -86 -47 90 -15 48 -18 -28 19 -88 73 73 -37 -43 -92 2 88 68 -65 -48 89 13 -58 14 16 -12 15 
14 -6 -60 91 47 -94 41 5 -66 -44 45 -18 -80 -59 -14 -72 88 23 76 20 -23 80 93 -12 -52 85 35 18 -42 -71 -27 61 50 23 -48 -83 -24 55 4 -98 66 -5 
4 70 23 -75 46 -22 35 -82 57 52 46 -13 9 92 9 62 69 77 -3 96 22 -67 81 -65 -67 -84 -38 53 45 -16 46 -22 57 -96 4 -28 -64 -89 8 -8 55 47 
18 -4 -19 -28 -46 -93 -31 -40 -5 6 -47 -28 54 32 -22 29 23 -44 -43 -76 -72 -13 -83 -35 91 70 84 91 1 66 28 35 -84 21 43 -82 -26 4 -10 -48 -47 1 
-62 -37 43 49 -73 -80 2 52 53 26 -76 -69 5 30 -19 77 -72 -60 -66 -50 -17 76 -91 -87 -11 -94 -48 15 -14 31 23 -95 -18 75 -41 46 14 -95 -5 41 -82 -17 
100 91 94 -93 -62 -27 94 -70 78 74 11 -43 -50 78 -64 12 58 82 9 44 15 47 63 -74 -36 74 99 32 44 10 5 54 3 34 44 58 47 46 14 56 -64 44 
-47 36 -89 -53 76 -60 -55 25 43 -34 77 -84 79 -50 -26 -56 18 -24 83 -95 23 -48 67 5 -29 7 -52 -13 -54 60 -50 31 -93 -14 30 -33 -70 46 -15 -36 -9 -66 
-77 63 -96 -24 -32 83 -35 -44 66 90 7 99 95 83 33 -56 34 -21 -57 7 54 -59 75 85 -11 77 21 -39 -56 38 -3 70 -75 -75 13 -2 88 27 89 95 -64 -100 
94 90 24 13 11 82 -32 97 5 42 36 -97 34 -42 64 10 -25 -27 3 -59 64 -82 98 -44 91 -63 94 -92 27 5 33 -52 12 -75 18 66 57 -16 -21 -9 93 13 
30 52 -88 65 -38 -63 -5 -47 -35 15 16 85 -90 28 28 -30 12 -12 98 75 -12 16 -57 13 -67 -44 40 -44 63 43 -73 14 -9 17 -61 40 19 -19 -23 -12 6 -49 
-47 -19 -58 32 -45 57 -66 66 -16 79 5 -12 99 20 81 -52 52 -33 -85 -56 94 49 -92 -36 -15 21 84 22 32 -37 -25 -94 47 -28 50 -39 52 -66 -45 100 75 -68 
39 -59 -52 4 -60 -29 -36 17 31 5 -19 -81 50 95 89 96 23 72 -40 98 18 72 34 84 -61 -68 -55 -36 26 48 49 75 48 14 -67 46 -15 66 -1 -7 68 83 
-18 -23 -7 -64 -75 -76 -90 47 -76 -70 15 4 48 56 50 -5 92 91 -65 16 -37 -3 -99 83 -24 60 -94 44 -9 -69 38 -8 -78 57 52 -94 -96 -19 -23 -45 -65 -92 
-60 -80 -54 13 -62 -69 -60 100 56 32 -65 -53 12 -34 -78 -98 92 31 27 -53 -87 -65 -97 -91 -85 -43 -92 73 5 -70 -75 -71 -73 -3 83 -23 31 37 -69 50 -27 -22 
-67 79 64 44 -20 65 -94 18 -37 -63 55 -43 -72 -63 3 -10 71 82 -71 79 -12 27 65 -22 -31 -6 -33 -4 -21 97 -73 46 -47 30 76 100 43 6 38 -100 30 94 
5 30 33 16 71 67 -66 84 -15 83 -38 -28 45 98 -20 -40 -82 46 -12 85 88 46 -39 48 7 -79 59 -75 32 -77 60 37 63 -91 56 62 86 -27 -96 82 -38 5 
-77 -36 93 60 -42 -40 100 14 3 39 -59 49 19 31 96 88 -69 26 -13 -38 -52 21 59 20 12 6 -90 -11 -17 -79 49 58 -81 -70 -55 -77 -50 99 46 -33 -9 27 
-89 76 -80 -67 91 -95 -79 -87 61 -37 3 -100 -27 4 -97 99 -61 -38 37 29 -6 -29 75 -31 -30 10 100 -3 41 73 -88 -35 -60 -29 -77 -73 72 84 -72 39 -32 22 
57 -84 -50 19 40 -30 -43 28 18 18 100 70 26 10 -30 48 71 41 -89 -31 -34 45 -92 -25 31 29 -99 -44 -30 -25 -58 -86 -17 -53 -47 31 -12 32 -3 -53 51 76 
39 62 -71 -45 39 5 24 -65 69 -92 83 -48 61 -75 20 83 27 -55 -54 -59 -54 -82 -80 -65 75 -91 85 29 -32 -74 21 -32 46 21 8 45 0 54 79 4 -37 49 
-66 -83 20 64 77 11 61 -75 -3 2 39 92 95 -81 -28 76 -68 -25 -12 15 93 -27 -66 93 -41 55 42 -81 -74 -35 -6 -78 -5 46 -44 18 68 71 0 -79 -6 -76 
45 35 -40 -5 -77 -52 -98 -97 -25 84 20 -17 -52 -11 -41 56 -4 -36 78 -16 -19 -48 -79 83 2 43 -19 -27 45 -41 -65 9 -18 18 -69 -67 52 -60 -28 -60 -95 77 
