-60 -95 10 76 60 -83 -60 -40 -91 9 -49 -70 46 84 -24 6 74 98 -32 -16 -28 -91 -73 63 82 78 -43 78 -77 85 35 83 30 -4 65 
-43 3 60 19 24 -50 -55 -33 65 61 96 85 -100 1 31 -70 -36 -37 -76 -14 -72 -88 73 -90 76 -44 14 0 100 17 0 53 9 -96 -48 
45 57 96 94 -26 -33 19 48 76 -71 -30 28 52 -76 -2 -10 41 69 -4 -53 -89 -93 -92 72 -48 11 -63 23 93 80 -43 -50 -59 -59 -95 
75 63 72 56 22 91 -41 68 54 31 41 93 64 4 67 -84 52 19 -53 -61 -98 -41 37 13 -28 92 -6 79 -53 -84 7 -73 -41 0 47 
-62 89 39 -28 43 -74 -11 -66 44 -17 28 -20 -50 -67 49 13 -11 36 10 -4 34 -78 85 54 2 77 -42 -56 65 -45 55 24 -93 -35 -1 
-50 -88 -96 -8 23 -51 58 63 95 64 18 -85 -70 21 38 -86 -95 59 -17 71 -44 68 7 -10 96 -68 -63 91 46 49 79 -80 -50 32 56 
32 77 99 -29 -60 59 58 -19 -32 -15 2 86 75 -20 92 -27 70 -76 -15 52 6 97 20 10 73 29 -34 -49 -19 26 9 80 36 19 39 
-84 -1 93 38 18 -18 46 -46 -27 -28 -52 64 99 -82 -97 40 -11 31 100 -50 53 -19 55 -66 38 42 48 -63 -89 89 24 -45 -9 91 -24 
-19 67 -3 77 37 38 -84 18 -56 87 -56 63 21 -17 -55 47 91 15 -6 67 -46 -10 17 25 68 -22 -67 -18 -71 69 -71 18 83 -24 -37 
-74 -51 -80 68 -35 -84 74 -24 68 0 -83 -12 -25 57 76 87 48 -22 -24 87 -90 -42 -63 -73 90 61 34 61 2 -58 -79 -74 -93 26 -4 
22 -33 18 -51 -68 8 -76 -9 34 24 28 -90 35 -93 100 -76 -77 75 55 20 -13 -38 -28 2 -11 57 41 78 -20 -60 -61 -63 63 63 -98 
3 -6 98 -40 58 -10 18 45 82 -60 99 65 -84 -84 -48 100 -48 33 -17 -29 90 17 -34 47 -25 51 -1 51 -5 77 -98 -77 29 63 72 
-91 -6 16 6 28 19 -36 92 81 -91 -99 -43 -22 83 -79 -91 46 -75 37 -11 64 -29 -48 21 70 21 100 77 76 33 -59 21 -33 55 18 
79 -79 -17 78 76 -88 -37 -3 27 37 -9 -69 -77 73 -33 100 -21 70 7 76 12 -93 -100 -47 37 69 -7 -41 6 -47 -49 -33 -14 -89 -26 
73 25 78 88 41 -21 88 -4 -15 93 3 -5 -80 64 27 74 90 -31 93 -74 -20 95 51 82 -27 -31 94 80 -65 -60 -81 63 -60 86 11 
-3 -16 4 -6 -47 -76 -35 16 -27 68 -86 -45 16 -63 100 31 -66 -85 -93 74 86 -56 79 -34 -86 11 -87 15 -80 -94 -19 -54 -61 -61 63 
33 -51 73 -16 -8 -61 48 39 -89 -55 88 8 25 33 -51 50 -49 34 14 -89 -3 99 -20 -82 15 76 -59 -12 16 74 -73 -29 -61 -25 94 
-66 -40 0 5 5 -18 96 83 23 -61 -5 -13 -31 57 78 -5 -28 80 4 39 92 -61 16 17 76 51 -64 -63 96 -64 14 -50 -45 -78 65 
-18 -63 46 -73 -9 4 -75 -14 -59 25 -77 -18 -95 3 84 -59 -31 7 13 -86 -54 21 67 -10 81 -17 -65 100 -48 -14 -67 -19 -8 52 -17 
83 -89 -21 39 -41 28 11 -24 -36 29 81 96 34 -3 89 -32 -95 -83 90 -51 -33 -91 -55 -19 30 0 82 -82 11 95 -95 -86 -64 -28 7 
-75 -59 90 67 65 -7 -40 46 91 43 67 -96 -6 -67 9 -13 12 57 78 86 59 20 -75 60 50 57 42 42 36 0 -64 -61 -14 79 75 
-80 -12 -62 -65 -69 46 59 -11 13 93 0 -46 21 63 68 -79 30 56 46 -77 15 -43 25 -75 -6 -74 -78 61 -10 -75 -73 49 -34 10 81 
-14 63 -73 -8 -34 -63 -78 -64 29 -49 -6 -56 23 96 -23 -18 -17 65 -6 -51 93 87 -91 84 -3 6 68 3 -1 -74 -82 19 33 -88 -32 
30 34 46 56 -28 95 84 82 13 -99 -87 -33 -18 -43 15 -7 92 -37 -53 91 -52 53 -41 -93 70 83 99 -18 -58 -38 -20 30 -6 81 -44 
-32 -71 64 58 52 27 90 -5 42 49 -63 61 70 56 67 -88 81 -95 46 -77 41 -97 18 40 -7 -5 -72 15 -60 -36 -10 -4 50 -35 69 
80 7 -68 23 -51 63 -100 -94 -5 28 -67 33 1 14 21 67 29 -92 77 61 28 8 -41 45 -22 78 -54 -50 -60 -60 84 -43 -1 81 1 
83 89 -60 -23 -43 -37 3 -46 -56 -28 1 69 37 8 38 73 79 17 82 -20 48 -62 -22 -28 -5 6 -64 57 -67 30 38 -77 -7 -3 64 
40 84 -74 56 73 -99 55 -43 -64 -80 5 98 35 -37 71 93 58 -88 -97 -71 76 59 66 -18 -92 83 59 11 -87 -33 -27 66 60 37 -43 
-86 14 45 -36 41 -44 -16 89 -17 -25 42 32 9 83 21 -47 -100 -43 -39 77 21 100 91 14 -68 38 66 97 67 -94 12 -89 9 98 39 
-10 1 -53 67 77 31 77 -37 -24 -43 -16 96 38 56 37 13 -18 -17 93 -57 6 97 -54 3 66 -55 -78 -14 -27 -45 -24 71 -33 37 2 
-68 -92 -34 -89 -54 -93 20 81 36 88 -52 20 -60 -41 -8 -42 -27 -18 -26 -24 -90 57 -99 -9 47 18 -71 -100 48 -32 -75 28 -3 83 10 
46 -99 20 42 39 -44 -64 3 -74 39 62 98 6 37 11 -43 -31 -1 -46 81 -3 -26 -28 99 -4 21 -65 2 21 -16 -59 38 -94 14 69 
66 74 0 -90 25 -27 -5 46 28 -80 40 20 54 -3 -61 -45 4 -17 54 -82 -14 -28 -49 76 8 14 50 -24 -52 -9 92 -98 -80 78 32 
-24 56 10 33 47 -22 60 -13 -82 -46 -94 -77 -2 -48 92 97 -46 -52 -59 -43 -97 -49 -56 45 -31 14 93 -65 -1 -4 -20 -81 96 42 78 
86 37 7 66 37 28 -86 83 -44 2 4 -44 -54 -49 -25 65 -52 -59 -25 49 38 -37 62 -42 -76 -82 -80 77 -56 13 -84 -45 -17 -75 -75 
-16 81 -14 -98 63 29 0 36 -18 40 65 -88 -86 -59 -35 90 -70 -19 -80 -16 70 -89 -39 67 -41 38 29 31 -15 22 -90 90 -3 -81 18 
57 80 13 -35 19 -32 47 -8 -38 12 23 -86 -80 95 -15 98 -35 55 -4 -65 68 0 -31 11 1 -65 48 4 43 17 -77 -20 -33 8 45 
89 -67 -30 -76 27 -65 27 28 47 -40 -26 36 -76 1 -79 3 -66 -39 92 -65 -56 17 43 72 -86 5 -14 85 -83 -91 36 -73 5 20 65 
99 30 -99 12 -24 2 -11 -96 -76 90 80 73 -62 31 -63 -9 69 21 -6 -10 -2 -96 11 52 -47 -7 10 -64 74 -90 -88 -60 2 25 -11 
39 74 12 -95 94 -38 80 -40 95 0 13 -80 21 -56 14 6 -86 -65 -92 -45 81 18 39 -41 -84 -86 82 -51 -50 -51 20 -35 75 -85 -77 
68 5 -36 30 -96 25 -83 -47 10 22 41 -65 10 -98 -27 69 71 -94 18 -84 4 -27 55 89 63 -11 -37 -41 -14 -36 -90 -37 -5 67 16 
-75 12 42 -52 -37 92 -90 74 49 -15 11 -66 33 -21 22 3 -91 45 17 34 -39 8 -74 39 38 -76 36 -96 -80 90 -100 -92 68 55 -10 
-4 -71 60 -100 -32 -57 -20 -18 100 25 -84 43 -82 25 7 -44 -57 92 11 20 -38 -42 -100 -64 -24 16 58 35 10 -64 72 -77 -6 -56 -23 
-89 52 22 26 31 58 -75 -69 78 -6 66 -35 -100 -56 -5 -95 -65 60 -3 -92 -28 79 -60 7 -74 -52 -34 -44 31 54 -49 -20 2 46 57 
93 -28 72 20 61 61 -92 -71 100 -27 94 -39 49 -9 5 -44 -55 -14 11 -19 87 71 -13 -76 -98 -69 -67 -51 -84 91 74 -5 -80 74 77 
-38 74 -9 -99 60 98 -8 -78 6 17 -34 -85 -16 -33 41 -26 -30 -34 -76 60 -47 -46 59 -79 -90 95 99 -38 45 -54 54 -8 -93 -49 -6 
-86 88 -63 63 -36 65 79 81 -56 -22 23 -69 -84 12 -54 -91 98 -46 52 11 33 -2 7 -22 -32 58 55 -49 66 5 74 -20 -67 -27 -74 
-14 -53 -60 -43 -69 11 4 -53 21 15 -10 7 -69 -85 -3 89 29 -69 5 -36 15 43 33 -31 30 -21 -40 -96 -73 -95 -70 -89 -20 -72 -57 
13 -36 41 -53 34 -68 30 -92 -1 86 42 -32 10 58 -95 45 -94 19 73 -66 -83 23 -61 -88 -27 -37 -41 -94 -7 18 -57 30 18 -5 -16 
86 -70 -70 16 -8 13 -79 60 -60 -74 81 -76 -95 69 85 59 -37 -3 55 -68 81 6 20 96 97 -77 -77 49 -64 97 -42 90 42 44 56 
49 -6 93 -9 32 83 -32 24 -49 58 -65 -58 71 52 -46 -59 55 15 13 -12 -67 64 -53 -7 -65 15 13 -28 68 54 86 -7 50 -100 32 
67 98 -5 -43 -97 76 -18 40 -73 -5 65 19 -62 67 -66 -36 45 34 -65 -74 70 20 61 78 -33 1 28 -33 51 87 -58 -41 87 -97 -17 
8 31 -86 97 1 93 -53 67 97 4 19 1 27 -71 71 14 -33 -61 22 89 91 37 52 10 36 -29 -81 64 -43 65 45 -47 -42 -92 77 
-52 -35 86 38 -55 28 59 51 -7 87 41 80 14 71 83 -36 -94 60 -48 -95 93 16 97 -76 30 76 -63 3 -2 30 -51 -4 -87 76 -28 
-2 -42 95 -27 15 63 90 -60 -95 -93 -8 7 54 -10 56 43 68 30 -66 70 54 9 21 71 38 8 10 -84 -17 -41 -98 -27 14 33 -7 
-64 67 -62 60 -29 78 99 21 71 -54 43 96 55 -45 99 55 -3 -14 88 92 -100 27 -32 17 97 86 -38 -4 47 62 83 -35 10 89 64 
87 80 39 -93 -32 45 -20 21 5 -42 -25 -34 -1 -13 -45 5 47 -8 60 35 36 -99 -23 86 53 88 -46 -10 35 -81 -76 81 47 7 -5 
-14 -72 67 -99 38 -90 -59 8 -4 71 53 19 -74 62 28 -22 43 44 -63 -100 -80 63 -36 0 41 58 -33 47 -44 -62 -64 19 -16 49 30 
-95 74 23 59 72 -28 20 43 65 -14 72 -44 77 -56 -53 -91 -62 85 53 -18 -42 -64 23 -10 -58 -11 -2 -42 79 6 69 -34 70 -13 32 
-47 54 52 -40 36 42 -83 52 -66 -62 30 10 -1 90 25 72 -69 61 54 23 -8 20 72 -10 82 -30 -84 -31 -86 57 14 -51 -9 56 86 
-78 61 -8 -52 78 -75 -59 -17 -99 -27 -23 -55 -78 7 -68 -67 23 20 -57 31 20 -21 -81 33 95 -20 0 15 75 70 18 32 -30 83 2 
-9 -60 -71 -55 13 -24 -42 -99 -31 -66 -86 -20 -39 -50 -99 -65 -32 -32 -32 94 68 -73 -67 69 82 -58 39 8 -81 93 -85 -47 -56 -22 37 
0 -36 28 -94 36 41 30 -96 -73 84 -26 48 -45 33 9 -21 -20 -40 -54 99 61 -78 51 -10 -26 -89 11 46 -54 -10 57 53 87 -25 73 
76 -89 -41 30 -64 17 19 19 -94 53 93 -10 -44 24 9 -75 -75 25 9 -79 12 -68 72 67 40 -79 52 32 -52 -78 -57 -42 46 -55 -5 
-84 -29 -43 -9 -90 -29 -66 -7 51 -50 85 -62 77 -87 -85 13 36 69 -42 80 20 -42 55 47 5 -67 9 -4 -42 55 12 94 63 0 -60 
20 56 11 67 -46 -3 43 50 -31 78 -89 18 42 -38 37 12 97 33 2 96 51 -45 100 -14 -30 -22 66 -50 -39 -63 37 57 82 59 40 
-10 14 25 5 72 -76 92 16 -36 -29 -4 70 -83 24 -97 67 -64 60 21 1 83 -3 8 -92 -80 -9 -74 17 77 73 -38 -35 -35 -92 41 
-46 -48 -65 -21 49 -84 -74 -95 69 78 -18 -54 -67 -27 61 57 -65 76 46 -17 0 43 12 62 96 75 -56 -61 23 31 95 81 -23 11 -60 
97 89 -60 58 -71 -18 -4 12 24 66 -10 97 84 -29 87 64 -56 39 90 -9 41 1 -72 -7 -2 38 53 -89 37 -42 48 75 -62 -21 -3 
65 84 12 -69 -99 -92 -68 -56 -4 -23 -64 -2 93 1 -20 59 45 36 55 -89 -77 -12 30 20 -65 -33 33 84 56 63 79 -26 -84 73 -2 
