86 2 99 -85 11 84 100 67 78 63 -45 -19 52 -18 -82 -100 63 30 0 100 -20 29 19 63 -95 45 73 50 -82 60 -27 -26 -45 94 81 6 -8 17 17 7 -35 -10 100 89 2 18 22 60 61 51 38 -62 -73 32 -67 28 12 -62 58 -51 94 24 -99 1 -24 -9 40 -10 -98 -17 -5 85 42 -85 -76 100 -95 55 22 -49 -57 71 67 -3 -53 -69 39 -85 22 -73 -75 -74 77 95 -69 
81 43 -81 -63 -37 -55 32 -21 7 -30 -44 69 74 23 75 -14 26 -68 27 40 39 -4 -48 -20 -66 77 -5 32 -72 -5 -48 66 -76 27 39 -62 36 18 39 37 3 91 31 97 20 71 30 32 29 39 29 -100 -39 13 30 78 -92 83 -71 18 88 75 -10 41 -22 -41 -28 -84 -56 63 2 14 27 17 22 -88 92 20 -79 -1 -63 67 45 42 79 -16 -81 -2 29 -50 -95 -39 1 35 -11 
-57 -46 -69 59 1 -10 37 -37 19 10 91 -63 -6 -39 10 -8 50 -68 57 -67 -24 -87 0 22 64 -16 61 -78 -74 48 43 -11 -12 -12 17 -78 3 -90 78 -99 -64 -22 -62 29 -17 -62 35 -34 -51 10 -98 0 91 -46 71 11 -39 51 -21 18 25 -80 -87 -50 -22 -32 -37 71 -20 20 -46 98 -41 76 -19 -98 -43 14 -65 3 -16 23 -32 47 -38 -11 29 82 -25 -35 -97 -70 -69 34 -19 
-98 -84 96 11 45 -71 90 -97 75 -97 33 -5 46 52 47 -22 45 57 77 -84 90 -91 -11 -55 -47 -31 -4 8 -57 -3 44 65 53 56 66 76 20 -19 98 -48 15 91 -94 -74 -9 15 25 35 28 18 92 -1 -77 52 -78 -19 42 100 -91 -30 -26 -32 -88 40 11 -96 -23 6 41 60 -90 -17 45 22 68 58 93 -88 -77 45 -55 75 73 -51 11 11 -26 99 -75 -24 -76 96 -51 -84 15 
72 -19 -87 8 -85 14 -5 -59 -24 47 58 98 76 -56 69 33 32 -82 -9 50 -62 63 -91 -13 -34 99 98 19 26 -80 -35 43 54 -22 -79 -65 78 35 -94 45 2 -52 -10 -62 -7 64 -100 -60 0 10 -45 -29 40 -62 72 -35 -32 -93 -8 -25 97 18 72 16 90 0 -20 -94 53 -33 -15 -80 32 -80 30 -43 29 10 94 75 -7 65 -52 22 -99 43 -29 -2 57 -26 80 67 -85 98 -34 
75 3 -21 88 -43 -77 71 97 71 -90 74 82 54 -27 -27 -31 -97 22 33 -26 -10 78 -2 21 45 -90 -95 -61 -51 8 -83 92 -17 79 93 58 85 17 -88 89 -87 -62 -49 78 -60 -22 95 94 1 -41 10 43 -38 65 -49 68 -64 -13 -59 97 83 77 69 50 -29 -21 94 41 -81 -18 -14 -42 91 14 67 59 -37 33 -91 81 66 -42 32 69 -88 9 65 -19 96 77 84 -77 -44 73 31 
3 31 4 58 -67 47 -49 19 85 40 97 -96 59 -55 -48 73 -21 5 81 -32 -38 -25 -46 39 -3 22 -42 -87 45 4 -63 -23 73 -5 11 53 33 73 -85 -18 15 -37 -32 46 87 67 59 -98 63 -80 -1 -72 43 9 -85 18 -8 -62 51 3 -29 14 51 -42 53 -64 -57 -34 93 -93 -75 84 -83 100 -28 -79 67 73 77 -39 49 14 -33 66 -48 -53 -100 82 28 -90 -87 -5 80 85 -41 
-59 -85 -58 58 -92 67 -76 7 -29 -7 51 97 84 -82 22 -80 3 21 -9 6 -9 78 -14 -3 -90 -77 -74 53 -63 23 -29 0 68 36 -3 64 -71 -100 -57 -39 71 91 70 37 -98 -3 -53 -7 56 36 -11 -94 90 74 -47 60 -47 95 -3 69 -58 -58 26 -44 -79 -49 -92 15 6 -84 -8 18 25 96 30 -43 -8 -68 -73 -20 75 22 -54 8 -61 8 -16 71 -100 -82 -36 -94 37 -4 37 
-82 70 94 86 -94 -11 93 42 -24 -25 65 77 -27 -99 -82 -48 -1 -22 23 99 -66 -54 -2 59 -60 -83 21 36 9 -56 -96 7 -85 50 -87 -97 -21 30 44 -83 -94 42 34 57 37 86 98 11 5 -100 -70 -80 10 65 -86 51 34 42 -61 24 14 61 54 -75 4 49 -33 -69 -20 61 -69 81 31 95 74 -31 -5 -57 -90 -77 -59 -14 9 -11 -72 92 -14 98 -55 -25 -99 15 1 6 68 
-63 -65 -86 44 -65 -24 -47 -61 44 -86 26 -28 -95 -52 40 31 33 -52 47 66 97 10 56 71 -33 37 47 84 -64 -55 -27 89 -92 -29 -91 18 5 -24 89 -29 52 -56 12 -46 6 80 39 67 -91 75 -49 0 -19 -45 64 -82 57 30 76 -63 7 -40 51 29 -77 -21 -39 84 -49 -94 51 17 100 -90 27 40 9 -60 -77 -9 1 -63 95 -85 -93 35 49 11 -12 17 48 49 -12 96 -1 
-27 40 -68 84 -89 71 -9 -26 89 -39 74 -56 83 -89 4 25 53 -2 39 -60 -51 -79 35 32 39 -75 66 -57 -49 16 86 39 -39 -68 -16 62 44 96 96 -72 -25 -43 97 -57 48 73 23 91 -41 50 -19 -15 -33 -6 82 -74 -96 -1 -50 34 -18 -67 45 -2 66 -21 44 52 8 -1 -40 -98 -27 -15 -1 51 77 38 59 61 -66 42 89 -35 -74 99 -31 10 -87 1 -26 -83 -4 -48 9 
-18 1 91 -63 39 -75 -17 62 -85 -77 -61 -68 -61 -23 -58 -43 -17 -95 -24 -72 69 100 -25 -24 39 -7 -18 65 92 16 -31 -63 88 32 91 61 -28 -25 -61 56 -57 85 -60 -71 -94 -36 94 -90 88 -87 -90 -9 46 81 22 -23 -20 50 20 16 48 42 -43 -1 -7 -46 77 67 51 -88 -26 47 62 13 2 18 70 -30 36 -49 -2 51 -51 -43 76 -67 -66 44 85 47 -5 5 -37 -8 -33 
74 47 83 -54 -45 -67 99 -87 -3 -43 -30 -84 -86 -17 5 32 87 4 77 -1 90 -70 84 14 47 30 81 35 97 11 65 -52 38 -70 9 -63 36 -99 70 24 5 56 41 -83 84 73 41 91 -78 -33 -47 20 55 -4 -50 -80 -9 -98 -77 64 -71 14 -76 -71 63 -81 16 46 100 -46 -26 -41 -75 18 39 -31 71 99 -14 4 15 -55 -39 -4 70 85 71 10 1 51 11 71 86 31 -96 
-77 -100 65 -86 58 12 -4 5 34 -90 -47 -95 -72 -46 -24 47 -76 -26 95 45 0 -72 69 19 52 99 78 -51 36 0 65 44 -8 83 -19 -70 97 -88 59 -57 1 -11 96 -92 -18 24 -21 -31 -30 -67 -11 -25 -77 0 39 -94 80 71 2 20 -22 -56 22 -18 81 -98 1 73 1 89 -27 98 78 21 62 -17 -89 -80 7 -80 -49 31 18 -3 5 17 91 -10 -11 82 10 1 100 -100 -65 
93 -93 13 -73 45 -43 -42 -40 -95 -82 38 -47 -90 31 9 -75 7 83 4 -43 -10 -74 75 96 -98 51 -17 80 36 62 -82 87 -73 -57 61 -82 -60 -89 -29 -59 -16 29 -43 -100 -89 -97 13 24 -82 69 -11 67 -22 -47 73 -68 97 -25 -93 92 -83 -42 4 100 -11 74 -74 -88 31 45 -78 3 -63 -13 87 -46 54 -78 -18 1 22 69 97 -53 -64 40 -26 11 56 52 66 11 19 -37 96 
76 -24 9 -38 76 93 20 -17 -68 -39 54 98 -42 40 38 61 -93 -24 -52 78 47 47 -66 99 15 -27 -71 -21 -44 53 29 -35 -46 -51 36 -67 60 -36 99 -8 70 -82 -19 -10 -17 6 -17 3 -74 95 89 -71 -91 -84 2 -11 23 45 69 60 -4 -46 -40 19 67 -79 -49 99 67 5 -26 -77 64 -3 -30 28 -23 -60 -100 -13 -41 -19 1 -18 30 84 36 -94 56 -19 -97 -71 28 10 91 
-87 55 74 100 -46 30 80 -31 -52 -94 87 -20 71 -16 85 -80 -82 42 64 -55 28 100 83 45 -48 3 39 -94 91 77 10 -73 -79 50 -65 -14 14 -99 91 -30 93 -33 56 19 -88 -14 80 -12 89 -76 -96 95 -66 8 -44 81 75 22 5 63 27 43 80 55 -83 -48 -1 100 -54 -46 -6 54 23 3 -67 -48 -73 -50 63 -7 69 79 -54 64 -7 38 -79 87 89 18 21 -83 -38 55 -94 
-94 62 -72 -4 -96 11 -6 55 -92 -67 -76 90 -60 -30 8 5 -10 64 66 -1 34 -91 9 -17 86 -12 98 -1 12 -1 29 -15 -57 -94 -96 57 -58 -9 -22 -58 6 -33 -64 31 -63 -15 -64 -12 -61 49 40 60 31 76 -71 53 -57 73 -48 74 -53 9 83 3 -2 39 -19 82 64 76 -91 -90 -47 28 74 -64 -27 -84 -78 -9 72 -39 53 -41 -91 -13 28 -85 72 -33 14 -91 48 -40 49 
-47 81 9 44 -3 -98 -3 -31 22 55 -65 80 -90 -3 -75 -21 -95 79 -65 50 63 95 81 -96 -54 50 0 94 29 -65 -100 59 38 53 99 88 25 -57 -42 34 54 4 -38 -31 -68 6 68 -55 56 29 36 -82 86 -41 30 -87 32 44 30 91 -98 17 63 6 39 50 -99 55 29 -19 -83 84 2 -67 76 27 -91 30 68 -18 -94 -89 -71 67 9 -17 -90 -40 93 -9 -75 -16 -30 -72 31 
95 -10 36 -79 -84 83 -38 70 -58 59 -61 1 10 -60 -98 9 -37 27 1 19 -27 -26 -17 -35 29 -54 82 53 93 -97 -61 94 63 12 -47 17 26 65 84 -74 -96 97 25 41 69 -25 -4 -30 57 31 98 4 -1 -37 77 44 27 -9 4 7 -25 -37 -85 94 -14 97 50 13 -79 -34 -91 44 -4 26 10 -26 -21 -15 -70 -26 -56 34 -53 -96 83 12 -23 91 -88 -30 -9 -48 94 0 93 
-42 -33 60 2 71 -54 36 55 7 30 51 -36 3 -58 86 5 87 90 -17 -70 70 -57 22 -98 9 35 2 -69 65 -41 -62 -38 -7 48 38 70 8 -89 83 -16 -46 85 -47 -96 -21 -5 -43 4 -69 95 -98 84 -60 10 33 84 78 -41 50 71 23 8 63 -41 100 54 -98 -3 95 84 -86 -23 -93 -67 81 63 36 -11 83 16 -6 -45 12 -63 3 78 60 82 -18 -97 56 96 58 -51 -64 
69 -99 -82 -22 -60 -13 18 40 6 -100 45 -95 74 92 -24 -27 -59 -3 43 66 -12 91 -33 39 -54 -94 12 -92 90 -5 87 -81 85 52 -9 18 43 39 -42 -1 84 55 84 89 -18 -88 21 65 -49 -79 -47 56 86 34 77 30 97 40 38 -19 -17 -37 80 -31 -16 40 -84 81 89 58 37 -35 -23 -45 85 66 -32 -56 14 -49 -62 -58 -26 -11 59 3 33 -64 -69 -7 -35 1 -76 -7 14 
47 4 -58 4 -71 7 30 91 67 30 30 25 86 -15 -44 -40 43 73 6 -42 -11 52 -1 30 -23 -83 -23 89 90 -60 26 -33 96 -64 63 -83 20 -4 47 -23 -13 -35 20 -79 28 -66 -93 -31 2 -57 -70 -64 -46 -3 94 -74 29 10 45 32 -67 69 -29 82 -72 -28 16 54 61 4 -53 57 -68 33 -39 -76 68 -66 65 -23 -88 -35 96 72 1 6 -45 -75 67 92 -58 -74 26 33 -81 
85 99 70 10 -9 20 -68 -42 -76 -75 -54 1 85 19 -17 100 -85 78 -94 -98 -47 10 -61 90 55 77 -95 22 73 -7 -59 2 -34 15 14 -88 80 -53 -65 -43 -93 73 65 28 -26 75 -85 -12 6 37 42 27 95 -87 -98 -96 -3 72 -4 25 22 -18 67 65 98 -57 -47 -28 49 46 -45 33 15 -1 59 -61 -76 -74 7 90 -90 83 -69 -14 -98 80 13 42 10 19 51 -41 -16 -57 18 
29 -82 -92 33 16 -93 12 -5 -39 -50 -86 -28 70 -83 87 -33 -27 58 34 7 -42 66 -17 95 38 39 -21 -1 64 -48 -80 74 69 59 29 45 14 8 -35 -27 86 -26 -58 22 57 45 84 25 79 -33 -96 51 9 7 -14 48 94 38 -45 60 -95 9 32 71 -69 74 -50 34 -91 12 7 33 -90 89 82 43 69 -76 -44 -79 23 7 -60 78 -81 -46 98 46 -67 69 51 -57 -84 -99 -38 
-96 18 76 14 68 -34 12 -86 -86 46 14 85 16 -31 -66 -72 76 89 96 -3 4 79 -18 -11 -46 -89 65 -8 -91 -30 -4 3 -79 56 -34 -25 -93 -6 -96 12 -60 76 -14 -41 96 -9 43 -15 65 12 -63 31 25 71 -34 48 -29 -30 -31 -97 79 -63 -58 37 -60 -61 27 1 54 -27 73 -67 -85 -39 -100 -4 22 -47 -78 -33 33 5 55 35 -19 76 8 81 8 -16 -10 53 88 90 84 
34 -94 5 57 -73 -21 -78 70 -99 86 85 79 -85 -72 -67 -1 -23 -97 69 49 -56 24 -76 -28 -45 -76 9 -18 96 67 24 -36 -58 -83 -76 6 -15 -3 -42 -86 61 16 16 -26 -11 -17 -69 90 -49 -71 -53 -87 74 -71 -94 1 -3 8 -24 -62 96 50 -3 -62 29 2 -10 28 -59 66 -6 -24 -82 -29 -79 8 -63 -20 43 22 93 -6 -28 -75 33 -87 -66 34 -85 -90 -73 -34 -16 100 -30 
-76 -25 4 60 12 12 -31 48 39 -60 -77 9 -11 -60 66 71 -55 68 -55 -8 -18 26 78 69 6 94 32 -96 -28 1 88 14 61 -79 -80 100 -62 32 99 14 -60 63 -47 -10 -34 -16 5 45 23 -79 88 4 -77 -31 77 -61 4 52 -96 -76 -26 -69 -30 84 9 13 2 79 66 -47 48 63 -2 44 86 -100 14 68 42 38 65 96 54 -41 49 2 60 -17 49 28 21 66 -23 14 -82 
-56 -99 96 56 -26 -11 98 13 -44 59 -4 -85 -19 -49 -56 5 -70 93 -81 86 -77 -87 -37 77 -73 -65 -70 -70 34 -70 43 13 21 -99 65 -44 68 -19 89 60 -31 -68 -100 21 -38 94 -76 37 24 92 64 -10 -87 80 -42 -35 -14 51 -41 11 37 -5 -97 -26 94 -60 -35 6 2 -97 37 -61 3 52 2 15 15 -14 11 86 -91 3 52 -41 90 -63 -56 5 6 100 -56 64 -51 35 -4 
-90 25 75 37 -80 40 3 -46 -21 90 18 43 25 99 75 3 -27 -74 -3 -11 68 75 -15 -41 94 -23 6 -91 -62 79 -19 36 -87 -67 75 -81 45 68 72 -24 -85 88 19 16 33 36 -51 -80 -40 28 -15 -45 -22 -83 -20 -42 47 -13 -27 -48 30 -33 -84 -49 5 -13 30 -46 -1 -83 -99 -46 -49 -20 -20 -33 -77 74 41 56 100 -56 13 60 -76 -3 97 57 -29 -6 -78 39 2 8 -79 
54 -8 50 80 81 -85 -81 -51 -36 60 50 -97 -89 97 -23 -29 -2 -70 94 -98 -92 -94 23 -97 22 6 89 -17 -68 -17 -15 -92 10 -78 7 -84 -52 90 -18 90 -69 -86 -82 -32 -50 100 -43 18 -76 65 41 -89 90 65 57 4 -26 39 -15 71 -75 42 84 57 28 45 33 69 66 83 0 -67 72 56 57 -20 2 6 31 86 -77 -34 -86 1 65 -43 -1 40 -59 -7 41 13 3 82 20 
32 48 19 34 97 9 40 -16 39 -48 43 -43 -62 83 -22 23 30 -19 13 11 -86 -66 -25 96 9 11 -61 -44 55 -82 -29 -4 23 -93 33 96 25 -76 49 -16 -17 -89 -4 35 -11 55 -77 -63 -99 -49 -91 -94 -84 2 59 -4 -50 -2 -75 61 -24 -2 -14 78 44 50 -25 100 85 44 -27 13 -27 -44 56 -16 6 67 76 -74 31 -15 36 67 -51 -30 -51 94 38 3 -20 71 84 51 88 
-18 10 52 52 -57 -7 82 -73 83 21 -37 99 -85 51 -82 -19 32 -63 -52 -66 4 -10 80 -59 64 97 -61 40 -11 53 63 -33 53 -8 63 67 -69 44 -94 71 -69 -39 -37 22 51 61 70 -44 74 -14 -51 42 -16 81 -18 24 86 -80 48 48 -81 -86 54 27 -60 -77 -48 49 -85 33 41 -59 61 29 -80 22 94 26 -87 -3 6 59 46 17 88 -96 -40 24 -41 -80 36 20 85 79 56 
-26 -80 -5 64 88 66 97 82 68 74 -20 100 50 -91 33 99 -39 72 77 -77 40 61 43 -80 80 -46 -77 96 42 48 -46 55 -52 -85 10 87 13 -19 -15 -46 67 13 72 -64 7 42 1 26 4 31 89 97 -21 -23 24 46 75 64 44 54 80 -61 -41 66 -81 7 68 33 92 83 -3 84 -36 -94 -62 -21 -28 67 -64 80 88 -21 60 33 -25 39 47 13 -50 78 -90 98 -31 97 25 
14 15 -4 56 -24 -86 52 2 -47 -44 -43 -25 -54 18 -1 -21 -17 92 -55 26 -49 33 34 57 -79 27 -31 -78 -68 20 -53 40 -6 70 64 -24 47 95 -55 18 -27 -5 -52 64 53 -98 -59 67 -47 -56 -23 96 -62 -11 -63 -59 43 -98 95 -51 19 1 -40 40 44 1 71 32 -49 -85 -42 -15 -57 -90 -14 65 46 -44 13 88 -31 11 54 -77 46 91 71 -27 69 -38 66 18 -17 -14 91 
89 -57 59 -42 91 28 -15 -91 44 -23 -38 -43 -54 -31 98 46 -41 -15 -96 46 -70 -100 87 -52 85 43 -32 27 41 -84 -12 97 -54 77 -48 97 14 91 -9 -16 -55 -89 22 32 27 30 -18 97 -9 -80 -8 -64 -62 48 92 36 -67 84 -48 -46 -19 93 46 40 91 74 52 24 -39 -41 -92 -11 -15 31 37 25 -43 -4 89 75 69 -17 -16 -43 55 -90 62 48 -60 -6 -54 -82 -41 -26 -50 
14 72 -45 -35 -62 -40 -84 63 -32 13 -11 78 49 20 -54 46 -53 30 74 -31 74 80 22 -63 52 -13 62 -87 -40 47 93 -73 12 -88 20 34 28 -99 -86 -1 -63 -98 -76 -38 -13 65 -46 25 2 -46 -21 76 -16 6 -15 49 -35 -79 -7 15 -64 2 57 -89 -42 48 27 71 -93 51 1 -7 15 -30 -12 -80 50 -41 -85 42 83 -96 -17 30 81 37 -50 -59 -88 -72 -55 -71 21 92 45 
-31 94 -84 -30 -51 -9 86 -55 -14 -61 -64 -85 78 -2 77 69 72 -54 26 -21 -54 -89 -47 69 -33 67 -93 -69 -44 33 6 71 -35 17 80 56 -8 -77 -57 88 96 18 -58 45 -67 11 -96 -95 14 82 -11 -56 63 10 -48 20 89 -45 -34 83 -73 -79 -46 82 -16 28 99 -91 62 88 55 83 -42 70 9 -96 56 -89 -67 74 -21 -1 -41 -35 0 22 27 -45 -51 4 -31 83 93 -31 -31 
39 87 36 -62 98 -99 85 -67 -76 -49 0 1 -27 26 40 -32 -26 77 -8 43 32 27 58 -80 -76 62 -14 5 -49 74 -42 -30 -34 -70 10 -68 73 76 86 96 55 -61 -38 -66 -27 -6 -68 22 41 -37 -40 69 -80 -4 85 23 -86 -88 -80 58 60 38 -44 -52 93 68 -49 -82 33 4 -51 41 -89 100 60 -69 -15 36 0 -70 -75 -98 54 -6 56 -18 93 -8 -28 -74 -32 -9 40 32 57 
13 9 58 51 -17 11 14 -30 17 61 -22 -68 87 34 -76 -82 -1 -41 -60 -11 45 -42 -8 61 -86 -64 -95 -75 -48 77 -95 2 -50 -82 -39 78 -58 -32 19 -16 -59 -91 76 84 61 -31 46 -45 -80 21 71 -73 84 -80 80 88 44 -39 -73 25 -81 45 -73 -100 -46 -99 50 97 68 -25 20 65 4 64 -99 -17 -8 -59 38 -86 -73 85 39 72 -47 68 -66 73 -22 -12 -37 -25 -72 27 91 
27 -94 73 -12 65 -3 95 -65 -32 79 59 -76 -77 98 -12 -86 -79 59 -86 -78 -61 -34 53 17 -81 -40 -32 -94 -93 0 81 -22 26 38 59 -10 -35 50 53 57 -26 72 -10 28 48 -27 -83 -82 -76 21 -49 -93 -9 98 75 24 -18 77 -71 -25 20 -69 -73 -51 88 -9 58 2 63 71 -39 -25 70 22 -87 19 79 42 85 10 31 -42 89 38 -8 -66 -58 2 33 -77 94 20 20 -4 -49 
-8 -70 6 -72 91 -54 -19 -75 86 -67 -10 -4 -58 69 7 88 34 16 -88 -9 2 23 39 -93 37 -18 -33 43 -39 65 63 -34 3 -88 14 9 -21 -100 55 11 19 -30 100 37 -56 52 44 -56 -81 -36 -2 60 -35 30 -54 91 -11 -39 77 -73 78 -42 63 -13 -29 -60 0 -40 76 -92 -43 -64 42 76 18 92 -59 -30 1 -16 54 81 19 -77 -32 -23 91 -18 -89 -45 56 -20 22 -12 -67 
75 -51 58 -78 -3 -47 -70 8 -70 43 -32 89 -88 43 -48 -62 -68 -93 -11 -54 95 -25 25 -84 -73 12 12 -14 -30 -58 68 7 -65 -74 41 13 -64 81 -27 46 68 -18 52 -1 38 -21 -93 27 55 13 -1 36 -56 -50 -78 -41 98 -5 87 26 -37 -66 27 77 -55 -64 -86 -85 -11 -18 -22 -66 60 75 -16 -36 -89 75 31 34 38 51 12 -41 -11 67 20 23 -65 -53 70 -75 -81 -60 53 
-43 -76 -35 74 66 16 -29 -98 63 35 43 -19 -26 90 86 20 -31 -60 100 -15 79 -2 56 2 14 -8 -95 -53 -71 54 30 24 24 36 -100 36 67 25 7 66 27 66 1 81 -79 29 -68 57 68 25 76 -52 -21 -89 -62 34 -71 38 23 52 20 -28 -14 -94 -5 37 -21 -11 38 -59 -35 -57 74 40 -92 -9 -53 -33 -8 47 -16 -90 1 24 -3 39 85 -71 55 14 5 36 80 -66 -35 
-16 93 59 -33 77 -30 57 -9 81 -37 -23 1 45 51 29 84 74 -79 -95 -42 -4 -44 -48 75 -64 -92 -46 54 38 -99 83 66 2 -1 -15 52 20 -92 61 18 91 100 -63 47 40 28 30 22 14 -27 -88 -87 -12 -1 -78 70 37 -99 -46 83 81 70 100 70 -1 89 -95 -92 -10 86 48 -39 30 77 -68 28 87 -24 51 58 11 -49 17 -7 82 78 -7 -56 -75 41 -91 80 51 79 -63 
-9 46 54 21 79 -92 -27 56 -21 -41 40 17 -52 -59 21 -34 -61 -79 70 -63 63 56 86 0 79 -62 96 95 -46 62 -8 -36 0 -22 65 -77 75 95 -96 -15 -35 -17 -23 44 -36 45 -89 -66 -91 -45 26 -81 19 59 -44 -67 -42 24 65 -86 -27 -43 67 44 -45 37 17 -68 -4 -47 55 40 100 18 56 -7 -9 1 90 48 19 -49 33 91 -64 99 48 -68 -66 6 55 8 77 -12 83 
-74 -93 96 55 51 25 46 -19 59 39 -5 -52 -84 -15 -44 -75 50 38 90 -13 52 -87 76 -8 86 -57 -62 51 -48 1 -19 -67 -74 -88 51 -49 24 26 -38 -58 63 60 41 13 9 -97 -29 -73 45 70 88 -91 83 -15 -24 33 -43 -11 -42 -93 -65 14 -11 -33 -46 69 -100 -47 76 -19 24 15 95 -8 87 -4 38 -15 43 -31 -6 -30 92 59 95 -63 56 82 74 26 -75 79 80 61 -27 
-49 41 9 -71 -76 -4 29 29 -15 -72 -43 -36 -53 57 -97 16 -9 -3 -27 -7 11 -23 27 -55 10 -72 -83 13 70 -33 79 23 73 -79 -76 87 -78 0 38 -62 54 -89 98 -72 11 -77 -38 4 -33 2 -93 -54 81 -93 8 36 5 -96 -19 -22 -21 92 -34 -49 70 47 35 -73 9 -55 -72 55 0 82 -43 -40 -73 3 -12 -65 49 61 38 -43 92 3 -29 36 -35 12 20 -3 -48 87 25 
40 -46 -83 -58 -72 52 -84 -62 35 -38 -75 54 -98 53 78 78 -26 -79 -37 33 -27 -2 -79 25 -31 13 -58 -62 -83 41 48 -97 -54 -52 -7 -64 -67 6 21 -16 0 40 98 -44 -25 -3 35 -7 56 -60 8 -87 -2 51 -71 52 32 42 45 90 78 -84 -22 15 17 33 66 27 -28 37 -1 -39 77 45 37 -2 68 33 70 -40 -54 -24 60 -20 -94 67 -7 5 -56 -17 -46 -90 -50 -69 -37 
-98 64 -5 -30 35 -3 26 97 -7 -63 -18 94 -97 -78 14 -89 -36 -19 -56 -9 67 31 43 4 75 -32 6 -92 -11 46 2 -54 -12 44 95 -49 54 -97 -35 -95 21 74 -67 7 42 36 71 -85 -9 5 -57 -41 -28 -50 -32 -26 45 10 -62 -92 72 91 74 -94 -41 -43 -74 -31 70 -84 -15 -43 -11 70 -84 91 -54 -51 -88 32 86 -92 -80 70 -28 -48 46 54 76 -57 -81 -36 43 70 12 
-99 46 -64 -47 -87 -39 60 -32 95 26 45 -6 -34 14 -86 8 81 36 -84 -100 23 -39 -59 41 42 -74 -81 -25 -5 9 -60 -63 -85 -68 16 -14 56 -6 91 8 43 65 -86 61 -44 73 51 -26 -85 -19 6 49 -100 -87 28 -48 95 43 92 -75 53 -59 59 14 -45 54 -55 -74 -96 56 70 36 -95 -90 -82 36 -75 69 64 37 87 99 43 -14 -21 40 -35 -84 94 51 -19 8 -96 31 34 
51 22 44 65 23 59 85 89 4 -40 -48 99 75 -62 79 -84 -92 -58 14 -53 44 41 99 -45 -85 8 51 -89 95 -2 4 38 -100 -79 99 -59 22 5 -71 97 89 -60 15 15 91 -100 0 10 86 36 -14 -38 70 -46 -39 6 -69 -95 77 -76 69 -33 -61 98 -36 -6 1 -32 91 67 -83 -27 -59 -98 -37 59 96 -72 -5 -83 -96 -89 66 -83 75 -39 -66 -28 56 -74 -95 -30 -59 -65 10 
-62 -39 44 12 -92 87 -98 -60 -100 69 80 -12 86 -100 -99 82 -76 29 100 34 45 29 72 -77 -17 87 -56 23 31 32 -94 66 -84 -17 -16 20 -35 -53 43 55 -9 -50 34 -100 16 -16 -19 -80 74 -14 -50 60 78 0 -25 -32 100 -13 -13 -97 62 -59 96 -58 97 76 28 -43 45 -27 39 -98 5 93 -65 54 55 -79 31 2 -32 94 -37 92 10 -60 -94 63 -78 30 -97 85 -28 -63 -42 
-83 -31 7 96 74 45 -69 -55 -58 79 73 -12 -77 -42 82 91 -74 -25 -69 5 -38 40 -85 -75 93 -27 2 -61 -42 -26 -27 -49 -65 -32 -95 79 -72 33 -40 -88 98 37 10 38 25 41 -15 -50 -71 95 95 -13 81 23 84 9 -85 25 47 -2 11 -36 35 47 -65 22 -11 57 40 -49 36 -35 -78 24 -15 76 -74 77 31 -60 66 -33 60 -79 38 -94 -38 92 -97 -94 -33 -76 -74 -21 -38 
-75 -56 -95 -89 -30 5 -83 43 -55 85 -36 -68 21 -49 79 28 -44 -76 13 18 33 51 -27 53 87 33 -42 -36 -34 42 -16 -58 -74 22 -67 53 -90 -78 -8 57 28 6 95 -68 -45 36 83 56 59 -46 47 -74 -42 69 22 -53 47 32 -92 87 -91 -40 -21 94 19 -25 95 25 -96 85 0 32 -35 -15 -34 -28 -72 -37 -94 -75 13 -25 24 27 47 -87 -48 -8 1 23 3 -33 -59 -82 -3 
-42 87 -30 29 22 17 29 15 -52 -49 62 80 -84 21 -35 67 -87 38 1 -76 82 -52 40 -62 84 -8 83 9 -29 -13 -35 -36 36 88 20 -45 86 52 -42 96 67 1 75 43 -11 -73 -63 -84 -99 -42 -9 5 -24 7 -76 5 29 79 88 65 79 30 -10 -51 91 67 -37 80 -86 67 -87 -60 -9 -80 60 93 11 -5 33 -12 95 14 17 -3 -9 83 79 -57 -71 94 -17 58 -23 92 68 
85 28 -1 19 -42 91 91 -82 -7 90 -70 -63 8 -40 87 17 -33 35 66 -41 70 40 37 88 32 81 24 36 51 -3 -92 -53 69 5 37 -65 -3 48 -45 30 -89 75 -23 -10 82 77 -8 -7 -88 -1 -85 21 -14 -30 48 20 -56 -47 85 55 79 -50 -32 7 -12 -78 -14 -83 47 7 -80 11 42 -15 -46 34 30 49 68 -99 10 91 -81 14 81 98 80 -31 12 23 -86 -97 -46 57 81 
10 82 -24 37 93 42 -43 25 -50 57 38 -36 -70 -88 42 83 30 74 -84 67 -82 -22 -69 37 -83 -25 -97 29 31 -64 88 -84 73 -86 -45 72 54 31 96 -23 -87 44 26 28 -18 44 -51 -72 -1 28 -43 -49 -85 -21 -6 -73 -76 38 -37 -65 -64 7 -62 -11 -69 44 52 81 -1 96 -27 17 -10 -88 82 -58 86 -42 1 89 -87 90 -28 -93 -11 92 88 -94 -15 -91 -6 -49 56 -82 13 
-65 -28 -96 -90 52 92 29 45 -80 19 52 92 46 50 -80 83 85 -67 -20 -52 43 51 -21 46 -74 32 -43 31 -55 86 -62 -99 -47 -88 78 90 -28 71 -64 71 80 -43 -43 81 60 -65 -4 68 -81 -35 93 85 -73 88 -51 -18 -31 85 87 0 -76 -72 77 -43 88 96 -24 64 -3 29 94 77 72 -66 98 88 55 -43 -97 -38 45 -28 24 -31 -12 84 69 -74 87 -48 -15 86 44 68 0 
-26 -39 81 -24 93 36 -59 91 69 -99 -51 15 69 -60 -3 82 -49 -13 95 -22 38 -42 -94 11 -87 74 -64 1 69 71 -28 35 -41 74 3 55 24 -42 -88 -74 1 82 93 61 -13 71 47 49 20 -57 -90 -20 -13 72 -24 -71 100 -1 84 72 -70 58 82 -95 -42 75 -73 -28 -83 -43 78 -14 1 -55 24 61 -68 -66 -1 -83 78 28 37 56 -41 30 -2 73 37 16 -10 53 88 31 60 
8 -75 20 71 -79 -51 93 -84 -27 -55 41 71 70 -22 -45 66 -6 -57 50 76 -22 80 -49 -78 63 76 32 -54 86 -64 34 -6 78 -55 -52 16 -89 -59 36 -79 -76 -54 54 -72 -50 16 78 -37 100 45 85 -39 -27 22 -58 20 -74 72 -43 54 15 76 36 3 -20 -48 -20 50 75 -82 47 85 25 -12 -31 -17 1 79 11 54 19 -22 30 87 2 27 63 -61 -17 25 -82 14 60 41 49 
39 -41 46 -91 -59 100 -59 52 31 -40 72 -92 40 51 -59 -85 -38 -34 75 -97 41 -6 97 -2 27 -16 -79 47 44 61 -77 -49 -44 99 10 -6 89 100 -32 53 -71 -76 62 -43 73 1 60 -13 -48 37 88 75 27 -44 34 33 -74 21 56 -25 -82 50 93 -19 -82 -9 78 54 -89 100 -63 -7 43 51 -63 62 -28 -58 -12 -8 -79 -34 31 94 31 -58 75 41 92 65 10 -80 -13 -55 -44 
-23 -74 -21 -56 -35 -87 -45 88 -58 56 54 -42 -24 25 62 85 47 17 37 -15 -57 -17 -11 -50 -96 -17 -59 -95 21 -36 56 23 -57 -21 -55 -23 53 -14 -100 94 1 96 -45 16 -79 88 -71 -10 97 1 -67 -93 -100 65 62 51 -81 -77 87 73 54 -4 70 5 11 -43 27 -18 -55 -69 20 -64 -34 -68 11 -40 -3 -10 69 -94 -4 -96 46 -85 13 99 79 14 23 -61 -78 -12 -85 -97 53 
-79 27 43 -22 -93 -84 81 98 -8 -31 64 -85 -31 3 84 -38 -63 -23 -24 78 16 37 -95 82 -82 -48 -90 83 23 -73 47 -67 -59 80 62 -37 7 39 83 0 10 -72 87 20 -75 -79 20 48 -18 80 12 -4 -90 95 28 -62 52 88 4 -54 -84 6 73 -62 28 14 55 90 -58 30 30 -21 56 14 -48 77 48 47 -73 -23 47 -37 -11 90 -53 -67 -29 49 -23 63 70 -26 64 -43 -74 
-81 74 -75 -73 -78 -57 -40 16 56 -16 88 57 89 83 -19 14 91 50 83 79 -86 100 13 68 75 -60 -33 17 -97 -27 37 -1 38 86 95 -64 -52 -94 -4 -82 -68 -6 49 63 91 -10 -13 -84 41 48 1 -91 2 90 44 8 74 -97 20 -44 49 31 -64 -10 -72 58 -93 33 -45 4 13 22 81 -95 -38 -41 -12 -53 -9 -18 -19 -38 54 -39 10 88 98 -8 64 38 75 -30 59 -97 -23 
8 -71 3 54 -36 78 -21 40 17 -91 -41 -69 -92 -29 44 -100 41 64 -82 -43 -90 -78 -90 72 -59 -15 -66 50 95 20 -69 -10 31 85 -85 -29 -29 97 52 -76 29 4 -43 -42 16 -10 45 74 -86 88 39 77 6 -5 -8 31 -51 -59 -29 -49 -60 -68 18 1 56 -78 40 -86 45 8 -89 -72 -13 -96 11 60 -47 -91 46 1 14 -28 -53 76 -1 -35 53 -2 25 48 -91 1 -37 -25 57 
-5 -37 -53 25 -81 -62 -51 -80 45 -37 -3 32 0 46 -84 97 89 22 -83 79 -76 -3 94 45 -31 30 -1 35 72 -69 40 6 -9 63 -93 -62 -4 -32 -13 -45 50 -100 -4 94 95 11 62 65 5 66 47 -100 53 24 -35 -10 -17 63 98 32 27 94 59 53 -47 64 37 62 8 91 -76 2 64 19 45 17 -72 -31 56 20 28 -72 87 -65 -97 -92 -15 2 67 35 2 59 -42 83 98 
65 46 -83 11 -64 39 60 54 51 10 -41 100 -15 37 -51 -58 -93 58 -4 22 -99 -74 -72 -19 -55 -75 -9 -66 91 -67 36 0 -100 -62 -64 -72 11 -57 6 97 90 -20 95 -67 -9 13 -79 -14 -59 26 88 98 2 -21 -76 95 27 70 19 10 83 -1 -63 -62 -62 -97 -61 16 -77 83 4 26 -11 -61 -59 -69 -2 -32 -83 -20 87 -76 -11 41 29 -79 -72 32 78 -69 -33 25 -63 -68 -67 
17 -82 1 -27 -51 90 100 -92 -74 96 95 -14 -55 41 -27 -67 17 -85 28 1 -18 67 -45 15 -44 -80 -85 -65 -85 -54 -53 -28 40 -83 -22 57 -2 26 68 78 -2 69 5 2 42 -6 -98 26 -11 99 38 99 -62 -33 65 1 35 -80 -1 -69 26 -63 -39 61 22 -84 33 -54 -6 30 -6 14 -15 67 2 -3 -32 28 62 24 38 -81 72 -94 -43 -32 -40 -65 30 76 2 50 98 91 -40 
-3 -31 61 8 92 67 -5 -64 -54 56 82 -1 40 52 -80 58 100 99 23 67 33 -32 -18 -43 -72 52 94 -32 -31 16 73 -83 74 -1 -33 -53 95 -46 77 -72 26 -46 -77 14 -86 -81 -23 -85 -50 -19 -56 -14 23 -9 29 -37 23 41 -56 -38 -34 31 -28 -79 56 -17 -85 18 16 -22 58 14 -82 2 -99 -21 21 7 46 -71 85 -99 -30 38 64 8 46 9 -40 -84 -30 27 -1 84 -83 
51 73 -17 -59 21 86 -97 97 42 -97 -24 -94 -77 -14 80 80 12 77 -49 -85 -56 -34 -15 -66 -19 -77 -83 57 7 63 11 -10 61 -52 50 -89 -60 -90 -98 38 -19 23 -64 -11 75 -24 46 68 -67 69 -89 -95 -73 -7 17 -66 43 -59 99 -90 33 59 -57 18 -81 29 67 3 -1 36 54 -99 24 38 74 38 -52 -79 88 -4 -4 49 61 -42 89 19 -36 -62 17 14 -89 62 -75 40 -55 
22 -54 12 20 12 51 -54 6 -19 -73 -15 62 -43 -95 -5 25 81 12 -81 -73 -74 -88 30 -38 -68 52 -5 55 -44 -50 -34 45 -64 -38 70 1 -32 15 39 66 -71 -9 91 83 43 -68 50 4 36 -90 92 81 40 -91 14 32 75 98 100 58 -20 3 -13 50 32 32 66 80 29 -83 18 51 44 -41 -71 97 -48 -89 51 13 -46 -54 80 21 7 -67 -66 3 3 74 -80 24 84 -7 36 
-89 64 78 -70 -75 27 12 -83 77 -7 78 49 43 33 100 39 30 89 -5 8 -93 69 92 89 90 82 -17 17 67 68 1 -99 15 28 -26 17 93 -50 -88 -52 100 -51 -85 -18 41 41 -51 -81 42 -23 -11 78 -19 -47 -77 19 -12 -81 81 -91 -53 -69 89 -40 80 85 71 71 -51 -75 -54 73 -8 -6 38 -67 57 10 40 36 95 28 -1 44 36 -99 -27 39 -85 38 82 -48 -85 36 41 
32 28 93 1 -19 25 -69 34 51 -65 -48 6 95 -75 -80 99 25 -78 -93 53 -50 -31 72 41 -80 -28 5 -26 64 -7 23 45 53 -40 63 -42 44 53 -86 81 -88 35 -14 -87 -66 -49 19 37 -96 0 -81 -51 23 98 -25 -86 -4 55 67 -21 -27 -90 48 -38 22 -39 71 60 -91 -26 93 -58 58 100 68 -43 26 0 80 75 91 25 48 15 -74 -62 -4 81 74 84 -54 51 -14 -4 -30 
-64 -95 -98 -63 -63 89 -5 -97 -91 27 9 17 -97 -57 -32 75 24 -56 -20 -7 41 -20 -87 -65 80 62 -71 95 -64 66 -95 -37 -62 76 -25 -79 -42 -59 -46 -9 -91 -46 82 -40 69 41 -47 81 -84 56 -32 -84 -18 -74 70 -63 -22 9 64 55 73 -23 14 -77 3 54 28 80 -80 -21 87 -62 33 37 -70 69 61 59 98 -3 -57 53 77 80 26 20 10 -57 35 57 -50 77 -11 -52 90 
4 52 32 27 -17 85 -48 -95 -58 77 -64 30 99 84 12 -69 0 -22 -51 -78 46 -78 17 -90 83 -59 -99 -85 53 55 48 -63 45 -44 60 -75 -39 26 -62 78 29 4 -100 -89 -26 94 0 40 58 -27 -85 -31 14 86 -69 37 82 3 -73 52 39 72 31 26 30 -65 -48 -100 -54 79 -22 12 12 32 -33 73 -29 25 100 31 -18 -67 -13 28 34 -45 92 -11 -84 -9 41 13 66 67 42 
-77 -61 -49 8 -96 93 -11 -91 -98 99 -21 34 67 -65 24 -66 -26 91 -87 -50 -24 -62 -60 67 -37 -69 87 -74 82 -79 39 50 -29 -72 27 -34 -13 -1 24 96 -74 22 42 61 52 63 90 -75 94 -95 96 -34 -31 13 4 -3 30 51 -95 -91 -72 79 -60 25 -73 0 74 -94 69 11 -72 -49 94 42 -15 94 75 56 25 -34 83 14 -65 67 12 -18 -56 83 79 -92 48 -61 -46 46 20 
-41 -13 -40 -67 -60 -55 -79 94 67 -37 -41 -97 -86 -36 -5 -95 -23 -82 -36 -3 -61 -28 79 63 86 -14 -82 -60 25 -36 55 -52 29 67 -38 34 58 -57 97 78 -69 -99 46 3 -82 -96 90 -100 -61 -50 -82 96 39 10 -58 -74 41 -52 -87 4 42 -77 -64 63 37 -70 31 -43 99 -96 57 20 45 -95 -96 -98 -87 74 35 7 -41 -10 -47 -65 -66 48 33 -26 24 85 -22 -96 45 54 67 
-16 16 -26 -21 76 40 70 -15 31 43 -20 75 -45 44 -42 -46 -5 -48 70 59 59 -15 56 38 -95 81 1 43 -62 53 57 -88 59 -50 -54 8 -59 -92 45 -18 12 -55 -82 27 37 -57 -17 53 -87 18 -39 -69 81 -51 20 -62 -26 65 86 -70 97 83 -77 -58 -30 56 -17 -3 51 -50 65 -45 100 -21 -12 12 12 -88 70 -4 3 82 -94 22 -11 -29 37 68 -42 -60 58 61 -34 11 -70 
36 73 -11 -21 -33 -83 34 -13 1 0 -27 79 -18 55 -82 61 -95 27 24 -44 -21 37 -45 42 84 -9 -18 -52 54 -94 -65 14 -84 60 -95 68 3 -98 -42 -63 -27 85 22 46 76 -91 17 -32 -71 -50 28 31 93 -58 -87 -49 83 -92 -47 38 -8 19 -90 -65 72 83 -47 92 -13 -27 45 36 44 -66 24 -32 27 50 -35 92 25 43 68 80 32 81 57 -52 68 -84 -81 68 40 83 -69 
-81 53 19 12 -12 -65 9 -71 19 100 50 -59 8 32 27 -64 -91 -71 81 11 14 -58 -62 2 -71 -27 -79 99 -80 15 92 -2 -7 16 37 -85 -48 -85 -18 -6 -2 33 -52 -16 77 48 23 -69 -65 24 17 16 -59 24 -98 -23 99 -13 -71 96 66 58 -96 27 -16 78 58 24 17 47 -55 -50 -39 12 -22 59 3 37 -18 98 60 97 -92 39 27 27 -74 39 -83 -80 65 -31 23 26 -3 
35 -66 -69 -30 -69 25 -56 91 -98 -42 56 -18 -47 -33 -47 8 -59 -6 6 -48 37 46 -66 62 44 0 -57 43 -66 -51 -86 -27 29 -37 -32 -17 -86 -45 -59 -92 25 89 -17 68 74 26 -25 33 -54 53 -74 -14 33 68 46 79 79 -75 -48 -70 -51 87 14 37 -84 -56 -48 -62 74 88 -51 -26 11 -87 61 25 26 -41 72 -47 -20 46 -48 44 -73 -11 62 -95 -9 -17 -40 -100 -59 -68 -61 
-87 21 -3 -88 -43 66 82 -36 42 83 72 33 -42 98 -97 73 44 -76 0 -9 77 -32 -15 -85 -10 -12 39 -30 21 -94 -72 -3 -14 14 -82 38 5 -76 -7 90 1 38 -26 -99 62 -66 -85 19 -75 76 -58 4 -66 -34 21 -51 100 26 41 63 100 57 66 26 37 -93 -52 -22 -24 -27 -52 15 -56 -7 -49 -20 59 -89 -87 -32 -81 -27 -82 -61 -1 26 25 -48 -67 73 37 -18 -51 42 -94 
72 -62 16 74 56 -47 -21 -39 -81 9 -39 78 -46 38 57 -50 -24 12 -97 -85 20 -59 15 -79 -23 -77 -41 36 -30 -33 63 -19 -61 17 -33 -49 -10 48 51 2 14 19 46 -57 67 96 21 71 93 43 31 72 58 -25 4 -67 -25 -54 -43 -69 -45 -59 62 -7 -77 59 -57 85 -33 99 66 70 19 50 99 -37 98 86 87 -57 -24 -45 0 97 92 -66 -58 35 65 -23 91 16 48 -49 -94 
53 -71 82 68 18 31 3 -93 -43 -68 -49 -51 34 89 17 87 -23 -29 -70 -37 -30 88 97 -49 -21 -40 -44 80 -90 -25 65 52 -84 54 -41 71 25 73 20 24 -83 77 -62 10 12 -54 61 10 19 12 78 39 -47 -80 -16 -41 -78 39 95 -35 37 31 23 -64 62 -32 -40 50 -80 -11 46 37 -64 40 40 34 -44 -58 -39 11 -20 -21 2 -64 85 13 -47 0 -20 16 -11 -43 49 -33 14 
68 9 -38 81 -38 -81 33 -94 96 92 -6 -31 61 41 -97 95 8 41 -6 -13 17 -70 -91 70 -42 72 12 81 35 60 -4 97 -56 -68 -14 2 -37 68 87 -15 -39 -74 -90 96 -84 -30 -18 -58 -62 -5 61 56 68 76 -93 -29 72 100 -79 -74 -100 82 84 55 -55 -78 52 -14 -80 65 -65 7 36 56 -2 46 95 -76 29 -94 5 62 -14 37 -39 -87 -34 -97 80 -29 78 4 -59 53 -91 
-45 33 76 34 49 78 -39 2 -84 42 39 93 50 -10 -96 92 42 -31 -7 -34 15 -69 80 -10 14 -60 -50 -31 -66 -98 37 6 -66 -92 -100 -65 69 97 -45 37 53 24 90 -84 -81 72 -90 13 -22 -57 -6 -63 -57 -65 -9 69 -94 -22 50 -96 -3 -46 5 80 -58 81 -56 -5 -76 -57 -48 -81 76 9 93 91 75 8 65 -88 -86 -69 97 -3 -21 79 65 -47 1 -40 12 -25 -2 83 36 
100 -43 50 -24 13 22 -40 -20 63 86 -54 -42 -84 94 -31 -34 -37 95 -88 -13 90 -69 74 100 91 63 -96 -77 -37 -66 71 -44 -26 68 -67 -43 19 -61 -76 -82 33 -55 96 47 60 -30 -55 51 -3 61 75 -59 -87 42 71 -9 91 -70 5 -35 -94 71 48 -4 93 -33 76 -39 -43 -27 43 78 -82 0 43 72 -95 89 89 72 12 93 -56 -32 -10 -78 13 -94 -2 -29 -47 -93 -100 -96 -15 
37 -100 -30 -55 28 -36 50 -11 98 66 35 32 -37 -36 8 16 -59 -41 9 66 -52 57 -79 21 89 51 73 -31 -19 64 -60 10 -87 56 -56 -93 -32 -86 81 26 -3 -35 -1 -95 28 -4 -32 89 -12 25 -77 -31 -3 -29 -47 98 -24 47 -78 -76 94 -18 -90 14 73 -53 -49 -57 -41 -46 90 -85 -64 53 -92 14 -39 43 -6 54 -66 -3 -46 52 59 -17 -98 -92 -51 -60 -30 -16 -72 -24 -51 
76 -64 59 -32 -6 33 12 -65 -89 -65 9 -37 48 -47 -23 84 65 30 30 32 37 84 -65 44 92 -60 51 77 87 84 -6 71 89 2 -59 -39 -3 -46 42 2 5 -46 -20 96 22 2 -53 -63 56 -93 80 21 -59 34 60 89 90 25 100 1 43 43 68 88 -60 -31 77 -62 98 -98 89 -14 37 28 -5 -19 89 -84 -44 73 -98 52 57 -11 -7 69 -86 88 58 75 10 -86 68 -60 12 
-8 6 -1 60 -94 56 82 -54 0 -83 -86 -2 -9 9 -72 81 -16 36 -18 37 32 -65 64 70 73 40 -57 36 11 90 5 -77 -16 44 84 -89 58 -23 90 28 73 -84 -2 80 -60 -8 -56 -38 80 -61 -98 88 -1 32 -92 28 -54 -10 -46 -49 42 94 100 28 -53 95 -82 14 63 -9 62 39 -79 7 -41 -17 -12 50 -39 59 -33 49 -39 -83 86 79 -61 41 13 41 36 72 48 77 38 
-71 -70 -3 -19 82 -16 98 82 -94 -35 -67 -15 -54 -17 -29 12 3 76 -11 -66 22 -93 45 40 16 -89 74 -99 32 63 -97 47 -53 73 44 -50 44 57 -36 59 56 61 -72 -87 -26 -42 2 -25 -73 -87 14 66 65 55 -73 -9 72 -21 -59 25 -100 66 72 -92 68 44 13 -59 -29 -64 -7 72 58 -70 -43 63 -2 -76 -43 -70 46 61 29 -72 -97 78 94 -65 25 80 90 -86 -49 61 68 
-2 -68 -83 39 -18 -34 -93 91 -12 -91 -41 8 40 64 6 80 -86 96 -36 -34 97 -55 -7 72 -17 -18 -97 79 78 -86 92 40 47 -72 13 -96 6 -63 20 -53 -59 -5 43 14 40 -94 -66 -18 67 -49 -96 50 36 56 32 42 -59 62 -65 -51 95 -63 -3 -83 55 -21 72 -78 -21 -54 28 79 -12 74 -51 68 -83 -95 26 41 -8 -71 13 5 -47 44 3 -29 -23 -80 -2 6 -81 32 49 
-18 -21 32 -3 -7 98 -64 10 -19 -82 0 -25 18 -90 -76 27 -84 -96 30 70 -35 -77 91 -1 -52 64 9 -98 77 97 -23 -29 -5 67 91 -12 -49 24 28 42 80 -49 24 -75 -84 -75 -68 -19 83 37 -39 99 -33 14 72 -33 11 53 35 87 45 9 -48 52 34 68 11 31 -19 -64 57 48 61 -17 70 -13 78 -25 -90 70 -73 -15 2 -61 93 91 15 -73 75 -23 -99 -98 -88 84 -20 
-67 -37 -52 21 83 29 72 72 12 -9 -33 46 -32 -91 -10 -12 33 60 63 -96 68 57 78 92 -55 9 -58 8 -5 -16 31 -93 0 -64 21 15 -90 -18 -71 -28 -45 -38 -1 -19 39 -51 18 18 -1 47 50 22 -98 -67 -59 -88 -37 -96 -63 18 78 28 98 -65 -71 -30 78 -74 -65 -56 -33 -86 85 -66 84 -2 -17 -87 51 -78 -51 -100 -7 40 -6 86 76 -7 -71 45 33 -51 55 59 96 
90 4 56 -46 64 21 -76 -37 51 -98 -53 2 -40 -95 -37 49 41 -1 98 52 -79 62 77 73 30 -14 -29 -39 79 -20 -99 -55 -6 -64 89 85 83 65 76 -33 86 89 -65 22 -50 -100 31 -21 -57 -93 -2 1 -90 -37 35 -14 -7 62 97 -28 -90 -27 -26 -98 -18 -99 -70 -19 -28 -7 -99 -35 -25 -5 -43 -2 27 67 9 -39 34 -51 -7 24 -96 99 -90 -73 81 -89 -90 -29 18 -34 -97 
-10 11 -22 -44 20 69 -48 55 -63 -17 6 -24 -36 69 93 -50 -82 -61 -76 58 15 76 -32 -80 -84 93 71 -59 -7 49 9 57 20 10 4 -34 96 90 -40 3 -73 -17 72 16 -73 -15 92 35 97 -21 -26 84 18 66 49 -54 4 -42 -98 8 47 54 59 5 -87 -58 42 -11 -24 -50 -7 46 4 -81 -3 -97 44 25 98 94 -20 12 -11 -41 80 32 -26 -29 50 -56 -89 70 -50 -32 69 
-92 -29 94 -52 5 35 42 89 40 89 -38 -87 -4 -56 43 -91 -97 -74 -71 -34 84 -8 63 44 57 -69 -40 96 -77 -60 -17 -28 -68 -67 -81 -35 -50 28 41 -7 32 -81 -75 -4 98 54 -33 -92 86 56 -85 66 81 89 -4 32 -74 -2 -59 -77 -44 66 9 58 29 90 28 -92 0 48 -59 11 -3 -16 -33 68 47 51 81 -83 73 -6 6 13 43 82 8 -33 24 61 -67 40 25 -41 82 
-5 53 88 19 -71 -69 28 11 -1 76 -61 17 8 61 19 -56 77 -66 90 -85 -50 31 17 100 19 -10 74 6 -98 -95 -57 -90 -53 97 80 60 75 -94 70 -35 -24 88 50 -67 -69 87 -1 -60 22 23 -83 62 -11 45 -42 -87 -89 4 -40 -83 -3 24 -43 70 -10 -96 29 61 -83 -51 70 75 18 76 65 26 32 -86 24 -96 74 -79 -84 -41 -50 56 -67 -8 -68 50 -30 -97 -21 -7 84 
32 58 -39 -5 92 42 -67 21 -63 -86 -71 54 72 -52 53 58 26 79 -37 -39 57 -34 60 23 62 -83 99 84 -32 3 -59 -66 -61 6 54 -66 -96 89 8 65 28 70 50 -55 -60 87 -93 14 45 68 7 63 -99 -84 -7 -94 -32 49 7 5 -43 16 -62 -19 -18 97 59 -71 35 64 55 62 23 -90 78 21 -37 22 -76 84 61 -96 85 12 93 26 -87 -3 28 -94 -57 -60 -25 -53 22 
8 -55 -2 -94 77 -81 -42 -86 25 100 -63 -26 48 -88 -48 90 94 -14 -36 47 100 -94 45 -2 -63 -9 47 21 76 -65 -38 -29 60 72 14 -79 -34 86 -32 44 -41 -54 -11 -34 86 -29 35 94 15 -82 -56 -12 73 -32 92 -87 -66 -34 -14 -90 -65 7 -94 19 43 -47 -33 -65 55 -89 44 -89 -33 -80 40 -65 28 -29 -78 -5 -94 0 -95 -81 -76 -55 35 34 51 -55 44 65 -66 -56 -77 
25 92 69 71 -30 43 -93 -21 54 -83 -45 18 76 -47 -88 85 60 16 3 -47 18 -31 36 74 -51 90 13 -36 16 21 -89 50 34 -64 62 -96 15 -10 -86 -23 29 -79 -95 -91 97 -23 55 24 -58 -92 -100 -64 73 -5 74 -82 14 91 -13 -65 92 61 38 46 -64 18 18 -80 -49 -21 30 -38 -22 -77 12 -79 47 -86 46 -17 38 -1 54 -54 11 64 -67 72 89 -44 1 81 -52 -44 26 
-2 -25 29 -27 58 -20 35 92 -30 88 -95 -11 -10 -75 -76 56 -7 90 70 -100 -21 73 -74 -95 95 19 -5 -83 -90 -30 -37 -66 57 -45 84 -23 -57 49 18 4 -24 59 -50 89 99 -31 -63 69 -37 -37 92 -48 0 -43 -61 -86 -8 -47 -95 -17 43 -49 37 -40 -100 -18 -81 -64 46 31 44 -46 -47 22 -35 34 -65 31 52 -30 16 13 76 34 22 -76 -98 -90 -76 -86 15 65 25 74 -19 
-96 26 26 85 -38 60 -47 71 30 31 66 76 -73 16 -24 63 -67 55 31 -19 0 79 70 -61 -47 83 93 -44 72 33 79 -75 83 -25 49 93 -51 53 18 -45 36 18 61 20 42 -11 23 72 -83 36 -65 -47 80 23 -51 2 -80 -52 -4 -90 75 -74 38 55 -86 -69 68 -72 57 92 -8 89 -62 -74 -62 -86 -85 60 4 -89 -40 68 32 65 -97 -88 77 -28 -44 -81 80 -66 91 71 -96 
-89 -81 -44 24 -40 -27 -27 -27 -11 85 -25 -25 -24 -60 -97 -29 -32 22 -85 28 97 -41 21 78 -18 -3 59 79 49 24 64 -72 8 -69 -58 -67 -92 32 45 -71 -65 -14 81 -19 10 65 40 15 -93 -17 -12 58 -39 24 -7 -37 -19 37 -32 16 -34 84 42 -55 15 -78 -42 63 -31 -40 -78 66 2 -80 29 -13 3 -31 43 86 -48 100 -81 18 68 -62 15 -46 78 65 -66 -84 -26 37 -16 
-77 94 47 -37 -35 -59 31 100 17 80 -33 40 88 90 -33 -79 77 15 -6 93 64 38 91 -15 -66 -78 51 -53 -52 18 49 -10 -1 -83 94 -46 -49 14 45 -41 64 -41 44 7 89 -33 -16 -67 -43 78 21 3 12 0 0 -100 -100 14 -50 -59 -80 31 65 64 57 -57 -92 -8 24 -43 -85 -83 22 93 35 -62 -93 86 -1 62 -34 -18 56 -85 4 -2 70 42 90 -94 -99 -91 -100 61 18 
-32 98 50 -25 -41 37 67 91 24 63 -31 -82 61 -24 85 -77 36 -91 65 -31 16 -70 19 22 -78 52 29 -54 -7 98 -45 -66 -64 -31 94 66 -61 -74 68 -29 -48 -99 68 36 30 -55 12 -6 -93 -29 -49 -79 -10 -85 -15 10 39 -44 7 -54 87 12 86 62 4 64 -64 1 36 18 -79 -36 -65 70 -24 -90 -35 46 31 -8 -77 16 -54 -21 69 -45 24 19 -63 -10 8 -78 -24 100 -20 
52 44 86 17 28 9 45 37 36 40 3 -60 -43 -26 -46 -89 -66 -93 17 34 75 -63 -25 -58 -67 73 -62 74 78 42 100 -6 57 80 -60 65 -40 54 5 -55 -46 50 -89 -29 94 53 -47 -35 -5 30 23 71 -79 13 -13 -16 -51 -8 7 87 62 -12 84 -55 29 44 38 -42 85 -57 -28 -35 -76 29 70 -64 -64 -11 -94 -92 -60 -10 98 -8 27 -13 16 -8 -49 -88 -21 -34 -95 41 -82 
-14 1 -81 -28 9 -75 66 -9 -55 16 39 -10 61 -41 84 -21 -81 -2 -3 -3 12 62 83 74 48 34 -87 64 58 -48 -19 -63 32 -97 -21 -90 53 -65 79 -7 38 82 -56 11 14 -71 -82 17 -22 87 -52 -26 -14 -23 90 6 -78 89 27 29 44 60 -71 96 -71 63 47 12 -35 -63 -52 79 0 22 20 68 -51 3 -50 71 -4 88 6 71 -92 77 96 37 5 -65 -47 24 -2 95 79 
15 -7 -55 -33 -49 -16 92 68 78 -66 -63 -2 -65 -14 53 55 35 28 20 -62 33 -15 -63 8 -65 -13 -31 -39 -63 -29 54 77 23 -30 26 46 80 54 -36 -100 78 -2 78 -90 98 88 -92 35 -20 -21 57 -55 -86 -8 85 -79 -24 27 -99 63 -5 3 -81 -1 -68 18 -93 42 33 24 -22 58 26 -95 -21 -26 -8 92 73 34 -5 40 51 97 57 -9 17 -86 -74 73 -84 -66 97 34 -95 
-18 -90 75 56 -10 34 -70 -93 5 59 96 49 -70 80 -22 53 25 77 -88 -57 14 -42 -100 37 -92 -75 9 -29 58 -67 -16 70 90 87 36 96 16 38 -30 -94 -61 -13 -98 87 -35 36 90 -82 84 30 76 -57 10 61 -83 23 -4 -7 21 -87 49 53 -75 -70 42 56 21 21 36 66 -87 84 9 27 30 -100 -64 -77 -4 -27 -48 -85 33 -68 72 86 89 -80 79 -74 -24 -58 -84 -43 84 
45 78 -29 51 54 1 49 59 8 -1 -21 -19 -77 -18 -63 56 4 38 -48 -3 84 55 -65 -59 17 82 26 -80 -70 -43 33 -21 89 -72 -77 12 -15 -79 93 73 -38 7 -100 100 2 97 -25 -26 -6 89 -77 70 -77 -88 36 -41 82 -23 14 54 0 -25 -68 -56 5 30 68 -70 -45 92 -91 -22 -22 -10 30 57 -48 68 -75 -47 12 18 89 -6 46 47 -93 -86 96 -23 -23 5 -95 -54 26 
-68 -4 -14 86 -59 60 87 73 -27 17 -54 55 7 -13 -4 52 -54 68 51 92 60 64 41 -31 51 -53 93 -41 -51 65 -54 -42 -50 -60 80 -7 -43 11 64 37 -48 35 67 28 33 51 -23 24 0 41 -82 34 31 -20 -94 65 28 69 60 -82 -83 52 34 80 38 -49 -66 82 -66 62 94 30 98 -9 -17 29 -89 -16 48 51 55 -22 -77 -63 -29 83 -30 42 97 -25 82 38 99 -58 -8 
-76 -82 57 13 61 94 40 33 9 -14 -62 24 -69 -22 -54 69 14 -80 65 60 -82 -1 -39 -24 -66 -46 -87 91 55 -12 -38 74 18 -54 -25 -16 -69 35 -57 -72 -8 12 70 -82 -52 -2 -91 8 54 -26 -43 94 -31 -64 52 -78 53 -19 2 -35 42 -26 -5 13 -20 -31 -37 64 -44 -41 100 -76 -99 70 77 -90 100 -14 16 -39 -98 -65 2 -44 -19 86 47 65 -68 42 33 -66 54 -79 -62 
-22 -41 -2 7 22 -83 -25 31 93 86 -40 77 -76 2 51 13 -76 63 44 9 -5 28 5 -5 -95 -12 -20 15 26 75 48 72 -48 60 -9 32 29 -81 -26 -18 11 -2 50 -95 -10 -73 23 -61 52 3 -16 57 38 8 58 -48 97 -26 -76 -20 48 -12 -55 -76 -51 0 -19 -33 52 -73 -63 -30 -25 -45 -90 -33 -43 40 54 -52 -78 -70 8 7 -84 -75 -93 -75 -15 -55 -9 31 -21 41 85 
-100 8 74 83 -34 44 100 57 22 6 57 59 10 -67 95 10 -76 -12 -65 98 -93 -4 -11 50 -69 69 41 92 -56 78 85 -21 -41 -26 20 42 36 -54 9 94 99 -18 -19 -79 -100 59 25 -65 96 -26 -34 81 -59 75 -44 -24 31 -14 53 -57 -16 -48 -92 -74 -56 -93 18 51 -70 65 -91 94 -40 27 -58 -91 78 -48 -69 -97 36 69 77 40 -78 -19 31 76 -18 -70 21 -73 -51 -86 -3 
-45 84 81 35 -80 -11 -31 38 -51 12 70 23 -87 60 -60 -91 92 57 17 99 -35 -13 46 18 -68 29 93 -35 10 90 73 -17 6 20 -100 -62 -83 98 71 58 -37 -14 -91 69 -47 -76 -87 -8 -54 -1 -56 -62 -93 -21 18 30 92 -53 21 -2 4 -38 -79 -72 62 -30 -35 -76 -7 45 57 -53 -96 11 3 64 -92 95 17 -88 -35 5 -7 -48 -69 -17 -39 95 -63 84 -79 15 -10 51 22 
41 14 75 7 -44 -2 0 23 27 27 -79 3 -44 -3 97 -93 -6 25 0 85 -8 47 100 86 -32 30 46 67 -31 -59 -28 -82 -75 -63 -43 -36 -84 75 83 -47 -28 72 -5 22 25 82 72 -92 12 -20 48 -5 -67 -83 71 -32 -49 55 88 -51 -72 45 -52 -95 74 -67 36 84 -32 -13 5 -9 27 -66 35 56 -54 85 72 -76 -82 97 65 58 19 79 46 -96 -40 90 52 -6 59 83 21 
-73 82 94 97 9 -14 37 13 -77 51 65 80 16 -9 -79 -10 -97 5 7 9 -74 37 37 100 -2 -5 73 -2 -90 -1 -94 -26 28 -45 -69 -40 99 -58 -46 40 -9 -43 34 -92 32 -14 -7 87 -92 -79 17 -65 -79 -85 -63 33 -12 20 -5 45 6 -95 76 -97 32 -48 32 68 78 13 88 -34 19 -55 -63 72 16 -3 -45 -96 -13 -22 -82 -36 -73 -47 -53 89 53 -10 44 -55 97 36 87 
92 34 56 18 -95 -81 40 -43 89 29 76 55 -30 -19 73 -13 -84 55 -88 50 22 -20 -87 -27 44 -89 37 -35 72 -32 10 -81 -70 4 -66 38 1 -84 10 -34 -56 -94 -27 -98 57 97 75 -61 -30 73 -16 27 96 8 52 33 -39 -2 -1 82 -56 -66 9 -86 51 66 -16 68 9 69 -57 -84 -2 16 -9 -6 90 72 -96 88 -33 -15 -62 15 8 53 -36 17 -77 -67 -84 -13 -87 -93 -8 
-22 49 -66 -43 33 -35 74 52 -6 82 -89 -4 -7 52 43 71 -44 -62 -42 90 20 -94 100 -37 -97 -21 -28 -79 -24 80 57 -84 68 -82 -75 79 -1 83 -68 99 100 47 -56 60 -80 -69 -12 54 55 91 -23 -65 21 23 46 29 -91 -84 92 83 -33 79 78 -36 -2 81 -19 87 -70 16 47 -19 97 -29 25 28 -97 -36 30 65 31 73 39 -68 20 49 62 -16 100 99 9 56 63 -6 -96 
68 -67 -29 57 -29 -31 67 -59 -82 69 -23 21 -57 38 -69 89 -55 34 98 61 47 -57 -25 2 -57 -67 83 98 88 34 -57 82 -89 -54 -30 -17 -12 73 -92 -17 62 -21 52 19 49 -69 -76 57 -37 2 80 -70 -64 -3 11 58 -10 -88 -62 19 70 -86 -60 -23 65 19 47 35 59 85 -51 -43 -49 -3 35 67 -12 66 -30 -19 2 -95 45 73 90 -72 50 -97 -21 22 -34 61 -3 -95 -82 
59 -56 -45 43 28 -43 9 -31 -94 56 74 -45 -22 -60 -10 68 59 43 62 -58 8 50 -2 75 -59 63 21 3 -12 -68 -60 100 5 63 -66 -83 -81 -15 -34 44 -26 -44 -13 -68 78 8 -22 -23 -98 46 10 80 -74 100 50 -88 37 36 22 -69 6 -28 -81 -85 36 2 83 34 38 -35 -46 88 99 59 87 -24 -57 26 -24 39 14 67 7 72 7 -18 92 -26 53 25 32 -73 81 -89 96 
64 78 -72 -71 13 21 -57 37 -63 83 52 8 11 1 35 -95 -21 20 -76 80 48 -4 28 82 89 23 -23 19 8 -80 -25 80 87 92 76 86 19 -29 54 48 59 43 47 27 -62 16 23 -42 54 -73 58 1 -74 37 18 -82 80 80 -2 95 -74 69 -69 6 -30 -9 75 52 -84 -69 33 62 91 -3 -87 98 -24 -27 -21 100 25 -15 34 -75 -39 59 -43 -14 39 63 -57 77 -97 3 -67 
9 71 -25 -53 -48 -85 -74 -93 -68 53 -18 -11 25 -12 -76 16 15 77 -32 86 47 36 58 -70 60 32 34 59 63 16 57 91 -92 -89 47 -53 55 -29 -85 -70 6 -41 -4 44 18 90 12 -96 -39 -85 -88 -84 -96 -63 51 22 9 60 34 -29 89 -30 -71 -34 17 -47 49 76 2 -7 -80 82 92 32 89 -84 -68 -8 57 32 56 -93 -25 68 29 36 64 -35 -83 98 -68 73 88 34 -17 
52 -54 97 -19 27 -13 44 -89 76 -92 74 17 -48 86 -24 85 14 -68 51 5 65 28 36 -11 -97 93 92 69 -78 -56 -4 -22 24 -16 41 89 -34 93 98 19 89 -1 92 -52 14 24 1 5 -65 -20 84 20 28 60 -21 39 86 53 -17 -52 76 4 39 -21 30 82 -65 35 45 -78 -47 -50 23 -91 -69 -70 46 -48 -57 -69 97 -5 82 8 -55 1 -75 55 24 46 90 72 35 7 -55 
71 -59 -49 -58 -60 87 94 36 36 10 36 -91 7 63 -34 74 -36 -67 20 90 -15 -74 46 90 19 -72 95 14 22 -20 45 -94 34 -95 -26 78 -45 65 21 -82 32 -56 -3 -47 -44 -66 5 61 99 -6 41 37 17 69 11 97 31 12 31 58 -26 -27 -4 -28 76 51 27 -78 1 -97 -31 -24 -56 -98 63 -97 22 3 -3 -85 6 -7 -19 -60 -43 -58 -90 -4 66 -80 -48 -81 -18 37 -39 
99 -16 -56 62 15 48 -83 40 -41 -31 54 66 3 -40 -56 80 -94 91 -32 45 -52 97 44 89 -52 16 -21 -88 42 -74 -94 47 91 -27 59 57 -45 54 -76 -22 5 48 87 12 -88 89 -42 -34 -75 59 19 56 -40 -23 -25 -19 -33 -95 -84 96 43 35 63 -1 91 8 80 66 -1 98 -96 -34 -88 -61 46 -16 12 0 -46 31 70 -21 93 6 -52 -84 29 -26 -67 -61 -44 -34 -5 -76 83 
72 -40 28 -65 -100 -46 -83 -86 -68 7 -36 80 36 26 22 19 -56 65 45 -48 -10 -57 5 -93 -7 -34 -71 -14 100 48 -92 25 5 -38 -17 9 100 -27 47 -33 55 67 3 -10 -21 31 44 29 -77 22 80 48 -47 30 100 -2 98 -85 97 -6 1 92 -17 -71 -64 -18 33 21 31 51 58 -90 -82 -5 27 3 20 -10 47 92 36 76 95 -33 73 59 52 -72 -53 -88 8 -73 -7 55 69 
0 75 2 7 -98 -58 -41 -6 62 31 -52 29 -62 -71 -23 43 82 73 -100 89 86 -95 -90 29 78 -73 -60 90 77 -2 -87 -67 -92 0 59 -87 33 -66 96 66 9 32 62 -60 -2 -88 -36 14 -90 -87 -78 5 48 24 -18 16 22 -8 -90 18 81 32 -28 85 79 80 -32 81 21 -70 64 92 -100 10 -70 41 -97 22 58 72 35 17 -53 77 -99 -46 69 -31 35 22 66 -62 -2 -46 100 
-28 88 -85 -34 34 -2 -20 -31 42 12 24 40 -94 4 60 -53 -89 6 -94 -60 28 -40 -36 -22 90 67 2 35 75 12 -28 4 72 -50 -3 -76 6 55 -99 -55 76 -48 -29 -1 -87 -63 -76 99 -69 2 -71 69 10 -81 -50 -16 55 -15 -48 12 -4 96 47 0 -69 23 96 -13 -65 42 4 -50 96 -13 65 -75 -93 51 -44 -86 -46 -52 7 99 -94 50 76 -42 -29 -56 -62 89 -62 59 66 
14 89 -65 8 73 -6 -37 -91 40 -65 -90 3 -18 46 33 66 37 61 -71 63 4 64 45 -94 0 31 -89 82 -35 -18 7 3 -54 -91 -51 92 59 66 36 -52 8 -89 -16 60 65 -98 -43 -37 67 -26 -13 40 -24 -14 -5 94 91 -6 72 53 60 -73 -65 61 2 -5 -11 3 64 85 -13 -51 8 -34 70 -47 44 38 -69 -71 -22 63 -99 -4 -97 67 71 -87 41 -32 -56 59 -1 79 28 
86 -9 10 -3 -74 32 -11 69 -83 -58 -80 27 -10 -48 -9 6 -21 -57 -68 -84 -61 46 28 -25 -3 23 20 30 68 -97 87 50 -78 -55 -74 -84 3 -94 -70 68 42 -68 19 -84 -5 35 81 -54 65 61 -54 -47 -8 -22 96 58 -32 -59 31 57 -23 9 86 -61 -6 100 47 1 2 -4 -55 20 49 -99 -63 55 6 -11 -18 -87 31 92 -15 0 42 -20 -60 -99 -27 78 88 -31 -35 -21 88 
-59 -39 -53 82 47 -56 100 -9 81 37 -9 -26 32 58 -34 -91 -53 2 -58 27 -43 75 -1 -59 65 -36 -6 -89 -85 92 56 -62 -4 -79 7 -86 44 -88 9 82 98 -6 98 64 -69 -64 13 30 76 -76 -39 21 2 44 57 74 -45 -17 46 30 -81 81 -49 17 18 -28 9 19 21 -79 -78 47 -69 -82 30 -82 6 66 -68 -77 59 -61 -65 -14 58 66 24 -25 -100 42 57 -21 57 100 25 
-56 77 78 -4 13 -59 -81 -57 39 -57 6 -54 97 68 64 -24 34 -80 -90 97 50 36 65 -8 73 1 51 -96 -47 15 -28 -44 98 -31 41 50 17 -53 -52 85 -88 65 89 8 93 -82 91 7 11 -35 -16 71 -96 79 -69 -80 -54 -14 -45 20 -12 -91 -12 -54 74 -3 28 -27 94 -94 42 -48 -96 -55 52 -87 6 -94 -45 50 95 -76 55 -98 66 -72 32 -30 99 -54 -95 -58 79 -19 44 
24 61 -20 -42 1 100 -91 -24 97 28 -19 46 -100 91 73 -29 -51 42 -59 -40 9 -5 93 -8 16 69 -76 -2 -59 98 -54 -64 25 -85 -68 -14 19 12 17 60 87 29 -34 26 76 -29 68 14 -17 -60 -10 -18 17 17 -59 -81 -2 1 -74 -58 -3 39 -64 -18 24 -14 -84 -97 -93 70 -51 -73 -54 99 -23 89 -34 39 58 88 -32 -78 80 81 -76 60 97 -99 -50 45 -58 -53 -62 -91 83 
-61 92 -49 12 30 46 -57 96 -27 79 0 -18 -15 92 29 8 85 76 -91 38 -73 -52 36 4 53 17 -27 -55 93 -46 52 99 -43 9 0 17 82 -8 11 99 -60 37 -95 -66 79 -78 -84 -96 -45 0 -91 -59 77 47 48 52 -23 -53 80 87 11 -3 -88 -1 82 5 -68 -38 -80 70 -34 -89 -62 -60 37 35 -63 -10 -10 -57 28 16 48 61 -8 25 85 14 80 79 45 31 9 -85 92 
-32 35 -12 -7 2 31 34 92 -15 -71 -58 -72 32 -88 94 6 -31 -24 -43 -58 15 97 69 -63 96 -99 95 -27 -16 -52 -12 -9 72 43 -25 79 74 37 93 1 29 45 -24 -13 -6 52 13 60 -21 -98 -22 -29 37 32 6 -35 -50 -3 -22 58 54 -37 -79 -65 -42 -48 45 -63 39 -13 -92 48 95 5 24 -74 15 -41 7 -4 22 55 80 81 -10 -45 -41 22 3 -16 -15 -84 -33 -7 -45 
100 13 -8 46 -19 78 29 -100 -86 -64 -70 49 -56 40 74 -21 -22 13 16 31 85 -90 33 58 -63 91 -57 -39 -54 -94 100 -62 -90 97 59 81 87 80 63 -14 9 -52 -95 57 34 80 -91 68 -48 -1 79 99 -40 -10 -35 -49 -90 14 84 -20 6 -90 -5 3 -54 -18 15 -10 74 -19 23 -82 40 22 84 69 26 -55 -44 -92 -82 37 85 -33 -79 -15 -78 36 1 -49 -44 30 23 94 61 
-38 -36 39 8 68 -86 -52 -59 -46 54 88 43 71 -78 -83 40 -21 47 -81 -43 -77 7 -28 8 77 43 33 94 70 66 79 -76 8 86 -49 -7 -83 -35 -34 -5 85 3 21 29 36 11 -65 53 53 -51 66 -2 -67 -16 23 -74 -9 -6 -66 87 -77 44 94 -78 -70 -10 -8 32 -93 37 -96 78 38 -32 -18 61 55 67 -75 -16 41 -99 -38 75 78 19 -67 36 30 67 75 94 -41 -68 39 
84 -63 83 -16 47 -5 -68 -93 -40 -14 -83 -76 11 5 -58 -55 25 46 11 65 -85 32 14 63 -1 25 -4 36 83 51 17 69 -14 -53 68 -48 -46 -36 82 -94 -30 93 -32 -14 7 -28 -67 -77 -77 -51 46 -46 -92 -94 7 86 26 -72 -23 -64 58 -35 59 -67 -12 81 -17 83 -57 -70 -21 -54 -85 -1 -64 -53 50 -45 -56 -99 11 -86 2 -99 2 -70 -47 50 -91 -32 -47 24 -75 44 90 
0 -10 -26 -35 4 38 1 82 -54 -70 -93 -64 -29 -87 -65 23 -11 -18 67 34 79 55 -6 -54 42 2 -52 66 -75 31 -88 72 69 5 45 98 42 -38 -35 -97 -77 4 2 70 13 -47 -28 96 -90 -50 48 -73 -1 -5 87 -63 -27 -58 15 -43 18 44 70 87 79 79 79 58 83 -72 29 21 44 88 18 -82 60 -55 4 28 -93 95 -5 77 -16 22 43 -6 -41 -36 -85 86 -99 63 -37 
-54 8 55 12 -3 68 -67 34 81 -62 -14 46 17 44 43 -4 23 -43 37 -13 14 -36 -77 -67 42 25 -37 -25 91 -6 21 53 70 -40 -61 97 55 -2 -78 75 -48 53 -20 -65 -12 -71 56 -20 58 23 22 -75 -65 16 -18 -34 67 -98 -13 -88 -74 31 56 43 -5 -8 77 6 23 -41 24 88 -45 -46 -25 -13 -45 76 97 -65 1 -73 -35 72 34 18 -6 28 -13 -41 -57 81 -13 -62 -68 
17 -49 -66 49 13 -14 23 -62 6 -34 28 31 -14 66 -75 -43 79 -82 -37 50 33 76 -95 -14 41 -15 14 -26 -58 -43 54 31 36 14 55 -93 27 -40 51 -50 -79 -98 -73 33 83 -55 20 -3 -18 -84 -76 55 -54 40 90 -63 60 16 -21 99 -34 0 -25 86 84 -74 54 -23 -6 10 -9 55 -80 89 -38 75 -39 58 -62 7 -96 -39 -28 77 2 40 74 -4 79 74 1 79 -34 23 -40 
-5 38 47 13 73 -2 69 19 -57 -26 -4 45 88 53 -50 -96 -3 -50 48 70 78 -13 -81 83 66 -70 -72 -81 -60 3 84 0 25 32 68 24 -87 -58 78 -87 14 48 -79 24 -5 -63 53 39 -1 93 39 -93 -16 49 -25 -5 72 52 -20 79 85 -12 13 -61 -16 32 -93 66 -65 -83 -16 48 -16 81 -66 24 97 -3 62 -90 -52 -27 -47 95 -46 87 53 89 0 33 27 -95 -61 -54 -59 
-21 -52 -75 -24 65 -100 8 -41 99 82 -37 -87 71 -66 -52 -18 36 76 13 -23 43 -44 -86 27 78 25 -63 -99 87 54 -31 34 -75 3 13 -85 5 -86 -19 73 67 -9 50 -4 -23 40 -70 46 85 37 -42 22 62 57 50 42 26 -1 4 -73 68 -52 -51 -70 -90 -63 4 -46 -28 28 16 -15 -12 -29 -85 31 -38 -92 -74 -4 82 -5 32 -92 48 -80 -29 -52 49 -62 72 -71 3 -66 38 
-51 -30 -53 35 99 91 -41 65 55 -65 83 43 -65 33 14 82 95 -91 -61 -34 42 39 -23 56 -56 86 -88 -16 31 -30 -51 -12 -65 43 1 26 -18 0 42 -97 -100 -37 -14 -38 50 46 86 -41 -5 57 -85 97 -32 -89 94 87 -36 -86 39 68 -53 88 74 75 -17 20 67 16 -99 -18 94 18 91 56 96 67 9 81 42 99 -7 -19 -16 38 -26 40 61 -20 24 -11 32 41 -40 -98 44 
-54 98 -32 -68 37 -38 -94 17 21 -71 53 -36 78 3 49 76 49 -17 52 42 -30 5 -53 -5 -49 57 69 -6 -56 -48 23 -93 55 82 8 -42 -91 -91 46 -86 -81 24 -12 64 -12 55 13 -1 -83 -48 62 -73 -52 -7 -74 -3 81 -85 -38 24 5 -92 30 -26 -84 11 -37 -31 -61 -27 -97 40 97 -49 -44 97 11 -56 37 -10 -11 25 22 83 37 -5 -6 23 76 -44 -26 62 19 -67 -74 
-97 -47 -11 10 14 80 -12 7 11 52 45 32 63 98 -12 98 -2 -47 -3 -22 -53 -40 40 20 -76 42 -55 -36 -96 -30 -6 66 97 -90 82 4 -70 37 -11 -25 -42 9 -5 -68 48 66 76 83 3 -89 19 1 -81 71 86 90 -12 -14 97 -98 5 -37 -90 24 16 61 39 7 -73 -46 79 -68 89 76 59 -79 69 -4 57 45 83 -9 -78 -99 -60 -1 88 85 -48 39 24 92 -8 50 -63 
94 -32 -68 47 88 58 30 -89 63 -67 -73 -61 3 96 39 -67 95 -18 83 37 77 -57 9 81 55 -84 -50 37 -14 -25 16 89 -20 -93 70 -44 21 -78 21 -37 -41 -91 34 71 26 -25 -11 -90 -51 -58 -57 -89 21 88 -64 15 60 -63 61 92 -70 18 -43 97 12 2 -30 56 68 -85 78 -92 -97 67 16 28 58 82 72 91 -33 83 70 -82 77 -3 -7 57 -61 -41 -2 -10 -15 49 20 
76 -48 80 61 -85 50 39 -45 36 49 -52 100 34 77 24 46 -65 42 -65 -23 -37 44 84 39 99 -85 -19 -59 -69 -19 -9 35 -38 87 77 -62 69 -47 -84 25 22 -15 84 91 50 -65 -26 -35 69 -19 -2 -33 -18 -23 -16 -74 -20 26 -84 68 -84 -39 -19 58 -90 -54 -30 -89 23 -72 -72 -5 90 -53 -47 -49 8 90 -48 66 95 47 -29 41 -64 1 -28 73 67 20 32 11 97 -7 -6 
-93 17 -83 -85 -54 -40 20 -7 40 34 14 -23 -1 -73 54 -9 -47 63 -74 28 -8 52 -43 90 87 -7 -42 -23 -42 83 24 -76 10 2 -63 61 17 -44 -10 17 -63 -32 5 27 -46 29 13 96 -83 -10 -85 61 -35 -98 -82 -99 -68 11 -89 54 -95 -5 59 -32 -60 12 16 22 -33 -56 -72 97 13 -50 -51 -32 9 72 -32 -59 98 -68 84 9 79 90 -66 -34 52 -94 16 16 98 -75 -23 
54 21 88 -43 -9 -35 59 -2 81 -56 -26 71 -36 -49 48 85 60 28 -77 -95 -26 19 63 -1 -14 -82 15 -63 -40 -14 -10 25 -68 15 99 99 -15 -73 53 18 -3 -30 90 -61 -75 -95 46 28 72 -68 100 -33 -47 -1 94 -55 -28 -53 60 -31 -95 17 89 -9 -90 80 -6 -6 -3 84 10 89 79 -38 -6 85 -44 -25 72 -54 -100 96 -60 90 -33 -68 80 65 -67 91 -8 12 53 -20 -36 
-37 0 -87 -25 35 87 57 -18 -53 -45 -52 -8 -70 -99 -90 43 100 83 86 62 -18 -44 36 -39 -99 -14 -58 44 -21 93 -51 12 73 -47 -88 -79 47 55 92 -99 -79 3 53 -13 -9 3 67 29 28 18 7 -38 -89 67 -21 -34 -30 -14 72 -8 -23 33 -25 -8 5 -84 -82 1 -28 -68 -55 49 -93 49 -68 85 35 81 1 29 61 -49 100 -30 -5 -40 -73 13 2 78 -81 32 -78 83 26 
-12 62 24 -17 -70 49 86 -28 -27 -99 -59 85 -70 63 95 -47 -64 37 -90 21 -49 -85 63 75 -56 -35 71 73 -90 -73 -40 79 -73 36 55 20 66 -96 40 -24 -83 -51 -82 -98 -39 57 31 56 94 43 69 23 -35 -39 -67 -83 23 61 -16 52 75 -76 43 50 -16 81 79 -32 98 -94 26 -99 14 -94 99 95 85 -63 50 -53 -16 71 -98 64 29 33 -25 -70 5 86 -88 -74 -30 -95 -54 
93 -44 5 24 47 74 73 38 52 22 63 -83 4 79 42 -69 49 -85 97 -7 -88 -21 26 -85 -83 73 -9 -38 44 13 -45 -93 -31 -81 2 26 29 81 94 -88 -61 -19 26 -17 -49 -35 -34 18 51 -15 -73 14 -62 -98 -17 -75 -72 48 40 -36 36 58 -53 36 98 55 -99 -55 -56 45 -90 -71 -46 -81 -75 84 -36 -93 -25 56 -34 93 -84 9 47 98 -26 67 -10 62 64 96 -15 -6 -66 
-88 21 -41 -78 80 8 -51 9 -26 -65 71 18 -42 38 -71 -75 -6 81 32 -5 -87 -7 66 36 -81 7 63 -28 93 -72 30 1 71 -49 -82 -69 -17 -73 21 -34 -29 -53 45 -82 -81 35 -96 -45 -84 -18 -71 79 -93 -100 35 -97 89 -17 -75 -37 -38 13 59 -42 -29 86 -26 -42 29 -17 76 -95 -61 2 -41 79 49 -50 77 -60 -4 40 -83 87 -80 -47 -97 89 -2 52 -58 -69 84 87 -80 
-47 -48 48 47 -82 92 -60 42 -75 -92 -44 29 -4 32 -60 -60 -82 24 -4 -57 87 -35 -61 -75 56 -49 -15 -74 -79 69 97 35 25 -19 -47 -96 93 61 34 -63 17 -42 38 -95 -33 70 98 9 22 8 73 -27 -99 -76 72 61 0 -56 -43 -6 50 -97 23 -72 -83 28 92 -8 13 28 -19 -23 59 77 54 35 20 -13 -59 91 86 -93 -65 28 -10 57 65 -30 60 -66 -61 2 50 -2 70 
46 90 36 -51 -55 -3 7 -28 34 11 -17 -74 14 97 59 71 4 13 -73 68 -88 -58 -32 -20 73 -56 61 98 -27 95 -24 -15 -3 -62 28 32 26 -91 74 -14 -25 -28 -32 58 -97 -92 32 -41 -4 15 -49 14 80 52 -45 -69 -99 -11 -69 23 73 -6 15 -7 34 -87 -4 33 37 -98 43 34 -36 -54 62 -15 -41 95 76 80 -95 -45 -14 -26 90 96 -7 64 14 -75 1 11 72 69 25 
-91 -27 51 78 -42 -41 -12 -86 -20 74 20 -97 96 56 -100 -81 65 77 -78 -9 66 -57 43 -35 27 -90 32 69 82 -34 -53 37 -89 91 91 78 -58 72 95 54 85 22 -54 -1 92 29 -85 -85 94 -83 57 -27 -9 74 -25 89 -7 -49 -53 -30 -58 27 -63 72 96 -82 -85 -90 -34 -66 53 43 84 -29 -60 -25 24 -83 -77 2 74 62 -94 -83 26 -92 -65 -40 -45 82 19 34 -10 -45 27 
69 -13 57 79 52 -80 -86 -36 67 34 95 -17 22 9 21 -82 29 44 -81 -17 77 5 84 30 19 19 63 -94 -17 -42 -19 4 -49 -60 -11 -50 -99 75 -29 -2 68 -57 -89 90 -9 -28 2 31 40 -33 -14 -52 3 35 83 69 78 -11 98 -26 12 -42 54 -40 96 90 23 97 -94 -65 -18 -76 38 20 -17 -24 16 29 -89 -35 -87 -100 -11 -97 38 1 30 8 -47 81 24 41 -59 62 73 
60 41 -14 73 87 8 -37 30 74 81 -90 34 50 99 35 54 -47 -87 -41 -58 9 36 2 -92 -28 -14 89 99 -86 51 -33 -23 -9 -54 96 63 79 -26 27 86 -66 6 -53 28 98 67 -22 -22 -83 54 97 -63 -97 -88 31 -72 41 -47 -23 -2 40 60 29 -85 39 46 76 -59 33 -72 20 -11 74 47 44 29 -57 100 37 -44 2 8 38 -52 -96 -88 -70 -32 5 11 25 -41 24 -35 -99 
69 -13 4 10 -47 2 -39 60 -10 -4 11 44 -46 53 18 -14 89 -42 -6 -25 62 10 -47 -54 73 -12 -60 -54 -57 76 -23 -96 12 40 55 -20 69 52 21 52 -71 30 50 70 -84 -37 97 11 51 1 -98 66 -19 30 -51 -95 -27 -50 70 -84 -72 33 -25 -44 -19 -27 -48 -59 30 62 -96 -11 80 -100 -31 -23 20 -94 -57 -81 -94 -30 51 45 -47 -78 -54 42 -89 90 54 17 -15 -12 55 
-86 -31 -42 2 -19 -47 -51 78 58 84 23 -49 -45 76 -91 -8 -75 -28 -36 -75 -60 -85 5 52 -3 -13 -15 23 38 78 -87 93 0 81 13 8 -9 -7 -25 -68 -62 92 -4 -83 -14 36 -15 -24 16 -1 -74 56 51 22 70 -36 65 -44 -14 40 -41 45 -17 -94 -73 23 78 -7 -36 12 27 28 10 3 4 -89 -56 94 -1 -50 -8 45 51 -26 -78 83 29 -50 -82 5 -54 36 -24 -86 -65 
79 -47 -1 65 -12 -92 25 -17 83 -5 -93 -82 64 19 96 -14 55 49 71 -4 55 0 -64 -37 82 29 -71 100 42 9 37 -52 31 -52 36 -16 48 -67 30 98 -66 -91 -73 -26 27 -93 -72 -21 24 -26 33 -30 43 -32 -14 98 49 -91 -64 -73 57 -88 -40 -13 8 29 68 44 79 6 -23 24 -100 59 -91 -74 -98 43 64 99 82 92 -58 -38 -37 13 -33 29 -47 -45 -6 78 -91 -47 73 
28 -89 -90 -100 80 -1 80 24 59 18 88 -26 -61 -24 99 -22 53 -58 13 19 -43 -36 36 -69 -15 76 -33 -86 19 -46 9 85 2 99 30 94 50 -89 -62 -33 -33 -73 64 52 -92 -53 10 80 90 40 -4 15 46 45 76 55 86 55 -92 33 97 -35 -30 32 -90 -76 32 -96 -33 57 68 -26 35 -16 -66 40 11 27 -15 -34 24 -35 59 -16 -41 68 -58 -28 -68 13 51 -39 -24 62 12 
61 -89 -96 73 -87 -49 21 -9 -16 6 70 -98 -62 -57 -83 84 -73 2 -21 41 72 56 -2 7 29 0 -17 -92 -51 35 -14 -13 95 80 -35 42 -89 -52 -62 31 10 82 -80 -18 -41 -68 -37 78 42 0 42 79 48 32 43 -57 11 -92 -22 -3 -37 -7 -50 65 75 93 19 6 54 94 -9 36 -91 -30 -81 71 -33 34 42 -66 -40 10 -42 -69 62 -14 2 43 46 -55 -27 -1 24 -52 0 
-94 -16 -74 -22 -91 -99 27 53 84 62 45 -2 -98 -16 62 16 82 36 7 92 -39 87 -99 -27 17 22 73 -32 92 63 -63 43 -15 -49 -57 90 6 -98 -95 33 46 54 45 -55 -31 -62 -56 28 -57 -57 -51 1 21 39 87 -23 -71 -60 -24 74 80 86 67 -11 85 26 -24 10 93 -22 78 8 37 30 92 -59 -82 18 -82 11 -92 88 19 39 44 92 -15 26 -85 -73 57 -30 57 60 54 
-39 2 -5 62 1 77 46 33 65 20 50 1 -12 -27 -80 -49 36 -30 -91 94 71 91 -43 41 -87 79 34 12 -10 1 -1 50 12 77 66 -78 -82 -55 -14 -66 21 -58 57 -51 -39 -76 -36 92 -20 -2 77 100 15 -51 -39 82 57 -73 -9 -42 82 8 30 71 20 -88 39 91 66 66 65 -80 -41 82 61 -6 -27 56 -67 -90 74 -69 22 7 98 -58 -59 -41 -48 88 -91 -8 85 69 -43 
5 -17 95 51 34 95 -10 86 32 -5 80 21 4 95 75 -6 13 81 55 -30 -48 74 -14 40 64 -20 55 76 -5 96 -36 52 82 -57 90 -45 -76 74 41 100 67 -50 24 4 75 -12 37 41 89 -3 -56 -94 -48 25 4 11 83 -65 -80 -50 81 -57 69 96 68 -85 82 25 -39 -3 -99 -51 -40 -38 -78 87 21 61 -74 15 -60 34 48 37 93 14 56 81 -58 -54 95 -41 23 49 70 
-54 77 -12 -88 37 -21 -86 82 -31 -63 -47 79 83 53 -34 -71 56 47 -24 -69 91 -87 -81 100 -82 -54 70 99 -14 44 -48 43 -41 -54 -19 90 36 -34 -97 -1 16 42 82 57 -83 -32 33 -94 -36 -49 -82 -33 64 -30 -78 33 61 39 84 -52 14 -34 -26 91 -71 95 -19 56 80 20 -94 78 -90 -8 0 46 -71 88 -12 -87 -89 -55 -24 -65 58 82 86 -77 0 -84 -3 64 -43 -66 -13 
40 39 -23 -23 27 -95 58 -83 12 -94 -43 -46 -33 58 -46 14 -73 -47 -92 81 5 98 63 -29 50 -31 -30 7 74 -98 7 78 8 -72 -15 -78 90 -63 -37 -18 0 74 69 82 -69 20 77 93 59 -60 63 45 -50 -88 -52 -97 -57 43 -77 -69 -10 -64 97 18 -33 -82 -9 -94 -83 60 44 -8 44 54 94 3 84 69 84 -66 77 84 -25 -41 34 -66 83 31 -57 -55 98 -69 -80 31 48 
22 86 -90 -17 45 -55 -68 75 99 72 -67 -7 -40 4 -11 21 51 69 -33 21 -83 -83 -89 -79 70 -4 8 24 -41 18 66 16 22 -37 84 -1 76 17 -77 -6 -32 -38 94 51 57 41 81 70 55 13 19 52 16 -91 90 38 -100 -81 -7 88 53 9 -35 71 -80 95 22 97 -11 -62 81 -56 -97 12 15 83 86 -45 -82 93 -96 -65 19 73 -66 74 5 -9 55 62 20 12 48 1 -42 
-46 -37 -72 -8 -70 -2 52 77 -88 68 90 -29 63 58 -3 -90 12 34 28 -25 -78 37 -19 10 61 -7 77 -2 32 42 -65 15 23 47 -98 93 -45 -55 65 -67 -35 62 -12 26 83 81 -15 79 16 -85 -45 38 11 15 73 -12 -79 -24 92 71 1 23 -93 -94 -19 82 22 -39 -8 12 58 -73 31 -92 15 10 30 72 -25 87 -65 63 -33 -30 -35 -61 -86 16 4 86 93 61 39 0 -18 
77 -43 6 71 -50 -29 49 -7 -26 30 47 79 -42 97 -15 86 -61 15 -76 -95 -82 78 -96 65 68 -9 78 2 -70 -34 51 39 57 71 44 -87 61 86 -34 -55 89 4 -26 15 -67 -40 15 -98 -63 94 54 -36 -16 69 -7 29 99 -9 37 74 -10 -75 -29 -5 -68 -62 19 -26 98 19 97 89 -68 -15 -1 -98 97 -59 -85 -3 -9 -75 -70 41 -54 -5 -28 35 92 57 23 -20 25 -5 -62 
-84 99 20 -88 -90 76 39 -88 -38 -23 -25 0 -66 68 84 98 -25 -3 -21 51 -57 -65 73 59 -8 24 -71 58 17 -36 31 28 -84 75 -41 -79 -81 56 16 20 -69 -88 3 38 -91 -59 -89 87 -23 28 59 -77 -59 -95 5 -72 14 92 -25 -43 52 -24 60 -54 -78 -91 -86 70 34 26 100 -92 32 -83 -49 -78 38 -64 -85 -81 78 70 8 -60 -77 -84 62 32 -63 62 -4 7 -66 49 -58 
62 -8 -14 73 -85 92 15 27 -28 -40 -74 -92 -58 -73 -53 -46 -59 23 -59 41 -63 36 0 73 -44 93 84 89 -25 -91 0 -56 -41 52 -79 -80 -92 14 -100 -62 91 -54 -39 -10 89 65 -15 42 92 18 -99 -50 -58 -55 48 -28 -48 81 -82 72 83 -12 78 -25 -13 -23 -74 -67 48 47 49 74 -19 74 1 31 -56 -14 19 -44 48 -37 -68 -98 60 -77 81 0 -52 49 88 68 50 -39 76 
-17 27 40 -9 -19 88 2 -97 73 7 -75 22 -48 77 100 5 67 -97 -76 -24 41 94 55 -65 -34 -21 63 -16 48 47 -60 -97 -28 60 -87 -6 1 92 31 97 11 61 -59 -18 53 82 36 -79 -50 7 15 83 44 6 20 -60 57 61 44 -47 -71 -18 80 67 20 55 86 37 29 94 -17 -84 -9 4 -64 -35 -38 -64 -93 -70 16 24 -44 16 -13 9 1 100 -85 73 -59 93 43 41 69 
-51 18 5 21 93 10 -8 -97 -1 -87 84 -66 22 34 -38 43 7 72 25 98 32 -48 7 -90 -78 65 83 75 -45 1 5 24 62 21 26 -51 -60 -41 -32 64 18 4 -57 -76 -79 -14 -68 -70 -61 56 42 -79 95 49 -100 -54 60 -53 -59 -43 43 -20 -19 -15 -67 10 63 41 9 2 -25 77 -45 26 75 14 -46 92 49 -11 -53 93 94 -44 31 83 9 17 85 -92 9 -7 -60 59 -44 
19 -72 11 14 9 6 -32 2 61 68 -58 61 -86 -4 -35 58 -55 21 -19 -62 18 66 79 -98 40 34 -97 55 55 -64 -24 60 25 0 -59 -57 -46 57 13 69 -84 -65 21 5 -21 8 -55 -6 89 32 -47 -12 12 46 7 87 23 -65 -56 37 -17 50 -22 57 49 -78 -47 27 29 84 -53 -17 -86 -97 31 -45 62 -37 -27 -96 85 -43 -43 59 74 51 20 -81 -48 55 14 -89 -30 -24 -49 
1 -52 -88 2 39 -49 -16 -17 88 53 -92 83 60 85 -92 -28 1 -36 82 -82 -26 -95 -69 74 15 22 24 -70 15 7 -3 -13 -40 -88 -80 -34 -46 -13 60 48 -35 -94 50 18 78 -24 49 73 0 -29 14 25 -44 10 45 -72 32 -29 -61 25 27 26 -81 37 -51 -54 66 91 59 25 39 -81 82 11 -64 85 -90 17 12 -21 -65 -13 -79 -12 -23 -82 12 75 58 -87 46 -83 -39 -47 7 
-6 3 42 0 34 24 -24 1 8 -57 38 -60 16 92 5 95 44 56 -86 -57 26 39 13 -73 40 -88 67 -19 -96 29 99 -93 -38 95 73 -48 -67 23 18 -1 -18 89 -5 22 -6 -98 -18 -11 29 55 -69 -38 -24 69 -51 31 28 -35 -22 66 1 89 63 20 -83 35 -21 2 84 81 -45 72 -68 -7 28 -45 -88 90 27 -73 22 77 -35 -96 80 -61 -83 -7 70 -43 8 98 -57 -34 34 
49 -11 34 -27 -4 -27 60 -66 -83 24 -40 41 -70 -66 -42 9 26 -59 -46 -16 3 -55 8 -95 56 -72 89 -52 -56 87 3 -51 60 -11 -11 -23 -66 -65 72 18 2 -55 77 -30 10 -64 -76 -39 -66 -53 33 95 40 -18 -16 -47 38 57 78 3 -59 29 85 -59 65 69 -22 92 99 -34 -17 66 26 43 -3 -21 -42 58 86 12 89 -56 -35 27 -57 14 -46 -94 51 -98 6 5 33 69 47 
-49 -89 61 86 97 -46 -53 94 76 78 1 -46 52 -28 86 -45 88 -33 -20 99 -31 -30 -38 -7 -93 -85 -69 -41 44 -74 -66 -44 -65 0 7 -17 76 -55 -59 13 80 52 -95 -9 -39 -14 34 -41 -31 -100 46 28 -23 0 -36 -67 -4 -42 31 2 80 -69 17 73 -73 11 -76 -12 -21 58 89 3 -49 -10 59 15 86 -69 -25 52 -23 40 21 -4 -98 47 51 -80 91 -55 43 -21 -32 -84 58 
82 0 48 94 -16 -95 -73 -73 -25 18 0 22 -64 -2 70 0 -1 58 75 15 63 85 -2 71 -28 -74 -52 28 25 -78 -46 -14 -33 30 53 1 17 -74 75 -84 -56 -66 -5 -85 14 55 -72 -60 16 93 -96 56 -91 -38 -32 -34 28 79 -51 -53 85 32 75 83 -54 63 82 93 48 28 73 83 1 61 -52 41 -1 9 13 19 -68 -38 19 -74 72 -48 20 42 -54 -7 -74 92 97 -74 65 
24 -4 -17 -99 36 -12 94 -58 -32 31 -99 -12 61 -75 21 62 7 11 -10 -21 -100 -95 -59 -88 53 55 3 -18 12 -12 92 24 55 94 -71 -47 -6 -62 57 41 0 100 -100 96 -46 -97 -11 43 11 -55 -69 50 -84 -17 8 -38 66 -65 -7 49 60 -18 27 -35 -97 0 72 -75 8 -94 -6 72 16 -54 -53 -8 32 61 -61 36 -30 5 -56 45 15 -32 -8 78 -3 -87 -86 -11 -25 71 8 
-27 -39 8 -70 -45 -65 -61 -64 -17 -89 84 82 -65 -34 -20 -21 -49 34 15 -91 15 4 24 -100 -40 -72 -57 -64 66 -69 87 97 -96 12 72 -47 34 54 -78 -31 95 35 56 -26 -46 41 93 49 92 -10 -19 29 52 84 -50 70 34 91 -15 -47 19 30 5 0 -97 77 -35 38 41 -77 97 60 -90 64 -38 -55 -13 -31 67 58 -54 -64 -53 24 -67 68 -50 99 77 -15 35 -74 -93 -50 -7 
-80 -52 54 -27 -84 -68 1 -100 66 -91 27 80 7 -90 13 -55 -42 85 -54 53 63 -64 97 -70 -54 96 -86 91 -67 -48 -43 -70 -30 21 -74 -9 -69 59 -70 16 -36 -24 4 0 100 -69 93 37 -56 71 -78 -79 37 -57 -53 -20 -46 97 -95 28 -49 -50 50 34 68 -43 66 83 70 39 68 53 -20 -51 -79 -23 -47 7 -18 51 59 -13 5 46 -83 -43 -49 86 25 -4 -62 -92 41 90 81 
-50 93 -35 4 -69 -8 -46 45 27 -27 73 -72 -72 88 -74 1 -17 -93 77 68 -42 -90 70 43 11 83 88 -79 -49 -68 -18 -38 -41 -13 82 46 49 26 -38 -84 34 18 56 72 50 -62 -14 0 -91 -59 93 4 -5 38 -63 -31 81 82 34 72 -75 -9 -47 34 -64 56 88 -94 89 44 -26 -11 12 -40 88 -8 82 29 15 20 -40 -6 68 -34 -56 80 49 -12 23 -97 28 -62 18 99 -60 
37 -22 60 70 -11 -98 -39 -4 36 -100 56 -83 76 98 -48 40 -83 -81 80 -61 -8 97 26 19 -30 61 -97 24 -65 27 -46 -95 83 45 -77 37 -68 67 -32 -56 -3 -59 -73 26 -71 85 69 12 8 -4 14 -50 75 69 48 -89 -65 18 -11 -64 -36 -42 -46 55 -72 -95 -33 -68 99 -62 -19 -82 67 75 75 -26 55 47 -100 67 16 -82 -26 46 -14 33 -17 -64 56 -33 -48 65 48 69 -66 
